 	cell	area	x	y	BFI_lev_b1	BFI_lev_b2	BFI_lev_b3	BFI_lev_b4	BFI_lev_b5	BFO_lev_b1	BFO_lev_b2	BFO_lev_b3	BFO_lev_b4	BFO_lev_b5	GFP_int_mean	GFP_int_b0	GFP_int_b1	GFP_int_b2	GFP_int_b3	GFP_int_b4	GFP_int_b5	GFP_int_b6	GFP_int_b7	GFP_int_b8	GFP_int_b9	GFP_int_b10	RFP_int_mean	RFP_int_b0	RFP_int_b1	RFP_int_b2	RFP_int_b3	RFP_int_b4	RFP_int_b5	RFP_int_b6	RFP_int_b7	RFP_int_b8	RFP_int_b9	RFP_int_b10	inGFPnfoci	f1_inGFParea	f1_inGFPx	f1_inGFPy	f2_inGFParea	f2_inGFPx	f2_inGFPy	f1_inGFP_toGFPmed	f1_inGFP_toGFPmean	f2_inGFP_toGFPmed	f2_inGFP_toGFPmean	f1_inGFP_toRFPmed	f1_inGFP_toRFPmean	f2_inGFP_toRFPmed	f2_inGFP_toRFPmean	inRFPnfoci	f1_inRFParea	f1_inRFPx	f1_inRFPy	f2_inRFParea	f2_inRFPx	f2_inRFPy	f1_inRFP_toGFPmed	f1_inRFP_toGFPmean	f2_inRFP_toGFPmed	f2_inRFP_toGFPmean	f1_inRFP_toRFPmed	f1_inRFP_toRFPmean	f2_inRFP_toRFPmed	f2_inRFP_toRFPmean
1	1	2024	583.172	79.211	362	595	549	376	99	328	673	618	281	82	114.619	138	125	122	119	116	114	112	110	108	105	99	189.721	300	249	233	217	203	189	176	163	148	129	104	0	0	0.000	0.000	0	0	0	0	0	0	0	0	0	0	0	0	0	0.000	0.000	0	0	0	0	0	0	0	0	0	0	0
2	2	1660	933.165	76.100	269	551	518	242	45	161	600	623	182	74	1088.616	16849	1714	661	525	483	452	415	370	328	253	115	222.333	2013	303	176	161	154	148	142	136	129	119	99	1	110	940.046	74.466	0	0	0	8032	0	0	0	1068	0	0	0	1	116	939.720	74.143	0	0	0	7850	0	0	0	989	0	0	0
3	3	1996	664.996	87.151	326	614	719	278	16	250	500	776	321	110	810.414	4557	1152	1062	961	870	772	697	626	536	359	138	151.868	461	181	171	162	154	147	142	136	130	116	101	1	25	668.799	91.832	0	0	0	2985	0	0	0	320	0	0	0	1	31	668.744	92.933	0	0	0	2717	0	0	0	329	0	0	0
4	4	953	1536.388	90.101	148	313	306	143	21	115	264	357	163	34	140.952	174	160	155	152	148	143	137	133	127	119	100	218.381	294	270	257	248	239	228	214	199	181	149	105	0	0	0.000	0.000	0	0	0	0	0	0	0	0	0	0	0	0	0	0.000	0.000	0	0	0	0	0	0	0	0	0	0	0
5	5	2118	1586.279	96.815	317	647	710	388	28	250	742	694	322	70	143.161	189	167	160	155	149	144	140	134	127	115	98	221.863	326	292	275	258	242	224	209	192	173	141	104	0	0	0.000	0.000	0	0	0	0	0	0	0	0	0	0	0	0	0	0.000	0.000	0	0	0	0	0	0	0	0	0	0	0
6	6	1125	314.255	96.471	571	311	143	48	28	597	289	140	64	16	248.374	807	335	292	272	251	234	218	193	168	140	108	226.524	920	300	246	226	212	200	189	173	157	130	102	1	38	319.763	91.538	0	0	0	682	0	0	0	697	0	0	0	1	66	319.051	89.560	0	0	0	484	0	0	0	640	0	0	0
7	7	2713	363.290	114.650	458	779	790	528	122	500	913	766	387	96	468.202	896	677	607	555	509	471	434	400	329	223	120	117.416	150	131	127	123	119	116	114	111	108	106	98	0	0	0.000	0.000	0	0	0	0	0	0	0	0	0	0	0	0	0	0.000	0.000	0	0	0	0	0	0	0	0	0	0	0
8	8	1265	267.749	106.902	510	356	282	85	20	342	358	327	183	32	276.882	2479	387	305	269	243	224	207	184	157	133	103	269.232	3283	397	243	211	196	182	169	154	138	124	103	1	45	268.638	104.079	0	0	0	1326	0	0	0	1708	0	0	0	1	55	268.739	104.404	0	0	0	1053	0	0	0	1454	0	0	0
9	9	1607	902.954	120.203	252	522	572	207	29	158	516	557	235	106	134.668	169	152	146	143	139	135	132	128	124	117	101	153.241	203	181	172	165	159	155	148	142	135	124	102	0	0	0.000	0.000	0	0	0	0	0	0	0	0	0	0	0	0	0	0.000	0.000	0	0	0	0	0	0	0	0	0	0	0
10	10	2796	603.363	135.252	620	974	880	247	32	551	1035	847	276	31	116.070	138	125	122	120	118	116	115	113	111	107	99	267.000	478	368	324	302	285	268	252	232	206	155	107	0	0	0.000	0.000	0	0	0	0	0	0	0	0	0	0	0	0	0	0.000	0.000	0	0	0	0	0	0	0	0	0	0	0
11	11	1614	1048.156	133.378	303	612	381	267	25	283	550	393	253	102	1190.612	2130	1720	1569	1442	1328	1208	1087	996	869	606	137	284.113	415	367	347	328	308	289	273	253	228	183	107	0	0	0.000	0.000	0	0	0	0	0	0	0	0	0	0	0	0	0	0.000	0.000	0	0	0	0	0	0	0	0	0	0	0
12	12	949	937.077	149.258	246	297	215	149	27	124	223	259	219	111	124.354	151	135	131	129	127	125	123	121	117	113	100	134.970	176	151	146	143	140	137	134	130	125	114	100	0	0	0.000	0.000	0	0	0	0	0	0	0	0	0	0	0	0	0	0.000	0.000	0	0	0	0	0	0	0	0	0	0	0
13	13	1986	1539.069	164.539	458	663	552	238	43	453	941	408	126	26	500.291	10898	439	330	314	297	280	259	234	195	152	104	171.884	1270	178	166	162	156	149	143	136	126	112	96	1	77	1523.810	161.142	0	0	0	5065	0	0	0	698	0	0	0	1	76	1523.718	160.941	0	0	0	5208	0	0	0	709	0	0	0
14	14	1867	1775.859	165.895	278	416	616	438	92	201	554	684	300	99	495.515	10428	568	318	296	275	248	219	197	180	159	115	417.340	1710	630	554	489	427	373	328	287	254	215	131	1	79	1767.419	156.649	0	0	0	4476	0	0	0	869	0	0	0	1	46	1768.603	156.950	0	0	0	6539	0	0	0	1303	0	0	0
15	15	1705	1598.776	169.328	255	528	472	365	56	113	515	617	282	151	415.855	3993	542	449	414	384	360	336	308	277	207	117	162.443	760	188	171	164	158	152	146	141	134	122	104	1	44	1589.173	167.429	0	0	0	2166	0	0	0	465	0	0	0	1	42	1589.592	166.958	0	0	0	2173	0	0	0	473	0	0	0
16	16	1255	685.024	168.358	183	287	441	259	66	103	292	517	222	104	259.547	386	340	315	296	281	270	258	241	211	147	105	142.796	185	165	158	153	148	144	141	137	130	115	101	0	0	0.000	0.000	0	0	0	0	0	0	0	0	0	0	0	0	0	0.000	0.000	0	0	0	0	0	0	0	0	0	0	0
17	17	1759	94.852	172.267	167	460	668	381	49	169	559	711	251	35	474.005	8639	523	350	315	294	272	253	236	211	171	104	202.227	779	237	223	210	200	192	184	174	162	142	103	1	74	87.341	161.309	0	0	0	4174	0	0	0	400	0	0	0	1	49	89.105	160.674	0	0	0	2810	0	0	0	552	0	0	0
18	18	2055	807.619	180.441	497	768	603	135	17	323	622	706	302	61	281.829	5781	284	250	232	222	210	200	186	169	138	101	196.469	702	240	223	214	206	197	187	172	159	131	102	1	46	787.558	173.955	0	0	0	2770	0	0	0	414	0	0	0	1	28	788.074	173.943	0	0	0	3775	0	0	0	531	0	0	0
19	19	1869	1830.448	182.619	315	537	613	354	26	200	467	703	335	123	355.582	5135	419	346	317	297	281	264	243	211	170	111	169.554	1009	191	175	168	163	158	153	146	137	124	103	1	48	1828.456	179.332	0	0	0	2331	0	0	0	379	0	0	0	1	44	1826.965	180.633	0	0	0	1686	0	0	0	583	0	0	0
20	20	2200	637.298	200.986	353	825	730	233	18	247	766	709	344	96	865.763	15789	1080	522	416	364	337	314	289	251	200	118	209.502	1677	260	192	174	166	159	153	146	136	123	102	1	128	634.502	200.214	0	0	0	7751	0	0	0	861	0	0	0	1	127	634.713	199.864	0	0	0	7565	0	0	0	861	0	0	0
21	21	1908	1735.251	205.982	365	417	555	434	102	326	624	607	267	49	282.770	403	369	356	339	315	293	273	246	214	168	113	469.430	704	654	626	579	528	491	444	392	326	233	129	0	0	0.000	0.000	0	0	0	0	0	0	0	0	0	0	0	0	0	0.000	0.000	0	0	0	0	0	0	0	0	0	0	0
22	22	1133	894.071	198.853	462	408	173	62	10	391	451	227	40	6	108.588	133	116	114	112	110	108	107	105	103	101	95	440.658	823	669	617	572	516	468	417	358	216	136	105	0	0	0.000	0.000	0	0	0	0	0	0	0	0	0	0	0	0	0	0.000	0.000	0	0	0	0	0	0	0	0	0	0	0
23	23	2305	473.866	223.046	522	742	670	293	31	757	1032	427	24	9	2000.724	25406	4212	939	567	466	393	352	321	288	240	142	644.475	8141	1361	364	246	211	191	177	167	157	144	112	1	257	473.294	227.926	0	0	0	12674	0	0	0	3593	0	0	0	1	236	473.362	227.752	0	0	0	14189	0	0	0	3918	0	0	0
24	24	2118	1451.186	213.675	424	548	559	450	104	381	795	542	298	60	689.634	10742	961	447	371	328	295	260	224	190	152	106	442.086	4228	623	416	377	337	299	264	232	194	157	110	1	134	1446.734	209.140	0	0	0	5570	0	0	0	2220	0	0	0	1	128	1447.066	208.050	0	0	0	5296	0	0	0	2423	0	0	0
25	25	1972	107.738	225.337	452	547	642	238	40	418	674	616	202	16	395.897	631	559	527	486	439	397	356	324	291	221	109	165.350	227	206	196	185	174	163	156	148	140	126	103	0	0	0.000	0.000	0	0	0	0	0	0	0	0	0	0	0	0	0	0.000	0.000	0	0	0	0	0	0	0	0	0	0	0
26	26	1950	660.312	259.697	600	504	582	219	17	543	638	451	235	52	116.623	155	129	125	122	119	116	113	111	108	105	94	289.350	537	423	390	353	325	283	252	227	195	152	105	0	0	0.000	0.000	0	0	0	0	0	0	0	0	0	0	0	0	0	0.000	0.000	0	0	0	0	0	0	0	0	0	0	0
27	27	1577	1630.545	266.214	626	519	305	88	20	642	542	251	89	27	179.889	276	224	210	203	194	185	174	163	145	121	101	122.767	148	135	131	129	126	124	122	119	114	107	98	0	0	0.000	0.000	0	0	0	0	0	0	0	0	0	0	0	0	0	0.000	0.000	0	0	0	0	0	0	0	0	0	0	0
28	28	1828	1680.858	267.035	275	641	592	279	20	286	563	574	326	45	440.078	10104	475	249	210	191	182	173	165	154	139	106	186.101	1340	225	183	168	161	156	150	142	133	122	102	1	74	1682.699	278.017	0	0	0	4474	0	0	0	734	0	0	0	1	74	1682.490	277.085	0	0	0	3786	0	0	0	743	0	0	0
29	29	1739	1346.554	266.029	443	511	567	177	22	453	745	404	103	6	109.861	130	119	116	114	112	109	107	105	103	102	91	107.566	129	115	112	109	108	106	105	104	103	102	96	0	0	0.000	0.000	0	0	0	0	0	0	0	0	0	0	0	0	0	0.000	0.000	0	0	0	0	0	0	0	0	0	0	0
30	30	1482	1730.883	262.644	233	312	466	357	85	187	532	465	225	47	218.363	293	264	256	247	239	226	212	198	180	156	124	181.318	240	216	210	204	196	186	176	165	152	136	109	0	0	0.000	0.000	0	0	0	0	0	0	0	0	0	0	0	0	0	0.000	0.000	0	0	0	0	0	0	0	0	0	0	0
31	31	2324	1471.535	275.679	363	549	790	511	76	392	1243	429	216	13	234.703	366	305	286	272	257	243	229	207	179	146	107	262.540	414	361	338	307	282	264	244	225	194	155	106	0	0	0.000	0.000	0	0	0	0	0	0	0	0	0	0	0	0	0	0.000	0.000	0	0	0	0	0	0	0	0	0	0	0
32	32	2376	466.605	274.510	464	769	739	310	47	483	987	634	200	24	1428.146	2472	2046	1903	1774	1655	1537	1397	1218	927	565	172	240.415	363	306	293	280	268	255	237	215	184	146	102	0	0	0.000	0.000	0	0	0	0	0	0	0	0	0	0	0	0	0	0.000	0.000	0	0	0	0	0	0	0	0	0	0	0
33	33	1540	1528.255	279.801	226	390	413	352	132	221	593	413	221	61	111.789	129	119	116	115	113	112	110	109	107	105	97	106.599	118	111	109	108	107	106	106	105	104	103	98	0	0	0.000	0.000	0	0	0	0	0	0	0	0	0	0	0	0	0	0.000	0.000	0	0	0	0	0	0	0	0	0	0	0
34	34	675	1502.606	315.926	111	138	153	181	80	105	282	155	107	13	111.250	123	118	116	114	113	112	110	109	107	104	99	105.323	114	109	108	107	106	105	105	104	103	102	97	0	0	0.000	0.000	0	0	0	0	0	0	0	0	0	0	0	0	0	0.000	0.000	0	0	0	0	0	0	0	0	0	0	0
35	35	1141	1684.732	323.731	236	324	292	231	44	143	275	287	247	170	232.358	347	306	284	265	244	229	215	203	189	160	116	211.117	298	270	248	231	220	209	201	191	175	158	118	0	0	0.000	0.000	0	0	0	0	0	0	0	0	0	0	0	0	0	0.000	0.000	0	0	0	0	0	0	0	0	0	0	0
36	36	696	1841.745	316.489	82	256	214	105	32	63	283	236	81	18	285.036	406	361	342	325	306	286	268	253	236	209	130	162.467	207	188	182	176	170	164	158	152	146	134	107	0	0	0.000	0.000	0	0	0	0	0	0	0	0	0	0	0	0	0	0.000	0.000	0	0	0	0	0	0	0	0	0	0	0
37	37	2259	1885.212	334.965	579	776	648	183	26	573	846	608	148	41	369.228	4190	456	399	363	335	315	301	277	245	212	116	183.794	882	219	198	188	181	174	167	159	149	139	108	1	41	1896.253	331.909	0	0	0	2229	0	0	0	518	0	0	0	1	41	1896.600	332.633	0	0	0	2229	0	0	0	568	0	0	0
38	38	1721	1825.596	357.939	258	445	577	334	71	195	510	560	321	104	406.328	5950	476	383	347	324	309	296	275	240	181	114	197.392	1207	232	208	195	187	181	175	165	152	129	103	1	49	1818.298	357.641	0	0	0	2906	0	0	0	575	0	0	0	1	44	1818.232	358.592	0	0	0	2981	0	0	0	705	0	0	0
39	39	2318	1693.030	379.785	227	523	860	514	154	196	711	899	379	80	547.668	12394	572	331	296	272	250	232	214	198	171	102	266.985	2061	322	281	260	240	226	212	196	180	150	102	1	95	1700.085	380.622	0	0	0	5903	0	0	0	1064	0	0	0	1	86	1700.295	380.149	0	0	0	6260	0	0	0	1142	0	0	0
40	40	504	1495.251	386.435	190	128	109	52	16	125	99	123	113	37	131.407	173	155	148	142	135	131	126	120	115	109	100	358.567	606	537	488	448	410	382	343	288	210	137	108	0	0	0.000	0.000	0	0	0	0	0	0	0	0	0	0	0	0	0	0.000	0.000	0	0	0	0	0	0	0	0	0	0	0
41	41	1513	1529.027	399.800	619	506	304	56	7	464	482	370	147	26	137.263	210	174	155	146	141	135	130	124	115	107	96	436.820	1095	808	651	561	493	396	326	267	189	122	101	0	0	0.000	0.000	0	0	0	0	0	0	0	0	0	0	0	0	0	0.000	0.000	0	0	0	0	0	0	0	0	0	0	0
42	42	2158	239.072	412.794	359	667	767	291	37	267	602	796	376	78	112.749	130	120	118	116	115	113	112	110	108	105	96	237.260	356	311	293	279	259	237	218	204	187	160	100	0	0	0.000	0.000	0	0	0	0	0	0	0	0	0	0	0	0	0	0.000	0.000	0	0	0	0	0	0	0	0	0	0	0
43	43	1510	1251.147	412.205	237	337	458	362	89	236	442	507	223	79	115.084	135	123	121	119	117	115	114	112	109	106	96	137.470	175	159	153	148	143	138	133	128	123	115	100	0	0	0.000	0.000	0	0	0	0	0	0	0	0	0	0	0	0	0	0.000	0.000	0	0	0	0	0	0	0	0	0	0	0
44	44	2016	635.896	427.383	427	553	599	338	66	382	895	471	205	36	1160.826	20307	1773	564	404	360	323	288	259	231	193	125	313.800	3840	445	212	186	174	164	155	147	138	126	100	1	150	636.508	431.504	0	0	0	9157	0	0	0	1881	0	0	0	1	148	636.460	431.116	0	0	0	9169	0	0	0	1898	0	0	0
45	45	2072	1106.331	430.613	370	755	633	243	35	181	711	802	284	56	2002.690	14260	2961	2508	2264	1958	1670	1421	1201	1013	781	166	355.885	3502	472	371	341	308	277	244	217	195	168	108	1	72	1104.137	427.378	0	0	0	8863	0	0	0	2029	0	0	0	1	81	1104.282	426.943	0	0	0	8421	0	0	0	1885	0	0	0
46	46	1065	1004.166	445.877	147	289	320	242	44	127	282	308	260	62	1713.905	2674	2407	2150	2016	1929	1814	1672	1508	1229	882	339	266.246	382	343	323	307	292	278	263	240	211	164	114	0	0	0.000	0.000	0	0	0	0	0	0	0	0	0	0	0	0	0	0.000	0.000	0	0	0	0	0	0	0	0	0	0	0
47	47	1007	613.336	464.527	87	284	356	195	56	145	389	340	100	14	303.259	466	403	379	357	334	308	280	253	227	198	113	161.087	213	192	184	177	170	163	155	147	138	128	106	0	0	0.000	0.000	0	0	0	0	0	0	0	0	0	0	0	0	0	0.000	0.000	0	0	0	0	0	0	0	0	0	0	0
48	48	2279	488.956	483.058	1647	357	137	97	21	1528	326	217	105	83	103.269	119	106	105	104	104	103	103	102	101	100	96	102.597	111	105	104	104	103	103	102	102	101	100	94	0	0	0.000	0.000	0	0	0	0	0	0	0	0	0	0	0	0	0	0.000	0.000	0	0	0	0	0	0	0	0	0	0	0
49	49	1929	1441.186	496.176	168	514	674	479	60	216	738	636	260	40	104.289	114	108	107	106	105	104	103	103	102	101	97	120.323	147	132	128	125	122	120	117	115	113	110	101	0	0	0.000	0.000	0	0	0	0	0	0	0	0	0	0	0	0	0	0.000	0.000	0	0	0	0	0	0	0	0	0	0	0
50	50	1948	121.677	503.543	388	523	501	424	74	432	544	497	369	79	339.787	5649	365	291	272	262	251	238	225	210	179	112	231.347	632	284	261	249	238	229	218	208	194	163	105	1	54	127.536	505.572	0	0	0	2489	0	0	0	421	0	0	0	1	17	127.187	503.341	0	0	0	2144	0	0	0	570	0	0	0
51	51	1743	172.973	512.083	310	580	573	213	39	265	538	597	282	34	372.914	5606	411	360	333	311	289	270	252	225	180	112	268.744	699	342	323	304	288	271	255	237	213	169	111	1	47	163.217	515.285	0	0	0	2543	0	0	0	487	0	0	0	0	0	0.000	0.000	0	0	0	0	0	0	0	0	0	0	0
52	52	1986	1413.234	547.476	377	540	511	412	114	479	801	445	200	24	109.891	124	117	114	113	111	110	108	107	105	103	97	132.176	178	157	148	140	134	129	126	122	117	112	101	0	0	0.000	0.000	0	0	0	0	0	0	0	0	0	0	0	0	0	0.000	0.000	0	0	0	0	0	0	0	0	0	0	0
53	53	1222	498.128	560.677	206	382	438	145	26	208	618	302	63	11	474.723	7227	622	436	385	345	306	276	254	227	187	116	214.365	1190	267	233	216	202	189	179	169	153	130	106	1	48	502.479	563.167	0	0	0	3164	0	0	0	685	0	0	0	1	44	502.777	562.888	0	0	0	3458	0	0	0	723	0	0	0
54	54	1434	1795.728	580.260	227	298	451	292	124	179	428	494	224	87	145.082	186	165	160	156	151	146	141	137	131	123	103	156.475	212	184	177	169	163	157	150	144	138	129	104	0	0	0.000	0.000	0	0	0	0	0	0	0	0	0	0	0	0	0	0.000	0.000	0	0	0	0	0	0	0	0	0	0	0
55	55	2090	611.346	587.612	293	473	794	422	61	223	689	797	266	60	357.298	552	483	450	421	394	368	337	308	269	211	121	191.589	267	239	228	217	205	196	186	175	157	131	102	0	0	0.000	0.000	0	0	0	0	0	0	0	0	0	0	0	0	0	0.000	0.000	0	0	0	0	0	0	0	0	0	0	0
56	56	1996	1480.289	587.867	356	734	614	232	27	299	1002	461	162	35	752.423	14650	958	402	311	286	269	250	232	206	171	107	381.845	2753	487	379	358	342	323	297	263	222	173	114	1	125	1490.147	589.583	0	0	0	6587	0	0	0	1407	0	0	0	1	101	1489.870	588.981	0	0	0	7691	0	0	0	1712	0	0	0
57	57	1975	1163.171	617.707	757	969	182	18	12	490	920	406	99	24	113.534	137	124	120	117	115	113	111	109	107	104	98	236.370	374	320	300	282	266	251	229	200	165	124	102	0	0	0.000	0.000	0	0	0	0	0	0	0	0	0	0	0	0	0	0.000	0.000	0	0	0	0	0	0	0	0	0	0	0
58	58	1531	377.476	622.701	231	324	551	332	68	221	568	452	179	78	1005.276	1704	1499	1380	1265	1155	1035	925	820	653	408	157	180.824	248	226	214	205	196	186	174	162	147	126	103	0	0	0.000	0.000	0	0	0	0	0	0	0	0	0	0	0	0	0	0.000	0.000	0	0	0	0	0	0	0	0	0	0	0
59	59	2088	1763.609	628.880	457	604	564	334	98	447	763	488	299	54	152.402	206	174	168	163	158	154	150	145	137	124	99	164.147	220	192	184	178	172	166	161	155	144	130	105	0	0	0.000	0.000	0	0	0	0	0	0	0	0	0	0	0	0	0	0.000	0.000	0	0	0	0	0	0	0	0	0	0	0
60	60	526	1410.779	615.753	214	128	81	58	37	184	167	118	36	11	136.354	181	158	153	148	143	138	134	126	118	111	101	221.127	325	291	279	262	250	232	212	192	162	127	106	0	0	0.000	0.000	0	0	0	0	0	0	0	0	0	0	0	0	0	0.000	0.000	0	0	0	0	0	0	0	0	0	0	0
61	61	1060	1445.039	626.298	512	289	155	80	8	380	336	204	86	33	144.017	208	177	164	155	147	141	136	132	125	116	102	431.326	728	617	565	521	469	425	386	349	303	239	144	0	0	0.000	0.000	0	0	0	0	0	0	0	0	0	0	0	0	0	0.000	0.000	0	0	0	0	0	0	0	0	0	0	0
62	62	1508	1335.188	635.051	380	380	441	262	22	336	648	296	168	29	109.532	130	116	114	112	111	109	108	106	105	103	97	187.477	277	248	228	213	198	186	171	159	148	133	105	0	0	0.000	0.000	0	0	0	0	0	0	0	0	0	0	0	0	0	0.000	0.000	0	0	0	0	0	0	0	0	0	0	0
63	63	1827	1489.383	641.646	290	508	636	320	37	227	616	614	245	89	292.002	424	380	361	347	332	312	284	251	214	178	109	343.604	511	460	441	421	395	367	330	287	242	186	113	0	0	0.000	0.000	0	0	0	0	0	0	0	0	0	0	0	0	0	0.000	0.000	0	0	0	0	0	0	0	0	0	0	0
64	64	1825	333.306	650.136	487	616	546	133	14	347	653	489	245	53	717.191	1358	1109	968	879	807	748	666	553	445	292	132	153.542	214	191	181	173	165	157	147	137	124	109	97	0	0	0.000	0.000	0	0	0	0	0	0	0	0	0	0	0	0	0	0.000	0.000	0	0	0	0	0	0	0	0	0	0	0
65	65	1220	1555.953	651.682	315	341	267	191	89	322	415	229	153	78	277.871	2504	327	308	292	274	258	240	223	206	176	122	255.612	968	318	301	286	270	253	235	216	197	166	118	1	29	1546.400	640.207	0	0	0	1056	0	0	0	610	0	0	0	1	14	1546.043	640.063	0	0	0	1676	0	0	0	763	0	0	0
66	66	2194	542.640	656.417	288	550	735	455	123	226	776	804	300	45	1897.661	3330	2921	2731	2529	2270	2015	1711	1404	1049	635	199	162.151	247	211	193	180	170	161	151	140	131	119	100	0	0	0.000	0.000	0	0	0	0	0	0	0	0	0	0	0	0	0	0.000	0.000	0	0	0	0	0	0	0	0	0	0	0
67	67	1394	1289.624	655.771	282	302	495	247	52	232	423	409	220	89	107.866	119	113	111	110	109	108	107	106	105	103	95	179.547	237	214	205	198	192	185	178	171	158	131	105	0	0	0.000	0.000	0	0	0	0	0	0	0	0	0	0	0	0	0	0.000	0.000	0	0	0	0	0	0	0	0	0	0	0
68	68	1648	490.708	680.964	1213	346	33	17	13	1244	314	39	15	14	802.424	14657	1129	451	343	304	275	245	215	188	158	115	310.749	3959	443	235	208	191	176	162	148	137	125	106	1	100	492.302	684.173	0	0	0	7247	0	0	0	1857	0	0	0	1	102	492.174	683.788	0	0	0	7233	0	0	0	1857	0	0	0
69	69	2018	933.989	693.964	271	663	615	392	35	128	771	684	337	71	442.211	9019	497	369	332	312	293	272	245	219	184	115	183.312	1506	216	182	174	166	160	152	144	137	128	107	1	55	935.072	691.585	0	0	0	4429	0	0	0	807	0	0	0	1	54	934.959	691.232	0	0	0	4429	0	0	0	808	0	0	0
70	70	2136	571.008	709.059	330	333	723	529	169	243	446	954	281	166	2792.439	4646	4296	3991	3659	3290	2914	2472	2024	1580	1160	351	188.531	277	248	233	218	203	190	174	160	145	128	101	0	0	0.000	0.000	0	0	0	0	0	0	0	0	0	0	0	0	0	0.000	0.000	0	0	0	0	0	0	0	0	0	0	0
71	71	2229	1200.960	720.424	491	1093	531	67	13	327	806	726	297	31	456.364	11839	475	275	247	228	214	200	186	165	141	108	218.530	2522	238	204	194	185	176	167	157	143	127	104	1	77	1195.536	724.433	0	0	0	5594	0	0	0	1155	0	0	0	1	74	1195.488	724.531	0	0	0	5963	0	0	0	1227	0	0	0
72	72	1816	487.990	730.110	300	469	624	319	66	255	848	491	163	18	713.390	13373	885	436	347	319	300	276	249	224	190	116	250.395	2248	316	231	213	203	191	176	164	155	141	106	1	98	482.224	731.789	0	0	0	6317	0	0	0	1095	0	0	0	1	89	481.545	731.774	0	0	0	6830	0	0	0	1179	0	0	0
73	73	1756	1601.393	732.233	249	405	519	409	140	185	629	550	263	86	477.927	4716	578	534	490	450	424	397	358	305	250	157	170.308	631	197	187	179	173	166	160	152	141	127	103	1	41	1587.999	735.772	0	0	0	2421	0	0	0	222	0	0	0	1	35	1590.544	736.861	0	0	0	1230	0	0	0	426	0	0	0
74	74	2288	896.847	744.645	778	897	439	115	18	866	850	407	96	22	109.983	127	116	114	112	111	110	109	108	106	104	97	242.976	371	311	290	278	266	256	243	226	194	138	101	0	0	0.000	0.000	0	0	0	0	0	0	0	0	0	0	0	0	0	0.000	0.000	0	0	0	0	0	0	0	0	0	0	0
75	75	519	529.988	746.563	63	133	139	132	40	84	161	155	91	14	212.389	293	263	250	240	230	217	207	192	175	146	112	155.873	203	182	175	170	164	159	154	146	136	124	103	0	0	0.000	0.000	0	0	0	0	0	0	0	0	0	0	0	0	0	0.000	0.000	0	0	0	0	0	0	0	0	0	0	0
76	76	1327	946.522	754.960	211	332	406	335	27	138	327	376	338	129	267.414	379	332	310	296	281	265	252	239	227	207	148	155.017	199	178	172	166	160	154	149	144	140	134	111	0	0	0.000	0.000	0	0	0	0	0	0	0	0	0	0	0	0	0	0.000	0.000	0	0	0	0	0	0	0	0	0	0	0
77	77	1284	1478.562	788.062	137	296	449	312	70	141	346	440	259	67	575.955	882	770	720	682	632	593	548	503	441	353	157	169.015	218	197	188	181	177	171	166	159	148	136	115	0	0	0.000	0.000	0	0	0	0	0	0	0	0	0	0	0	0	0	0.000	0.000	0	0	0	0	0	0	0	0	0	0	0
78	78	1674	586.393	792.386	188	406	632	369	38	211	406	675	251	87	525.192	832	745	690	635	584	531	489	448	382	279	125	159.173	208	190	182	175	167	160	154	146	138	124	105	0	0	0.000	0.000	0	0	0	0	0	0	0	0	0	0	0	0	0	0.000	0.000	0	0	0	0	0	0	0	0	0	0	0
79	79	2768	1522.006	829.089	448	723	914	526	113	436	787	912	466	110	3410.051	20446	8623	3299	2685	2420	2138	1797	1439	1100	711	241	801.158	6737	2207	594	441	379	336	294	250	214	169	116	1	340	1522.324	829.207	0	0	0	14685	0	0	0	4063	0	0	0	1	381	1522.371	828.982	0	0	0	13473	0	0	0	3618	0	0	0
80	80	2687	379.633	836.125	480	768	880	451	53	477	974	848	296	47	684.227	13961	730	355	310	279	258	244	217	189	159	106	369.937	4432	447	308	279	259	244	225	200	174	150	106	1	145	372.580	831.571	0	0	0	6659	0	0	0	2219	0	0	0	1	145	372.580	831.571	0	0	0	6659	0	0	0	2219	0	0	0
81	81	1688	1270.249	836.229	311	603	539	191	12	150	624	544	256	73	258.959	5139	277	231	216	203	193	184	174	159	143	106	271.253	656	357	329	307	288	270	250	230	208	180	120	1	33	1259.088	846.782	0	0	0	2159	0	0	0	488	0	0	0	0	0	0.000	0.000	0	0	0	0	0	0	0	0	0	0	0
82	82	1695	1454.406	834.813	229	713	516	188	21	127	518	680	256	83	526.179	865	681	644	606	565	529	501	477	438	351	140	159.986	208	187	178	172	166	161	156	151	144	130	105	0	0	0.000	0.000	0	0	0	0	0	0	0	0	0	0	0	0	0	0.000	0.000	0	0	0	0	0	0	0	0	0	0	0
83	83	2117	609.556	849.846	324	554	687	436	91	284	664	699	327	100	553.063	942	764	706	653	609	569	519	464	403	315	115	161.565	220	192	184	178	171	164	156	148	140	127	102	0	0	0.000	0.000	0	0	0	0	0	0	0	0	0	0	0	0	0	0.000	0.000	0	0	0	0	0	0	0	0	0	0	0
84	84	1537	419.124	881.997	265	636	502	97	11	164	667	475	183	18	258.571	368	327	306	289	276	263	251	237	213	179	112	250.064	349	307	294	283	274	265	250	226	201	171	113	0	0	0.000	0.000	0	0	0	0	0	0	0	0	0	0	0	0	0	0.000	0.000	0	0	0	0	0	0	0	0	0	0	0
85	85	2144	349.738	888.586	574	701	498	265	73	469	866	482	232	50	564.324	9211	603	515	472	430	398	372	351	319	249	127	388.431	4290	449	388	360	335	320	300	280	253	204	119	1	64	334.213	888.212	0	0	0	4766	0	0	0	2019	0	0	0	1	66	334.594	887.305	0	0	0	3048	0	0	0	2112	0	0	0
86	86	3108	1511.254	896.973	566	655	1013	667	156	472	738	1042	626	171	2938.781	18399	3974	3450	3189	2968	2731	2516	2259	1911	1319	412	481.032	3892	618	527	484	456	430	403	370	324	242	129	1	64	1519.032	897.927	0	0	0	13135	0	0	0	2563	0	0	0	1	80	1518.493	897.097	0	0	0	11266	0	0	0	2317	0	0	0
87	87	672	1267.099	881.777	116	150	159	189	44	77	208	175	153	49	162.351	210	191	184	179	174	165	158	151	140	125	106	229.228	309	281	271	261	253	238	222	206	186	164	124	0	0	0.000	0.000	0	0	0	0	0	0	0	0	0	0	0	0	0	0.000	0.000	0	0	0	0	0	0	0	0	0	0	0
88	88	1548	1023.096	903.768	170	371	537	360	80	210	685	406	186	34	769.146	14022	1258	473	305	247	209	185	169	154	133	104	322.233	2339	501	340	288	257	234	214	195	176	156	114	1	106	1027.673	900.473	0	0	0	6147	0	0	0	1204	0	0	0	1	95	1026.492	899.928	0	0	0	5188	0	0	0	1315	0	0	0
89	89	1711	461.628	919.406	343	595	487	245	20	283	696	434	217	57	345.758	7127	371	248	221	210	199	192	182	172	148	106	161.667	724	179	170	165	160	155	151	146	137	121	100	1	59	467.896	914.771	0	0	0	3062	0	0	0	375	0	0	0	1	47	467.722	913.814	0	0	0	3200	0	0	0	442	0	0	0
90	90	1988	1131.688	924.723	358	592	763	223	19	251	665	707	269	58	133.572	175	150	144	141	138	135	132	128	122	114	99	218.774	348	280	261	247	236	226	217	200	174	137	101	0	0	0.000	0.000	0	0	0	0	0	0	0	0	0	0	0	0	0	0.000	0.000	0	0	0	0	0	0	0	0	0	0	0
91	91	1065	409.894	929.698	185	298	339	193	29	115	287	300	278	60	184.556	237	211	203	197	192	187	182	176	167	153	111	147.096	182	166	161	158	154	151	147	142	134	118	103	0	0	0.000	0.000	0	0	0	0	0	0	0	0	0	0	0	0	0	0.000	0.000	0	0	0	0	0	0	0	0	0	0	0
92	92	1024	1014.353	951.467	113	204	303	328	68	105	307	360	145	89	240.448	360	318	296	278	258	242	225	210	187	161	114	287.638	431	388	362	338	317	297	270	245	214	176	120	0	0	0.000	0.000	0	0	0	0	0	0	0	0	0	0	0	0	0	0.000	0.000	0	0	0	0	0	0	0	0	0	0	0
93	93	2104	731.098	974.354	798	697	447	119	6	621	702	502	200	48	119.233	149	130	127	125	123	121	118	115	111	105	95	563.030	954	806	747	687	638	594	546	470	368	253	120	0	0	0.000	0.000	0	0	0	0	0	0	0	0	0	0	0	0	0	0.000	0.000	0	0	0	0	0	0	0	0	0	0	0
94	94	1314	1167.684	968.912	204	393	446	229	19	150	404	369	259	97	137.352	169	155	150	146	143	139	135	131	126	115	97	231.689	344	300	286	269	254	237	219	205	189	143	105	0	0	0.000	0.000	0	0	0	0	0	0	0	0	0	0	0	0	0	0.000	0.000	0	0	0	0	0	0	0	0	0	0	0
95	95	1817	967.682	985.710	251	397	599	435	119	221	523	603	328	109	569.812	1004	870	768	674	606	556	500	445	389	328	139	104.854	127	109	107	106	105	105	104	103	102	101	96	0	0	0.000	0.000	0	0	0	0	0	0	0	0	0	0	0	0	0	0.000	0.000	0	0	0	0	0	0	0	0	0	0	0
96	96	2346	1336.342	995.801	576	897	623	195	26	460	986	561	252	40	1178.544	2288	1815	1550	1375	1240	1132	1024	910	802	686	276	211.222	359	277	252	232	219	207	196	185	172	157	108	0	0	0.000	0.000	0	0	0	0	0	0	0	0	0	0	0	0	0	0.000	0.000	0	0	0	0	0	0	0	0	0	0	0
97	97	1600	1516.641	1009.103	429	544	480	97	21	447	660	357	74	26	116.441	141	126	123	121	119	117	114	112	110	107	98	420.070	737	606	554	507	466	434	397	334	269	210	127	0	0	0.000	0.000	0	0	0	0	0	0	0	0	0	0	0	0	0	0.000	0.000	0	0	0	0	0	0	0	0	0	0	0
98	98	1302	1744.274	1006.931	359	557	286	71	10	354	625	198	82	27	108.147	120	112	111	110	109	108	107	106	105	104	97	336.611	459	414	402	391	380	366	338	304	263	214	126	0	0	0.000	0.000	0	0	0	0	0	0	0	0	0	0	0	0	0	0.000	0.000	0	0	0	0	0	0	0	0	0	0	0
99	99	2134	916.594	1019.936	447	614	650	343	40	404	695	592	342	54	592.582	958	818	764	729	697	648	592	520	418	227	115	106.903	123	113	111	109	107	106	105	104	103	102	94	0	0	0.000	0.000	0	0	0	0	0	0	0	0	0	0	0	0	0	0.000	0.000	0	0	0	0	0	0	0	0	0	0	0
100	100	969	1285.208	1016.212	109	202	336	268	37	106	209	315	206	117	1380.003	2236	1998	1883	1762	1636	1490	1352	1135	857	505	190	225.991	332	294	280	267	253	240	219	197	169	132	106	0	0	0.000	0.000	0	0	0	0	0	0	0	0	0	0	0	0	0	0.000	0.000	0	0	0	0	0	0	0	0	0	0	0
101	101	1077	1780.646	1033.341	878	166	11	9	2	624	352	53	16	14	111.922	142	124	120	117	113	110	108	106	104	102	96	132.700	199	166	156	147	138	131	122	113	108	104	96	0	0	0.000	0.000	0	0	0	0	0	0	0	0	0	0	0	0	0	0.000	0.000	0	0	0	0	0	0	0	0	0	0	0
102	102	518	958.276	1036.433	108	137	133	102	26	104	117	115	126	45	473.741	614	554	535	517	503	491	469	449	415	379	213	104.608	115	109	107	106	105	104	104	103	102	101	98	0	0	0.000	0.000	0	0	0	0	0	0	0	0	0	0	0	0	0	0.000	0.000	0	0	0	0	0	0	0	0	0	0	0
103	103	1403	720.609	1053.108	261	314	423	336	47	239	486	394	181	77	335.671	539	466	429	396	363	337	308	283	250	203	116	105.825	123	110	108	107	106	105	105	104	103	102	97	0	0	0.000	0.000	0	0	0	0	0	0	0	0	0	0	0	0	0	0.000	0.000	0	0	0	0	0	0	0	0	0	0	0
104	104	1212	1734.651	1050.583	377	326	325	139	16	375	407	273	109	25	237.938	413	322	277	261	250	239	227	210	189	151	111	106.346	123	111	109	108	107	106	105	104	103	102	97	0	0	0.000	0.000	0	0	0	0	0	0	0	0	0	0	0	0	0	0.000	0.000	0	0	0	0	0	0	0	0	0	0	0
105	105	1686	287.260	1124.535	126	578	597	315	40	101	593	623	275	71	1398.686	12571	1844	1387	1280	1145	1037	945	823	687	525	217	223.632	1562	269	207	195	187	178	169	159	146	134	107	1	85	286.213	1135.529	0	0	0	7179	0	0	0	959	0	0	0	1	99	286.796	1135.790	0	0	0	6819	0	0	0	863	0	0	0
106	106	1777	158.542	1124.228	278	403	626	361	70	282	684	555	201	15	440.356	647	576	540	517	495	471	443	414	343	231	126	156.038	200	179	173	169	165	161	156	150	138	123	101	0	0	0.000	0.000	0	0	0	0	0	0	0	0	0	0	0	0	0	0.000	0.000	0	0	0	0	0	0	0	0	0	0	0
107	107	638	327.756	1130.927	109	217	167	111	21	105	196	188	124	14	629.544	975	864	798	757	726	696	646	567	449	264	140	143.583	177	164	159	156	152	148	143	136	127	114	102	0	0	0.000	0.000	0	0	0	0	0	0	0	0	0	0	0	0	0	0.000	0.000	0	0	0	0	0	0	0	0	0	0	0
108	108	2105	1534.745	1164.336	340	685	577	381	78	264	731	645	356	74	670.851	13146	776	468	405	372	337	303	267	236	199	123	266.493	2470	316	258	240	228	215	200	182	166	150	113	1	92	1529.417	1165.893	0	0	0	6257	0	0	0	1211	0	0	0	1	91	1529.674	1166.060	0	0	0	6257	0	0	0	1211	0	0	0
109	109	1848	318.780	1173.844	252	345	700	425	96	231	714	612	211	48	1261.195	10848	1619	1434	1274	1164	1052	932	805	674	501	182	208.470	1610	245	206	194	182	172	163	153	142	131	107	1	66	312.213	1174.887	0	0	0	6714	0	0	0	917	0	0	0	1	76	311.680	1174.722	0	0	0	6016	0	0	0	857	0	0	0
110	110	2764	1292.489	1177.065	805	742	764	360	58	815	842	747	272	40	110.448	127	116	114	113	111	110	109	108	107	104	98	106.793	120	111	110	108	107	106	106	105	104	103	97	0	0	0.000	0.000	0	0	0	0	0	0	0	0	0	0	0	0	0	0.000	0.000	0	0	0	0	0	0	0	0	0	0	0
111	111	2145	268.621	1177.523	453	752	710	165	19	318	724	639	346	77	712.433	2627	1122	957	843	735	650	576	523	478	413	156	150.717	325	180	170	162	154	147	141	136	131	123	104	1	12	282.089	1183.107	0	0	0	2218	0	0	0	279	0	0	0	1	16	282.744	1182.071	0	0	0	1687	0	0	0	280	0	0	0
112	112	1816	698.517	1172.555	635	548	451	121	34	691	679	299	102	13	109.054	124	115	113	112	110	109	108	107	105	103	97	418.912	711	580	521	492	465	434	403	367	300	214	130	0	0	0.000	0.000	0	0	0	0	0	0	0	0	0	0	0	0	0	0.000	0.000	0	0	0	0	0	0	0	0	0	0	0
113	113	1871	827.806	1176.308	259	558	709	288	20	212	601	673	289	75	131.153	169	148	142	137	134	131	128	124	121	114	102	265.427	438	373	330	300	280	263	248	229	203	162	109	0	0	0.000	0.000	0	0	0	0	0	0	0	0	0	0	0	0	0	0.000	0.000	0	0	0	0	0	0	0	0	0	0	0
114	114	2115	1012.266	1181.423	387	712	717	220	38	371	834	596	237	32	1896.348	3869	2940	2621	2451	2249	1995	1702	1312	982	747	275	108.993	126	116	113	111	110	108	107	106	105	103	94	0	0	0.000	0.000	0	0	0	0	0	0	0	0	0	0	0	0	0	0.000	0.000	0	0	0	0	0	0	0	0	0	0	0
115	115	1422	1488.637	1192.776	261	315	434	321	69	237	585	341	204	33	523.582	6747	689	504	457	416	378	345	309	263	213	132	254.050	1381	333	285	263	248	231	212	195	174	151	113	1	52	1487.719	1185.438	0	0	0	3294	0	0	0	804	0	0	0	1	42	1488.612	1185.360	0	0	0	3294	0	0	0	899	0	0	0
116	116	1189	1343.366	1197.500	251	339	345	209	22	316	459	229	141	21	108.183	121	114	112	110	109	108	107	106	104	103	95	104.415	117	108	106	106	105	104	104	103	102	101	95	0	0	0.000	0.000	0	0	0	0	0	0	0	0	0	0	0	0	0	0.000	0.000	0	0	0	0	0	0	0	0	0	0	0
117	117	1632	1067.290	1206.205	213	324	512	466	91	160	387	652	286	113	2326.055	4119	3412	3084	2891	2664	2413	2149	1853	1479	1075	418	109.227	128	115	113	111	110	109	108	107	105	104	98	0	0	0.000	0.000	0	0	0	0	0	0	0	0	0	0	0	0	0	0.000	0.000	0	0	0	0	0	0	0	0	0	0	0
118	118	1134	1132.622	1227.601	245	312	300	199	63	229	403	318	135	31	115.489	147	128	123	120	117	115	112	110	107	105	97	251.802	424	368	333	300	271	248	225	206	176	133	101	0	0	0.000	0.000	0	0	0	0	0	0	0	0	0	0	0	0	0	0.000	0.000	0	0	0	0	0	0	0	0	0	0	0
119	119	1382	1299.337	1232.510	380	371	354	204	38	382	425	360	161	30	108.645	130	115	112	111	110	108	107	106	105	103	98	106.638	123	112	110	108	107	106	105	104	103	102	95	0	0	0.000	0.000	0	0	0	0	0	0	0	0	0	0	0	0	0	0.000	0.000	0	0	0	0	0	0	0	0	0	0	0
120	120	1640	1145.116	1290.141	295	473	588	214	44	252	512	540	255	54	111.912	128	118	116	114	113	112	111	109	108	106	100	150.595	193	174	168	163	158	153	146	140	133	124	105	0	0	0.000	0.000	0	0	0	0	0	0	0	0	0	0	0	0	0	0.000	0.000	0	0	0	0	0	0	0	0	0	0	0
121	121	2718	833.452	1306.123	1094	1103	395	57	15	1110	1005	415	117	27	114.146	135	123	120	118	116	114	112	110	108	106	96	305.988	625	471	415	361	318	286	258	230	200	170	117	0	0	0.000	0.000	0	0	0	0	0	0	0	0	0	0	0	0	0	0.000	0.000	0	0	0	0	0	0	0	0	0	0	0
122	122	1818	1447.299	1298.531	284	766	526	184	12	198	762	559	203	53	1567.280	2485	2212	2025	1892	1747	1601	1484	1309	1100	865	357	310.523	460	406	381	361	337	316	295	268	238	205	118	0	0	0.000	0.000	0	0	0	0	0	0	0	0	0	0	0	0	0	0.000	0.000	0	0	0	0	0	0	0	0	0	0	0
123	123	2791	1505.024	1308.078	486	907	818	415	104	411	1043	774	376	120	1674.159	18042	2271	1618	1414	1261	1141	1038	920	764	485	130	412.499	5298	493	330	301	282	265	242	220	195	153	106	1	151	1508.367	1300.474	0	0	0	9718	0	0	0	2712	0	0	0	1	150	1507.904	1299.727	0	0	0	9718	0	0	0	2750	0	0	0
124	124	1922	1249.662	1309.219	427	561	611	281	16	262	540	712	278	92	585.335	9680	622	534	486	446	404	366	335	306	260	118	172.760	1247	186	172	164	157	150	144	139	133	125	106	1	60	1233.987	1305.899	0	0	0	5074	0	0	0	690	0	0	0	1	63	1234.077	1305.892	0	0	0	4775	0	0	0	667	0	0	0
125	125	2730	930.869	1304.905	474	990	888	296	37	390	1239	733	281	41	1943.158	24432	2890	1260	954	851	761	704	642	590	427	188	744.075	11368	1048	409	310	277	260	244	232	214	174	118	1	236	934.305	1301.306	0	0	0	12385	0	0	0	4936	0	0	0	1	217	934.181	1301.203	0	0	0	13608	0	0	0	5215	0	0	0
126	126	1640	1856.691	1313.278	577	566	372	81	16	574	597	334	80	25	596.818	11746	789	341	278	255	238	220	203	183	154	106	692.055	7854	936	661	585	532	479	423	369	312	225	113	1	86	1857.114	1319.900	0	0	0	5500	0	0	0	3432	0	0	0	1	85	1857.779	1319.519	0	0	0	5141	0	0	0	3938	0	0	0
127	127	2402	1325.691	1329.567	1274	872	148	23	23	1186	994	146	24	17	114.896	135	122	120	118	117	115	114	112	110	107	100	109.925	130	116	114	112	111	109	108	107	106	104	99	0	0	0.000	0.000	0	0	0	0	0	0	0	0	0	0	0	0	0	0.000	0.000	0	0	0	0	0	0	0	0	0	0	0
128	128	1822	654.395	1338.069	231	563	636	289	57	233	549	685	251	65	397.478	6920	407	353	337	320	303	284	261	234	192	116	186.218	1262	204	190	183	177	172	166	158	148	134	101	1	47	639.566	1345.374	0	0	0	3288	0	0	0	631	0	0	0	1	43	639.901	1345.475	0	0	0	3798	0	0	0	730	0	0	0
129	129	1920	1448.800	1344.767	166	463	721	444	81	126	454	733	406	160	2804.991	23081	8047	1934	1247	1101	981	868	778	716	523	169	367.589	3041	854	281	210	187	175	165	155	147	131	105	1	298	1445.758	1342.078	0	0	0	12238	0	0	0	1254	0	0	0	1	248	1445.751	1341.468	0	0	0	14713	0	0	0	1514	0	0	0
130	130	1681	391.839	1355.742	354	548	479	244	33	221	460	450	391	130	119.452	138	128	125	123	122	120	118	116	114	110	99	314.548	473	396	373	353	335	321	304	284	257	224	121	0	0	0.000	0.000	0	0	0	0	0	0	0	0	0	0	0	0	0	0.000	0.000	0	0	0	0	0	0	0	0	0	0	0
131	131	1297	475.206	1351.398	440	384	331	103	20	445	533	249	37	12	129.146	157	145	141	138	135	132	128	122	116	109	98	107.437	122	113	111	109	108	107	106	105	104	103	97	0	0	0.000	0.000	0	0	0	0	0	0	0	0	0	0	0	1	29	462.574	1339.671	0	0	0	113	0	0	0	114	0	0	0
132	132	1237	852.444	1358.235	431	476	245	57	9	284	439	325	137	29	118.182	149	131	126	123	120	117	115	113	110	107	101	373.696	608	519	483	453	426	399	367	326	252	167	111	0	0	0.000	0.000	0	0	0	0	0	0	0	0	0	0	0	0	0	0.000	0.000	0	0	0	0	0	0	0	0	0	0	0
133	133	1504	1173.776	1360.632	226	379	413	337	126	202	593	401	225	48	570.002	5322	755	646	594	553	512	475	425	322	182	115	159.773	798	186	174	167	160	153	146	138	125	110	99	1	44	1165.946	1347.967	0	0	0	2790	0	0	0	447	0	0	0	1	35	1165.003	1347.179	0	0	0	2753	0	0	0	480	0	0	0
134	134	800	1219.591	1358.058	178	325	256	18	9	110	364	185	105	21	431.649	643	566	527	493	465	442	418	391	352	276	144	142.425	181	164	159	153	149	145	140	136	127	112	101	0	0	0.000	0.000	0	0	0	0	0	0	0	0	0	0	0	0	0	0.000	0.000	0	0	0	0	0	0	0	0	0	0	0
135	135	1508	933.800	1374.275	485	430	363	172	30	461	512	356	128	25	115.787	144	127	123	120	117	115	113	110	108	106	100	171.087	242	218	205	195	184	174	163	152	135	118	102	0	0	0.000	0.000	0	0	0	0	0	0	0	0	0	0	0	0	0	0.000	0.000	0	0	0	0	0	0	0	0	0	0	0
136	136	1588	1292.129	1381.271	411	635	403	82	27	414	774	294	64	17	110.987	124	117	115	113	112	111	110	109	107	105	99	106.496	124	111	109	108	107	106	105	105	104	103	98	0	0	0.000	0.000	0	0	0	0	0	0	0	0	0	0	0	0	0	0.000	0.000	0	0	0	0	0	0	0	0	0	0	0
137	137	1487	411.740	1402.171	266	365	451	326	57	228	538	433	198	61	128.619	161	142	139	136	134	131	127	123	117	111	100	448.416	665	596	571	550	519	481	433	382	317	238	133	0	0	0.000	0.000	0	0	0	0	0	0	0	0	0	0	0	0	0	0.000	0.000	0	0	0	0	0	0	0	0	0	0	0
138	138	882	1391.606	1401.274	138	219	288	184	31	100	252	319	159	36	111.368	126	117	116	114	113	112	110	109	107	104	97	106.773	120	111	109	108	107	107	106	105	104	103	98	0	0	0.000	0.000	0	0	0	0	0	0	0	0	0	0	0	0	0	0.000	0.000	0	0	0	0	0	0	0	0	0	0	0
139	139	2158	1740.371	1419.222	366	747	703	274	25	192	655	680	438	143	328.821	508	429	406	382	358	337	317	295	263	203	108	129.694	164	146	142	139	135	132	128	123	117	108	98	0	0	0.000	0.000	0	0	0	0	0	0	0	0	0	0	0	0	0	0.000	0.000	0	0	0	0	0	0	0	0	0	0	0
140	140	2739	1338.525	1437.550	434	798	941	452	66	445	987	865	368	34	114.206	137	122	119	117	116	114	113	111	109	106	98	505.300	894	688	628	581	547	512	475	436	386	302	152	0	0	0.000	0.000	0	0	0	0	0	0	0	0	0	0	0	0	0	0.000	0.000	0	0	0	0	0	0	0	0	0	0	0
141	141	1783	652.592	1439.115	407	806	434	84	23	507	906	302	28	11	762.887	16144	932	387	342	321	306	291	274	246	201	110	329.692	2088	385	340	317	302	286	271	257	238	195	114	1	94	656.208	1451.696	0	0	0	6812	0	0	0	1097	0	0	0	1	72	656.332	1451.494	0	0	0	8603	0	0	0	1315	0	0	0
142	142	2180	689.352	1478.755	721	1059	333	25	6	702	1108	299	23	14	2046.632	25638	4804	962	550	490	458	424	381	327	249	118	1349.712	15962	2984	770	549	504	467	432	384	322	249	119	1	262	686.326	1481.075	0	0	0	12675	0	0	0	7025	0	0	0	1	235	686.438	1480.827	0	0	0	14339	0	0	0	7755	0	0	0
143	143	1927	1749.521	1478.406	387	773	638	86	11	289	742	555	249	57	330.719	469	419	400	379	359	339	317	297	270	221	136	134.547	163	149	145	142	139	136	132	129	124	117	102	0	0	0.000	0.000	0	0	0	0	0	0	0	0	0	0	0	0	0	0.000	0.000	0	0	0	0	0	0	0	0	0	0	0
144	144	1732	849.864	1477.253	296	463	503	337	103	246	552	531	279	87	1466.209	9258	2055	1786	1675	1552	1421	1277	1106	864	528	153	383.247	3394	492	415	387	362	341	313	279	239	177	106	1	29	838.882	1467.413	0	0	0	6653	0	0	0	1841	0	0	0	1	44	837.934	1468.637	0	0	0	4962	0	0	0	1926	0	0	0
145	145	2009	1290.090	1479.763	392	640	678	225	37	381	753	603	180	48	111.775	131	120	117	115	113	111	110	108	107	105	97	303.369	459	398	373	353	334	313	290	265	234	191	120	0	0	0.000	0.000	0	0	0	0	0	0	0	0	0	0	0	0	0	0.000	0.000	0	0	0	0	0	0	0	0	0	0	0
146	146	1890	1239.542	1485.319	857	322	228	276	188	808	323	273	276	177	104.140	118	108	106	105	105	104	103	103	102	101	95	147.808	212	185	175	168	160	151	139	125	116	110	99	0	0	0.000	0.000	0	0	0	0	0	0	0	0	0	0	0	0	0	0.000	0.000	0	0	0	0	0	0	0	0	0	0	0
147	147	1716	1366.335	1484.385	327	331	546	388	92	288	401	638	271	85	111.916	128	119	117	115	114	112	111	109	106	104	97	601.889	1014	869	823	767	728	665	585	475	342	220	133	0	0	0.000	0.000	0	0	0	0	0	0	0	0	0	0	0	0	0	0.000	0.000	0	0	0	0	0	0	0	0	0	0	0
148	148	1813	1135.630	1500.876	445	566	402	250	128	336	590	483	238	121	1141.411	1995	1648	1481	1361	1241	1131	1029	910	793	677	314	174.243	250	209	196	189	181	174	167	161	153	142	106	0	0	0.000	0.000	0	0	0	0	0	0	0	0	0	0	0	0	0	0.000	0.000	0	0	0	0	0	0	0	0	0	0	0
149	149	1793	1185.049	1507.919	222	538	531	407	52	122	516	673	321	112	1218.824	2124	1675	1554	1447	1342	1245	1136	1027	911	693	298	181.967	259	219	207	198	191	183	175	167	159	142	107	0	0	0.000	0.000	0	0	0	0	0	0	0	0	0	0	0	0	0	0.000	0.000	0	0	0	0	0	0	0	0	0	0	0
150	150	2096	1382.184	1533.145	414	771	677	181	25	334	609	664	337	116	119.339	141	130	127	124	122	120	118	115	112	107	97	257.991	394	344	327	310	293	273	247	220	184	139	106	0	0	0.000	0.000	0	0	0	0	0	0	0	0	0	0	0	0	0	0.000	0.000	0	0	0	0	0	0	0	0	0	0	0
151	151	1356	1441.716	1531.630	302	428	398	175	27	268	505	354	182	30	120.085	143	129	126	124	122	121	119	117	114	110	100	256.999	386	335	315	298	281	263	246	224	201	167	111	0	0	0.000	0.000	0	0	0	0	0	0	0	0	0	0	0	0	0	0.000	0.000	0	0	0	0	0	0	0	0	0	0	0
152	152	1651	769.816	1543.147	236	562	535	261	29	189	663	524	231	18	347.114	529	453	428	407	379	352	325	298	269	234	132	222.906	319	274	261	249	238	227	215	200	186	166	115	0	0	0.000	0.000	0	0	0	0	0	0	0	0	0	0	0	0	0	0.000	0.000	0	0	0	0	0	0	0	0	0	0	0
153	153	1696	822.634	1578.784	443	547	426	208	46	376	522	487	247	42	397.104	5123	460	415	369	340	318	299	275	246	204	133	294.465	2199	356	321	295	275	260	247	229	208	168	116	1	42	830.286	1565.338	0	0	0	2504	0	0	0	781	0	0	0	1	46	830.416	1567.004	0	0	0	1784	0	0	0	1251	0	0	0
154	154	1852	1386.659	1589.261	341	522	634	274	48	294	577	607	281	67	461.468	8570	560	363	313	278	255	235	216	201	171	112	290.886	2029	378	338	305	279	255	230	210	193	144	105	1	80	1392.264	1580.633	0	0	0	3514	0	0	0	889	0	0	0	1	57	1392.343	1579.046	0	0	0	3182	0	0	0	1201	0	0	0
155	155	1579	730.862	1596.945	828	399	237	81	19	789	400	284	74	13	260.619	2473	337	256	237	222	205	189	171	152	134	104	347.339	3779	470	337	302	274	255	237	212	185	152	108	1	63	730.182	1597.479	0	0	0	1257	0	0	0	1922	0	0	0	1	69	730.416	1596.850	0	0	0	1118	0	0	0	1847	0	0	0
156	156	859	1245.964	1598.842	286	255	245	44	11	251	200	236	125	34	111.768	142	124	118	114	112	110	108	107	105	103	98	408.275	843	667	562	486	429	388	360	317	247	168	107	0	0	0.000	0.000	0	0	0	0	0	0	0	0	0	0	0	0	0	0.000	0.000	0	0	0	0	0	0	0	0	0	0	0
157	157	1909	1439.825	1610.561	447	655	584	165	30	430	806	513	98	19	1622.636	22785	3171	549	307	261	243	230	217	204	176	110	605.647	6793	1020	378	323	303	286	272	255	234	192	107	1	209	1439.506	1618.035	0	0	0	10978	0	0	0	2779	0	0	0	1	167	1439.583	1617.587	0	0	0	14312	0	0	0	3597	0	0	0
158	158	2041	687.672	1628.198	282	410	651	512	142	280	573	749	334	61	305.899	477	405	383	361	342	318	295	269	234	175	108	470.183	740	659	620	583	543	492	436	385	322	237	127	0	0	0.000	0.000	0	0	0	0	0	0	0	0	0	0	0	0	0	0.000	0.000	0	0	0	0	0	0	0	0	0	0	0
159	159	1890	386.711	1674.505	202	519	725	340	69	201	500	731	313	107	333.747	6511	407	295	261	239	224	212	198	180	160	111	251.014	1448	324	278	256	241	227	214	202	186	168	113	1	49	393.363	1670.056	0	0	0	3034	0	0	0	793	0	0	0	1	39	392.498	1669.448	0	0	0	2384	0	0	0	927	0	0	0
160	160	2101	664.547	1697.091	292	553	658	493	79	233	504	710	465	147	2201.535	25189	5184	1366	850	729	651	550	473	410	342	158	491.198	4677	1002	366	286	259	233	207	190	173	159	113	1	257	666.605	1699.818	0	0	0	12537	0	0	0	2054	0	0	0	1	222	666.352	1699.660	0	0	0	14446	0	0	0	2387	0	0	0
161	161	958	425.572	1692.850	423	191	172	124	33	371	192	187	131	62	111.541	128	120	117	115	113	111	110	108	106	103	97	238.716	345	301	286	278	267	251	234	213	185	152	119	0	0	0.000	0.000	0	0	0	0	0	0	0	0	0	0	0	0	0	0.000	0.000	0	0	0	0	0	0	0	0	0	0	0
162	162	1093	319.018	1694.981	464	311	216	56	19	453	406	169	33	14	140.719	181	166	159	153	149	144	138	131	119	109	99	268.093	432	357	337	321	299	283	264	230	189	149	112	0	0	0.000	0.000	0	0	0	0	0	0	0	0	0	0	0	0	0	0.000	0.000	0	0	0	0	0	0	0	0	0	0	0
163	163	1791	616.095	1731.075	335	850	509	54	13	190	636	602	298	42	620.606	933	831	769	726	692	658	610	544	464	357	146	228.605	334	289	273	259	247	235	220	201	182	159	119	0	0	0.000	0.000	0	0	0	0	0	0	0	0	0	0	0	0	0	0.000	0.000	0	0	0	0	0	0	0	0	0	0	0
164	164	1530	1778.501	1743.989	301	493	477	220	17	218	522	403	296	67	235.522	326	292	278	267	259	250	239	218	191	145	103	155.168	203	181	175	169	164	159	154	147	136	119	102	0	0	0.000	0.000	0	0	0	0	0	0	0	0	0	0	0	0	0	0.000	0.000	0	0	0	0	0	0	0	0	0	0	0
165	165	1684	1079.886	1763.483	262	473	418	381	117	194	496	493	400	69	955.407	14677	1776	483	351	320	281	247	220	196	167	103	385.787	4001	636	292	265	241	216	195	179	166	151	112	1	140	1085.463	1766.242	0	0	0	7049	0	0	0	1929	0	0	0	1	140	1085.441	1765.906	0	0	0	7049	0	0	0	1929	0	0	0
166	166	813	1204.175	1771.910	287	289	177	37	13	279	221	179	99	21	113.624	141	125	120	117	115	113	110	109	107	104	98	112.023	132	120	117	115	113	111	110	108	106	104	99	0	0	0.000	0.000	0	0	0	0	0	0	0	0	0	0	0	0	0	0.000	0.000	0	0	0	0	0	0	0	0	0	0	0
167	167	1977	1831.270	1778.094	398	567	556	335	94	316	567	618	364	73	436.107	9652	464	302	283	267	253	235	208	184	151	105	179.348	1300	197	182	174	167	160	153	145	137	125	102	1	61	1838.643	1769.958	0	0	0	4495	0	0	0	690	0	0	0	1	59	1838.620	1769.144	0	0	0	4427	0	0	0	691	0	0	0
168	168	1793	1126.171	1785.108	351	562	536	253	61	249	670	527	240	67	488.915	8364	587	400	354	319	281	263	246	227	198	114	254.852	1671	310	280	256	234	217	206	194	180	158	120	1	70	1126.220	1792.960	0	0	0	4019	0	0	0	776	0	0	0	1	57	1126.399	1791.841	0	0	0	3537	0	0	0	1042	0	0	0
169	169	2244	1390.381	1807.145	717	655	574	222	39	667	814	557	148	20	114.078	143	125	121	118	116	114	111	109	106	103	97	114.368	151	127	121	117	115	113	111	109	107	105	98	0	0	0.000	0.000	0	0	0	0	0	0	0	0	0	0	0	0	0	0.000	0.000	0	0	0	0	0	0	0	0	0	0	0
170	170	607	1073.446	1803.355	112	179	149	118	33	161	203	161	58	16	207.129	279	250	238	229	220	211	200	190	177	156	122	182.804	233	215	209	202	195	189	181	169	155	141	114	0	0	0.000	0.000	0	0	0	0	0	0	0	0	0	0	0	0	0	0.000	0.000	0	0	0	0	0	0	0	0	0	0	0
171	171	2194	380.240	1833.763	461	692	685	284	31	428	675	612	366	82	160.966	1550	178	166	159	153	148	144	139	134	125	105	217.167	711	269	248	234	224	215	205	192	179	155	111	1	29	383.592	1853.318	0	0	0	642	0	0	0	379	0	0	0	1	18	385.731	1852.171	0	0	0	378	0	0	0	571	0	0	0
172	172	2000	861.341	1837.565	477	548	630	257	57	455	527	617	284	76	349.296	561	491	450	409	377	352	319	292	263	211	109	160.294	216	190	182	174	168	162	155	148	140	127	102	0	0	0.000	0.000	0	0	0	0	0	0	0	0	0	0	0	0	0	0.000	0.000	0	0	0	0	0	0	0	0	0	0	0
173	173	2254	1617.212	1841.107	506	783	687	226	23	337	761	600	440	82	368.204	7851	335	302	290	279	268	252	229	204	172	123	232.005	873	289	272	260	248	237	223	202	173	141	104	1	54	1616.678	1831.585	0	0	0	3800	0	0	0	287	0	0	0	1	28	1617.010	1837.118	0	0	0	589	0	0	0	672	0	0	0
174	174	2595	326.503	1849.904	550	746	772	410	70	413	700	875	469	89	341.624	4395	385	336	305	282	263	247	229	208	171	107	243.597	2302	270	247	229	219	209	200	189	173	144	110	1	84	339.720	1847.531	0	0	0	2176	0	0	0	1139	0	0	0	1	72	340.012	1847.070	0	0	0	2303	0	0	0	1264	0	0	0
175	175	1826	793.951	1855.842	305	520	528	348	83	332	576	451	349	77	982.878	15084	1359	590	514	462	424	384	340	281	216	116	332.480	3812	443	248	225	208	195	181	169	153	137	112	1	128	787.193	1856.942	0	0	0	7193	0	0	0	1682	0	0	0	1	125	787.899	1856.498	0	0	0	6812	0	0	0	1898	0	0	0
176	176	1618	263.209	1873.428	435	429	396	263	69	416	514	354	244	60	131.588	165	146	142	139	136	133	131	127	120	113	102	192.127	259	228	220	214	208	201	190	179	162	141	107	0	0	0.000	0.000	0	0	0	0	0	0	0	0	0	0	0	0	0	0.000	0.000	0	0	0	0	0	0	0	0	0	0	0
177	177	1536	926.343	1891.518	375	468	353	241	64	357	513	387	187	68	108.316	124	115	113	111	109	108	107	105	104	102	96	111.419	130	120	117	114	112	110	109	107	106	104	99	0	0	0.000	0.000	0	0	0	0	0	0	0	0	0	0	0	0	0	0.000	0.000	0	0	0	0	0	0	0	0	0	0	0
178	178	2355	1482.267	1906.807	294	829	723	362	92	276	913	653	382	89	503.941	896	749	673	606	550	503	459	400	330	259	141	111.525	129	117	115	114	113	111	110	109	108	106	99	0	0	0.000	0.000	0	0	0	0	0	0	0	0	0	0	0	0	0	0.000	0.000	0	0	0	0	0	0	0	0	0	0	0
179	179	1955	341.503	1904.732	496	477	521	377	49	397	486	582	366	85	339.276	510	446	421	399	378	359	338	314	260	182	108	234.627	354	298	282	270	257	241	228	214	185	150	108	0	0	0.000	0.000	0	0	0	0	0	0	0	0	0	0	0	0	0	0.000	0.000	0	0	0	0	0	0	0	0	0	0	0
180	180	1834	828.570	1908.632	333	548	511	323	79	253	592	544	337	61	611.736	9925	668	480	436	414	392	373	355	336	285	163	226.783	2059	253	208	198	190	184	178	172	166	153	118	1	67	818.387	1918.284	0	0	0	4660	0	0	0	1056	0	0	0	1	67	818.979	1917.766	0	0	0	4518	0	0	0	1056	0	0	0
181	181	2645	436.184	1921.225	806	1459	249	62	29	612	1495	395	79	23	111.257	166	131	121	114	109	105	104	103	102	100	93	137.780	290	207	172	151	131	115	108	106	104	103	95	0	0	0.000	0.000	0	0	0	0	0	0	0	0	0	0	0	1	458	428.139	1927.336	0	0	0	128	0	0	0	207	0	0	0
182	182	895	781.814	1901.898	148	226	205	203	97	119	316	223	169	55	317.939	456	408	389	368	349	332	313	282	251	199	128	166.116	211	195	188	183	178	170	163	154	143	128	107	0	0	0.000	0.000	0	0	0	0	0	0	0	0	0	0	0	0	0	0.000	0.000	0	0	0	0	0	0	0	0	0	0	0
183	183	1746	1359.626	1941.439	344	492	471	328	85	311	539	487	327	64	1279.051	2244	1907	1743	1639	1489	1321	1133	941	816	608	207	107.122	122	112	110	109	108	107	106	105	104	103	97	0	0	0.000	0.000	0	0	0	0	0	0	0	0	0	0	0	0	0	0.000	0.000	0	0	0	0	0	0	0	0	0	0	0
184	184	2402	1125.307	1941.475	552	710	776	290	22	454	613	701	503	89	358.722	7269	387	326	294	275	259	243	226	196	156	107	242.560	3165	277	244	228	216	204	193	179	153	123	102	1	56	1117.746	1938.689	0	0	0	3545	0	0	0	677	0	0	0	1	51	1118.846	1936.093	0	0	0	893	0	0	0	1538	0	0	0
185	185	1392	1181.059	1956.948	382	515	276	143	43	334	522	354	115	38	285.631	1404	384	332	302	281	262	250	237	221	202	136	224.706	813	279	253	239	224	214	205	197	187	172	118	1	25	1165.133	1949.955	0	0	0	869	0	0	0	542	0	0	0	1	20	1165.505	1949.718	0	0	0	875	0	0	0	608	0	0	0
186	186	1071	371.178	1975.465	245	257	262	240	47	180	227	261	292	97	329.641	485	429	405	384	364	340	315	284	257	217	122	102.987	114	106	105	104	103	103	102	102	101	100	95	0	0	0.000	0.000	0	0	0	0	0	0	0	0	0	0	0	0	0	0.000	0.000	0	0	0	0	0	0	0	0	0	0	0
187	187	959	1465.020	1987.941	488	387	51	12	5	151	475	249	49	16	113.444	151	133	123	115	112	109	108	106	104	103	96	139.315	243	200	165	144	134	127	122	117	113	108	101	0	0	0.000	0.000	0	0	0	0	0	0	0	0	0	0	0	0	0	0.000	0.000	0	0	0	0	0	0	0	0	0	0	0
