 	cell	area	x	y	BFI_lev_b1	BFI_lev_b2	BFI_lev_b3	BFI_lev_b4	BFI_lev_b5	BFO_lev_b1	BFO_lev_b2	BFO_lev_b3	BFO_lev_b4	BFO_lev_b5	GFP_int_mean	GFP_int_b0	GFP_int_b1	GFP_int_b2	GFP_int_b3	GFP_int_b4	GFP_int_b5	GFP_int_b6	GFP_int_b7	GFP_int_b8	GFP_int_b9	GFP_int_b10	RFP_int_mean	RFP_int_b0	RFP_int_b1	RFP_int_b2	RFP_int_b3	RFP_int_b4	RFP_int_b5	RFP_int_b6	RFP_int_b7	RFP_int_b8	RFP_int_b9	RFP_int_b10	inGFPnfoci	f1_inGFParea	f1_inGFPx	f1_inGFPy	f2_inGFParea	f2_inGFPx	f2_inGFPy	f1_inGFP_toGFPmed	f1_inGFP_toGFPmean	f2_inGFP_toGFPmed	f2_inGFP_toGFPmean	f1_inGFP_toRFPmed	f1_inGFP_toRFPmean	f2_inGFP_toRFPmed	f2_inGFP_toRFPmean	inRFPnfoci	f1_inRFParea	f1_inRFPx	f1_inRFPy	f2_inRFParea	f2_inRFPx	f2_inRFPy	f1_inRFP_toGFPmed	f1_inRFP_toGFPmean	f2_inRFP_toGFPmed	f2_inRFP_toGFPmean	f1_inRFP_toRFPmed	f1_inRFP_toRFPmean	f2_inRFP_toRFPmed	f2_inRFP_toRFPmean
1	1	1221	869.166	79.679	197	319	426	237	21	105	187	523	276	108	109.390	122	114	112	111	110	109	109	108	106	105	100	141.402	174	159	154	150	146	142	138	134	129	122	108	0	0	0.000	0.000	0	0	0	0	0	0	0	0	0	0	0	0	0	0.000	0.000	0	0	0	0	0	0	0	0	0	0	0
2	2	1854	974.483	87.338	333	555	615	291	34	265	586	695	263	16	108.075	119	112	111	110	109	108	107	106	105	104	98	131.970	162	145	141	138	135	132	129	127	124	119	103	0	0	0.000	0.000	0	0	0	0	0	0	0	0	0	0	0	0	0	0.000	0.000	0	0	0	0	0	0	0	0	0	0	0
3	3	1167	1213.619	84.182	271	247	286	266	79	186	247	397	213	100	112.955	130	119	117	116	114	113	112	110	108	106	98	125.967	153	139	135	133	131	128	125	122	115	107	96	0	0	0.000	0.000	0	0	0	0	0	0	0	0	0	0	0	0	0	0.000	0.000	0	0	0	0	0	0	0	0	0	0	0
4	4	1793	1552.060	106.539	835	475	250	174	41	736	556	310	128	37	241.572	7398	238	207	191	180	171	163	157	151	141	105	201.441	1890	238	211	191	182	175	170	164	158	149	112	0	0	0.000	0.000	0	0	0	0	0	0	0	0	0	0	0	0	0	0.000	0.000	0	0	0	0	0	0	0	0	0	0	0
5	5	1794	831.300	113.653	287	555	606	269	51	234	480	685	307	56	108.778	124	113	112	111	110	109	108	107	106	104	96	143.983	184	162	158	154	150	147	143	139	131	119	96	0	0	0.000	0.000	0	0	0	0	0	0	0	0	0	0	0	0	0	0.000	0.000	0	0	0	0	0	0	0	0	0	0	0
6	6	558	1705.602	100.979	115	122	117	133	60	69	157	152	141	32	109.738	123	115	113	111	110	110	109	107	106	105	99	125.004	143	135	132	130	128	126	124	121	117	113	103	0	0	0.000	0.000	0	0	0	0	0	0	0	0	0	0	0	0	0	0.000	0.000	0	0	0	0	0	0	0	0	0	0	0
7	7	1706	1904.491	123.583	389	499	487	260	42	288	619	497	224	45	682.019	1157	934	865	803	764	734	689	607	495	332	137	133.151	166	151	144	140	137	134	131	127	122	113	100	0	0	0.000	0.000	0	0	0	0	0	0	0	0	0	0	0	0	0	0.000	0.000	0	0	0	0	0	0	0	0	0	0	0
8	8	1887	258.587	130.021	157	482	777	379	53	128	503	819	314	88	1433.910	21022	3028	687	389	303	268	242	217	195	169	110	222.848	1635	387	188	160	148	140	134	128	122	115	102	1	188	261.983	129.852	0	0	0	9678	0	0	0	815	0	0	0	1	180	262.162	130.141	0	0	0	10171	0	0	0	853	0	0	0
9	9	2138	879.188	137.193	211	818	815	216	29	113	524	989	401	77	124.160	154	136	132	129	127	124	122	119	116	112	101	409.289	689	599	535	486	440	400	362	323	290	252	129	0	0	0.000	0.000	0	0	0	0	0	0	0	0	0	0	0	0	0	0.000	0.000	0	0	0	0	0	0	0	0	0	0	0
10	10	1022	1410.746	126.272	198	350	354	94	8	154	329	297	173	48	166.251	216	189	182	178	174	170	165	159	150	136	113	132.026	156	144	140	137	135	133	130	128	124	119	109	0	0	0.000	0.000	0	0	0	0	0	0	0	0	0	0	0	0	0	0.000	0.000	0	0	0	0	0	0	0	0	0	0	0
11	11	1121	693.288	133.207	895	143	35	21	9	799	232	39	28	9	336.186	488	426	399	382	367	351	327	303	269	226	133	119.933	163	142	131	124	119	116	113	111	108	106	98	0	0	0.000	0.000	0	0	0	0	0	0	0	0	0	0	0	0	0	0.000	0.000	0	0	0	0	0	0	0	0	0	0	0
12	12	1648	404.011	139.901	423	634	445	99	19	257	525	500	290	47	109.408	126	115	113	111	110	109	108	107	106	104	96	103.377	114	106	105	104	104	103	103	102	102	101	94	0	0	0.000	0.000	0	0	0	0	0	0	0	0	0	0	0	0	0	0.000	0.000	0	0	0	0	0	0	0	0	0	0	0
13	13	1990	1694.245	144.871	277	574	749	308	48	159	379	820	490	100	109.565	124	114	113	111	111	110	109	108	106	105	100	133.334	171	151	146	141	137	133	130	126	121	116	100	0	0	0.000	0.000	0	0	0	0	0	0	0	0	0	0	0	0	0	0.000	0.000	0	0	0	0	0	0	0	0	0	0	0
14	14	1481	207.023	142.516	238	506	397	276	38	140	531	472	219	82	209.882	282	256	248	240	232	222	206	190	169	144	108	139.975	173	159	156	152	148	143	137	131	124	115	101	0	0	0.000	0.000	0	0	0	0	0	0	0	0	0	0	0	0	0	0.000	0.000	0	0	0	0	0	0	0	0	0	0	0
15	15	1214	982.521	144.019	242	384	428	139	9	129	276	487	232	62	111.276	126	116	115	113	112	111	110	109	108	106	101	135.432	173	152	146	142	139	136	133	130	125	117	99	0	0	0.000	0.000	0	0	0	0	0	0	0	0	0	0	0	0	0	0.000	0.000	0	0	0	0	0	0	0	0	0	0	0
16	16	1926	1453.995	157.769	221	840	660	138	31	159	760	642	271	48	309.627	7215	265	238	222	209	199	191	179	169	153	108	154.225	789	172	161	155	149	145	141	137	130	117	100	1	55	1474.548	173.382	0	0	0	3062	0	0	0	325	0	0	0	1	53	1475.460	172.293	0	0	0	1486	0	0	0	465	0	0	0
17	17	1715	1748.432	160.943	182	545	611	280	63	231	855	452	142	16	344.086	504	442	405	383	366	349	330	313	290	237	139	150.134	186	169	163	159	155	152	148	144	139	128	107	0	0	0.000	0.000	0	0	0	0	0	0	0	0	0	0	0	0	0	0.000	0.000	0	0	0	0	0	0	0	0	0	0	0
18	18	1243	744.173	153.679	281	350	374	171	42	192	311	445	218	55	114.287	130	122	120	118	116	114	113	111	109	106	94	310.120	525	457	411	385	358	326	288	243	193	140	105	0	0	0.000	0.000	0	0	0	0	0	0	0	0	0	0	0	0	0	0.000	0.000	0	0	0	0	0	0	0	0	0	0	0
19	19	2491	452.242	175.807	593	824	754	252	17	578	939	700	207	12	108.189	124	113	111	110	109	108	107	106	105	104	99	103.458	120	107	105	105	104	103	103	102	101	101	93	1	39	472.369	166.433	0	0	0	113	0	0	0	103	0	0	0	0	0	0.000	0.000	0	0	0	0	0	0	0	0	0	0	0
20	20	1464	701.350	179.258	295	389	455	258	36	191	465	456	222	88	330.502	540	453	423	392	363	337	309	280	246	192	107	108.227	119	113	111	110	109	108	107	106	105	104	98	0	0	0.000	0.000	0	0	0	0	0	0	0	0	0	0	0	0	0	0.000	0.000	0	0	0	0	0	0	0	0	0	0	0
21	21	1446	1278.162	177.043	329	404	371	251	50	206	483	433	238	63	113.017	128	119	118	116	114	113	112	110	108	106	101	159.046	217	187	179	172	167	162	157	150	139	122	102	0	0	0.000	0.000	0	0	0	0	0	0	0	0	0	0	0	0	0	0.000	0.000	0	0	0	0	0	0	0	0	0	0	0
22	22	1863	1396.526	179.037	260	565	718	278	17	136	478	820	327	69	1080.674	6176	1490	1294	1164	1066	996	929	848	751	611	196	154.800	777	176	161	154	148	143	139	134	130	124	107	1	33	1406.875	176.148	0	0	0	4138	0	0	0	464	0	0	0	1	48	1407.730	176.224	0	0	0	3656	0	0	0	440	0	0	0
23	23	2080	915.522	179.971	294	592	721	391	44	183	786	773	267	34	128.488	154	142	138	135	131	129	126	123	120	114	100	478.010	736	651	620	576	526	478	440	404	362	290	132	0	0	0.000	0.000	0	0	0	0	0	0	0	0	0	0	0	0	0	0.000	0.000	0	0	0	0	0	0	0	0	0	0	0
24	24	2094	262.021	180.817	472	693	616	243	26	415	813	577	226	30	444.834	8870	523	276	243	224	208	191	176	160	141	110	146.972	842	173	140	132	128	124	121	119	115	112	103	1	103	256.445	182.363	0	0	0	3782	0	0	0	469	0	0	0	1	116	255.947	182.345	0	0	0	3539	0	0	0	418	0	0	0
25	25	1602	1789.598	182.402	201	660	481	193	41	132	688	508	192	43	112.152	127	117	115	114	113	112	111	110	109	107	100	256.938	377	318	294	279	267	258	250	238	219	193	114	0	0	0.000	0.000	0	0	0	0	0	0	0	0	0	0	0	0	0	0.000	0.000	0	0	0	0	0	0	0	0	0	0	0
26	26	886	852.796	176.635	188	299	248	116	21	170	314	199	145	47	116.126	135	125	123	120	119	117	115	113	108	105	100	293.666	481	414	380	353	332	313	291	247	189	134	106	0	0	0.000	0.000	0	0	0	0	0	0	0	0	0	0	0	0	0	0.000	0.000	0	0	0	0	0	0	0	0	0	0	0
27	27	681	313.808	178.894	152	175	172	143	25	95	172	204	143	53	156.890	192	178	174	170	166	161	155	148	139	128	112	117.483	139	127	125	123	121	119	116	113	109	105	98	0	0	0.000	0.000	0	0	0	0	0	0	0	0	0	0	0	0	0	0.000	0.000	0	0	0	0	0	0	0	0	0	0	0
28	28	1311	1925.446	188.698	190	283	405	311	95	150	268	457	342	73	111.699	125	117	115	114	113	112	111	109	108	106	99	218.041	293	261	249	238	229	221	213	204	193	170	119	0	0	0.000	0.000	0	0	0	0	0	0	0	0	0	0	0	0	0	0.000	0.000	0	0	0	0	0	0	0	0	0	0	0
29	29	710	1210.362	188.030	151	188	206	126	31	110	178	221	139	56	111.446	125	118	116	114	113	112	110	108	107	105	99	190.232	251	230	224	218	212	203	189	174	153	126	108	0	0	0.000	0.000	0	0	0	0	0	0	0	0	0	0	0	0	0	0.000	0.000	0	0	0	0	0	0	0	0	0	0	0
30	30	1532	505.915	195.281	306	502	491	179	24	276	529	503	176	20	112.125	126	118	116	115	113	112	111	110	108	106	97	104.678	121	111	108	106	105	104	103	102	101	100	95	0	0	0.000	0.000	0	0	0	0	0	0	0	0	0	0	0	0	0	0.000	0.000	0	0	0	0	0	0	0	0	0	0	0
31	31	2796	1829.093	215.324	496	725	889	580	46	303	653	928	673	166	162.135	210	188	182	177	172	166	158	149	140	130	102	254.764	358	324	311	297	283	264	242	221	197	170	119	0	0	0.000	0.000	0	0	0	0	0	0	0	0	0	0	0	0	0	0.000	0.000	0	0	0	0	0	0	0	0	0	0	0
32	32	2205	1715.449	215.954	265	476	776	527	104	209	560	970	387	48	300.288	3016	353	331	314	302	288	268	241	210	169	112	128.693	379	140	135	132	129	127	124	121	116	111	99	1	35	1727.759	221.285	0	0	0	1480	0	0	0	253	0	0	0	1	37	1727.752	220.044	0	0	0	1116	0	0	0	242	0	0	0
33	33	1709	1248.019	216.090	247	548	627	228	33	212	502	626	257	77	112.527	126	118	116	115	114	113	112	110	109	107	98	200.689	290	250	237	225	216	203	190	178	166	149	108	0	0	0.000	0.000	0	0	0	0	0	0	0	0	0	0	0	0	0	0.000	0.000	0	0	0	0	0	0	0	0	0	0	0
34	34	1705	1423.997	219.845	513	706	386	61	14	298	597	558	195	29	959.650	7764	1144	1060	986	909	839	780	724	637	486	171	137.865	542	153	141	136	132	128	125	122	119	115	103	1	43	1412.326	216.808	0	0	0	4749	0	0	0	365	0	0	0	1	56	1412.094	215.820	0	0	0	3755	0	0	0	337	0	0	0
35	35	983	1473.741	213.856	703	198	33	18	12	617	270	55	18	10	198.319	365	287	233	208	196	186	177	167	156	140	116	240.782	323	292	282	272	262	251	238	219	199	172	122	0	0	0.000	0.000	0	0	0	0	0	0	0	0	0	0	0	0	0	0.000	0.000	0	0	0	0	0	0	0	0	0	0	0
36	36	1310	954.243	217.849	197	386	477	199	23	172	552	351	178	32	113.611	128	120	118	116	115	114	112	111	110	108	101	133.805	166	151	146	142	138	135	131	127	122	114	102	0	0	0.000	0.000	0	0	0	0	0	0	0	0	0	0	0	0	0	0.000	0.000	0	0	0	0	0	0	0	0	0	0	0
37	37	3441	1064.898	246.333	2940	235	170	62	22	2833	300	205	66	17	1957.620	30101	3839	760	378	281	251	226	198	152	116	103	887.189	14434	1516	411	248	210	194	180	163	134	112	100	2	356	1060.849	248.240	66	1088.258	227.207	14690	0	3151	0	5578	0	759	0	2	304	1060.675	248.492	78	1088.763	228.151	18168	0	2631	0	6709	0	1036	0
38	38	1507	1769.357	231.997	189	553	567	143	19	133	378	506	367	96	112.098	128	117	115	114	113	112	111	110	109	107	101	327.311	491	433	409	391	365	338	308	275	239	203	138	0	0	0.000	0.000	0	0	0	0	0	0	0	0	0	0	0	0	0	0.000	0.000	0	0	0	0	0	0	0	0	0	0	0
39	39	1384	502.049	241.905	341	402	384	199	39	261	481	360	203	52	110.207	126	116	114	113	112	111	109	108	106	104	97	104.718	122	109	107	106	105	104	103	103	102	101	96	0	0	0.000	0.000	0	0	0	0	0	0	0	0	0	0	0	0	0	0.000	0.000	0	0	0	0	0	0	0	0	0	0	0
40	40	983	639.321	241.206	227	279	290	146	22	140	297	336	182	15	246.281	341	313	301	288	268	252	237	215	192	163	121	252.439	361	321	309	292	277	258	240	219	199	171	119	0	0	0.000	0.000	0	0	0	0	0	0	0	0	0	0	0	0	0	0.000	0.000	0	0	0	0	0	0	0	0	0	0	0
41	41	1827	288.451	249.706	180	465	727	360	64	127	481	837	297	49	242.992	356	302	283	269	258	247	233	219	202	178	113	133.679	175	151	145	140	137	133	130	126	123	117	102	0	0	0.000	0.000	0	0	0	0	0	0	0	0	0	0	0	0	0	0.000	0.000	0	0	0	0	0	0	0	0	0	0	0
42	42	1958	1383.767	256.568	808	644	408	54	9	483	765	379	235	62	121.576	141	132	129	127	125	123	121	118	114	109	100	279.037	414	360	345	332	316	295	272	247	209	160	113	0	0	0.000	0.000	0	0	0	0	0	0	0	0	0	0	0	0	0	0.000	0.000	0	0	0	0	0	0	0	0	0	0	0
43	43	1324	693.334	254.495	117	484	527	159	17	58	301	684	188	64	212.958	285	255	245	237	228	221	210	196	179	160	116	177.907	231	208	202	196	191	182	173	164	152	141	110	0	0	0.000	0.000	0	0	0	0	0	0	0	0	0	0	0	0	0	0.000	0.000	0	0	0	0	0	0	0	0	0	0	0
44	44	2259	215.734	266.890	277	618	798	471	55	269	724	742	421	57	1213.643	20231	2171	537	341	278	246	229	210	189	164	114	305.587	2601	473	251	217	201	191	183	175	163	147	109	1	195	216.602	262.529	0	0	0	9330	0	0	0	1292	0	0	0	1	183	216.976	262.429	0	0	0	10161	0	0	0	1372	0	0	0
45	45	865	164.456	260.099	188	194	253	174	39	128	206	268	173	67	109.995	124	115	113	112	111	110	109	108	107	105	97	173.540	239	215	205	192	182	174	169	159	143	127	108	0	0	0.000	0.000	0	0	0	0	0	0	0	0	0	0	0	0	0	0.000	0.000	0	0	0	0	0	0	0	0	0	0	0
46	46	3173	1809.296	279.931	574	906	1012	515	110	535	1227	1028	300	35	171.252	225	202	194	188	183	176	167	157	146	134	109	273.853	399	355	337	323	308	289	264	233	201	172	107	0	0	0.000	0.000	0	0	0	0	0	0	0	0	0	0	0	0	0	0.000	0.000	0	0	0	0	0	0	0	0	0	0	0
47	47	1914	1249.202	272.449	360	536	592	333	56	254	571	662	329	61	502.490	11432	559	281	250	235	216	201	188	176	159	120	247.249	2223	300	232	216	206	197	189	181	168	147	110	1	84	1237.663	279.950	0	0	0	5003	0	0	0	1056	0	0	0	1	72	1238.010	279.262	0	0	0	5023	0	0	0	1177	0	0	0
48	48	1799	1735.469	277.909	403	883	447	33	10	241	656	685	157	27	791.444	15105	979	428	388	364	346	324	297	265	226	117	191.176	1915	234	154	145	139	134	129	125	121	116	103	1	95	1746.398	286.623	0	0	0	6975	0	0	0	942	0	0	0	1	105	1746.917	286.143	0	0	0	6124	0	0	0	902	0	0	0
49	49	2596	658.149	290.868	591	573	808	513	68	575	930	762	256	33	383.529	8003	394	353	328	306	284	263	238	208	158	109	360.101	4091	455	411	382	348	314	279	238	202	159	108	1	59	668.958	299.883	0	0	0	3594	0	0	0	2142	0	0	0	1	56	668.502	299.872	0	0	0	3594	0	0	0	2225	0	0	0
50	50	2223	1661.542	285.723	421	598	671	438	57	476	765	679	241	34	121.029	145	130	127	125	124	122	120	117	114	111	102	143.016	180	164	159	154	149	144	139	134	128	120	103	0	0	0.000	0.000	0	0	0	0	0	0	0	0	0	0	0	0	0	0.000	0.000	0	0	0	0	0	0	0	0	0	0	0
51	51	2006	1875.178	286.698	482	756	608	113	12	239	424	787	420	96	115.031	132	123	121	119	117	115	113	111	109	107	99	248.435	420	335	308	284	269	255	241	221	187	142	106	0	0	0.000	0.000	0	0	0	0	0	0	0	0	0	0	0	0	0	0.000	0.000	0	0	0	0	0	0	0	0	0	0	0
52	52	2172	823.368	287.579	277	472	805	481	96	216	487	889	404	124	190.716	266	234	224	214	205	195	185	173	158	137	103	201.331	286	256	240	227	216	204	192	180	161	141	108	0	0	0.000	0.000	0	0	0	0	0	0	0	0	0	0	0	0	0	0.000	0.000	0	0	0	0	0	0	0	0	0	0	0
53	53	1387	264.655	288.578	304	326	384	298	49	198	362	426	304	67	238.464	311	284	274	266	258	251	242	229	204	168	107	131.189	154	145	141	138	136	133	130	127	122	115	99	0	0	0.000	0.000	0	0	0	0	0	0	0	0	0	0	0	0	0	0.000	0.000	0	0	0	0	0	0	0	0	0	0	0
54	54	951	1357.397	294.848	360	168	206	151	48	342	175	276	115	24	120.410	145	132	128	125	123	121	118	116	112	107	102	296.690	517	433	395	360	333	307	274	241	192	141	106	0	0	0.000	0.000	0	0	0	0	0	0	0	0	0	0	0	0	0	0.000	0.000	0	0	0	0	0	0	0	0	0	0	0
55	55	811	1169.644	306.361	131	225	243	179	16	89	205	218	211	75	217.290	276	255	248	241	234	226	216	205	186	166	115	133.030	157	148	144	141	138	134	130	127	121	115	99	0	0	0.000	0.000	0	0	0	0	0	0	0	0	0	0	0	0	0	0.000	0.000	0	0	0	0	0	0	0	0	0	0	0
56	56	1344	1918.763	315.349	290	255	335	364	75	199	278	374	321	139	112.689	125	119	116	115	114	113	112	110	109	107	101	218.488	321	283	271	257	245	228	209	189	167	132	100	0	0	0.000	0.000	0	0	0	0	0	0	0	0	0	0	0	0	0	0.000	0.000	0	0	0	0	0	0	0	0	0	0	0
57	57	4002	1745.515	334.476	3439	250	126	126	33	3274	367	173	117	36	273.274	504	420	395	375	348	298	223	159	122	112	101	126.968	178	149	142	137	132	127	120	115	110	107	97	0	0	0.000	0.000	0	0	0	0	0	0	0	0	0	0	0	0	0	0.000	0.000	0	0	0	0	0	0	0	0	0	0	0
58	58	1148	1083.958	338.565	300	269	276	192	98	313	402	308	89	13	797.004	1440	1162	1089	1008	931	844	727	608	482	355	145	112.036	131	119	116	114	113	112	110	109	108	106	98	0	0	0.000	0.000	0	0	0	0	0	0	0	0	0	0	0	0	0	0.000	0.000	0	0	0	0	0	0	0	0	0	0	0
59	59	1647	1576.589	352.179	277	529	596	174	42	207	432	644	255	69	119.543	141	127	125	123	121	119	118	116	114	112	101	146.508	192	162	158	155	152	149	146	142	136	126	103	0	0	0.000	0.000	0	0	0	0	0	0	0	0	0	0	0	0	0	0.000	0.000	0	0	0	0	0	0	0	0	0	0	0
60	60	904	1623.305	347.956	91	293	310	155	37	82	351	318	108	25	117.588	137	125	122	120	119	117	116	115	113	111	100	135.801	162	149	145	142	139	136	133	131	127	122	105	0	0	0.000	0.000	0	0	0	0	0	0	0	0	0	0	0	0	0	0.000	0.000	0	0	0	0	0	0	0	0	0	0	0
61	61	2234	1677.077	363.969	321	774	852	222	20	198	535	973	401	99	174.603	239	204	196	190	184	178	172	165	156	137	102	259.718	382	333	315	300	288	274	258	240	212	145	106	0	0	0.000	0.000	0	0	0	0	0	0	0	0	0	0	0	0	0	0.000	0.000	0	0	0	0	0	0	0	0	0	0	0
62	62	1543	1886.083	377.773	131	244	557	464	123	115	370	741	231	67	1664.196	4887	2261	2059	1938	1814	1708	1571	1410	1229	956	270	156.924	382	187	176	167	161	154	147	140	133	126	105	0	0	0.000	0.000	0	0	0	0	0	0	0	0	0	0	0	1	18	1886.976	387.542	0	0	0	3243	0	0	0	301	0	0	0
63	63	1255	957.107	383.355	178	427	368	214	45	165	426	409	211	9	111.655	125	117	115	114	113	112	111	110	108	107	101	147.524	182	164	160	157	154	151	146	141	134	125	107	0	0	0.000	0.000	0	0	0	0	0	0	0	0	0	0	0	0	0	0.000	0.000	0	0	0	0	0	0	0	0	0	0	0
64	64	1291	1414.741	387.634	299	291	363	267	53	295	369	357	203	53	853.711	1790	1452	1250	1079	949	851	736	606	438	267	153	121.418	146	134	130	127	124	122	119	116	113	108	96	0	0	0.000	0.000	0	0	0	0	0	0	0	0	0	0	0	0	0	0.000	0.000	0	0	0	0	0	0	0	0	0	0	0
65	65	1884	105.003	405.009	148	437	730	445	90	108	516	715	378	121	706.747	1147	940	875	822	773	727	677	614	532	435	186	165.226	230	196	187	180	173	166	159	152	144	134	103	0	0	0.000	0.000	0	0	0	0	0	0	0	0	0	0	0	0	0	0.000	0.000	0	0	0	0	0	0	0	0	0	0	0
66	66	996	1856.837	412.838	168	381	335	77	17	132	375	293	143	37	1426.865	2122	1951	1842	1765	1673	1590	1442	1233	979	653	210	149.872	196	173	168	163	158	153	147	141	131	121	104	0	0	0.000	0.000	0	0	0	0	0	0	0	0	0	0	0	0	0	0.000	0.000	0	0	0	0	0	0	0	0	0	0	0
67	67	1604	157.775	421.698	249	478	433	351	67	213	628	453	249	41	581.346	818	750	719	691	659	624	588	529	438	327	163	151.130	199	175	171	166	162	157	152	144	129	112	99	0	0	0.000	0.000	0	0	0	0	0	0	0	0	0	0	0	0	0	0.000	0.000	0	0	0	0	0	0	0	0	0	0	0
68	68	783	697.412	430.740	160	253	190	132	31	110	248	226	114	75	110.691	123	116	114	113	112	111	110	109	107	106	100	227.727	333	289	276	265	255	242	227	204	173	138	102	0	0	0.000	0.000	0	0	0	0	0	0	0	0	0	0	0	0	0	0.000	0.000	0	0	0	0	0	0	0	0	0	0	0
69	69	2317	1277.382	458.429	414	974	635	204	46	443	1128	517	165	15	1559.300	2454	2097	1994	1904	1793	1681	1563	1388	1099	727	260	107.792	126	114	111	109	108	107	106	105	104	103	97	0	0	0.000	0.000	0	0	0	0	0	0	0	0	0	0	0	0	0	0.000	0.000	0	0	0	0	0	0	0	0	0	0	0
70	70	1756	739.091	448.614	290	822	490	107	18	134	720	557	204	112	113.219	134	118	117	115	114	113	112	111	110	108	95	258.682	402	336	315	296	275	256	240	223	209	185	108	0	0	0.000	0.000	0	0	0	0	0	0	0	0	0	0	0	0	0	0.000	0.000	0	0	0	0	0	0	0	0	0	0	0
71	71	1136	85.706	449.539	108	235	382	298	86	87	308	462	202	49	247.426	358	313	295	278	263	251	239	223	205	172	115	115.692	140	126	122	120	117	115	113	111	109	106	100	0	0	0.000	0.000	0	0	0	0	0	0	0	0	0	0	0	0	0	0.000	0.000	0	0	0	0	0	0	0	0	0	0	0
72	72	1117	1835.636	448.777	178	384	345	169	23	99	417	404	137	35	142.066	165	153	151	148	146	144	142	138	134	127	106	205.997	262	240	231	225	217	209	202	193	183	166	116	0	0	0.000	0.000	0	0	0	0	0	0	0	0	0	0	0	0	0	0.000	0.000	0	0	0	0	0	0	0	0	0	0	0
73	73	2335	261.327	465.858	791	564	660	266	21	622	579	685	315	96	1070.457	20435	1394	418	296	260	237	215	194	173	148	111	1081.717	9609	1522	1134	1035	919	790	673	573	461	348	157	1	176	255.372	461.642	0	0	0	9464	0	0	0	4392	0	0	0	1	133	255.035	461.397	0	0	0	12360	0	0	0	5466	0	0	0
74	74	1800	151.225	476.886	218	489	649	363	53	123	374	807	331	133	491.792	766	652	608	581	555	521	482	429	363	277	125	104.558	115	108	107	106	105	104	104	103	102	101	96	0	0	0.000	0.000	0	0	0	0	0	0	0	0	0	0	0	0	0	0.000	0.000	0	0	0	0	0	0	0	0	0	0	0
75	75	1711	1872.989	480.929	303	533	531	265	56	261	443	522	353	116	161.865	2403	158	150	145	142	139	136	133	129	123	107	188.241	357	240	220	208	200	192	183	173	155	123	100	1	27	1875.332	492.969	0	0	0	1112	0	0	0	220	0	0	0	0	0	0.000	0.000	0	0	0	0	0	0	0	0	0	0	0
76	76	1581	1807.676	483.196	156	310	530	465	95	214	356	685	234	65	229.860	2644	262	223	209	199	192	183	172	161	148	114	151.244	465	171	163	156	151	146	142	137	133	126	105	1	40	1812.955	482.687	0	0	0	1223	0	0	0	242	0	0	0	1	33	1814.702	482.285	0	0	0	777	0	0	0	330	0	0	0
77	77	1316	1358.524	479.501	230	257	467	270	68	155	229	559	222	124	217.022	313	269	251	236	225	214	205	196	184	171	112	171.237	237	209	196	186	176	169	163	157	150	138	108	0	0	0.000	0.000	0	0	0	0	0	0	0	0	0	0	0	0	0	0.000	0.000	0	0	0	0	0	0	0	0	0	0	0
78	78	1637	90.084	496.541	291	355	599	336	22	175	247	685	382	120	461.230	714	607	569	543	518	495	461	416	351	242	125	104.335	113	108	107	106	105	104	104	103	102	101	96	0	0	0.000	0.000	0	0	0	0	0	0	0	0	0	0	0	0	0	0.000	0.000	0	0	0	0	0	0	0	0	0	0	0
79	79	1485	660.488	497.136	145	279	444	395	195	142	524	526	229	29	219.208	309	274	261	248	235	222	210	197	182	155	113	211.467	317	278	262	242	224	208	195	181	167	148	112	0	0	0.000	0.000	0	0	0	0	0	0	0	0	0	0	0	0	0	0.000	0.000	0	0	0	0	0	0	0	0	0	0	0
80	80	2409	1406.471	506.687	354	717	840	426	28	261	759	792	442	105	389.477	9548	388	276	235	203	182	167	158	150	139	104	209.069	2468	241	207	182	163	152	143	138	132	122	101	1	89	1405.736	515.927	0	0	0	4240	0	0	0	1136	0	0	0	1	91	1405.300	515.424	0	0	0	3488	0	0	0	1132	0	0	0
81	81	629	268.874	513.776	247	183	136	40	8	150	122	174	132	36	241.431	358	319	306	292	277	256	238	199	162	134	112	746.978	1291	1128	1076	1009	924	833	704	538	376	230	130	0	0	0.000	0.000	0	0	0	0	0	0	0	0	0	0	0	0	0	0.000	0.000	0	0	0	0	0	0	0	0	0	0	0
82	82	1779	1348.159	538.653	738	670	256	49	38	767	749	175	39	21	124.872	144	134	131	129	127	125	123	121	119	115	105	159.993	217	190	183	175	167	160	153	146	138	129	107	0	0	0.000	0.000	0	0	0	0	0	0	0	0	0	0	0	0	0	0.000	0.000	0	0	0	0	0	0	0	0	0	0	0
83	83	1848	682.453	550.945	436	888	449	26	10	260	623	623	248	71	1664.558	2647	2225	2104	2014	1921	1790	1623	1439	1220	885	194	110.090	125	116	114	113	111	110	109	107	106	104	97	0	0	0.000	0.000	0	0	0	0	0	0	0	0	0	0	0	0	0	0.000	0.000	0	0	0	0	0	0	0	0	0	0	0
84	84	1757	625.679	553.093	501	350	472	340	72	464	585	484	180	18	1488.142	2434	2146	1976	1850	1723	1583	1458	1304	1058	529	161	108.314	125	114	112	111	109	108	107	106	104	103	98	0	0	0.000	0.000	0	0	0	0	0	0	0	0	0	0	0	0	0	0.000	0.000	0	0	0	0	0	0	0	0	0	0	0
85	85	13218	1037.581	596.016	12969	173	33	20	13	12915	207	46	18	14	708.940	25307	450	274	243	219	203	184	160	141	125	104	497.820	6379	693	618	542	474	403	296	175	133	121	103	3	98	1102.028	596.057	240	1030.261	648.199	8117	0	13085	0	2437	0	2837	0	3	86	1101.747	595.852	206	1030.212	647.941	8688	0	14788	0	2633	0	3288	0
86	86	2116	1858.011	559.203	362	630	753	285	52	292	730	751	279	30	204.324	267	241	234	228	221	213	202	189	171	152	120	431.208	618	564	543	525	502	465	421	368	308	239	137	0	0	0.000	0.000	0	0	0	0	0	0	0	0	0	0	0	0	0	0.000	0.000	0	0	0	0	0	0	0	0	0	0	0
87	87	799	1178.918	553.058	156	247	230	131	22	138	255	244	122	28	592.419	1028	894	837	797	764	700	603	431	219	143	113	107.118	121	112	110	109	108	107	106	105	104	103	98	0	0	0.000	0.000	0	0	0	0	0	0	0	0	0	0	0	0	0	0.000	0.000	0	0	0	0	0	0	0	0	0	0	0
88	88	2148	1572.051	560.304	345	820	661	250	30	286	823	640	319	30	710.479	15356	732	407	363	343	326	314	298	262	213	114	222.451	2482	251	181	171	167	162	156	149	137	118	102	1	99	1576.153	547.776	0	0	0	6734	0	0	0	838	0	0	0	1	104	1577.107	548.839	0	0	0	4880	0	0	0	1231	0	0	0
89	89	1181	1729.791	565.327	73	451	482	127	22	85	654	304	102	20	185.925	236	214	208	202	196	190	183	174	165	150	120	191.996	246	222	216	210	204	196	187	179	168	156	121	0	0	0.000	0.000	0	0	0	0	0	0	0	0	0	0	0	0	0	0.000	0.000	0	0	0	0	0	0	0	0	0	0	0
90	90	1458	1914.147	564.766	253	552	484	120	31	201	699	395	109	23	1026.818	14833	1528	615	546	506	471	436	390	327	235	124	180.986	1334	225	152	144	137	133	129	125	119	113	101	1	102	1909.250	557.269	0	0	0	6927	0	0	0	724	0	0	0	1	106	1909.045	557.194	0	0	0	6907	0	0	0	655	0	0	0
91	91	2021	817.666	579.951	384	680	683	201	25	237	504	857	274	117	191.201	266	227	217	209	201	195	188	179	167	150	103	206.525	291	255	244	234	224	215	203	190	169	140	102	0	0	0.000	0.000	0	0	0	0	0	0	0	0	0	0	0	0	0	0.000	0.000	0	0	0	0	0	0	0	0	0	0	0
92	92	2800	1673.605	582.766	784	1144	647	170	19	811	1165	573	170	21	349.978	4164	440	301	265	249	237	226	214	191	152	110	428.775	1484	569	517	487	462	439	407	373	298	199	115	1	138	1671.681	584.810	0	0	0	2055	0	0	0	850	0	0	0	1	32	1672.657	582.866	0	0	0	3091	0	0	0	1350	0	0	0
93	93	938	1378.682	585.371	150	385	298	73	16	158	476	243	33	10	513.812	696	611	584	567	551	535	513	491	446	372	208	164.794	206	183	177	174	170	167	164	160	153	140	116	0	0	0.000	0.000	0	0	0	0	0	0	0	0	0	0	0	0	0	0.000	0.000	0	0	0	0	0	0	0	0	0	0	0
94	94	899	1272.441	582.144	226	241	307	103	9	204	288	291	85	12	1666.537	2901	2434	2157	1959	1831	1689	1567	1431	1226	847	274	218.602	327	279	259	244	233	226	214	200	178	142	113	0	0	0.000	0.000	0	0	0	0	0	0	0	0	0	0	0	0	0	0.000	0.000	0	0	0	0	0	0	0	0	0	0	0
95	95	1379	1765.720	594.943	140	326	467	328	93	170	490	468	196	28	428.236	7404	552	278	236	218	206	192	179	167	156	115	197.988	629	246	222	209	197	186	174	164	154	143	111	1	74	1768.622	594.149	0	0	0	3339	0	0	0	413	0	0	0	1	44	1768.474	593.622	0	0	0	4683	0	0	0	495	0	0	0
96	96	1018	1811.750	596.587	147	404	302	124	26	153	422	266	120	32	263.288	346	305	292	283	275	268	259	248	238	220	129	267.660	354	319	303	293	282	271	261	251	236	210	123	0	0	0.000	0.000	0	0	0	0	0	0	0	0	0	0	0	0	0	0.000	0.000	0	0	0	0	0	0	0	0	0	0	0
97	97	2441	174.272	608.603	565	745	796	266	32	464	804	739	336	67	114.265	133	122	120	118	116	115	113	111	108	106	100	160.963	231	203	190	179	169	160	151	143	132	120	103	0	0	0.000	0.000	0	0	0	0	0	0	0	0	0	0	0	0	0	0.000	0.000	0	0	0	0	0	0	0	0	0	0	0
98	98	1437	409.915	600.458	171	612	430	168	26	92	460	565	227	55	176.204	229	204	198	194	188	183	174	164	153	139	111	231.038	315	291	280	266	253	239	223	206	186	157	107	0	0	0.000	0.000	0	0	0	0	0	0	0	0	0	0	0	0	0	0.000	0.000	0	0	0	0	0	0	0	0	0	0	0
99	99	1747	1540.544	616.893	333	544	598	226	12	236	497	628	281	61	307.648	448	385	365	349	337	323	305	280	245	204	126	157.148	212	189	179	171	163	156	151	145	138	126	103	0	0	0.000	0.000	0	0	0	0	0	0	0	0	0	0	0	0	0	0.000	0.000	0	0	0	0	0	0	0	0	0	0	0
100	100	1695	1130.384	618.855	1036	490	83	42	19	1025	478	85	47	29	307.073	6395	309	191	171	162	153	146	140	135	129	108	457.945	4890	545	452	414	386	356	329	305	283	244	133	1	70	1116.480	615.531	0	0	0	2829	0	0	0	2348	0	0	0	1	59	1116.198	615.865	0	0	0	3164	0	0	0	2610	0	0	0
101	101	2498	1723.240	626.406	473	748	897	311	37	338	596	775	655	81	239.002	338	290	277	268	259	250	236	218	199	171	115	435.650	647	576	547	524	497	464	422	375	321	248	131	0	0	0.000	0.000	0	0	0	0	0	0	0	0	0	0	0	0	0	0.000	0.000	0	0	0	0	0	0	0	0	0	0	0
102	102	1846	1395.275	633.445	253	591	665	280	19	154	632	676	306	45	473.158	737	633	574	548	521	490	456	419	372	288	129	160.256	219	187	177	172	167	162	157	151	144	130	100	0	0	0.000	0.000	0	0	0	0	0	0	0	0	0	0	0	0	0	0.000	0.000	0	0	0	0	0	0	0	0	0	0	0
103	103	2010	227.503	631.852	328	738	692	198	9	201	577	819	290	90	112.960	128	118	117	115	114	113	112	111	109	107	100	153.160	192	173	168	163	159	156	152	146	139	128	104	0	0	0.000	0.000	0	0	0	0	0	0	0	0	0	0	0	0	0	0.000	0.000	0	0	0	0	0	0	0	0	0	0	0
104	104	1149	381.053	633.257	153	351	404	193	18	131	310	342	297	48	232.288	3006	275	192	176	166	160	154	148	142	134	112	221.152	645	273	252	240	225	213	202	188	173	158	124	1	41	383.393	637.055	0	0	0	1443	0	0	0	350	0	0	0	1	17	383.861	634.186	0	0	0	694	0	0	0	541	0	0	0
105	105	1894	436.077	645.243	233	644	630	273	62	199	791	560	224	78	459.690	11303	552	260	206	182	170	161	151	141	129	104	228.562	1329	298	252	233	216	202	187	171	152	127	102	1	83	442.591	647.656	0	0	0	4739	0	0	0	714	0	0	0	1	70	442.128	646.563	0	0	0	3546	0	0	0	847	0	0	0
106	106	1451	1169.530	653.598	755	352	214	85	32	848	269	209	97	9	166.035	337	215	194	181	169	161	152	146	137	119	102	442.433	768	640	586	535	491	444	412	380	324	191	117	0	0	0.000	0.000	0	0	0	0	0	0	0	0	0	0	0	0	0	0.000	0.000	0	0	0	0	0	0	0	0	0	0	0
107	107	1639	390.438	684.445	235	667	504	161	31	170	474	600	267	92	383.702	8177	409	368	348	327	301	276	250	222	183	116	121.285	541	126	121	119	117	115	113	112	110	108	101	0	0	0.000	0.000	0	0	0	0	0	0	0	0	0	0	0	0	0	0.000	0.000	0	0	0	0	0	0	0	0	0	0	0
108	108	2471	1772.796	692.660	421	734	767	426	78	289	743	786	525	79	3364.599	29793	14893	2254	561	297	251	235	224	209	178	114	856.380	6396	2852	668	384	352	336	316	289	255	218	115	0	0	0.000	0.000	0	0	0	0	0	0	0	0	0	0	0	1	402	1778.133	694.691	0	0	0	19424	0	0	0	3542	0	0	0
109	109	2086	161.480	693.285	535	843	506	148	21	583	1043	335	81	17	170.754	221	202	194	187	181	175	167	158	148	135	104	158.342	215	191	182	174	166	158	150	143	135	126	104	0	0	0.000	0.000	0	0	0	0	0	0	0	0	0	0	0	0	0	0.000	0.000	0	0	0	0	0	0	0	0	0	0	0
110	110	2044	582.665	694.233	329	686	625	330	38	282	566	662	392	102	109.516	123	114	113	111	110	109	109	108	106	105	97	265.525	408	357	338	315	291	268	242	220	197	172	106	0	0	0.000	0.000	0	0	0	0	0	0	0	0	0	0	0	0	0	0.000	0.000	0	0	0	0	0	0	0	0	0	0	0
111	111	965	1063.643	689.626	152	300	349	133	12	62	166	329	274	111	169.908	212	195	189	184	178	171	166	160	152	140	110	210.946	278	253	243	233	225	215	206	193	180	164	110	0	0	0.000	0.000	0	0	0	0	0	0	0	0	0	0	0	0	0	0.000	0.000	0	0	0	0	0	0	0	0	0	0	0
112	112	883	436.302	693.316	151	239	243	188	46	145	240	201	205	76	212.734	281	255	246	239	232	220	208	194	178	159	109	113.485	135	123	119	117	114	112	111	110	108	106	100	0	0	0.000	0.000	0	0	0	0	0	0	0	0	0	0	0	0	0	0.000	0.000	0	0	0	0	0	0	0	0	0	0	0
113	113	570	968.835	693.944	77	149	166	120	42	95	169	175	102	22	237.170	318	295	286	278	263	250	237	215	189	147	111	138.861	163	155	151	148	145	142	138	133	126	116	105	0	0	0.000	0.000	0	0	0	0	0	0	0	0	0	0	0	0	0	0.000	0.000	0	0	0	0	0	0	0	0	0	0	0
114	114	2642	1112.660	724.208	315	528	1117	564	78	248	511	1219	491	123	391.343	8184	363	246	232	223	213	199	182	165	143	105	279.892	2575	328	293	269	245	226	212	200	185	160	109	1	110	1127.027	728.996	0	0	0	3991	0	0	0	1192	0	0	0	1	98	1127.712	728.404	0	0	0	4052	0	0	0	1321	0	0	0
115	115	1597	1631.515	718.949	248	599	494	208	20	202	758	372	196	40	217.055	301	265	253	243	231	220	210	198	181	160	123	294.393	432	375	354	336	322	307	288	261	229	196	133	0	0	0.000	0.000	0	0	0	0	0	0	0	0	0	0	0	0	0	0.000	0.000	0	0	0	0	0	0	0	0	0	0	0
116	116	2362	1717.420	738.937	336	635	925	394	23	371	1102	732	111	7	283.560	419	367	347	329	308	285	267	248	224	191	125	373.241	573	501	470	443	413	384	349	315	277	231	126	0	0	0.000	0.000	0	0	0	0	0	0	0	0	0	0	0	0	0	0.000	0.000	0	0	0	0	0	0	0	0	0	0	0
117	117	2042	215.652	737.142	177	500	808	414	107	176	855	696	229	36	636.131	13011	777	308	259	241	227	214	201	190	170	113	178.665	1342	193	158	151	146	142	139	136	131	123	102	1	110	209.915	722.324	0	0	0	6336	0	0	0	697	0	0	0	1	107	210.152	722.031	0	0	0	6475	0	0	0	697	0	0	0
118	118	1211	801.888	732.894	195	257	480	235	21	191	191	440	273	97	117.590	136	127	124	122	120	118	116	114	111	107	100	448.669	704	647	599	558	510	462	415	372	312	210	118	0	0	0.000	0.000	0	0	0	0	0	0	0	0	0	0	0	0	0	0.000	0.000	0	0	0	0	0	0	0	0	0	0	0
119	119	650	1897.335	729.775	95	198	218	108	18	69	180	229	130	29	467.223	674	606	583	559	528	495	454	405	348	279	159	132.112	158	147	143	141	137	133	129	125	120	115	103	0	0	0.000	0.000	0	0	0	0	0	0	0	0	0	0	0	0	0	0.000	0.000	0	0	0	0	0	0	0	0	0	0	0
120	120	2357	1513.215	754.341	476	902	745	148	32	399	1021	665	192	23	3665.198	24106	4631	3731	3383	3178	2986	2780	2525	2065	1507	376	312.974	2985	388	255	239	228	218	207	194	175	155	110	1	124	1504.770	751.629	0	0	0	17965	0	0	0	1808	0	0	0	1	142	1504.845	751.095	0	0	0	16123	0	0	0	1635	0	0	0
121	121	2012	574.851	754.960	427	874	528	125	25	263	713	622	294	81	198.997	2600	227	206	196	188	180	172	163	152	135	105	292.284	496	391	367	343	317	293	272	249	225	183	112	1	29	565.352	769.164	0	0	0	1074	0	0	0	432	0	0	0	0	0	0.000	0.000	0	0	0	0	0	0	0	0	0	0	0
122	122	1872	898.119	755.708	269	599	573	329	66	207	842	505	255	40	118.813	138	127	125	123	121	120	118	115	113	109	99	108.565	126	115	112	110	109	108	107	106	105	104	97	0	0	0.000	0.000	0	0	0	0	0	0	0	0	0	0	0	0	0	0.000	0.000	0	0	0	0	0	0	0	0	0	0	0
123	123	980	1936.123	761.617	336	308	226	73	28	288	332	227	87	32	146.194	315	169	161	154	149	145	139	133	125	117	102	287.313	2378	410	270	250	234	222	211	197	168	137	108	1	15	1941.616	771.947	0	0	0	272	0	0	0	311	0	0	0	1	51	1934.766	768.679	0	0	0	163	0	0	0	1241	0	0	0
124	124	2225	844.238	769.011	353	692	772	321	54	337	944	629	245	39	121.662	147	131	128	126	124	122	120	118	115	111	101	505.808	795	692	650	617	580	535	471	409	349	294	136	0	0	0.000	0.000	0	0	0	0	0	0	0	0	0	0	0	0	0	0.000	0.000	0	0	0	0	0	0	0	0	0	0	0
125	125	2516	1452.860	770.102	536	781	873	254	27	421	667	848	467	71	2775.602	4487	4133	3917	3561	3213	2845	2463	2192	1774	1210	338	213.328	320	279	266	250	233	216	199	182	165	139	108	0	0	0.000	0.000	0	0	0	0	0	0	0	0	0	0	0	0	0	0.000	0.000	0	0	0	0	0	0	0	0	0	0	0
126	126	1752	1894.223	776.550	278	502	625	287	32	218	419	633	312	134	701.291	6217	905	793	712	669	630	595	534	444	323	126	147.790	587	166	155	150	145	141	136	131	126	117	102	1	39	1903.142	782.040	0	0	0	3876	0	0	0	379	0	0	0	1	45	1903.879	782.104	0	0	0	2970	0	0	0	379	0	0	0
127	127	2334	1140.697	771.665	667	1149	455	24	9	501	1013	606	145	17	4771.449	35971	23103	4235	1237	577	371	298	271	246	205	108	1819.243	15539	7334	1468	589	403	335	288	255	228	200	112	0	0	0.000	0.000	0	0	0	0	0	0	0	0	0	0	0	0	0	0.000	0.000	0	0	0	0	0	0	0	0	0	0	0
128	128	2298	313.084	773.085	383	748	756	326	48	300	607	809	449	90	1554.361	17060	1933	1438	1289	1179	1047	938	844	683	459	148	269.683	3072	340	208	193	180	169	159	150	139	125	104	1	128	310.378	767.130	0	0	0	9905	0	0	0	1665	0	0	0	1	142	310.521	767.420	0	0	0	8541	0	0	0	1416	0	0	0
129	129	1962	762.654	778.511	461	803	599	58	17	444	1032	394	49	15	287.373	415	361	343	328	314	299	282	261	231	189	115	135.580	167	152	148	144	140	136	133	128	124	117	103	0	0	0.000	0.000	0	0	0	0	0	0	0	0	0	0	0	0	0	0.000	0.000	0	0	0	0	0	0	0	0	0	0	0
130	130	1615	259.810	781.477	275	504	504	253	50	240	579	432	266	71	769.921	1302	1032	963	906	834	781	727	672	609	451	163	145.661	189	168	160	155	150	146	142	138	132	123	103	0	0	0.000	0.000	0	0	0	0	0	0	0	0	0	0	0	0	0	0.000	0.000	0	0	0	0	0	0	0	0	0	0	0
131	131	1717	927.737	801.723	234	362	614	426	44	210	530	608	283	59	119.001	140	128	126	123	121	119	117	115	112	109	100	107.273	126	113	110	109	107	106	106	105	104	103	97	0	0	0.000	0.000	0	0	0	0	0	0	0	0	0	0	0	0	0	0.000	0.000	0	0	0	0	0	0	0	0	0	0	0
132	132	1892	1327.513	802.457	222	859	623	116	31	145	393	795	388	131	481.709	7914	510	398	370	348	327	305	280	249	209	120	150.538	1099	154	140	136	133	130	127	123	119	114	101	1	67	1320.235	793.919	0	0	0	3683	0	0	0	605	0	0	0	1	73	1320.112	793.101	0	0	0	2955	0	0	0	545	0	0	0
133	133	1909	555.488	805.551	289	428	721	370	63	291	662	643	237	29	328.045	6958	379	249	222	209	196	183	173	159	136	104	325.269	987	451	419	385	348	313	283	262	231	179	113	1	60	559.914	794.071	0	0	0	2908	0	0	0	694	0	0	0	1	18	559.073	793.655	0	0	0	5213	0	0	0	896	0	0	0
134	134	1931	685.877	806.686	215	439	662	489	96	182	423	665	525	101	662.339	12565	769	559	475	426	380	341	309	266	213	125	198.763	2081	226	184	171	161	152	142	135	127	120	105	1	74	689.348	798.241	0	0	0	5771	0	0	0	1035	0	0	0	1	77	689.287	797.913	0	0	0	5701	0	0	0	963	0	0	0
135	135	1394	632.569	805.720	147	413	583	214	12	120	398	616	208	18	353.249	558	493	451	414	384	357	330	298	262	206	120	154.248	200	182	176	169	163	156	149	142	133	122	104	0	0	0.000	0.000	0	0	0	0	0	0	0	0	0	0	0	0	0	0.000	0.000	0	0	0	0	0	0	0	0	0	0	0
136	136	1566	1275.155	819.714	294	513	553	155	31	208	522	493	237	73	290.960	1093	370	337	321	307	295	280	258	224	179	111	126.242	200	139	134	130	127	125	123	120	117	112	102	0	0	0.000	0.000	0	0	0	0	0	0	0	0	0	0	0	0	0	0.000	0.000	0	0	0	0	0	0	0	0	0	0	0
137	137	2391	295.780	830.418	296	601	931	451	54	249	516	886	548	138	1000.023	8541	1258	1161	1071	998	907	823	736	624	475	180	169.486	1118	193	179	168	160	152	145	138	131	123	105	1	52	299.687	826.484	0	0	0	5184	0	0	0	537	0	0	0	1	64	301.173	825.877	0	0	0	3827	0	0	0	602	0	0	0
138	138	2032	1794.384	839.637	367	699	587	262	77	413	811	469	265	40	932.651	1446	1219	1146	1083	1022	957	902	843	748	562	220	106.059	119	110	108	107	107	106	105	105	104	102	98	0	0	0.000	0.000	0	0	0	0	0	0	0	0	0	0	0	0	0	0.000	0.000	0	0	0	0	0	0	0	0	0	0	0
139	139	721	879.903	833.016	122	189	193	165	35	105	276	180	117	27	117.458	133	125	123	121	120	118	116	114	111	108	102	137.752	167	154	150	146	143	140	136	131	125	119	106	0	0	0.000	0.000	0	0	0	0	0	0	0	0	0	0	0	0	0	0.000	0.000	0	0	0	0	0	0	0	0	0	0	0
140	140	1701	1649.220	836.870	288	667	532	162	14	208	689	559	171	38	2925.838	24477	8183	2169	1380	1168	1075	1001	891	747	575	162	289.102	2186	686	221	163	149	140	134	128	123	117	100	1	237	1646.856	830.196	0	0	0	13064	0	0	0	1097	0	0	0	1	230	1646.881	829.824	0	0	0	14149	0	0	0	1130	0	0	0
141	141	1595	649.235	855.948	159	484	650	259	15	146	473	622	278	60	474.473	8954	537	340	315	301	288	274	250	227	205	150	186.436	1746	197	172	165	157	152	147	140	135	129	113	1	56	655.556	863.427	0	0	0	3985	0	0	0	868	0	0	0	1	52	654.970	863.350	0	0	0	4067	0	0	0	925	0	0	0
142	142	2063	780.478	852.308	216	906	700	195	14	142	617	816	362	100	114.033	136	120	118	117	115	114	113	111	110	108	100	140.707	187	160	155	150	145	140	137	132	127	121	104	0	0	0.000	0.000	0	0	0	0	0	0	0	0	0	0	0	0	0	0.000	0.000	0	0	0	0	0	0	0	0	0	0	0
143	143	1191	1908.292	850.703	118	288	368	319	78	91	312	437	277	47	191.793	269	231	218	210	202	196	186	177	166	147	111	225.663	326	288	272	260	250	237	224	202	172	140	107	0	0	0.000	0.000	0	0	0	0	0	0	0	0	0	0	0	0	0	0.000	0.000	0	0	0	0	0	0	0	0	0	0	0
144	144	1578	1597.483	860.570	305	528	579	129	12	223	540	571	192	24	722.500	13207	1010	405	335	303	283	266	248	226	187	126	184.526	1516	227	158	150	145	140	135	128	123	117	104	1	91	1587.878	861.251	0	0	0	5818	0	0	0	762	0	0	0	1	86	1587.512	860.791	0	0	0	5643	0	0	0	787	0	0	0
145	145	1737	909.653	865.214	263	461	630	299	60	202	370	706	297	147	130.127	900	138	133	129	126	123	121	118	115	111	99	145.816	187	170	163	157	151	144	139	135	130	123	103	1	21	910.473	880.748	0	0	0	433	0	0	0	163	0	0	0	0	0	0.000	0.000	0	0	0	0	0	0	0	0	0	0	0
146	146	2289	416.411	882.269	343	846	840	184	23	203	533	977	422	98	208.241	3254	224	210	199	189	179	169	159	146	132	106	323.486	881	439	410	382	352	321	294	269	236	200	117	1	34	425.888	872.117	0	0	0	1596	0	0	0	614	0	0	0	0	0	0.000	0.000	0	0	0	0	0	0	0	0	0	0	0
147	147	1891	162.507	884.953	697	1034	103	17	10	581	1094	149	21	9	293.848	6236	294	220	209	200	190	182	172	162	148	110	172.451	1091	187	175	168	163	157	152	146	140	132	106	1	56	150.162	882.986	0	0	0	2755	0	0	0	407	0	0	0	1	47	150.210	880.648	0	0	0	1121	0	0	0	612	0	0	0
148	148	1165	686.593	878.027	122	273	472	252	27	144	440	413	129	26	136.609	165	151	146	143	140	137	134	131	128	123	108	226.208	314	274	260	245	235	227	219	212	200	178	115	0	0	0.000	0.000	0	0	0	0	0	0	0	0	0	0	0	0	0	0.000	0.000	0	0	0	0	0	0	0	0	0	0	0
149	149	1720	1327.628	883.774	458	294	416	418	117	445	387	568	232	62	574.857	974	824	737	694	657	623	582	495	359	239	128	259.735	406	337	319	305	292	275	259	229	185	150	109	0	0	0.000	0.000	0	0	0	0	0	0	0	0	0	0	0	0	0	0.000	0.000	0	0	0	0	0	0	0	0	0	0	0
150	150	968	741.086	880.129	101	189	360	246	54	63	268	413	142	58	115.536	130	122	120	118	117	115	114	113	111	110	103	139.345	170	156	151	147	144	140	136	132	129	122	108	0	0	0.000	0.000	0	0	0	0	0	0	0	0	0	0	0	0	0	0.000	0.000	0	0	0	0	0	0	0	0	0	0	0
151	151	2001	1262.069	893.373	330	510	751	359	20	223	471	827	333	106	206.648	278	249	239	231	222	211	202	190	174	153	113	169.602	223	201	195	188	179	170	162	154	146	136	109	0	0	0.000	0.000	0	0	0	0	0	0	0	0	0	0	0	0	0	0.000	0.000	0	0	0	0	0	0	0	0	0	0	0
152	152	1591	1664.980	896.008	309	459	501	273	19	214	361	423	433	129	1068.043	1610	1429	1352	1263	1187	1103	1015	921	800	666	296	135.015	169	154	148	143	139	135	131	126	122	116	102	0	0	0.000	0.000	0	0	0	0	0	0	0	0	0	0	0	0	0	0.000	0.000	0	0	0	0	0	0	0	0	0	0	0
153	153	1725	789.788	901.637	340	625	617	100	10	244	553	624	230	30	112.121	129	118	116	114	113	112	111	110	108	107	100	141.536	183	163	157	151	145	140	136	132	128	122	105	0	0	0.000	0.000	0	0	0	0	0	0	0	0	0	0	0	0	0	0.000	0.000	0	0	0	0	0	0	0	0	0	0	0
154	154	1130	627.800	901.382	215	290	338	233	36	156	224	311	268	152	257.942	374	333	317	301	287	269	248	224	196	165	118	152.075	195	177	172	167	161	155	148	139	132	123	108	0	0	0.000	0.000	0	0	0	0	0	0	0	0	0	0	0	0	0	0.000	0.000	0	0	0	0	0	0	0	0	0	0	0
155	155	1209	1618.119	904.802	329	310	339	193	20	258	260	270	321	85	248.538	342	299	285	275	264	255	244	230	216	184	131	134.749	161	148	144	141	139	137	133	130	125	119	106	0	0	0.000	0.000	0	0	0	0	0	0	0	0	0	0	0	0	0	0.000	0.000	0	0	0	0	0	0	0	0	0	0	0
156	156	2276	1016.030	916.077	684	628	592	287	44	661	597	584	314	83	392.662	585	509	484	462	440	420	395	353	305	221	110	131.938	166	150	146	142	138	133	128	123	118	113	101	0	0	0.000	0.000	0	0	0	0	0	0	0	0	0	0	0	0	0	0.000	0.000	0	0	0	0	0	0	0	0	0	0	0
157	157	2001	1452.918	909.180	343	804	599	189	26	228	799	672	210	47	118.223	135	125	123	121	120	118	117	115	114	111	104	180.202	237	207	200	195	189	184	177	169	159	147	114	0	0	0.000	0.000	0	0	0	0	0	0	0	0	0	0	0	0	0	0.000	0.000	0	0	0	0	0	0	0	0	0	0	0
158	158	1578	1918.834	916.930	237	371	470	327	136	233	481	518	244	81	117.928	136	126	123	122	120	118	117	115	112	109	97	105.799	118	110	108	107	106	105	105	104	103	102	97	0	0	0.000	0.000	0	0	0	0	0	0	0	0	0	0	0	0	0	0.000	0.000	0	0	0	0	0	0	0	0	0	0	0
159	159	1167	449.517	923.872	181	455	415	85	7	99	346	470	172	57	165.536	206	189	184	179	175	168	162	155	149	137	109	305.786	431	377	363	351	335	314	297	280	255	214	129	0	0	0.000	0.000	0	0	0	0	0	0	0	0	0	0	0	0	0	0.000	0.000	0	0	0	0	0	0	0	0	0	0	0
160	160	2017	666.589	934.782	264	520	715	407	69	304	634	796	240	20	154.007	1895	163	153	148	145	141	137	134	131	126	110	230.498	365	297	276	261	243	226	211	198	185	172	123	1	19	685.807	928.650	0	0	0	1114	0	0	0	266	0	0	0	0	0	0.000	0.000	0	0	0	0	0	0	0	0	0	0	0
161	161	1648	1169.137	929.683	593	338	363	284	53	572	532	332	140	44	118.107	145	130	126	123	121	118	116	113	109	106	97	1275.101	2671	2069	1838	1694	1555	1385	1151	876	589	291	129	0	0	0.000	0.000	0	0	0	0	0	0	0	0	0	0	0	0	0	0.000	0.000	0	0	0	0	0	0	0	0	0	0	0
162	162	1602	1877.290	938.208	175	310	688	370	31	178	434	654	252	47	309.454	6444	307	244	225	210	197	186	174	163	149	106	264.232	708	360	330	302	278	257	236	216	200	170	105	1	48	1882.476	921.320	0	0	0	2737	0	0	0	489	0	0	0	0	0	0.000	0.000	0	0	0	0	0	0	0	0	0	0	0
163	163	2768	1768.915	948.377	646	586	1036	402	55	569	707	1030	338	76	202.039	297	247	234	227	220	212	200	184	166	139	103	250.025	381	322	305	290	277	262	244	224	194	155	101	0	0	0.000	0.000	0	0	0	0	0	0	0	0	0	0	0	0	0	0.000	0.000	0	0	0	0	0	0	0	0	0	0	0
164	164	2202	1260.837	950.002	686	802	585	77	10	486	669	558	336	110	624.881	15095	661	278	229	214	204	194	185	171	147	110	264.739	4028	284	200	187	176	167	160	154	145	132	106	1	107	1253.007	946.001	0	0	0	6797	0	0	0	1727	0	0	0	1	94	1253.028	945.767	0	0	0	7890	0	0	0	1910	0	0	0
165	165	4003	528.069	968.505	3841	79	37	22	17	3829	92	37	20	17	371.681	2166	541	439	406	381	356	320	254	189	146	110	115.532	491	123	114	111	110	108	107	106	105	104	98	0	0	0.000	0.000	0	0	0	0	0	0	0	0	0	0	0	0	0	0.000	0.000	0	0	0	0	0	0	0	0	0	0	0
166	166	1831	711.609	968.141	1064	394	199	109	43	1037	403	190	145	42	222.666	1379	365	251	208	185	173	165	158	149	139	114	993.490	2516	1418	1251	1146	1062	972	875	785	693	565	262	7	37	716.691	958.094	17	706.940	957.425	566	0	461	0	1920	0	1704	0	0	0	0.000	0.000	0	0	0	0	0	0	0	0	0	0	0
167	167	1794	870.688	970.808	296	601	616	220	23	311	600	590	220	50	128.085	347	140	133	130	127	125	123	120	118	114	100	143.974	189	166	160	154	150	145	140	135	129	120	103	1	32	883.066	970.473	0	0	0	225	0	0	0	171	0	0	0	0	0	0.000	0.000	0	0	0	0	0	0	0	0	0	0	0
168	168	1855	1363.035	977.496	175	392	687	462	106	127	583	730	302	75	896.361	1385	1237	1166	1069	993	916	845	747	648	519	216	178.645	244	219	208	196	185	176	170	162	153	141	110	0	0	0.000	0.000	0	0	0	0	0	0	0	0	0	0	0	0	0	0.000	0.000	0	0	0	0	0	0	0	0	0	0	0
169	169	2212	590.360	987.722	208	618	804	450	80	185	640	873	415	45	1396.304	2411	1829	1714	1625	1548	1466	1376	1288	1122	814	247	228.809	341	280	270	258	248	235	222	207	188	165	121	0	0	0.000	0.000	0	0	0	0	0	0	0	0	0	0	0	0	0	0.000	0.000	0	0	0	0	0	0	0	0	0	0	0
170	170	1236	1309.886	977.759	183	340	427	226	38	166	561	309	159	22	763.706	1210	1021	949	894	850	809	752	683	592	435	159	171.914	225	203	195	187	181	175	169	161	153	132	104	0	0	0.000	0.000	0	0	0	0	0	0	0	0	0	0	0	0	0	0.000	0.000	0	0	0	0	0	0	0	0	0	0	0
171	171	2444	1814.903	986.147	510	615	799	418	57	447	706	826	343	82	1572.563	23396	3064	657	362	270	235	219	201	177	150	110	448.826	3893	746	352	301	280	264	250	233	204	168	115	1	251	1809.611	983.253	0	0	0	11752	0	0	0	1879	0	0	0	1	233	1809.802	983.017	0	0	0	12669	0	0	0	2046	0	0	0
172	172	1391	917.069	987.477	207	362	517	256	32	171	482	478	177	52	123.111	152	136	132	129	126	124	121	118	114	108	98	145.283	196	172	165	158	152	146	140	133	126	117	102	0	0	0.000	0.000	0	0	0	0	0	0	0	0	0	0	0	0	0	0.000	0.000	0	0	0	0	0	0	0	0	0	0	0
173	173	2493	1653.389	995.614	1218	937	226	55	22	1316	853	222	48	17	117.501	137	125	123	121	120	118	116	114	112	109	99	1011.742	1748	1403	1311	1251	1188	1100	996	860	680	443	148	0	0	0.000	0.000	0	0	0	0	0	0	0	0	0	0	0	0	0	0.000	0.000	0	0	0	0	0	0	0	0	0	0	0
174	174	626	451.222	984.474	183	212	149	50	19	130	223	155	82	24	116.958	131	123	121	120	118	117	116	115	113	111	105	106.942	116	110	109	108	108	107	106	105	105	104	99	0	0	0.000	0.000	0	0	0	0	0	0	0	0	0	0	0	0	0	0.000	0.000	0	0	0	0	0	0	0	0	0	0	0
175	175	579	1875.751	983.473	155	133	152	102	21	126	93	136	132	83	152.320	193	177	171	167	163	158	152	144	131	116	101	182.625	254	226	220	212	205	197	180	159	138	117	103	0	0	0.000	0.000	0	0	0	0	0	0	0	0	0	0	0	0	0	0.000	0.000	0	0	0	0	0	0	0	0	0	0	0
176	176	1403	350.610	998.873	136	504	475	227	35	114	442	471	255	96	1445.710	18939	3370	876	480	344	284	256	234	211	183	114	279.601	2433	530	218	169	153	146	139	133	126	120	104	1	154	354.700	997.652	0	0	0	8761	0	0	0	1189	0	0	0	1	153	354.517	997.634	0	0	0	8761	0	0	0	1189	0	0	0
177	177	2388	134.810	1003.721	325	454	862	590	100	342	718	856	369	46	1061.024	18634	1389	556	433	386	363	329	289	236	164	108	534.013	2628	752	639	608	573	518	455	375	267	153	107	1	167	135.109	994.866	0	0	0	8881	0	0	0	1464	0	0	0	1	89	134.849	993.490	0	0	0	12881	0	0	0	1945	0	0	0
178	178	710	389.539	997.366	64	157	278	145	52	65	323	239	63	11	175.739	221	201	194	189	184	178	170	164	158	149	122	354.487	484	442	419	400	381	359	342	314	291	257	180	0	0	0.000	0.000	0	0	0	0	0	0	0	0	0	0	0	0	0	0.000	0.000	0	0	0	0	0	0	0	0	0	0	0
179	179	876	739.799	1000.435	113	253	310	167	23	88	332	273	135	30	148.687	186	163	159	156	153	150	147	143	139	132	110	267.677	340	319	308	300	290	280	268	252	229	196	130	0	0	0.000	0.000	0	0	0	0	0	0	0	0	0	0	0	0	0	0.000	0.000	0	0	0	0	0	0	0	0	0	0	0
180	180	2496	486.003	1017.420	399	765	896	351	35	339	651	888	434	139	127.784	152	139	135	133	131	128	126	123	120	116	97	108.409	121	113	111	110	109	108	107	107	106	104	97	0	0	0.000	0.000	0	0	0	0	0	0	0	0	0	0	0	0	0	0.000	0.000	0	0	0	0	0	0	0	0	0	0	0
181	181	1180	780.141	1010.311	249	412	360	115	22	322	510	235	73	13	209.942	280	252	244	236	228	216	204	193	178	156	104	134.918	161	148	143	140	138	135	133	130	127	122	107	0	0	0.000	0.000	0	0	0	0	0	0	0	0	0	0	0	0	0	0.000	0.000	0	0	0	0	0	0	0	0	0	0	0
182	182	1618	426.776	1020.827	100	378	614	374	126	102	470	583	334	98	548.244	11758	679	282	212	191	181	172	165	158	148	123	180.822	828	206	182	173	166	161	156	151	146	138	111	1	87	435.884	1026.617	0	0	0	5346	0	0	0	461	0	0	0	1	68	436.131	1026.794	0	0	0	6606	0	0	0	503	0	0	0
183	183	2038	544.460	1028.005	219	440	797	447	90	269	815	706	184	25	356.729	537	470	425	401	381	367	349	323	285	232	129	108.510	120	113	111	110	109	108	108	107	106	105	98	0	0	0.000	0.000	0	0	0	0	0	0	0	0	0	0	0	0	0	0.000	0.000	0	0	0	0	0	0	0	0	0	0	0
184	184	1720	1377.839	1027.640	303	566	649	148	21	225	528	656	243	37	280.010	414	355	337	319	304	288	267	251	228	190	123	161.534	215	197	187	178	171	163	156	148	140	119	101	0	0	0.000	0.000	0	0	0	0	0	0	0	0	0	0	0	0	0	0.000	0.000	0	0	0	0	0	0	0	0	0	0	0
185	185	2279	1516.712	1038.189	228	778	651	505	82	240	745	683	459	99	414.896	10461	415	249	230	220	213	204	193	178	160	121	332.094	1701	397	370	355	340	323	300	273	235	204	137	1	74	1516.213	1054.135	0	0	0	4665	0	0	0	975	0	0	0	1	47	1516.205	1053.324	0	0	0	6394	0	0	0	1169	0	0	0
186	186	1817	1771.015	1050.620	171	540	764	254	60	142	527	742	296	68	617.582	924	791	759	734	707	664	600	536	470	371	135	107.249	120	111	109	109	108	107	106	106	105	104	99	0	0	0.000	0.000	0	0	0	0	0	0	0	0	0	0	0	0	0	0.000	0.000	0	0	0	0	0	0	0	0	0	0	0
187	187	2470	319.196	1056.246	1459	557	315	98	27	1328	479	363	206	59	108.357	145	113	111	109	108	108	107	106	105	103	93	113.218	187	120	116	114	113	111	110	109	107	106	99	0	0	0.000	0.000	0	0	0	0	0	0	0	0	0	0	0	0	0	0.000	0.000	0	0	0	0	0	0	0	0	0	0	0
188	188	1705	750.675	1048.366	277	551	576	264	22	209	492	595	321	62	182.211	2939	191	174	165	160	154	148	143	137	131	112	267.399	419	352	332	313	291	268	242	223	206	186	120	1	28	748.188	1041.361	0	0	0	1259	0	0	0	354	0	0	0	0	0	0.000	0.000	0	0	0	0	0	0	0	0	0	0	0
189	189	2327	95.059	1061.077	286	447	786	558	216	262	651	781	532	49	354.214	10892	335	202	175	165	159	153	146	135	124	102	272.407	1613	327	302	287	275	262	242	220	193	164	112	1	67	97.973	1065.326	0	0	0	4820	0	0	0	900	0	0	0	1	49	97.792	1065.322	0	0	0	6040	0	0	0	1027	0	0	0
190	190	1902	577.077	1067.889	275	530	705	316	37	295	787	570	200	17	532.091	783	680	643	610	582	549	522	490	427	347	169	111.289	130	116	114	113	112	111	110	109	108	107	99	0	0	0.000	0.000	0	0	0	0	0	0	0	0	0	0	0	0	0	0.000	0.000	0	0	0	0	0	0	0	0	0	0	0
191	191	1584	627.428	1064.493	470	748	319	21	4	330	646	448	109	19	640.830	11906	697	382	360	345	333	318	303	278	234	121	169.926	1094	203	158	150	146	143	140	136	132	126	109	1	75	614.536	1056.287	0	0	0	5506	0	0	0	587	0	0	0	1	72	614.969	1055.801	0	0	0	5667	0	0	0	604	0	0	0
192	192	890	1814.643	1063.029	281	311	224	53	8	229	319	235	79	14	115.842	134	125	122	119	117	115	114	112	110	108	100	359.227	602	514	470	438	404	367	332	294	244	183	113	0	0	0.000	0.000	0	0	0	0	0	0	0	0	0	0	0	0	0	0.000	0.000	0	0	0	0	0	0	0	0	0	0	0
193	193	1280	421.892	1065.733	117	219	558	315	53	115	382	557	171	34	184.396	460	214	204	196	188	182	177	169	161	151	113	160.464	217	190	182	175	167	160	153	146	139	132	112	0	0	0.000	0.000	0	0	0	0	0	0	0	0	0	0	0	0	0	0.000	0.000	0	0	0	0	0	0	0	0	0	0	0
194	194	1536	472.903	1072.457	109	274	611	425	87	103	571	582	219	39	113.674	128	119	117	116	115	114	112	111	110	109	102	110.394	133	119	115	112	110	109	108	107	106	104	99	0	0	0.000	0.000	0	0	0	0	0	0	0	0	0	0	0	0	0	0.000	0.000	0	0	0	0	0	0	0	0	0	0	0
195	195	1547	1472.906	1073.338	284	513	509	193	23	201	480	548	196	87	224.937	335	283	269	255	242	228	216	202	183	157	114	345.732	518	465	440	415	386	360	331	299	256	193	117	0	0	0.000	0.000	0	0	0	0	0	0	0	0	0	0	0	0	0	0.000	0.000	0	0	0	0	0	0	0	0	0	0	0
196	196	1903	1714.499	1082.957	152	474	788	377	79	164	691	694	266	44	643.268	940	811	769	730	699	673	637	583	520	430	235	113.588	127	119	117	116	115	113	112	111	110	108	97	0	0	0.000	0.000	0	0	0	0	0	0	0	0	0	0	0	0	0	0.000	0.000	0	0	0	0	0	0	0	0	0	0	0
197	197	1197	520.843	1073.693	165	243	382	303	76	163	425	392	161	29	366.793	539	473	442	411	389	370	349	328	298	260	142	107.258	119	111	110	109	108	107	106	106	105	104	100	0	0	0.000	0.000	0	0	0	0	0	0	0	0	0	0	0	0	0	0.000	0.000	0	0	0	0	0	0	0	0	0	0	0
198	198	2558	143.928	1092.319	529	686	900	347	43	500	857	798	280	69	149.037	188	172	166	162	157	151	147	142	132	119	99	252.167	365	327	310	293	278	259	244	226	199	154	108	0	0	0.000	0.000	0	0	0	0	0	0	0	0	0	0	0	0	0	0.000	0.000	0	0	0	0	0	0	0	0	0	0	0
199	199	2269	373.751	1095.162	301	843	788	279	24	204	607	960	357	89	1150.871	8515	1364	1221	1164	1118	1071	1019	957	858	678	174	239.779	1966	268	235	225	218	210	202	194	183	163	112	1	46	381.399	1095.150	0	0	0	5203	0	0	0	1250	0	0	0	1	62	381.088	1094.433	0	0	0	4408	0	0	0	1089	0	0	0
200	200	1117	257.783	1095.907	480	440	137	29	10	426	394	212	48	17	164.662	207	189	185	180	176	170	162	155	144	130	109	241.527	335	300	290	281	268	253	236	216	195	157	112	0	0	0.000	0.000	0	0	0	0	0	0	0	0	0	0	0	0	0	0.000	0.000	0	0	0	0	0	0	0	0	0	0	0
201	201	2706	1848.006	1107.707	490	714	1017	427	20	377	685	1119	371	113	1213.274	21517	1289	773	733	684	625	569	496	409	305	140	263.115	4056	276	190	178	169	160	151	143	136	127	106	1	137	1856.315	1102.334	0	0	0	10244	0	0	0	1725	0	0	0	1	127	1856.197	1102.214	0	0	0	11654	0	0	0	1821	0	0	0
202	202	1062	600.528	1107.262	144	239	320	294	46	91	237	337	293	92	266.024	353	317	307	294	285	272	259	244	227	209	116	126.634	151	135	132	130	128	127	125	123	122	119	107	0	0	0.000	0.000	0	0	0	0	0	0	0	0	0	0	0	0	0	0.000	0.000	0	0	0	0	0	0	0	0	0	0	0
203	203	1413	1600.442	1114.830	284	352	436	287	30	220	402	433	268	62	723.004	13626	712	554	518	493	463	438	408	360	299	173	159.587	1181	165	141	137	134	131	129	126	124	120	112	0	0	0.000	0.000	0	0	0	0	0	0	0	0	0	0	0	0	0	0.000	0.000	0	0	0	0	0	0	0	0	0	0	0
204	204	998	498.591	1113.081	123	299	406	134	17	105	323	346	152	51	112.898	126	118	117	115	114	113	112	111	109	107	100	109.595	139	118	113	110	109	108	107	106	105	104	100	0	0	0.000	0.000	0	0	0	0	0	0	0	0	0	0	0	0	0	0.000	0.000	0	0	0	0	0	0	0	0	0	0	0
205	205	1033	1688.041	1129.373	142	289	347	201	33	87	264	388	232	47	603.713	781	708	683	665	650	635	619	586	528	434	223	115.254	129	121	119	118	117	115	114	113	111	109	92	0	0	0.000	0.000	0	0	0	0	0	0	0	0	0	0	0	0	0	0.000	0.000	0	0	0	0	0	0	0	0	0	0	0
206	206	1769	1738.948	1139.673	143	377	687	442	90	158	652	650	254	25	544.331	12704	483	244	215	201	193	186	179	170	155	127	176.127	993	185	171	164	159	154	150	146	141	133	113	1	96	1730.264	1151.744	0	0	0	5666	0	0	0	489	0	0	0	1	75	1730.491	1150.939	0	0	0	6805	0	0	0	574	0	0	0
207	207	1788	882.467	1141.458	274	570	598	288	29	204	568	625	290	71	110.275	124	116	114	112	111	110	109	108	107	105	98	108.006	125	113	111	109	108	107	107	106	105	104	99	0	0	0.000	0.000	0	0	0	0	0	0	0	0	0	0	0	0	0	0.000	0.000	0	0	0	0	0	0	0	0	0	0	0
208	208	1264	721.735	1136.214	182	424	396	203	33	137	427	411	207	65	141.299	176	160	154	150	146	142	138	135	129	121	103	234.782	337	306	283	265	249	236	223	211	196	160	112	0	0	0.000	0.000	0	0	0	0	0	0	0	0	0	0	0	0	0	0.000	0.000	0	0	0	0	0	0	0	0	0	0	0
209	209	2702	940.719	1150.607	333	835	1114	346	14	289	743	1019	495	103	116.331	136	125	122	120	118	116	115	113	111	108	99	480.524	805	676	606	560	519	482	444	404	360	278	137	0	0	0.000	0.000	0	0	0	0	0	0	0	0	0	0	0	0	0	0.000	0.000	0	0	0	0	0	0	0	0	0	0	0
210	210	2937	383.773	1149.616	572	1034	1033	237	9	429	1075	1027	319	44	138.629	178	159	153	149	145	140	135	129	123	116	102	457.569	750	678	634	578	527	465	405	343	283	226	124	0	0	0.000	0.000	0	0	0	0	0	0	0	0	0	0	0	0	0	0.000	0.000	0	0	0	0	0	0	0	0	0	0	0
211	211	1089	620.597	1141.753	274	224	310	205	54	273	355	317	99	32	116.313	135	125	122	120	118	116	115	113	110	108	101	421.713	732	627	569	528	479	431	379	330	266	192	121	0	0	0.000	0.000	0	0	0	0	0	0	0	0	0	0	0	0	0	0.000	0.000	0	0	0	0	0	0	0	0	0	0	0
212	212	2580	572.817	1156.018	875	941	609	94	15	739	1048	549	182	19	115.881	136	124	121	119	117	116	114	113	111	108	99	429.907	708	609	569	538	507	461	401	343	280	193	117	0	0	0.000	0.000	0	0	0	0	0	0	0	0	0	0	0	0	0	0.000	0.000	0	0	0	0	0	0	0	0	0	0	0
213	213	1228	1785.434	1161.431	202	338	419	216	20	141	362	423	213	67	183.836	237	217	210	203	194	187	179	169	159	145	112	145.766	184	167	160	155	150	146	141	137	132	126	105	0	0	0.000	0.000	0	0	0	0	0	0	0	0	0	0	0	0	0	0.000	0.000	0	0	0	0	0	0	0	0	0	0	0
214	214	1911	1709.683	1178.992	247	416	770	378	71	224	823	658	146	20	1092.127	1579	1437	1377	1319	1239	1154	1058	966	817	614	216	150.495	184	168	164	160	156	152	148	143	137	130	111	0	0	0.000	0.000	0	0	0	0	0	0	0	0	0	0	0	0	0	0.000	0.000	0	0	0	0	0	0	0	0	0	0	0
215	215	812	855.887	1178.586	112	309	286	77	10	45	243	354	125	34	111.170	124	116	114	113	112	111	110	109	108	106	98	106.893	120	111	109	108	108	107	106	105	104	103	98	0	0	0.000	0.000	0	0	0	0	0	0	0	0	0	0	0	0	0	0.000	0.000	0	0	0	0	0	0	0	0	0	0	0
216	216	2209	1432.555	1190.753	336	590	905	300	23	258	554	898	386	64	510.332	13784	526	243	217	208	198	185	174	161	135	106	334.336	1834	428	397	368	339	311	281	255	231	173	112	1	86	1439.202	1176.879	0	0	0	5758	0	0	0	1005	0	0	0	1	65	1439.554	1176.904	0	0	0	7460	0	0	0	1175	0	0	0
217	217	1213	709.399	1184.629	89	304	410	287	98	122	448	435	148	42	116.153	137	123	120	119	117	116	115	114	112	110	100	108.810	120	113	111	111	109	109	108	107	106	105	98	0	0	0.000	0.000	0	0	0	0	0	0	0	0	0	0	0	0	0	0.000	0.000	0	0	0	0	0	0	0	0	0	0	0
218	218	1937	761.184	1195.999	307	939	572	65	21	579	1098	205	12	6	120.353	142	129	126	124	122	121	119	117	114	112	102	112.284	127	119	116	115	113	112	111	109	108	106	101	0	0	0.000	0.000	0	0	0	0	0	0	0	0	0	0	0	0	0	0.000	0.000	0	0	0	0	0	0	0	0	0	0	0
219	219	1861	605.154	1205.127	243	675	591	268	52	223	903	492	186	14	317.537	451	403	379	358	342	324	309	289	257	219	133	120.481	139	129	127	124	123	121	119	117	114	111	103	0	0	0.000	0.000	0	0	0	0	0	0	0	0	0	0	0	0	0	0.000	0.000	0	0	0	0	0	0	0	0	0	0	0
220	220	1604	817.236	1201.160	327	529	527	179	20	296	679	396	183	23	108.433	122	113	111	110	109	108	107	106	106	104	98	217.927	309	277	262	247	233	218	204	191	180	157	114	0	0	0.000	0.000	0	0	0	0	0	0	0	0	0	0	0	0	0	0.000	0.000	0	0	0	0	0	0	0	0	0	0	0
221	221	1576	516.875	1202.090	258	552	511	191	26	238	565	490	222	35	165.425	216	191	185	179	173	168	163	157	148	134	105	167.359	220	199	191	181	174	168	162	156	148	135	106	0	0	0.000	0.000	0	0	0	0	0	0	0	0	0	0	0	0	0	0.000	0.000	0	0	0	0	0	0	0	0	0	0	0
222	222	3064	935.882	1230.300	540	1339	960	166	15	325	1039	1147	427	74	116.941	135	124	122	120	119	117	116	114	112	109	100	480.371	782	647	593	552	521	494	467	431	378	294	119	0	0	0.000	0.000	0	0	0	0	0	0	0	0	0	0	0	0	0	0.000	0.000	0	0	0	0	0	0	0	0	0	0	0
223	223	1797	1747.080	1224.266	165	373	768	387	72	168	848	568	157	16	935.972	1315	1193	1125	1072	1035	994	935	851	753	607	206	140.226	173	158	152	148	144	140	137	133	129	123	106	0	0	0.000	0.000	0	0	0	0	0	0	0	0	0	0	0	0	0	0.000	0.000	0	0	0	0	0	0	0	0	0	0	0
224	224	1967	1473.698	1226.910	338	552	697	316	28	263	573	739	270	85	200.440	286	245	233	224	214	203	193	182	168	148	114	337.583	542	464	433	399	367	333	306	282	255	208	133	0	0	0.000	0.000	0	0	0	0	0	0	0	0	0	0	0	0	0	0.000	0.000	0	0	0	0	0	0	0	0	0	0	0
225	225	1621	722.298	1231.970	160	562	508	297	61	113	628	585	197	69	115.738	135	122	120	118	117	116	115	113	112	109	101	145.473	181	164	158	153	148	145	141	138	135	129	112	0	0	0.000	0.000	0	0	0	0	0	0	0	0	0	0	0	0	0	0.000	0.000	0	0	0	0	0	0	0	0	0	0	0
226	226	1525	232.881	1233.692	245	427	478	301	41	257	511	429	255	48	200.609	295	261	243	227	216	204	189	176	158	137	105	137.199	180	161	156	151	146	141	134	125	115	107	99	0	0	0.000	0.000	0	0	0	0	0	0	0	0	0	0	0	0	0	0.000	0.000	0	0	0	0	0	0	0	0	0	0	0
227	227	1376	1397.925	1233.390	338	389	444	170	17	271	493	358	192	42	223.482	3881	254	187	176	169	164	158	152	142	125	102	315.459	621	419	396	374	355	337	309	279	233	156	110	1	35	1410.948	1225.892	0	0	0	1616	0	0	0	491	0	0	0	0	0	0.000	0.000	0	0	0	0	0	0	0	0	0	0	0
228	228	1863	555.891	1254.084	583	842	357	34	15	266	706	539	235	87	320.856	7816	343	202	176	165	159	154	150	144	135	109	188.590	1096	223	198	186	176	168	160	152	146	138	115	1	62	557.952	1266.658	0	0	0	3214	0	0	0	636	0	0	0	1	57	558.418	1266.215	0	0	0	3326	0	0	0	679	0	0	0
229	229	2545	484.189	1262.182	576	802	846	249	31	493	955	709	275	64	1165.647	19013	1625	526	402	355	335	315	289	254	200	104	281.737	3236	376	181	160	151	144	140	135	129	119	99	1	209	480.792	1266.002	0	0	0	9195	0	0	0	1545	0	0	0	1	209	480.510	1266.289	0	0	0	9195	0	0	0	1545	0	0	0
230	230	1761	854.041	1257.591	372	359	539	341	126	352	521	547	248	44	693.175	1124	995	945	882	801	708	629	544	454	340	130	122.670	148	136	132	128	125	122	119	117	114	110	101	0	0	0.000	0.000	0	0	0	0	0	0	0	0	0	0	0	0	0	0.000	0.000	0	0	0	0	0	0	0	0	0	0	0
231	231	2109	1840.954	1259.406	394	866	687	99	16	237	517	744	443	116	292.228	6761	278	211	200	193	186	180	171	159	143	104	190.211	898	218	205	196	189	182	174	166	156	141	105	1	59	1852.692	1265.788	0	0	0	2972	0	0	0	511	0	0	0	1	45	1852.473	1265.891	0	0	0	3447	0	0	0	586	0	0	0
232	232	1248	607.458	1256.805	208	551	418	42	8	130	492	368	172	60	259.692	346	314	301	292	280	268	254	240	222	190	122	119.876	160	132	127	124	121	119	117	115	113	110	102	0	0	0.000	0.000	0	0	0	0	0	0	0	0	0	0	0	0	0	0.000	0.000	0	0	0	0	0	0	0	0	0	0	0
233	233	1332	1009.704	1261.995	262	537	441	64	9	98	391	460	272	91	210.821	1966	244	218	206	196	188	180	172	157	142	113	146.863	337	163	156	152	149	145	142	137	133	125	107	1	31	1001.428	1264.528	0	0	0	903	0	0	0	216	0	0	0	1	15	1002.429	1264.867	0	0	0	1175	0	0	0	285	0	0	0
234	234	1091	1786.077	1260.298	214	282	354	184	42	227	388	268	142	51	156.421	203	183	176	171	167	162	156	148	132	117	106	159.624	224	200	189	180	172	162	154	145	124	112	103	0	0	0.000	0.000	0	0	0	0	0	0	0	0	0	0	0	0	0	0.000	0.000	0	0	0	0	0	0	0	0	0	0	0
235	235	1234	127.502	1279.575	204	349	351	212	97	227	415	372	171	30	111.514	126	117	115	114	113	111	110	109	108	106	99	144.352	183	164	156	151	148	145	141	138	133	126	109	0	0	0.000	0.000	0	0	0	0	0	0	0	0	0	0	0	0	0	0.000	0.000	0	0	0	0	0	0	0	0	0	0	0
236	236	1718	902.735	1286.467	430	848	359	37	11	232	548	564	272	73	769.214	1305	1108	1005	923	840	776	713	631	535	430	200	124.868	151	136	133	130	128	125	122	120	117	113	105	0	0	0.000	0.000	0	0	0	0	0	0	0	0	0	0	0	0	0	0.000	0.000	0	0	0	0	0	0	0	0	0	0	0
237	237	2153	745.076	1286.515	365	675	714	322	40	356	788	622	313	39	173.354	248	206	193	183	177	172	167	162	155	143	112	395.846	629	535	471	431	411	390	373	354	331	269	154	0	0	0.000	0.000	0	0	0	0	0	0	0	0	0	0	0	0	0	0.000	0.000	0	0	0	0	0	0	0	0	0	0	0
238	238	1880	640.227	1286.515	321	827	612	84	7	202	633	605	291	112	1125.943	17589	1662	631	482	435	398	364	328	291	251	115	242.819	2539	323	177	155	148	144	140	135	130	124	108	1	138	643.171	1277.043	0	0	0	8733	0	0	0	1250	0	0	0	1	141	643.485	1276.981	0	0	0	8594	0	0	0	1235	0	0	0
239	239	1620	691.257	1299.058	163	328	681	389	37	124	363	686	338	87	184.836	245	218	210	203	195	185	177	169	160	150	118	432.239	639	568	536	507	472	438	403	366	329	292	162	0	0	0.000	0.000	0	0	0	0	0	0	0	0	0	0	0	0	0	0.000	0.000	0	0	0	0	0	0	0	0	0	0	0
240	240	2612	957.903	1312.260	495	1168	804	90	10	331	851	951	386	50	428.519	676	576	522	482	453	425	400	376	345	290	135	850.274	1381	1161	1058	967	906	847	798	741	669	541	191	0	0	0.000	0.000	0	0	0	0	0	0	0	0	0	0	0	0	0	0.000	0.000	0	0	0	0	0	0	0	0	0	0	0
241	241	941	1744.771	1309.755	435	317	137	30	12	335	285	192	71	40	175.660	755	208	182	175	170	167	163	158	151	142	115	168.698	405	192	186	181	175	169	163	155	147	140	111	0	0	0.000	0.000	0	0	0	0	0	0	0	0	0	0	0	0	0	0.000	0.000	0	0	0	0	0	0	0	0	0	0	0
242	242	621	787.319	1308.715	88	157	187	125	49	64	242	219	60	25	206.837	291	250	234	225	215	208	200	191	181	166	118	120.781	137	129	126	125	123	121	119	118	116	112	102	0	0	0.000	0.000	0	0	0	0	0	0	0	0	0	0	0	0	0	0.000	0.000	0	0	0	0	0	0	0	0	0	0	0
243	243	1826	601.435	1341.220	405	644	602	130	13	257	410	665	344	123	408.452	3285	523	468	444	422	396	365	325	276	212	118	145.622	518	165	156	151	146	142	138	133	127	117	102	1	33	606.728	1335.360	0	0	0	1579	0	0	0	301	0	0	0	1	30	607.201	1336.128	0	0	0	1780	0	0	0	341	0	0	0
244	244	2466	672.162	1348.773	354	769	874	369	57	288	925	820	327	62	328.841	5137	372	347	324	301	280	260	235	209	181	125	135.009	425	153	146	140	134	130	127	123	120	115	104	1	41	686.202	1355.965	0	0	0	2561	0	0	0	257	0	0	0	1	39	685.037	1355.242	0	0	0	1618	0	0	0	286	0	0	0
245	245	1922	1251.438	1357.503	251	620	782	207	22	195	604	799	236	47	595.271	8702	631	552	521	492	472	449	422	384	314	138	181.899	1551	191	171	166	162	158	154	150	144	136	114	1	47	1260.651	1367.479	0	0	0	4745	0	0	0	870	0	0	0	1	52	1260.941	1366.221	0	0	0	2462	0	0	0	810	0	0	0
246	246	1362	217.669	1356.598	247	441	388	232	27	188	469	444	201	26	265.305	393	340	326	309	294	275	256	232	202	170	115	174.124	241	210	200	192	184	176	167	157	146	136	114	0	0	0.000	0.000	0	0	0	0	0	0	0	0	0	0	0	0	0	0.000	0.000	0	0	0	0	0	0	0	0	0	0	0
247	247	2357	735.562	1358.165	455	887	712	249	14	303	837	704	373	92	1567.621	23630	2567	722	448	359	317	285	254	225	193	119	243.168	2355	355	179	155	144	137	132	126	122	117	104	1	219	736.182	1355.338	0	0	0	11779	0	0	0	1129	0	0	0	1	209	736.320	1355.231	0	0	0	12229	0	0	0	1172	0	0	0
248	248	1220	1921.113	1363.485	488	433	258	24	5	278	316	292	245	67	172.917	237	209	200	192	184	177	168	158	145	129	104	163.807	230	200	190	181	173	164	156	148	139	125	103	0	0	0.000	0.000	0	0	0	0	0	0	0	0	0	0	0	0	0	0.000	0.000	0	0	0	0	0	0	0	0	0	0	0
249	249	1682	105.963	1375.301	251	466	617	280	34	190	557	637	236	32	207.213	1944	223	209	202	196	189	180	168	154	137	109	145.197	457	161	155	150	146	142	138	134	128	120	101	1	37	98.884	1360.511	0	0	0	979	0	0	0	296	0	0	0	1	27	98.587	1360.164	0	0	0	1133	0	0	0	306	0	0	0
250	250	1057	839.795	1375.866	256	445	244	86	11	97	330	317	225	56	248.913	326	293	286	278	270	260	248	232	213	182	133	124.622	157	138	133	130	126	124	121	118	116	113	104	0	0	0.000	0.000	0	0	0	0	0	0	0	0	0	0	0	0	0	0.000	0.000	0	0	0	0	0	0	0	0	0	0	0
251	251	2302	1048.806	1383.590	424	696	804	318	16	317	491	922	370	168	2448.770	19136	2972	2462	2314	2151	1994	1836	1623	1328	975	420	251.376	2592	296	214	199	187	178	170	162	153	141	108	1	110	1041.567	1376.352	0	0	0	12713	0	0	0	1028	0	0	0	1	120	1043.092	1375.968	0	0	0	10618	0	0	0	1309	0	0	0
252	252	2352	986.326	1389.620	504	828	722	233	24	382	637	864	327	101	1633.025	8654	2172	2055	1968	1858	1730	1591	1319	1022	646	200	173.191	865	204	192	184	177	169	160	150	137	121	103	1	18	974.955	1384.539	0	0	0	6843	0	0	0	303	0	0	0	1	44	978.060	1383.954	0	0	0	2948	0	0	0	515	0	0	0
253	253	1032	640.676	1390.824	135	347	413	104	19	124	493	253	120	23	218.765	282	259	248	240	231	224	214	205	191	171	128	143.490	182	166	160	155	149	144	139	133	128	121	107	0	0	0.000	0.000	0	0	0	0	0	0	0	0	0	0	0	0	0	0.000	0.000	0	0	0	0	0	0	0	0	0	0	0
254	254	2366	1326.480	1405.183	1673	382	174	88	27	1616	410	225	68	18	163.910	495	282	183	151	142	135	128	122	118	114	104	192.249	793	407	202	161	149	140	131	124	119	114	105	0	0	0.000	0.000	0	0	0	0	0	0	0	0	0	0	0	0	0	0.000	0.000	0	0	0	0	0	0	0	0	0	0	0
255	255	2187	517.677	1396.296	239	738	780	337	50	162	582	800	486	129	1330.611	20769	2245	577	368	331	307	285	257	222	177	113	303.285	3379	475	198	166	157	149	142	135	128	119	102	1	199	512.222	1394.672	0	0	0	10009	0	0	0	1560	0	0	0	1	185	511.558	1394.141	0	0	0	10009	0	0	0	1657	0	0	0
256	256	1338	685.408	1400.824	233	414	385	237	41	214	569	381	134	20	323.961	5908	377	255	227	215	204	196	186	175	160	115	156.824	712	175	159	152	147	144	141	138	134	129	110	1	41	675.377	1400.001	0	0	0	2642	0	0	0	430	0	0	0	1	40	675.087	1400.397	0	0	0	2722	0	0	0	436	0	0	0
257	257	2334	766.186	1404.403	395	926	765	185	19	312	817	874	239	59	1820.514	26573	3305	892	542	435	386	352	314	256	191	120	506.982	7384	817	288	206	178	167	160	152	139	124	103	1	236	767.162	1400.325	0	0	0	13310	0	0	0	2764	0	0	0	1	199	767.487	1400.069	0	0	0	16206	0	0	0	3409	0	0	0
258	258	1770	462.236	1409.909	243	365	683	407	44	158	305	734	405	132	421.223	9517	465	248	214	204	195	186	176	165	150	107	178.137	1452	191	164	157	151	146	140	135	130	125	105	1	70	454.451	1418.568	0	0	0	4517	0	0	0	767	0	0	0	1	72	454.089	1419.017	0	0	0	4374	0	0	0	767	0	0	0
259	259	1585	653.908	1437.863	297	630	494	123	19	289	613	392	216	43	356.444	5832	378	296	278	266	253	241	226	206	179	127	154.792	675	174	162	156	150	145	140	135	129	123	106	1	46	655.571	1436.486	0	0	0	2937	0	0	0	396	0	0	0	1	43	655.956	1436.702	0	0	0	2946	0	0	0	397	0	0	0
260	260	1286	504.622	1443.050	92	325	461	319	61	103	408	507	203	47	275.617	380	340	330	320	307	290	274	250	220	180	122	143.376	182	165	159	155	150	145	140	134	126	118	103	0	0	0.000	0.000	0	0	0	0	0	0	0	0	0	0	0	0	0	0.000	0.000	0	0	0	0	0	0	0	0	0	0	0
261	261	1709	970.739	1451.431	514	806	279	42	20	699	795	139	23	14	491.655	4950	572	528	505	483	463	436	387	317	222	112	175.573	1120	194	182	177	172	166	161	154	144	130	108	1	38	984.651	1443.578	0	0	0	2455	0	0	0	450	0	0	0	1	31	985.243	1444.033	0	0	0	2722	0	0	0	623	0	0	0
262	262	2451	176.204	1483.593	461	848	756	300	33	393	856	777	323	53	265.271	403	328	311	297	283	272	261	245	222	185	125	551.896	864	733	693	650	614	583	547	491	403	303	144	0	0	0.000	0.000	0	0	0	0	0	0	0	0	0	0	0	0	0	0.000	0.000	0	0	0	0	0	0	0	0	0	0	0
263	263	2160	633.514	1494.790	254	578	751	452	75	211	528	834	420	121	111.261	123	116	114	113	112	111	110	109	108	107	99	291.249	419	366	350	336	323	309	290	263	229	186	115	0	0	0.000	0.000	0	0	0	0	0	0	0	0	0	0	0	0	0	0.000	0.000	0	0	0	0	0	0	0	0	0	0	0
264	264	1576	695.824	1500.885	266	580	542	140	18	135	407	597	344	66	112.532	126	118	116	115	114	112	111	110	109	107	101	153.749	193	173	167	164	160	157	153	148	140	129	106	0	0	0.000	0.000	0	0	0	0	0	0	0	0	0	0	0	0	0	0.000	0.000	0	0	0	0	0	0	0	0	0	0	0
265	265	1600	969.080	1505.457	867	643	53	8	6	758	724	69	15	4	617.213	972	850	785	723	672	620	576	531	473	365	163	185.597	268	236	221	209	198	184	173	165	156	134	106	0	0	0.000	0.000	0	0	0	0	0	0	0	0	0	0	0	0	0	0.000	0.000	0	0	0	0	0	0	0	0	0	0	0
266	266	1754	540.518	1521.439	218	413	624	399	67	175	414	725	295	116	1331.253	18943	1907	844	773	727	687	641	578	495	369	168	208.504	2021	264	157	148	143	140	136	132	127	120	104	1	112	547.696	1515.249	0	0	0	9437	0	0	0	994	0	0	0	1	120	547.630	1514.231	0	0	0	7174	0	0	0	948	0	0	0
267	267	1516	1357.064	1525.517	454	333	417	243	47	418	375	426	221	54	143.286	168	155	151	148	146	143	141	139	136	132	114	125.265	147	134	132	129	126	125	123	121	119	117	106	0	0	0.000	0.000	0	0	0	0	0	0	0	0	0	0	0	0	0	0.000	0.000	0	0	0	0	0	0	0	0	0	0	0
268	268	2012	909.889	1533.133	462	651	638	192	28	508	932	456	73	12	652.042	12471	759	463	404	378	353	325	300	264	213	131	194.717	2199	214	166	157	151	146	142	136	130	122	107	1	85	915.121	1527.439	0	0	0	6009	0	0	0	1021	0	0	0	1	80	915.131	1527.333	0	0	0	6224	0	0	0	1133	0	0	0
269	269	1496	483.955	1530.694	396	384	402	252	44	310	299	363	316	182	578.576	824	744	716	678	641	609	584	542	462	330	134	129.387	157	142	139	136	134	131	128	125	120	113	102	0	0	0.000	0.000	0	0	0	0	0	0	0	0	0	0	0	0	0	0.000	0.000	0	0	0	0	0	0	0	0	0	0	0
270	270	1037	1190.616	1560.020	229	350	366	56	10	160	366	294	154	51	293.632	411	362	346	333	320	307	293	270	243	199	142	134.175	152	144	141	138	136	134	132	130	128	125	110	0	0	0.000	0.000	0	0	0	0	0	0	0	0	0	0	0	0	0	0.000	0.000	0	0	0	0	0	0	0	0	0	0	0
271	271	3309	1776.052	1580.181	1608	712	482	445	34	1485	689	535	454	101	115.101	213	129	124	119	115	112	109	108	106	104	97	151.765	510	206	189	171	152	136	125	118	113	109	102	0	0	0.000	0.000	0	0	0	0	0	0	0	0	0	0	0	0	0	0.000	0.000	0	0	0	0	0	0	0	0	0	0	0
272	272	761	575.026	1573.339	130	286	188	124	24	86	280	239	116	27	294.830	410	372	358	345	328	305	283	260	229	195	136	132.870	158	149	144	142	139	135	131	127	122	112	99	0	0	0.000	0.000	0	0	0	0	0	0	0	0	0	0	0	0	0	0.000	0.000	0	0	0	0	0	0	0	0	0	0	0
273	273	518	1095.680	1572.493	97	104	121	101	87	115	113	180	77	27	272.062	387	345	331	319	306	290	265	237	204	173	129	114.305	124	119	117	116	115	114	114	113	111	110	103	0	0	0.000	0.000	0	0	0	0	0	0	0	0	0	0	0	0	0	0.000	0.000	0	0	0	0	0	0	0	0	0	0	0
274	274	1350	906.733	1593.260	203	387	386	251	101	154	533	352	213	81	298.869	419	370	357	344	330	308	291	269	242	202	129	141.061	190	164	156	149	144	139	136	131	127	121	106	0	0	0.000	0.000	0	0	0	0	0	0	0	0	0	0	0	0	0	0.000	0.000	0	0	0	0	0	0	0	0	0	0	0
275	275	1282	706.589	1597.116	287	546	325	94	12	329	558	229	118	24	657.996	1014	887	836	792	735	678	618	552	474	386	197	108.006	125	115	111	109	108	107	106	105	104	103	99	0	0	0.000	0.000	0	0	0	0	0	0	0	0	0	0	0	0	0	0.000	0.000	0	0	0	0	0	0	0	0	0	0	0
276	276	1333	659.399	1600.302	173	493	461	156	24	106	477	490	175	60	672.035	992	898	821	775	738	704	652	592	524	415	214	152.485	195	176	170	164	160	155	150	143	135	123	103	0	0	0.000	0.000	0	0	0	0	0	0	0	0	0	0	0	0	0	0.000	0.000	0	0	0	0	0	0	0	0	0	0	0
277	277	2126	234.686	1607.079	344	688	678	336	46	305	680	669	359	74	299.072	424	383	367	351	335	317	292	263	228	188	111	177.042	245	219	209	200	191	180	169	156	144	130	100	0	0	0.000	0.000	0	0	0	0	0	0	0	0	0	0	0	0	0	0.000	0.000	0	0	0	0	0	0	0	0	0	0	0
278	278	2363	610.428	1613.278	627	1214	463	24	10	307	745	811	383	67	653.720	11422	762	550	482	444	412	383	348	299	240	122	162.537	1120	182	162	154	147	141	136	131	126	119	102	1	86	621.556	1612.754	0	0	0	5628	0	0	0	534	0	0	0	1	83	621.564	1613.520	0	0	0	5642	0	0	0	560	0	0	0
279	279	1716	1581.762	1604.188	514	740	297	119	19	493	728	285	119	47	112.783	154	118	116	115	113	112	111	110	109	107	100	390.308	672	521	463	440	418	398	375	347	303	248	147	0	0	0.000	0.000	0	0	0	0	0	0	0	0	0	0	0	0	0	0.000	0.000	0	0	0	0	0	0	0	0	0	0	0
280	280	1481	763.312	1604.563	340	802	268	27	15	312	844	245	36	15	709.323	1028	914	862	829	789	743	693	637	560	450	167	106.261	118	110	109	108	107	106	105	105	104	103	97	0	0	0.000	0.000	0	0	0	0	0	0	0	0	0	0	0	0	0	0.000	0.000	0	0	0	0	0	0	0	0	0	0	0
281	281	2252	315.263	1611.326	441	656	694	361	53	353	678	690	376	116	222.877	315	278	262	250	240	231	220	206	187	147	107	162.498	218	192	184	176	170	165	159	153	144	125	104	0	0	0.000	0.000	0	0	0	0	0	0	0	0	0	0	0	0	0	0.000	0.000	0	0	0	0	0	0	0	0	0	0	0
282	282	941	728.499	1635.227	89	156	317	277	83	76	239	418	151	29	757.213	1065	1001	964	916	856	805	755	672	558	411	197	106.413	122	111	109	108	107	106	105	104	103	102	98	0	0	0.000	0.000	0	0	0	0	0	0	0	0	0	0	0	0	0	0.000	0.000	0	0	0	0	0	0	0	0	0	0	0
283	283	3688	112.248	1651.441	814	1338	1126	321	26	600	1048	1278	586	112	110.630	130	117	114	113	112	110	109	108	107	105	97	288.701	470	404	374	348	317	290	264	240	205	159	111	0	0	0.000	0.000	0	0	0	0	0	0	0	0	0	0	0	0	0	0.000	0.000	0	0	0	0	0	0	0	0	0	0	0
284	284	1892	182.020	1650.817	305	589	619	287	66	277	712	567	278	27	3149.205	27274	13148	2491	932	531	377	330	301	262	211	120	928.780	8390	3275	746	353	245	204	185	170	157	144	107	0	0	0.000	0.000	0	0	0	0	0	0	0	0	0	0	0	1	313	179.055	1650.861	0	0	0	16345	0	0	0	3992	0	0	0
285	285	2362	905.698	1649.740	385	821	795	284	32	236	702	857	429	90	1582.936	4877	2131	1968	1801	1683	1601	1519	1424	1248	897	221	183.979	548	218	205	196	188	181	174	167	159	144	107	0	0	0.000	0.000	0	0	0	0	0	0	0	0	0	0	0	1	22	920.298	1656.535	0	0	0	3593	0	0	0	437	0	0	0
286	286	1986	1345.273	1655.277	1325	395	176	41	30	1286	374	175	97	42	1524.190	21484	1910	1032	912	815	751	683	621	557	470	177	412.861	8188	526	207	170	162	158	154	149	143	135	111	1	135	1338.115	1658.913	0	0	0	10093	0	0	0	2820	0	0	0	1	113	1338.343	1658.689	0	0	0	12952	0	0	0	3439	0	0	0
287	287	2853	1641.001	1651.840	385	777	1026	538	79	340	770	1033	542	104	1711.140	26555	2940	659	391	340	314	288	256	223	187	118	632.576	5430	946	544	500	455	416	383	340	292	229	121	1	285	1641.176	1642.622	0	0	0	13146	0	0	0	2412	0	0	0	1	228	1641.566	1642.590	0	0	0	16609	0	0	0	3023	0	0	0
288	288	2250	844.908	1662.898	518	814	690	180	15	365	769	613	411	69	1763.034	2588	2329	2216	2118	2032	1942	1814	1568	1266	914	256	189.686	254	225	217	209	202	194	186	176	163	144	107	0	0	0.000	0.000	0	0	0	0	0	0	0	0	0	0	0	0	0	0.000	0.000	0	0	0	0	0	0	0	0	0	0	0
289	289	2993	430.785	1668.066	823	921	842	332	27	616	916	860	479	65	144.656	194	167	162	157	151	146	141	136	128	117	99	272.863	405	361	340	321	299	279	259	240	208	166	115	0	0	0.000	0.000	0	0	0	0	0	0	0	0	0	0	0	0	0	0.000	0.000	0	0	0	0	0	0	0	0	0	0	0
290	290	2005	960.818	1667.315	337	555	611	391	77	277	672	633	308	75	1800.345	5700	2522	2334	2191	2001	1823	1698	1533	1239	846	208	194.180	607	235	222	211	200	191	183	173	160	140	111	0	0	0.000	0.000	0	0	0	0	0	0	0	0	0	0	0	1	19	964.760	1677.480	0	0	0	4737	0	0	0	501	0	0	0
291	291	991	1062.174	1664.978	388	419	132	29	5	115	464	270	95	25	116.450	153	130	122	117	116	114	112	111	109	107	100	144.183	340	209	163	147	140	133	126	119	112	108	100	0	0	0.000	0.000	0	0	0	0	0	0	0	0	0	0	0	0	0	0.000	0.000	0	0	0	0	0	0	0	0	0	0	0
292	292	3108	600.268	1691.761	784	1480	748	40	8	543	1349	754	374	39	259.274	4254	309	253	238	226	214	201	185	168	146	112	190.206	1828	218	204	193	182	172	163	155	144	130	104	2	50	596.751	1692.464	16	589.669	1678.134	2069	0	526	0	922	0	275	0	1	52	596.737	1692.067	0	0	0	2028	0	0	0	902	0	0	0
293	293	1119	1195.456	1678.846	260	441	355	33	10	155	437	309	165	33	731.943	1084	986	943	886	822	770	709	629	536	412	170	124.602	156	137	133	129	127	124	122	119	116	113	102	0	0	0.000	0.000	0	0	0	0	0	0	0	0	0	0	0	0	0	0.000	0.000	0	0	0	0	0	0	0	0	0	0	0
294	294	1559	1241.534	1691.434	441	657	335	77	15	283	639	362	181	70	691.117	1104	942	881	816	761	700	643	584	521	422	174	120.299	147	132	127	124	121	119	117	115	113	111	100	0	0	0.000	0.000	0	0	0	0	0	0	0	0	0	0	0	0	0	0.000	0.000	0	0	0	0	0	0	0	0	0	0	0
295	295	3372	156.367	1705.053	729	780	1043	656	118	545	694	1188	614	273	114.157	265	122	118	116	115	113	112	110	109	106	97	306.530	487	420	392	364	335	308	281	257	233	184	115	0	0	0.000	0.000	0	0	0	0	0	0	0	0	0	0	0	0	0	0.000	0.000	0	0	0	0	0	0	0	0	0	0	0
296	296	2024	1575.093	1693.105	381	728	603	257	28	207	675	769	260	77	475.082	8270	466	320	297	280	264	247	231	211	181	107	486.863	2248	666	603	541	483	444	405	378	347	267	125	1	103	1580.324	1680.884	0	0	0	3756	0	0	0	1184	0	0	0	1	47	1579.699	1679.564	0	0	0	5194	0	0	0	1686	0	0	0
297	297	2970	490.588	1703.201	514	778	1001	521	101	388	934	999	515	81	155.698	211	182	174	168	163	159	154	148	139	121	101	313.066	509	431	389	362	342	324	302	279	240	164	111	0	0	0.000	0.000	0	0	0	0	0	0	0	0	0	0	0	0	0	0.000	0.000	0	0	0	0	0	0	0	0	0	0	0
298	298	1320	1338.804	1695.760	655	330	223	65	23	513	420	265	84	14	1682.532	16871	5864	1525	709	460	348	283	239	196	153	110	2253.752	22931	7967	1926	783	430	299	226	174	151	129	107	1	204	1338.613	1695.756	0	0	0	7775	0	0	0	10982	0	0	0	1	205	1338.625	1695.505	0	0	0	7770	0	0	0	10975	0	0	0
299	299	2310	1514.850	1707.693	183	628	819	512	123	181	800	866	386	37	3051.420	27627	11688	1868	743	509	421	370	327	277	225	131	1058.492	7381	2626	954	746	632	556	509	447	375	299	141	1	431	1509.826	1703.845	0	0	0	12948	0	0	0	2889	0	0	0	1	288	1509.715	1703.674	0	0	0	22309	0	0	0	4431	0	0	0
300	300	3099	911.313	1711.048	595	997	961	418	72	430	1162	1090	328	36	1532.759	2518	2045	1898	1792	1678	1588	1490	1377	1226	889	299	132.453	164	146	142	139	136	134	131	127	123	117	102	0	0	0.000	0.000	0	0	0	0	0	0	0	0	0	0	0	0	0	0.000	0.000	0	0	0	0	0	0	0	0	0	0	0
301	301	1128	203.696	1730.208	318	314	292	162	25	225	400	230	189	63	1138.039	2023	1649	1505	1384	1251	1150	1074	1005	818	499	163	109.914	124	115	113	112	111	110	109	108	107	105	100	0	0	0.000	0.000	0	0	0	0	0	0	0	0	0	0	0	0	0	0.000	0.000	0	0	0	0	0	0	0	0	0	0	0
302	302	2379	642.858	1729.762	547	736	663	346	52	436	728	695	376	109	2461.793	29799	7289	1305	603	400	322	280	244	206	164	112	927.549	11750	2225	518	298	237	211	197	183	164	139	110	1	315	641.418	1727.227	0	0	0	15535	0	0	0	4610	0	0	0	1	275	641.733	1726.803	0	0	0	17619	0	0	0	5541	0	0	0
303	303	2842	847.021	1744.937	706	1163	720	201	13	465	818	892	456	174	1645.753	2866	2255	2076	1971	1864	1766	1658	1540	1189	682	170	140.140	182	164	158	152	146	140	135	130	123	115	102	0	0	0.000	0.000	0	0	0	0	0	0	0	0	0	0	0	0	0	0.000	0.000	0	0	0	0	0	0	0	0	0	0	0
304	304	2645	1380.974	1747.178	663	985	735	194	30	487	786	821	416	80	120.766	140	129	126	124	123	121	120	118	115	112	102	1070.744	1718	1507	1411	1317	1242	1146	1016	897	765	475	165	0	0	0.000	0.000	0	0	0	0	0	0	0	0	0	0	0	0	0	0.000	0.000	0	0	0	0	0	0	0	0	0	0	0
305	305	1307	953.903	1743.216	224	395	420	224	30	171	541	403	145	15	180.941	241	210	202	196	191	187	181	174	162	138	107	177.413	248	210	201	194	188	182	175	169	158	129	101	0	0	0.000	0.000	0	0	0	0	0	0	0	0	0	0	0	0	0	0.000	0.000	0	0	0	0	0	0	0	0	0	0	0
306	306	1608	515.058	1758.949	289	495	515	260	23	257	449	501	285	88	182.386	260	223	210	200	192	185	177	170	158	134	106	244.412	375	322	303	284	264	239	225	211	196	162	113	0	0	0.000	0.000	0	0	0	0	0	0	0	0	0	0	0	0	0	0.000	0.000	0	0	0	0	0	0	0	0	0	0	0
307	307	925	1496.702	1759.024	203	344	240	100	23	185	439	236	37	7	280.826	390	344	325	313	298	284	271	257	243	212	131	471.336	626	583	560	535	515	494	466	435	393	331	151	0	0	0.000	0.000	0	0	0	0	0	0	0	0	0	0	0	0	0	0.000	0.000	0	0	0	0	0	0	0	0	0	0	0
308	308	2655	1864.178	1773.497	416	661	982	469	71	319	722	969	526	75	225.738	309	272	262	253	242	231	221	209	191	166	107	323.566	462	417	396	372	348	323	307	289	264	217	118	0	0	0.000	0.000	0	0	0	0	0	0	0	0	0	0	0	0	0	0.000	0.000	0	0	0	0	0	0	0	0	0	0	0
309	309	2279	906.905	1776.490	577	986	574	86	14	293	634	860	388	56	359.537	8933	363	237	223	210	202	193	184	172	154	119	201.771	849	249	225	212	202	194	185	176	162	142	106	1	70	894.266	1774.423	0	0	0	3994	0	0	0	446	0	0	0	1	44	894.784	1774.346	0	0	0	5256	0	0	0	596	0	0	0
310	310	2240	382.817	1786.016	300	619	848	378	68	277	668	790	417	52	137.009	177	157	149	144	140	137	133	129	124	118	100	229.758	350	302	269	252	239	228	214	202	189	168	111	0	0	0.000	0.000	0	0	0	0	0	0	0	0	0	0	0	0	0	0.000	0.000	0	0	0	0	0	0	0	0	0	0	0
311	311	1192	619.664	1791.340	162	505	363	120	16	138	624	274	118	19	253.352	364	318	300	285	273	261	246	231	209	177	112	139.541	183	160	155	149	144	139	135	131	125	120	105	0	0	0.000	0.000	0	0	0	0	0	0	0	0	0	0	0	0	0	0.000	0.000	0	0	0	0	0	0	0	0	0	0	0
312	312	818	859.282	1795.277	150	191	245	179	46	157	313	219	98	22	1139.532	1829	1585	1503	1377	1257	1148	1065	991	902	586	216	123.780	145	135	132	129	127	125	122	119	116	111	100	0	0	0.000	0.000	0	0	0	0	0	0	0	0	0	0	0	0	0	0.000	0.000	0	0	0	0	0	0	0	0	0	0	0
313	313	2107	1221.024	1814.516	569	825	568	99	12	497	948	521	96	11	953.453	17925	1250	344	239	225	215	206	194	178	153	112	227.673	2303	256	172	165	160	156	152	147	139	125	103	1	154	1232.795	1815.517	0	0	0	8371	0	0	0	1011	0	0	0	1	132	1232.999	1815.362	0	0	0	9811	0	0	0	1130	0	0	0
314	314	1208	329.276	1810.264	204	355	357	241	31	147	294	408	269	73	126.471	153	139	135	133	130	128	125	123	118	110	99	193.161	268	235	223	214	206	198	191	183	169	131	103	0	0	0.000	0.000	0	0	0	0	0	0	0	0	0	0	0	0	0	0.000	0.000	0	0	0	0	0	0	0	0	0	0	0
315	315	1943	445.862	1817.350	444	437	591	380	61	311	485	603	381	134	111.357	127	118	116	114	113	111	110	109	107	105	99	245.798	371	317	298	284	271	259	245	228	191	137	104	0	0	0.000	0.000	0	0	0	0	0	0	0	0	0	0	0	0	0	0.000	0.000	0	0	0	0	0	0	0	0	0	0	0
316	316	1382	1500.073	1810.958	291	491	387	150	39	290	468	405	174	18	946.254	12120	1303	747	646	604	571	532	508	479	389	142	175.338	1186	226	154	145	141	138	136	133	129	123	106	1	77	1488.273	1803.636	0	0	0	6010	0	0	0	629	0	0	0	1	80	1488.266	1803.356	0	0	0	6005	0	0	0	607	0	0	0
317	317	2501	1457.896	1833.996	1538	523	252	111	59	1650	465	241	91	34	182.691	383	252	227	210	192	178	165	150	133	117	102	137.850	276	166	153	147	140	133	128	123	117	112	102	0	0	0.000	0.000	0	0	0	0	0	0	0	0	0	0	0	1	43	1443.237	1844.989	0	0	0	276	0	0	0	228	0	0	0
318	318	844	712.976	1823.424	101	297	337	79	19	66	214	304	200	39	103.158	112	106	105	104	104	103	103	102	101	101	96	104.467	111	108	107	106	105	104	104	103	102	101	98	0	0	0.000	0.000	0	0	0	0	0	0	0	0	0	0	0	0	0	0.000	0.000	0	0	0	0	0	0	0	0	0	0	0
319	319	1585	496.294	1829.245	404	624	469	53	11	207	530	521	228	72	112.201	128	118	116	115	114	112	111	110	108	106	100	261.093	378	320	303	289	279	270	258	241	217	187	128	0	0	0.000	0.000	0	0	0	0	0	0	0	0	0	0	0	0	0	0.000	0.000	0	0	0	0	0	0	0	0	0	0	0
320	320	1421	1543.188	1842.392	246	385	426	294	43	166	476	444	236	77	471.638	658	593	572	555	534	501	471	431	374	285	142	131.238	154	142	139	137	135	132	130	127	123	117	102	0	0	0.000	0.000	0	0	0	0	0	0	0	0	0	0	0	0	0	0.000	0.000	0	0	0	0	0	0	0	0	0	0	0
321	321	1886	1101.295	1846.511	344	659	649	170	26	161	554	607	386	148	255.836	364	311	296	284	272	261	247	235	220	192	127	145.152	177	162	157	153	150	147	143	139	134	125	106	0	0	0.000	0.000	0	0	0	0	0	0	0	0	0	0	0	0	0	0.000	0.000	0	0	0	0	0	0	0	0	0	0	0
322	322	1908	1259.623	1854.485	377	674	588	202	35	242	582	653	323	73	213.429	1740	235	227	220	213	206	196	185	170	147	110	153.038	281	176	169	164	159	155	150	145	137	124	90	1	32	1277.559	1845.143	0	0	0	818	0	0	0	175	0	0	0	0	0	0.000	0.000	0	0	0	0	0	0	0	0	0	0	0
323	323	1675	645.027	1864.173	450	689	392	90	19	293	619	487	203	46	624.485	14156	894	235	182	173	167	161	155	146	132	105	258.380	2692	317	212	203	194	186	178	171	158	143	109	1	99	651.332	1874.283	0	0	0	5609	0	0	0	1119	0	0	0	1	82	651.947	1873.998	0	0	0	6749	0	0	0	1332	0	0	0
324	324	1131	549.621	1862.437	345	357	258	132	22	284	406	283	110	19	115.382	137	123	120	118	117	115	114	112	110	108	101	773.149	1377	1184	1051	958	883	812	731	599	455	314	127	0	0	0.000	0.000	0	0	0	0	0	0	0	0	0	0	0	0	0	0.000	0.000	0	0	0	0	0	0	0	0	0	0	0
325	325	934	1141.429	1869.588	152	275	235	204	57	171	290	274	159	29	264.521	355	321	308	293	281	270	258	243	224	198	135	151.963	184	171	166	162	158	154	149	143	138	130	109	0	0	0.000	0.000	0	0	0	0	0	0	0	0	0	0	0	0	0	0.000	0.000	0	0	0	0	0	0	0	0	0	0	0
326	326	2227	1500.302	1888.449	1270	512	274	117	30	1347	453	264	108	30	488.746	9836	448	386	356	334	315	294	271	253	224	130	268.582	6024	230	185	175	168	162	157	151	145	135	107	0	0	0.000	0.000	0	0	0	0	0	0	0	0	0	0	0	0	0	0.000	0.000	0	0	0	0	0	0	0	0	0	0	0
327	327	2423	272.678	1904.111	358	711	881	390	47	288	742	828	403	120	254.868	5973	253	220	208	196	185	171	160	151	138	104	301.321	709	403	379	354	332	305	273	247	226	191	120	1	47	281.199	1891.361	0	0	0	2772	0	0	0	508	0	0	0	0	0	0.000	0.000	0	0	0	0	0	0	0	0	0	0	0
328	328	1633	1079.939	1902.813	181	473	620	295	41	147	565	591	245	39	296.963	408	362	345	332	322	309	291	271	247	212	132	157.822	216	182	175	168	163	158	154	148	142	133	110	0	0	0.000	0.000	0	0	0	0	0	0	0	0	0	0	0	0	0	0.000	0.000	0	0	0	0	0	0	0	0	0	0	0
329	329	2109	558.858	1911.434	439	475	664	429	59	373	554	740	318	79	1310.981	12533	1767	1504	1388	1243	1099	976	857	698	484	177	222.701	2108	268	224	205	189	176	165	155	146	133	106	1	57	559.861	1908.729	0	0	0	7516	0	0	0	886	0	0	0	1	79	561.243	1909.117	0	0	0	6063	0	0	0	1070	0	0	0
330	330	1379	215.092	1906.414	399	434	406	100	16	305	410	375	239	27	163.109	219	195	186	178	171	164	157	150	140	128	107	263.238	410	348	326	306	290	271	251	228	200	163	118	0	0	0.000	0.000	0	0	0	0	0	0	0	0	0	0	0	0	0	0.000	0.000	0	0	0	0	0	0	0	0	0	0	0
331	331	1775	440.109	1915.990	513	747	373	82	21	455	807	381	78	21	512.352	807	694	638	598	556	520	482	441	395	324	126	105.082	114	109	107	106	106	105	104	104	103	102	97	0	0	0.000	0.000	0	0	0	0	0	0	0	0	0	0	0	0	0	0.000	0.000	0	0	0	0	0	0	0	0	0	0	0
332	332	1278	1776.090	1939.159	345	494	330	73	17	344	589	265	49	15	281.284	399	366	345	326	297	270	252	236	226	213	151	109.255	125	114	112	111	110	109	108	107	106	105	98	0	0	0.000	0.000	0	0	0	0	0	0	0	0	0	0	0	0	0	0.000	0.000	0	0	0	0	0	0	0	0	0	0	0
333	333	2080	1378.423	1945.705	348	933	612	148	10	144	553	722	463	167	344.059	10016	292	255	237	219	206	191	178	165	153	106	153.896	1008	172	159	151	145	140	136	132	128	122	104	1	54	1398.611	1960.754	0	0	0	4622	0	0	0	358	0	0	0	1	52	1397.762	1961.864	0	0	0	3477	0	0	0	553	0	0	0
334	334	1342	1326.258	1937.725	268	305	418	301	34	157	337	452	263	113	197.332	284	244	229	220	211	202	190	177	165	146	105	140.692	184	164	157	153	148	144	140	132	122	110	100	0	0	0.000	0.000	0	0	0	0	0	0	0	0	0	0	0	0	0	0.000	0.000	0	0	0	0	0	0	0	0	0	0	0
335	335	2180	518.385	1950.322	581	610	632	265	53	517	770	641	205	16	1172.733	10248	1557	1405	1296	1174	1071	966	853	673	442	198	191.792	1576	232	205	190	176	166	156	146	135	122	98	1	49	531.368	1942.158	0	0	0	6129	0	0	0	910	0	0	0	1	58	531.721	1941.862	0	0	0	5562	0	0	0	857	0	0	0
336	336	1449	1719.225	1954.029	193	378	446	339	69	166	472	468	253	61	273.242	390	333	314	301	288	274	262	248	235	213	136	110.112	127	117	114	112	110	109	108	107	106	105	98	0	0	0.000	0.000	0	0	0	0	0	0	0	0	0	0	0	0	0	0.000	0.000	0	0	0	0	0	0	0	0	0	0	0
337	337	2612	454.485	1971.129	397	1077	780	278	30	252	977	839	395	91	517.239	852	683	628	592	559	529	496	450	405	339	154	105.170	119	109	107	106	106	105	104	104	103	102	96	0	0	0.000	0.000	0	0	0	0	0	0	0	0	0	0	0	0	0	0.000	0.000	0	0	0	0	0	0	0	0	0	0	0
338	338	1899	1580.728	1982.071	161	588	628	385	93	176	713	728	207	44	128.668	220	149	136	130	127	124	122	120	117	114	99	213.328	299	262	250	239	229	220	211	198	177	148	112	0	0	0.000	0.000	0	0	0	0	0	0	0	0	0	0	0	0	0	0.000	0.000	0	0	0	0	0	0	0	0	0	0	0
