 	cell	area	x	y	BFI_lev_b1	BFI_lev_b2	BFI_lev_b3	BFI_lev_b4	BFI_lev_b5	BFO_lev_b1	BFO_lev_b2	BFO_lev_b3	BFO_lev_b4	BFO_lev_b5	GFP_int_mean	GFP_int_b0	GFP_int_b1	GFP_int_b2	GFP_int_b3	GFP_int_b4	GFP_int_b5	GFP_int_b6	GFP_int_b7	GFP_int_b8	GFP_int_b9	GFP_int_b10	RFP_int_mean	RFP_int_b0	RFP_int_b1	RFP_int_b2	RFP_int_b3	RFP_int_b4	RFP_int_b5	RFP_int_b6	RFP_int_b7	RFP_int_b8	RFP_int_b9	RFP_int_b10	inGFPnfoci	f1_inGFParea	f1_inGFPx	f1_inGFPy	f2_inGFParea	f2_inGFPx	f2_inGFPy	f1_inGFP_toGFPmed	f1_inGFP_toGFPmean	f2_inGFP_toGFPmed	f2_inGFP_toGFPmean	f1_inGFP_toRFPmed	f1_inGFP_toRFPmean	f2_inGFP_toRFPmed	f2_inGFP_toRFPmean	inRFPnfoci	f1_inRFParea	f1_inRFPx	f1_inRFPy	f2_inRFParea	f2_inRFPx	f2_inRFPy	f1_inRFP_toGFPmed	f1_inRFP_toGFPmean	f2_inRFP_toGFPmed	f2_inRFP_toGFPmean	f1_inRFP_toRFPmed	f1_inRFP_toRFPmean	f2_inRFP_toRFPmed	f2_inRFP_toRFPmean
1	1	1000	692.710	85.125	238	417	296	18	11	159	455	267	89	14	250.777	372	315	301	288	273	258	242	223	202	167	109	105.283	115	109	108	107	106	105	104	104	103	102	96	0	0	0.000	0.000	0	0	0	0	0	0	0	0	0	0	0	0	0	0.000	0.000	0	0	0	0	0	0	0	0	0	0	0
2	2	1919	644.523	95.733	215	673	632	322	51	146	593	724	321	102	290.406	430	373	353	337	320	301	280	253	226	187	115	104.426	120	108	107	106	105	104	103	103	102	101	95	0	0	0.000	0.000	0	0	0	0	0	0	0	0	0	0	0	0	0	0.000	0.000	0	0	0	0	0	0	0	0	0	0	0
3	3	1925	1405.539	99.647	269	700	567	307	53	207	659	664	285	65	1596.668	23311	3422	727	361	269	231	209	196	180	159	113	534.100	5954	1003	375	279	248	229	211	196	180	159	115	1	203	1410.044	100.744	0	0	0	10678	0	0	0	2593	0	0	0	1	182	1409.787	100.169	0	0	0	12128	0	0	0	3004	0	0	0
4	4	2733	584.744	106.798	778	1093	696	103	12	583	930	803	323	47	401.071	653	546	509	475	447	421	390	353	297	205	112	106.733	131	114	110	108	107	106	105	104	103	102	94	0	0	0.000	0.000	0	0	0	0	0	0	0	0	0	0	0	0	0	0.000	0.000	0	0	0	0	0	0	0	0	0	0	0
5	5	601	1175.232	98.102	119	129	143	131	57	80	143	159	145	57	151.977	187	168	163	161	157	154	151	146	140	131	114	118.572	141	125	123	122	120	119	117	116	114	111	104	0	0	0.000	0.000	0	0	0	0	0	0	0	0	0	0	0	0	0	0.000	0.000	0	0	0	0	0	0	0	0	0	0	0
6	6	1739	1191.132	140.686	290	760	502	124	25	161	550	619	326	50	293.787	5763	319	220	199	189	182	175	168	160	147	105	139.180	800	152	136	132	128	125	122	120	117	114	103	1	57	1201.938	145.396	0	0	0	2316	0	0	0	410	0	0	0	1	65	1201.373	145.207	0	0	0	2114	0	0	0	383	0	0	0
7	7	2172	116.659	143.548	429	867	730	102	11	242	572	748	469	87	160.050	209	187	181	176	170	164	157	148	137	126	104	102.982	114	106	105	104	103	103	102	102	101	100	95	0	0	0.000	0.000	0	0	0	0	0	0	0	0	0	0	0	0	0	0.000	0.000	0	0	0	0	0	0	0	0	0	0	0
8	8	1060	700.360	151.285	257	308	279	175	22	175	363	307	157	40	109.225	122	115	113	111	110	109	108	107	106	104	98	111.925	127	119	116	115	113	112	110	109	107	105	98	0	0	0.000	0.000	0	0	0	0	0	0	0	0	0	0	0	0	0	0.000	0.000	0	0	0	0	0	0	0	0	0	0	0
9	9	1814	748.082	161.482	429	757	454	119	21	117	666	619	306	67	111.556	124	117	115	114	113	111	110	109	108	106	100	113.895	132	120	118	117	115	114	112	111	110	108	99	0	0	0.000	0.000	0	0	0	0	0	0	0	0	0	0	0	0	0	0.000	0.000	0	0	0	0	0	0	0	0	0	0	0
10	10	1572	1110.932	167.788	407	396	416	270	53	371	440	436	234	68	113.955	130	120	118	117	115	114	113	112	110	107	98	175.807	247	207	198	192	186	181	174	164	154	136	104	0	0	0.000	0.000	0	0	0	0	0	0	0	0	0	0	0	0	0	0.000	0.000	0	0	0	0	0	0	0	0	0	0	0
11	11	1919	1232.712	175.738	348	673	551	269	37	279	651	549	322	75	377.169	8939	357	233	217	207	199	190	180	170	158	119	155.200	1142	161	146	141	138	135	132	128	124	118	103	1	69	1233.501	187.762	0	0	0	3998	0	0	0	580	0	0	0	1	66	1233.305	187.322	0	0	0	4005	0	0	0	590	0	0	0
12	12	1863	1630.857	183.635	375	584	539	260	60	323	683	566	212	42	167.699	240	206	192	183	175	169	163	153	141	127	104	107.094	127	113	110	109	107	106	106	105	104	102	97	0	0	0.000	0.000	0	0	0	0	0	0	0	0	0	0	0	0	0	0.000	0.000	0	0	0	0	0	0	0	0	0	0	0
13	13	1915	1144.057	204.378	411	728	486	214	35	414	853	423	166	23	116.265	133	124	121	120	118	117	115	113	111	109	98	181.295	256	223	209	198	190	183	176	166	153	139	104	0	0	0.000	0.000	0	0	0	0	0	0	0	0	0	0	0	0	0	0.000	0.000	0	0	0	0	0	0	0	0	0	0	0
14	14	1264	180.106	196.951	239	413	352	211	22	153	441	386	228	37	107.852	122	112	111	110	109	108	107	106	105	103	99	124.192	154	138	133	130	126	124	121	118	115	111	101	0	0	0.000	0.000	0	0	0	0	0	0	0	0	0	0	0	0	0	0.000	0.000	0	0	0	0	0	0	0	0	0	0	0
15	15	1150	1190.470	203.831	205	370	383	157	15	139	410	393	162	25	184.583	235	214	207	201	196	191	183	176	163	146	108	130.292	157	142	139	136	134	132	129	127	123	115	103	0	0	0.000	0.000	0	0	0	0	0	0	0	0	0	0	0	0	0	0.000	0.000	0	0	0	0	0	0	0	0	0	0	0
16	16	1705	130.915	209.527	210	592	545	264	57	304	713	450	195	12	109.883	134	115	113	112	111	110	109	108	107	105	99	126.324	152	137	135	132	129	127	124	122	118	114	99	0	0	0.000	0.000	0	0	0	0	0	0	0	0	0	0	0	0	0	0.000	0.000	0	0	0	0	0	0	0	0	0	0	0
17	17	2141	772.754	210.215	365	529	666	431	107	294	599	726	384	86	380.202	4411	425	398	377	357	340	320	298	264	216	121	129.027	530	137	132	129	127	124	121	118	115	111	100	1	44	776.034	199.506	0	0	0	2213	0	0	0	311	0	0	0	1	44	774.301	199.202	0	0	0	1361	0	0	0	333	0	0	0
18	18	1512	1283.201	209.535	275	447	420	261	73	266	538	429	223	27	217.041	2464	240	206	194	188	183	177	170	159	143	107	120.403	223	132	127	123	121	118	116	114	112	109	99	1	35	1289.608	194.864	0	0	0	1201	0	0	0	148	0	0	0	1	27	1291.368	195.155	0	0	0	831	0	0	0	184	0	0	0
19	19	659	1825.529	215.551	188	222	116	82	39	142	190	214	75	24	1298.249	2002	1798	1682	1577	1459	1354	1260	1139	909	682	270	159.127	199	183	177	171	166	162	156	151	143	130	104	0	0	0.000	0.000	0	0	0	0	0	0	0	0	0	0	0	0	0	0.000	0.000	0	0	0	0	0	0	0	0	0	0	0
20	20	1950	442.942	227.571	442	700	550	197	21	291	731	563	276	54	114.167	136	122	119	117	116	114	113	111	109	107	99	176.975	244	212	200	192	186	180	174	164	153	137	109	0	0	0.000	0.000	0	0	0	0	0	0	0	0	0	0	0	0	0	0.000	0.000	0	0	0	0	0	0	0	0	0	0	0
21	21	859	568.378	221.335	272	162	153	192	68	223	171	199	202	53	112.660	128	120	118	116	114	113	111	109	107	105	97	129.988	164	149	145	142	139	135	129	118	110	105	97	0	0	0.000	0.000	0	0	0	0	0	0	0	0	0	0	0	0	0	0.000	0.000	0	0	0	0	0	0	0	0	0	0	0
22	22	571	1630.334	222.962	309	103	63	58	30	316	121	84	37	8	162.636	219	197	189	181	174	164	158	150	137	121	103	109.440	127	117	114	112	111	109	108	106	105	103	97	0	0	0.000	0.000	0	0	0	0	0	0	0	0	0	0	0	0	0	0.000	0.000	0	0	0	0	0	0	0	0	0	0	0
23	23	1358	389.682	235.075	350	433	369	164	15	264	522	350	174	30	111.717	129	118	116	115	113	112	110	109	107	105	98	161.154	221	193	186	180	172	164	157	148	139	118	100	0	0	0.000	0.000	0	0	0	0	0	0	0	0	0	0	0	0	0	0.000	0.000	0	0	0	0	0	0	0	0	0	0	0
24	24	1692	604.966	248.847	358	654	462	162	25	257	608	502	264	33	121.486	574	126	122	120	118	116	114	112	110	107	100	140.006	184	158	153	149	146	143	139	134	128	116	101	1	31	598.812	257.316	0	0	0	304	0	0	0	164	0	0	0	0	0	0.000	0.000	0	0	0	0	0	0	0	0	0	0	0
25	25	1818	803.354	256.999	563	436	409	326	56	519	646	431	176	13	1233.006	18941	1971	580	457	422	394	367	330	274	206	127	245.539	2650	384	165	142	135	130	127	123	118	112	102	1	145	796.506	260.739	0	0	0	9747	0	0	0	1225	0	0	0	1	145	796.506	260.739	0	0	0	9747	0	0	0	1225	0	0	0
26	26	2294	230.628	269.018	804	1181	209	37	20	796	1240	161	27	18	547.313	13017	517	289	273	261	247	234	219	193	162	108	168.639	1867	178	133	128	125	123	121	118	115	111	97	1	94	237.128	279.079	0	0	0	5894	0	0	0	980	0	0	0	1	110	237.195	279.031	0	0	0	4800	0	0	0	827	0	0	0
27	27	1973	101.128	264.948	280	500	591	469	97	253	594	609	389	91	469.284	686	599	567	539	515	494	465	421	369	296	153	118.266	146	127	124	122	120	119	117	115	112	109	100	0	0	0.000	0.000	0	0	0	0	0	0	0	0	0	0	0	0	0	0.000	0.000	0	0	0	0	0	0	0	0	0	0	0
28	28	1435	758.277	261.531	235	305	476	298	102	199	364	541	240	65	976.475	1470	1298	1208	1147	1092	1031	975	913	804	554	131	117.431	135	125	123	121	119	118	116	115	112	108	99	0	0	0.000	0.000	0	0	0	0	0	0	0	0	0	0	0	0	0	0.000	0.000	0	0	0	0	0	0	0	0	0	0	0
29	29	938	1035.368	259.931	78	293	260	211	74	94	425	257	119	28	346.490	503	434	417	400	382	362	340	315	283	229	114	106.865	133	111	109	108	107	107	106	105	104	103	96	0	0	0.000	0.000	0	0	0	0	0	0	0	0	0	0	0	0	0	0.000	0.000	0	0	0	0	0	0	0	0	0	0	0
30	30	993	1611.143	268.010	139	332	259	190	52	111	402	287	146	32	113.484	131	120	118	116	115	114	113	111	109	107	98	118.970	137	127	124	123	121	120	118	116	113	109	101	0	0	0.000	0.000	0	0	0	0	0	0	0	0	0	0	0	0	0	0.000	0.000	0	0	0	0	0	0	0	0	0	0	0
31	31	1583	1127.239	285.265	322	601	390	190	47	391	603	453	75	29	556.530	866	765	700	649	618	583	538	484	413	312	131	106.806	119	111	109	108	107	106	106	105	104	103	98	0	0	0.000	0.000	0	0	0	0	0	0	0	0	0	0	0	0	0	0.000	0.000	0	0	0	0	0	0	0	0	0	0	0
32	32	1929	1649.494	296.466	393	741	560	184	26	257	610	597	348	80	116.547	133	124	122	120	118	117	115	114	111	108	100	125.603	155	139	135	131	128	125	123	120	117	113	102	0	0	0.000	0.000	0	0	0	0	0	0	0	0	0	0	0	0	0	0.000	0.000	0	0	0	0	0	0	0	0	0	0	0
33	33	2186	800.974	306.104	244	678	828	344	50	172	554	933	377	120	1021.069	1681	1433	1349	1263	1177	1074	973	861	724	479	161	116.890	137	126	123	121	119	117	115	113	111	108	99	0	0	0.000	0.000	0	0	0	0	0	0	0	0	0	0	0	0	0	0.000	0.000	0	0	0	0	0	0	0	0	0	0	0
34	34	1820	1020.045	306.058	652	939	171	16	12	648	940	150	17	13	325.207	472	416	391	373	353	333	316	296	262	218	118	133.846	164	150	145	141	137	134	131	128	123	117	101	0	0	0.000	0.000	0	0	0	0	0	0	0	0	0	0	0	0	0	0.000	0.000	0	0	0	0	0	0	0	0	0	0	0
35	35	1491	957.675	318.147	296	402	502	241	25	207	535	488	206	23	441.867	10527	502	201	170	162	156	148	142	135	124	106	173.042	995	190	171	164	157	153	148	143	136	127	108	1	72	953.193	304.349	0	0	0	4482	0	0	0	522	0	0	0	1	58	952.497	304.395	0	0	0	5284	0	0	0	588	0	0	0
36	36	1765	1058.160	345.653	514	853	268	61	33	654	877	144	33	22	296.501	431	371	342	323	308	296	286	272	253	228	116	131.940	160	145	141	138	135	132	129	127	124	119	104	0	0	0.000	0.000	0	0	0	0	0	0	0	0	0	0	0	0	0	0.000	0.000	0	0	0	0	0	0	0	0	0	0	0
37	37	2131	1234.362	348.879	384	727	797	170	20	330	653	757	310	44	237.901	327	292	277	266	258	247	233	216	199	170	116	326.570	484	423	401	381	360	337	313	285	251	212	113	0	0	0.000	0.000	0	0	0	0	0	0	0	0	0	0	0	0	0	0.000	0.000	0	0	0	0	0	0	0	0	0	0	0
38	38	1988	1788.360	352.256	746	796	351	35	23	752	795	368	26	10	116.749	136	125	123	121	119	117	115	113	110	107	99	527.556	825	720	679	652	613	569	518	449	352	253	132	0	0	0.000	0.000	0	0	0	0	0	0	0	0	0	0	0	0	0	0.000	0.000	0	0	0	0	0	0	0	0	0	0	0
39	39	1496	743.821	348.089	899	332	147	79	26	870	302	198	84	14	188.054	786	268	234	206	176	154	139	128	122	117	105	108.007	144	115	111	109	108	107	106	105	104	103	97	0	0	0.000	0.000	0	0	0	0	0	0	0	0	0	0	0	0	0	0.000	0.000	0	0	0	0	0	0	0	0	0	0	0
40	40	1642	912.940	353.577	431	655	480	42	10	212	726	469	190	8	310.982	7128	340	191	170	162	157	152	146	139	129	108	168.948	639	200	181	170	163	158	153	148	142	131	107	1	62	916.945	344.004	0	0	0	2919	0	0	0	367	0	0	0	1	43	917.920	343.345	0	0	0	2919	0	0	0	421	0	0	0
41	41	1135	983.446	357.795	376	491	228	15	7	174	496	267	143	39	149.272	186	168	163	159	155	152	148	143	137	125	101	153.630	191	172	168	164	160	157	153	148	142	129	102	0	0	0.000	0.000	0	0	0	0	0	0	0	0	0	0	0	0	0	0.000	0.000	0	0	0	0	0	0	0	0	0	0	0
42	42	608	1941.975	354.824	185	164	143	85	19	141	163	174	84	38	153.625	193	178	174	168	163	157	151	143	133	123	106	161.543	213	193	187	181	174	167	156	146	134	122	102	0	0	0.000	0.000	0	0	0	0	0	0	0	0	0	0	0	0	0	0.000	0.000	0	0	0	0	0	0	0	0	0	0	0
43	43	2433	234.479	379.623	774	974	525	105	13	480	1050	573	244	25	682.920	10571	727	581	556	524	483	440	389	326	254	132	131.121	585	150	136	127	122	118	115	112	110	107	98	1	89	233.760	362.756	0	0	0	5486	0	0	0	338	0	0	0	1	94	233.655	362.410	0	0	0	5361	0	0	0	335	0	0	0
44	44	2329	607.702	383.690	753	641	561	297	53	701	717	617	215	41	112.614	133	121	118	116	114	112	110	109	107	104	97	109.838	135	118	115	112	110	109	108	106	105	103	97	0	0	0.000	0.000	0	0	0	0	0	0	0	0	0	0	0	0	0	0.000	0.000	0	0	0	0	0	0	0	0	0	0	0
45	45	767	872.811	375.578	195	219	256	72	13	157	291	192	99	13	140.614	179	161	155	151	146	142	138	132	126	116	101	151.627	193	179	172	166	159	154	147	139	131	121	104	0	0	0.000	0.000	0	0	0	0	0	0	0	0	0	0	0	0	0	0.000	0.000	0	0	0	0	0	0	0	0	0	0	0
46	46	1383	1749.159	386.351	289	458	396	190	24	336	546	392	81	6	109.212	123	114	112	111	110	109	108	107	106	104	98	243.161	352	303	288	276	262	247	231	217	199	180	113	0	0	0.000	0.000	0	0	0	0	0	0	0	0	0	0	0	0	0	0.000	0.000	0	0	0	0	0	0	0	0	0	0	0
47	47	1251	1452.105	388.301	156	353	365	291	63	140	368	426	229	63	146.580	189	169	162	157	153	148	143	138	130	121	101	175.567	241	215	203	195	186	176	168	159	149	135	102	0	0	0.000	0.000	0	0	0	0	0	0	0	0	0	0	0	0	0	0.000	0.000	0	0	0	0	0	0	0	0	0	0	0
48	48	2194	1560.005	406.421	463	557	752	333	51	412	620	746	325	52	174.558	246	209	198	192	186	180	172	162	148	130	99	182.255	250	223	213	205	198	190	178	164	147	131	104	0	0	0.000	0.000	0	0	0	0	0	0	0	0	0	0	0	0	0	0.000	0.000	0	0	0	0	0	0	0	0	0	0	0
49	49	2822	1237.354	411.316	525	1007	869	341	24	440	1054	795	439	38	417.027	10578	362	266	250	237	226	217	206	189	159	114	332.969	1775	402	376	354	338	323	306	284	245	194	123	1	92	1224.205	421.499	0	0	0	4500	0	0	0	912	0	0	0	1	59	1223.822	419.662	0	0	0	3621	0	0	0	1217	0	0	0
50	50	1656	1874.380	406.454	330	433	553	263	39	244	400	549	345	85	240.060	372	319	290	273	258	246	229	209	186	155	108	349.405	548	492	455	425	398	367	334	294	241	166	113	0	0	0.000	0.000	0	0	0	0	0	0	0	0	0	0	0	0	0	0.000	0.000	0	0	0	0	0	0	0	0	0	0	0
51	51	888	1714.082	407.620	231	293	203	138	9	171	287	233	132	46	108.666	124	114	112	111	110	108	107	106	105	103	98	259.590	377	341	323	305	288	267	249	227	201	155	107	0	0	0.000	0.000	0	0	0	0	0	0	0	0	0	0	0	0	0	0.000	0.000	0	0	0	0	0	0	0	0	0	0	0
52	52	2072	1927.476	422.076	436	744	661	176	17	261	580	691	389	109	750.386	15292	997	350	290	268	251	229	205	183	162	117	375.334	2202	487	428	396	369	335	288	249	214	184	120	1	124	1928.178	432.824	0	0	0	6653	0	0	0	1180	0	0	0	1	90	1927.815	432.311	0	0	0	8695	0	0	0	1420	0	0	0
53	53	1983	1417.062	421.324	541	675	574	147	11	311	631	588	342	79	234.988	5438	232	172	158	152	146	141	136	130	122	102	180.825	750	222	201	189	180	172	165	157	147	126	101	1	50	1427.748	413.050	0	0	0	2589	0	0	0	469	0	0	0	1	42	1427.769	412.290	0	0	0	2801	0	0	0	480	0	0	0
54	54	1792	1795.798	428.266	165	502	679	350	57	146	603	690	273	40	417.932	8606	489	277	245	227	215	205	193	178	159	106	214.862	1743	255	206	192	185	178	170	163	153	135	103	1	69	1800.512	436.895	0	0	0	3789	0	0	0	894	0	0	0	1	72	1800.935	436.172	0	0	0	3411	0	0	0	915	0	0	0
55	55	1326	997.051	424.940	255	455	454	123	19	169	489	446	168	32	190.628	242	221	214	209	203	198	192	183	167	145	110	190.001	258	230	219	209	201	194	185	176	164	143	110	0	0	0.000	0.000	0	0	0	0	0	0	0	0	0	0	0	0	0	0.000	0.000	0	0	0	0	0	0	0	0	0	0	0
56	56	2392	201.341	429.581	632	798	734	170	20	498	952	642	215	47	2827.232	27975	9390	1507	728	598	536	478	427	364	290	115	261.211	1991	648	194	144	130	122	118	115	112	109	98	1	374	198.407	421.673	0	0	0	14187	0	0	0	909	0	0	0	1	352	198.477	421.594	0	0	0	15784	0	0	0	951	0	0	0
57	57	802	270.723	430.633	64	281	294	124	23	78	332	235	115	30	443.749	715	593	558	530	497	457	416	375	326	264	146	124.964	145	138	134	131	129	126	123	120	116	111	103	0	0	0.000	0.000	0	0	0	0	0	0	0	0	0	0	0	0	0	0.000	0.000	0	0	0	0	0	0	0	0	0	0	0
58	58	1502	1745.796	439.130	317	399	435	275	47	201	329	390	388	170	108.949	123	114	112	111	110	109	108	107	106	104	97	250.550	347	307	294	282	268	254	239	226	211	190	116	0	0	0.000	0.000	0	0	0	0	0	0	0	0	0	0	0	0	0	0.000	0.000	0	0	0	0	0	0	0	0	0	0	0
59	59	868	641.331	436.170	155	200	197	204	100	155	202	226	232	43	171.750	235	204	195	187	180	174	168	159	149	136	107	141.710	178	162	155	150	146	143	139	134	129	121	104	0	0	0.000	0.000	0	0	0	0	0	0	0	0	0	0	0	0	0	0.000	0.000	0	0	0	0	0	0	0	0	0	0	0
60	60	1026	1149.675	443.846	153	257	274	261	57	150	257	317	246	41	167.379	218	199	191	186	179	171	163	153	143	129	106	157.524	224	195	186	179	171	163	154	139	123	110	100	0	0	0.000	0.000	0	0	0	0	0	0	0	0	0	0	0	0	0	0.000	0.000	0	0	0	0	0	0	0	0	0	0	0
61	61	1818	726.019	458.995	261	711	630	163	18	176	758	526	259	57	303.722	5739	327	238	219	207	201	194	184	169	151	106	268.988	1627	314	293	278	266	255	241	228	207	179	109	1	56	732.551	458.615	0	0	0	2517	0	0	0	828	0	0	0	1	40	731.743	458.133	0	0	0	2912	0	0	0	1066	0	0	0
62	62	1823	1030.661	459.270	341	608	501	281	51	267	789	508	197	23	115.769	130	122	120	119	117	116	115	113	111	108	99	351.569	523	445	420	399	381	360	341	323	292	234	126	0	0	0.000	0.000	0	0	0	0	0	0	0	0	0	0	0	0	0	0.000	0.000	0	0	0	0	0	0	0	0	0	0	0
63	63	1490	1371.992	455.109	208	402	483	301	72	186	438	544	244	43	143.941	705	156	149	146	143	140	137	133	129	121	106	170.301	228	200	191	185	180	175	169	162	151	128	104	1	25	1368.253	456.049	0	0	0	337	0	0	0	189	0	0	0	0	0	0.000	0.000	0	0	0	0	0	0	0	0	0	0	0
64	64	1907	244.379	475.458	202	544	653	411	61	143	655	664	348	56	825.816	9787	931	748	694	648	614	590	551	482	377	145	168.731	1334	185	153	145	140	136	132	129	125	119	102	1	76	244.325	489.965	0	0	0	5010	0	0	0	767	0	0	0	1	89	243.948	489.309	0	0	0	4436	0	0	0	654	0	0	0
65	65	2826	1239.067	477.301	340	717	1017	611	75	291	840	1024	542	53	911.732	20200	952	397	321	286	251	223	203	184	158	113	407.140	3522	545	435	394	350	308	275	245	222	177	115	1	159	1229.870	471.049	0	0	0	9597	0	0	0	1774	0	0	0	1	141	1229.979	470.811	0	0	0	11226	0	0	0	1957	0	0	0
66	66	1534	1801.100	480.492	230	400	520	305	47	167	453	558	261	66	227.276	323	281	266	254	244	233	223	209	189	160	111	173.872	235	209	197	189	183	177	170	163	151	132	105	0	0	0.000	0.000	0	0	0	0	0	0	0	0	0	0	0	0	0	0.000	0.000	0	0	0	0	0	0	0	0	0	0	0
67	67	2021	172.633	501.598	796	595	415	165	21	634	655	447	209	48	381.556	695	528	493	460	426	392	350	302	265	208	129	109.235	131	116	113	111	110	109	107	106	105	104	96	0	0	0.000	0.000	0	0	0	0	0	0	0	0	0	0	0	0	0	0.000	0.000	0	0	0	0	0	0	0	0	0	0	0
68	68	1626	336.314	497.673	529	509	480	81	4	334	443	429	296	95	112.045	128	119	117	115	113	112	110	109	107	105	100	107.228	125	113	110	109	107	106	105	105	104	103	98	0	0	0.000	0.000	0	0	0	0	0	0	0	0	0	0	0	0	0	0.000	0.000	0	0	0	0	0	0	0	0	0	0	0
69	69	2008	989.513	501.210	352	697	721	174	24	218	573	738	363	70	117.148	135	125	122	121	119	118	116	114	111	108	100	380.442	597	513	485	454	420	389	361	326	283	225	125	0	0	0.000	0.000	0	0	0	0	0	0	0	0	0	0	0	0	0	0.000	0.000	0	0	0	0	0	0	0	0	0	0	0
70	70	1492	1296.174	497.413	311	585	375	172	27	227	718	308	160	48	260.347	358	320	308	298	287	274	257	235	208	178	119	364.899	532	463	445	428	409	386	359	324	281	234	125	0	0	0.000	0.000	0	0	0	0	0	0	0	0	0	0	0	0	0	0.000	0.000	0	0	0	0	0	0	0	0	0	0	0
71	71	1427	1392.445	502.914	141	567	490	183	25	100	443	517	267	73	375.994	621	499	457	434	409	380	356	331	301	236	124	129.340	158	146	141	138	135	132	128	124	116	106	99	0	0	0.000	0.000	0	0	0	0	0	0	0	0	0	0	0	0	0	0.000	0.000	0	0	0	0	0	0	0	0	0	0	0
72	72	1956	265.467	521.329	260	742	649	248	16	186	670	652	371	45	707.533	5564	892	781	722	677	637	607	563	487	382	136	141.743	641	152	144	140	137	133	130	126	122	117	104	1	38	258.249	527.890	0	0	0	3406	0	0	0	196	0	0	0	1	50	258.215	523.242	0	0	0	1103	0	0	0	391	0	0	0
73	73	2371	688.748	547.867	325	670	865	386	64	337	929	806	239	23	265.624	5363	264	226	215	203	194	183	172	158	142	109	159.168	677	184	173	164	157	151	145	141	135	127	108	1	54	691.569	535.516	0	0	0	2395	0	0	0	412	0	0	0	1	48	691.353	535.365	0	0	0	2534	0	0	0	419	0	0	0
74	74	2115	1249.676	543.765	400	827	644	177	25	254	759	756	238	68	1295.920	19122	1535	1101	1003	904	829	739	655	511	365	126	193.553	1967	219	159	150	145	140	135	130	124	115	100	1	105	1249.306	550.410	0	0	0	8885	0	0	0	1009	0	0	0	1	106	1249.931	550.009	0	0	0	8685	0	0	0	1009	0	0	0
75	75	1357	217.959	538.058	218	334	445	279	57	184	424	418	239	60	576.053	944	815	758	704	644	581	526	468	401	312	134	126.454	160	142	138	134	130	127	123	119	115	111	100	0	0	0.000	0.000	0	0	0	0	0	0	0	0	0	0	0	0	0	0.000	0.000	0	0	0	0	0	0	0	0	0	0	0
76	76	2146	740.718	553.668	212	831	829	222	13	115	640	958	324	63	1294.527	2152	1832	1659	1518	1382	1282	1178	1064	941	808	284	110.817	125	115	114	113	112	111	110	109	108	107	99	0	0	0.000	0.000	0	0	0	0	0	0	0	0	0	0	0	0	0	0.000	0.000	0	0	0	0	0	0	0	0	0	0	0
77	77	2487	936.827	564.709	368	650	1012	381	36	259	480	958	593	170	225.846	4114	226	208	200	193	188	181	171	159	144	113	258.192	887	320	302	288	273	258	243	227	206	176	114	1	42	924.416	559.765	0	0	0	1788	0	0	0	519	0	0	0	1	19	923.179	560.248	0	0	0	1939	0	0	0	707	0	0	0
78	78	1748	1530.789	553.452	264	763	532	147	10	189	715	555	235	18	482.745	749	642	597	558	522	488	462	434	389	301	128	105.918	119	110	108	107	106	106	105	104	103	102	98	0	0	0.000	0.000	0	0	0	0	0	0	0	0	0	0	0	0	0	0.000	0.000	0	0	0	0	0	0	0	0	0	0	0
79	79	1958	297.961	564.636	201	473	703	430	112	242	723	601	329	32	111.651	126	117	115	114	113	112	110	109	108	106	99	186.711	261	227	214	204	195	187	179	171	161	147	106	0	0	0.000	0.000	0	0	0	0	0	0	0	0	0	0	0	0	0	0.000	0.000	0	0	0	0	0	0	0	0	0	0	0
80	80	1721	782.774	577.422	174	595	592	279	48	115	591	579	311	95	316.722	6910	290	205	192	186	177	170	162	152	142	111	188.635	1340	203	189	182	174	167	161	153	147	138	115	1	69	775.001	562.835	0	0	0	2706	0	0	0	472	0	0	0	1	50	775.708	561.420	0	0	0	1998	0	0	0	760	0	0	0
81	81	1179	1127.618	572.050	205	308	306	288	48	111	330	443	191	72	125.797	151	138	134	132	129	126	123	120	117	113	104	151.450	195	178	171	164	158	153	146	140	133	124	104	0	0	0.000	0.000	0	0	0	0	0	0	0	0	0	0	0	0	0	0.000	0.000	0	0	0	0	0	0	0	0	0	0	0
82	82	1331	1873.877	572.945	244	368	372	263	61	235	443	394	211	30	1217.504	1884	1766	1676	1547	1418	1284	1151	983	808	510	159	111.224	127	117	115	114	113	111	110	109	107	105	98	0	0	0.000	0.000	0	0	0	0	0	0	0	0	0	0	0	0	0	0.000	0.000	0	0	0	0	0	0	0	0	0	0	0
83	83	1785	533.837	579.297	376	536	527	277	28	265	506	545	360	71	678.919	1006	905	865	826	780	728	666	595	490	360	138	124.323	158	140	134	130	127	124	121	118	115	110	100	0	0	0.000	0.000	0	0	0	0	0	0	0	0	0	0	0	0	0	0.000	0.000	0	0	0	0	0	0	0	0	0	0	0
84	84	2162	1565.286	594.250	347	672	663	392	43	242	810	647	361	67	406.229	591	534	504	472	448	428	405	363	307	240	123	104.630	115	108	107	106	105	104	104	103	103	102	95	0	0	0.000	0.000	0	0	0	0	0	0	0	0	0	0	0	0	0	0.000	0.000	0	0	0	0	0	0	0	0	0	0	0
85	85	1886	1823.939	582.484	413	737	577	114	12	307	694	610	193	48	512.197	7447	552	449	421	396	376	358	336	298	241	141	146.050	927	155	138	134	131	129	126	123	119	114	98	1	60	1840.057	582.529	0	0	0	3719	0	0	0	532	0	0	0	1	69	1840.657	581.768	0	0	0	2904	0	0	0	483	0	0	0
86	86	1313	213.789	588.035	254	382	353	258	37	238	404	406	213	32	135.206	171	156	151	147	142	137	132	125	118	111	100	149.351	205	180	172	166	159	152	144	134	123	114	99	0	0	0.000	0.000	0	0	0	0	0	0	0	0	0	0	0	0	0	0.000	0.000	0	0	0	0	0	0	0	0	0	0	0
87	87	1572	1768.991	595.621	279	352	471	347	94	283	461	494	265	36	403.933	575	516	486	467	450	431	406	373	312	239	140	130.377	158	144	140	137	135	132	129	125	120	113	102	0	0	0.000	0.000	0	0	0	0	0	0	0	0	0	0	0	0	0	0.000	0.000	0	0	0	0	0	0	0	0	0	0	0
88	88	1772	998.506	597.436	349	798	421	158	10	275	806	439	180	39	138.777	178	155	150	146	142	139	136	132	127	122	104	150.746	381	170	161	155	150	145	141	137	131	126	112	0	0	0.000	0.000	0	0	0	0	0	0	0	0	0	0	0	0	0	0.000	0.000	0	0	0	0	0	0	0	0	0	0	0
89	89	1657	1239.788	597.978	277	474	560	275	39	246	409	570	330	64	745.197	6769	915	836	793	748	694	631	563	466	330	153	134.796	510	146	140	136	133	130	127	123	118	111	100	1	42	1255.135	599.208	0	0	0	3572	0	0	0	246	0	0	0	1	43	1255.472	597.586	0	0	0	2121	0	0	0	322	0	0	0
90	90	1033	834.340	591.691	158	383	367	92	14	100	402	316	159	36	150.955	191	171	165	160	156	152	148	144	137	128	108	131.988	160	146	142	138	135	132	129	125	122	118	106	0	0	0.000	0.000	0	0	0	0	0	0	0	0	0	0	0	0	0	0.000	0.000	0	0	0	0	0	0	0	0	0	0	0
91	91	1856	882.348	602.681	260	496	602	393	73	196	560	617	337	109	253.025	5355	268	210	196	187	178	169	160	148	132	106	142.277	626	156	148	144	140	137	133	129	124	117	103	1	41	885.867	608.344	0	0	0	2372	0	0	0	298	0	0	0	1	36	885.559	606.760	0	0	0	1027	0	0	0	384	0	0	0
92	92	1548	1681.554	609.317	468	480	389	177	22	441	540	327	166	45	468.660	996	737	664	584	522	461	404	347	275	178	100	106.754	121	111	110	108	107	106	106	105	104	103	98	0	0	0.000	0.000	0	0	0	0	0	0	0	0	0	0	0	0	0	0.000	0.000	0	0	0	0	0	0	0	0	0	0	0
93	93	1882	306.706	622.674	472	400	559	351	73	359	497	508	373	108	110.908	128	117	115	113	112	111	110	108	107	105	98	243.775	397	332	305	282	261	245	228	211	190	145	106	0	0	0.000	0.000	0	0	0	0	0	0	0	0	0	0	0	0	0	0.000	0.000	0	0	0	0	0	0	0	0	0	0	0
94	94	1300	403.203	621.176	292	461	371	120	35	335	611	281	36	8	403.704	728	611	540	474	425	396	370	336	284	196	117	116.124	143	126	122	119	117	115	113	112	110	107	99	0	0	0.000	0.000	0	0	0	0	0	0	0	0	0	0	0	0	0	0.000	0.000	0	0	0	0	0	0	0	0	0	0	0
95	95	1641	805.866	629.629	252	588	477	263	33	132	479	675	251	64	194.081	2937	205	174	167	162	157	152	147	140	131	106	163.206	589	189	179	172	163	156	150	144	139	132	109	1	35	804.675	615.914	0	0	0	1298	0	0	0	351	0	0	0	1	29	803.739	614.921	0	0	0	786	0	0	0	378	0	0	0
96	96	1753	1829.555	644.190	219	624	494	314	78	191	763	476	240	45	572.273	9750	639	461	421	388	359	335	314	287	252	151	149.697	1027	162	139	133	130	127	124	121	118	114	103	1	65	1828.384	637.914	0	0	0	4546	0	0	0	553	0	0	0	1	72	1828.452	637.590	0	0	0	4219	0	0	0	529	0	0	0
97	97	934	1784.501	639.836	147	373	264	109	27	163	449	223	66	19	298.763	433	374	347	335	323	310	294	277	249	200	127	122.625	142	133	130	127	125	123	121	119	116	111	101	0	0	0.000	0.000	0	0	0	0	0	0	0	0	0	0	0	0	0	0.000	0.000	0	0	0	0	0	0	0	0	0	0	0
98	98	2182	358.601	650.510	292	535	759	412	136	276	690	768	354	55	116.895	135	123	121	120	118	117	116	114	113	110	102	324.803	473	409	389	373	355	334	312	284	258	226	132	0	0	0.000	0.000	0	0	0	0	0	0	0	0	0	0	0	0	0	0.000	0.000	0	0	0	0	0	0	0	0	0	0	0
99	99	2017	743.300	664.287	339	554	691	327	70	221	574	655	390	125	428.162	10770	446	254	219	208	197	189	181	170	153	112	334.726	1579	421	375	351	333	314	293	273	252	214	138	1	74	746.699	674.058	0	0	0	4543	0	0	0	896	0	0	0	1	42	745.910	673.859	0	0	0	6372	0	0	0	1182	0	0	0
100	100	1604	1438.120	665.864	250	543	476	261	43	191	484	521	305	71	1548.516	2197	1986	1898	1824	1758	1671	1557	1393	1166	917	314	166.322	208	190	185	181	176	171	164	156	146	135	109	0	0	0.000	0.000	0	0	0	0	0	0	0	0	0	0	0	0	0	0.000	0.000	0	0	0	0	0	0	0	0	0	0	0
101	101	1911	1380.339	670.130	278	625	624	299	56	320	751	538	223	31	1670.389	19192	2601	1435	1241	1096	948	839	725	537	385	118	235.424	2176	331	192	173	164	155	145	131	121	114	100	1	140	1382.292	676.179	0	0	0	9452	0	0	0	1106	0	0	0	1	139	1382.292	675.360	0	0	0	9152	0	0	0	1106	0	0	0
102	102	2094	409.346	678.002	388	657	571	371	80	337	659	654	346	69	1367.125	2331	1898	1715	1598	1501	1412	1320	1207	1050	741	173	120.138	140	129	126	124	122	121	119	117	114	110	101	0	0	0.000	0.000	0	0	0	0	0	0	0	0	0	0	0	0	0	0.000	0.000	0	0	0	0	0	0	0	0	0	0	0
103	103	2074	689.445	674.002	383	561	635	380	75	335	491	764	312	132	187.153	254	224	216	209	200	191	181	172	160	138	107	310.807	454	405	387	371	348	323	294	270	241	187	111	0	0	0.000	0.000	0	0	0	0	0	0	0	0	0	0	0	0	0	0.000	0.000	0	0	0	0	0	0	0	0	0	0	0
104	104	2027	1655.168	683.384	329	711	628	291	37	323	811	593	229	27	1566.600	2333	1984	1894	1814	1746	1676	1583	1465	1239	927	382	158.723	207	180	174	170	166	161	157	151	143	131	105	0	0	0.000	0.000	0	0	0	0	0	0	0	0	0	0	0	0	0	0.000	0.000	0	0	0	0	0	0	0	0	0	0	0
105	105	526	448.502	670.040	55	94	187	132	50	42	143	179	119	32	532.713	710	659	627	597	570	550	526	493	452	386	213	105.215	113	108	107	106	106	105	105	104	103	102	99	0	0	0.000	0.000	0	0	0	0	0	0	0	0	0	0	0	0	0	0.000	0.000	0	0	0	0	0	0	0	0	0	0	0
106	106	1690	1709.220	682.769	232	480	463	354	127	218	760	475	175	26	110.049	128	115	113	112	111	110	109	108	107	105	99	134.773	171	151	146	141	138	134	131	128	124	119	102	0	0	0.000	0.000	0	0	0	0	0	0	0	0	0	0	0	0	0	0.000	0.000	0	0	0	0	0	0	0	0	0	0	0
107	107	2010	1859.694	694.073	386	418	618	454	105	275	428	702	396	163	379.203	3470	440	408	388	370	353	338	314	275	222	130	123.167	321	135	129	125	122	119	117	115	113	109	102	1	36	1862.108	710.675	0	0	0	2006	0	0	0	211	0	0	0	1	48	1862.920	709.744	0	0	0	1366	0	0	0	218	0	0	0
108	108	1603	590.452	691.842	255	484	474	282	74	215	529	501	246	75	615.516	949	811	761	720	683	646	608	571	479	335	149	122.215	147	134	130	127	125	123	120	118	114	109	96	0	0	0.000	0.000	0	0	0	0	0	0	0	0	0	0	0	0	0	0.000	0.000	0	0	0	0	0	0	0	0	0	0	0
109	109	943	1812.666	688.325	87	321	314	165	30	61	320	292	195	56	110.378	122	115	114	112	111	110	109	108	107	105	99	133.366	157	145	141	138	136	134	132	129	126	121	107	0	0	0.000	0.000	0	0	0	0	0	0	0	0	0	0	0	0	0	0.000	0.000	0	0	0	0	0	0	0	0	0	0	0
110	110	1182	104.166	694.992	201	338	436	183	13	96	323	420	252	79	272.530	420	345	325	314	301	290	268	245	209	171	116	102.911	117	106	105	104	104	103	102	102	101	100	94	0	0	0.000	0.000	0	0	0	0	0	0	0	0	0	0	0	0	0	0.000	0.000	0	0	0	0	0	0	0	0	0	0	0
111	111	2097	1558.075	710.281	357	631	663	369	38	299	630	684	360	77	202.709	276	243	235	228	219	211	200	186	169	148	114	188.384	268	237	225	214	202	190	178	165	153	137	109	0	0	0.000	0.000	0	0	0	0	0	0	0	0	0	0	0	0	0	0.000	0.000	0	0	0	0	0	0	0	0	0	0	0
112	112	1498	1411.923	707.179	196	544	572	150	11	147	549	520	200	61	1102.444	1781	1534	1464	1394	1284	1159	1042	909	740	525	191	157.960	208	190	184	177	170	161	152	141	131	122	98	0	0	0.000	0.000	0	0	0	0	0	0	0	0	0	0	0	0	0	0.000	0.000	0	0	0	0	0	0	0	0	0	0	0
113	113	1471	360.782	705.637	377	436	379	216	39	307	409	388	274	69	1231.374	2078	1686	1555	1446	1343	1259	1162	1062	945	704	263	117.234	136	125	122	120	119	117	116	114	112	109	98	0	0	0.000	0.000	0	0	0	0	0	0	0	0	0	0	0	0	0	0.000	0.000	0	0	0	0	0	0	0	0	0	0	0
114	114	2054	154.630	711.257	504	733	563	206	15	400	789	623	197	11	277.309	431	368	338	318	295	276	260	244	223	184	105	103.377	114	107	105	104	104	103	103	102	102	101	94	0	0	0.000	0.000	0	0	0	0	0	0	0	0	0	0	0	0	0	0.000	0.000	0	0	0	0	0	0	0	0	0	0	0
115	115	1617	444.768	715.946	184	411	567	342	84	174	518	586	290	18	550.753	865	723	667	622	586	557	523	487	446	376	146	105.134	119	109	107	106	105	105	104	104	103	102	96	0	0	0.000	0.000	0	0	0	0	0	0	0	0	0	0	0	0	0	0.000	0.000	0	0	0	0	0	0	0	0	0	0	0
116	116	1935	739.530	720.416	473	666	444	271	51	455	760	404	251	37	277.645	4387	293	275	261	248	236	223	210	196	162	114	450.123	1484	583	548	517	487	455	425	393	362	262	128	1	32	738.117	699.431	0	0	0	2213	0	0	0	792	0	0	0	0	0	0.000	0.000	0	0	0	0	0	0	0	0	0	0	0
117	117	1629	1643.021	742.354	483	703	365	32	10	241	469	518	318	50	1652.166	2675	2303	2143	2034	1923	1786	1608	1382	1095	780	285	160.804	219	187	181	175	169	164	157	150	140	128	105	0	0	0.000	0.000	0	0	0	0	0	0	0	0	0	0	0	0	0	0.000	0.000	0	0	0	0	0	0	0	0	0	0	0
118	118	2318	1863.868	750.410	560	932	627	149	11	284	800	719	366	99	912.473	16959	980	626	574	531	493	466	430	367	290	134	193.296	2352	207	150	142	137	132	128	124	121	115	101	1	105	1870.584	747.345	0	0	0	7909	0	0	0	1157	0	0	0	1	109	1871.124	746.534	0	0	0	6570	0	0	0	1141	0	0	0
119	119	2101	410.250	765.809	445	805	609	170	23	340	708	593	369	60	496.700	759	660	602	555	519	491	467	443	410	347	151	105.789	119	110	108	107	106	105	105	104	103	102	94	0	0	0.000	0.000	0	0	0	0	0	0	0	0	0	0	0	0	0	0.000	0.000	0	0	0	0	0	0	0	0	0	0	0
120	120	1834	1554.106	770.835	379	483	522	363	59	311	430	620	326	114	903.214	17721	1309	385	262	230	212	200	188	172	145	106	256.315	2234	347	223	204	189	178	167	155	144	130	103	1	128	1559.235	775.578	0	0	0	8336	0	0	0	1150	0	0	0	1	121	1558.789	775.277	0	0	0	8621	0	0	0	1190	0	0	0
121	121	1892	525.419	771.978	430	506	508	345	74	372	465	485	426	116	674.619	1039	929	858	790	739	696	652	597	493	372	154	106.455	135	112	109	108	106	105	105	104	103	102	95	0	0	0.000	0.000	0	0	0	0	0	0	0	0	0	0	0	0	0	0.000	0.000	0	0	0	0	0	0	0	0	0	0	0
122	122	723	1817.139	767.701	174	204	117	156	59	200	225	187	79	18	429.988	632	559	519	493	469	450	430	396	341	258	142	132.869	163	148	143	140	137	134	131	128	123	116	103	0	0	0.000	0.000	0	0	0	0	0	0	0	0	0	0	0	0	0	0.000	0.000	0	0	0	0	0	0	0	0	0	0	0
123	123	1776	466.748	772.906	406	515	494	294	44	372	676	465	194	40	726.158	1183	964	922	887	852	810	745	626	482	343	159	106.151	123	112	109	107	106	105	105	104	103	102	94	0	0	0.000	0.000	0	0	0	0	0	0	0	0	0	0	0	0	0	0.000	0.000	0	0	0	0	0	0	0	0	0	0	0
124	124	1910	1339.982	781.630	528	582	505	225	35	491	565	519	268	32	107.005	123	111	110	109	108	107	106	105	104	103	95	116.398	134	124	121	119	118	116	115	113	112	109	100	0	0	0.000	0.000	0	0	0	0	0	0	0	0	0	0	0	0	0	0.000	0.000	0	0	0	0	0	0	0	0	0	0	0
125	125	1939	701.045	783.743	295	634	602	327	39	253	731	563	304	46	256.525	394	330	307	288	274	259	241	224	206	186	110	149.210	196	174	165	159	153	148	144	140	134	126	105	0	0	0.000	0.000	0	0	0	0	0	0	0	0	0	0	0	0	0	0.000	0.000	0	0	0	0	0	0	0	0	0	0	0
126	126	1615	1900.693	791.248	147	459	530	364	88	167	588	620	197	13	640.129	12386	902	323	245	232	218	204	190	175	158	116	305.131	1534	378	319	299	286	274	258	240	220	192	129	1	106	1896.229	801.510	0	0	0	4961	0	0	0	804	0	0	0	1	68	1896.163	801.307	0	0	0	7365	0	0	0	1019	0	0	0
127	127	1348	652.068	795.758	342	426	385	164	17	212	422	413	187	97	273.762	378	336	326	316	304	292	272	245	218	183	121	152.214	193	172	167	163	159	155	151	145	137	126	107	0	0	0.000	0.000	0	0	0	0	0	0	0	0	0	0	0	0	0	0.000	0.000	0	0	0	0	0	0	0	0	0	0	0
128	128	1162	1391.109	793.250	135	277	326	279	126	162	225	470	204	78	107.640	119	112	110	109	108	108	107	106	105	104	98	118.954	140	129	126	123	121	119	117	114	112	109	99	0	0	0.000	0.000	0	0	0	0	0	0	0	0	0	0	0	0	0	0.000	0.000	0	0	0	0	0	0	0	0	0	0	0
129	129	1434	407.206	813.834	271	441	443	218	40	215	544	406	188	42	623.308	999	862	801	741	704	660	604	534	435	324	148	104.987	117	109	107	106	105	105	104	103	103	102	93	0	0	0.000	0.000	0	0	0	0	0	0	0	0	0	0	0	0	0	0.000	0.000	0	0	0	0	0	0	0	0	0	0	0
130	130	968	1208.140	815.733	198	199	266	226	60	144	258	305	195	47	200.357	292	260	236	223	211	201	190	178	163	144	112	139.911	192	163	154	148	143	140	137	132	125	115	102	0	0	0.000	0.000	0	0	0	0	0	0	0	0	0	0	0	0	0	0.000	0.000	0	0	0	0	0	0	0	0	0	0	0
131	131	2321	979.776	831.532	1657	350	158	88	45	1603	317	239	114	32	108.829	120	113	112	110	110	109	108	107	106	105	98	116.353	147	126	123	120	117	115	113	112	110	108	99	0	0	0.000	0.000	0	0	0	0	0	0	0	0	0	0	0	0	0	0.000	0.000	0	0	0	0	0	0	0	0	0	0	0
132	132	2089	1040.080	850.427	517	454	609	415	58	472	572	680	301	32	514.529	13193	527	259	231	217	204	191	176	156	133	106	221.507	3052	222	185	175	166	158	149	139	128	116	97	1	89	1032.724	840.774	0	0	0	5946	0	0	0	1404	0	0	0	1	80	1032.301	840.676	0	0	0	6277	0	0	0	1465	0	0	0
133	133	1514	795.149	856.610	214	443	503	300	32	180	498	511	245	57	181.312	238	213	205	199	192	185	178	169	160	141	109	147.068	182	166	160	157	153	149	145	140	135	125	104	0	0	0.000	0.000	0	0	0	0	0	0	0	0	0	0	0	0	0	0.000	0.000	0	0	0	0	0	0	0	0	0	0	0
134	134	1318	749.141	861.857	335	356	317	253	34	278	415	375	199	26	118.967	141	129	125	123	121	119	118	115	112	108	101	212.035	314	257	245	236	228	220	210	198	177	148	106	0	0	0.000	0.000	0	0	0	0	0	0	0	0	0	0	0	0	0	0.000	0.000	0	0	0	0	0	0	0	0	0	0	0
135	135	1804	1213.356	865.338	340	514	561	297	65	283	567	598	284	33	654.652	14053	851	311	257	236	221	208	194	177	153	111	228.616	2595	280	175	165	158	153	147	141	131	115	101	1	99	1222.137	862.967	0	0	0	6362	0	0	0	1227	0	0	0	1	103	1222.168	863.088	0	0	0	5923	0	0	0	1198	0	0	0
136	136	1693	954.300	878.860	232	522	595	253	66	160	594	585	233	77	332.009	7012	366	229	215	204	194	180	167	154	140	110	168.048	992	187	172	165	158	151	144	137	130	124	104	1	54	965.706	877.686	0	0	0	3434	0	0	0	294	0	0	0	1	54	966.107	879.685	0	0	0	1526	0	0	0	563	0	0	0
137	137	1645	1415.670	883.035	248	428	543	355	39	224	493	547	278	82	243.877	345	311	290	276	264	251	238	222	203	159	108	367.942	582	503	461	431	405	383	358	330	282	190	114	0	0	0.000	0.000	0	0	0	0	0	0	0	0	0	0	0	0	0	0.000	0.000	0	0	0	0	0	0	0	0	0	0	0
138	138	1799	1880.553	887.124	470	603	477	175	43	450	680	433	168	30	257.016	438	330	295	276	261	250	242	233	220	192	127	125.494	159	138	134	131	128	125	122	120	117	113	101	0	0	0.000	0.000	0	0	0	0	0	0	0	0	0	0	0	0	0	0.000	0.000	0	0	0	0	0	0	0	0	0	0	0
139	139	1252	1130.468	887.117	218	476	352	162	19	263	459	366	114	21	131.646	478	154	133	125	122	120	118	116	114	112	102	198.585	276	247	235	223	211	201	188	177	163	149	109	0	0	0.000	0.000	0	0	0	0	0	0	0	0	0	0	0	0	0	0.000	0.000	0	0	0	0	0	0	0	0	0	0	0
140	140	1526	1600.231	890.751	305	367	472	285	70	249	461	439	290	58	361.862	599	522	477	432	398	369	340	311	261	172	112	123.671	150	138	134	131	128	124	121	117	112	106	93	0	0	0.000	0.000	0	0	0	0	0	0	0	0	0	0	0	0	0	0.000	0.000	0	0	0	0	0	0	0	0	0	0	0
141	141	918	1312.379	890.631	182	191	255	191	89	179	190	285	168	81	707.559	1030	915	873	840	810	768	710	630	527	384	203	127.577	154	141	138	135	132	129	126	122	117	110	102	0	0	0.000	0.000	0	0	0	0	0	0	0	0	0	0	0	0	0	0.000	0.000	0	0	0	0	0	0	0	0	0	0	0
142	142	702	1921.894	890.842	115	213	173	147	40	107	192	201	144	46	255.709	351	318	294	281	269	258	245	232	217	193	139	124.150	144	134	131	129	127	125	123	120	117	113	100	0	0	0.000	0.000	0	0	0	0	0	0	0	0	0	0	0	0	0	0.000	0.000	0	0	0	0	0	0	0	0	0	0	0
143	143	1491	1063.573	902.923	214	505	513	219	22	143	452	528	264	69	183.634	724	212	201	194	186	180	172	162	154	140	113	148.634	276	172	165	158	153	148	143	138	133	125	105	1	24	1062.424	886.407	0	0	0	471	0	0	0	186	0	0	0	0	0	0.000	0.000	0	0	0	0	0	0	0	0	0	0	0
144	144	2120	1466.579	902.610	351	706	691	299	29	258	534	783	408	96	412.702	8636	456	331	300	277	256	233	212	191	165	117	414.426	1218	585	541	494	449	407	366	325	288	220	123	1	70	1473.177	904.064	0	0	0	3583	0	0	0	832	0	0	0	1	12	1473.459	903.067	0	0	0	6583	0	0	0	1125	0	0	0
145	145	1134	1819.039	902.542	251	326	347	167	26	148	250	282	287	142	231.005	325	279	267	253	242	232	224	216	201	178	131	120.807	144	132	129	125	122	120	118	116	114	110	101	0	0	0.000	0.000	0	0	0	0	0	0	0	0	0	0	0	0	0	0.000	0.000	0	0	0	0	0	0	0	0	0	0	0
146	146	3376	760.429	912.839	1010	1111	798	370	36	925	1159	823	350	73	156.307	3093	157	151	147	144	141	138	134	127	116	100	250.026	1828	300	287	278	266	255	242	224	194	146	102	1	31	782.627	897.364	0	0	0	1348	0	0	0	1029	0	0	0	1	30	782.052	897.334	0	0	0	1343	0	0	0	1042	0	0	0
147	147	1791	86.218	921.351	333	599	532	276	14	316	623	485	259	74	1073.125	17493	1871	559	337	256	223	204	187	170	151	115	249.733	2166	390	207	175	164	155	146	137	131	124	105	1	148	88.538	925.267	0	0	0	8418	0	0	0	1085	0	0	0	1	139	88.024	924.898	0	0	0	8945	0	0	0	1152	0	0	0
148	148	1962	1647.891	921.887	207	485	611	517	101	192	534	610	464	121	615.319	10639	679	519	453	418	396	372	341	305	214	115	149.645	1117	167	141	135	131	127	124	120	116	110	101	1	69	1659.203	922.104	0	0	0	5254	0	0	0	375	0	0	0	1	74	1657.683	922.259	0	0	0	3256	0	0	0	585	0	0	0
149	149	886	895.447	921.625	582	145	76	52	22	516	157	103	74	27	114.701	144	129	124	119	115	112	110	108	106	104	98	404.546	819	667	610	545	484	407	324	245	183	150	114	0	0	0.000	0.000	0	0	0	0	0	0	0	0	0	0	0	0	0	0.000	0.000	0	0	0	0	0	0	0	0	0	0	0
150	150	1293	967.682	923.709	232	364	440	199	35	189	449	404	177	54	168.291	220	198	191	185	179	173	167	158	146	126	103	144.410	188	169	162	155	150	144	139	134	128	119	106	0	0	0.000	0.000	0	0	0	0	0	0	0	0	0	0	0	0	0	0.000	0.000	0	0	0	0	0	0	0	0	0	0	0
151	151	1092	1213.545	926.582	361	331	316	49	13	285	340	328	112	14	377.125	3298	477	393	357	328	302	274	256	238	216	131	152.336	628	172	159	153	146	140	135	131	127	123	107	1	37	1198.943	926.074	0	0	0	1795	0	0	0	299	0	0	0	1	43	1198.206	927.223	0	0	0	1358	0	0	0	373	0	0	0
152	152	1490	1110.014	929.658	224	532	474	205	34	187	479	470	288	36	111.066	122	116	114	113	112	111	110	109	108	106	100	178.995	237	211	202	193	186	178	171	165	157	148	116	0	0	0.000	0.000	0	0	0	0	0	0	0	0	0	0	0	0	0	0.000	0.000	0	0	0	0	0	0	0	0	0	0	0
153	153	747	1722.010	931.686	221	331	135	32	16	236	309	131	41	18	134.242	174	154	147	141	136	133	130	127	123	117	104	211.191	278	254	243	231	222	212	204	195	183	165	115	0	0	0.000	0.000	0	0	0	0	0	0	0	0	0	0	0	0	0	0.000	0.000	0	0	0	0	0	0	0	0	0	0	0
154	154	2369	1768.291	956.053	424	799	873	216	19	387	777	850	285	24	109.410	123	114	112	111	110	109	108	107	106	105	100	218.791	333	279	260	247	238	227	216	195	168	144	111	0	0	0.000	0.000	0	0	0	0	0	0	0	0	0	0	0	0	0	0.000	0.000	0	0	0	0	0	0	0	0	0	0	0
155	155	1343	1412.432	951.304	217	264	323	393	123	209	491	381	185	52	414.330	876	551	520	483	456	430	401	365	309	233	134	171.704	659	206	193	184	176	168	160	151	140	127	107	0	0	0.000	0.000	0	0	0	0	0	0	0	0	0	0	0	1	18	1425.832	955.664	0	0	0	493	0	0	0	462	0	0	0
156	156	2054	681.897	971.248	312	772	618	268	40	266	666	717	270	101	329.060	487	415	397	380	364	344	320	297	267	212	111	169.011	219	197	190	184	178	172	166	159	148	134	104	0	0	0.000	0.000	0	0	0	0	0	0	0	0	0	0	0	0	0	0.000	0.000	0	0	0	0	0	0	0	0	0	0	0
157	157	1426	731.749	965.237	118	347	545	310	70	97	489	503	266	42	337.316	487	422	401	382	365	346	323	301	276	241	141	168.951	228	199	191	184	177	170	162	155	147	139	107	0	0	0.000	0.000	0	0	0	0	0	0	0	0	0	0	0	0	0	0.000	0.000	0	0	0	0	0	0	0	0	0	0	0
158	158	739	1365.261	962.354	213	292	167	41	12	218	305	187	10	5	129.016	165	148	142	138	135	131	126	119	113	108	101	192.019	311	254	237	223	212	198	181	161	141	120	99	0	0	0.000	0.000	0	0	0	0	0	0	0	0	0	0	0	0	0	0.000	0.000	0	0	0	0	0	0	0	0	0	0	0
159	159	2306	1706.062	976.806	524	826	653	231	34	385	804	637	396	51	109.919	126	115	113	112	111	110	109	108	107	105	100	264.965	386	335	320	306	292	277	262	240	206	168	115	0	0	0.000	0.000	0	0	0	0	0	0	0	0	0	0	0	0	0	0.000	0.000	0	0	0	0	0	0	0	0	0	0	0
160	160	1188	1323.462	975.370	175	201	371	368	55	162	290	475	196	37	331.002	450	405	389	377	363	347	327	305	272	227	132	107.672	122	113	111	109	108	107	106	105	104	103	97	0	0	0.000	0.000	0	0	0	0	0	0	0	0	0	0	0	0	0	0.000	0.000	0	0	0	0	0	0	0	0	0	0	0
161	161	825	604.174	978.000	67	203	233	223	86	86	293	255	138	38	422.778	643	550	516	493	466	431	403	365	326	273	174	115.281	131	122	120	118	117	115	114	112	111	108	103	0	0	0.000	0.000	0	0	0	0	0	0	0	0	0	0	0	0	0	0.000	0.000	0	0	0	0	0	0	0	0	0	0	0
162	162	1819	1462.448	986.241	326	791	558	99	11	154	521	529	428	153	488.115	11797	460	284	256	231	214	200	189	178	163	118	160.531	1307	166	149	143	138	134	130	126	123	118	104	1	76	1463.389	1000.128	0	0	0	5094	0	0	0	617	0	0	0	1	69	1463.466	999.230	0	0	0	3668	0	0	0	661	0	0	0
163	163	1380	1557.879	986.078	252	505	407	170	25	148	538	383	204	79	183.082	259	227	211	201	193	186	179	168	152	133	107	168.657	231	204	193	186	178	173	166	156	143	126	104	0	0	0.000	0.000	0	0	0	0	0	0	0	0	0	0	0	0	0	0.000	0.000	0	0	0	0	0	0	0	0	0	0	0
164	164	1771	1404.596	997.550	341	687	613	85	19	216	563	576	303	70	236.379	3124	259	240	226	215	203	192	183	170	148	104	125.129	371	137	132	128	125	122	120	117	114	110	96	1	30	1418.192	1003.738	0	0	0	1477	0	0	0	188	0	0	0	1	30	1418.676	1001.819	0	0	0	641	0	0	0	231	0	0	0
165	165	1836	1292.652	1013.430	438	457	464	324	120	399	486	491	344	82	289.970	442	369	347	328	312	295	280	259	233	201	114	107.656	123	113	111	109	108	107	106	106	105	103	96	0	0	0.000	0.000	0	0	0	0	0	0	0	0	0	0	0	0	0	0.000	0.000	0	0	0	0	0	0	0	0	0	0	0
166	166	1056	1508.625	1004.064	182	386	387	77	10	130	356	324	161	60	205.589	280	243	232	224	216	207	199	190	179	163	113	131.173	163	147	142	138	134	131	127	124	120	116	105	0	0	0.000	0.000	0	0	0	0	0	0	0	0	0	0	0	0	0	0.000	0.000	0	0	0	0	0	0	0	0	0	0	0
167	167	1846	581.900	1019.605	281	628	648	215	45	292	798	521	165	27	481.467	695	624	590	555	523	492	465	430	391	317	130	119.093	139	129	126	123	121	119	117	115	112	110	101	0	0	0.000	0.000	0	0	0	0	0	0	0	0	0	0	0	0	0	0.000	0.000	0	0	0	0	0	0	0	0	0	0	0
168	168	1743	646.144	1021.917	326	709	506	151	23	349	901	393	52	11	662.950	1068	904	829	773	728	689	650	598	501	367	150	110.626	134	118	115	112	111	110	108	107	106	104	98	0	0	0.000	0.000	0	0	0	0	0	0	0	0	0	0	0	0	0	0.000	0.000	0	0	0	0	0	0	0	0	0	0	0
169	169	1858	743.940	1023.341	849	538	311	104	25	830	551	340	96	15	200.088	3063	289	222	163	148	142	136	129	119	111	101	134.548	642	167	148	134	129	126	122	118	114	108	97	0	0	0.000	0.000	0	0	0	0	0	0	0	0	0	0	0	1	31	738.612	1021.640	0	0	0	1133	0	0	0	251	0	0	0
170	170	1579	1551.596	1031.710	272	448	536	272	30	201	394	467	417	79	856.454	15658	1363	405	246	206	194	186	176	161	135	104	196.892	1308	230	182	174	168	161	152	140	120	108	99	1	114	1558.893	1029.595	0	0	0	7301	0	0	0	272	0	0	0	1	106	1561.596	1029.425	0	0	0	2037	0	0	0	744	0	0	0
171	171	1613	1470.227	1035.578	248	537	565	221	11	215	538	555	243	38	123.086	158	132	129	127	125	123	122	119	117	113	102	159.029	242	196	183	172	164	156	149	142	136	129	104	0	0	0.000	0.000	0	0	0	0	0	0	0	0	0	0	0	0	0	0.000	0.000	0	0	0	0	0	0	0	0	0	0	0
172	172	1644	1334.253	1053.143	75	236	494	592	211	96	298	732	344	138	306.931	468	402	371	347	328	309	289	269	244	208	127	107.286	119	112	110	109	108	107	106	105	105	103	97	0	0	0.000	0.000	0	0	0	0	0	0	0	0	0	0	0	0	0	0.000	0.000	0	0	0	0	0	0	0	0	0	0	0
173	173	1378	716.577	1053.078	178	325	393	344	115	167	378	447	308	50	403.798	10760	333	287	270	254	242	232	223	210	184	129	165.979	1521	167	158	154	150	147	144	141	135	127	107	0	0	0.000	0.000	0	0	0	0	0	0	0	0	0	0	0	0	0	0.000	0.000	0	0	0	0	0	0	0	0	0	0	0
174	174	1853	1053.773	1054.404	373	435	585	381	51	284	419	574	433	111	501.372	758	659	617	585	559	534	502	442	375	293	151	161.609	214	191	183	177	171	165	158	150	140	126	102	0	0	0.000	0.000	0	0	0	0	0	0	0	0	0	0	0	0	0	0.000	0.000	0	0	0	0	0	0	0	0	0	0	0
175	175	1860	1663.002	1059.263	308	482	636	356	49	314	508	619	324	56	358.363	7480	382	229	206	194	185	178	169	155	133	106	171.694	731	204	188	180	173	165	154	146	132	114	99	1	72	1667.316	1059.569	0	0	0	3498	0	0	0	304	0	0	0	1	54	1669.266	1058.474	0	0	0	1635	0	0	0	479	0	0	0
176	176	1503	1276.832	1061.979	207	503	382	301	84	222	583	393	245	33	349.500	6362	426	271	246	230	216	202	190	176	162	117	143.069	730	163	144	138	134	130	126	122	119	114	101	1	52	1271.730	1056.437	0	0	0	2967	0	0	0	385	0	0	0	1	52	1272.296	1056.605	0	0	0	2967	0	0	0	385	0	0	0
177	177	1660	606.101	1066.113	231	564	620	199	23	121	433	659	283	122	646.095	1024	888	786	730	689	642	601	561	513	419	216	110.645	132	118	115	112	111	110	109	107	106	105	99	0	0	0.000	0.000	0	0	0	0	0	0	0	0	0	0	0	0	0	0.000	0.000	0	0	0	0	0	0	0	0	0	0	0
178	178	1181	1229.532	1068.522	220	265	392	252	28	220	313	424	176	26	184.051	266	229	216	204	195	185	176	165	151	135	109	124.026	161	139	134	130	126	123	120	117	115	111	101	0	0	0.000	0.000	0	0	0	0	0	0	0	0	0	0	0	0	0	0.000	0.000	0	0	0	0	0	0	0	0	0	0	0
179	179	2130	1113.310	1075.441	359	705	658	331	38	349	809	625	263	47	670.736	8072	787	610	565	534	507	470	434	385	312	164	210.071	2053	233	189	177	171	166	161	154	146	134	105	1	77	1115.539	1080.968	0	0	0	4331	0	0	0	1133	0	0	0	1	83	1115.125	1080.542	0	0	0	3911	0	0	0	1001	0	0	0
180	180	1126	674.566	1077.566	183	296	331	242	56	127	427	334	173	47	222.098	292	262	251	244	237	229	221	211	192	165	126	141.930	176	158	153	150	147	144	141	136	131	123	108	0	0	0.000	0.000	0	0	0	0	0	0	0	0	0	0	0	0	0	0.000	0.000	0	0	0	0	0	0	0	0	0	0	0
181	181	1845	1494.682	1085.552	359	536	471	368	77	489	637	502	162	24	123.132	143	132	129	127	125	123	122	120	117	114	103	150.230	206	176	167	161	156	151	145	138	132	124	104	0	0	0.000	0.000	0	0	0	0	0	0	0	0	0	0	0	0	0	0.000	0.000	0	0	0	0	0	0	0	0	0	0	0
182	182	731	1700.615	1085.129	90	244	240	127	13	61	246	238	124	51	155.798	200	183	178	173	168	163	154	144	130	116	102	150.298	197	179	173	167	161	155	148	137	123	112	103	0	0	0.000	0.000	0	0	0	0	0	0	0	0	0	0	0	0	0	0.000	0.000	0	0	0	0	0	0	0	0	0	0	0
183	183	1917	1872.788	1092.832	324	646	643	232	28	273	552	654	341	70	254.428	4689	266	216	201	188	179	170	161	149	130	102	158.009	769	182	169	161	155	148	142	135	128	120	103	1	56	1884.806	1101.572	0	0	0	1900	0	0	0	410	0	0	0	1	45	1885.004	1101.905	0	0	0	2371	0	0	0	446	0	0	0
184	184	667	1362.280	1087.959	77	176	202	152	50	66	176	201	163	50	258.817	357	322	308	294	281	267	251	234	211	180	122	106.921	118	111	110	109	108	107	106	105	104	103	96	0	0	0.000	0.000	0	0	0	0	0	0	0	0	0	0	0	0	0	0.000	0.000	0	0	0	0	0	0	0	0	0	0	0
185	185	1398	550.278	1103.886	262	444	462	182	25	213	453	430	230	52	228.854	319	279	264	251	240	232	224	214	199	172	120	146.227	187	169	163	157	152	147	142	137	131	121	104	0	0	0.000	0.000	0	0	0	0	0	0	0	0	0	0	0	0	0	0.000	0.000	0	0	0	0	0	0	0	0	0	0	0
186	186	1780	1280.940	1106.605	396	691	468	166	27	300	684	458	249	53	605.823	14557	854	277	191	175	166	159	153	145	133	104	188.271	1708	213	166	158	151	145	139	133	127	120	104	1	86	1274.508	1098.071	0	0	0	6822	0	0	0	873	0	0	0	1	81	1274.531	1098.002	0	0	0	6881	0	0	0	887	0	0	0
187	187	1658	600.989	1115.556	236	919	438	20	13	95	687	622	190	28	345.048	5439	411	323	292	273	258	242	219	196	169	111	169.826	996	198	180	171	162	155	147	138	129	120	105	1	42	598.551	1108.885	0	0	0	2609	0	0	0	598	0	0	0	1	46	597.879	1108.577	0	0	0	2260	0	0	0	574	0	0	0
188	188	1418	688.291	1120.334	519	522	294	50	9	346	439	359	188	66	195.970	271	234	223	211	203	196	190	183	175	159	107	141.166	178	158	152	148	144	142	139	135	131	124	103	0	0	0.000	0.000	0	0	0	0	0	0	0	0	0	0	0	0	0	0.000	0.000	0	0	0	0	0	0	0	0	0	0	0
189	189	1727	754.973	1135.763	287	551	499	300	62	229	594	532	284	62	112.012	126	117	115	114	113	112	111	110	109	107	99	165.240	224	194	185	177	171	165	159	154	147	136	107	0	0	0.000	0.000	0	0	0	0	0	0	0	0	0	0	0	0	0	0.000	0.000	0	0	0	0	0	0	0	0	0	0	0
190	190	1227	1328.727	1136.472	172	358	327	297	57	174	365	325	284	55	194.764	2351	183	170	165	160	156	153	149	145	139	117	139.805	362	152	146	143	139	136	134	130	127	123	109	1	34	1343.917	1136.431	0	0	0	1091	0	0	0	247	0	0	0	1	26	1343.464	1134.964	0	0	0	518	0	0	0	274	0	0	0
191	191	1621	895.051	1144.777	249	497	652	170	26	209	664	527	166	18	749.614	11957	1107	521	425	370	335	308	282	247	195	121	211.769	2018	283	180	163	155	147	140	135	128	120	105	1	101	900.583	1147.102	0	0	0	5330	0	0	0	919	0	0	0	1	94	900.807	1146.692	0	0	0	5901	0	0	0	987	0	0	0
192	192	875	1249.001	1139.045	114	221	332	174	19	91	261	339	143	26	165.734	218	198	189	181	174	168	161	153	144	129	108	157.026	203	184	177	170	164	158	152	146	138	128	105	0	0	0.000	0.000	0	0	0	0	0	0	0	0	0	0	0	0	0	0.000	0.000	0	0	0	0	0	0	0	0	0	0	0
193	193	2264	174.173	1156.968	373	602	778	400	68	277	553	812	437	155	177.831	2125	185	173	167	162	157	152	146	138	127	104	223.907	609	290	272	255	238	224	209	192	175	149	108	1	37	167.744	1141.864	0	0	0	1040	0	0	0	335	0	0	0	0	0	0.000	0.000	0	0	0	0	0	0	0	0	0	0	0
194	194	1120	1291.997	1159.905	53	248	434	298	65	34	301	525	193	41	646.454	941	827	782	752	719	675	629	584	511	412	194	156.529	199	182	174	170	164	159	151	145	137	128	110	0	0	0.000	0.000	0	0	0	0	0	0	0	0	0	0	0	0	0	0.000	0.000	0	0	0	0	0	0	0	0	0	0	0
195	195	1671	1818.682	1164.250	238	472	587	283	59	221	613	567	189	51	1475.352	19841	2612	831	664	576	515	482	448	394	317	132	291.132	3283	467	201	161	149	142	136	132	128	122	104	1	141	1813.137	1167.125	0	0	0	9965	0	0	0	1510	0	0	0	1	133	1813.527	1166.366	0	0	0	9891	0	0	0	1627	0	0	0
196	196	1801	617.890	1161.999	295	596	568	276	35	174	606	634	267	77	363.567	569	487	438	398	376	361	346	328	300	245	138	139.910	185	159	151	146	142	139	136	133	129	122	107	0	0	0.000	0.000	0	0	0	0	0	0	0	0	0	0	0	0	0	0.000	0.000	0	0	0	0	0	0	0	0	0	0	0
197	197	1751	1566.961	1168.195	201	525	611	323	63	139	498	695	264	113	475.920	742	622	575	539	511	483	458	428	382	315	135	145.366	201	167	160	154	149	145	141	137	132	126	103	0	0	0.000	0.000	0	0	0	0	0	0	0	0	0	0	0	0	0	0.000	0.000	0	0	0	0	0	0	0	0	0	0	0
198	198	1873	1509.310	1177.563	243	513	737	305	52	174	490	774	319	97	1238.965	1751	1598	1510	1421	1350	1280	1212	1141	1005	790	219	161.333	213	189	179	171	166	161	157	152	145	135	106	0	0	0.000	0.000	0	0	0	0	0	0	0	0	0	0	0	0	0	0.000	0.000	0	0	0	0	0	0	0	0	0	0	0
199	199	1674	1620.214	1169.043	175	546	550	313	55	177	591	571	276	38	455.269	716	606	554	518	492	471	447	397	342	285	169	145.872	187	165	160	156	152	148	143	138	131	123	103	0	0	0.000	0.000	0	0	0	0	0	0	0	0	0	0	0	0	0	0.000	0.000	0	0	0	0	0	0	0	0	0	0	0
200	200	2128	791.502	1178.351	373	465	698	493	41	389	684	748	240	14	114.208	131	121	119	117	116	114	113	111	109	107	101	177.723	262	227	213	200	187	176	167	155	144	130	106	0	0	0.000	0.000	0	0	0	0	0	0	0	0	0	0	0	0	0	0.000	0.000	0	0	0	0	0	0	0	0	0	0	0
201	201	1557	891.664	1196.400	255	404	516	297	56	181	417	535	305	77	352.815	525	474	450	423	394	360	329	298	265	214	126	147.534	192	174	167	159	153	147	141	136	130	122	103	0	0	0.000	0.000	0	0	0	0	0	0	0	0	0	0	0	0	0	0.000	0.000	0	0	0	0	0	0	0	0	0	0	0
202	202	1355	580.685	1203.096	402	494	310	102	26	381	616	224	91	23	120.303	141	130	127	125	123	121	119	116	113	109	101	218.356	324	274	259	245	232	221	209	197	176	153	115	0	0	0.000	0.000	0	0	0	0	0	0	0	0	0	0	0	0	0	0.000	0.000	0	0	0	0	0	0	0	0	0	0	0
203	203	2331	1844.153	1210.480	465	946	631	207	24	356	831	745	322	36	960.037	1564	1294	1210	1133	1072	1017	950	842	719	516	138	132.857	166	148	143	140	138	135	132	128	122	114	100	0	0	0.000	0.000	0	0	0	0	0	0	0	0	0	0	0	0	0	0.000	0.000	0	0	0	0	0	0	0	0	0	0	0
204	204	1724	1545.972	1216.597	227	726	643	90	13	147	533	729	228	51	433.903	681	582	547	517	484	440	393	353	322	282	164	105.378	116	108	107	106	106	105	105	104	103	102	97	0	0	0.000	0.000	0	0	0	0	0	0	0	0	0	0	0	0	0	0.000	0.000	0	0	0	0	0	0	0	0	0	0	0
205	205	1703	1790.974	1217.387	246	637	575	197	21	218	550	524	315	59	1192.439	1974	1746	1571	1421	1328	1248	1160	1013	813	540	177	141.671	187	165	158	152	148	144	139	133	126	114	102	0	0	0.000	0.000	0	0	0	0	0	0	0	0	0	0	0	0	0	0.000	0.000	0	0	0	0	0	0	0	0	0	0	0
206	206	1705	1386.491	1231.166	222	570	623	236	28	133	484	655	295	97	168.935	1117	187	177	171	165	159	154	148	142	134	106	160.348	287	188	179	171	165	159	153	147	141	134	109	1	33	1376.277	1234.205	0	0	0	505	0	0	0	191	0	0	0	0	0	0.000	0.000	0	0	0	0	0	0	0	0	0	0	0
207	207	711	554.507	1233.310	277	209	143	53	15	260	267	110	45	12	114.201	134	123	120	118	116	114	112	110	109	106	101	186.194	267	238	227	213	201	188	177	163	143	127	107	0	0	0.000	0.000	0	0	0	0	0	0	0	0	0	0	0	0	0	0.000	0.000	0	0	0	0	0	0	0	0	0	0	0
208	208	1932	1336.941	1241.428	436	609	630	196	28	358	739	566	195	28	411.216	11749	460	233	192	176	166	158	150	140	123	103	192.385	2007	210	181	172	164	158	151	144	136	121	103	1	66	1339.200	1236.840	0	0	0	5019	0	0	0	954	0	0	0	1	62	1339.104	1236.393	0	0	0	5093	0	0	0	984	0	0	0
209	209	1955	847.271	1248.350	765	852	290	9	5	660	913	312	35	4	350.013	7500	308	280	263	251	240	229	216	200	175	109	216.649	1883	231	217	211	202	195	189	181	169	152	105	1	64	857.114	1263.888	0	0	0	3485	0	0	0	921	0	0	0	1	56	856.850	1264.258	0	0	0	4167	0	0	0	1029	0	0	0
210	210	1244	1753.751	1252.363	184	366	357	232	82	189	505	333	157	34	297.357	431	383	358	340	318	300	283	265	244	203	130	140.872	174	160	154	149	145	141	137	133	129	121	108	0	0	0.000	0.000	0	0	0	0	0	0	0	0	0	0	0	0	0	0.000	0.000	0	0	0	0	0	0	0	0	0	0	0
211	211	1616	1505.446	1250.845	261	541	568	194	20	212	553	505	256	53	399.511	632	546	489	441	412	393	377	357	327	264	154	107.322	120	111	110	109	108	107	106	105	105	103	94	0	0	0.000	0.000	0	0	0	0	0	0	0	0	0	0	0	0	0	0.000	0.000	0	0	0	0	0	0	0	0	0	0	0
212	212	1156	880.254	1266.764	716	267	131	24	8	738	242	147	13	9	121.970	348	154	128	119	115	111	109	107	105	104	99	114.471	189	131	120	116	112	110	108	106	105	103	98	0	0	0.000	0.000	0	0	0	0	0	0	0	0	0	0	0	0	0	0.000	0.000	0	0	0	0	0	0	0	0	0	0	0
213	213	1540	1811.702	1272.556	226	397	474	353	64	184	369	544	290	128	1163.482	1918	1704	1539	1392	1306	1219	1094	949	770	565	244	147.950	195	173	167	161	155	150	143	135	128	120	104	0	0	0.000	0.000	0	0	0	0	0	0	0	0	0	0	0	0	0	0.000	0.000	0	0	0	0	0	0	0	0	0	0	0
214	214	1384	802.684	1273.622	370	444	385	146	11	297	355	377	288	48	299.538	4071	321	291	271	251	232	214	199	183	162	122	207.580	1319	247	227	211	199	186	177	167	157	144	118	1	43	809.077	1256.675	0	0	0	1923	0	0	0	592	0	0	0	1	40	808.090	1255.323	0	0	0	1035	0	0	0	779	0	0	0
215	215	1268	709.674	1279.211	161	421	371	246	37	124	413	396	278	33	175.909	242	211	200	193	187	180	173	163	153	132	103	149.465	189	171	166	161	157	152	146	139	133	124	105	0	0	0.000	0.000	0	0	0	0	0	0	0	0	0	0	0	0	0	0.000	0.000	0	0	0	0	0	0	0	0	0	0	0
216	216	790	1401.260	1275.039	423	293	45	11	8	329	213	149	63	22	118.042	146	131	126	122	119	117	115	112	110	107	99	784.146	1606	1208	1023	916	860	804	733	656	517	303	144	0	0	0.000	0.000	0	0	0	0	0	0	0	0	0	0	0	0	0	0.000	0.000	0	0	0	0	0	0	0	0	0	0	0
217	217	2761	1689.488	1312.867	672	854	793	329	74	559	789	912	374	72	421.778	661	578	542	508	473	437	400	350	299	242	125	111.545	136	120	116	114	112	110	109	108	107	105	97	0	0	0.000	0.000	0	0	0	0	0	0	0	0	0	0	0	0	0	0.000	0.000	0	0	0	0	0	0	0	0	0	0	0
218	218	2585	1504.154	1313.381	349	929	890	317	57	220	772	978	446	124	491.344	12979	489	261	225	205	193	181	169	152	135	104	247.759	1675	299	264	248	233	217	204	190	170	144	104	1	104	1500.687	1316.428	0	0	0	5750	0	0	0	867	0	0	0	1	98	1501.623	1316.141	0	0	0	5666	0	0	0	959	0	0	0
219	219	1709	141.840	1309.003	401	477	496	260	49	340	536	447	286	76	112.818	129	120	117	116	114	113	111	110	108	106	98	230.083	351	294	278	265	252	241	226	208	185	142	106	0	0	0.000	0.000	0	0	0	0	0	0	0	0	0	0	0	0	0	0.000	0.000	0	0	0	0	0	0	0	0	0	0	0
220	220	658	433.670	1306.954	143	184	173	129	19	78	219	183	131	41	114.307	128	121	119	117	116	115	113	111	110	107	101	107.064	123	112	110	109	108	107	105	105	103	102	98	0	0	0.000	0.000	0	0	0	0	0	0	0	0	0	0	0	0	0	0.000	0.000	0	0	0	0	0	0	0	0	0	0	0
221	221	1797	1444.810	1319.642	369	610	573	184	32	248	502	621	321	78	207.688	1394	234	222	215	208	200	190	179	163	146	110	225.678	411	277	266	256	247	235	223	209	185	148	109	1	38	1455.512	1309.731	0	0	0	726	0	0	0	257	0	0	0	0	0	0.000	0.000	0	0	0	0	0	0	0	0	0	0	0
222	222	2139	1070.473	1328.582	373	588	825	256	43	262	543	879	371	49	1867.870	22719	4108	987	599	501	460	424	390	346	285	163	272.792	2511	476	192	158	145	136	129	124	120	115	104	1	254	1066.514	1333.569	0	0	0	10881	0	0	0	1073	0	0	0	1	222	1066.261	1333.501	0	0	0	12362	0	0	0	1302	0	0	0
223	223	2152	1818.371	1329.497	213	551	724	530	96	161	585	765	492	110	1042.174	1758	1492	1372	1280	1176	1065	963	885	763	495	164	137.434	184	162	156	151	144	138	132	126	119	111	99	0	0	0.000	0.000	0	0	0	0	0	0	0	0	0	0	0	0	0	0.000	0.000	0	0	0	0	0	0	0	0	0	0	0
224	224	1747	1023.084	1324.217	533	563	482	134	14	417	486	503	246	56	4734.863	25496	21588	7904	2214	1045	673	506	421	352	275	127	1548.008	10120	6429	2079	707	406	288	237	213	190	164	119	0	0	0.000	0.000	0	0	0	0	0	0	0	0	0	0	0	1	447	1022.967	1325.773	0	0	0	19391	0	0	0	4987	0	0	0
225	225	1898	464.054	1338.983	339	684	575	260	9	260	593	604	304	109	116.962	135	125	123	121	119	117	115	113	111	108	98	106.377	125	112	109	108	106	106	105	104	103	102	97	0	0	0.000	0.000	0	0	0	0	0	0	0	0	0	0	0	0	0	0.000	0.000	0	0	0	0	0	0	0	0	0	0	0
226	226	1830	978.998	1339.988	1515	181	89	19	15	1440	221	101	37	19	143.785	358	215	148	138	130	126	121	117	114	110	102	116.992	207	141	120	115	112	110	109	107	106	104	100	0	0	0.000	0.000	0	0	0	0	0	0	0	0	0	0	0	0	0	0.000	0.000	0	0	0	0	0	0	0	0	0	0	0
227	227	1396	187.525	1336.397	336	380	333	236	82	295	386	402	193	100	110.535	124	116	114	113	112	111	109	108	107	105	99	258.702	378	325	308	292	278	264	250	234	213	180	128	0	0	0.000	0.000	0	0	0	0	0	0	0	0	0	0	0	0	0	0.000	0.000	0	0	0	0	0	0	0	0	0	0	0
228	228	1175	1260.737	1350.204	119	295	393	281	72	79	330	504	181	52	765.343	1158	1050	988	926	852	793	730	644	536	423	265	108.024	130	115	111	109	108	107	106	105	104	103	97	0	0	0.000	0.000	0	0	0	0	0	0	0	0	0	0	0	0	0	0.000	0.000	0	0	0	0	0	0	0	0	0	0	0
229	229	2246	1709.051	1370.236	467	710	789	215	15	350	467	785	456	137	519.915	777	670	644	619	594	562	519	459	386	294	140	113.151	139	123	119	116	114	112	110	109	107	105	98	0	0	0.000	0.000	0	0	0	0	0	0	0	0	0	0	0	0	0	0.000	0.000	0	0	0	0	0	0	0	0	0	0	0
230	230	1646	1211.061	1377.311	178	366	494	398	181	173	546	556	301	46	785.740	1256	1042	961	893	847	812	759	690	608	502	238	107.385	128	114	110	109	107	106	106	105	104	103	99	0	0	0.000	0.000	0	0	0	0	0	0	0	0	0	0	0	0	0	0.000	0.000	0	0	0	0	0	0	0	0	0	0	0
231	231	557	1098.065	1365.778	165	214	107	47	13	177	190	111	50	21	141.300	184	163	158	151	147	142	137	131	124	117	106	386.027	769	548	509	483	456	411	353	283	231	180	125	0	0	0.000	0.000	0	0	0	0	0	0	0	0	0	0	0	0	0	0.000	0.000	0	0	0	0	0	0	0	0	0	0	0
232	232	732	762.474	1378.812	327	208	143	34	9	237	217	163	74	29	111.183	130	120	117	114	112	110	109	107	106	104	98	128.294	169	148	140	135	132	128	124	120	115	110	98	0	0	0.000	0.000	0	0	0	0	0	0	0	0	0	0	0	0	0	0.000	0.000	0	0	0	0	0	0	0	0	0	0	0
233	233	2122	1574.364	1408.094	389	463	688	449	86	363	571	795	281	72	2977.751	4929	4312	4064	3789	3485	3146	2773	2319	1870	1297	478	195.390	280	251	238	225	210	197	182	167	153	138	110	0	0	0.000	0.000	0	0	0	0	0	0	0	0	0	0	0	0	0	0.000	0.000	0	0	0	0	0	0	0	0	0	0	0
234	234	1204	1094.213	1405.633	408	520	218	32	4	93	510	391	155	29	118.641	166	138	131	126	122	115	111	108	106	104	98	278.645	646	472	410	369	322	252	191	159	139	122	106	0	0	0.000	0.000	0	0	0	0	0	0	0	0	0	0	0	0	0	0.000	0.000	0	0	0	0	0	0	0	0	0	0	0
235	235	876	1210.134	1425.017	157	185	262	196	63	112	228	291	161	61	574.951	838	769	742	710	677	627	555	478	399	298	144	106.323	122	111	109	108	107	106	105	104	103	102	98	0	0	0.000	0.000	0	0	0	0	0	0	0	0	0	0	0	0	0	0.000	0.000	0	0	0	0	0	0	0	0	0	0	0
236	236	1461	392.344	1450.653	324	526	434	140	15	238	542	422	194	40	236.789	3386	268	219	209	202	196	188	178	162	145	107	128.787	426	140	132	129	126	123	121	118	115	112	103	1	31	401.742	1453.339	0	0	0	1389	0	0	0	283	0	0	0	1	34	400.563	1453.089	0	0	0	746	0	0	0	283	0	0	0
237	237	2450	509.859	1454.815	479	649	820	354	106	575	931	710	164	22	1040.820	16816	1310	727	639	573	515	455	408	343	255	141	282.250	4312	334	198	175	164	155	146	139	131	122	103	1	140	516.290	1448.986	0	0	0	8260	0	0	0	1861	0	0	0	1	124	516.416	1448.821	0	0	0	9371	0	0	0	2053	0	0	0
238	238	1302	84.373	1457.941	452	395	271	124	37	383	496	268	116	13	116.019	134	125	122	120	118	116	114	112	110	107	98	555.394	874	787	735	680	632	594	535	456	373	261	139	0	0	0.000	0.000	0	0	0	0	0	0	0	0	0	0	0	0	0	0.000	0.000	0	0	0	0	0	0	0	0	0	0	0
239	239	1955	445.521	1461.796	224	668	752	243	22	203	818	716	162	9	578.232	11995	716	361	293	265	246	230	216	199	179	127	174.852	1667	200	154	142	137	132	129	125	121	117	103	1	98	455.666	1459.247	0	0	0	4996	0	0	0	718	0	0	0	1	88	455.739	1458.176	0	0	0	4740	0	0	0	802	0	0	0
240	240	1848	1016.456	1473.341	293	566	655	270	31	297	657	601	228	41	110.625	126	117	114	113	111	110	109	108	107	105	99	321.854	533	447	398	370	343	318	293	269	245	215	120	0	0	0.000	0.000	0	0	0	0	0	0	0	0	0	0	0	0	0	0.000	0.000	0	0	0	0	0	0	0	0	0	0	0
241	241	1777	659.248	1493.414	298	519	531	335	52	251	538	613	298	43	787.788	12405	979	609	564	524	485	434	368	304	209	123	237.405	3396	274	175	164	157	151	146	138	127	114	100	1	82	662.974	1501.495	0	0	0	6181	0	0	0	1474	0	0	0	1	83	663.695	1501.553	0	0	0	6098	0	0	0	1511	0	0	0
242	242	692	1888.870	1485.781	153	223	233	63	9	80	187	222	165	32	162.889	214	196	184	175	168	161	156	150	143	134	115	119.775	139	129	126	124	122	120	118	115	113	110	103	0	0	0.000	0.000	0	0	0	0	0	0	0	0	0	0	0	0	0	0.000	0.000	0	0	0	0	0	0	0	0	0	0	0
243	243	1215	1155.243	1493.927	403	342	334	97	26	428	430	240	80	12	119.553	154	134	130	126	122	118	115	112	109	106	99	246.712	364	315	295	279	265	254	242	223	199	164	114	0	0	0.000	0.000	0	0	0	0	0	0	0	0	0	0	0	0	0	0.000	0.000	0	0	0	0	0	0	0	0	0	0	0
244	244	694	411.378	1498.608	162	201	175	115	25	141	259	193	73	13	185.084	239	216	208	202	195	190	183	176	162	146	117	123.078	143	134	131	129	127	124	122	119	115	111	101	0	0	0.000	0.000	0	0	0	0	0	0	0	0	0	0	0	0	0	0.000	0.000	0	0	0	0	0	0	0	0	0	0	0
245	245	1765	524.417	1510.773	140	396	634	485	73	104	405	635	496	94	181.760	230	209	202	197	191	184	177	171	162	150	112	236.401	341	291	278	266	253	237	224	210	196	178	122	0	0	0.000	0.000	0	0	0	0	0	0	0	0	0	0	0	0	0	0.000	0.000	0	0	0	0	0	0	0	0	0	0	0
246	246	1589	1238.858	1506.866	278	593	515	163	11	209	473	559	265	61	195.739	2990	194	164	159	156	152	148	143	137	127	104	304.627	454	398	381	365	346	326	302	269	223	170	105	1	40	1236.692	1520.937	0	0	0	1325	0	0	0	316	0	0	0	0	0	0.000	0.000	0	0	0	0	0	0	0	0	0	0	0
247	247	1334	616.947	1518.552	227	391	364	268	61	217	493	341	205	59	433.206	2193	526	503	488	474	461	433	382	321	247	160	144.768	392	164	156	151	146	143	139	134	127	118	105	0	0	0.000	0.000	0	0	0	0	0	0	0	0	0	0	0	1	20	629.058	1506.690	0	0	0	1008	0	0	0	289	0	0	0
248	248	1365	999.460	1523.273	236	378	417	246	62	228	603	346	140	18	113.168	151	120	117	115	114	112	111	110	108	106	98	313.838	448	408	387	365	346	322	301	277	246	200	127	0	0	0.000	0.000	0	0	0	0	0	0	0	0	0	0	0	0	0	0.000	0.000	0	0	0	0	0	0	0	0	0	0	0
249	249	701	160.400	1555.745	94	213	198	136	47	155	260	204	66	6	227.686	293	264	255	248	239	231	223	215	203	187	128	134.649	155	146	142	140	138	136	133	131	128	123	106	0	0	0.000	0.000	0	0	0	0	0	0	0	0	0	0	0	0	0	0.000	0.000	0	0	0	0	0	0	0	0	0	0	0
250	250	2014	705.547	1567.708	396	495	657	363	59	379	745	575	257	35	918.600	1609	1304	1195	1122	1043	969	895	796	619	389	164	109.585	128	117	114	112	110	109	108	106	105	104	98	0	0	0.000	0.000	0	0	0	0	0	0	0	0	0	0	0	0	0	0.000	0.000	0	0	0	0	0	0	0	0	0	0	0
251	251	1832	1020.527	1564.662	229	520	633	355	67	171	674	615	277	58	594.779	13058	646	280	225	206	198	189	181	169	151	109	186.825	1694	201	158	151	146	141	137	133	129	122	102	1	101	1008.805	1557.265	0	0	0	5743	0	0	0	751	0	0	0	1	96	1008.759	1557.316	0	0	0	6063	0	0	0	823	0	0	0
252	252	2199	776.723	1576.444	334	607	770	368	72	287	493	775	490	117	2663.499	4176	3550	3343	3185	3042	2901	2730	2456	1874	1294	299	115.702	136	124	121	119	117	115	114	112	110	108	99	0	0	0.000	0.000	0	0	0	0	0	0	0	0	0	0	0	0	0	0.000	0.000	0	0	0	0	0	0	0	0	0	0	0
253	253	1684	966.950	1580.133	308	478	509	317	48	240	482	584	272	70	196.882	1569	229	215	207	198	189	179	168	154	130	102	141.062	292	159	153	148	145	141	137	132	126	119	104	1	29	967.425	1575.144	0	0	0	695	0	0	0	154	0	0	0	0	0	0.000	0.000	0	0	0	0	0	0	0	0	0	0	0
254	254	1785	833.200	1586.290	321	515	610	276	31	245	471	674	279	74	3121.456	5297	4387	3932	3639	3409	3197	2978	2713	2256	1644	637	117.964	136	126	124	122	120	118	116	114	112	109	101	0	0	0.000	0.000	0	0	0	0	0	0	0	0	0	0	0	0	0	0.000	0.000	0	0	0	0	0	0	0	0	0	0	0
255	255	1090	150.202	1593.444	188	369	289	184	40	120	410	360	163	26	209.074	1886	229	202	194	188	183	178	174	168	156	111	173.577	297	194	186	181	177	174	170	165	159	150	110	1	30	158.361	1601.361	0	0	0	838	0	0	0	215	0	0	0	0	0	0.000	0.000	0	0	0	0	0	0	0	0	0	0	0
256	256	1907	1286.184	1601.430	372	678	509	286	24	354	763	477	244	37	722.709	15390	975	303	211	198	189	182	173	161	141	104	172.889	1142	196	154	149	145	140	137	133	127	120	103	1	117	1291.952	1609.732	0	0	0	6695	0	0	0	596	0	0	0	1	111	1291.595	1608.960	0	0	0	5767	0	0	0	609	0	0	0
257	257	2130	443.145	1611.189	1192	458	261	152	39	1184	440	280	168	31	116.482	231	141	127	119	113	110	108	106	105	103	96	105.967	138	112	109	107	106	105	104	103	103	102	96	0	0	0.000	0.000	0	0	0	0	0	0	0	0	0	0	0	0	0	0.000	0.000	0	0	0	0	0	0	0	0	0	0	0
258	258	2733	119.448	1629.069	2088	370	138	86	23	2010	447	134	80	34	191.371	3792	239	221	202	185	167	146	128	117	111	102	110.425	314	117	112	109	108	107	105	104	103	102	95	0	0	0.000	0.000	0	0	0	0	0	0	0	0	0	0	0	1	54	143.786	1641.284	0	0	0	1307	0	0	0	210	0	0	0
259	259	1315	1034.539	1617.958	289	397	411	176	22	196	434	378	213	78	804.494	1315	1118	1009	941	888	829	788	722	601	434	156	158.097	212	190	182	173	164	157	152	147	138	123	100	0	0	0.000	0.000	0	0	0	0	0	0	0	0	0	0	0	0	0	0.000	0.000	0	0	0	0	0	0	0	0	0	0	0
260	260	1953	699.912	1627.194	356	591	538	353	90	335	595	507	346	142	996.430	1568	1292	1239	1183	1122	1062	986	885	757	576	193	108.325	128	114	112	110	109	108	107	106	105	104	98	0	0	0.000	0.000	0	0	0	0	0	0	0	0	0	0	0	0	0	0.000	0.000	0	0	0	0	0	0	0	0	0	0	0
261	261	1795	1247.417	1639.077	345	479	538	339	62	345	599	571	227	30	170.785	222	201	194	187	181	175	169	160	148	131	105	134.738	173	156	151	147	142	136	131	126	117	108	99	0	0	0.000	0.000	0	0	0	0	0	0	0	0	0	0	0	0	0	0.000	0.000	0	0	0	0	0	0	0	0	0	0	0
262	262	2342	481.068	1640.631	580	743	679	258	52	584	871	616	196	28	1163.549	19448	1510	690	602	562	525	487	434	351	240	129	324.608	4845	387	217	193	181	173	165	156	141	123	104	1	140	482.411	1634.210	0	0	0	9265	0	0	0	2222	0	0	0	1	140	482.767	1633.879	0	0	0	9265	0	0	0	2222	0	0	0
263	263	2374	540.817	1649.453	519	744	664	319	69	521	903	639	245	30	629.739	13578	593	400	379	365	349	333	311	280	232	131	176.510	1774	180	152	145	142	138	135	131	127	121	103	1	88	553.259	1652.543	0	0	0	6544	0	0	0	938	0	0	0	1	96	553.724	1652.397	0	0	0	5549	0	0	0	872	0	0	0
264	264	2817	892.365	1666.748	575	951	893	317	33	421	838	941	465	97	1068.396	14739	1202	1046	964	890	803	741	677	547	370	134	207.387	2533	205	189	180	170	162	155	148	139	125	103	1	94	887.064	1680.958	0	0	0	7606	0	0	0	1222	0	0	0	1	92	887.626	1680.936	0	0	0	7737	0	0	0	1256	0	0	0
265	265	2008	1159.290	1669.557	522	696	536	160	53	594	779	411	162	31	115.155	138	124	121	119	118	115	114	111	109	106	98	855.009	1467	1235	1143	1045	970	900	812	707	574	386	142	0	0	0.000	0.000	0	0	0	0	0	0	0	0	0	0	0	0	0	0.000	0.000	0	0	0	0	0	0	0	0	0	0	0
266	266	701	130.732	1679.592	148	274	180	65	24	124	247	209	86	22	247.083	340	305	290	280	270	258	244	227	205	171	124	110.810	124	116	115	113	112	111	110	109	107	105	97	0	0	0.000	0.000	0	0	0	0	0	0	0	0	0	0	0	0	0	0.000	0.000	0	0	0	0	0	0	0	0	0	0	0
267	267	968	843.229	1682.068	107	336	290	187	33	126	446	267	98	16	715.029	1041	924	877	836	798	758	719	658	544	419	209	159.539	201	182	177	173	169	165	158	149	140	128	110	0	0	0.000	0.000	0	0	0	0	0	0	0	0	0	0	0	0	0	0.000	0.000	0	0	0	0	0	0	0	0	0	0	0
268	268	1227	167.116	1691.208	242	408	363	176	24	231	454	366	133	19	360.328	486	440	422	407	389	372	351	329	301	259	144	109.737	124	114	113	112	111	110	109	108	107	105	100	0	0	0.000	0.000	0	0	0	0	0	0	0	0	0	0	0	0	0	0.000	0.000	0	0	0	0	0	0	0	0	0	0	0
269	269	1395	269.016	1695.718	261	431	394	240	22	154	364	395	314	142	448.506	674	588	558	527	496	461	426	387	343	282	164	160.522	208	188	181	175	169	163	157	149	140	128	105	0	0	0.000	0.000	0	0	0	0	0	0	0	0	0	0	0	0	0	0.000	0.000	0	0	0	0	0	0	0	0	0	0	0
270	270	1486	507.380	1698.664	261	461	425	254	57	299	536	459	151	13	359.228	3208	425	367	349	336	323	311	292	262	231	152	200.382	1215	234	206	195	187	180	174	167	160	151	119	1	38	504.588	1706.869	0	0	0	1488	0	0	0	689	0	0	0	1	37	504.876	1707.158	0	0	0	1488	0	0	0	705	0	0	0
271	271	2132	792.121	1715.951	487	621	673	265	45	460	857	588	180	21	118.301	149	130	126	123	120	118	116	113	110	107	99	710.739	1188	1033	943	866	795	729	676	584	479	344	135	0	0	0.000	0.000	0	0	0	0	0	0	0	0	0	0	0	0	0	0.000	0.000	0	0	0	0	0	0	0	0	0	0	0
272	272	1422	1361.855	1723.916	433	505	319	125	22	269	558	352	175	49	109.847	125	116	114	113	111	110	108	107	105	103	97	141.578	201	165	156	150	145	141	137	132	126	117	99	0	0	0.000	0.000	0	0	0	0	0	0	0	0	0	0	0	0	0	0.000	0.000	0	0	0	0	0	0	0	0	0	0	0
273	273	1959	298.173	1737.852	335	665	613	283	43	236	584	559	416	125	1511.426	20604	3080	794	529	477	438	389	327	275	216	117	456.753	5570	937	291	196	178	166	153	140	130	122	102	1	204	293.695	1737.856	0	0	0	9565	0	0	0	1785	0	0	0	1	192	294.037	1738.762	0	0	0	9758	0	0	0	2635	0	0	0
274	274	1359	164.920	1735.803	317	435	354	192	37	174	391	423	275	72	322.494	2506	349	333	320	308	297	280	260	235	202	131	114.257	260	119	116	115	113	112	111	109	108	106	100	1	35	175.863	1745.287	0	0	0	1500	0	0	0	166	0	0	0	1	34	177.386	1744.797	0	0	0	1143	0	0	0	189	0	0	0
275	275	1376	607.566	1740.312	376	433	339	153	47	330	479	304	192	42	932.600	1571	1319	1173	1096	1047	989	914	828	685	422	156	131.116	170	144	139	136	134	131	129	126	123	118	106	0	0	0.000	0.000	0	0	0	0	0	0	0	0	0	0	0	0	0	0.000	0.000	0	0	0	0	0	0	0	0	0	0	0
276	276	2042	254.153	1763.144	432	724	570	247	35	298	607	638	358	98	576.894	12205	564	284	265	254	245	235	224	209	183	129	180.246	1604	184	153	148	144	141	138	134	130	123	102	1	102	243.496	1772.329	0	0	0	5612	0	0	0	696	0	0	0	1	98	243.867	1772.932	0	0	0	5687	0	0	0	804	0	0	0
277	277	1662	1545.907	1763.580	307	553	573	178	20	251	608	545	202	27	213.989	3062	215	196	189	182	175	168	161	151	137	104	179.614	501	225	208	194	182	171	164	156	148	137	115	1	35	1551.692	1771.979	0	0	0	1511	0	0	0	354	0	0	0	1	19	1551.894	1771.767	0	0	0	2103	0	0	0	406	0	0	0
278	278	1955	822.194	1783.763	720	763	337	60	36	838	795	236	35	23	853.087	20154	1200	378	243	206	184	173	164	153	136	110	386.856	4051	456	336	315	298	283	262	237	206	171	116	1	105	814.771	1788.443	0	0	0	9004	0	0	0	2120	0	0	0	1	99	815.124	1788.851	0	0	0	9459	0	0	0	2176	0	0	0
279	279	1396	177.618	1780.708	233	352	399	275	112	202	431	422	244	74	684.496	984	858	817	777	742	709	674	631	564	465	200	125.001	157	137	133	130	127	125	122	120	117	113	104	0	0	0.000	0.000	0	0	0	0	0	0	0	0	0	0	0	0	0	0.000	0.000	0	0	0	0	0	0	0	0	0	0	0
280	280	2791	348.636	1801.060	690	708	825	427	90	567	844	757	491	77	115.293	138	122	120	119	117	116	114	112	110	107	98	612.000	947	810	767	734	695	652	600	532	444	342	161	0	0	0.000	0.000	0	0	0	0	0	0	0	0	0	0	0	0	0	0.000	0.000	0	0	0	0	0	0	0	0	0	0	0
281	281	1212	294.786	1816.064	183	412	383	178	39	242	553	260	114	26	306.410	448	394	373	353	335	313	291	270	242	205	133	110.751	127	118	115	113	112	110	109	108	106	105	100	0	0	0.000	0.000	0	0	0	0	0	0	0	0	0	0	0	0	0	0.000	0.000	0	0	0	0	0	0	0	0	0	0	0
282	282	1284	592.470	1818.907	209	433	386	206	36	165	420	363	233	77	169.005	716	186	179	174	170	166	162	157	150	141	112	197.095	266	236	228	218	208	198	188	179	170	157	114	1	20	582.401	1832.899	0	0	0	432	0	0	0	192	0	0	0	0	0	0.000	0.000	0	0	0	0	0	0	0	0	0	0	0
283	283	2616	400.624	1833.833	620	706	781	382	80	566	854	708	363	85	117.294	137	126	124	122	120	118	116	114	110	107	99	625.700	1084	942	871	796	728	655	582	520	393	185	115	0	0	0.000	0.000	0	0	0	0	0	0	0	0	0	0	0	0	0	0.000	0.000	0	0	0	0	0	0	0	0	0	0	0
284	284	1220	526.864	1829.569	217	305	398	249	35	174	271	298	329	127	863.773	1389	1223	1081	998	924	868	807	747	644	506	270	119.709	143	131	128	125	122	120	117	115	112	108	100	0	0	0.000	0.000	0	0	0	0	0	0	0	0	0	0	0	0	0	0.000	0.000	0	0	0	0	0	0	0	0	0	0	0
285	285	1075	894.285	1837.262	170	328	319	188	52	125	408	345	141	35	158.841	196	178	173	170	166	162	158	153	143	134	112	244.938	328	294	283	272	262	252	241	230	210	184	129	0	0	0.000	0.000	0	0	0	0	0	0	0	0	0	0	0	0	0	0.000	0.000	0	0	0	0	0	0	0	0	0	0	0
286	286	1743	1457.812	1845.189	556	686	391	58	17	348	663	417	232	48	111.543	129	117	116	114	113	112	110	109	107	106	98	108.040	132	116	112	110	108	107	105	104	103	102	95	0	0	0.000	0.000	0	0	0	0	0	0	0	0	0	0	0	0	0	0.000	0.000	0	0	0	0	0	0	0	0	0	0	0
287	287	1239	170.654	1848.569	288	415	376	110	24	205	470	291	203	52	111.992	125	118	116	115	113	112	111	109	108	106	100	106.133	123	112	109	108	106	105	104	104	103	102	98	0	0	0.000	0.000	0	0	0	0	0	0	0	0	0	0	0	0	0	0.000	0.000	0	0	0	0	0	0	0	0	0	0	0
288	288	1851	260.946	1853.104	392	513	476	342	98	294	619	498	314	102	288.533	436	382	344	325	310	294	276	253	233	192	113	106.617	124	112	109	108	107	106	105	104	104	102	98	0	0	0.000	0.000	0	0	0	0	0	0	0	0	0	0	0	0	0	0.000	0.000	0	0	0	0	0	0	0	0	0	0	0
289	289	1505	1512.952	1856.624	375	542	474	71	17	221	419	472	318	49	110.375	123	116	114	113	112	110	109	108	106	105	97	106.049	127	113	109	107	106	105	104	103	103	102	96	0	0	0.000	0.000	0	0	0	0	0	0	0	0	0	0	0	0	0	0.000	0.000	0	0	0	0	0	0	0	0	0	0	0
290	290	1517	578.237	1861.393	281	546	480	163	19	290	691	387	104	17	354.355	7701	428	236	195	179	172	166	159	152	141	113	226.231	931	275	254	241	228	215	201	188	177	157	117	1	54	577.194	1867.598	0	0	0	3450	0	0	0	564	0	0	0	1	35	577.790	1867.452	0	0	0	4651	0	0	0	660	0	0	0
291	291	2604	1302.642	1869.113	731	781	719	276	43	578	598	775	500	106	116.518	137	125	123	121	119	117	115	113	111	107	92	732.389	1130	1002	949	898	837	773	709	622	512	385	162	0	0	0.000	0.000	0	0	0	0	0	0	0	0	0	0	0	0	0	0.000	0.000	0	0	0	0	0	0	0	0	0	0	0
292	292	1607	314.319	1875.977	225	521	572	221	27	169	499	571	269	60	320.164	438	391	372	359	346	330	315	296	266	229	154	106.423	120	111	109	108	107	106	105	104	104	102	95	0	0	0.000	0.000	0	0	0	0	0	0	0	0	0	0	0	0	0	0.000	0.000	0	0	0	0	0	0	0	0	0	0	0
293	293	1606	1420.266	1880.890	339	590	499	127	22	177	531	529	298	34	229.936	3364	270	210	193	183	176	169	161	151	137	112	156.712	706	178	166	159	153	149	144	139	133	124	104	1	35	1428.064	1877.742	0	0	0	1585	0	0	0	252	0	0	0	1	40	1429.236	1876.505	0	0	0	811	0	0	0	435	0	0	0
294	294	1806	202.703	1885.113	446	560	504	224	30	352	643	552	183	41	113.364	134	120	118	116	115	113	112	110	109	106	100	105.081	133	109	107	107	106	105	104	103	102	101	96	0	0	0.000	0.000	0	0	0	0	0	0	0	0	0	0	0	0	0	0.000	0.000	0	0	0	0	0	0	0	0	0	0	0
295	295	2414	1352.790	1898.528	544	563	712	480	66	430	697	739	468	55	114.037	132	122	119	117	116	114	112	111	108	106	99	592.893	1050	875	797	723	661	601	527	457	391	310	143	0	0	0.000	0.000	0	0	0	0	0	0	0	0	0	0	0	0	0	0.000	0.000	0	0	0	0	0	0	0	0	0	0	0
296	296	1834	245.527	1909.347	190	660	580	295	75	234	717	579	246	32	117.341	196	124	121	120	118	117	116	114	113	110	102	107.453	125	114	111	109	107	106	106	105	104	103	96	0	0	0.000	0.000	0	0	0	0	0	0	0	0	0	0	0	0	0	0.000	0.000	0	0	0	0	0	0	0	0	0	0	0
297	297	1918	673.014	1913.391	297	464	595	401	125	342	861	538	129	9	143.479	175	160	155	151	148	145	141	137	132	126	108	160.282	215	190	181	173	165	160	154	147	141	132	111	0	0	0.000	0.000	0	0	0	0	0	0	0	0	0	0	0	0	0	0.000	0.000	0	0	0	0	0	0	0	0	0	0	0
298	298	1974	885.908	1915.615	454	748	533	187	18	280	666	670	265	60	107.084	118	111	110	109	108	107	106	105	104	103	97	263.255	378	346	330	308	286	261	239	222	205	183	128	0	0	0.000	0.000	0	0	0	0	0	0	0	0	0	0	0	0	0	0.000	0.000	0	0	0	0	0	0	0	0	0	0	0
299	299	2290	831.917	1935.168	543	894	626	169	13	402	716	753	321	58	111.163	125	117	115	114	113	111	110	109	107	105	99	323.498	508	429	403	378	357	337	314	286	239	186	120	0	0	0.000	0.000	0	0	0	0	0	0	0	0	0	0	0	0	0	0.000	0.000	0	0	0	0	0	0	0	0	0	0	0
300	300	979	1394.550	1929.928	205	413	252	87	11	115	407	282	110	47	184.478	243	213	206	199	194	189	182	174	164	148	116	158.962	196	181	176	172	168	163	156	150	142	131	109	0	0	0.000	0.000	0	0	0	0	0	0	0	0	0	0	0	0	0	0.000	0.000	0	0	0	0	0	0	0	0	0	0	0
301	301	1921	1439.933	1937.578	305	572	525	382	101	273	616	569	377	43	447.304	10483	456	240	208	197	187	179	170	157	138	101	184.017	1721	202	166	158	152	146	141	136	131	122	101	1	86	1439.510	1943.570	0	0	0	4694	0	0	0	785	0	0	0	1	83	1439.496	1943.109	0	0	0	4759	0	0	0	790	0	0	0
302	302	1987	1731.868	1939.717	350	578	628	332	53	224	544	729	374	79	221.678	4936	211	167	158	152	147	142	137	133	127	103	144.857	504	159	152	148	143	139	136	132	128	123	108	1	52	1742.559	1936.338	0	0	0	2068	0	0	0	261	0	0	0	1	48	1742.528	1937.038	0	0	0	2224	0	0	0	311	0	0	0
303	303	1206	775.700	1935.539	268	334	328	204	42	189	343	353	266	25	112.934	127	118	116	115	114	113	112	111	109	108	101	282.867	384	338	323	312	301	290	278	263	244	213	145	0	0	0.000	0.000	0	0	0	0	0	0	0	0	0	0	0	0	0	0.000	0.000	0	0	0	0	0	0	0	0	0	0	0
304	304	1586	935.614	1950.201	417	555	414	152	23	300	586	428	211	31	317.240	486	422	393	370	350	329	303	274	237	194	121	112.106	133	120	117	115	113	111	110	109	107	105	99	0	0	0.000	0.000	0	0	0	0	0	0	0	0	0	0	0	0	0	0.000	0.000	0	0	0	0	0	0	0	0	0	0	0
305	305	2458	420.756	1961.389	1903	313	141	69	16	1891	302	174	57	15	240.834	489	413	377	326	263	197	162	142	129	120	104	104.664	121	109	107	106	105	104	104	103	102	101	93	0	0	0.000	0.000	0	0	0	0	0	0	0	0	0	0	0	0	0	0.000	0.000	0	0	0	0	0	0	0	0	0	0	0
306	306	2372	217.104	1967.090	707	655	587	322	52	570	687	650	344	68	1519.216	21184	3166	652	372	339	312	282	251	220	177	111	1051.868	8682	1882	939	844	750	654	560	473	382	254	117	1	248	219.114	1976.741	0	0	0	10817	0	0	0	4292	0	0	0	1	220	219.783	1976.000	0	0	0	11941	0	0	0	5030	0	0	0
307	307	1855	736.488	1959.987	272	596	741	196	25	266	765	618	142	19	1030.309	11639	1074	960	897	836	767	706	629	539	424	187	183.764	1648	192	164	157	151	145	139	133	126	117	102	1	77	745.680	1953.430	0	0	0	6994	0	0	0	928	0	0	0	1	94	746.105	1952.715	0	0	0	5113	0	0	0	836	0	0	0
308	308	942	874.512	1962.747	291	240	228	128	39	155	294	220	167	84	110.269	122	115	113	112	111	110	109	108	107	105	100	249.687	385	335	308	283	262	244	233	217	199	170	123	0	0	0.000	0.000	0	0	0	0	0	0	0	0	0	0	0	0	0	0.000	0.000	0	0	0	0	0	0	0	0	0	0	0
309	309	810	572.990	1976.796	140	253	180	172	50	119	251	241	143	41	651.162	979	875	834	781	747	709	668	585	459	303	155	129.333	151	142	139	137	134	131	128	124	119	113	103	0	0	0.000	0.000	0	0	0	0	0	0	0	0	0	0	0	0	0	0.000	0.000	0	0	0	0	0	0	0	0	0	0	0
