 	cell	area	x	y	BFI_lev_b1	BFI_lev_b2	BFI_lev_b3	BFI_lev_b4	BFI_lev_b5	BFO_lev_b1	BFO_lev_b2	BFO_lev_b3	BFO_lev_b4	BFO_lev_b5	GFP_int_mean	GFP_int_b0	GFP_int_b1	GFP_int_b2	GFP_int_b3	GFP_int_b4	GFP_int_b5	GFP_int_b6	GFP_int_b7	GFP_int_b8	GFP_int_b9	GFP_int_b10	RFP_int_mean	RFP_int_b0	RFP_int_b1	RFP_int_b2	RFP_int_b3	RFP_int_b4	RFP_int_b5	RFP_int_b6	RFP_int_b7	RFP_int_b8	RFP_int_b9	RFP_int_b10	inGFPnfoci	f1_inGFParea	f1_inGFPx	f1_inGFPy	f2_inGFParea	f2_inGFPx	f2_inGFPy	f1_inGFP_toGFPmed	f1_inGFP_toGFPmean	f2_inGFP_toGFPmed	f2_inGFP_toGFPmean	f1_inGFP_toRFPmed	f1_inGFP_toRFPmean	f2_inGFP_toRFPmed	f2_inGFP_toRFPmean	inRFPnfoci	f1_inRFParea	f1_inRFPx	f1_inRFPy	f2_inRFParea	f2_inRFPx	f2_inRFPy	f1_inRFP_toGFPmed	f1_inRFP_toGFPmean	f2_inRFP_toGFPmed	f2_inRFP_toGFPmean	f1_inRFP_toRFPmed	f1_inRFP_toRFPmean	f2_inRFP_toRFPmed	f2_inRFP_toRFPmean
1	1	1661	1863.430	77.041	307	469	452	349	52	239	664	446	235	44	109.991	125	116	114	113	111	110	109	107	105	103	98	152.744	200	184	179	175	169	161	152	137	118	107	99	0	0	0.000	0.000	0	0	0	0	0	0	0	0	0	0	0	0	0	0.000	0.000	0	0	0	0	0	0	0	0	0	0	0
2	2	1737	1330.433	75.530	193	529	562	342	74	207	791	461	219	27	538.113	946	777	689	618	563	520	491	462	413	307	132	118.565	143	128	125	123	121	119	116	114	112	108	99	0	0	0.000	0.000	0	0	0	0	0	0	0	0	0	0	0	0	0	0.000	0.000	0	0	0	0	0	0	0	0	0	0	0
3	3	2242	104.491	81.060	293	709	738	415	43	320	1071	632	157	20	340.661	5998	334	293	276	260	242	222	205	187	163	122	288.803	872	381	352	331	310	284	258	233	211	185	116	1	69	106.242	70.231	0	0	0	2757	0	0	0	609	0	0	0	1	19	106.163	69.725	0	0	0	4639	0	0	0	770	0	0	0
4	4	1662	1475.728	88.362	145	450	515	407	112	72	437	653	392	84	107.704	121	112	110	109	109	108	107	106	105	103	97	125.431	151	137	133	130	128	126	123	121	118	113	104	0	0	0.000	0.000	0	0	0	0	0	0	0	0	0	0	0	0	0	0.000	0.000	0	0	0	0	0	0	0	0	0	0	0
5	5	1953	1580.823	87.212	376	534	514	408	79	307	647	649	267	38	461.578	10368	499	247	226	213	204	195	186	174	156	109	188.833	892	210	197	188	181	175	169	162	152	134	105	1	81	1577.916	100.732	0	0	0	4711	0	0	0	472	0	0	0	1	63	1578.598	99.679	0	0	0	4071	0	0	0	586	0	0	0
6	6	1547	1236.815	85.620	132	409	524	375	82	167	732	416	167	39	228.257	331	281	266	252	242	232	222	212	197	166	108	198.795	285	247	234	224	213	204	194	185	166	135	102	0	0	0.000	0.000	0	0	0	0	0	0	0	0	0	0	0	0	0	0.000	0.000	0	0	0	0	0	0	0	0	0	0	0
7	7	1284	157.943	84.169	134	455	426	203	42	164	524	411	148	16	219.605	317	273	259	248	238	229	216	199	177	151	106	276.016	390	365	349	329	308	288	263	239	207	165	105	0	0	0.000	0.000	0	0	0	0	0	0	0	0	0	0	0	0	0	0.000	0.000	0	0	0	0	0	0	0	0	0	0	0
8	8	1735	1185.079	90.887	211	377	533	410	175	182	569	595	275	76	653.719	1011	898	843	785	718	654	610	564	492	380	172	111.411	127	118	116	114	113	111	110	108	107	105	94	0	0	0.000	0.000	0	0	0	0	0	0	0	0	0	0	0	0	0	0.000	0.000	0	0	0	0	0	0	0	0	0	0	0
9	9	1926	643.316	94.582	258	766	605	231	35	188	809	612	228	58	301.087	463	394	365	344	324	303	284	261	234	209	127	141.046	179	161	156	152	147	142	136	131	126	120	105	0	0	0.000	0.000	0	0	0	0	0	0	0	0	0	0	0	0	0	0.000	0.000	0	0	0	0	0	0	0	0	0	0	0
10	10	1790	1731.190	95.172	480	504	517	226	34	379	640	465	223	48	115.951	135	125	122	120	119	117	114	112	109	106	92	311.594	510	433	395	363	341	320	297	273	234	167	107	0	0	0.000	0.000	0	0	0	0	0	0	0	0	0	0	0	0	0	0.000	0.000	0	0	0	0	0	0	0	0	0	0	0
11	11	1785	1783.437	111.628	293	576	495	300	94	232	673	505	271	71	113.621	128	120	118	117	115	114	112	111	109	107	99	327.388	546	418	385	365	348	333	318	301	271	219	118	0	0	0.000	0.000	0	0	0	0	0	0	0	0	0	0	0	0	0	0.000	0.000	0	0	0	0	0	0	0	0	0	0	0
12	12	721	822.056	104.833	166	226	191	112	14	114	199	237	121	38	109.682	123	116	113	112	111	110	108	107	106	104	96	114.227	135	126	123	120	117	114	111	107	105	103	96	0	0	0.000	0.000	0	0	0	0	0	0	0	0	0	0	0	0	0	0.000	0.000	0	0	0	0	0	0	0	0	0	0	0
13	13	1715	1379.998	117.933	285	562	552	264	14	346	895	343	99	9	109.886	123	115	114	112	111	110	109	108	106	104	98	103.939	114	108	106	105	104	104	103	102	102	101	95	0	0	0.000	0.000	0	0	0	0	0	0	0	0	0	0	0	0	0	0.000	0.000	0	0	0	0	0	0	0	0	0	0	0
14	14	1736	1432.267	118.464	195	645	525	270	73	216	657	572	228	40	108.805	123	114	112	111	110	109	108	107	106	104	97	128.198	163	144	139	135	132	128	124	121	117	113	103	0	0	0.000	0.000	0	0	0	0	0	0	0	0	0	0	0	0	0	0.000	0.000	0	0	0	0	0	0	0	0	0	0	0
15	15	1095	596.727	118.658	205	329	338	192	12	88	342	371	258	19	252.786	385	329	307	281	264	249	235	221	204	185	127	128.815	154	143	139	135	132	129	126	123	119	114	103	0	0	0.000	0.000	0	0	0	0	0	0	0	0	0	0	0	0	0	0.000	0.000	0	0	0	0	0	0	0	0	0	0	0
16	16	2017	721.006	131.076	340	631	609	338	61	234	614	642	426	69	2338.959	25083	6559	1157	531	389	344	309	281	253	208	122	732.216	9197	1836	399	222	177	158	147	138	132	123	104	1	303	723.701	132.503	0	0	0	12016	0	0	0	3127	0	0	0	1	226	723.583	132.010	0	0	0	18157	0	0	0	4553	0	0	0
17	17	1374	1867.414	129.068	438	417	317	160	16	272	445	376	204	64	112.023	129	120	118	115	114	112	110	108	106	104	97	260.547	391	344	327	314	299	283	262	230	179	136	102	0	0	0.000	0.000	0	0	0	0	0	0	0	0	0	0	0	0	0	0.000	0.000	0	0	0	0	0	0	0	0	0	0	0
18	18	1136	764.340	127.899	306	360	313	117	21	233	379	292	159	54	121.974	165	136	130	127	124	122	119	115	112	109	103	203.254	327	281	260	238	222	203	186	170	144	125	104	0	0	0.000	0.000	0	0	0	0	0	0	0	0	0	0	0	0	0	0.000	0.000	0	0	0	0	0	0	0	0	0	0	0
19	19	1895	1216.436	139.466	204	579	643	354	65	151	534	771	297	104	816.173	10105	959	841	762	705	650	581	514	456	370	130	117.785	407	123	117	115	113	111	110	108	107	105	98	1	57	1230.839	147.553	0	0	0	5390	0	0	0	257	0	0	0	1	68	1230.863	147.230	0	0	0	4581	0	0	0	250	0	0	0
20	20	1815	1486.761	149.894	143	437	585	462	159	179	567	636	282	114	112.379	127	118	116	115	114	112	111	110	109	107	99	128.990	157	143	139	135	132	129	126	123	120	115	103	0	0	0.000	0.000	0	0	0	0	0	0	0	0	0	0	0	0	0	0.000	0.000	0	0	0	0	0	0	0	0	0	0	0
21	21	2473	1094.097	157.565	2139	217	41	32	15	2306	117	23	11	6	766.032	19012	784	339	300	269	241	218	199	177	141	106	251.630	4094	274	166	155	147	140	133	126	120	112	99	1	122	1097.984	154.019	0	0	0	8343	0	0	0	1763	0	0	0	1	127	1097.219	154.379	0	0	0	7737	0	0	0	1770	0	0	0
22	22	1716	664.574	156.862	241	435	616	356	44	140	458	735	301	49	313.576	4851	307	280	269	259	251	242	233	216	186	122	143.414	664	152	147	142	139	136	133	130	126	120	102	1	42	650.258	157.967	0	0	0	2295	0	0	0	395	0	0	0	1	35	650.511	157.972	0	0	0	2619	0	0	0	430	0	0	0
23	23	931	1829.736	151.965	266	201	249	146	59	254	296	264	94	14	109.745	124	116	114	112	111	110	109	107	106	104	98	127.217	164	148	142	137	132	128	123	116	110	106	98	0	0	0.000	0.000	0	0	0	0	0	0	0	0	0	0	0	0	0	0.000	0.000	0	0	0	0	0	0	0	0	0	0	0
24	24	1768	1710.285	160.517	423	527	462	268	62	449	754	378	144	15	110.941	126	117	115	113	112	111	110	109	107	105	98	345.947	555	469	428	396	372	354	334	317	282	189	111	0	0	0.000	0.000	0	0	0	0	0	0	0	0	0	0	0	0	0	0.000	0.000	0	0	0	0	0	0	0	0	0	0	0
25	25	1597	597.473	163.714	371	780	317	78	17	555	873	123	11	9	112.267	137	120	117	115	113	111	110	109	107	105	100	113.771	135	124	120	117	115	113	111	109	107	105	96	0	0	0.000	0.000	0	0	0	0	0	0	0	0	0	0	0	0	0	0.000	0.000	0	0	0	0	0	0	0	0	0	0	0
26	26	787	1406.118	158.263	112	183	157	168	155	113	171	195	204	92	107.634	119	112	110	109	108	108	107	106	105	103	98	120.976	155	136	131	127	123	120	117	114	112	109	99	0	0	0.000	0.000	0	0	0	0	0	0	0	0	0	0	0	0	0	0.000	0.000	0	0	0	0	0	0	0	0	0	0	0
27	27	1545	1541.602	164.220	190	509	475	312	31	144	652	424	227	69	1432.419	16726	2112	1130	980	921	819	700	602	517	438	212	166.052	1293	217	143	130	123	119	115	112	110	108	101	1	105	1544.686	155.159	0	0	0	8534	0	0	0	641	0	0	0	1	103	1545.002	155.079	0	0	0	9005	0	0	0	645	0	0	0
28	28	1858	149.579	175.679	217	609	648	288	55	221	896	511	173	14	359.609	543	453	430	412	395	377	350	322	283	236	155	108.383	126	114	112	110	109	108	107	106	105	103	94	0	0	0.000	0.000	0	0	0	0	0	0	0	0	0	0	0	0	0	0.000	0.000	0	0	0	0	0	0	0	0	0	0	0
29	29	1618	480.979	172.073	1123	382	72	18	12	1190	290	98	16	10	135.064	174	153	148	143	139	135	130	126	122	118	105	152.667	204	178	169	163	158	152	148	142	137	129	106	0	0	0.000	0.000	0	0	0	0	0	0	0	0	0	0	0	0	0	0.000	0.000	0	0	0	0	0	0	0	0	0	0	0
30	30	859	322.902	174.633	385	197	180	64	20	159	274	236	123	42	142.155	179	167	162	158	153	146	137	128	119	112	102	234.979	337	313	302	292	276	251	221	187	158	132	108	0	0	0.000	0.000	0	0	0	0	0	0	0	0	0	0	0	0	0	0.000	0.000	0	0	0	0	0	0	0	0	0	0	0
31	31	823	1752.674	176.770	63	296	238	164	42	98	320	269	104	6	208.311	275	245	234	224	216	209	200	192	184	172	125	178.264	221	204	197	191	184	179	175	169	162	151	126	0	0	0.000	0.000	0	0	0	0	0	0	0	0	0	0	0	0	0	0.000	0.000	0	0	0	0	0	0	0	0	0	0	0
32	32	1942	1198.309	189.369	359	478	597	364	111	321	565	599	302	124	1613.831	24199	3262	708	373	287	248	220	196	169	136	103	542.134	7039	942	330	256	228	209	193	175	149	122	102	1	194	1196.828	190.404	0	0	0	12266	0	0	0	3011	0	0	0	1	173	1196.950	190.324	0	0	0	13649	0	0	0	3468	0	0	0
33	33	872	1036.508	186.486	318	227	194	92	28	325	318	177	27	9	1150.278	2163	1723	1577	1449	1292	1170	1034	905	731	465	219	111.286	134	122	117	115	112	110	108	107	105	103	96	0	0	0.000	0.000	0	0	0	0	0	0	0	0	0	0	0	0	0	0.000	0.000	0	0	0	0	0	0	0	0	0	0	0
34	34	1837	517.329	208.859	1276	497	21	9	9	1088	680	22	11	10	141.776	174	155	151	147	145	142	140	137	134	128	109	123.295	146	132	129	126	125	123	122	120	118	115	104	0	0	0.000	0.000	0	0	0	0	0	0	0	0	0	0	0	0	0	0.000	0.000	0	0	0	0	0	0	0	0	0	0	0
35	35	1323	1244.631	197.585	161	297	392	328	124	155	441	491	167	47	208.029	292	258	245	234	221	210	200	190	176	150	112	194.843	278	249	236	221	207	192	181	171	161	142	106	0	0	0.000	0.000	0	0	0	0	0	0	0	0	0	0	0	0	0	0.000	0.000	0	0	0	0	0	0	0	0	0	0	0
36	36	2290	639.174	207.960	373	741	800	285	51	410	919	730	148	39	717.907	11116	984	359	284	259	241	227	214	198	175	117	224.114	1497	289	199	186	178	170	162	155	146	136	105	1	183	642.679	210.399	0	0	0	5325	0	0	0	785	0	0	0	1	160	642.749	210.129	0	0	0	6086	0	0	0	851	0	0	0
37	37	1948	1791.937	204.971	235	538	669	402	69	181	544	709	387	89	264.237	4175	261	219	207	197	189	182	172	162	148	106	181.705	610	217	205	195	186	177	167	157	147	134	101	1	63	1790.951	217.636	0	0	0	1845	0	0	0	380	0	0	0	1	37	1790.875	217.208	0	0	0	2581	0	0	0	457	0	0	0
38	38	1114	439.878	201.355	627	272	133	59	17	556	334	137	51	19	131.296	179	150	144	140	136	131	126	122	118	112	102	144.645	249	176	165	157	150	144	136	129	122	113	101	0	0	0.000	0.000	0	0	0	0	0	0	0	0	0	0	0	0	0	0.000	0.000	0	0	0	0	0	0	0	0	0	0	0
39	39	1588	1501.605	203.890	257	311	452	386	150	255	490	486	295	35	877.273	1483	1326	1217	1106	1000	914	847	726	543	297	131	121.258	155	137	133	130	126	123	119	113	106	103	95	0	0	0.000	0.000	0	0	0	0	0	0	0	0	0	0	0	0	0	0.000	0.000	0	0	0	0	0	0	0	0	0	0	0
40	40	1998	1289.763	218.834	184	560	673	451	90	241	856	612	219	32	1614.664	2606	2249	2046	1878	1745	1618	1485	1360	1221	1018	296	136.887	170	154	149	145	141	137	133	130	125	119	102	0	0	0.000	0.000	0	0	0	0	0	0	0	0	0	0	0	0	0	0.000	0.000	0	0	0	0	0	0	0	0	0	0	0
41	41	2395	571.563	222.638	249	591	851	544	111	199	573	924	518	131	2620.706	27439	8723	1261	594	431	373	342	309	265	210	130	524.063	4363	1255	376	287	263	248	232	212	185	159	112	1	372	568.803	226.589	0	0	0	14221	0	0	0	1884	0	0	0	1	308	568.748	226.629	0	0	0	17907	0	0	0	2300	0	0	0
42	42	2091	1727.040	219.644	269	505	664	483	140	254	547	708	397	137	453.972	10959	467	299	264	240	220	207	197	183	153	107	188.835	691	238	217	203	188	178	169	160	148	126	102	1	75	1729.471	222.628	0	0	0	4959	0	0	0	426	0	0	0	1	54	1729.004	221.931	0	0	0	5462	0	0	0	475	0	0	0
43	43	1425	1088.838	218.491	362	501	399	105	30	320	573	410	71	26	200.704	885	237	218	207	199	193	187	181	171	155	115	142.326	233	163	157	151	146	141	138	134	128	121	102	1	20	1097.870	202.813	0	0	0	592	0	0	0	166	0	0	0	0	0	0.000	0.000	0	0	0	0	0	0	0	0	0	0	0
44	44	967	1829.491	238.383	81	239	319	259	55	55	326	382	160	25	1428.975	2259	1915	1776	1690	1584	1472	1355	1235	1072	865	341	124.813	145	136	133	131	128	126	123	120	116	112	103	0	0	0.000	0.000	0	0	0	0	0	0	0	0	0	0	0	0	0	0.000	0.000	0	0	0	0	0	0	0	0	0	0	0
45	45	1522	615.547	254.944	146	364	518	355	103	124	528	548	220	76	273.101	394	344	321	305	288	276	263	252	232	196	118	212.754	302	269	252	237	224	211	201	192	180	157	111	0	0	0.000	0.000	0	0	0	0	0	0	0	0	0	0	0	0	0	0.000	0.000	0	0	0	0	0	0	0	0	0	0	0
46	46	2102	540.513	264.634	286	665	620	428	66	204	903	595	307	61	118.676	155	127	123	121	119	118	116	115	113	111	103	163.096	210	189	181	175	169	163	158	153	148	137	107	0	0	0.000	0.000	0	0	0	0	0	0	0	0	0	0	0	0	0	0.000	0.000	0	0	0	0	0	0	0	0	0	0	0
47	47	2062	914.378	267.558	416	432	593	443	140	372	474	762	335	83	110.482	124	116	114	113	112	111	109	108	107	105	99	283.275	407	361	340	322	309	296	285	265	233	171	109	0	0	0.000	0.000	0	0	0	0	0	0	0	0	0	0	0	0	0	0.000	0.000	0	0	0	0	0	0	0	0	0	0	0
48	48	642	1378.209	259.885	100	233	175	101	15	57	160	246	119	47	296.947	393	363	352	341	327	310	290	269	241	207	144	109.405	124	115	113	111	110	109	108	107	106	104	101	0	0	0.000	0.000	0	0	0	0	0	0	0	0	0	0	0	0	0	0.000	0.000	0	0	0	0	0	0	0	0	0	0	0
49	49	1850	764.324	271.238	333	543	584	304	45	321	705	476	272	36	349.229	556	471	435	399	374	350	327	305	272	224	115	104.593	118	108	107	106	105	104	104	103	103	102	95	0	0	0.000	0.000	0	0	0	0	0	0	0	0	0	0	0	0	0	0.000	0.000	0	0	0	0	0	0	0	0	0	0	0
50	50	2342	1317.128	274.968	321	575	803	493	113	307	995	664	293	39	1704.888	2716	2381	2237	2082	1925	1776	1608	1437	1243	885	258	142.358	179	165	159	154	149	143	138	133	127	117	100	0	0	0.000	0.000	0	0	0	0	0	0	0	0	0	0	0	0	0	0.000	0.000	0	0	0	0	0	0	0	0	0	0	0
51	51	1275	714.231	268.026	118	317	421	314	74	97	567	366	186	30	356.253	510	453	431	409	388	364	337	312	281	254	149	105.991	119	110	108	107	106	106	105	104	103	102	95	0	0	0.000	0.000	0	0	0	0	0	0	0	0	0	0	0	0	0	0.000	0.000	0	0	0	0	0	0	0	0	0	0	0
52	52	1760	1084.928	270.428	183	459	634	389	61	147	625	618	269	58	1070.536	16060	1497	840	720	645	582	511	443	388	314	144	155.809	1224	188	134	124	119	116	114	112	110	107	99	1	92	1087.508	270.992	0	0	0	7867	0	0	0	272	0	0	0	1	112	1089.486	272.107	0	0	0	3837	0	0	0	588	0	0	0
53	53	1702	1792.970	276.354	177	349	624	416	102	149	409	724	327	68	1595.845	2562	2329	2154	1985	1845	1657	1454	1248	1034	828	192	126.375	153	141	137	134	130	127	123	119	116	112	101	0	0	0.000	0.000	0	0	0	0	0	0	0	0	0	0	0	0	0	0.000	0.000	0	0	0	0	0	0	0	0	0	0	0
54	54	1432	666.953	274.071	137	307	445	405	103	116	352	531	306	105	190.717	724	226	208	199	192	185	179	173	164	149	117	138.293	174	159	152	147	142	137	134	130	125	119	104	1	20	678.682	261.538	0	0	0	506	0	0	0	148	0	0	0	0	0	0.000	0.000	0	0	0	0	0	0	0	0	0	0	0
55	55	1897	969.499	284.097	235	538	634	384	67	168	568	741	296	80	110.902	126	116	115	113	112	111	110	108	107	105	98	287.249	421	381	356	329	311	295	280	262	227	172	112	0	0	0.000	0.000	0	0	0	0	0	0	0	0	0	0	0	0	0	0.000	0.000	0	0	0	0	0	0	0	0	0	0	0
56	56	1255	835.287	288.170	225	368	353	276	25	142	415	392	211	75	111.943	133	117	116	114	113	112	111	110	108	107	99	104.945	117	109	107	106	105	105	104	103	103	102	95	0	0	0.000	0.000	0	0	0	0	0	0	0	0	0	0	0	0	0	0.000	0.000	0	0	0	0	0	0	0	0	0	0	0
57	57	681	456.190	287.859	300	180	127	47	18	260	224	124	49	14	127.258	161	143	137	133	130	126	123	120	117	113	104	433.186	788	638	545	505	466	430	388	349	306	246	165	0	0	0.000	0.000	0	0	0	0	0	0	0	0	0	0	0	0	0	0.000	0.000	0	0	0	0	0	0	0	0	0	0	0
58	58	1710	1452.718	291.314	177	445	577	419	62	156	581	609	265	66	141.889	177	162	157	154	151	147	142	136	123	111	98	196.175	292	256	244	234	225	216	197	166	128	109	99	0	0	0.000	0.000	0	0	0	0	0	0	0	0	0	0	0	0	0	0.000	0.000	0	0	0	0	0	0	0	0	0	0	0
59	59	2488	587.008	305.716	592	738	719	329	77	453	916	686	326	61	115.912	132	122	120	119	117	116	115	114	112	109	100	554.814	881	729	684	651	625	600	567	498	400	298	130	0	0	0.000	0.000	0	0	0	0	0	0	0	0	0	0	0	0	0	0.000	0.000	0	0	0	0	0	0	0	0	0	0	0
60	60	917	1043.623	292.726	180	220	268	203	32	137	306	262	139	52	513.856	760	676	660	637	603	559	506	433	361	270	150	116.337	137	128	125	122	119	116	113	110	108	105	100	0	0	0.000	0.000	0	0	0	0	0	0	0	0	0	0	0	0	0	0.000	0.000	0	0	0	0	0	0	0	0	0	0	0
61	61	1559	1369.406	299.655	213	427	471	371	49	210	518	513	273	15	292.277	451	385	356	336	315	291	265	244	228	211	136	107.581	120	112	111	109	108	107	106	106	104	103	92	0	0	0.000	0.000	0	0	0	0	0	0	0	0	0	0	0	0	0	0.000	0.000	0	0	0	0	0	0	0	0	0	0	0
62	62	2951	1191.989	310.163	616	546	869	655	205	519	702	972	562	140	315.790	4901	356	296	277	261	247	230	213	192	162	109	159.488	713	185	174	167	159	152	145	138	130	116	102	2	41	1191.034	312.655	42	1205.209	294.021	2310	0	2159	0	307	0	313	0	2	36	1189.127	311.398	37	1203.511	292.648	1061	0	828	0	452	0	394	0
63	63	570	513.171	295.612	83	219	156	73	22	72	222	164	80	20	173.372	221	194	189	184	180	176	172	167	159	149	110	222.640	278	255	247	242	237	229	222	213	198	179	121	0	0	0.000	0.000	0	0	0	0	0	0	0	0	0	0	0	0	0	0.000	0.000	0	0	0	0	0	0	0	0	0	0	0
64	64	1789	170.849	307.566	190	460	587	391	126	210	635	599	287	25	109.793	123	115	113	112	111	110	109	108	106	105	98	132.716	159	147	143	139	136	133	130	126	122	118	102	0	0	0.000	0.000	0	0	0	0	0	0	0	0	0	0	0	0	0	0.000	0.000	0	0	0	0	0	0	0	0	0	0	0
65	65	1717	636.609	323.833	126	383	648	405	121	111	592	700	219	63	696.977	1023	904	857	818	775	718	665	606	543	461	154	120.620	145	132	128	125	122	120	118	116	113	111	102	0	0	0.000	0.000	0	0	0	0	0	0	0	0	0	0	0	0	0	0.000	0.000	0	0	0	0	0	0	0	0	0	0	0
66	66	1861	871.093	326.181	269	610	598	309	50	227	641	595	278	80	112.455	128	118	116	115	114	113	111	110	108	106	100	104.303	119	108	106	105	105	104	103	103	102	101	95	0	0	0.000	0.000	0	0	0	0	0	0	0	0	0	0	0	0	0	0.000	0.000	0	0	0	0	0	0	0	0	0	0	0
67	67	2235	1700.213	330.659	362	494	714	510	114	305	682	805	284	123	1507.101	13725	1928	1708	1569	1430	1309	1201	1091	934	640	179	128.262	604	139	129	124	120	118	116	113	110	106	99	1	58	1692.792	335.685	0	0	0	8486	0	0	0	268	0	0	0	1	69	1693.041	333.537	0	0	0	4289	0	0	0	365	0	0	0
68	68	1600	1406.734	336.321	247	450	478	313	85	242	668	409	203	41	325.936	520	427	399	378	357	334	312	285	253	207	120	110.601	128	117	115	113	112	110	109	108	106	105	96	0	0	0.000	0.000	0	0	0	0	0	0	0	0	0	0	0	0	0	0.000	0.000	0	0	0	0	0	0	0	0	0	0	0
69	69	1525	1906.060	340.655	341	445	456	232	25	338	545	474	127	6	169.217	238	205	195	185	176	168	161	153	145	135	110	121.993	151	137	132	128	124	121	119	116	113	109	80	0	0	0.000	0.000	0	0	0	0	0	0	0	0	0	0	0	0	0	0.000	0.000	0	0	0	0	0	0	0	0	0	0	0
70	70	2784	1257.348	348.885	604	475	882	584	200	521	681	1089	327	111	2671.449	32618	7295	1071	463	320	292	271	248	218	173	113	689.344	9383	1512	321	203	178	167	157	149	137	122	101	1	395	1260.285	352.050	0	0	0	16518	0	0	0	2969	0	0	0	1	299	1260.045	351.132	0	0	0	22354	0	0	0	4278	0	0	0
71	71	1781	1757.585	347.552	227	420	620	414	60	144	754	603	225	14	3547.030	29416	10235	2718	1826	1572	1341	1166	1042	915	681	184	341.612	3220	821	244	163	141	132	126	122	118	113	101	1	258	1758.887	349.793	0	0	0	16887	0	0	0	1294	0	0	0	1	216	1758.497	349.528	0	0	0	19102	0	0	0	1563	0	0	0
72	72	1848	376.856	343.470	187	633	615	317	54	245	932	497	132	18	1483.619	20776	2827	716	418	347	327	309	281	244	200	119	512.660	7165	984	273	180	165	158	151	143	136	126	105	1	193	372.655	343.748	0	0	0	9647	0	0	0	2800	0	0	0	1	163	372.781	343.533	0	0	0	12027	0	0	0	3417	0	0	0
73	73	2140	110.480	359.770	290	790	649	340	32	190	847	655	282	121	253.939	4874	268	226	210	196	181	164	151	142	133	106	210.502	658	283	261	243	222	199	180	163	151	141	111	1	53	106.764	363.315	0	0	0	2144	0	0	0	464	0	0	0	1	38	106.309	363.130	0	0	0	2648	0	0	0	513	0	0	0
74	74	1214	457.353	352.509	132	516	361	151	32	150	505	368	132	32	421.160	630	510	477	459	442	426	408	390	370	330	165	522.551	718	644	604	581	563	542	518	482	436	378	174	0	0	0.000	0.000	0	0	0	0	0	0	0	0	0	0	0	0	0	0.000	0.000	0	0	0	0	0	0	0	0	0	0	0
75	75	725	167.900	349.424	108	193	185	161	64	120	278	166	114	38	108.512	121	114	112	110	109	108	107	106	105	104	99	127.590	155	142	138	134	132	129	125	122	117	112	100	0	0	0.000	0.000	0	0	0	0	0	0	0	0	0	0	0	0	0	0.000	0.000	0	0	0	0	0	0	0	0	0	0	0
76	76	1770	1598.111	364.681	200	443	553	402	132	159	466	615	379	120	466.824	9899	449	266	250	237	226	212	199	183	163	115	147.512	840	153	143	138	133	130	127	123	119	114	102	1	78	1597.800	382.355	0	0	0	4615	0	0	0	328	0	0	0	1	72	1598.629	380.831	0	0	0	2295	0	0	0	468	0	0	0
77	77	740	601.849	354.144	146	172	207	157	50	132	229	209	114	41	114.268	130	119	118	116	115	114	113	112	111	109	103	342.108	541	445	413	389	365	348	329	308	282	225	118	0	0	0.000	0.000	0	0	0	0	0	0	0	0	0	0	0	0	0	0.000	0.000	0	0	0	0	0	0	0	0	0	0	0
78	78	705	1828.858	354.860	94	261	213	107	13	89	258	230	93	22	111.135	122	116	114	113	112	111	110	109	108	106	98	209.540	276	250	242	231	224	215	202	192	179	163	117	0	0	0.000	0.000	0	0	0	0	0	0	0	0	0	0	0	0	0	0.000	0.000	0	0	0	0	0	0	0	0	0	0	0
79	79	618	349.028	366.675	178	260	101	45	22	227	255	102	12	10	116.862	132	123	121	119	118	117	116	115	113	111	102	106.277	117	110	108	108	107	106	105	105	104	103	99	0	0	0.000	0.000	0	0	0	0	0	0	0	0	0	0	0	0	0	0.000	0.000	0	0	0	0	0	0	0	0	0	0	0
80	80	2741	504.958	388.164	327	962	1062	302	39	283	1312	922	166	14	1658.974	24317	2442	872	650	559	485	432	382	342	292	125	734.929	4579	1066	824	727	637	560	497	446	398	332	132	1	251	503.412	394.623	0	0	0	11006	0	0	0	2235	0	0	0	1	167	503.165	394.312	0	0	0	16906	0	0	0	3014	0	0	0
81	81	1517	691.745	366.427	470	492	354	154	26	477	553	308	112	36	783.894	17439	742	308	260	245	233	218	203	181	153	109	256.292	2464	273	242	227	214	203	189	176	159	138	109	1	100	699.954	356.141	0	0	0	8813	0	0	0	1173	0	0	0	1	91	699.562	355.972	0	0	0	9262	0	0	0	1254	0	0	0
82	82	1793	312.109	384.113	177	576	731	260	16	135	535	686	330	68	1500.533	17488	2272	1247	1102	950	800	675	573	487	420	188	130.651	545	150	124	119	116	113	111	109	108	106	100	1	121	309.095	391.147	0	0	0	9653	0	0	0	312	0	0	0	1	122	308.999	390.787	0	0	0	9517	0	0	0	312	0	0	0
83	83	1494	1790.794	380.728	244	463	449	290	30	205	549	445	253	21	117.614	205	134	122	117	115	113	112	110	109	107	101	217.973	298	266	252	239	231	223	213	202	190	163	109	0	0	0.000	0.000	0	0	0	0	0	0	0	0	0	0	0	0	0	0.000	0.000	0	0	0	0	0	0	0	0	0	0	0
84	84	1996	1919.059	396.920	206	384	748	489	137	194	544	837	315	67	224.563	4361	232	216	205	195	187	179	169	156	142	107	130.401	234	147	140	135	132	129	126	124	120	115	101	1	30	1917.517	385.461	0	0	0	1934	0	0	0	170	0	0	0	0	0	0.000	0.000	0	0	0	0	0	0	0	0	0	0	0
85	85	2136	222.890	395.996	300	768	564	371	101	355	1034	479	204	32	413.043	670	581	535	496	455	419	375	336	301	241	121	105.542	120	111	108	107	106	105	104	103	102	101	96	0	0	0.000	0.000	0	0	0	0	0	0	0	0	0	0	0	0	0	0.000	0.000	0	0	0	0	0	0	0	0	0	0	0
86	86	815	1557.980	387.326	128	238	275	131	29	125	326	230	89	27	194.053	268	234	222	213	206	199	189	182	168	146	108	125.004	155	143	138	134	131	126	122	117	110	105	99	0	0	0.000	0.000	0	0	0	0	0	0	0	0	0	0	0	0	0	0.000	0.000	0	0	0	0	0	0	0	0	0	0	0
87	87	823	1723.301	387.826	320	238	226	27	2	189	216	187	159	55	113.180	132	122	118	116	114	113	111	110	108	105	98	113.235	144	128	122	117	113	111	109	107	105	103	98	0	0	0.000	0.000	0	0	0	0	0	0	0	0	0	0	0	0	0	0.000	0.000	0	0	0	0	0	0	0	0	0	0	0
88	88	1876	1846.345	396.968	135	469	754	413	70	120	677	685	278	72	115.201	138	124	120	117	116	114	113	112	110	108	99	229.135	316	286	272	258	243	228	216	201	190	175	124	0	0	0.000	0.000	0	0	0	0	0	0	0	0	0	0	0	0	0	0.000	0.000	0	0	0	0	0	0	0	0	0	0	0
89	89	1051	974.289	394.773	333	325	211	144	20	193	342	277	177	45	151.276	270	184	172	162	155	149	143	138	128	117	101	254.991	632	354	314	287	265	250	233	213	188	145	108	0	0	0.000	0.000	0	0	0	0	0	0	0	0	0	0	0	0	0	0.000	0.000	0	0	0	0	0	0	0	0	0	0	0
90	90	1451	81.255	409.558	204	430	459	287	41	178	658	388	186	22	208.494	296	258	244	233	223	211	199	186	172	152	113	237.235	344	304	289	273	257	241	224	205	187	163	118	0	0	0.000	0.000	0	0	0	0	0	0	0	0	0	0	0	0	0	0.000	0.000	0	0	0	0	0	0	0	0	0	0	0
91	91	1719	579.324	420.167	135	425	656	385	87	162	650	667	164	37	115.704	129	123	120	119	117	116	115	113	111	109	100	215.628	294	265	253	243	232	220	208	194	180	158	113	0	0	0.000	0.000	0	0	0	0	0	0	0	0	0	0	0	0	0	0.000	0.000	0	0	0	0	0	0	0	0	0	0	0
92	92	1744	1581.999	426.015	165	392	569	462	126	106	402	640	429	128	190.315	1629	194	186	180	176	171	167	162	156	147	117	121.779	255	131	128	125	123	121	119	117	114	110	98	1	39	1564.921	431.336	0	0	0	847	0	0	0	119	0	0	0	1	15	1566.846	426.153	0	0	0	209	0	0	0	207	0	0	0
93	93	1734	356.875	424.297	120	548	619	349	67	93	491	607	397	114	714.537	1078	980	913	856	786	731	679	610	530	415	137	112.907	137	123	119	116	114	111	110	109	107	106	94	0	0	0.000	0.000	0	0	0	0	0	0	0	0	0	0	0	0	0	0.000	0.000	0	0	0	0	0	0	0	0	0	0	0
94	94	1257	290.927	422.850	179	337	402	267	45	158	498	383	163	29	128.815	152	140	136	134	132	130	127	125	121	116	103	158.071	205	183	175	169	164	159	154	149	143	131	110	0	0	0.000	0.000	0	0	0	0	0	0	0	0	0	0	0	0	0	0.000	0.000	0	0	0	0	0	0	0	0	0	0	0
95	95	1348	715.518	429.711	186	417	403	277	34	149	417	433	283	40	419.478	619	545	517	491	471	439	401	358	314	266	157	108.291	127	114	111	110	108	108	107	106	105	103	98	0	0	0.000	0.000	0	0	0	0	0	0	0	0	0	0	0	0	0	0.000	0.000	0	0	0	0	0	0	0	0	0	0	0
96	96	1160	1795.123	427.850	59	281	439	283	71	99	543	306	149	46	112.751	131	118	116	115	114	113	112	111	109	107	96	166.241	214	192	185	179	173	169	164	159	152	135	106	0	0	0.000	0.000	0	0	0	0	0	0	0	0	0	0	0	0	0	0.000	0.000	0	0	0	0	0	0	0	0	0	0	0
97	97	1727	1738.600	436.041	288	514	610	268	19	243	652	531	247	14	565.961	5961	769	647	571	526	481	437	387	338	294	155	109.965	240	118	112	110	108	107	106	105	104	103	98	1	40	1743.044	431.091	0	0	0	3151	0	0	0	175	0	0	0	1	51	1742.626	430.719	0	0	0	2350	0	0	0	168	0	0	0
98	98	2209	534.946	446.557	211	587	929	397	50	246	1005	743	159	20	378.922	3842	439	397	370	354	339	326	310	290	248	138	521.284	838	672	619	588	561	529	499	469	432	355	173	1	41	525.932	425.916	0	0	0	2012	0	0	0	677	0	0	0	0	0	0.000	0.000	0	0	0	0	0	0	0	0	0	0	0
99	99	2073	1260.893	441.507	360	798	569	275	25	228	690	694	322	100	112.964	131	119	117	115	114	113	112	111	109	107	99	162.161	213	190	182	175	168	163	157	152	144	133	108	0	0	0.000	0.000	0	0	0	0	0	0	0	0	0	0	0	0	0	0.000	0.000	0	0	0	0	0	0	0	0	0	0	0
100	100	1229	623.294	437.524	284	390	357	149	20	239	417	382	146	26	110.872	122	116	114	113	112	111	110	109	108	106	101	142.068	173	158	153	149	145	142	139	136	132	126	112	0	0	0.000	0.000	0	0	0	0	0	0	0	0	0	0	0	0	0	0.000	0.000	0	0	0	0	0	0	0	0	0	0	0
101	101	989	841.340	439.020	154	172	276	286	79	144	199	335	238	54	110.751	123	116	114	113	112	111	110	108	107	105	99	258.621	367	332	313	297	278	262	245	226	204	180	123	0	0	0.000	0.000	0	0	0	0	0	0	0	0	0	0	0	0	0	0.000	0.000	0	0	0	0	0	0	0	0	0	0	0
102	102	2758	111.540	453.829	503	663	903	497	143	398	908	897	416	77	279.513	397	349	331	317	304	290	276	256	225	187	122	307.507	463	402	376	355	335	315	298	272	234	192	132	0	0	0.000	0.000	0	0	0	0	0	0	0	0	0	0	0	0	0	0.000	0.000	0	0	0	0	0	0	0	0	0	0	0
103	103	1479	229.491	448.971	245	396	433	307	81	235	502	437	224	48	404.005	624	530	489	456	433	414	394	362	321	257	136	104.439	117	108	106	106	105	104	104	103	102	101	94	0	0	0.000	0.000	0	0	0	0	0	0	0	0	0	0	0	0	0	0.000	0.000	0	0	0	0	0	0	0	0	0	0	0
104	104	1966	1843.032	451.176	147	629	747	310	89	232	958	503	180	51	111.715	125	117	115	114	113	112	111	110	108	106	99	171.575	224	197	190	184	178	173	167	161	154	144	115	0	0	0.000	0.000	0	0	0	0	0	0	0	0	0	0	0	0	0	0.000	0.000	0	0	0	0	0	0	0	0	0	0	0
105	105	1307	1339.381	455.415	162	369	462	255	38	168	490	465	130	31	1094.760	14479	1567	849	704	639	605	570	515	455	386	176	148.438	1017	181	131	122	118	115	112	111	108	106	100	1	74	1333.249	461.559	0	0	0	7162	0	0	0	553	0	0	0	1	86	1333.010	461.277	0	0	0	6360	0	0	0	502	0	0	0
106	106	2593	762.450	471.245	450	1158	713	206	13	383	1207	626	291	27	939.122	15644	1019	691	620	556	505	447	392	336	275	120	118.500	406	122	115	112	111	109	108	107	105	104	96	1	137	768.489	485.520	0	0	0	7644	0	0	0	253	0	0	0	1	140	768.974	485.224	0	0	0	7631	0	0	0	253	0	0	0
107	107	1048	651.981	461.595	563	260	120	53	38	516	278	136	64	33	104.318	118	108	106	106	105	104	103	103	102	101	96	110.884	149	122	116	113	111	109	107	105	104	103	95	0	0	0.000	0.000	0	0	0	0	0	0	0	0	0	0	0	0	0	0.000	0.000	0	0	0	0	0	0	0	0	0	0	0
108	108	2174	318.634	468.437	325	634	694	383	104	281	661	731	348	123	130.134	160	142	138	136	134	131	129	126	122	116	101	164.851	235	192	186	180	175	169	161	154	145	130	105	0	0	0.000	0.000	0	0	0	0	0	0	0	0	0	0	0	0	0	0.000	0.000	0	0	0	0	0	0	0	0	0	0	0
109	109	1889	398.491	476.197	285	779	698	77	17	253	834	582	153	20	978.999	14892	1692	495	333	283	260	243	226	209	193	140	142.761	710	181	128	120	117	114	113	111	110	108	101	1	161	405.061	475.767	0	0	0	7278	0	0	0	387	0	0	0	1	165	404.927	475.494	0	0	0	7017	0	0	0	383	0	0	0
110	110	1727	1788.641	475.342	204	667	616	193	14	129	502	703	273	84	1151.454	16524	1437	853	759	704	648	593	538	475	397	203	138.921	846	151	126	120	117	114	111	109	108	106	97	1	95	1800.466	484.971	0	0	0	8083	0	0	0	463	0	0	0	1	103	1800.866	484.233	0	0	0	7074	0	0	0	451	0	0	0
111	111	723	1635.299	469.575	83	260	255	93	21	43	301	241	98	21	316.959	469	411	378	356	339	319	299	283	258	222	142	106.672	120	113	110	108	107	106	105	104	104	102	97	0	0	0.000	0.000	0	0	0	0	0	0	0	0	0	0	0	0	0	0.000	0.000	0	0	0	0	0	0	0	0	0	0	0
112	112	1964	460.356	484.670	228	578	758	323	39	193	618	786	274	60	484.922	755	639	597	566	538	506	469	420	367	306	139	125.663	183	150	137	129	125	121	118	116	113	111	101	0	0	0.000	0.000	0	0	0	0	0	0	0	0	0	0	0	0	0	0.000	0.000	0	0	0	0	0	0	0	0	0	0	0
113	113	1504	1591.955	477.810	193	353	455	341	131	161	514	513	205	84	306.096	489	409	383	356	330	309	286	262	242	200	105	106.815	121	113	110	108	107	106	105	104	103	102	97	0	0	0.000	0.000	0	0	0	0	0	0	0	0	0	0	0	0	0	0.000	0.000	0	0	0	0	0	0	0	0	0	0	0
114	114	1673	825.254	483.486	203	474	543	376	44	252	726	422	223	23	110.430	121	116	114	113	112	110	109	108	107	105	99	244.275	375	327	300	278	259	241	225	206	190	169	110	0	0	0.000	0.000	0	0	0	0	0	0	0	0	0	0	0	0	0	0.000	0.000	0	0	0	0	0	0	0	0	0	0	0
115	115	1356	1306.638	488.873	168	307	392	350	118	181	399	441	234	82	1746.209	2822	2426	2228	2135	2025	1878	1712	1482	1201	834	294	160.810	222	193	186	178	172	165	157	147	135	121	102	0	0	0.000	0.000	0	0	0	0	0	0	0	0	0	0	0	0	0	0.000	0.000	0	0	0	0	0	0	0	0	0	0	0
116	116	1484	632.741	491.217	353	427	416	228	31	379	575	395	97	16	108.936	121	114	112	111	110	109	108	107	106	104	97	144.311	187	167	161	155	150	145	140	135	129	119	101	0	0	0.000	0.000	0	0	0	0	0	0	0	0	0	0	0	0	0	0.000	0.000	0	0	0	0	0	0	0	0	0	0	0
117	117	1548	1257.997	498.645	278	358	472	378	37	214	371	505	361	73	113.512	127	120	118	116	115	114	112	111	110	107	99	165.425	223	201	193	183	175	167	160	152	142	122	102	0	0	0.000	0.000	0	0	0	0	0	0	0	0	0	0	0	0	0	0.000	0.000	0	0	0	0	0	0	0	0	0	0	0
118	118	1170	1508.535	494.970	242	526	364	10	7	147	276	364	311	51	104.516	119	109	107	106	105	104	103	103	102	101	94	109.899	145	126	118	112	108	106	104	104	103	101	96	0	0	0.000	0.000	0	0	0	0	0	0	0	0	0	0	0	1	264	1507.756	493.285	0	0	0	108	0	0	0	124	0	0	0
119	119	1525	1838.131	499.015	173	282	480	406	145	139	345	539	403	81	111.450	143	117	115	113	112	111	110	109	107	106	99	168.588	218	196	186	178	174	171	166	161	153	141	107	0	0	0.000	0.000	0	0	0	0	0	0	0	0	0	0	0	0	0	0.000	0.000	0	0	0	0	0	0	0	0	0	0	0
120	120	1520	1896.384	502.488	267	463	474	286	15	216	433	491	296	53	211.509	1314	246	231	219	208	199	192	181	166	139	109	156.097	282	185	175	169	164	158	152	145	135	117	100	1	35	1883.600	491.020	0	0	0	670	0	0	0	178	0	0	0	0	0	0.000	0.000	0	0	0	0	0	0	0	0	0	0	0
121	121	1982	238.033	501.447	190	415	717	471	146	178	408	788	412	159	118.237	139	125	123	121	120	119	117	115	113	111	102	213.054	310	260	245	233	223	214	206	196	182	164	109	0	0	0.000	0.000	0	0	0	0	0	0	0	0	0	0	0	0	0	0.000	0.000	0	0	0	0	0	0	0	0	0	0	0
122	122	1273	531.073	501.474	130	456	450	179	38	139	642	325	120	23	347.885	498	437	416	400	383	357	333	309	283	239	157	565.829	795	735	704	672	633	588	542	489	429	356	196	0	0	0.000	0.000	0	0	0	0	0	0	0	0	0	0	0	0	0	0.000	0.000	0	0	0	0	0	0	0	0	0	0	0
123	123	1730	1356.591	499.635	307	563	519	266	38	296	702	471	197	25	2010.870	17564	2801	2103	1883	1727	1576	1428	1292	1145	794	228	220.345	2440	265	187	167	156	150	145	141	135	121	100	1	75	1364.370	493.032	0	0	0	9607	0	0	0	1257	0	0	0	1	83	1364.631	492.158	0	0	0	9298	0	0	0	1227	0	0	0
124	124	1618	1660.610	506.053	190	496	459	326	115	178	687	417	225	64	108.973	121	113	112	111	110	109	108	107	106	105	99	104.959	119	109	107	106	105	105	104	103	102	101	96	0	0	0.000	0.000	0	0	0	0	0	0	0	0	0	0	0	0	0	0.000	0.000	0	0	0	0	0	0	0	0	0	0	0
125	125	1799	1460.779	509.786	292	425	539	433	65	243	596	554	299	76	132.035	164	146	140	137	134	132	129	127	123	118	104	134.137	167	149	144	140	137	134	131	128	125	120	106	0	0	0.000	0.000	0	0	0	0	0	0	0	0	0	0	0	0	0	0.000	0.000	0	0	0	0	0	0	0	0	0	0	0
126	126	1488	382.181	524.676	312	389	414	277	68	299	544	374	201	41	1106.735	19994	2077	448	268	230	217	207	197	183	159	115	298.415	2636	439	235	213	204	198	191	180	163	146	116	1	120	389.236	528.037	0	0	0	8620	0	0	0	1290	0	0	0	1	104	389.230	528.227	0	0	0	10244	0	0	0	1368	0	0	0
127	127	1510	293.942	521.102	150	202	536	420	171	135	369	630	257	90	118.409	137	126	123	121	120	119	117	116	114	111	102	221.198	306	265	252	242	234	227	220	209	194	167	111	0	0	0.000	0.000	0	0	0	0	0	0	0	0	0	0	0	0	0	0.000	0.000	0	0	0	0	0	0	0	0	0	0	0
128	128	1800	584.209	524.793	274	580	567	269	83	286	845	445	172	23	110.891	123	116	115	113	112	111	110	109	107	105	98	181.845	250	224	215	206	194	182	171	160	151	138	104	0	0	0.000	0.000	0	0	0	0	0	0	0	0	0	0	0	0	0	0.000	0.000	0	0	0	0	0	0	0	0	0	0	0
129	129	992	1793.811	520.555	129	263	396	158	26	90	271	377	215	23	110.670	135	116	114	113	112	111	109	108	107	105	97	173.217	230	208	199	193	186	179	170	159	144	128	104	0	0	0.000	0.000	0	0	0	0	0	0	0	0	0	0	0	0	0	0.000	0.000	0	0	0	0	0	0	0	0	0	0	0
130	130	923	1689.234	541.347	154	302	213	193	38	97	436	199	129	44	108.768	120	113	111	111	110	109	108	107	106	104	98	105.973	117	110	109	107	107	106	105	104	103	102	95	0	0	0.000	0.000	0	0	0	0	0	0	0	0	0	0	0	0	0	0.000	0.000	0	0	0	0	0	0	0	0	0	0	0
131	131	2233	471.846	555.200	789	774	421	156	49	865	879	327	90	24	116.628	136	123	121	119	118	117	116	114	112	110	97	1653.742	2792	2205	2043	1910	1789	1648	1521	1410	1309	1076	455	0	0	0.000	0.000	0	0	0	0	0	0	0	0	0	0	0	0	0	0.000	0.000	0	0	0	0	0	0	0	0	0	0	0
132	132	2381	532.632	556.316	519	788	659	316	53	559	934	653	158	30	116.255	138	124	121	119	118	116	115	113	111	109	101	774.280	1379	1070	979	913	841	788	736	675	598	425	163	0	0	0.000	0.000	0	0	0	0	0	0	0	0	0	0	0	0	0	0.000	0.000	0	0	0	0	0	0	0	0	0	0	0
133	133	3029	1100.944	570.887	299	781	1116	693	67	217	819	1231	545	169	332.379	8399	328	289	267	243	224	207	191	179	166	110	317.268	1043	437	408	372	338	306	274	247	226	202	130	1	61	1107.468	552.620	0	0	0	3797	0	0	0	644	0	0	0	1	21	1108.890	552.521	0	0	0	6187	0	0	0	901	0	0	0
134	134	1370	251.735	553.669	248	268	435	337	59	182	307	467	320	68	217.473	291	264	251	242	232	222	212	200	186	165	110	120.772	143	132	128	126	123	121	119	116	113	109	101	0	0	0.000	0.000	0	0	0	0	0	0	0	0	0	0	0	0	0	0.000	0.000	0	0	0	0	0	0	0	0	0	0	0
135	135	1530	627.407	555.836	490	761	230	11	9	921	527	39	4	3	110.589	123	115	114	113	112	111	110	108	107	105	98	176.707	238	207	198	191	184	179	172	166	157	141	109	0	0	0.000	0.000	0	0	0	0	0	0	0	0	0	0	0	0	0	0.000	0.000	0	0	0	0	0	0	0	0	0	0	0
136	136	2160	1480.042	568.853	588	723	597	190	21	544	1064	425	89	14	428.483	13691	383	202	189	181	172	164	155	143	127	102	237.262	3018	237	220	208	197	184	172	161	149	131	106	1	74	1470.058	580.182	0	0	0	5471	0	0	0	1465	0	0	0	1	71	1470.066	579.688	0	0	0	5268	0	0	0	1469	0	0	0
137	137	1854	1639.052	566.155	282	657	675	199	15	238	622	643	286	30	111.403	128	116	115	113	112	111	110	109	108	106	100	105.450	118	110	108	107	106	105	104	104	103	102	95	0	0	0.000	0.000	0	0	0	0	0	0	0	0	0	0	0	0	0	0.000	0.000	0	0	0	0	0	0	0	0	0	0	0
138	138	1957	1726.917	566.085	450	736	501	200	34	487	796	503	119	14	109.812	127	116	114	112	111	110	108	107	105	104	93	258.555	397	332	310	297	281	262	246	233	206	169	110	0	0	0.000	0.000	0	0	0	0	0	0	0	0	0	0	0	0	0	0.000	0.000	0	0	0	0	0	0	0	0	0	0	0
139	139	1712	320.502	567.018	130	401	627	381	132	102	600	625	278	64	112.530	126	118	116	115	114	113	112	110	109	107	100	223.891	321	285	269	254	238	223	210	196	182	162	112	0	0	0.000	0.000	0	0	0	0	0	0	0	0	0	0	0	0	0	0.000	0.000	0	0	0	0	0	0	0	0	0	0	0
140	140	1002	383.530	567.124	208	244	259	222	53	147	259	257	236	80	181.518	229	206	199	193	187	183	178	173	167	156	117	163.459	206	187	180	175	170	165	161	156	149	134	113	0	0	0.000	0.000	0	0	0	0	0	0	0	0	0	0	0	0	0	0.000	0.000	0	0	0	0	0	0	0	0	0	0	0
141	141	1124	426.096	579.043	108	342	401	205	44	129	578	292	94	11	113.398	130	119	117	116	115	113	112	111	110	108	101	154.835	185	173	168	163	160	156	152	148	143	135	113	0	0	0.000	0.000	0	0	0	0	0	0	0	0	0	0	0	0	0	0.000	0.000	0	0	0	0	0	0	0	0	0	0	0
142	142	1334	577.387	584.654	433	447	336	81	18	360	576	275	93	7	111.228	127	117	115	114	113	111	110	108	107	105	98	221.125	331	278	263	252	239	227	214	199	177	150	114	0	0	0.000	0.000	0	0	0	0	0	0	0	0	0	0	0	0	0	0.000	0.000	0	0	0	0	0	0	0	0	0	0	0
143	143	2331	127.969	587.284	302	707	879	372	34	273	742	823	388	54	2821.556	28575	5751	1706	1329	1215	1099	1007	866	713	489	162	364.033	4346	694	220	156	144	139	134	128	122	115	101	1	278	134.664	583.092	0	0	0	15986	0	0	0	1599	0	0	0	1	225	134.214	582.705	0	0	0	19128	0	0	0	2056	0	0	0
144	144	1806	1260.576	591.145	369	571	568	229	38	283	698	586	168	40	998.348	1550	1336	1229	1155	1091	1017	935	853	777	648	298	106.537	121	111	109	108	107	106	105	104	103	102	98	0	0	0.000	0.000	0	0	0	0	0	0	0	0	0	0	0	0	0	0.000	0.000	0	0	0	0	0	0	0	0	0	0	0
145	145	1670	275.431	600.894	122	400	583	437	100	110	627	595	271	37	555.594	11263	683	294	246	229	215	203	191	181	170	128	138.002	732	153	129	124	120	118	116	114	113	110	101	1	88	283.860	606.322	0	0	0	5060	0	0	0	392	0	0	0	1	88	284.244	606.319	0	0	0	5060	0	0	0	392	0	0	0
146	146	1317	1368.474	595.532	218	418	494	148	13	158	396	503	194	35	497.740	789	653	615	572	531	487	453	425	395	349	139	105.525	119	110	108	107	106	105	104	104	103	102	97	0	0	0.000	0.000	0	0	0	0	0	0	0	0	0	0	0	0	0	0.000	0.000	0	0	0	0	0	0	0	0	0	0	0
147	147	2157	1030.667	605.378	271	725	759	326	29	225	817	730	313	25	978.983	2064	1473	1296	1173	1086	1002	898	806	662	441	172	137.556	302	158	150	145	141	137	133	128	123	115	102	0	0	0.000	0.000	0	0	0	0	0	0	0	0	0	0	0	0	0	0.000	0.000	0	0	0	0	0	0	0	0	0	0	0
148	148	1454	464.610	610.239	139	360	538	322	69	174	565	465	190	35	113.761	138	119	117	116	115	114	113	112	111	109	100	154.748	198	177	170	164	160	156	151	145	140	133	112	0	0	0.000	0.000	0	0	0	0	0	0	0	0	0	0	0	0	0	0.000	0.000	0	0	0	0	0	0	0	0	0	0	0
149	149	1542	1753.039	608.365	182	554	542	206	21	88	577	564	217	61	113.517	131	120	118	116	115	114	112	111	109	107	101	105.040	115	108	107	106	106	105	104	104	103	102	97	0	0	0.000	0.000	0	0	0	0	0	0	0	0	0	0	0	0	0	0.000	0.000	0	0	0	0	0	0	0	0	0	0	0
150	150	2040	330.196	619.020	231	564	669	432	102	208	673	678	347	104	111.670	125	117	115	114	113	112	111	109	108	106	97	205.222	285	246	236	228	220	212	203	190	173	152	109	0	0	0.000	0.000	0	0	0	0	0	0	0	0	0	0	0	0	0	0.000	0.000	0	0	0	0	0	0	0	0	0	0	0
151	151	961	1635.425	615.293	127	326	332	132	27	73	349	337	128	40	907.124	1326	1199	1107	1045	978	920	856	798	729	617	212	113.709	135	120	118	116	115	114	113	111	109	108	101	0	0	0.000	0.000	0	0	0	0	0	0	0	0	0	0	0	0	0	0.000	0.000	0	0	0	0	0	0	0	0	0	0	0
152	152	2016	226.487	629.219	321	645	626	339	34	273	699	621	297	97	121.376	144	131	128	126	124	122	120	117	115	111	101	104.687	118	108	107	106	105	104	104	103	103	102	95	0	0	0.000	0.000	0	0	0	0	0	0	0	0	0	0	0	0	0	0.000	0.000	0	0	0	0	0	0	0	0	0	0	0
153	153	1897	1684.081	628.954	120	383	616	588	155	157	639	801	255	17	390.107	9198	373	231	214	198	182	172	163	155	141	99	230.209	1256	284	261	238	218	203	192	181	170	156	117	1	72	1694.646	639.191	0	0	0	4037	0	0	0	626	0	0	0	1	58	1695.302	638.378	0	0	0	4565	0	0	0	785	0	0	0
154	154	1114	558.916	627.442	272	308	327	164	29	266	363	333	111	16	152.104	189	172	165	161	157	154	151	147	141	128	104	138.034	164	150	147	144	142	139	137	133	130	124	107	0	0	0.000	0.000	0	0	0	0	0	0	0	0	0	0	0	0	0	0.000	0.000	0	0	0	0	0	0	0	0	0	0	0
155	155	2386	654.296	637.913	268	611	832	549	81	219	1066	723	287	26	175.524	241	209	199	191	184	175	169	163	154	140	103	211.581	328	264	247	235	224	213	203	193	180	151	103	0	0	0.000	0.000	0	0	0	0	0	0	0	0	0	0	0	0	0	0.000	0.000	0	0	0	0	0	0	0	0	0	0	0
156	156	839	1112.507	633.615	100	251	232	200	37	126	239	306	140	18	208.156	299	246	238	230	221	212	202	191	179	163	118	285.703	403	364	350	332	313	294	271	251	230	195	125	0	0	0.000	0.000	0	0	0	0	0	0	0	0	0	0	0	0	0	0.000	0.000	0	0	0	0	0	0	0	0	0	0	0
157	157	1819	508.637	643.189	217	571	538	357	103	220	714	565	247	30	201.322	3407	202	182	174	169	162	157	150	142	132	106	142.372	245	159	154	150	146	142	139	135	130	124	104	1	38	498.488	639.728	0	0	0	1407	0	0	0	191	0	0	0	0	0	0.000	0.000	0	0	0	0	0	0	0	0	0	0	0
158	158	1596	111.314	650.108	329	524	447	240	23	382	582	394	183	32	560.340	2880	750	673	634	590	548	503	460	417	350	154	119.195	359	128	123	121	118	116	115	113	111	109	98	0	0	0.000	0.000	0	0	0	0	0	0	0	0	0	0	0	0	0	0.000	0.000	0	0	0	0	0	0	0	0	0	0	0
159	159	1888	942.027	650.153	199	452	654	499	53	205	649	662	265	63	3864.170	30490	18939	3308	1103	609	433	337	278	231	186	133	1003.789	7898	3461	896	471	357	299	257	221	192	168	114	0	0	0.000	0.000	0	0	0	0	0	0	0	0	0	0	0	1	334	941.768	648.275	0	0	0	20948	0	0	0	3974	0	0	0
160	160	1704	1757.317	655.339	199	397	586	387	97	254	700	484	207	29	112.566	126	118	116	115	114	113	112	110	108	106	100	105.427	120	110	108	107	106	105	104	104	103	102	96	0	0	0.000	0.000	0	0	0	0	0	0	0	0	0	0	0	0	0	0.000	0.000	0	0	0	0	0	0	0	0	0	0	0
161	161	1506	447.260	656.014	127	264	565	402	124	109	461	636	228	45	952.922	1563	1316	1220	1124	1039	973	912	824	706	536	209	109.866	129	116	113	112	110	109	108	107	106	105	97	0	0	0.000	0.000	0	0	0	0	0	0	0	0	0	0	0	0	0	0.000	0.000	0	0	0	0	0	0	0	0	0	0	0
162	162	754	1019.364	650.326	180	197	188	137	34	141	236	178	131	54	442.804	5334	648	371	321	300	286	270	254	230	193	122	123.366	468	141	121	115	113	111	110	109	108	106	100	1	39	1017.243	643.512	0	0	0	2495	0	0	0	279	0	0	0	1	35	1016.855	643.152	0	0	0	2495	0	0	0	289	0	0	0
163	163	1580	597.630	660.994	253	362	486	389	67	137	396	643	251	122	173.061	254	213	200	189	180	172	165	157	147	133	108	206.224	314	271	249	232	218	204	193	183	170	142	105	0	0	0.000	0.000	0	0	0	0	0	0	0	0	0	0	0	0	0	0.000	0.000	0	0	0	0	0	0	0	0	0	0	0
164	164	721	156.152	666.451	51	221	187	183	63	77	259	181	141	53	212.824	287	255	244	234	226	218	209	198	183	160	112	123.294	144	136	132	129	126	124	121	118	115	110	100	0	0	0.000	0.000	0	0	0	0	0	0	0	0	0	0	0	0	0	0.000	0.000	0	0	0	0	0	0	0	0	0	0	0
165	165	1046	340.116	677.766	112	329	366	185	36	171	377	323	116	41	211.622	284	244	231	225	220	215	208	202	193	175	115	118.837	138	126	124	121	120	119	117	116	114	112	103	0	0	0.000	0.000	0	0	0	0	0	0	0	0	0	0	0	0	0	0.000	0.000	0	0	0	0	0	0	0	0	0	0	0
166	166	1676	1688.135	680.467	278	473	625	241	28	247	654	514	219	20	205.703	2407	212	200	194	188	181	174	166	157	145	113	197.016	440	238	228	217	208	198	188	177	165	149	111	1	32	1700.805	674.690	0	0	0	1144	0	0	0	233	0	0	0	0	0	0.000	0.000	0	0	0	0	0	0	0	0	0	0	0
167	167	1885	995.022	686.168	231	334	639	435	219	234	565	686	259	103	284.933	412	357	344	329	313	296	276	252	222	193	134	303.820	451	401	385	363	342	317	293	262	227	175	113	0	0	0.000	0.000	0	0	0	0	0	0	0	0	0	0	0	0	0	0.000	0.000	0	0	0	0	0	0	0	0	0	0	0
168	168	1031	1537.447	694.325	405	259	245	88	17	394	347	195	63	16	110.176	129	119	115	113	111	109	108	106	105	103	95	114.005	147	128	122	118	115	112	110	107	105	103	97	0	0	0.000	0.000	0	0	0	0	0	0	0	0	0	0	0	0	0	0.000	0.000	0	0	0	0	0	0	0	0	0	0	0
169	169	1530	120.901	699.730	120	391	505	413	67	159	430	508	331	74	390.247	7183	375	232	216	206	199	193	186	176	159	114	128.571	588	134	127	124	121	119	117	115	112	109	98	1	76	118.498	714.372	0	0	0	3240	0	0	0	243	0	0	0	1	77	119.141	715.403	0	0	0	2574	0	0	0	338	0	0	0
170	170	1783	750.556	701.328	321	484	602	278	55	285	650	564	205	44	345.483	565	475	432	403	374	347	319	289	257	221	122	104.919	118	108	107	106	105	105	104	104	103	102	97	0	0	0.000	0.000	0	0	0	0	0	0	0	0	0	0	0	0	0	0.000	0.000	0	0	0	0	0	0	0	0	0	0	0
171	171	2834	852.059	707.320	832	1214	523	189	21	886	1309	459	106	18	119.022	217	126	123	121	119	118	117	115	114	111	101	477.853	803	642	603	569	530	497	465	424	364	249	114	0	0	0.000	0.000	0	0	0	0	0	0	0	0	0	0	0	0	0	0.000	0.000	0	0	0	0	0	0	0	0	0	0	0
172	172	1262	372.951	706.609	300	392	359	158	30	207	423	393	151	65	319.936	486	417	387	361	339	318	299	279	258	226	135	107.349	119	111	110	109	108	107	106	106	105	104	97	0	0	0.000	0.000	0	0	0	0	0	0	0	0	0	0	0	0	0	0.000	0.000	0	0	0	0	0	0	0	0	0	0	0
173	173	1750	468.442	705.661	130	390	682	453	54	132	408	702	359	116	863.683	1635	1325	1119	986	887	820	759	695	628	527	166	108.524	122	114	112	110	109	108	107	106	105	104	93	0	0	0.000	0.000	0	0	0	0	0	0	0	0	0	0	0	0	0	0.000	0.000	0	0	0	0	0	0	0	0	0	0	0
174	174	1532	178.717	708.222	246	450	485	262	57	268	566	467	169	35	1813.824	21844	5117	1047	517	361	302	269	242	219	198	131	268.111	2309	566	207	154	137	130	126	123	119	115	102	1	196	181.543	706.871	0	0	0	10799	0	0	0	897	0	0	0	1	178	182.032	707.552	0	0	0	11257	0	0	0	1101	0	0	0
175	175	1364	1369.262	710.348	230	438	510	140	29	200	558	412	140	34	301.752	9682	326	239	221	209	200	190	182	169	149	113	221.802	1879	264	245	234	223	212	201	189	168	138	105	0	0	0.000	0.000	0	0	0	0	0	0	0	0	0	0	0	0	0	0.000	0.000	0	0	0	0	0	0	0	0	0	0	0
176	176	2511	904.008	724.799	1722	409	259	78	21	1738	496	222	23	13	1069.237	2658	2010	1704	1522	1343	1122	804	486	246	145	110	110.041	254	117	113	111	109	108	106	106	104	103	98	0	0	0.000	0.000	0	0	0	0	0	0	0	0	0	0	0	0	0	0.000	0.000	0	0	0	0	0	0	0	0	0	0	0
177	177	1192	950.061	714.234	111	325	381	293	53	152	505	334	155	23	1662.917	2579	2055	1910	1821	1741	1677	1618	1536	1420	1230	565	108.760	123	115	113	110	109	108	107	106	105	104	99	0	0	0.000	0.000	0	0	0	0	0	0	0	0	0	0	0	0	0	0.000	0.000	0	0	0	0	0	0	0	0	0	0	0
178	178	1748	1613.619	718.978	250	324	522	495	139	253	436	598	334	92	223.580	821	281	263	249	239	228	214	197	176	141	105	123.100	174	138	133	130	126	123	120	116	112	108	99	1	11	1628.341	713.029	0	0	0	668	0	0	0	122	0	0	0	0	0	0.000	0.000	0	0	0	0	0	0	0	0	0	0	0
179	179	621	1101.260	714.366	113	111	157	171	61	116	119	161	145	66	220.357	355	317	298	281	265	243	205	144	120	110	101	111.573	129	120	117	115	113	112	110	108	106	104	99	0	0	0.000	0.000	0	0	0	0	0	0	0	0	0	0	0	0	0	0.000	0.000	0	0	0	0	0	0	0	0	0	0	0
180	180	1975	1735.379	741.725	200	450	699	475	115	211	826	594	256	47	434.080	10148	433	289	263	245	234	224	212	191	166	116	142.993	975	146	137	132	129	126	123	120	117	113	103	1	67	1725.178	749.014	0	0	0	4325	0	0	0	494	0	0	0	1	67	1725.080	748.603	0	0	0	3917	0	0	0	494	0	0	0
181	181	1352	1565.158	740.870	278	242	409	333	69	230	238	526	205	129	358.603	516	464	437	408	387	368	349	323	286	234	133	123.103	155	138	133	129	126	123	120	117	113	107	99	0	0	0.000	0.000	0	0	0	0	0	0	0	0	0	0	0	0	0	0.000	0.000	0	0	0	0	0	0	0	0	0	0	0
182	182	1858	1136.689	744.441	237	305	599	514	160	198	494	754	267	101	412.508	5728	503	424	374	340	316	295	276	257	217	115	120.286	454	128	121	118	116	114	112	111	109	107	101	1	43	1130.371	749.889	0	0	0	2808	0	0	0	272	0	0	0	1	41	1129.857	749.692	0	0	0	2955	0	0	0	277	0	0	0
183	183	2056	239.139	750.585	310	474	622	437	173	300	740	533	364	74	224.340	317	270	260	250	242	232	220	203	187	164	123	148.312	186	170	164	159	155	149	143	138	132	125	108	0	0	0.000	0.000	0	0	0	0	0	0	0	0	0	0	0	0	0	0.000	0.000	0	0	0	0	0	0	0	0	0	0	0
184	184	505	747.122	747.293	62	116	141	114	59	66	148	170	88	24	223.008	287	269	257	245	237	229	222	207	189	164	120	110.188	121	115	113	112	111	110	109	108	107	106	102	0	0	0.000	0.000	0	0	0	0	0	0	0	0	0	0	0	0	0	0.000	0.000	0	0	0	0	0	0	0	0	0	0	0
185	185	1771	790.665	757.812	107	337	664	516	107	72	371	870	321	108	400.857	6421	462	371	323	292	269	253	237	217	199	134	117.777	368	124	118	116	114	112	111	109	108	106	99	1	57	798.595	768.918	0	0	0	2861	0	0	0	219	0	0	0	1	57	798.110	768.371	0	0	0	2410	0	0	0	219	0	0	0
186	186	1735	384.893	766.548	265	522	634	256	28	245	509	657	243	43	352.043	510	461	434	405	376	351	328	304	281	249	123	108.392	127	113	112	110	109	108	107	106	105	104	99	0	0	0.000	0.000	0	0	0	0	0	0	0	0	0	0	0	0	0	0.000	0.000	0	0	0	0	0	0	0	0	0	0	0
187	187	1776	933.343	766.839	319	494	586	262	80	287	689	534	184	48	1786.014	3009	2645	2353	2117	1935	1774	1639	1506	1346	902	240	109.428	129	115	113	111	110	109	108	107	105	104	97	0	0	0.000	0.000	0	0	0	0	0	0	0	0	0	0	0	0	0	0.000	0.000	0	0	0	0	0	0	0	0	0	0	0
188	188	1346	1857.443	769.760	765	257	177	91	42	792	301	178	51	6	206.411	2709	237	174	164	159	154	149	141	129	116	99	311.675	5081	384	242	219	209	201	189	175	152	130	101	1	47	1861.315	774.342	0	0	0	1176	0	0	0	2467	0	0	0	1	54	1861.492	773.993	0	0	0	1073	0	0	0	2342	0	0	0
189	189	1826	1639.707	777.537	191	574	569	358	98	210	823	483	232	50	108.031	120	112	110	109	109	108	107	106	105	104	98	128.914	158	143	139	136	133	130	127	123	119	113	101	0	0	0.000	0.000	0	0	0	0	0	0	0	0	0	0	0	0	0	0.000	0.000	0	0	0	0	0	0	0	0	0	0	0
190	190	2390	854.765	773.978	212	540	896	535	168	172	659	1011	414	95	1267.429	21987	1650	621	498	459	416	375	338	305	269	130	194.993	2169	213	137	127	123	120	117	115	113	110	102	1	161	858.002	763.106	0	0	0	11399	0	0	0	1009	0	0	0	1	156	857.599	762.625	0	0	0	11399	0	0	0	1028	0	0	0
191	191	1410	433.431	779.817	293	484	366	200	36	239	503	335	229	66	324.406	484	402	380	366	352	340	320	298	270	215	129	108.163	120	113	111	110	109	108	107	106	105	104	99	0	0	0.000	0.000	0	0	0	0	0	0	0	0	0	0	0	0	0	0.000	0.000	0	0	0	0	0	0	0	0	0	0	0
192	192	1920	1586.652	791.947	216	549	674	406	34	176	640	694	277	108	386.707	600	514	480	453	421	391	364	335	301	249	118	123.626	155	135	131	128	126	124	121	119	116	112	101	0	0	0.000	0.000	0	0	0	0	0	0	0	0	0	0	0	0	0	0.000	0.000	0	0	0	0	0	0	0	0	0	0	0
193	193	2250	1500.667	796.924	286	545	737	485	151	309	835	656	342	72	666.326	14444	756	335	261	237	222	206	189	176	157	109	269.491	2040	319	270	252	237	220	201	186	172	153	109	1	124	1492.899	796.741	0	0	0	6556	0	0	0	1028	0	0	0	1	108	1492.607	796.517	0	0	0	7667	0	0	0	1151	0	0	0
194	194	1647	621.956	795.665	212	474	514	375	44	148	708	467	257	32	119.974	142	128	125	123	122	120	119	117	114	111	102	208.675	281	246	236	228	219	211	203	194	183	166	128	0	0	0.000	0.000	0	0	0	0	0	0	0	0	0	0	0	0	0	0.000	0.000	0	0	0	0	0	0	0	0	0	0	0
195	195	742	810.907	799.073	82	261	203	134	47	70	339	200	94	22	260.403	365	324	304	290	280	271	259	240	219	181	115	106.795	132	116	110	107	106	105	104	103	103	102	97	0	0	0.000	0.000	0	0	0	0	0	0	0	0	0	0	0	1	80	814.554	789.727	0	0	0	279	0	0	0	120	0	0	0
196	196	1602	1888.915	815.656	306	473	467	266	71	250	557	502	189	69	1495.807	20568	3243	777	409	299	269	252	236	220	192	109	477.336	5798	912	294	217	200	190	182	172	161	145	105	1	167	1888.316	819.785	0	0	0	9918	0	0	0	2307	0	0	0	1	141	1888.381	819.572	0	0	0	11887	0	0	0	2831	0	0	0
197	197	798	406.709	813.490	124	188	240	199	36	95	261	259	138	32	275.487	397	351	333	318	306	289	268	252	222	166	114	107.144	118	111	110	108	108	107	106	105	105	103	98	0	0	0.000	0.000	0	0	0	0	0	0	0	0	0	0	0	0	0	0.000	0.000	0	0	0	0	0	0	0	0	0	0	0
198	198	1422	564.232	820.651	196	584	426	164	23	158	669	382	157	32	408.722	625	513	473	448	431	411	394	372	347	295	194	148.805	189	168	163	157	152	148	145	141	137	130	111	0	0	0.000	0.000	0	0	0	0	0	0	0	0	0	0	0	0	0	0.000	0.000	0	0	0	0	0	0	0	0	0	0	0
199	199	1062	1843.061	818.372	687	196	133	23	12	603	230	98	79	42	178.511	1010	257	195	175	164	154	145	135	125	115	102	196.750	1188	295	219	193	177	165	154	143	131	117	103	1	32	1846.192	813.940	0	0	0	591	0	0	0	719	0	0	0	1	39	1846.173	813.142	0	0	0	490	0	0	0	647	0	0	0
200	200	1023	1625.041	823.916	122	186	265	275	163	110	240	269	254	126	107.661	119	112	110	109	108	107	107	106	105	104	98	122.663	146	133	130	127	125	123	121	119	116	110	102	0	0	0.000	0.000	0	0	0	0	0	0	0	0	0	0	0	0	0	0.000	0.000	0	0	0	0	0	0	0	0	0	0	0
201	201	1776	245.006	827.260	248	444	524	358	169	200	489	582	321	155	274.777	4884	316	254	231	214	199	187	178	166	140	106	130.344	536	142	135	131	127	123	120	117	112	107	100	1	44	239.332	822.338	0	0	0	1957	0	0	0	331	0	0	0	1	46	239.429	821.804	0	0	0	1899	0	0	0	329	0	0	0
202	202	2064	666.461	829.709	267	703	608	395	60	258	866	606	254	45	122.130	142	131	128	126	124	122	121	119	116	113	104	217.286	310	272	256	243	231	217	204	193	182	165	117	0	0	0.000	0.000	0	0	0	0	0	0	0	0	0	0	0	0	0	0.000	0.000	0	0	0	0	0	0	0	0	0	0	0
203	203	1102	859.547	833.093	183	192	367	298	37	141	189	490	181	81	373.018	562	513	483	452	423	395	361	332	273	171	105	118.175	136	128	126	124	122	120	117	114	110	105	97	0	0	0.000	0.000	0	0	0	0	0	0	0	0	0	0	0	0	0	0.000	0.000	0	0	0	0	0	0	0	0	0	0	0
204	204	1886	617.887	854.865	519	901	370	50	16	509	1036	257	35	19	809.197	13702	1023	631	515	464	435	402	366	330	260	135	338.648	6930	408	215	179	165	159	153	145	137	127	102	1	86	621.639	856.765	0	0	0	6756	0	0	0	2999	0	0	0	1	86	621.639	856.765	0	0	0	6756	0	0	0	2999	0	0	0
205	205	2165	1510.041	860.465	312	493	682	520	117	275	597	721	463	68	217.844	299	266	256	245	236	225	212	200	184	154	104	221.945	331	295	278	264	247	229	210	194	172	126	103	0	0	0.000	0.000	0	0	0	0	0	0	0	0	0	0	0	0	0	0.000	0.000	0	0	0	0	0	0	0	0	0	0	0
206	206	1602	791.556	856.083	241	377	494	335	126	190	537	526	221	83	339.077	508	440	412	387	366	347	328	302	268	226	133	121.489	148	134	130	126	124	121	119	116	113	110	100	0	0	0.000	0.000	0	0	0	0	0	0	0	0	0	0	0	0	0	0.000	0.000	0	0	0	0	0	0	0	0	0	0	0
207	207	1206	1904.288	852.254	95	286	375	323	102	120	447	400	177	42	229.748	3063	216	192	186	181	177	173	169	161	147	105	164.184	397	184	176	170	164	161	157	153	146	137	113	1	55	1922.362	854.376	0	0	0	1140	0	0	0	210	0	0	0	1	15	1920.288	853.980	0	0	0	1052	0	0	0	344	0	0	0
208	208	1277	286.002	862.984	199	373	404	262	24	129	506	372	193	50	200.560	279	247	237	228	219	208	195	179	162	140	109	126.513	155	141	137	133	130	127	123	120	116	112	101	0	0	0.000	0.000	0	0	0	0	0	0	0	0	0	0	0	0	0	0.000	0.000	0	0	0	0	0	0	0	0	0	0	0
209	209	1260	894.594	863.321	136	250	429	317	98	108	521	397	160	49	388.975	553	500	479	460	440	415	386	348	294	226	123	111.267	130	119	116	114	112	111	109	108	106	104	99	0	0	0.000	0.000	0	0	0	0	0	0	0	0	0	0	0	0	0	0.000	0.000	0	0	0	0	0	0	0	0	0	0	0
210	210	796	1290.364	860.160	431	234	77	25	20	461	220	70	23	13	129.359	150	140	136	134	132	130	128	126	123	118	105	181.345	225	203	198	195	191	186	180	174	165	152	121	0	0	0.000	0.000	0	0	0	0	0	0	0	0	0	0	0	0	0	0.000	0.000	0	0	0	0	0	0	0	0	0	0	0
211	211	1826	560.521	872.623	269	397	721	353	55	240	620	630	286	15	862.744	16964	1159	367	257	224	207	198	189	181	164	121	251.160	1664	312	238	222	210	200	190	181	170	157	110	1	130	555.849	870.790	0	0	0	7750	0	0	0	836	0	0	0	1	97	555.577	870.534	0	0	0	10167	0	0	0	983	0	0	0
212	212	1637	1876.158	891.008	320	449	521	291	23	228	406	624	235	109	897.460	14485	1618	457	293	243	224	211	198	180	154	112	228.985	1380	311	212	197	190	182	174	164	150	136	108	1	136	1874.364	882.948	0	0	0	6713	0	0	0	712	0	0	0	1	113	1874.516	882.975	0	0	0	8058	0	0	0	807	0	0	0
213	213	1975	809.130	906.160	270	527	618	435	91	304	959	451	196	24	887.995	15432	1239	513	383	337	317	302	282	252	199	112	163.204	1304	192	135	127	123	121	118	115	113	108	99	1	134	805.528	898.805	0	0	0	7084	0	0	0	645	0	0	0	1	128	805.582	899.139	0	0	0	7319	0	0	0	663	0	0	0
214	214	2472	525.138	918.838	524	396	739	544	237	481	610	864	295	183	205.453	275	250	240	231	221	211	200	189	174	147	114	209.044	293	261	249	238	226	213	201	188	171	147	114	0	0	0.000	0.000	0	0	0	0	0	0	0	0	0	0	0	0	0	0.000	0.000	0	0	0	0	0	0	0	0	0	0	0
215	215	1863	156.814	918.121	293	503	580	378	79	203	744	549	291	39	935.322	1500	1313	1235	1174	1097	991	901	801	661	382	126	108.807	132	120	115	111	108	107	105	104	103	102	97	0	0	0.000	0.000	0	0	0	0	0	0	0	0	0	0	0	0	0	0.000	0.000	0	0	0	0	0	0	0	0	0	0	0
216	216	1568	1429.960	923.657	174	281	491	389	198	197	538	537	205	58	944.195	15065	1349	583	458	427	403	376	340	278	201	112	196.405	2031	284	155	133	127	123	120	117	113	109	100	1	103	1426.237	930.059	0	0	0	7498	0	0	0	945	0	0	0	1	102	1425.485	929.842	0	0	0	7498	0	0	0	952	0	0	0
217	217	1753	922.526	936.937	200	437	638	386	52	188	454	619	387	63	455.618	9586	533	256	223	208	195	185	176	166	156	125	154.473	781	169	154	148	143	138	134	130	126	121	104	1	79	926.760	945.134	0	0	0	4446	0	0	0	414	0	0	0	1	69	926.980	945.503	0	0	0	4745	0	0	0	443	0	0	0
218	218	1665	1386.004	945.635	309	197	483	471	187	261	418	623	255	79	401.899	617	549	506	468	436	406	375	344	305	245	147	120.709	148	134	129	125	122	119	117	115	112	109	100	0	0	0.000	0.000	0	0	0	0	0	0	0	0	0	0	0	0	0	0.000	0.000	0	0	0	0	0	0	0	0	0	0	0
219	219	1921	1889.863	946.408	310	585	595	319	77	340	718	500	265	60	109.199	125	114	112	111	110	109	108	107	106	105	99	189.133	252	222	212	205	199	192	185	178	169	152	112	0	0	0.000	0.000	0	0	0	0	0	0	0	0	0	0	0	0	0	0.000	0.000	0	0	0	0	0	0	0	0	0	0	0
220	220	1419	1835.605	949.026	197	255	417	380	147	182	428	479	204	104	107.671	119	112	111	109	109	108	107	106	105	103	98	175.044	238	212	201	192	185	180	173	163	147	129	104	0	0	0.000	0.000	0	0	0	0	0	0	0	0	0	0	0	0	0	0.000	0.000	0	0	0	0	0	0	0	0	0	0	0
221	221	948	1272.051	947.882	194	211	225	241	65	155	287	258	191	35	113.390	131	122	119	117	115	113	112	110	107	106	97	304.147	655	559	449	398	348	295	227	161	126	113	100	0	0	0.000	0.000	0	0	0	0	0	0	0	0	0	0	0	0	0	0.000	0.000	0	0	0	0	0	0	0	0	0	0	0
222	222	1942	179.070	967.558	329	533	490	396	151	277	627	514	378	117	699.048	1345	1015	930	870	805	733	654	549	428	330	144	106.472	132	114	110	107	106	105	104	103	103	102	95	0	0	0.000	0.000	0	0	0	0	0	0	0	0	0	0	0	0	0	0.000	0.000	0	0	0	0	0	0	0	0	0	0	0
223	223	1150	1461.415	992.159	194	288	252	275	128	154	307	276	278	114	174.639	223	198	191	185	182	178	174	169	161	144	107	131.518	159	145	141	137	134	132	130	127	123	117	103	0	0	0.000	0.000	0	0	0	0	0	0	0	0	0	0	0	0	0	0.000	0.000	0	0	0	0	0	0	0	0	0	0	0
224	224	1580	136.775	998.457	200	524	485	307	37	206	615	491	210	27	549.220	949	823	744	665	596	526	475	428	384	308	145	137.597	179	160	153	146	141	136	132	128	124	118	100	0	0	0.000	0.000	0	0	0	0	0	0	0	0	0	0	0	0	0	0.000	0.000	0	0	0	0	0	0	0	0	0	0	0
225	225	1707	1493.420	1023.816	279	411	551	352	84	249	516	520	312	87	389.146	9723	382	218	206	198	192	184	176	165	146	111	149.423	635	159	152	149	145	142	139	134	128	119	103	1	59	1491.836	1038.089	0	0	0	4144	0	0	0	365	0	0	0	1	46	1492.090	1037.147	0	0	0	3604	0	0	0	421	0	0	0
226	226	1602	1106.423	1031.447	155	508	556	333	20	192	632	571	160	14	110.738	125	116	114	113	112	111	110	109	107	105	97	167.561	224	193	183	177	173	168	163	158	152	142	112	0	0	0.000	0.000	0	0	0	0	0	0	0	0	0	0	0	0	0	0.000	0.000	0	0	0	0	0	0	0	0	0	0	0
227	227	1408	1067.755	1046.851	858	265	133	104	34	836	277	137	88	53	138.805	206	179	169	159	148	136	123	114	108	105	96	103.780	125	107	106	105	104	103	103	102	102	101	95	0	0	0.000	0.000	0	0	0	0	0	0	0	0	0	0	0	0	0	0.000	0.000	0	0	0	0	0	0	0	0	0	0	0
228	228	1083	369.908	1048.174	268	300	315	159	25	197	306	254	191	123	309.365	503	439	413	382	353	322	289	244	207	152	112	107.161	126	113	111	109	108	107	106	105	104	103	97	0	0	0.000	0.000	0	0	0	0	0	0	0	0	0	0	0	0	0	0.000	0.000	0	0	0	0	0	0	0	0	0	0	0
229	229	1806	962.702	1054.879	277	436	586	359	116	227	619	599	281	53	110.507	129	116	114	113	112	110	109	108	107	105	98	131.126	165	150	145	140	136	132	127	123	117	111	101	0	0	0.000	0.000	0	0	0	0	0	0	0	0	0	0	0	0	0	0.000	0.000	0	0	0	0	0	0	0	0	0	0	0
230	230	1670	279.560	1072.228	1380	191	43	20	16	1437	164	31	14	8	200.566	2639	205	182	174	168	164	160	155	148	137	111	162.814	590	182	173	167	163	158	154	149	142	134	102	1	39	295.948	1071.543	0	0	0	1245	0	0	0	320	0	0	0	1	28	296.171	1070.582	0	0	0	1256	0	0	0	401	0	0	0
231	231	1502	908.748	1079.026	95	213	484	509	172	97	378	637	315	53	111.985	130	118	116	114	113	112	111	110	108	106	99	137.213	169	153	148	144	140	136	133	130	126	123	111	0	0	0.000	0.000	0	0	0	0	0	0	0	0	0	0	0	0	0	0.000	0.000	0	0	0	0	0	0	0	0	0	0	0
232	232	1558	808.087	1086.601	213	439	442	385	57	151	595	447	286	51	221.400	2678	249	222	210	199	190	182	172	162	150	118	128.621	317	143	136	132	129	126	124	121	118	113	100	1	28	814.332	1080.358	0	0	0	1174	0	0	0	170	0	0	0	1	26	811.921	1081.143	0	0	0	459	0	0	0	216	0	0	0
233	233	1985	1056.168	1092.032	293	518	759	312	73	317	786	611	188	35	393.261	628	548	502	464	422	388	358	334	300	236	129	104.199	120	108	106	105	105	104	103	103	102	101	95	0	0	0.000	0.000	0	0	0	0	0	0	0	0	0	0	0	1	12	1046.237	1087.505	0	0	0	494	0	0	0	114	0	0	0
234	234	1815	993.760	1099.773	159	459	651	372	140	143	526	656	338	109	764.567	1278	1018	918	854	808	763	729	682	619	506	193	106.402	124	112	109	108	107	106	105	104	103	102	96	0	0	0.000	0.000	0	0	0	0	0	0	0	0	0	0	0	0	0	0.000	0.000	0	0	0	0	0	0	0	0	0	0	0
235	235	872	1101.504	1091.907	103	299	268	151	31	109	356	254	112	21	319.007	437	386	373	361	346	331	315	293	264	230	151	106.578	122	112	110	108	107	106	105	104	103	102	97	0	0	0.000	0.000	0	0	0	0	0	0	0	0	0	0	0	0	0	0.000	0.000	0	0	0	0	0	0	0	0	0	0	0
236	236	825	947.975	1100.768	115	242	291	147	20	91	372	235	95	17	111.495	130	118	115	114	113	112	110	109	108	106	99	126.571	153	141	136	134	131	127	125	120	116	110	97	0	0	0.000	0.000	0	0	0	0	0	0	0	0	0	0	0	0	0	0.000	0.000	0	0	0	0	0	0	0	0	0	0	0
237	237	1944	1284.205	1117.245	249	531	662	390	63	214	684	666	282	67	435.293	11384	456	277	254	239	225	213	199	183	164	126	296.837	2358	357	327	302	279	259	241	222	204	177	117	1	62	1289.943	1122.091	0	0	0	4671	0	0	0	1234	0	0	0	1	49	1289.611	1121.692	0	0	0	5413	0	0	0	1376	0	0	0
238	238	2308	1348.280	1122.999	566	430	591	489	187	535	610	680	328	115	7125.632	39291	31821	9734	3336	2053	1611	1375	1203	1045	752	213	932.840	7266	3863	889	326	205	162	143	133	127	121	105	0	0	0.000	0.000	0	0	0	0	0	0	0	0	0	0	0	1	492	1347.274	1123.782	0	0	0	29887	0	0	0	3568	0	0	0
239	239	1168	263.486	1117.669	109	265	373	298	96	100	483	340	176	41	378.747	544	468	446	426	408	384	364	346	320	275	157	118.396	139	127	124	122	120	118	117	115	112	109	100	0	0	0.000	0.000	0	0	0	0	0	0	0	0	0	0	0	0	0	0.000	0.000	0	0	0	0	0	0	0	0	0	0	0
240	240	1682	132.737	1123.503	464	399	455	284	57	403	540	435	222	57	107.825	130	113	111	110	109	108	107	105	104	103	97	109.694	124	116	114	112	111	110	108	107	106	104	98	1	24	130.450	1113.683	0	0	0	117	0	0	0	113	0	0	0	0	0	0.000	0.000	0	0	0	0	0	0	0	0	0	0	0
241	241	1771	837.910	1141.584	263	442	574	359	95	172	563	619	300	81	575.067	13178	701	350	277	248	232	219	206	191	172	126	162.700	1311	180	155	146	138	131	126	121	117	112	102	1	76	832.266	1147.107	0	0	0	5897	0	0	0	664	0	0	0	1	74	831.449	1146.690	0	0	0	4960	0	0	0	672	0	0	0
242	242	1865	982.765	1152.129	281	585	645	298	26	329	841	494	146	14	766.506	1396	1142	1039	935	852	759	674	594	521	387	175	106.157	118	110	109	108	107	106	105	104	104	102	95	0	0	0.000	0.000	0	0	0	0	0	0	0	0	0	0	0	0	0	0.000	0.000	0	0	0	0	0	0	0	0	0	0	0
243	243	1097	539.556	1149.727	414	568	65	26	10	287	436	280	41	21	113.066	173	128	120	116	112	109	107	105	104	102	94	192.965	354	295	266	239	209	179	155	134	122	112	102	0	0	0.000	0.000	0	0	0	0	0	0	0	0	0	0	0	0	0	0.000	0.000	0	0	0	0	0	0	0	0	0	0	0
244	244	1747	780.544	1154.618	247	767	633	53	12	194	901	510	94	9	118.029	137	126	123	121	120	118	117	115	113	110	101	291.682	420	365	344	325	308	292	278	266	249	212	130	0	0	0.000	0.000	0	0	0	0	0	0	0	0	0	0	0	0	0	0.000	0.000	0	0	0	0	0	0	0	0	0	0	0
245	245	1865	284.911	1165.305	290	542	609	362	37	238	686	560	263	88	394.762	607	512	477	454	434	409	382	354	315	252	118	118.219	139	127	124	122	120	118	116	114	112	109	100	0	0	0.000	0.000	0	0	0	0	0	0	0	0	0	0	0	0	0	0.000	0.000	0	0	0	0	0	0	0	0	0	0	0
246	246	804	187.770	1168.700	141	127	197	181	140	139	133	222	223	69	238.113	345	296	277	263	248	235	227	216	203	182	140	122.835	141	133	129	127	125	123	121	118	116	113	104	0	0	0.000	0.000	0	0	0	0	0	0	0	0	0	0	0	0	0	0.000	0.000	0	0	0	0	0	0	0	0	0	0	0
247	247	595	1020.129	1172.884	133	159	154	90	51	99	235	160	63	23	627.966	960	819	770	711	663	613	578	543	513	458	239	107.205	118	112	110	109	108	107	106	105	104	103	97	0	0	0.000	0.000	0	0	0	0	0	0	0	0	0	0	0	0	0	0.000	0.000	0	0	0	0	0	0	0	0	0	0	0
248	248	1839	233.117	1183.303	231	440	655	417	66	199	558	677	300	70	280.914	429	359	336	317	300	284	266	246	222	199	114	127.262	153	140	136	133	130	127	124	121	118	114	104	0	0	0.000	0.000	0	0	0	0	0	0	0	0	0	0	0	0	0	0.000	0.000	0	0	0	0	0	0	0	0	0	0	0
249	249	1786	812.956	1197.938	245	498	536	386	84	252	814	418	226	43	825.515	1236	1122	1041	962	898	837	783	724	647	491	207	131.515	156	143	140	137	135	133	130	127	123	118	105	0	0	0.000	0.000	0	0	0	0	0	0	0	0	0	0	0	0	0	0.000	0.000	0	0	0	0	0	0	0	0	0	0	0
250	250	1114	1037.883	1210.316	199	343	398	132	21	158	340	335	206	51	114.278	133	122	120	117	116	114	112	111	109	107	100	239.107	320	292	284	275	263	251	235	216	192	166	114	0	0	0.000	0.000	0	0	0	0	0	0	0	0	0	0	0	0	0	0.000	0.000	0	0	0	0	0	0	0	0	0	0	0
251	251	2308	489.688	1228.049	468	724	642	372	64	438	814	629	305	81	113.682	130	120	118	117	115	114	113	111	109	106	99	297.748	451	381	367	353	340	322	290	256	222	180	109	0	0	0.000	0.000	0	0	0	0	0	0	0	0	0	0	0	0	0	0.000	0.000	0	0	0	0	0	0	0	0	0	0	0
252	252	1815	906.608	1238.128	164	366	692	408	137	134	532	772	244	92	689.559	1026	916	873	821	775	732	661	587	503	398	192	162.126	224	196	186	178	170	162	154	147	139	128	105	0	0	0.000	0.000	0	0	0	0	0	0	0	0	0	0	0	0	0	0.000	0.000	0	0	0	0	0	0	0	0	0	0	0
253	253	1446	287.484	1237.088	239	312	387	307	171	191	522	441	213	55	896.269	1431	1208	1128	1054	978	910	846	776	689	530	293	125.196	149	137	133	130	127	125	123	120	117	113	103	0	0	0.000	0.000	0	0	0	0	0	0	0	0	0	0	0	0	0	0.000	0.000	0	0	0	0	0	0	0	0	0	0	0
254	254	1873	856.344	1237.195	243	385	724	414	74	290	701	622	199	28	1555.238	21234	2150	856	720	672	611	548	476	402	287	137	451.660	6926	634	226	184	173	162	150	140	131	120	104	1	165	855.539	1229.741	0	0	0	11597	0	0	0	3078	0	0	0	1	160	855.672	1230.008	0	0	0	11904	0	0	0	3159	0	0	0
255	255	1538	771.278	1247.967	481	542	326	126	32	467	697	259	65	30	114.397	129	121	119	117	116	114	113	112	110	108	101	792.395	1313	1096	1014	943	876	807	734	662	568	450	219	0	0	0.000	0.000	0	0	0	0	0	0	0	0	0	0	0	0	0	0.000	0.000	0	0	0	0	0	0	0	0	0	0	0
256	256	801	1320.142	1245.135	383	167	105	101	33	300	219	188	71	9	159.752	219	192	184	178	170	161	154	145	134	123	104	300.122	462	410	381	357	337	313	289	257	213	167	120	0	0	0.000	0.000	0	0	0	0	0	0	0	0	0	0	0	0	0	0.000	0.000	0	0	0	0	0	0	0	0	0	0	0
257	257	1347	534.468	1255.125	198	336	459	295	40	102	468	531	157	60	117.548	151	125	123	121	119	117	116	114	112	109	98	318.694	472	412	387	366	344	322	298	276	253	219	143	0	0	0.000	0.000	0	0	0	0	0	0	0	0	0	0	0	0	0	0.000	0.000	0	0	0	0	0	0	0	0	0	0	0
258	258	2319	1813.450	1263.685	319	734	708	455	57	222	763	754	435	99	332.302	6051	347	312	291	273	255	239	224	203	173	113	144.440	787	156	149	144	140	136	132	128	123	117	103	1	53	1811.223	1254.904	0	0	0	2622	0	0	0	380	0	0	0	1	47	1811.670	1255.297	0	0	0	2976	0	0	0	455	0	0	0
259	259	1526	1871.916	1264.684	154	197	409	446	290	181	363	576	272	103	245.210	369	308	291	276	260	247	232	219	203	177	123	132.425	164	146	142	138	136	133	130	127	123	117	104	0	0	0.000	0.000	0	0	0	0	0	0	0	0	0	0	0	0	0	0.000	0.000	0	0	0	0	0	0	0	0	0	0	0
260	260	1752	319.911	1274.985	293	523	552	263	87	340	746	425	185	28	959.184	1699	1398	1245	1115	1005	920	860	789	708	580	283	125.866	156	138	134	131	128	125	123	120	117	114	104	0	0	0.000	0.000	0	0	0	0	0	0	0	0	0	0	0	0	0	0.000	0.000	0	0	0	0	0	0	0	0	0	0	0
261	261	1066	1581.683	1274.562	159	246	363	242	43	101	270	379	264	38	293.373	469	407	375	347	321	294	267	236	214	190	108	107.079	116	111	109	108	108	107	106	106	105	104	100	0	0	0.000	0.000	0	0	0	0	0	0	0	0	0	0	0	0	0	0.000	0.000	0	0	0	0	0	0	0	0	0	0	0
262	262	606	700.714	1271.662	54	167	175	161	32	54	228	216	82	13	108.117	120	112	111	110	109	108	107	106	105	104	100	136.350	159	149	145	143	141	138	136	131	127	121	107	0	0	0.000	0.000	0	0	0	0	0	0	0	0	0	0	0	0	0	0.000	0.000	0	0	0	0	0	0	0	0	0	0	0
263	263	2929	813.715	1292.765	870	905	792	270	35	889	1100	670	192	26	115.326	133	122	120	118	117	115	114	112	111	108	102	1058.828	1912	1490	1318	1217	1148	1080	1015	930	764	561	240	0	0	0.000	0.000	0	0	0	0	0	0	0	0	0	0	0	0	0	0.000	0.000	0	0	0	0	0	0	0	0	0	0	0
264	264	1835	1533.758	1285.808	348	574	525	298	50	323	673	552	207	48	311.476	471	402	379	356	333	315	297	273	246	211	143	107.328	119	112	110	109	108	107	106	106	105	104	97	0	0	0.000	0.000	0	0	0	0	0	0	0	0	0	0	0	0	0	0.000	0.000	0	0	0	0	0	0	0	0	0	0	0
265	265	524	1735.382	1277.936	35	118	154	163	46	28	131	170	144	42	355.437	471	428	410	396	378	362	349	326	300	275	158	110.208	120	115	113	112	111	110	109	108	107	106	101	0	0	0.000	0.000	0	0	0	0	0	0	0	0	0	0	0	0	0	0.000	0.000	0	0	0	0	0	0	0	0	0	0	0
266	266	1910	900.355	1299.530	169	299	705	491	207	149	466	876	295	81	933.653	1419	1285	1206	1136	1060	964	881	774	658	527	232	131.626	160	147	143	139	136	132	129	125	120	115	101	0	0	0.000	0.000	0	0	0	0	0	0	0	0	0	0	0	0	0	0.000	0.000	0	0	0	0	0	0	0	0	0	0	0
267	267	2015	1761.536	1311.832	477	494	525	402	73	380	580	600	310	99	272.495	5725	280	242	226	213	203	192	178	164	147	105	386.174	1830	522	465	424	393	371	346	320	291	235	123	1	42	1746.012	1312.936	0	0	0	2511	0	0	0	1018	0	0	0	1	26	1746.280	1313.202	0	0	0	3550	0	0	0	1352	0	0	0
268	268	791	948.438	1316.829	160	180	279	150	12	102	186	318	126	44	136.420	161	148	145	142	140	138	135	133	130	123	106	105.838	115	109	108	107	106	106	105	104	104	103	98	0	0	0.000	0.000	0	0	0	0	0	0	0	0	0	0	0	0	0	0.000	0.000	0	0	0	0	0	0	0	0	0	0	0
269	269	1768	1059.635	1331.473	200	541	566	382	55	146	594	624	307	62	374.441	610	510	479	442	407	374	340	308	281	236	133	107.531	125	114	111	109	107	107	106	105	104	103	99	0	0	0.000	0.000	0	0	0	0	0	0	0	0	0	0	0	0	0	0.000	0.000	0	0	0	0	0	0	0	0	0	0	0
270	270	1110	1485.655	1321.099	146	313	331	241	63	181	414	314	158	23	659.350	1098	951	880	823	763	693	622	546	456	290	119	119.023	145	132	129	126	123	119	116	113	108	105	97	0	0	0.000	0.000	0	0	0	0	0	0	0	0	0	0	0	0	0	0.000	0.000	0	0	0	0	0	0	0	0	0	0	0
271	271	1775	1707.017	1324.777	814	554	274	96	21	945	576	160	62	12	220.966	3627	241	163	149	142	136	129	125	121	116	103	457.789	4125	613	488	447	417	379	337	301	264	211	118	1	72	1711.253	1319.090	0	0	0	1612	0	0	0	1626	0	0	0	1	63	1711.523	1320.217	0	0	0	1591	0	0	0	2150	0	0	0
272	272	2516	269.846	1351.083	1371	654	333	89	39	1356	690	318	92	32	176.016	411	325	267	179	146	138	130	121	113	107	99	122.731	166	139	134	131	127	124	119	114	109	105	96	0	0	0.000	0.000	0	0	0	0	0	0	0	0	0	0	0	0	0	0.000	0.000	0	0	0	0	0	0	0	0	0	0	0
273	273	1739	1532.984	1341.120	125	418	602	466	79	174	538	676	246	70	832.181	1385	1171	1066	989	917	840	764	694	627	497	128	123.929	147	135	132	129	127	125	122	119	116	111	101	0	0	0.000	0.000	0	0	0	0	0	0	0	0	0	0	0	0	0	0.000	0.000	0	0	0	0	0	0	0	0	0	0	0
274	274	1657	1287.254	1342.311	198	328	529	388	162	181	442	639	267	105	321.972	508	430	404	380	356	330	299	272	241	209	115	123.118	151	137	132	129	125	122	119	117	114	111	103	0	0	0.000	0.000	0	0	0	0	0	0	0	0	0	0	0	0	0	0.000	0.000	0	0	0	0	0	0	0	0	0	0	0
275	275	1522	1345.512	1345.688	165	308	541	381	96	134	406	632	236	93	112.863	127	118	117	115	114	113	112	111	109	107	100	106.837	123	111	109	108	107	106	106	105	104	103	99	0	0	0.000	0.000	0	0	0	0	0	0	0	0	0	0	0	0	0	0.000	0.000	0	0	0	0	0	0	0	0	0	0	0
276	276	1661	1634.708	1348.883	180	578	645	222	14	115	554	626	291	41	950.802	9582	1227	1075	975	867	752	672	595	514	442	164	123.222	478	130	123	120	117	115	113	111	109	107	101	1	49	1641.386	1353.482	0	0	0	5037	0	0	0	281	0	0	0	1	60	1640.954	1354.064	0	0	0	4617	0	0	0	281	0	0	0
277	277	1806	872.590	1343.671	177	440	662	433	52	167	526	718	287	68	490.158	10428	608	312	254	226	207	191	176	161	148	120	316.308	3111	421	326	287	259	237	213	192	174	154	114	1	83	873.531	1342.803	0	0	0	4614	0	0	0	1509	0	0	0	1	79	873.824	1342.263	0	0	0	4677	0	0	0	1543	0	0	0
278	278	1961	486.185	1355.283	324	465	639	415	91	371	825	526	190	14	823.455	6209	1091	962	887	811	755	701	645	589	457	156	122.224	459	130	125	122	119	117	116	113	111	108	100	1	37	473.939	1355.983	0	0	0	3589	0	0	0	270	0	0	0	1	45	473.907	1354.725	0	0	0	2374	0	0	0	254	0	0	0
279	279	967	827.784	1351.808	293	375	173	79	31	220	350	219	113	47	119.225	171	138	129	124	119	116	113	110	108	106	100	153.498	292	199	174	162	155	150	143	132	123	115	104	0	0	0.000	0.000	0	0	0	0	0	0	0	0	0	0	0	0	0	0.000	0.000	0	0	0	0	0	0	0	0	0	0	0
280	280	889	1473.309	1364.593	112	210	289	170	88	104	250	365	100	50	110.638	126	116	113	112	112	111	109	109	107	106	99	134.259	164	149	145	142	138	135	132	128	124	118	104	0	0	0.000	0.000	0	0	0	0	0	0	0	0	0	0	0	0	0	0.000	0.000	0	0	0	0	0	0	0	0	0	0	0
281	281	836	913.582	1368.850	134	239	202	168	81	110	285	244	146	42	175.285	223	203	196	191	184	178	170	163	156	142	114	209.225	284	259	251	243	235	223	207	189	166	130	105	0	0	0.000	0.000	0	0	0	0	0	0	0	0	0	0	0	0	0	0.000	0.000	0	0	0	0	0	0	0	0	0	0	0
282	282	2275	326.818	1389.553	301	540	785	508	101	360	839	744	270	23	1916.668	26152	3830	729	406	359	333	306	283	246	197	112	433.803	6158	752	209	151	140	135	130	125	120	114	96	1	262	328.927	1393.718	0	0	0	12593	0	0	0	2262	0	0	0	1	203	328.886	1393.318	0	0	0	17568	0	0	0	2895	0	0	0
283	283	1235	766.907	1381.322	165	404	376	207	51	83	558	326	175	64	192.219	268	232	218	208	200	192	184	176	167	155	117	123.100	147	136	132	129	126	124	121	118	115	109	100	0	0	0.000	0.000	0	0	0	0	0	0	0	0	0	0	0	0	0	0.000	0.000	0	0	0	0	0	0	0	0	0	0	0
284	284	1499	1511.587	1386.511	152	416	511	347	43	134	648	445	209	36	110.818	124	115	114	113	112	111	110	109	108	107	100	133.572	168	149	144	140	137	134	131	128	124	117	99	0	0	0.000	0.000	0	0	0	0	0	0	0	0	0	0	0	0	0	0.000	0.000	0	0	0	0	0	0	0	0	0	0	0
285	285	1519	166.129	1393.517	205	409	436	335	111	203	583	457	201	49	246.787	324	292	283	272	262	254	245	234	215	187	117	263.881	367	320	306	294	282	271	260	249	225	191	126	0	0	0.000	0.000	0	0	0	0	0	0	0	0	0	0	0	0	0	0.000	0.000	0	0	0	0	0	0	0	0	0	0	0
286	286	894	1363.211	1389.477	113	295	289	146	36	131	265	305	122	46	113.982	148	121	117	116	114	113	112	111	110	108	102	106.817	120	112	109	108	107	106	106	105	104	103	96	0	0	0.000	0.000	0	0	0	0	0	0	0	0	0	0	0	0	0	0.000	0.000	0	0	0	0	0	0	0	0	0	0	0
287	287	2291	252.298	1404.800	451	802	627	318	50	413	841	642	295	60	759.113	12353	1128	382	286	256	231	211	198	185	157	118	292.955	2693	425	245	217	197	181	169	161	150	136	110	1	176	253.376	1408.330	0	0	0	6157	0	0	0	1371	0	0	0	1	183	253.681	1408.064	0	0	0	5827	0	0	0	1282	0	0	0
288	288	1846	1298.429	1396.647	83	496	646	468	116	107	588	690	338	83	908.451	17895	1211	510	418	361	331	304	277	246	209	115	172.405	1702	198	145	136	130	126	121	117	113	110	100	1	101	1305.525	1391.237	0	0	0	8022	0	0	0	746	0	0	0	1	96	1305.081	1391.631	0	0	0	8177	0	0	0	781	0	0	0
289	289	1117	850.202	1396.769	93	253	449	246	59	77	492	361	133	23	383.699	606	530	486	446	406	366	337	314	298	273	167	132.179	161	146	142	139	135	132	129	126	123	117	103	0	0	0.000	0.000	0	0	0	0	0	0	0	0	0	0	0	0	0	0.000	0.000	0	0	0	0	0	0	0	0	0	0	0
290	290	2423	1175.342	1404.631	394	723	775	434	48	382	837	704	332	117	594.169	12823	491	317	295	280	268	256	244	225	200	127	187.889	2132	174	151	147	143	140	137	133	129	123	106	1	121	1166.038	1416.935	0	0	0	5498	0	0	0	933	0	0	0	1	106	1166.617	1416.721	0	0	0	6600	0	0	0	1052	0	0	0
291	291	1032	1620.313	1397.229	87	214	364	279	74	69	381	348	159	46	786.654	1145	1060	1004	942	889	827	759	685	586	449	168	117.030	138	127	124	121	119	116	115	113	111	108	99	0	0	0.000	0.000	0	0	0	0	0	0	0	0	0	0	0	0	0	0.000	0.000	0	0	0	0	0	0	0	0	0	0	0
292	292	1739	1114.169	1398.910	226	475	570	356	85	181	734	521	231	45	277.611	424	349	327	311	297	283	265	247	225	196	131	139.507	178	158	152	148	144	140	136	132	127	120	106	0	0	0.000	0.000	0	0	0	0	0	0	0	0	0	0	0	0	0	0.000	0.000	0	0	0	0	0	0	0	0	0	0	0
293	293	1610	705.777	1412.054	102	352	597	415	120	81	527	641	267	61	731.864	1163	979	911	846	790	741	688	625	568	475	195	113.355	130	120	118	116	114	113	112	110	109	107	102	0	0	0.000	0.000	0	0	0	0	0	0	0	0	0	0	0	0	0	0.000	0.000	0	0	0	0	0	0	0	0	0	0	0
294	294	1635	655.476	1413.858	148	503	655	262	34	179	700	493	194	37	1441.448	17497	1843	1235	1114	1015	948	880	807	744	646	255	141.230	804	150	132	127	124	120	118	115	113	110	101	1	74	647.439	1403.367	0	0	0	9313	0	0	0	475	0	0	0	1	89	647.612	1403.227	0	0	0	7619	0	0	0	409	0	0	0
295	295	795	1549.898	1418.190	124	249	242	134	23	111	285	233	115	35	127.453	154	139	136	132	130	128	125	122	119	115	103	178.185	255	220	208	199	190	181	173	163	147	128	103	0	0	0.000	0.000	0	0	0	0	0	0	0	0	0	0	0	0	0	0.000	0.000	0	0	0	0	0	0	0	0	0	0	0
296	296	1653	802.545	1430.543	204	534	597	261	29	150	568	567	274	76	400.177	569	498	472	449	427	407	388	365	334	293	153	133.803	158	146	142	140	137	135	133	130	126	120	104	0	0	0.000	0.000	0	0	0	0	0	0	0	0	0	0	0	0	0	0.000	0.000	0	0	0	0	0	0	0	0	0	0	0
297	297	1676	752.346	1431.853	231	451	531	368	67	220	530	539	305	42	336.956	6746	384	277	237	214	199	190	181	173	161	122	137.862	738	150	138	132	128	125	123	120	117	113	104	1	52	761.483	1429.541	0	0	0	2863	0	0	0	390	0	0	0	1	47	760.818	1428.841	0	0	0	2594	0	0	0	420	0	0	0
298	298	2329	192.803	1432.565	450	923	711	194	14	389	900	702	271	21	3402.141	24695	16542	2927	940	538	387	311	276	239	195	121	1009.498	7612	3662	898	438	326	289	265	246	225	186	129	0	0	0.000	0.000	0	0	0	0	0	0	0	0	0	0	0	1	443	190.134	1431.417	0	0	0	17538	0	0	0	3877	0	0	0
299	299	952	604.015	1428.229	113	304	250	206	59	137	276	267	181	69	335.565	508	430	386	363	348	330	316	301	283	252	180	106.582	123	113	110	108	107	106	105	104	103	102	96	0	0	0.000	0.000	0	0	0	0	0	0	0	0	0	0	0	0	0	0.000	0.000	0	0	0	0	0	0	0	0	0	0	0
300	300	1971	903.197	1439.787	160	544	789	383	48	122	749	738	269	50	698.415	1095	900	823	785	753	715	664	611	563	493	216	107.600	127	114	111	109	108	107	106	105	104	103	98	0	0	0.000	0.000	0	0	0	0	0	0	0	0	0	0	0	0	0	0.000	0.000	0	0	0	0	0	0	0	0	0	0	0
301	301	801	1220.761	1432.512	127	142	235	218	68	126	323	250	74	8	115.184	129	122	120	119	117	116	114	112	110	107	101	176.878	260	229	214	201	188	177	168	156	140	120	106	0	0	0.000	0.000	0	0	0	0	0	0	0	0	0	0	0	0	0	0.000	0.000	0	0	0	0	0	0	0	0	0	0	0
302	302	1124	1827.324	1432.898	451	335	173	114	33	501	366	150	61	25	114.879	136	125	122	119	117	115	113	110	108	105	97	152.276	212	187	179	174	169	161	149	130	115	107	100	0	0	0.000	0.000	0	0	0	0	0	0	0	0	0	0	0	0	0	0.000	0.000	0	0	0	0	0	0	0	0	0	0	0
303	303	761	1454.874	1437.584	73	201	263	150	63	30	322	254	94	46	347.067	464	409	385	371	361	352	342	329	306	279	195	132.967	162	145	142	139	136	133	130	127	124	120	108	0	0	0.000	0.000	0	0	0	0	0	0	0	0	0	0	0	0	0	0.000	0.000	0	0	0	0	0	0	0	0	0	0	0
304	304	2400	1605.229	1445.228	167	598	929	505	158	136	527	1090	461	139	2007.065	25588	4444	890	474	352	299	269	247	221	182	117	714.573	8139	1231	468	387	348	317	292	271	245	199	112	1	280	1604.669	1438.839	0	0	0	13831	0	0	0	3198	0	0	0	1	233	1604.978	1439.368	0	0	0	17252	0	0	0	3871	0	0	0
305	305	1709	849.481	1449.838	131	538	672	284	45	162	708	534	212	66	452.487	666	570	536	504	478	459	437	415	388	320	154	134.053	161	149	144	140	137	134	131	128	125	119	103	0	0	0.000	0.000	0	0	0	0	0	0	0	0	0	0	0	0	0	0.000	0.000	0	0	0	0	0	0	0	0	0	0	0
306	306	2099	458.837	1469.155	364	591	700	333	73	367	708	744	213	36	112.655	126	118	117	115	114	113	112	110	109	107	97	184.523	250	219	210	203	197	189	182	174	162	138	107	0	0	0.000	0.000	0	0	0	0	0	0	0	0	0	0	0	0	0	0.000	0.000	0	0	0	0	0	0	0	0	0	0	0
307	307	1521	1553.853	1466.821	165	496	555	217	60	197	700	446	132	20	995.682	15015	956	769	681	622	584	547	519	489	455	234	139.129	919	143	127	123	120	118	116	114	112	110	102	1	82	1540.136	1466.369	0	0	0	7852	0	0	0	465	0	0	0	1	76	1540.356	1466.174	0	0	0	8377	0	0	0	474	0	0	0
308	308	1585	1181.559	1469.103	276	482	527	251	26	199	554	527	227	39	120.666	141	128	126	124	123	121	119	118	115	112	103	155.586	204	175	170	165	162	159	155	149	141	130	109	0	0	0.000	0.000	0	0	0	0	0	0	0	0	0	0	0	0	0	0.000	0.000	0	0	0	0	0	0	0	0	0	0	0
309	309	2192	628.879	1477.758	530	836	577	196	21	402	888	558	251	50	1810.043	20704	3080	1110	872	739	670	636	591	484	337	141	367.980	4764	585	223	173	155	146	140	135	127	117	103	1	227	629.902	1473.526	0	0	0	10080	0	0	0	1864	0	0	0	1	190	629.608	1473.245	0	0	0	12954	0	0	0	2184	0	0	0
310	310	2348	783.029	1491.297	497	914	630	229	35	417	1089	580	189	28	2313.570	3825	3401	3124	2812	2517	2318	2132	1923	1657	1218	315	145.046	184	168	162	156	150	146	142	137	130	120	100	0	0	0.000	0.000	0	0	0	0	0	0	0	0	0	0	0	0	0	0.000	0.000	0	0	0	0	0	0	0	0	0	0	0
311	311	1048	725.760	1490.183	176	305	274	199	71	166	401	283	125	55	333.188	551	456	391	362	343	327	312	294	273	233	125	109.588	122	115	113	112	110	109	108	107	106	105	99	0	0	0.000	0.000	0	0	0	0	0	0	0	0	0	0	0	0	0	0.000	0.000	0	0	0	0	0	0	0	0	0	0	0
312	312	1906	680.320	1502.157	204	384	684	469	126	245	563	636	381	53	728.154	1098	971	932	890	838	781	703	628	534	402	155	143.707	188	166	160	155	151	146	141	135	127	115	100	0	0	0.000	0.000	0	0	0	0	0	0	0	0	0	0	0	0	0	0.000	0.000	0	0	0	0	0	0	0	0	0	0	0
313	313	1521	1126.575	1501.218	330	366	392	300	105	331	581	350	197	42	116.297	132	123	121	119	118	117	115	114	112	109	99	176.101	251	219	204	194	186	179	170	160	146	129	107	0	0	0.000	0.000	0	0	0	0	0	0	0	0	0	0	0	0	0	0.000	0.000	0	0	0	0	0	0	0	0	0	0	0
314	314	1588	1600.733	1505.121	285	355	559	325	41	287	576	465	208	24	257.977	360	327	315	304	290	271	248	227	199	163	111	310.030	473	418	398	379	351	322	292	261	224	173	108	0	0	0.000	0.000	0	0	0	0	0	0	0	0	0	0	0	0	0	0.000	0.000	0	0	0	0	0	0	0	0	0	0	0
315	315	1553	124.847	1504.423	179	405	490	352	97	126	477	506	341	68	209.076	285	248	236	228	220	213	206	196	185	164	111	123.932	149	134	131	128	125	124	122	120	117	114	103	0	0	0.000	0.000	0	0	0	0	0	0	0	0	0	0	0	0	0	0.000	0.000	0	0	0	0	0	0	0	0	0	0	0
316	316	651	1258.929	1499.576	101	209	208	103	23	109	213	218	76	24	114.413	128	120	118	116	115	115	114	112	111	109	99	138.409	177	156	150	146	142	138	134	130	126	121	108	0	0	0.000	0.000	0	0	0	0	0	0	0	0	0	0	0	0	0	0.000	0.000	0	0	0	0	0	0	0	0	0	0	0
317	317	1819	1172.407	1525.486	262	378	585	367	191	238	505	677	246	110	119.071	138	127	125	123	121	119	117	115	113	110	99	204.968	286	259	247	234	220	207	195	180	164	146	108	0	0	0.000	0.000	0	0	0	0	0	0	0	0	0	0	0	0	0	0.000	0.000	0	0	0	0	0	0	0	0	0	0	0
318	318	2373	831.489	1526.868	383	606	704	480	153	405	866	666	354	47	3832.562	25973	6032	3433	3086	2822	2627	2452	2248	1866	1264	392	260.473	2585	364	189	167	158	153	148	141	132	119	102	1	215	832.796	1519.954	0	0	0	17830	0	0	0	1205	0	0	0	1	200	832.631	1519.702	0	0	0	18501	0	0	0	1250	0	0	0
319	319	1317	1283.453	1530.881	210	368	396	262	61	165	520	375	169	51	115.117	132	121	119	118	117	115	114	113	111	109	100	137.576	179	156	149	144	140	137	133	130	126	121	105	0	0	0.000	0.000	0	0	0	0	0	0	0	0	0	0	0	0	0	0.000	0.000	0	0	0	0	0	0	0	0	0	0	0
320	320	1666	479.482	1542.651	168	508	623	310	29	152	508	666	258	42	110.200	121	115	113	112	111	110	109	108	107	105	101	227.215	319	275	257	243	233	225	218	210	203	187	118	0	0	0.000	0.000	0	0	0	0	0	0	0	0	0	0	0	0	0	0.000	0.000	0	0	0	0	0	0	0	0	0	0	0
321	321	1175	910.186	1543.567	157	311	352	249	82	183	454	326	156	31	759.069	1187	1061	992	933	879	813	738	653	535	341	162	109.477	135	119	114	111	109	108	107	105	104	103	96	0	0	0.000	0.000	0	0	0	0	0	0	0	0	0	0	0	0	0	0.000	0.000	0	0	0	0	0	0	0	0	0	0	0
322	322	1342	643.597	1548.076	485	532	214	72	20	494	585	189	40	12	132.540	192	159	146	138	133	129	125	122	117	113	102	136.609	223	172	153	142	135	131	126	122	118	113	100	0	0	0.000	0.000	0	0	0	0	0	0	0	0	0	0	0	0	0	0.000	0.000	0	0	0	0	0	0	0	0	0	0	0
323	323	694	366.335	1541.182	113	210	181	110	68	109	195	180	125	73	505.117	721	627	585	553	524	507	491	472	443	377	214	109.700	121	114	113	112	111	109	109	108	107	105	98	0	0	0.000	0.000	0	0	0	0	0	0	0	0	0	0	0	0	0	0.000	0.000	0	0	0	0	0	0	0	0	0	0	0
324	324	1358	1241.400	1547.035	373	335	301	275	56	328	387	351	213	48	118.501	138	126	123	121	120	119	117	115	114	111	101	138.795	177	156	151	146	142	139	136	133	127	121	105	0	0	0.000	0.000	0	0	0	0	0	0	0	0	0	0	0	0	0	0.000	0.000	0	0	0	0	0	0	0	0	0	0	0
325	325	2900	332.204	1580.211	588	1041	908	274	41	508	1101	906	300	44	1220.429	18878	1581	1058	835	724	666	615	567	501	414	145	134.612	849	140	124	120	117	115	113	111	109	107	101	1	133	320.443	1582.810	0	0	0	9450	0	0	0	450	0	0	0	1	140	320.028	1583.340	0	0	0	9142	0	0	0	444	0	0	0
326	326	1854	860.963	1581.536	254	555	584	343	83	281	618	589	252	86	379.104	563	472	438	417	398	383	367	347	318	282	186	132.760	160	145	141	138	136	134	130	128	124	119	105	0	0	0.000	0.000	0	0	0	0	0	0	0	0	0	0	0	0	0	0.000	0.000	0	0	0	0	0	0	0	0	0	0	0
327	327	2231	441.167	1579.772	441	677	628	360	85	391	682	682	341	95	110.380	126	116	114	113	112	110	109	108	107	105	99	218.811	313	269	256	246	235	224	214	202	184	151	111	0	0	0.000	0.000	0	0	0	0	0	0	0	0	0	0	0	0	0	0.000	0.000	0	0	0	0	0	0	0	0	0	0	0
328	328	1284	677.321	1579.220	83	364	424	290	99	37	461	545	167	51	204.997	290	246	230	219	212	205	199	190	179	162	131	148.772	186	169	162	157	152	148	145	141	136	129	111	0	0	0.000	0.000	0	0	0	0	0	0	0	0	0	0	0	0	0	0.000	0.000	0	0	0	0	0	0	0	0	0	0	0
329	329	1859	1155.506	1585.271	283	541	655	312	38	225	780	547	226	49	118.362	137	125	123	121	120	118	117	115	114	112	102	140.450	175	155	151	147	144	141	139	134	130	124	107	0	0	0.000	0.000	0	0	0	0	0	0	0	0	0	0	0	0	0	0.000	0.000	0	0	0	0	0	0	0	0	0	0	0
330	330	510	1113.529	1580.805	96	124	112	108	63	105	123	158	95	20	109.820	121	115	113	112	111	110	109	108	107	105	102	132.455	157	146	142	139	137	135	131	127	122	116	105	0	0	0.000	0.000	0	0	0	0	0	0	0	0	0	0	0	0	0	0.000	0.000	0	0	0	0	0	0	0	0	0	0	0
331	331	837	1222.655	1608.293	304	282	128	86	27	245	235	190	100	51	899.174	1468	1214	1137	1077	999	932	881	830	707	462	140	121.914	161	135	128	125	123	121	119	117	114	110	98	0	0	0.000	0.000	0	0	0	0	0	0	0	0	0	0	0	0	0	0.000	0.000	0	0	0	0	0	0	0	0	0	0	0
332	332	1677	654.641	1621.516	254	549	554	232	53	188	571	597	219	66	272.859	4804	279	231	216	203	194	186	178	168	155	121	146.200	571	159	151	147	144	140	136	133	128	122	108	1	48	655.180	1622.121	0	0	0	2063	0	0	0	259	0	0	0	1	45	656.155	1622.954	0	0	0	1546	0	0	0	345	0	0	0
333	333	737	924.252	1613.690	128	182	187	155	64	170	264	173	102	20	628.851	1100	838	766	718	676	632	598	563	498	383	220	106.707	120	111	109	108	107	106	106	105	104	103	98	0	0	0.000	0.000	0	0	0	0	0	0	0	0	0	0	0	0	0	0.000	0.000	0	0	0	0	0	0	0	0	0	0	0
334	334	1175	874.158	1630.460	138	306	373	265	64	101	360	426	207	50	344.077	500	440	417	391	368	350	330	306	278	237	151	130.704	160	147	142	138	134	130	126	124	120	115	102	0	0	0.000	0.000	0	0	0	0	0	0	0	0	0	0	0	0	0	0.000	0.000	0	0	0	0	0	0	0	0	0	0	0
335	335	862	748.169	1635.347	70	225	310	188	52	87	287	336	122	17	133.269	529	163	140	129	124	120	118	115	113	111	104	242.341	320	287	278	269	259	251	240	224	206	185	124	0	0	0.000	0.000	0	0	0	0	0	0	0	0	0	0	0	0	0	0.000	0.000	0	0	0	0	0	0	0	0	0	0	0
336	336	1208	1846.498	1645.056	225	330	370	220	46	187	321	407	198	74	217.050	303	268	256	246	234	223	209	194	176	154	118	149.788	203	177	169	161	155	149	144	138	131	123	106	0	0	0.000	0.000	0	0	0	0	0	0	0	0	0	0	0	0	0	0.000	0.000	0	0	0	0	0	0	0	0	0	0	0
337	337	2087	947.128	1650.733	468	648	626	250	60	389	704	653	250	49	1444.078	3200	2565	2239	1955	1674	1347	1055	809	633	492	242	109.882	134	116	113	112	111	110	108	107	106	105	98	0	0	0.000	0.000	0	0	0	0	0	0	0	0	0	0	0	0	0	0.000	0.000	0	0	0	0	0	0	0	0	0	0	0
338	338	1879	105.037	1656.564	976	744	75	32	24	1067	684	56	23	27	930.522	16672	1403	454	280	226	204	192	181	165	145	110	415.360	4696	622	332	287	264	246	226	210	192	161	110	1	141	111.259	1658.457	0	0	0	7220	0	0	0	1978	0	0	0	1	122	111.072	1657.910	0	0	0	9242	0	0	0	2366	0	0	0
339	339	1885	1894.118	1665.558	218	521	631	382	98	133	517	608	452	140	1117.701	18470	1862	460	304	280	265	249	231	205	179	118	217.547	1752	279	178	167	162	157	152	143	135	127	106	1	157	1890.862	1674.654	0	0	0	8852	0	0	0	791	0	0	0	1	128	1891.027	1674.255	0	0	0	10759	0	0	0	926	0	0	0
340	340	4988	1471.651	1696.555	68	1034	2307	1372	73	145	951	1879	1690	202	107.875	128	114	112	110	108	107	106	105	104	103	96	104.920	120	108	107	106	105	105	104	104	103	102	96	0	0	0.000	0.000	0	0	0	0	0	0	0	0	0	0	0	0	0	0.000	0.000	0	0	0	0	0	0	0	0	0	0	0
341	341	1742	789.934	1677.325	291	577	499	300	45	260	724	403	277	42	1230.394	17222	1735	772	631	581	536	496	456	408	316	176	182.951	1786	223	141	131	125	122	119	116	113	110	98	1	131	780.954	1680.639	0	0	0	8329	0	0	0	732	0	0	0	1	106	780.839	1680.400	0	0	0	10492	0	0	0	900	0	0	0
342	342	2450	184.662	1686.026	974	840	505	67	23	815	971	489	103	30	110.334	123	116	114	113	111	110	109	108	107	105	99	157.506	211	187	179	174	168	161	153	143	134	122	104	0	0	0.000	0.000	0	0	0	0	0	0	0	0	0	0	0	0	0	0.000	0.000	0	0	0	0	0	0	0	0	0	0	0
343	343	2369	1174.110	1684.375	394	428	758	578	162	372	764	831	331	20	1282.343	16978	1495	1097	1005	920	837	773	720	677	539	247	141.648	728	147	137	133	129	126	123	121	118	115	105	1	98	1174.555	1699.942	0	0	0	9503	0	0	0	426	0	0	0	1	94	1174.995	1699.461	0	0	0	9655	0	0	0	429	0	0	0
344	344	2112	1863.705	1703.956	317	601	679	393	72	360	794	630	258	29	567.788	7055	759	621	525	478	448	419	383	336	280	117	158.153	949	180	162	153	147	143	139	134	129	122	102	1	49	1867.403	1708.132	0	0	0	3675	0	0	0	535	0	0	0	1	54	1867.424	1707.472	0	0	0	3530	0	0	0	535	0	0	0
345	345	1747	1126.074	1716.399	230	521	650	249	60	178	665	644	178	53	603.911	10539	805	394	311	278	254	235	221	208	188	120	331.835	990	464	405	374	343	310	285	265	242	202	111	1	96	1129.734	1717.235	0	0	0	5058	0	0	0	642	0	0	0	1	38	1130.468	1715.601	0	0	0	7423	0	0	0	870	0	0	0
346	346	1164	815.762	1719.515	131	322	344	268	65	82	488	346	175	55	461.718	725	618	569	533	491	454	428	400	364	307	198	119.827	143	129	126	123	122	120	118	116	114	111	102	0	0	0.000	0.000	0	0	0	0	0	0	0	0	0	0	0	0	0	0.000	0.000	0	0	0	0	0	0	0	0	0	0	0
347	347	2581	1353.849	1729.725	1236	547	484	227	47	1085	609	559	238	50	195.149	442	283	248	217	193	177	165	157	146	132	113	126.432	163	144	137	132	128	125	122	119	115	112	102	1	57	1338.782	1732.567	0	0	0	366	0	0	0	148	0	0	0	0	0	0.000	0.000	0	0	0	0	0	0	0	0	0	0	0
348	348	1747	884.292	1731.933	320	483	612	272	22	255	599	583	223	37	620.235	10447	840	354	292	277	264	254	241	225	200	108	190.070	1358	220	172	163	155	150	145	141	137	129	101	1	102	893.630	1734.341	0	0	0	5110	0	0	0	731	0	0	0	1	93	893.771	1734.086	0	0	0	5263	0	0	0	758	0	0	0
349	349	1456	767.639	1729.932	173	285	462	412	91	136	393	560	298	38	419.285	4318	498	428	392	369	347	325	304	283	253	170	115.839	296	123	118	115	114	112	111	110	109	107	102	1	37	763.889	1726.777	0	0	0	2221	0	0	0	183	0	0	0	1	36	764.725	1726.077	0	0	0	2049	0	0	0	207	0	0	0
350	350	1481	1906.313	1737.705	308	326	370	348	107	251	356	373	382	100	377.023	533	471	448	425	404	385	365	341	312	276	148	135.233	163	151	147	144	140	136	133	129	124	118	101	0	0	0.000	0.000	0	0	0	0	0	0	0	0	0	0	0	0	0	0.000	0.000	0	0	0	0	0	0	0	0	0	0	0
351	351	1000	975.824	1760.295	132	258	304	221	68	92	410	306	135	39	762.989	1167	1038	975	887	825	787	734	663	573	455	246	109.527	124	115	113	111	110	109	108	107	106	105	98	0	0	0.000	0.000	0	0	0	0	0	0	0	0	0	0	0	0	0	0.000	0.000	0	0	0	0	0	0	0	0	0	0	0
352	352	1867	1240.912	1775.463	124	454	602	509	142	171	593	601	371	101	352.389	5666	362	313	292	280	270	259	246	232	211	163	148.484	554	158	152	149	146	143	140	137	134	128	112	1	46	1235.401	1773.132	0	0	0	2638	0	0	0	298	0	0	0	1	36	1236.384	1773.387	0	0	0	2924	0	0	0	383	0	0	0
353	353	1210	845.467	1775.027	166	291	380	294	60	144	392	359	218	70	373.372	570	489	453	429	408	392	372	336	292	230	134	165.876	230	203	195	186	179	170	160	150	136	118	103	0	0	0.000	0.000	0	0	0	0	0	0	0	0	0	0	0	0	0	0.000	0.000	0	0	0	0	0	0	0	0	0	0	0
354	354	1626	903.679	1789.629	265	439	534	291	67	184	427	644	254	82	4198.847	28962	20216	4609	1692	903	559	433	376	336	289	131	1083.298	9613	4043	964	424	268	197	175	164	155	136	104	0	0	0.000	0.000	0	0	0	0	0	0	0	0	0	0	0	1	290	902.919	1791.529	0	0	0	21877	0	0	0	4548	0	0	0
355	355	1685	255.402	1807.299	254	573	490	267	71	246	707	486	187	24	404.983	628	515	474	452	430	410	387	356	327	293	193	108.872	125	115	112	110	109	108	107	106	105	104	98	0	0	0.000	0.000	0	0	0	0	0	0	0	0	0	0	0	0	0	0.000	0.000	0	0	0	0	0	0	0	0	0	0	0
356	356	1150	704.767	1820.521	104	221	378	269	155	117	332	419	191	63	611.790	1007	862	765	702	653	625	587	521	456	375	140	136.877	170	155	149	144	140	136	133	129	125	120	106	0	0	0.000	0.000	0	0	0	0	0	0	0	0	0	0	0	0	0	0.000	0.000	0	0	0	0	0	0	0	0	0	0	0
357	357	553	413.705	1816.852	140	128	113	126	39	114	138	134	127	29	278.962	415	359	326	304	286	275	264	251	237	206	154	112.937	129	120	117	115	114	113	111	110	109	107	102	0	0	0.000	0.000	0	0	0	0	0	0	0	0	0	0	0	0	0	0.000	0.000	0	0	0	0	0	0	0	0	0	0	0
358	358	2199	1344.561	1826.493	685	795	536	121	19	694	1031	363	54	17	175.700	3422	174	164	158	154	151	147	143	137	129	108	192.070	937	229	213	203	196	190	183	173	158	141	110	1	30	1341.271	1809.455	0	0	0	1310	0	0	0	500	0	0	0	1	24	1341.753	1808.855	0	0	0	1131	0	0	0	607	0	0	0
359	359	1755	1461.069	1828.219	274	456	488	425	82	220	459	468	460	113	338.536	476	419	402	384	369	350	329	307	284	243	121	144.754	180	162	157	154	150	146	142	138	133	125	105	0	0	0.000	0.000	0	0	0	0	0	0	0	0	0	0	0	0	0	0.000	0.000	0	0	0	0	0	0	0	0	0	0	0
360	360	1329	1232.023	1832.387	163	363	424	300	51	101	491	478	194	39	248.789	343	298	285	275	264	251	239	229	216	190	136	133.233	164	146	143	139	136	133	130	128	124	120	110	0	0	0.000	0.000	0	0	0	0	0	0	0	0	0	0	0	0	0	0.000	0.000	0	0	0	0	0	0	0	0	0	0	0
361	361	802	1027.380	1832.115	123	231	233	160	33	124	243	220	166	32	111.914	122	116	115	114	113	112	111	110	109	107	102	209.946	277	245	234	227	221	215	206	195	185	169	125	0	0	0.000	0.000	0	0	0	0	0	0	0	0	0	0	0	0	0	0.000	0.000	0	0	0	0	0	0	0	0	0	0	0
362	362	2177	1408.415	1845.085	281	541	716	508	100	257	641	786	345	108	418.938	5772	475	376	349	332	317	298	278	245	204	114	163.686	1038	177	163	157	153	149	144	139	131	124	109	1	71	1408.185	1841.015	0	0	0	2790	0	0	0	519	0	0	0	1	61	1408.615	1839.757	0	0	0	2555	0	0	0	590	0	0	0
363	363	1898	981.684	1846.482	201	556	616	381	99	252	787	550	245	31	116.168	135	122	120	119	118	116	115	114	112	110	96	256.278	391	328	307	286	269	253	238	226	215	197	115	0	0	0.000	0.000	0	0	0	0	0	0	0	0	0	0	0	0	0	0.000	0.000	0	0	0	0	0	0	0	0	0	0	0
364	364	682	1163.039	1841.621	389	125	87	63	9	276	112	151	108	26	159.494	207	189	183	175	169	161	153	145	136	128	111	248.526	357	329	310	295	278	259	234	213	183	153	116	0	0	0.000	0.000	0	0	0	0	0	0	0	0	0	0	0	0	0	0.000	0.000	0	0	0	0	0	0	0	0	0	0	0
365	365	1773	815.952	1862.186	133	554	544	358	147	148	533	594	333	114	127.642	156	140	135	132	130	128	125	123	120	116	103	147.569	189	170	161	155	151	147	143	139	134	128	106	0	0	0.000	0.000	0	0	0	0	0	0	0	0	0	0	0	0	0	0.000	0.000	0	0	0	0	0	0	0	0	0	0	0
366	366	1855	699.354	1872.786	270	587	619	325	24	267	855	574	116	7	957.557	1576	1353	1239	1133	1042	950	852	766	696	597	236	153.474	214	182	173	166	159	152	146	141	135	127	107	0	0	0.000	0.000	0	0	0	0	0	0	0	0	0	0	0	0	0	0.000	0.000	0	0	0	0	0	0	0	0	0	0	0
367	367	1085	1047.563	1878.305	172	356	306	194	42	127	395	346	157	40	285.053	446	373	346	325	306	286	263	243	220	201	151	138.330	171	157	151	146	142	138	134	130	126	122	109	0	0	0.000	0.000	0	0	0	0	0	0	0	0	0	0	0	0	0	0.000	0.000	0	0	0	0	0	0	0	0	0	0	0
368	368	626	1810.605	1875.768	91	115	201	166	39	84	147	225	108	54	632.895	925	835	768	728	690	656	616	558	494	405	225	115.248	130	123	120	119	117	115	114	112	110	108	101	0	0	0.000	0.000	0	0	0	0	0	0	0	0	0	0	0	0	0	0.000	0.000	0	0	0	0	0	0	0	0	0	0	0
369	369	922	332.492	1893.859	309	287	242	50	19	267	271	204	137	26	108.613	124	117	113	111	109	107	106	105	104	102	94	302.805	496	432	391	356	326	304	282	253	212	172	130	0	0	0.000	0.000	0	0	0	0	0	0	0	0	0	0	0	0	0	0.000	0.000	0	0	0	0	0	0	0	0	0	0	0
370	370	2294	845.987	1904.190	2091	110	34	25	17	1951	240	50	22	13	290.523	8044	280	184	174	167	161	153	142	129	116	99	198.201	1994	212	197	190	183	176	166	152	135	120	101	1	64	842.136	1890.056	0	0	0	3308	0	0	0	958	0	0	0	1	56	842.430	1890.018	0	0	0	4140	0	0	0	1091	0	0	0
371	371	935	1880.331	1895.858	148	253	277	194	46	162	349	287	105	19	871.813	1321	1129	1076	1035	993	940	874	790	652	467	269	127.465	148	139	136	133	131	129	127	123	118	113	103	0	0	0.000	0.000	0	0	0	0	0	0	0	0	0	0	0	0	0	0.000	0.000	0	0	0	0	0	0	0	0	0	0	0
372	372	1501	1649.842	1903.215	324	583	403	138	25	290	602	430	128	26	301.620	3352	328	276	262	254	246	237	229	217	202	156	140.179	422	151	146	142	138	135	132	130	127	123	110	1	42	1632.827	1891.797	0	0	0	1652	0	0	0	200	0	0	0	1	39	1634.632	1892.248	0	0	0	1020	0	0	0	290	0	0	0
373	373	1834	1788.061	1913.757	390	410	516	444	48	295	460	575	371	104	782.609	1348	1096	1009	931	858	776	706	642	570	459	227	116.028	134	125	122	120	118	116	114	113	110	107	99	0	0	0.000	0.000	0	0	0	0	0	0	0	0	0	0	0	0	0	0.000	0.000	0	0	0	0	0	0	0	0	0	0	0
374	374	2105	603.785	1918.092	477	943	606	27	10	302	888	613	241	11	119.844	140	129	126	124	122	121	119	116	114	109	97	103.852	114	107	106	105	104	104	103	103	102	101	94	0	0	0.000	0.000	0	0	0	0	0	0	0	0	0	0	0	0	0	0.000	0.000	0	0	0	0	0	0	0	0	0	0	0
375	375	677	1604.394	1908.190	80	232	218	106	30	64	255	235	94	21	235.938	306	282	266	255	248	241	232	220	205	183	134	134.390	165	149	144	141	139	136	132	128	124	118	100	0	0	0.000	0.000	0	0	0	0	0	0	0	0	0	0	0	0	0	0.000	0.000	0	0	0	0	0	0	0	0	0	0	0
376	376	1746	1063.692	1924.951	371	589	533	186	22	302	699	472	202	34	310.754	495	417	374	344	322	304	288	270	247	224	122	141.403	178	158	152	148	144	141	139	136	131	125	103	0	0	0.000	0.000	0	0	0	0	0	0	0	0	0	0	0	0	0	0.000	0.000	0	0	0	0	0	0	0	0	0	0	0
377	377	1731	409.029	1940.868	288	613	485	277	23	312	750	441	187	12	527.062	10742	679	347	289	267	248	229	211	192	170	121	152.005	969	175	148	141	136	130	125	119	113	107	98	1	75	412.381	1934.172	0	0	0	4832	0	0	0	232	0	0	0	1	72	414.572	1932.517	0	0	0	1167	0	0	0	541	0	0	0
378	378	1530	1618.512	1949.716	191	459	472	342	32	211	566	453	241	33	1168.082	17418	2090	674	398	324	285	261	246	231	216	140	284.034	3507	428	206	163	150	142	135	129	125	121	104	1	137	1613.109	1951.477	0	0	0	7669	0	0	0	1342	0	0	0	1	113	1612.552	1950.809	0	0	0	8358	0	0	0	1558	0	0	0
379	379	1551	634.880	1965.783	261	404	435	348	74	171	411	493	373	71	119.908	139	128	126	124	122	120	119	117	114	110	94	103.041	113	106	105	104	104	103	102	102	101	100	96	0	0	0.000	0.000	0	0	0	0	0	0	0	0	0	0	0	0	0	0.000	0.000	0	0	0	0	0	0	0	0	0	0	0
380	380	1768	1580.069	1970.881	219	666	649	185	16	136	713	688	178	16	130.962	170	146	140	136	133	130	128	125	122	118	104	106.487	123	111	109	108	107	106	106	105	104	103	97	0	0	0.000	0.000	0	0	0	0	0	0	0	0	0	0	0	0	0	0.000	0.000	0	0	0	0	0	0	0	0	0	0	0
381	381	652	1269.691	1970.006	224	252	125	29	14	108	223	198	75	32	133.308	170	153	148	144	140	136	128	122	116	112	103	504.437	865	772	727	666	612	553	451	340	258	193	135	0	0	0.000	0.000	0	0	0	0	0	0	0	0	0	0	0	0	0	0.000	0.000	0	0	0	0	0	0	0	0	0	0	0
382	382	1222	438.680	1979.714	154	375	335	279	52	203	522	303	161	10	230.843	331	295	276	262	249	237	223	208	186	156	110	131.828	168	151	146	141	137	132	128	123	118	111	100	0	0	0.000	0.000	0	0	0	0	0	0	0	0	0	0	0	0	0	0.000	0.000	0	0	0	0	0	0	0	0	0	0	0
383	383	809	1394.961	1983.878	181	260	188	136	31	127	277	243	114	36	114.051	130	121	119	117	116	114	113	111	109	106	99	237.135	346	309	299	286	267	248	233	208	166	136	106	0	0	0.000	0.000	0	0	0	0	0	0	0	0	0	0	0	0	0	0.000	0.000	0	0	0	0	0	0	0	0	0	0	0
