 	cell	area	x	y	BFI_lev_b1	BFI_lev_b2	BFI_lev_b3	BFI_lev_b4	BFI_lev_b5	BFO_lev_b1	BFO_lev_b2	BFO_lev_b3	BFO_lev_b4	BFO_lev_b5	GFP_int_mean	GFP_int_b0	GFP_int_b1	GFP_int_b2	GFP_int_b3	GFP_int_b4	GFP_int_b5	GFP_int_b6	GFP_int_b7	GFP_int_b8	GFP_int_b9	GFP_int_b10	RFP_int_mean	RFP_int_b0	RFP_int_b1	RFP_int_b2	RFP_int_b3	RFP_int_b4	RFP_int_b5	RFP_int_b6	RFP_int_b7	RFP_int_b8	RFP_int_b9	RFP_int_b10	inGFPnfoci	f1_inGFParea	f1_inGFPx	f1_inGFPy	f2_inGFParea	f2_inGFPx	f2_inGFPy	f1_inGFP_toGFPmed	f1_inGFP_toGFPmean	f2_inGFP_toGFPmed	f2_inGFP_toGFPmean	f1_inGFP_toRFPmed	f1_inGFP_toRFPmean	f2_inGFP_toRFPmed	f2_inGFP_toRFPmean	inRFPnfoci	f1_inRFParea	f1_inRFPx	f1_inRFPy	f2_inRFParea	f2_inRFPx	f2_inRFPy	f1_inRFP_toGFPmed	f1_inRFP_toGFPmean	f2_inRFP_toGFPmed	f2_inRFP_toGFPmean	f1_inRFP_toRFPmed	f1_inRFP_toRFPmean	f2_inRFP_toRFPmed	f2_inRFP_toRFPmean
1	1	1450	1455.925	73.050	257	420	443	263	36	148	329	604	223	121	585.890	852	785	749	705	654	623	583	518	436	302	140	126.546	155	142	138	134	131	128	124	120	115	109	98	0	0	0.000	0.000	0	0	0	0	0	0	0	0	0	0	0	0	0	0.000	0.000	0	0	0	0	0	0	0	0	0	0	0
2	2	1178	461.237	73.270	263	293	311	255	41	175	329	408	186	59	770.737	1340	1139	1041	957	885	809	725	637	522	296	132	120.783	155	134	130	128	125	123	119	116	109	104	95	0	0	0.000	0.000	0	0	0	0	0	0	0	0	0	0	0	0	0	0.000	0.000	0	0	0	0	0	0	0	0	0	0	0
3	3	961	1073.692	76.935	304	225	252	138	24	260	335	246	100	8	114.127	128	120	118	117	116	115	113	112	110	108	99	307.493	432	386	371	358	343	328	305	284	251	187	107	0	0	0.000	0.000	0	0	0	0	0	0	0	0	0	0	0	0	0	0.000	0.000	0	0	0	0	0	0	0	0	0	0	0
4	4	1779	964.608	87.293	445	734	464	99	16	586	894	238	16	9	494.504	2512	673	610	566	524	484	442	394	334	242	127	161.727	665	187	175	169	162	156	150	143	136	125	102	1	20	956.395	86.798	0	0	0	1944	0	0	0	426	0	0	0	1	33	957.384	86.535	0	0	0	1490	0	0	0	411	0	0	0
5	5	1508	1507.266	86.894	174	462	593	227	25	139	580	525	190	47	457.811	871	631	581	532	483	446	415	388	348	295	162	121.074	174	134	130	127	123	120	117	115	112	109	99	0	0	0.000	0.000	0	0	0	0	0	0	0	0	0	0	0	0	0	0.000	0.000	0	0	0	0	0	0	0	0	0	0	0
6	6	1628	822.379	96.008	360	514	475	205	41	273	615	466	202	40	612.348	11448	850	341	261	232	213	198	181	167	145	107	186.992	1079	227	185	175	166	158	152	146	137	125	104	1	95	823.648	94.195	0	0	0	5465	0	0	0	586	0	0	0	1	84	823.056	93.616	0	0	0	4956	0	0	0	605	0	0	0
7	7	1733	1251.688	104.229	478	554	346	263	58	440	611	405	203	42	119.908	138	129	127	124	122	121	119	116	113	110	97	267.661	436	380	349	319	296	272	244	213	183	153	115	0	0	0.000	0.000	0	0	0	0	0	0	0	0	0	0	0	0	0	0.000	0.000	0	0	0	0	0	0	0	0	0	0	0
8	8	1333	1560.402	105.288	187	479	437	176	34	182	553	396	146	23	435.674	687	563	525	496	473	450	417	384	340	284	148	123.212	152	136	132	128	125	123	120	118	115	111	101	0	0	0.000	0.000	0	0	0	0	0	0	0	0	0	0	0	0	0	0.000	0.000	0	0	0	0	0	0	0	0	0	0	0
9	9	1843	667.643	113.520	320	634	629	197	27	178	482	699	327	127	334.753	579	469	408	381	360	341	322	296	262	186	106	107.332	129	116	112	109	107	106	105	104	103	102	96	0	0	0.000	0.000	0	0	0	0	0	0	0	0	0	0	0	0	0	0.000	0.000	0	0	0	0	0	0	0	0	0	0	0
10	10	1340	1157.726	111.573	393	337	338	213	40	319	406	332	210	49	117.830	142	128	124	121	119	117	115	114	112	109	101	108.304	121	113	111	110	109	108	107	106	105	104	97	0	0	0.000	0.000	0	0	0	0	0	0	0	0	0	0	0	0	0	0.000	0.000	0	0	0	0	0	0	0	0	0	0	0
11	11	1009	1105.022	108.220	335	274	273	99	10	193	200	306	230	60	124.196	155	138	133	130	127	124	121	118	115	110	103	258.076	395	345	318	300	279	265	249	233	194	153	111	0	0	0.000	0.000	0	0	0	0	0	0	0	0	0	0	0	0	0	0.000	0.000	0	0	0	0	0	0	0	0	0	0	0
12	12	1527	208.874	114.410	635	381	332	143	22	414	367	472	222	30	112.261	131	122	119	117	115	112	110	107	105	103	97	222.725	340	297	279	267	252	238	213	184	157	126	101	0	0	0.000	0.000	0	0	0	0	0	0	0	0	0	0	0	0	0	0.000	0.000	0	0	0	0	0	0	0	0	0	0	0
13	13	1994	290.514	116.572	661	836	399	59	14	428	870	496	133	28	116.590	136	125	122	121	119	117	115	113	110	107	99	146.731	186	169	164	160	156	150	145	137	129	118	100	0	0	0.000	0.000	0	0	0	0	0	0	0	0	0	0	0	0	0	0.000	0.000	0	0	0	0	0	0	0	0	0	0	0
14	14	1528	922.269	121.768	440	451	332	261	19	332	349	441	312	67	473.770	718	641	599	570	539	493	440	392	347	290	141	152.520	203	180	173	167	160	154	146	139	132	124	102	0	0	0.000	0.000	0	0	0	0	0	0	0	0	0	0	0	0	0	0.000	0.000	0	0	0	0	0	0	0	0	0	0	0
15	15	1633	774.980	120.881	342	526	532	193	14	254	515	542	250	38	251.609	2710	291	258	245	232	217	203	186	167	139	108	156.033	310	188	180	172	163	155	146	138	130	122	104	1	39	767.944	128.166	0	0	0	1348	0	0	0	194	0	0	0	1	13	770.057	130.561	0	0	0	691	0	0	0	296	0	0	0
16	16	1456	623.248	134.203	211	440	495	255	25	184	422	520	249	60	316.784	474	403	384	367	349	333	316	297	258	185	109	106.825	130	116	110	108	106	105	104	103	103	102	93	0	0	0.000	0.000	0	0	0	0	0	0	0	0	0	0	0	0	0	0.000	0.000	0	0	0	0	0	0	0	0	0	0	0
17	17	2430	512.476	137.410	413	745	696	435	85	346	908	731	303	86	441.790	681	589	547	512	484	456	422	385	336	269	129	107.470	130	117	113	109	107	106	105	104	103	102	94	0	0	0.000	0.000	0	0	0	0	0	0	0	0	0	0	0	0	0	0.000	0.000	0	0	0	0	0	0	0	0	0	0	0
18	18	1596	993.158	132.705	141	413	621	348	46	107	319	739	285	115	345.405	496	446	425	404	382	356	327	298	263	227	146	300.071	431	387	368	350	327	306	283	256	231	205	141	0	0	0.000	0.000	0	0	0	0	0	0	0	0	0	0	0	0	0	0.000	0.000	0	0	0	0	0	0	0	0	0	0	0
19	19	1092	1706.928	129.281	233	355	353	120	17	119	248	438	189	81	379.115	571	516	495	467	439	407	363	322	261	189	115	111.696	133	121	117	115	113	111	109	108	106	104	99	0	0	0.000	0.000	0	0	0	0	0	0	0	0	0	0	0	0	0	0.000	0.000	0	0	0	0	0	0	0	0	0	0	0
20	20	1790	1756.898	142.173	176	483	708	363	32	103	505	786	299	56	464.306	677	608	577	544	507	473	432	393	359	319	155	113.523	138	124	119	116	114	112	111	109	108	106	100	0	0	0.000	0.000	0	0	0	0	0	0	0	0	0	0	0	0	0	0.000	0.000	0	0	0	0	0	0	0	0	0	0	0
21	21	1992	1812.568	152.110	125	710	834	252	38	156	807	705	262	25	412.438	5610	415	383	363	343	320	298	270	243	218	127	172.586	717	191	183	178	172	166	158	149	141	133	103	1	58	1826.758	156.559	0	0	0	2949	0	0	0	452	0	0	0	1	50	1826.568	155.747	0	0	0	3213	0	0	0	468	0	0	0
22	22	1630	1371.410	149.168	198	492	568	272	69	156	685	523	191	43	536.268	10750	684	307	247	228	218	207	192	175	156	112	191.529	1055	231	198	183	173	165	158	150	139	129	102	1	84	1363.753	143.552	0	0	0	4861	0	0	0	575	0	0	0	1	73	1364.106	143.453	0	0	0	5229	0	0	0	638	0	0	0
23	23	2446	1186.974	161.712	360	914	888	232	21	286	818	909	323	60	343.025	523	463	439	415	386	355	320	283	248	206	118	317.805	501	449	417	385	354	322	284	251	222	189	113	0	0	0.000	0.000	0	0	0	0	0	0	0	0	0	0	0	0	0	0.000	0.000	0	0	0	0	0	0	0	0	0	0	0
24	24	1182	1560.129	158.767	176	227	393	280	86	109	294	499	199	59	112.478	129	118	116	115	113	112	111	110	109	107	101	139.566	182	160	153	148	143	139	135	131	127	121	102	0	0	0.000	0.000	0	0	0	0	0	0	0	0	0	0	0	0	0	0.000	0.000	0	0	0	0	0	0	0	0	0	0	0
25	25	2714	1034.351	176.269	416	907	952	349	40	485	955	895	294	37	1130.515	15645	1759	589	459	418	386	359	324	284	235	130	406.074	2575	585	399	363	344	316	285	254	220	188	115	1	240	1031.690	180.406	0	0	0	7838	0	0	0	1390	0	0	0	1	199	1031.710	180.150	0	0	0	9330	0	0	0	1585	0	0	0
26	26	1675	965.911	175.768	150	461	617	365	45	167	551	578	277	76	417.140	7954	510	297	262	242	226	213	203	193	177	118	321.696	1308	413	365	336	315	297	283	267	248	211	132	1	68	974.224	173.685	0	0	0	3272	0	0	0	715	0	0	0	1	38	975.273	173.525	0	0	0	4674	0	0	0	987	0	0	0
27	27	1994	841.049	177.586	346	894	612	96	13	243	826	671	187	28	110.760	125	116	114	113	112	111	110	109	108	106	98	130.328	159	145	141	137	134	130	127	124	120	116	99	0	0	0.000	0.000	0	0	0	0	0	0	0	0	0	0	0	0	0	0.000	0.000	0	0	0	0	0	0	0	0	0	0	0
28	28	1141	914.289	171.043	259	332	328	173	31	128	211	496	193	91	221.065	293	265	253	242	232	223	215	206	193	174	117	288.577	409	372	354	333	315	302	285	263	236	169	107	0	0	0.000	0.000	0	0	0	0	0	0	0	0	0	0	0	0	0	0.000	0.000	0	0	0	0	0	0	0	0	0	0	0
29	29	1840	593.205	182.332	248	524	624	345	76	209	726	590	219	56	682.110	1146	953	885	827	767	713	640	557	472	367	138	156.985	213	189	180	173	166	159	152	144	134	121	101	0	0	0.000	0.000	0	0	0	0	0	0	0	0	0	0	0	0	0	0.000	0.000	0	0	0	0	0	0	0	0	0	0	0
30	30	2404	1726.725	192.323	595	890	740	130	12	413	640	831	393	80	1006.701	1621	1369	1300	1237	1175	1083	971	850	726	491	125	131.292	161	149	144	139	136	132	128	124	119	113	100	0	0	0.000	0.000	0	0	0	0	0	0	0	0	0	0	0	0	0	0.000	0.000	0	0	0	0	0	0	0	0	0	0	0
31	31	1664	1604.085	183.757	358	482	498	254	43	257	571	603	160	34	111.858	123	117	115	114	113	112	111	110	108	107	99	139.722	172	155	151	148	145	142	139	136	130	118	101	0	0	0.000	0.000	0	0	0	0	0	0	0	0	0	0	0	0	0	0.000	0.000	0	0	0	0	0	0	0	0	0	0	0
32	32	1292	1523.026	184.366	435	388	313	116	14	254	310	320	270	120	111.712	123	117	115	114	113	112	111	110	108	107	101	136.090	164	150	146	142	140	137	134	131	127	120	101	0	0	0.000	0.000	0	0	0	0	0	0	0	0	0	0	0	0	0	0.000	0.000	0	0	0	0	0	0	0	0	0	0	0
33	33	1766	1343.354	193.821	383	584	520	222	17	288	584	562	253	50	235.562	346	298	285	270	258	246	233	213	185	149	106	186.689	247	230	222	215	206	195	183	166	148	126	102	0	0	0.000	0.000	0	0	0	0	0	0	0	0	0	0	0	0	0	0.000	0.000	0	0	0	0	0	0	0	0	0	0	0
34	34	1192	1842.156	191.391	260	505	354	52	7	100	383	394	229	62	257.987	382	310	289	280	270	263	253	241	222	198	124	148.314	186	168	162	158	155	151	147	143	135	122	103	0	0	0.000	0.000	0	0	0	0	0	0	0	0	0	0	0	0	0	0.000	0.000	0	0	0	0	0	0	0	0	0	0	0
35	35	2621	1668.261	219.003	507	1044	905	105	11	463	1218	743	122	16	294.860	6354	313	267	242	231	219	208	196	183	160	108	200.100	999	251	225	211	202	192	182	172	159	137	104	1	52	1682.391	229.696	0	0	0	3016	0	0	0	568	0	0	0	1	37	1682.671	229.339	0	0	0	3330	0	0	0	649	0	0	0
36	36	1978	1565.805	219.816	656	700	495	84	11	411	552	576	349	62	111.330	124	117	116	114	113	112	110	109	107	105	98	142.026	187	166	160	155	149	145	139	132	123	112	100	0	0	0.000	0.000	0	0	0	0	0	0	0	0	0	0	0	0	0	0.000	0.000	0	0	0	0	0	0	0	0	0	0	0
37	37	2055	556.366	229.332	408	891	570	141	12	371	1179	402	65	9	1118.748	15788	1534	730	634	593	557	517	463	387	272	141	231.223	2332	307	176	166	158	152	145	137	129	119	100	1	137	554.217	237.287	0	0	0	7829	0	0	0	1156	0	0	0	1	137	553.695	236.784	0	0	0	7548	0	0	0	1156	0	0	0
38	38	2153	1842.834	242.357	270	569	740	434	109	219	739	805	287	58	256.484	353	319	306	294	279	262	244	224	205	187	130	162.276	227	200	188	178	168	160	152	144	138	129	108	0	0	0.000	0.000	0	0	0	0	0	0	0	0	0	0	0	0	0	0.000	0.000	0	0	0	0	0	0	0	0	0	0	0
39	39	1825	1483.624	268.026	214	466	695	323	92	123	580	778	240	68	127.879	152	139	136	133	131	128	126	123	121	116	102	134.209	170	151	145	140	137	134	131	127	124	119	105	0	0	0.000	0.000	0	0	0	0	0	0	0	0	0	0	0	0	0	0.000	0.000	0	0	0	0	0	0	0	0	0	0	0
40	40	1684	307.266	261.470	294	616	535	192	17	217	496	687	222	29	111.094	123	116	115	113	112	111	110	109	107	105	99	115.010	145	123	121	119	117	115	113	112	109	106	99	0	0	0.000	0.000	0	0	0	0	0	0	0	0	0	0	0	0	0	0.000	0.000	0	0	0	0	0	0	0	0	0	0	0
41	41	1656	1141.268	264.686	260	702	497	155	21	186	811	416	176	38	294.935	475	392	351	325	306	286	272	260	243	215	134	106.270	120	111	109	108	107	106	105	104	104	102	97	0	0	0.000	0.000	0	0	0	0	0	0	0	0	0	0	0	0	0	0.000	0.000	0	0	0	0	0	0	0	0	0	0	0
42	42	1985	1708.539	269.354	451	981	467	47	9	293	728	706	200	21	298.331	4293	339	307	290	274	257	240	222	200	171	114	199.921	726	244	229	219	208	198	187	174	161	142	106	1	38	1702.015	258.638	0	0	0	1934	0	0	0	470	0	0	0	1	24	1702.138	258.902	0	0	0	2502	0	0	0	505	0	0	0
43	43	1918	367.784	272.996	1484	354	29	18	15	1591	248	33	14	9	248.792	2436	283	267	255	243	233	222	208	190	166	110	231.875	351	282	269	258	248	236	225	213	195	173	107	1	39	358.317	264.099	0	0	0	1063	0	0	0	289	0	0	0	0	0	0.000	0.000	0	0	0	0	0	0	0	0	0	0	0
44	44	1489	1872.709	286.800	269	638	421	131	12	193	503	569	164	31	865.907	1410	1208	1132	1047	968	890	813	736	655	449	142	138.574	183	160	153	148	143	138	134	130	125	115	98	0	0	0.000	0.000	0	0	0	0	0	0	0	0	0	0	0	0	0	0.000	0.000	0	0	0	0	0	0	0	0	0	0	0
45	45	620	857.633	283.452	429	85	60	32	9	392	79	52	58	31	146.244	196	177	171	164	157	150	140	129	120	110	102	147.798	199	183	176	168	160	151	140	130	117	107	100	0	0	0.000	0.000	0	0	0	0	0	0	0	0	0	0	0	0	0	0.000	0.000	0	0	0	0	0	0	0	0	0	0	0
46	46	918	1170.275	297.744	101	287	291	196	31	73	292	355	132	44	502.162	760	671	621	578	542	511	487	441	390	315	157	135.113	166	153	148	143	139	135	132	127	123	116	101	0	0	0.000	0.000	0	0	0	0	0	0	0	0	0	0	0	0	0	0.000	0.000	0	0	0	0	0	0	0	0	0	0	0
47	47	1590	1445.347	301.870	279	334	556	344	36	236	545	601	155	32	124.828	150	136	133	131	129	126	124	121	116	110	100	134.494	161	150	146	143	139	136	132	128	123	116	104	0	0	0.000	0.000	0	0	0	0	0	0	0	0	0	0	0	0	0	0.000	0.000	0	0	0	0	0	0	0	0	0	0	0
48	48	861	1347.048	303.058	166	404	182	78	14	75	318	310	107	39	110.655	125	115	114	112	111	111	110	109	108	106	98	130.197	150	139	137	135	133	131	129	127	123	119	106	0	0	0.000	0.000	0	0	0	0	0	0	0	0	0	0	0	0	0	0.000	0.000	0	0	0	0	0	0	0	0	0	0	0
49	49	1347	1122.418	316.657	121	424	506	246	33	69	449	549	190	65	290.646	403	351	334	320	308	297	284	268	245	221	142	105.774	118	110	108	107	106	105	105	104	103	102	97	0	0	0.000	0.000	0	0	0	0	0	0	0	0	0	0	0	0	0	0.000	0.000	0	0	0	0	0	0	0	0	0	0	0
50	50	1864	444.446	333.141	173	504	886	214	51	118	356	934	319	101	128.536	151	140	136	133	131	129	127	124	121	117	103	259.915	381	326	302	286	273	263	249	236	218	195	111	0	0	0.000	0.000	0	0	0	0	0	0	0	0	0	0	0	0	0	0.000	0.000	0	0	0	0	0	0	0	0	0	0	0
51	51	2323	391.565	335.540	307	622	855	405	87	290	738	880	306	61	330.015	7824	299	273	256	241	230	221	212	200	174	115	242.262	578	302	283	268	254	240	229	217	203	176	118	1	48	410.501	336.603	0	0	0	3542	0	0	0	400	0	0	0	0	0	0.000	0.000	0	0	0	0	0	0	0	0	0	0	0
52	52	1821	555.111	337.941	1131	598	45	15	10	732	768	220	39	30	1234.431	1863	1641	1527	1439	1341	1269	1184	1097	974	783	194	114.781	129	122	119	117	116	115	113	112	110	108	97	0	0	0.000	0.000	0	0	0	0	0	0	0	0	0	0	0	0	0	0.000	0.000	0	0	0	0	0	0	0	0	0	0	0
53	53	1599	905.640	343.741	270	293	491	429	93	233	457	603	233	49	379.772	614	528	491	457	428	395	356	316	273	199	119	138.076	187	161	154	148	143	138	133	129	123	114	101	0	0	0.000	0.000	0	0	0	0	0	0	0	0	0	0	0	0	0	0.000	0.000	0	0	0	0	0	0	0	0	0	0	0
54	54	1605	1162.711	344.446	129	583	624	214	23	76	342	623	379	151	602.222	926	785	722	672	635	607	572	544	506	426	169	142.251	179	159	154	149	146	143	139	136	132	125	104	0	0	0.000	0.000	0	0	0	0	0	0	0	0	0	0	0	0	0	0.000	0.000	0	0	0	0	0	0	0	0	0	0	0
55	55	1689	501.460	357.430	703	798	121	29	15	558	806	209	77	19	138.693	176	153	147	143	140	138	136	133	130	125	107	280.158	391	342	327	313	297	283	273	261	243	205	116	0	0	0.000	0.000	0	0	0	0	0	0	0	0	0	0	0	0	0	0.000	0.000	0	0	0	0	0	0	0	0	0	0	0
56	56	2140	1116.631	371.684	428	611	617	376	67	426	770	552	318	32	541.849	964	796	707	651	608	565	511	448	371	240	115	138.665	181	160	154	149	145	141	136	131	122	111	99	0	0	0.000	0.000	0	0	0	0	0	0	0	0	0	0	0	0	0	0.000	0.000	0	0	0	0	0	0	0	0	0	0	0
57	57	1104	1707.622	368.184	105	285	369	259	67	97	436	350	154	51	235.091	307	278	267	259	253	244	233	221	206	182	107	137.378	181	158	151	146	141	136	132	129	124	118	102	0	0	0.000	0.000	0	0	0	0	0	0	0	0	0	0	0	0	0	0.000	0.000	0	0	0	0	0	0	0	0	0	0	0
58	58	1660	1276.757	383.389	252	590	566	203	17	171	429	697	257	77	439.480	637	547	513	489	470	455	438	410	373	314	128	123.113	153	133	130	127	125	123	121	119	116	112	103	0	0	0.000	0.000	0	0	0	0	0	0	0	0	0	0	0	0	0	0.000	0.000	0	0	0	0	0	0	0	0	0	0	0
59	59	1852	1843.988	380.403	311	496	549	344	103	261	599	618	279	56	1126.913	1691	1502	1395	1320	1222	1133	1051	960	880	765	245	154.916	194	177	171	167	162	157	151	145	138	130	106	0	0	0.000	0.000	0	0	0	0	0	0	0	0	0	0	0	0	0	0.000	0.000	0	0	0	0	0	0	0	0	0	0	0
60	60	1909	1475.069	390.319	216	597	795	248	21	161	599	778	260	78	109.339	121	114	113	111	110	109	108	107	106	104	99	259.085	406	341	311	292	277	259	241	223	204	184	119	0	0	0.000	0.000	0	0	0	0	0	0	0	0	0	0	0	0	0	0.000	0.000	0	0	0	0	0	0	0	0	0	0	0
61	61	1404	1748.379	393.672	226	481	501	146	11	173	418	504	255	32	130.870	154	142	139	136	135	132	130	127	124	117	100	187.438	246	219	212	206	200	195	189	180	165	137	102	0	0	0.000	0.000	0	0	0	0	0	0	0	0	0	0	0	0	0	0.000	0.000	0	0	0	0	0	0	0	0	0	0	0
62	62	1716	1696.891	415.015	244	543	565	301	28	224	653	597	189	15	401.404	6381	475	356	326	297	269	241	218	196	160	107	148.358	651	171	156	150	143	137	131	127	122	114	101	1	60	1698.908	409.733	0	0	0	3194	0	0	0	380	0	0	0	1	56	1698.707	409.617	0	0	0	3207	0	0	0	394	0	0	0
63	63	824	499.567	405.715	509	167	45	58	31	483	159	94	56	14	923.425	1493	1281	1193	1127	1074	1016	938	815	642	373	142	129.750	177	156	149	142	134	127	121	116	112	107	100	0	0	0.000	0.000	0	0	0	0	0	0	0	0	0	0	0	0	0	0.000	0.000	0	0	0	0	0	0	0	0	0	0	0
64	64	1071	1067.402	421.673	181	403	317	140	8	82	327	430	159	51	581.137	880	784	731	686	643	603	579	547	450	290	124	151.710	187	172	166	162	158	154	150	145	138	126	108	0	0	0.000	0.000	0	0	0	0	0	0	0	0	0	0	0	0	0	0.000	0.000	0	0	0	0	0	0	0	0	0	0	0
65	65	1973	1861.995	429.034	378	490	701	325	44	271	447	753	380	88	2572.617	4300	3941	3736	3405	3023	2724	2279	1823	1421	1085	192	224.041	342	301	287	269	251	232	205	182	159	139	105	0	0	0.000	0.000	0	0	0	0	0	0	0	0	0	0	0	0	0	0.000	0.000	0	0	0	0	0	0	0	0	0	0	0
66	66	1287	1430.173	426.876	143	454	462	184	21	102	550	429	150	32	196.716	263	229	220	212	205	199	192	184	175	162	108	136.567	167	152	147	143	140	137	134	131	127	122	103	0	0	0.000	0.000	0	0	0	0	0	0	0	0	0	0	0	0	0	0.000	0.000	0	0	0	0	0	0	0	0	0	0	0
67	67	578	452.541	424.008	60	161	174	131	45	94	182	230	56	11	207.474	275	249	241	233	224	213	200	187	174	158	117	192.446	250	229	223	217	208	197	186	175	162	146	108	0	0	0.000	0.000	0	0	0	0	0	0	0	0	0	0	0	0	0	0.000	0.000	0	0	0	0	0	0	0	0	0	0	0
68	68	1916	1025.873	439.659	293	580	681	300	19	228	742	596	278	36	749.524	8101	908	849	799	741	675	599	509	429	217	116	187.096	1315	206	194	187	180	170	159	149	139	121	102	1	52	1042.017	437.185	0	0	0	4726	0	0	0	634	0	0	0	1	54	1041.836	438.551	0	0	0	3496	0	0	0	742	0	0	0
69	69	1323	1381.132	441.949	163	405	430	233	53	141	599	401	130	33	110.610	122	115	114	113	112	111	110	109	107	106	100	115.875	135	123	121	119	117	116	114	113	111	108	102	0	0	0.000	0.000	0	0	0	0	0	0	0	0	0	0	0	0	0	0.000	0.000	0	0	0	0	0	0	0	0	0	0	0
70	70	1975	1479.560	445.385	202	737	705	248	40	145	607	876	271	43	206.124	276	248	237	227	218	209	200	190	179	162	100	139.643	172	155	151	148	144	141	138	135	129	121	102	0	0	0.000	0.000	0	0	0	0	0	0	0	0	0	0	0	0	0	0.000	0.000	0	0	0	0	0	0	0	0	0	0	0
71	71	1984	635.207	451.551	240	646	701	325	42	218	779	667	259	21	1122.021	2089	1688	1516	1350	1203	1072	955	875	783	681	143	157.751	221	187	177	169	162	156	151	146	140	133	104	0	0	0.000	0.000	0	0	0	0	0	0	0	0	0	0	0	0	0	0.000	0.000	0	0	0	0	0	0	0	0	0	0	0
72	72	997	1129.239	446.313	90	292	367	178	49	66	315	400	166	29	266.853	366	321	308	294	284	272	259	245	229	208	130	126.614	146	136	133	131	129	127	125	123	120	116	98	0	0	0.000	0.000	0	0	0	0	0	0	0	0	0	0	0	0	0	0.000	0.000	0	0	0	0	0	0	0	0	0	0	0
73	73	1841	436.125	456.920	177	553	591	374	110	142	672	597	312	80	1162.435	16653	1944	665	503	465	426	392	352	308	249	125	237.561	2039	339	185	171	164	157	150	143	136	127	105	1	157	444.750	457.017	0	0	0	7867	0	0	0	930	0	0	0	1	141	445.106	457.198	0	0	0	8716	0	0	0	1014	0	0	0
74	74	1464	1087.110	467.105	264	493	464	205	20	202	523	461	192	54	337.791	3447	411	365	340	318	297	275	253	227	203	119	130.023	281	143	138	133	130	127	125	122	119	115	104	1	31	1086.392	471.379	0	0	0	1722	0	0	0	183	0	0	0	1	24	1086.446	472.200	0	0	0	1937	0	0	0	224	0	0	0
75	75	2025	494.509	463.987	198	473	751	493	58	119	518	849	357	129	421.928	641	563	528	493	469	438	409	378	324	242	130	154.287	201	182	175	168	160	155	149	143	135	124	104	0	0	0.000	0.000	0	0	0	0	0	0	0	0	0	0	0	0	0	0.000	0.000	0	0	0	0	0	0	0	0	0	0	0
76	76	1395	1801.444	464.543	253	478	491	121	25	122	430	482	238	88	127.634	151	138	135	133	130	128	126	123	120	116	104	176.044	234	208	200	193	186	178	170	162	154	140	108	0	0	0.000	0.000	0	0	0	0	0	0	0	0	0	0	0	0	0	0.000	0.000	0	0	0	0	0	0	0	0	0	0	0
77	77	1237	592.670	487.708	109	178	477	328	121	113	385	516	152	44	1497.269	2201	1991	1864	1778	1703	1638	1529	1324	1075	773	198	179.057	231	211	204	198	192	187	178	166	152	134	108	0	0	0.000	0.000	0	0	0	0	0	0	0	0	0	0	0	0	0	0.000	0.000	0	0	0	0	0	0	0	0	0	0	0
78	78	1869	1461.891	494.277	1628	166	31	20	11	1527	263	32	16	10	141.455	192	165	157	150	145	141	138	133	127	117	101	118.522	144	128	125	122	120	118	117	115	112	108	101	0	0	0.000	0.000	0	0	0	0	0	0	0	0	0	0	0	0	0	0.000	0.000	0	0	0	0	0	0	0	0	0	0	0
79	79	2862	1145.075	499.433	590	806	1059	325	36	426	739	1302	294	57	2240.394	29169	3591	1196	920	850	783	709	619	534	407	184	401.037	5217	600	234	188	173	163	155	147	138	128	107	1	279	1143.639	501.184	0	0	0	15342	0	0	0	2218	0	0	0	1	250	1143.970	500.878	0	0	0	17198	0	0	0	2519	0	0	0
80	80	1380	1907.321	489.468	279	551	446	70	10	127	298	593	217	114	676.821	1137	923	868	824	772	714	636	564	510	348	143	107.578	119	113	111	109	108	107	106	105	104	103	95	0	0	0.000	0.000	0	0	0	0	0	0	0	0	0	0	0	0	0	0.000	0.000	0	0	0	0	0	0	0	0	0	0	0
81	81	1401	1763.671	496.862	133	447	659	118	16	66	301	697	269	42	633.540	942	803	732	688	654	627	601	577	551	496	220	171.686	221	194	186	180	176	172	168	164	159	151	113	0	0	0.000	0.000	0	0	0	0	0	0	0	0	0	0	0	0	0	0.000	0.000	0	0	0	0	0	0	0	0	0	0	0
82	82	1985	634.202	508.274	271	664	677	319	26	184	711	690	232	120	679.387	12978	822	422	343	310	290	265	244	228	202	111	217.307	1940	260	193	179	171	163	155	147	141	132	104	1	103	625.800	507.265	0	0	0	5780	0	0	0	1001	0	0	0	1	98	625.552	506.849	0	0	0	5979	0	0	0	1027	0	0	0
83	83	2269	788.645	516.484	417	644	708	419	59	351	951	637	235	46	3007.570	27537	8386	2019	1314	1150	1070	989	876	708	533	189	357.679	2792	840	266	200	183	174	165	155	143	131	107	1	308	783.219	519.689	0	0	0	14914	0	0	0	1455	0	0	0	1	307	783.459	519.772	0	0	0	14914	0	0	0	1455	0	0	0
84	84	1628	1384.194	519.549	334	594	568	88	16	224	517	613	167	69	134.989	166	152	148	144	141	137	132	128	121	114	102	149.372	195	178	171	165	158	151	144	135	127	117	104	0	0	0.000	0.000	0	0	0	0	0	0	0	0	0	0	0	0	0	0.000	0.000	0	0	0	0	0	0	0	0	0	0	0
85	85	1563	588.757	535.970	244	421	519	289	60	208	616	474	195	44	289.495	414	369	350	335	317	302	287	267	234	180	115	159.663	207	186	181	176	170	165	159	150	139	120	100	0	0	0.000	0.000	0	0	0	0	0	0	0	0	0	0	0	0	0	0.000	0.000	0	0	0	0	0	0	0	0	0	0	0
86	86	2207	822.223	565.096	417	562	725	405	52	287	543	962	262	106	1111.503	10923	1409	1238	1117	1011	922	828	734	569	363	140	180.379	1082	209	187	177	169	162	154	146	135	119	101	1	74	820.002	556.059	0	0	0	6601	0	0	0	670	0	0	0	1	77	821.013	555.488	0	0	0	6133	0	0	0	653	0	0	0
87	87	3102	742.572	578.359	859	1092	804	272	13	704	1265	688	328	58	445.159	13466	380	273	252	238	228	217	202	178	143	108	618.402	4006	818	726	679	643	608	564	498	394	261	120	1	92	748.474	584.062	0	0	0	5864	0	0	0	2138	0	0	0	1	60	749.306	583.978	0	0	0	8048	0	0	0	2801	0	0	0
88	88	2047	886.947	582.830	361	705	582	303	54	345	798	624	208	27	427.493	638	559	530	505	477	446	418	374	317	260	140	164.505	209	193	186	181	174	167	160	152	143	131	103	0	0	0.000	0.000	0	0	0	0	0	0	0	0	0	0	0	0	0	0.000	0.000	0	0	0	0	0	0	0	0	0	0	0
89	89	1758	1053.854	585.527	574	542	342	203	75	604	589	354	138	35	191.054	288	237	224	214	203	194	184	174	159	134	103	143.968	184	164	159	154	150	146	141	136	129	118	105	0	0	0.000	0.000	0	0	0	0	0	0	0	0	0	0	0	0	0	0.000	0.000	0	0	0	0	0	0	0	0	0	0	0
90	90	1691	961.124	591.679	318	746	479	78	34	429	850	299	51	26	141.665	467	178	141	132	127	124	122	120	117	113	102	156.376	198	178	171	166	161	157	154	150	143	133	105	0	0	0.000	0.000	0	0	0	0	0	0	0	0	0	0	0	0	0	0.000	0.000	0	0	0	0	0	0	0	0	0	0	0
91	91	2689	1401.256	599.649	461	893	981	279	20	339	711	1118	412	67	297.313	3256	348	330	314	298	281	261	241	221	188	119	301.240	610	393	371	351	330	308	282	259	234	196	114	1	33	1422.642	593.455	0	0	0	1724	0	0	0	434	0	0	0	0	0	0.000	0.000	0	0	0	0	0	0	0	0	0	0	0
92	92	1563	1510.305	598.404	333	440	485	253	27	343	558	406	197	23	444.031	2467	607	532	489	453	427	393	353	319	244	113	124.620	246	137	133	129	127	124	120	118	114	110	99	1	26	1502.163	600.763	0	0	0	1626	0	0	0	186	0	0	0	1	16	1501.522	599.084	0	0	0	1157	0	0	0	197	0	0	0
93	93	2580	1336.092	602.052	495	711	882	438	22	370	730	940	378	115	1139.679	22137	1525	512	379	325	287	255	225	199	168	109	391.400	3013	546	400	359	324	293	263	234	207	169	107	1	183	1339.632	598.178	0	0	0	9862	0	0	0	1509	0	0	0	1	156	1339.364	597.610	0	0	0	12042	0	0	0	1776	0	0	0
94	94	1791	1877.723	601.893	400	683	491	167	25	390	755	399	185	37	1921.423	22993	4427	1198	728	598	542	505	473	432	362	158	419.941	4147	850	303	221	204	192	182	174	165	150	109	1	196	1873.573	601.694	0	0	0	11208	0	0	0	1926	0	0	0	1	178	1873.034	601.614	0	0	0	11807	0	0	0	2098	0	0	0
95	95	849	89.686	598.561	196	308	205	110	15	79	245	272	191	46	894.627	1362	1211	1118	1059	1004	930	852	776	656	519	191	146.309	181	166	161	157	153	149	144	138	132	123	104	0	0	0.000	0.000	0	0	0	0	0	0	0	0	0	0	0	0	0	0.000	0.000	0	0	0	0	0	0	0	0	0	0	0
96	96	1734	297.846	603.974	251	509	544	361	37	205	701	517	236	46	111.783	127	117	115	114	113	112	111	109	108	106	101	138.078	180	159	152	146	141	137	134	130	125	119	103	0	0	0.000	0.000	0	0	0	0	0	0	0	0	0	0	0	0	0	0.000	0.000	0	0	0	0	0	0	0	0	0	0	0
97	97	1403	1694.078	603.366	219	589	422	125	24	135	493	459	219	80	280.699	396	355	336	320	307	292	276	261	239	175	108	151.932	186	171	166	162	157	153	149	144	138	130	109	0	0	0.000	0.000	0	0	0	0	0	0	0	0	0	0	0	0	0	0.000	0.000	0	0	0	0	0	0	0	0	0	0	0
98	98	741	1448.636	611.778	209	282	200	30	10	126	169	282	122	30	247.451	323	300	291	280	269	253	240	222	208	183	123	266.636	359	329	316	306	293	276	263	240	215	181	129	0	0	0.000	0.000	0	0	0	0	0	0	0	0	0	0	0	0	0	0.000	0.000	0	0	0	0	0	0	0	0	0	0	0
99	99	1709	355.607	620.417	202	510	594	324	42	170	734	545	194	29	117.744	139	125	123	121	119	118	116	115	113	110	99	152.578	198	176	168	162	157	153	148	144	139	129	106	0	0	0.000	0.000	0	0	0	0	0	0	0	0	0	0	0	0	0	0.000	0.000	0	0	0	0	0	0	0	0	0	0	0
100	100	1735	1125.292	627.361	111	456	703	365	63	128	701	658	176	33	622.461	1068	865	785	704	638	587	554	524	489	438	192	147.113	191	167	160	154	149	146	143	140	135	129	110	0	0	0.000	0.000	0	0	0	0	0	0	0	0	0	0	0	0	0	0.000	0.000	0	0	0	0	0	0	0	0	0	0	0
101	101	2017	1013.937	627.512	213	581	580	443	153	283	769	638	244	41	115.251	133	122	120	118	117	115	114	113	111	109	100	160.337	206	184	177	172	167	162	157	152	145	131	105	0	0	0.000	0.000	0	0	0	0	0	0	0	0	0	0	0	0	0	0.000	0.000	0	0	0	0	0	0	0	0	0	0	0
102	102	1850	932.982	625.133	180	411	612	506	106	206	607	670	263	52	887.196	13927	1034	552	506	483	460	440	400	338	253	118	251.375	2762	294	196	186	179	174	168	160	148	132	99	1	107	937.532	617.077	0	0	0	7087	0	0	0	1272	0	0	0	1	103	937.289	617.088	0	0	0	7260	0	0	0	1313	0	0	0
103	103	2130	1739.024	629.886	293	714	686	338	67	308	795	677	228	72	838.613	13784	1177	470	377	352	329	309	286	255	210	105	222.528	1958	286	184	173	165	160	153	146	139	129	100	1	149	1729.850	626.336	0	0	0	6234	0	0	0	887	0	0	0	1	137	1730.098	627.020	0	0	0	6777	0	0	0	947	0	0	0
104	104	1366	780.142	632.723	301	423	388	181	35	280	454	355	196	52	684.419	1407	1094	962	853	759	659	579	511	421	273	133	109.998	126	116	113	112	111	110	109	108	106	105	96	0	0	0.000	0.000	0	0	0	0	0	0	0	0	0	0	0	0	0	0.000	0.000	0	0	0	0	0	0	0	0	0	0	0
105	105	542	1210.211	630.017	271	110	77	62	15	238	138	88	56	17	137.378	172	157	151	146	141	138	134	129	123	117	107	245.135	376	327	306	289	271	257	237	215	176	140	111	0	0	0.000	0.000	0	0	0	0	0	0	0	0	0	0	0	0	0	0.000	0.000	0	0	0	0	0	0	0	0	0	0	0
106	106	995	1166.499	635.028	193	388	272	89	37	221	409	231	88	29	377.567	5785	410	329	299	278	263	251	239	225	198	124	252.343	1099	317	285	264	249	235	223	210	200	180	116	1	41	1156.956	624.605	0	0	0	2445	0	0	0	637	0	0	0	1	29	1157.322	623.768	0	0	0	2311	0	0	0	749	0	0	0
107	107	1140	1534.285	638.559	155	272	417	257	27	140	286	440	188	64	423.236	1130	563	523	496	471	443	413	383	319	189	109	123.693	195	137	133	130	128	125	122	118	112	106	99	0	0	0.000	0.000	0	0	0	0	0	0	0	0	0	0	0	0	0	0.000	0.000	0	0	0	0	0	0	0	0	0	0	0
108	108	1830	1594.332	646.769	554	841	354	38	13	319	739	484	218	36	139.948	183	163	156	148	143	139	135	131	125	118	104	187.895	277	239	222	209	198	187	178	169	155	134	106	0	0	0.000	0.000	0	0	0	0	0	0	0	0	0	0	0	0	0	0.000	0.000	0	0	0	0	0	0	0	0	0	0	0
109	109	755	1301.080	638.931	75	168	362	119	19	62	225	378	63	10	211.449	290	262	253	241	230	219	206	193	174	145	103	239.756	333	301	288	277	268	256	241	220	187	141	106	0	0	0.000	0.000	0	0	0	0	0	0	0	0	0	0	0	0	0	0.000	0.000	0	0	0	0	0	0	0	0	0	0	0
110	110	1298	682.601	649.968	104	341	512	284	35	74	418	534	160	81	415.221	626	533	502	473	449	425	403	374	349	278	118	145.287	179	162	156	153	150	147	144	140	134	126	100	0	0	0.000	0.000	0	0	0	0	0	0	0	0	0	0	0	0	0	0.000	0.000	0	0	0	0	0	0	0	0	0	0	0
111	111	1286	887.606	648.770	177	356	528	178	23	177	658	348	72	9	113.329	129	119	117	116	115	114	112	111	110	107	99	185.738	251	226	217	209	199	187	177	166	154	142	112	0	0	0.000	0.000	0	0	0	0	0	0	0	0	0	0	0	0	0	0.000	0.000	0	0	0	0	0	0	0	0	0	0	0
112	112	2160	1378.836	663.389	130	631	994	326	22	83	420	1066	442	115	290.800	6555	289	247	233	222	211	199	187	172	156	108	190.742	551	232	218	208	197	188	178	168	157	142	106	1	49	1387.238	674.113	0	0	0	2637	0	0	0	382	0	0	0	1	25	1387.069	673.407	0	0	0	4231	0	0	0	433	0	0	0
113	113	1120	318.614	669.728	148	292	375	203	75	67	306	377	268	77	829.208	1312	1147	1060	998	924	834	747	680	621	502	222	111.742	135	121	117	114	112	111	109	108	107	105	99	0	0	0.000	0.000	0	0	0	0	0	0	0	0	0	0	0	0	0	0.000	0.000	0	0	0	0	0	0	0	0	0	0	0
114	114	1081	1431.964	670.142	171	380	308	193	18	76	379	340	149	110	208.131	296	253	241	230	218	208	200	190	178	159	116	187.045	263	229	218	208	199	191	182	174	159	132	104	0	0	0.000	0.000	0	0	0	0	0	0	0	0	0	0	0	0	0	0.000	0.000	0	0	0	0	0	0	0	0	0	0	0
115	115	2111	1188.194	676.396	581	856	475	140	21	401	940	449	233	46	119.012	140	127	124	122	121	119	118	116	114	110	100	496.974	840	676	618	578	548	520	495	451	369	240	127	0	0	0.000	0.000	0	0	0	0	0	0	0	0	0	0	0	0	0	0.000	0.000	0	0	0	0	0	0	0	0	0	0	0
116	116	2424	923.416	686.661	529	458	734	532	129	564	1078	498	212	22	117.054	138	125	122	121	119	117	116	114	111	109	100	205.151	309	264	248	233	221	212	200	187	165	128	103	0	0	0.000	0.000	0	0	0	0	0	0	0	0	0	0	0	0	0	0.000	0.000	0	0	0	0	0	0	0	0	0	0	0
117	117	1905	269.821	689.739	162	571	786	289	51	123	721	759	217	50	964.977	1556	1339	1245	1155	1063	974	875	788	707	601	214	115.086	137	124	121	118	116	114	113	111	110	108	101	0	0	0.000	0.000	0	0	0	0	0	0	0	0	0	0	0	0	0	0.000	0.000	0	0	0	0	0	0	0	0	0	0	0
118	118	1308	776.184	690.468	179	293	413	344	63	183	404	469	181	39	639.996	9256	993	384	332	312	299	287	274	257	227	137	253.959	2178	345	217	196	187	181	175	170	163	150	115	1	77	773.056	700.188	0	0	0	4959	0	0	0	1103	0	0	0	1	75	773.316	699.871	0	0	0	5013	0	0	0	1113	0	0	0
119	119	2145	502.566	696.231	273	517	796	431	95	309	667	812	258	63	735.862	4191	1058	949	848	761	689	633	581	500	361	133	155.094	477	185	173	165	157	151	145	139	133	122	99	1	26	513.259	690.989	0	0	0	2758	0	0	0	277	0	0	0	1	29	511.541	689.377	0	0	0	1577	0	0	0	343	0	0	0
120	120	1468	1611.856	695.003	237	417	509	265	20	221	398	479	260	77	142.873	172	159	155	151	148	144	140	137	132	124	107	192.175	262	237	228	218	208	194	182	170	159	141	105	0	0	0.000	0.000	0	0	0	0	0	0	0	0	0	0	0	0	0	0.000	0.000	0	0	0	0	0	0	0	0	0	0	0
121	121	525	456.199	692.616	131	161	135	78	13	130	160	102	86	39	413.840	590	533	503	480	456	432	406	380	339	246	149	131.971	155	145	142	139	137	134	131	128	122	115	103	0	0	0.000	0.000	0	0	0	0	0	0	0	0	0	0	0	0	0	0.000	0.000	0	0	0	0	0	0	0	0	0	0	0
122	122	972	128.294	705.045	90	298	317	194	55	78	277	302	219	77	222.536	315	278	260	250	237	226	213	200	184	163	120	322.219	471	417	390	373	353	333	313	283	252	209	136	0	0	0.000	0.000	0	0	0	0	0	0	0	0	0	0	0	0	0	0.000	0.000	0	0	0	0	0	0	0	0	0	0	0
123	123	1749	1285.718	719.253	151	295	680	497	94	119	362	840	309	91	934.316	4051	1322	1219	1110	993	889	799	726	656	548	157	210.206	858	258	244	230	215	201	189	179	169	157	112	1	18	1273.620	705.288	0	0	0	3112	0	0	0	619	0	0	0	1	29	1272.724	705.809	0	0	0	2411	0	0	0	571	0	0	0
124	124	1965	1557.714	724.464	418	595	588	294	37	333	776	585	166	64	969.906	1589	1369	1273	1184	1088	991	900	823	739	482	174	131.576	175	154	147	140	134	130	126	122	118	112	101	0	0	0.000	0.000	0	0	0	0	0	0	0	0	0	0	0	0	0	0.000	0.000	0	0	0	0	0	0	0	0	0	0	0
125	125	2215	820.718	728.674	362	714	752	325	31	318	807	712	277	63	268.394	386	341	325	312	294	272	255	239	219	178	104	192.366	261	237	228	219	206	195	182	172	159	142	108	0	0	0.000	0.000	0	0	0	0	0	0	0	0	0	0	0	0	0	0.000	0.000	0	0	0	0	0	0	0	0	0	0	0
126	126	1663	1134.124	730.214	145	359	676	415	40	101	423	767	281	56	121.375	139	128	126	124	123	121	120	118	117	114	105	160.221	213	188	180	173	167	161	155	149	143	133	104	0	0	0.000	0.000	0	0	0	0	0	0	0	0	0	0	0	0	0	0.000	0.000	0	0	0	0	0	0	0	0	0	0	0
127	127	1950	296.411	735.265	836	989	54	24	14	967	869	38	22	16	149.373	190	167	162	159	155	152	147	143	137	128	106	317.410	473	399	379	362	348	329	311	289	261	213	112	0	0	0.000	0.000	0	0	0	0	0	0	0	0	0	0	0	0	0	0.000	0.000	0	0	0	0	0	0	0	0	0	0	0
128	128	1646	112.193	744.075	148	385	534	457	81	145	474	572	358	55	278.843	3702	297	268	251	239	223	207	192	177	149	110	283.068	593	376	350	327	305	282	259	240	219	178	123	1	43	109.622	737.966	0	0	0	1942	0	0	0	468	0	0	0	0	0	0.000	0.000	0	0	0	0	0	0	0	0	0	0	0
129	129	2014	763.851	747.621	311	824	787	55	9	201	595	823	306	57	678.014	13707	821	335	293	274	260	247	229	208	176	108	241.427	1633	275	233	221	211	203	193	180	165	147	104	1	110	775.850	747.767	0	0	0	6078	0	0	0	901	0	0	0	1	103	775.660	748.025	0	0	0	7169	0	0	0	959	0	0	0
130	130	1536	1182.835	744.029	146	431	606	290	39	168	510	535	255	42	117.025	134	124	122	120	119	117	116	114	112	109	103	138.680	179	157	151	147	143	140	135	131	126	119	102	0	0	0.000	0.000	0	0	0	0	0	0	0	0	0	0	0	0	0	0.000	0.000	0	0	0	0	0	0	0	0	0	0	0
131	131	2349	350.246	750.757	492	733	737	303	48	480	866	714	214	42	152.715	225	176	169	164	160	155	150	144	135	122	101	320.118	503	429	397	373	355	335	312	284	240	177	115	0	0	0.000	0.000	0	0	0	0	0	0	0	0	0	0	0	0	0	0.000	0.000	0	0	0	0	0	0	0	0	0	0	0
132	132	1819	891.437	751.605	241	370	630	469	86	201	478	729	285	102	551.485	2788	770	691	629	579	537	489	430	377	290	121	143.254	374	166	158	152	145	140	136	131	126	115	101	1	24	894.406	748.444	0	0	0	1971	0	0	0	239	0	0	0	1	24	892.228	746.267	0	0	0	1043	0	0	0	292	0	0	0
133	133	1021	1460.963	763.678	117	306	418	131	31	167	507	229	81	14	122.125	140	130	127	126	124	123	121	119	117	114	103	142.870	187	164	158	152	147	142	137	132	128	123	109	0	0	0.000	0.000	0	0	0	0	0	0	0	0	0	0	0	0	0	0.000	0.000	0	0	0	0	0	0	0	0	0	0	0
134	134	1581	1233.109	768.730	202	504	572	241	31	161	581	554	185	68	115.790	133	123	121	119	117	116	114	112	111	108	100	137.200	179	161	153	146	141	136	131	127	122	117	102	0	0	0.000	0.000	0	0	0	0	0	0	0	0	0	0	0	0	0	0.000	0.000	0	0	0	0	0	0	0	0	0	0	0
135	135	1370	1134.866	778.705	248	291	471	263	73	227	548	368	147	47	121.022	147	130	127	125	123	121	119	117	115	112	103	150.958	205	184	175	167	158	152	146	139	128	112	101	0	0	0.000	0.000	0	0	0	0	0	0	0	0	0	0	0	0	0	0.000	0.000	0	0	0	0	0	0	0	0	0	0	0
136	136	1551	1426.968	795.151	308	421	467	271	59	247	509	479	204	81	116.887	137	124	122	120	118	117	115	114	112	110	100	144.586	190	168	160	156	152	147	142	134	127	119	103	0	0	0.000	0.000	0	0	0	0	0	0	0	0	0	0	0	0	0	0.000	0.000	0	0	0	0	0	0	0	0	0	0	0
137	137	2281	776.838	804.369	303	710	941	261	13	216	798	989	202	28	453.154	8605	400	355	327	308	291	274	256	222	183	116	335.186	1529	419	392	370	348	324	302	280	247	203	114	1	85	767.072	785.589	0	0	0	3799	0	0	0	834	0	0	0	1	42	767.041	784.648	0	0	0	5305	0	0	0	1193	0	0	0
138	138	1372	1310.416	802.196	179	295	566	248	45	174	421	498	219	39	143.057	175	159	153	149	146	143	140	137	133	128	104	318.002	448	402	379	350	329	315	302	290	277	237	126	0	0	0.000	0.000	0	0	0	0	0	0	0	0	0	0	0	0	0	0.000	0.000	0	0	0	0	0	0	0	0	0	0	0
139	139	1306	1551.503	802.966	252	508	430	85	15	183	488	395	176	44	371.119	537	481	448	429	413	399	381	352	289	201	112	118.904	141	129	126	123	121	119	117	114	112	108	100	0	0	0.000	0.000	0	0	0	0	0	0	0	0	0	0	0	0	0	0.000	0.000	0	0	0	0	0	0	0	0	0	0	0
140	140	1170	1360.193	805.759	128	396	450	157	18	111	457	345	191	42	268.610	384	331	313	297	285	272	260	248	228	197	128	111.967	132	119	116	114	112	111	110	109	108	106	101	0	0	0.000	0.000	0	0	0	0	0	0	0	0	0	0	0	0	0	0.000	0.000	0	0	0	0	0	0	0	0	0	0	0
141	141	1693	338.946	822.586	330	458	546	297	33	339	559	494	226	42	117.875	147	129	126	123	120	118	115	113	110	107	97	269.102	461	392	361	330	298	271	241	207	178	144	110	0	0	0.000	0.000	0	0	0	0	0	0	0	0	0	0	0	0	0	0.000	0.000	0	0	0	0	0	0	0	0	0	0	0
142	142	1927	1511.806	834.571	345	683	593	227	43	259	630	589	305	97	379.264	584	504	468	439	417	398	378	343	290	220	104	120.731	150	135	131	127	124	120	117	114	111	107	100	0	0	0.000	0.000	0	0	0	0	0	0	0	0	0	0	0	0	0	0.000	0.000	0	0	0	0	0	0	0	0	0	0	0
143	143	1785	1257.513	831.301	137	322	650	514	124	94	419	708	388	145	145.497	187	163	158	154	150	146	142	137	133	127	109	343.792	531	434	404	385	371	353	332	312	287	240	131	0	0	0.000	0.000	0	0	0	0	0	0	0	0	0	0	0	0	0	0.000	0.000	0	0	0	0	0	0	0	0	0	0	0
144	144	2844	1044.020	833.184	513	1137	802	293	57	492	1366	662	245	33	3976.682	29306	11799	3048	2345	2143	1847	1557	1304	1106	761	182	854.323	6630	2435	653	469	428	383	335	293	255	203	113	1	410	1045.389	827.541	0	0	0	17576	0	0	0	3665	0	0	0	1	417	1045.505	827.244	0	0	0	17232	0	0	0	3600	0	0	0
145	145	1523	741.829	841.463	203	457	633	177	19	196	549	551	184	13	217.007	318	276	258	242	231	220	206	192	177	155	109	328.867	504	458	432	402	366	330	297	263	237	194	111	0	0	0.000	0.000	0	0	0	0	0	0	0	0	0	0	0	0	0	0.000	0.000	0	0	0	0	0	0	0	0	0	0	0
146	146	2605	816.935	854.433	450	587	920	539	66	494	1005	740	295	30	504.041	9307	532	371	344	327	308	288	260	223	164	105	346.702	1979	449	411	386	357	326	300	273	218	138	104	1	102	815.517	866.333	0	0	0	4414	0	0	0	1076	0	0	0	1	74	816.779	865.492	0	0	0	4723	0	0	0	1405	0	0	0
147	147	1138	962.985	856.524	178	324	318	253	43	172	496	273	167	16	286.821	416	365	347	329	314	295	279	262	233	183	114	143.886	187	164	158	154	150	146	142	136	128	120	104	0	0	0.000	0.000	0	0	0	0	0	0	0	0	0	0	0	0	0	0.000	0.000	0	0	0	0	0	0	0	0	0	0	0
148	148	1541	1421.031	875.061	342	513	476	162	16	267	512	535	162	45	114.510	131	121	119	117	116	115	113	112	110	108	100	179.800	248	212	203	196	190	184	178	170	157	136	107	0	0	0.000	0.000	0	0	0	0	0	0	0	0	0	0	0	0	0	0.000	0.000	0	0	0	0	0	0	0	0	0	0	0
149	149	2280	1644.971	880.705	732	689	486	283	54	673	796	451	252	77	996.038	1711	1443	1349	1230	1130	1025	922	827	711	415	168	191.242	269	239	227	217	206	195	184	174	158	131	101	0	0	0.000	0.000	0	0	0	0	0	0	0	0	0	0	0	0	0	0.000	0.000	0	0	0	0	0	0	0	0	0	0	0
150	150	2136	899.618	876.869	625	1033	401	23	6	465	1016	446	139	21	707.549	15448	831	388	325	304	281	261	237	202	165	112	358.536	5350	418	271	255	244	233	215	197	173	148	110	1	103	897.093	870.988	0	0	0	7105	0	0	0	2344	0	0	0	1	99	896.762	870.951	0	0	0	7957	0	0	0	2377	0	0	0
151	151	1067	237.999	882.314	146	465	354	74	10	112	353	386	154	40	263.596	369	333	318	300	286	271	254	234	211	182	121	165.459	219	196	187	180	173	166	160	152	144	133	110	0	0	0.000	0.000	0	0	0	0	0	0	0	0	0	0	0	0	0	0.000	0.000	0	0	0	0	0	0	0	0	0	0	0
152	152	1470	1004.344	887.030	388	567	394	91	15	225	454	393	286	87	997.761	1742	1367	1246	1127	1053	1005	954	887	804	587	207	240.221	348	305	284	266	251	242	233	222	203	169	113	0	0	0.000	0.000	0	0	0	0	0	0	0	0	0	0	0	0	0	0.000	0.000	0	0	0	0	0	0	0	0	0	0	0
153	153	2612	772.911	896.910	453	816	897	359	48	412	1318	622	197	21	261.932	5014	299	256	232	212	198	185	172	154	127	101	290.114	771	417	381	343	312	287	265	242	201	142	104	1	57	780.435	897.867	0	0	0	2136	0	0	0	556	0	0	0	1	12	779.237	896.325	0	0	0	2618	0	0	0	711	0	0	0
154	154	1198	196.184	895.721	130	319	429	222	72	206	603	273	68	22	231.067	301	266	256	249	241	233	226	218	209	193	126	476.375	656	599	573	544	510	478	450	427	401	354	154	0	0	0.000	0.000	0	0	0	0	0	0	0	0	0	0	0	0	0	0.000	0.000	0	0	0	0	0	0	0	0	0	0	0
155	155	1891	1343.184	905.241	318	677	632	204	23	312	717	614	176	34	821.854	1376	1170	1044	960	901	831	756	677	599	491	196	106.628	119	110	109	108	107	106	106	105	104	103	98	0	0	0.000	0.000	0	0	0	0	0	0	0	0	0	0	0	0	0	0.000	0.000	0	0	0	0	0	0	0	0	0	0	0
156	156	1102	1738.742	898.626	97	403	344	212	21	90	448	378	155	16	1083.376	1791	1514	1343	1264	1207	1143	1047	922	782	618	212	194.720	269	235	224	215	208	200	188	178	165	148	109	0	0	0.000	0.000	0	0	0	0	0	0	0	0	0	0	0	0	0	0.000	0.000	0	0	0	0	0	0	0	0	0	0	0
157	157	1906	367.662	908.872	358	724	559	211	15	232	715	603	232	81	579.517	839	751	714	679	640	593	552	515	464	371	168	119.121	139	128	125	123	121	119	118	116	113	110	100	0	0	0.000	0.000	0	0	0	0	0	0	0	0	0	0	0	0	0	0.000	0.000	0	0	0	0	0	0	0	0	0	0	0
158	158	1322	422.070	905.650	199	333	381	340	53	178	336	347	338	99	444.746	699	571	536	508	481	450	422	398	366	295	142	118.520	147	131	127	123	120	117	115	113	111	108	97	0	0	0.000	0.000	0	0	0	0	0	0	0	0	0	0	0	0	0	0.000	0.000	0	0	0	0	0	0	0	0	0	0	0
159	159	2126	1566.498	913.029	566	721	634	146	23	429	805	557	237	56	1447.549	9688	1958	1774	1619	1458	1337	1207	1091	951	700	235	333.697	2915	427	372	342	314	289	267	246	223	180	106	1	39	1571.115	905.957	0	0	0	6620	0	0	0	1858	0	0	0	1	53	1570.892	904.806	0	0	0	4479	0	0	0	1542	0	0	0
160	160	1874	1510.879	917.449	481	270	574	469	57	435	474	604	217	106	1133.922	4501	1657	1551	1444	1312	1146	988	854	724	464	169	271.728	1201	355	336	317	293	271	244	221	197	156	108	0	0	0.000	0.000	0	0	0	0	0	0	0	0	0	0	0	1	17	1521.854	928.831	0	0	0	3138	0	0	0	956	0	0	0
161	161	1498	1693.168	914.038	249	464	541	176	38	181	416	521	326	32	1018.397	1591	1385	1323	1249	1152	1052	946	820	705	621	181	182.840	244	219	211	203	194	185	175	164	156	145	112	0	0	0.000	0.000	0	0	0	0	0	0	0	0	0	0	0	0	0	0.000	0.000	0	0	0	0	0	0	0	0	0	0	0
162	162	1633	945.530	916.709	309	422	590	252	26	250	295	691	274	100	252.844	367	322	304	287	271	259	247	232	208	167	111	200.740	298	254	240	226	214	204	194	184	166	135	103	0	0	0.000	0.000	0	0	0	0	0	0	0	0	0	0	0	0	0	0.000	0.000	0	0	0	0	0	0	0	0	0	0	0
163	163	2283	1272.732	949.417	1846	329	45	34	15	1889	296	53	19	11	877.446	1778	1296	1122	1011	920	842	785	717	633	484	203	112.594	133	119	116	115	113	112	111	110	109	107	100	0	0	0.000	0.000	0	0	0	0	0	0	0	0	0	0	0	0	0	0.000	0.000	0	0	0	0	0	0	0	0	0	0	0
164	164	1641	399.018	950.935	262	693	507	121	20	126	704	549	208	23	787.944	7011	999	867	782	710	644	579	532	474	391	171	216.989	1276	260	232	217	205	195	183	174	164	148	104	1	49	407.722	943.518	0	0	0	4073	0	0	0	475	0	0	0	1	50	409.311	944.009	0	0	0	3830	0	0	0	785	0	0	0
165	165	2254	1385.745	956.986	612	1353	213	34	12	358	1317	459	65	15	1232.405	14542	1329	1117	1038	976	921	865	782	678	539	222	244.602	2266	254	220	210	203	195	188	178	167	153	111	1	98	1372.182	956.320	0	0	0	7389	0	0	0	1185	0	0	0	1	101	1372.876	955.772	0	0	0	7266	0	0	0	1172	0	0	0
166	166	1446	1596.064	954.665	131	328	592	324	46	106	385	576	275	64	115.672	133	121	119	118	117	116	114	113	112	110	104	136.898	168	151	148	144	141	138	135	132	127	118	103	0	0	0.000	0.000	0	0	0	0	0	0	0	0	0	0	0	0	0	0.000	0.000	0	0	0	0	0	0	0	0	0	0	0
167	167	1055	1213.755	951.817	100	225	364	253	96	95	363	376	159	43	294.885	421	361	345	331	319	304	288	270	250	215	125	108.585	124	113	112	110	109	108	107	106	106	104	99	0	0	0.000	0.000	0	0	0	0	0	0	0	0	0	0	0	0	0	0.000	0.000	0	0	0	0	0	0	0	0	0	0	0
168	168	1903	1001.934	964.801	390	640	655	158	27	262	429	777	281	109	788.484	5571	1005	932	874	816	767	704	635	563	365	152	229.473	1150	285	267	252	237	222	210	198	178	139	104	1	33	997.913	950.513	0	0	0	3291	0	0	0	573	0	0	0	1	31	998.009	948.412	0	0	0	1721	0	0	0	734	0	0	0
169	169	1414	1512.793	974.514	176	460	533	199	17	142	364	586	220	70	717.515	1117	961	898	847	794	741	691	620	551	448	127	168.268	226	200	193	185	178	171	164	156	146	129	103	0	0	0.000	0.000	0	0	0	0	0	0	0	0	0	0	0	0	0	0.000	0.000	0	0	0	0	0	0	0	0	0	0	0
170	170	1344	1694.356	976.929	211	489	479	120	23	240	734	254	76	17	528.923	776	660	639	610	578	545	513	482	441	349	189	110.682	134	119	115	113	111	109	108	107	106	105	99	0	0	0.000	0.000	0	0	0	0	0	0	0	0	0	0	0	0	0	0.000	0.000	0	0	0	0	0	0	0	0	0	0	0
171	171	1671	200.437	985.798	434	710	398	77	32	422	763	348	81	32	280.332	2708	319	296	281	268	255	240	224	198	154	111	177.215	617	209	198	190	183	176	169	160	148	126	103	1	34	191.924	974.040	0	0	0	1510	0	0	0	416	0	0	0	1	25	192.050	974.171	0	0	0	1793	0	0	0	461	0	0	0
172	172	1078	596.912	982.130	186	227	254	283	104	235	361	260	151	40	110.680	124	116	114	113	112	111	110	108	107	105	100	311.872	556	486	423	365	324	302	275	247	214	162	112	0	0	0.000	0.000	0	0	0	0	0	0	0	0	0	0	0	0	0	0.000	0.000	0	0	0	0	0	0	0	0	0	0	0
173	173	1322	1237.967	988.843	185	402	436	209	60	140	498	484	145	30	340.443	505	446	419	391	368	344	320	294	265	237	136	111.905	125	118	115	114	113	112	111	109	108	107	101	0	0	0.000	0.000	0	0	0	0	0	0	0	0	0	0	0	0	0	0.000	0.000	0	0	0	0	0	0	0	0	0	0	0
174	174	1815	1557.993	1001.754	231	529	785	215	19	185	646	618	268	59	115.743	131	121	119	118	117	116	115	114	112	110	101	145.068	193	166	158	152	148	145	141	138	133	125	102	0	0	0.000	0.000	0	0	0	0	0	0	0	0	0	0	0	0	0	0.000	0.000	0	0	0	0	0	0	0	0	0	0	0
175	175	691	1290.885	990.005	145	221	177	108	30	186	257	182	49	9	593.058	939	781	736	702	668	633	588	533	444	304	170	117.088	134	124	121	120	118	117	116	114	113	111	103	0	0	0.000	0.000	0	0	0	0	0	0	0	0	0	0	0	0	0	0.000	0.000	0	0	0	0	0	0	0	0	0	0	0
176	176	1296	415.165	999.543	229	277	404	309	51	176	366	462	177	91	525.655	845	729	677	627	581	537	490	447	396	277	143	174.341	243	215	202	192	184	176	165	158	149	131	106	0	0	0.000	0.000	0	0	0	0	0	0	0	0	0	0	0	0	0	0.000	0.000	0	0	0	0	0	0	0	0	0	0	0
177	177	1165	1395.258	1009.700	95	323	368	254	93	78	381	504	157	26	602.615	811	745	708	683	657	634	606	558	489	407	226	908.543	1300	1200	1149	1104	1050	986	908	796	655	472	214	0	0	0.000	0.000	0	0	0	0	0	0	0	0	0	0	0	0	0	0.000	0.000	0	0	0	0	0	0	0	0	0	0	0
178	178	2333	612.627	1030.772	686	743	581	241	42	972	867	369	63	11	112.722	127	119	117	115	114	113	112	110	109	106	99	502.099	888	720	643	597	565	524	475	423	359	243	111	0	0	0.000	0.000	0	0	0	0	0	0	0	0	0	0	0	0	0	0.000	0.000	0	0	0	0	0	0	0	0	0	0	0
179	179	1155	1686.277	1025.471	190	399	419	113	17	128	317	451	167	63	802.526	1417	1267	1115	951	827	768	721	666	570	374	140	111.604	130	119	117	115	113	111	110	108	106	104	95	0	0	0.000	0.000	0	0	0	0	0	0	0	0	0	0	0	0	0	0.000	0.000	0	0	0	0	0	0	0	0	0	0	0
180	180	1320	1162.939	1033.025	388	316	370	204	24	329	461	357	137	26	127.054	158	140	135	132	129	126	124	122	119	115	102	1278.769	2151	1839	1719	1617	1513	1369	1229	1044	817	505	201	0	0	0.000	0.000	0	0	0	0	0	0	0	0	0	0	0	0	0	0.000	0.000	0	0	0	0	0	0	0	0	0	0	0
181	181	1560	1591.252	1035.274	167	427	600	284	58	180	715	456	158	23	630.793	990	842	777	725	677	634	590	548	507	410	190	107.416	120	111	110	109	108	107	106	106	105	104	98	0	0	0.000	0.000	0	0	0	0	0	0	0	0	0	0	0	0	0	0.000	0.000	0	0	0	0	0	0	0	0	0	0	0
182	182	1852	1820.023	1059.349	275	537	735	241	32	193	468	734	329	101	287.767	422	361	340	328	317	306	288	261	226	182	111	251.626	352	314	297	288	278	266	248	225	200	167	110	0	0	0.000	0.000	0	0	0	0	0	0	0	0	0	0	0	0	0	0.000	0.000	0	0	0	0	0	0	0	0	0	0	0
183	183	1571	472.454	1060.907	319	530	535	151	10	170	491	585	232	60	352.781	1554	459	424	397	368	340	318	295	260	213	128	142.554	279	166	159	152	146	141	136	132	126	118	104	1	20	466.614	1059.507	0	0	0	1050	0	0	0	219	0	0	0	0	0	0.000	0.000	0	0	0	0	0	0	0	0	0	0	0
184	184	1523	1394.533	1062.302	284	497	483	198	27	271	548	497	171	12	892.670	14241	1421	512	351	295	273	256	235	211	186	124	227.831	1475	317	213	190	179	171	165	158	151	141	112	1	123	1395.167	1061.260	0	0	0	6440	0	0	0	729	0	0	0	1	100	1395.286	1061.117	0	0	0	7718	0	0	0	859	0	0	0
185	185	1654	521.486	1084.059	245	471	509	351	51	207	592	546	201	79	374.570	4012	443	411	391	364	340	317	300	272	199	116	148.952	630	162	155	151	148	144	140	136	130	121	104	1	36	535.667	1074.479	0	0	0	1903	0	0	0	197	0	0	0	1	37	534.940	1077.520	0	0	0	832	0	0	0	355	0	0	0
186	186	1428	1206.753	1087.081	384	382	432	179	31	332	414	441	162	50	414.049	4859	514	380	343	316	297	279	263	239	197	124	215.469	884	252	234	223	214	204	196	186	171	145	110	1	56	1211.175	1099.547	0	0	0	2528	0	0	0	546	0	0	0	1	39	1211.230	1098.441	0	0	0	2381	0	0	0	626	0	0	0
187	187	1582	1502.000	1100.393	337	459	501	233	24	326	553	498	160	8	116.633	131	123	121	119	118	117	116	114	112	110	101	151.138	218	179	170	162	156	150	145	141	132	120	103	0	0	0.000	0.000	0	0	0	0	0	0	0	0	0	0	0	0	0	0.000	0.000	0	0	0	0	0	0	0	0	0	0	0
188	188	1297	1158.203	1121.693	192	438	495	132	16	119	429	466	188	68	298.979	440	377	360	344	325	305	283	262	241	211	118	183.484	251	219	211	203	196	186	179	171	159	138	108	0	0	0.000	0.000	0	0	0	0	0	0	0	0	0	0	0	0	0	0.000	0.000	0	0	0	0	0	0	0	0	0	0	0
189	189	1315	1540.091	1127.552	346	427	394	117	9	238	551	304	170	29	117.242	134	125	123	121	119	118	116	114	112	109	102	151.075	189	174	170	164	159	154	147	141	133	123	107	0	0	0.000	0.000	0	0	0	0	0	0	0	0	0	0	0	0	0	0.000	0.000	0	0	0	0	0	0	0	0	0	0	0
190	190	1854	1112.087	1138.183	354	524	706	185	52	382	821	484	117	15	921.839	1384	1176	1122	1071	1027	989	941	879	774	500	131	114.065	133	120	118	117	116	114	113	112	110	107	98	0	0	0.000	0.000	0	0	0	0	0	0	0	0	0	0	0	0	0	0.000	0.000	0	0	0	0	0	0	0	0	0	0	0
191	191	1944	1300.694	1149.415	243	533	758	323	51	234	681	690	246	57	124.541	164	140	133	129	126	123	121	118	115	112	102	346.897	573	482	446	404	370	346	321	299	269	201	117	0	0	0.000	0.000	0	0	0	0	0	0	0	0	0	0	0	0	0	0.000	0.000	0	0	0	0	0	0	0	0	0	0	0
192	192	561	701.819	1157.387	52	207	182	87	20	15	109	251	122	54	218.253	283	257	249	241	233	225	216	207	191	163	118	130.519	150	141	139	136	134	132	130	127	123	117	106	0	0	0.000	0.000	0	0	0	0	0	0	0	0	0	0	0	0	0	0.000	0.000	0	0	0	0	0	0	0	0	0	0	0
193	193	1619	1802.669	1169.972	429	609	369	158	30	404	609	362	164	45	117.006	134	124	122	120	118	117	116	114	112	110	99	118.900	155	136	129	122	118	116	114	112	110	108	99	0	0	0.000	0.000	0	0	0	0	0	0	0	0	0	0	0	0	0	0.000	0.000	0	0	0	0	0	0	0	0	0	0	0
194	194	1482	1531.760	1174.732	252	560	459	156	28	196	554	454	217	34	325.151	524	422	389	369	346	325	305	289	265	222	124	106.139	123	111	109	107	106	106	105	104	103	102	97	0	0	0.000	0.000	0	0	0	0	0	0	0	0	0	0	0	0	0	0.000	0.000	0	0	0	0	0	0	0	0	0	0	0
195	195	1789	224.990	1185.063	179	448	759	346	20	169	499	723	267	83	111.283	126	117	115	113	112	111	110	109	108	106	97	144.932	182	167	159	154	149	145	141	136	131	124	107	0	0	0.000	0.000	0	0	0	0	0	0	0	0	0	0	0	0	0	0.000	0.000	0	0	0	0	0	0	0	0	0	0	0
196	196	1648	1928.484	1190.312	186	552	578	277	21	136	661	525	241	61	305.669	2620	353	313	296	282	268	254	239	220	193	121	186.510	553	226	214	203	192	180	170	161	153	143	113	1	41	1936.179	1173.984	0	0	0	1361	0	0	0	362	0	0	0	1	23	1935.492	1174.225	0	0	0	1690	0	0	0	419	0	0	0
197	197	975	405.073	1183.133	90	197	356	250	58	89	255	405	185	22	619.135	922	781	737	704	674	645	609	572	509	399	208	120.370	138	130	127	125	123	121	119	117	114	110	100	0	0	0.000	0.000	0	0	0	0	0	0	0	0	0	0	0	0	0	0.000	0.000	0	0	0	0	0	0	0	0	0	0	0
198	198	2013	1485.700	1198.769	646	869	351	76	33	650	926	318	58	21	345.741	576	470	438	408	378	352	321	290	254	215	119	107.650	129	115	111	109	107	106	106	105	104	103	98	0	0	0.000	0.000	0	0	0	0	0	0	0	0	0	0	0	0	0	0.000	0.000	0	0	0	0	0	0	0	0	0	0	0
199	199	561	476.745	1194.943	34	165	243	88	21	47	220	221	44	16	232.180	286	265	259	253	249	244	236	228	211	177	113	122.084	145	132	129	127	125	123	121	118	115	111	101	0	0	0.000	0.000	0	0	0	0	0	0	0	0	0	0	0	0	0	0.000	0.000	0	0	0	0	0	0	0	0	0	0	0
200	200	1784	921.141	1203.854	793	631	293	32	10	700	589	348	117	11	113.887	144	125	120	117	114	112	111	109	107	105	97	315.395	496	437	417	395	368	337	298	258	208	146	112	0	0	0.000	0.000	0	0	0	0	0	0	0	0	0	0	0	0	0	0.000	0.000	0	0	0	0	0	0	0	0	0	0	0
201	201	2005	520.248	1215.487	246	703	746	248	20	136	609	809	285	113	548.256	824	734	682	642	600	561	522	482	435	331	152	117.404	143	127	124	121	119	118	116	114	111	108	99	0	0	0.000	0.000	0	0	0	0	0	0	0	0	0	0	0	0	0	0.000	0.000	0	0	0	0	0	0	0	0	0	0	0
202	202	2030	1879.623	1212.322	381	448	593	449	119	388	645	669	240	56	117.570	140	125	123	121	119	118	116	115	113	109	100	407.349	620	547	518	491	454	421	382	342	296	243	130	0	0	0.000	0.000	0	0	0	0	0	0	0	0	0	0	0	0	0	0.000	0.000	0	0	0	0	0	0	0	0	0	0	0
203	203	930	1661.023	1203.290	161	448	247	50	10	112	359	310	104	31	127.316	150	136	133	131	130	128	126	124	121	117	103	134.118	158	149	145	142	139	135	131	128	123	117	102	0	0	0.000	0.000	0	0	0	0	0	0	0	0	0	0	0	0	0	0.000	0.000	0	0	0	0	0	0	0	0	0	0	0
204	204	1933	1706.856	1216.045	301	675	699	205	21	229	545	727	311	97	129.862	156	141	138	135	133	130	128	125	122	117	103	140.384	176	159	154	150	146	143	138	133	127	118	101	0	0	0.000	0.000	0	0	0	0	0	0	0	0	0	0	0	0	0	0.000	0.000	0	0	0	0	0	0	0	0	0	0	0
205	205	998	308.788	1219.801	126	282	295	231	43	195	382	285	90	17	449.771	687	611	561	528	497	471	435	392	344	258	142	115.081	136	124	121	119	117	115	113	111	109	106	100	0	0	0.000	0.000	0	0	0	0	0	0	0	0	0	0	0	0	0	0.000	0.000	0	0	0	0	0	0	0	0	0	0	0
206	206	1763	453.218	1228.801	264	535	554	289	98	223	653	565	240	45	235.535	369	307	285	269	254	236	221	206	191	159	112	120.908	146	132	129	126	124	121	119	116	113	108	100	0	0	0.000	0.000	0	0	0	0	0	0	0	0	0	0	0	0	0	0.000	0.000	0	0	0	0	0	0	0	0	0	0	0
207	207	1887	399.944	1233.923	359	681	536	254	27	333	862	457	170	29	764.324	1086	1007	958	900	838	786	730	665	586	487	237	122.294	143	131	129	127	125	123	121	118	116	112	103	0	0	0.000	0.000	0	0	0	0	0	0	0	0	0	0	0	0	0	0.000	0.000	0	0	0	0	0	0	0	0	0	0	0
208	208	1835	240.292	1237.364	191	650	631	298	26	91	549	808	242	103	115.231	133	121	120	118	117	115	114	113	111	109	100	145.357	182	165	159	154	151	147	143	138	131	123	103	0	0	0.000	0.000	0	0	0	0	0	0	0	0	0	0	0	0	0	0.000	0.000	0	0	0	0	0	0	0	0	0	0	0
209	209	1673	1756.791	1243.700	718	844	53	15	13	620	878	99	20	15	131.147	161	143	139	137	134	132	129	127	123	118	103	141.291	176	158	153	150	147	143	140	135	130	122	101	0	0	0.000	0.000	0	0	0	0	0	0	0	0	0	0	0	0	0	0.000	0.000	0	0	0	0	0	0	0	0	0	0	0
210	210	1339	1159.618	1251.143	199	399	434	265	26	130	431	480	187	87	130.845	153	141	138	136	134	132	130	128	124	119	106	184.627	242	213	207	202	196	190	183	175	163	146	113	0	0	0.000	0.000	0	0	0	0	0	0	0	0	0	0	0	0	0	0.000	0.000	0	0	0	0	0	0	0	0	0	0	0
211	211	850	722.718	1259.030	127	241	237	213	16	211	282	266	69	8	255.026	366	317	303	292	280	268	249	228	206	173	110	135.745	161	151	147	144	141	137	134	129	124	118	107	0	0	0.000	0.000	0	0	0	0	0	0	0	0	0	0	0	0	0	0.000	0.000	0	0	0	0	0	0	0	0	0	0	0
212	212	1999	501.427	1270.946	341	980	546	84	11	141	772	686	282	85	499.280	872	658	592	555	531	504	479	446	396	325	173	116.275	135	125	122	120	118	116	115	113	111	108	101	0	0	0.000	0.000	0	0	0	0	0	0	0	0	0	0	0	0	0	0.000	0.000	0	0	0	0	0	0	0	0	0	0	0
213	213	1634	1640.454	1267.860	176	602	616	170	37	259	794	434	97	14	1570.492	2584	2161	1957	1793	1662	1565	1488	1381	1219	1038	183	233.621	350	292	271	256	245	235	227	215	199	175	107	0	0	0.000	0.000	0	0	0	0	0	0	0	0	0	0	0	0	0	0.000	0.000	0	0	0	0	0	0	0	0	0	0	0
214	214	2837	1490.095	1279.318	509	880	994	365	42	443	828	987	430	90	2411.477	4097	3281	3064	2911	2735	2556	2377	2156	1732	1179	249	166.581	222	198	190	185	179	173	165	155	141	122	101	0	0	0.000	0.000	0	0	0	0	0	0	0	0	0	0	0	0	0	0.000	0.000	0	0	0	0	0	0	0	0	0	0	0
215	215	1802	1882.500	1269.836	393	538	628	201	17	284	519	579	291	91	263.099	365	325	310	295	282	270	257	245	220	186	118	256.215	392	332	309	289	272	256	242	227	210	173	116	0	0	0.000	0.000	0	0	0	0	0	0	0	0	0	0	0	0	0	0.000	0.000	0	0	0	0	0	0	0	0	0	0	0
216	216	1792	361.524	1276.348	208	684	654	204	13	175	727	621	209	33	140.713	178	157	153	150	146	142	138	133	129	121	103	199.324	287	245	236	225	212	200	190	177	166	149	106	0	0	0.000	0.000	0	0	0	0	0	0	0	0	0	0	0	0	0	0.000	0.000	0	0	0	0	0	0	0	0	0	0	0
217	217	1268	416.524	1280.746	172	425	398	206	35	143	503	417	145	41	135.488	158	148	144	142	139	137	134	131	127	121	105	185.385	240	213	206	200	194	188	183	177	167	150	111	0	0	0.000	0.000	0	0	0	0	0	0	0	0	0	0	0	0	0	0.000	0.000	0	0	0	0	0	0	0	0	0	0	0
218	218	742	247.861	1281.188	49	161	327	160	26	64	295	270	93	7	113.922	125	119	117	116	115	114	113	112	111	109	103	145.204	176	163	158	155	151	148	144	138	133	122	105	0	0	0.000	0.000	0	0	0	0	0	0	0	0	0	0	0	0	0	0.000	0.000	0	0	0	0	0	0	0	0	0	0	0
219	219	2284	1684.399	1300.198	523	857	710	147	14	398	703	800	296	50	894.436	1470	1254	1151	1064	985	911	842	766	670	497	144	129.762	190	156	140	134	130	127	124	121	117	111	100	0	0	0.000	0.000	0	0	0	0	0	0	0	0	0	0	0	0	0	0.000	0.000	0	0	0	0	0	0	0	0	0	0	0
220	220	1764	98.537	1299.388	183	439	722	336	50	157	498	764	230	77	692.010	8554	863	557	520	494	470	441	406	350	274	127	166.681	1018	191	156	149	146	142	138	135	128	120	102	1	85	90.060	1300.579	0	0	0	4239	0	0	0	526	0	0	0	1	87	90.924	1300.657	0	0	0	4233	0	0	0	535	0	0	0
221	221	2127	1743.326	1306.652	391	546	792	318	39	351	778	715	217	18	988.680	1457	1293	1239	1166	1075	1000	939	873	790	626	199	133.801	188	160	147	138	133	129	126	124	121	117	105	0	0	0.000	0.000	0	0	0	0	0	0	0	0	0	0	0	0	0	0.000	0.000	0	0	0	0	0	0	0	0	0	0	0
222	222	1777	1234.532	1316.232	291	638	595	212	11	203	648	577	243	61	214.159	3714	225	202	194	188	181	174	167	158	144	107	213.553	746	249	235	227	218	209	200	191	178	155	106	1	29	1227.263	1310.418	0	0	0	1533	0	0	0	392	0	0	0	1	23	1227.275	1311.729	0	0	0	1345	0	0	0	581	0	0	0
223	223	1736	326.532	1317.989	255	389	575	359	126	250	709	494	196	59	208.326	307	257	243	232	224	213	203	190	173	147	111	140.065	192	166	156	150	144	139	134	129	123	116	102	0	0	0.000	0.000	0	0	0	0	0	0	0	0	0	0	0	0	0	0.000	0.000	0	0	0	0	0	0	0	0	0	0	0
224	224	982	1617.992	1312.868	204	227	349	164	21	186	267	351	131	30	1412.343	2282	2034	1880	1767	1632	1462	1301	1207	985	613	242	224.381	319	284	271	259	244	228	214	202	180	152	111	0	0	0.000	0.000	0	0	0	0	0	0	0	0	0	0	0	0	0	0.000	0.000	0	0	0	0	0	0	0	0	0	0	0
225	225	535	386.911	1312.239	67	112	136	139	66	59	159	165	118	28	218.875	279	259	249	242	234	225	217	205	190	172	125	134.170	165	151	148	144	140	136	132	126	121	113	99	0	0	0.000	0.000	0	0	0	0	0	0	0	0	0	0	0	0	0	0.000	0.000	0	0	0	0	0	0	0	0	0	0	0
226	226	1589	451.428	1324.339	225	492	496	303	39	194	523	549	227	65	226.567	1594	272	250	233	218	206	195	187	178	154	110	143.855	282	165	157	151	146	142	138	134	130	122	104	1	33	443.248	1329.435	0	0	0	929	0	0	0	188	0	0	0	0	0	0.000	0.000	0	0	0	0	0	0	0	0	0	0	0
227	227	1053	514.623	1323.402	217	357	311	139	14	109	445	296	148	38	419.000	616	538	510	486	458	433	413	387	338	254	131	116.032	139	126	123	120	118	116	114	111	109	106	99	0	0	0.000	0.000	0	0	0	0	0	0	0	0	0	0	0	0	0	0.000	0.000	0	0	0	0	0	0	0	0	0	0	0
228	228	2540	1521.155	1343.345	353	668	996	439	33	241	638	1178	376	61	2146.360	3302	2785	2642	2529	2417	2271	2115	1980	1712	1172	310	160.305	211	183	177	171	167	163	159	153	144	132	105	0	0	0.000	0.000	0	0	0	0	0	0	0	0	0	0	0	0	0	0.000	0.000	0	0	0	0	0	0	0	0	0	0	0
229	229	1514	591.951	1341.782	290	446	414	278	58	224	671	388	173	35	111.736	126	117	115	114	113	112	111	110	108	106	99	227.890	329	286	271	256	245	234	221	207	187	157	108	0	0	0.000	0.000	0	0	0	0	0	0	0	0	0	0	0	0	0	0.000	0.000	0	0	0	0	0	0	0	0	0	0	0
230	230	1699	407.062	1348.429	264	400	579	349	75	261	782	422	173	37	329.466	4676	366	297	277	261	247	232	218	200	173	116	155.702	988	168	157	151	147	142	138	134	128	118	105	1	48	421.333	1349.670	0	0	0	2499	0	0	0	478	0	0	0	1	49	422.240	1349.933	0	0	0	1766	0	0	0	535	0	0	0
231	231	1662	1839.991	1345.001	286	467	557	268	46	209	508	555	298	58	115.212	131	122	120	119	117	116	114	112	110	107	99	406.912	627	562	539	511	479	438	390	340	271	179	115	0	0	0.000	0.000	0	0	0	0	0	0	0	0	0	0	0	0	0	0.000	0.000	0	0	0	0	0	0	0	0	0	0	0
232	232	621	111.864	1340.037	311	205	68	9	10	237	242	90	28	11	293.077	421	363	346	334	322	310	290	267	239	196	122	104.662	115	109	107	106	105	104	104	103	102	101	95	0	0	0.000	0.000	0	0	0	0	0	0	0	0	0	0	0	0	0	0.000	0.000	0	0	0	0	0	0	0	0	0	0	0
233	233	1421	1922.674	1351.657	342	444	354	220	34	312	515	369	163	27	112.776	133	120	118	116	114	112	111	109	108	106	100	536.582	880	763	712	670	619	556	496	437	359	261	133	0	0	0.000	0.000	0	0	0	0	0	0	0	0	0	0	0	0	0	0.000	0.000	0	0	0	0	0	0	0	0	0	0	0
234	234	1639	1271.913	1357.645	201	420	667	292	24	127	488	717	203	64	111.056	125	116	114	113	112	111	110	109	108	106	98	105.327	118	110	108	107	106	105	104	103	102	101	96	0	0	0.000	0.000	0	0	0	0	0	0	0	0	0	0	0	0	0	0.000	0.000	0	0	0	0	0	0	0	0	0	0	0
235	235	1859	356.119	1361.012	235	420	689	422	65	147	636	735	257	46	554.603	10808	693	354	286	259	239	220	205	192	169	111	179.563	1408	217	171	156	149	143	137	133	127	117	102	1	92	352.892	1357.715	0	0	0	5226	0	0	0	684	0	0	0	1	94	353.171	1357.451	0	0	0	5186	0	0	0	670	0	0	0
236	236	1702	1608.293	1363.876	348	722	501	91	12	229	685	558	166	29	171.306	1897	187	174	165	160	155	149	145	140	134	108	183.451	267	220	207	198	189	182	175	168	160	148	113	1	19	1605.332	1358.788	0	0	0	879	0	0	0	207	0	0	0	0	0	0.000	0.000	0	0	0	0	0	0	0	0	0	0	0
237	237	1017	1213.947	1361.973	172	260	363	168	27	120	260	409	169	42	162.904	215	190	180	174	168	164	159	154	147	134	105	190.936	262	233	220	207	198	191	185	178	166	146	103	0	0	0.000	0.000	0	0	0	0	0	0	0	0	0	0	0	0	0	0.000	0.000	0	0	0	0	0	0	0	0	0	0	0
238	238	2065	299.762	1369.832	519	1032	428	28	21	535	1160	277	28	22	393.887	4112	516	433	394	365	339	312	291	265	212	112	149.426	613	167	158	152	148	143	139	135	130	119	98	1	46	287.343	1359.213	0	0	0	2023	0	0	0	380	0	0	0	1	44	287.231	1359.838	0	0	0	2049	0	0	0	391	0	0	0
239	239	1521	1484.841	1377.729	260	406	502	264	70	263	728	333	146	32	1404.450	2268	2012	1856	1746	1617	1470	1311	1148	964	692	189	148.976	193	175	170	163	155	148	143	137	130	122	103	0	0	0.000	0.000	0	0	0	0	0	0	0	0	0	0	0	0	0	0.000	0.000	0	0	0	0	0	0	0	0	0	0	0
240	240	1140	635.665	1380.761	280	426	326	79	15	230	390	328	139	33	398.042	589	534	511	489	467	439	397	339	270	189	115	142.718	175	164	159	156	152	146	141	133	124	115	98	0	0	0.000	0.000	0	0	0	0	0	0	0	0	0	0	0	0	0	0.000	0.000	0	0	0	0	0	0	0	0	0	0	0
241	241	1408	109.481	1382.054	111	416	570	239	38	70	506	538	188	68	141.355	169	155	151	148	145	142	139	136	132	127	111	130.391	155	142	139	137	134	131	128	125	121	117	104	0	0	0.000	0.000	0	0	0	0	0	0	0	0	0	0	0	0	0	0.000	0.000	0	0	0	0	0	0	0	0	0	0	0
242	242	1429	253.592	1395.146	212	528	467	167	27	170	465	523	204	38	279.139	427	369	347	326	308	289	274	254	219	153	101	132.871	162	150	145	141	137	134	131	126	120	113	101	0	0	0.000	0.000	0	0	0	0	0	0	0	0	0	0	0	0	0	0.000	0.000	0	0	0	0	0	0	0	0	0	0	0
243	243	552	439.577	1384.549	119	195	170	48	12	65	150	201	101	23	279.154	361	326	313	301	292	285	274	266	250	221	160	477.321	628	575	552	533	514	497	471	441	404	354	203	0	0	0.000	0.000	0	0	0	0	0	0	0	0	0	0	0	0	0	0.000	0.000	0	0	0	0	0	0	0	0	0	0	0
244	244	1252	404.764	1399.761	228	365	395	202	37	166	325	444	214	78	280.954	1756	321	295	281	270	261	251	240	223	193	116	204.990	361	241	230	222	215	210	204	196	180	154	108	1	33	413.780	1389.515	0	0	0	956	0	0	0	293	0	0	0	0	0	0.000	0.000	0	0	0	0	0	0	0	0	0	0	0
245	245	1385	1856.405	1408.617	245	432	519	129	26	181	445	533	184	19	652.299	1060	874	809	767	726	688	647	593	493	350	121	150.650	191	172	167	162	158	154	150	144	135	123	102	0	0	0.000	0.000	0	0	0	0	0	0	0	0	0	0	0	0	0	0.000	0.000	0	0	0	0	0	0	0	0	0	0	0
246	246	1007	1582.311	1405.921	114	253	350	230	36	99	325	396	113	56	145.362	179	163	156	152	149	146	143	140	135	127	105	175.076	234	206	197	191	185	178	172	164	156	138	105	0	0	0.000	0.000	0	0	0	0	0	0	0	0	0	0	0	0	0	0.000	0.000	0	0	0	0	0	0	0	0	0	0	0
247	247	1711	1904.112	1413.669	281	746	477	151	25	300	906	368	101	11	701.642	2397	908	839	796	754	714	672	621	559	439	146	151.484	286	171	165	160	155	152	148	143	137	129	106	0	0	0.000	0.000	0	0	0	0	0	0	0	0	0	0	0	0	0	0.000	0.000	0	0	0	0	0	0	0	0	0	0	0
248	248	2049	929.797	1430.393	519	944	484	51	10	329	871	563	209	36	1086.528	1753	1470	1357	1282	1208	1147	1090	1000	867	519	167	114.026	185	129	122	117	113	110	108	107	105	104	97	0	0	0.000	0.000	0	0	0	0	0	0	0	0	0	0	0	2	67	941.438	1426.754	39	929.360	1414.511	1292	0	1148	0	148	0	136	0
249	249	1714	1493.541	1428.163	373	499	575	208	29	292	408	670	227	78	1752.733	3012	2569	2356	2177	2012	1830	1634	1426	1150	822	209	161.282	227	196	186	179	170	162	154	146	137	123	102	0	0	0.000	0.000	0	0	0	0	0	0	0	0	0	0	0	0	0	0.000	0.000	0	0	0	0	0	0	0	0	0	0	0
250	250	1580	319.428	1433.497	379	550	451	140	31	283	639	421	175	35	733.733	10379	1281	446	314	275	250	225	201	179	152	117	241.129	1537	328	240	222	206	190	174	159	148	129	104	1	135	312.375	1432.932	0	0	0	4991	0	0	0	741	0	0	0	1	103	312.452	1432.748	0	0	0	6375	0	0	0	884	0	0	0
251	251	2358	1600.694	1455.399	253	665	926	406	71	163	683	1032	349	84	641.539	12737	736	442	383	346	323	305	287	270	239	159	466.647	3354	599	500	452	421	394	371	342	305	259	152	1	102	1602.282	1464.186	0	0	0	5666	0	0	0	1830	0	0	0	1	86	1602.434	1464.046	0	0	0	6744	0	0	0	1978	0	0	0
252	252	1390	269.378	1441.135	376	463	338	160	19	268	538	394	129	31	112.502	124	118	116	115	114	113	111	110	109	107	101	158.113	207	181	175	170	165	161	156	149	141	129	106	0	0	0.000	0.000	0	0	0	0	0	0	0	0	0	0	0	0	0	0.000	0.000	0	0	0	0	0	0	0	0	0	0	0
253	253	1855	611.363	1457.556	313	687	630	174	20	286	725	552	215	36	900.773	1483	1214	1104	1046	991	932	872	803	677	514	248	180.029	236	214	206	199	191	184	175	165	153	139	111	0	0	0.000	0.000	0	0	0	0	0	0	0	0	0	0	0	0	0	0.000	0.000	0	0	0	0	0	0	0	0	0	0	0
254	254	1732	1877.213	1473.955	288	550	615	231	26	185	345	678	378	119	123.708	143	133	130	128	126	124	122	120	117	114	102	107.359	127	115	111	109	107	106	105	104	104	102	96	0	0	0.000	0.000	0	0	0	0	0	0	0	0	0	0	0	0	0	0.000	0.000	0	0	0	0	0	0	0	0	0	0	0
255	255	1275	1333.972	1474.218	447	312	279	185	30	370	422	307	141	21	115.562	138	125	122	119	117	115	113	111	109	107	100	381.893	615	524	501	483	462	423	368	307	236	168	116	0	0	0.000	0.000	0	0	0	0	0	0	0	0	0	0	0	0	0	0.000	0.000	0	0	0	0	0	0	0	0	0	0	0
256	256	1790	337.261	1482.037	258	503	611	320	60	259	806	474	185	28	220.678	319	281	270	258	243	226	209	190	170	150	110	192.054	271	250	238	226	211	195	177	162	146	131	103	0	0	0.000	0.000	0	0	0	0	0	0	0	0	0	0	0	0	0	0.000	0.000	0	0	0	0	0	0	0	0	0	0	0
257	257	1029	1552.950	1480.568	307	342	220	134	14	227	324	280	130	42	124.164	147	134	131	129	127	125	123	120	117	113	104	113.708	137	124	119	116	114	112	111	109	108	106	101	0	0	0.000	0.000	0	0	0	0	0	0	0	0	0	0	0	0	0	0.000	0.000	0	0	0	0	0	0	0	0	0	0	0
258	258	2164	254.570	1493.371	703	934	409	80	12	572	1072	402	72	14	120.166	137	128	125	124	122	121	119	117	115	112	101	208.986	300	265	250	236	225	212	201	188	169	143	110	0	0	0.000	0.000	0	0	0	0	0	0	0	0	0	0	0	0	0	0.000	0.000	0	0	0	0	0	0	0	0	0	0	0
259	259	1879	572.679	1495.136	451	724	494	164	17	350	748	501	203	42	825.121	1381	1097	1017	960	901	849	796	739	648	473	197	165.638	217	193	186	181	175	168	163	155	146	131	105	0	0	0.000	0.000	0	0	0	0	0	0	0	0	0	0	0	0	0	0.000	0.000	0	0	0	0	0	0	0	0	0	0	0
260	260	2453	1584.760	1522.093	437	999	777	172	24	320	947	882	241	21	1518.718	19011	3115	754	512	452	397	359	327	300	247	127	620.324	4392	994	558	493	447	407	371	337	302	248	121	1	262	1580.670	1525.873	0	0	0	9885	0	0	0	2412	0	0	0	1	224	1580.946	1525.456	0	0	0	11691	0	0	0	2658	0	0	0
261	261	1092	374.824	1509.947	529	269	159	95	22	495	263	185	107	27	377.759	594	524	492	457	418	381	340	303	276	236	114	108.947	133	117	113	111	109	108	106	105	105	104	99	0	0	0.000	0.000	0	0	0	0	0	0	0	0	0	0	0	0	0	0.000	0.000	0	0	0	0	0	0	0	0	0	0	0
262	262	2087	1280.591	1536.024	336	674	652	331	52	343	788	617	229	63	957.686	1826	1430	1272	1188	1121	1013	867	742	588	422	149	189.540	288	244	224	213	204	191	178	164	148	133	103	0	0	0.000	0.000	0	0	0	0	0	0	0	0	0	0	0	0	0	0.000	0.000	0	0	0	0	0	0	0	0	0	0	0
263	263	1574	414.551	1532.269	365	610	388	140	38	390	735	320	87	12	402.333	633	545	498	473	446	416	385	347	300	235	132	109.044	129	118	113	111	109	108	107	106	105	103	99	0	0	0.000	0.000	0	0	0	0	0	0	0	0	0	0	0	0	0	0.000	0.000	0	0	0	0	0	0	0	0	0	0	0
264	264	1489	680.259	1532.251	290	586	387	181	16	222	404	424	290	121	611.363	6785	687	596	559	537	506	471	431	378	288	142	218.890	1224	247	231	223	213	203	194	181	166	143	107	1	46	687.522	1531.130	0	0	0	3671	0	0	0	748	0	0	0	1	46	687.541	1531.175	0	0	0	3671	0	0	0	748	0	0	0
265	265	1809	1337.627	1532.858	471	539	512	207	52	396	714	413	192	56	1852.847	21133	3781	1158	845	757	673	628	555	431	292	130	283.418	2393	499	213	182	172	165	157	145	128	113	100	1	193	1332.978	1529.305	0	0	0	11046	0	0	0	1054	0	0	0	1	183	1333.240	1528.141	0	0	0	10068	0	0	0	1207	0	0	0
266	266	1369	1006.441	1546.292	218	490	465	151	21	140	608	394	162	40	296.291	464	383	356	335	315	296	279	262	242	204	120	187.329	271	230	218	207	196	185	177	169	160	145	112	0	0	0.000	0.000	0	0	0	0	0	0	0	0	0	0	0	0	0	0.000	0.000	0	0	0	0	0	0	0	0	0	0	0
267	267	1336	940.480	1567.079	292	511	380	116	17	204	572	340	166	31	295.025	2506	338	312	295	284	273	261	248	228	186	125	186.501	565	216	203	196	191	186	180	172	159	141	113	1	28	951.236	1562.007	0	0	0	1306	0	0	0	302	0	0	0	1	14	948.848	1562.236	0	0	0	752	0	0	0	462	0	0	0
268	268	2143	1053.464	1576.636	455	680	646	294	35	373	808	632	255	44	545.472	10080	605	448	411	377	346	318	290	259	212	110	233.799	2063	274	249	233	217	201	187	176	157	121	101	1	71	1050.793	1564.133	0	0	0	5005	0	0	0	832	0	0	0	1	71	1050.532	1562.387	0	0	0	2173	0	0	0	1005	0	0	0
269	269	736	1889.001	1570.708	129	243	242	95	10	76	271	276	78	24	131.253	202	150	138	133	130	128	126	124	122	119	104	162.909	200	186	181	176	172	167	161	153	145	133	112	0	0	0.000	0.000	0	0	0	0	0	0	0	0	0	0	0	0	0	0.000	0.000	0	0	0	0	0	0	0	0	0	0	0
270	270	1699	691.309	1580.503	202	392	654	358	58	236	874	430	104	17	579.706	5887	714	620	568	531	500	455	404	358	318	198	172.598	1010	195	180	170	163	156	149	143	137	130	109	1	44	700.881	1580.915	0	0	0	3284	0	0	0	604	0	0	0	1	50	701.000	1580.505	0	0	0	3069	0	0	0	551	0	0	0
271	271	1785	1689.919	1597.655	298	559	529	303	66	298	491	632	241	72	129.880	326	141	132	129	127	125	123	121	119	117	104	181.306	240	213	203	194	188	181	176	169	161	149	110	0	0	0.000	0.000	0	0	0	0	0	0	0	0	0	0	0	0	0	0.000	0.000	0	0	0	0	0	0	0	0	0	0	0
272	272	1447	1476.002	1598.796	192	632	435	151	15	126	655	434	135	57	1051.654	13538	2087	640	401	356	327	296	267	240	203	123	229.067	1350	346	206	188	177	168	159	150	142	132	108	1	140	1470.436	1600.125	0	0	0	6611	0	0	0	749	0	0	0	1	133	1470.418	1599.759	0	0	0	6863	0	0	0	755	0	0	0
273	273	581	1634.517	1597.279	356	86	63	54	20	329	104	89	34	21	785.690	1247	1109	1040	970	893	830	760	682	561	328	143	136.818	179	160	152	146	142	138	134	129	120	112	101	0	0	0.000	0.000	0	0	0	0	0	0	0	0	0	0	0	0	0	0.000	0.000	0	0	0	0	0	0	0	0	0	0	0
274	274	1684	962.641	1608.345	409	691	432	115	15	262	847	357	164	23	392.519	6776	462	325	294	275	259	241	224	205	180	125	205.794	1323	242	215	203	193	183	174	165	156	143	109	1	57	956.652	1605.950	0	0	0	2983	0	0	0	688	0	0	0	1	48	956.878	1605.696	0	0	0	3567	0	0	0	770	0	0	0
275	275	942	1899.800	1611.029	279	218	289	116	29	247	287	267	104	27	121.807	146	135	131	128	125	122	119	115	112	109	101	210.331	337	291	269	243	225	209	194	177	155	128	108	0	0	0.000	0.000	0	0	0	0	0	0	0	0	0	0	0	0	0	0.000	0.000	0	0	0	0	0	0	0	0	0	0	0
276	276	1531	1398.094	1622.434	285	590	493	127	15	151	725	341	207	79	127.522	150	138	135	133	131	129	126	123	120	115	96	193.443	272	239	223	211	202	193	186	178	166	149	108	0	0	0.000	0.000	0	0	0	0	0	0	0	0	0	0	0	0	0	0.000	0.000	0	0	0	0	0	0	0	0	0	0	0
277	277	686	522.566	1613.482	195	237	142	82	24	151	216	136	117	50	338.032	498	417	398	383	366	352	336	313	277	229	141	167.452	224	194	188	183	179	174	167	157	146	128	106	0	0	0.000	0.000	0	0	0	0	0	0	0	0	0	0	0	0	0	0.000	0.000	0	0	0	0	0	0	0	0	0	0	0
278	278	1135	774.291	1632.897	221	476	308	97	15	187	548	283	84	11	141.374	174	156	151	147	144	141	138	136	132	127	110	148.893	187	170	163	158	152	148	144	141	137	130	104	0	0	0.000	0.000	0	0	0	0	0	0	0	0	0	0	0	0	0	0.000	0.000	0	0	0	0	0	0	0	0	0	0	0
279	279	1864	361.650	1649.370	353	681	607	169	20	264	740	615	189	23	144.198	174	162	158	154	151	148	143	137	130	120	101	112.175	130	119	117	115	113	112	111	109	108	106	95	0	0	0.000	0.000	0	0	0	0	0	0	0	0	0	0	0	0	0	0.000	0.000	0	0	0	0	0	0	0	0	0	0	0
280	280	2571	1816.264	1658.455	407	944	788	345	35	284	865	855	393	125	3219.226	30795	11552	2044	939	682	591	538	483	404	311	159	533.454	4530	1491	391	258	227	209	193	178	162	145	111	1	416	1819.332	1660.643	0	0	0	16136	0	0	0	2069	0	0	0	1	372	1819.414	1660.395	0	0	0	18672	0	0	0	2238	0	0	0
281	281	2246	1871.595	1657.749	370	843	734	223	26	219	660	763	483	74	468.827	709	623	584	545	514	478	445	414	367	291	142	177.539	245	219	206	194	184	175	168	161	152	139	111	0	0	0.000	0.000	0	0	0	0	0	0	0	0	0	0	0	0	0	0.000	0.000	0	0	0	0	0	0	0	0	0	0	0
282	282	1794	1403.807	1682.851	209	912	527	95	10	183	757	483	269	63	127.559	146	136	133	131	130	128	126	124	122	119	103	187.143	247	219	211	204	196	190	183	176	166	151	106	0	0	0.000	0.000	0	0	0	0	0	0	0	0	0	0	0	0	0	0.000	0.000	0	0	0	0	0	0	0	0	0	0	0
283	283	2606	203.275	1690.904	560	947	724	283	37	499	923	795	279	58	168.539	218	194	187	182	178	174	169	163	153	130	99	108.821	122	115	112	111	110	108	107	106	105	104	98	0	0	0.000	0.000	0	0	0	0	0	0	0	0	0	0	0	0	0	0.000	0.000	0	0	0	0	0	0	0	0	0	0	0
284	284	1461	827.006	1687.568	129	410	547	284	57	121	492	569	175	75	164.507	221	193	187	181	175	167	158	150	143	131	107	239.669	331	299	289	279	265	245	228	207	191	168	112	0	0	0.000	0.000	0	0	0	0	0	0	0	0	0	0	0	0	0	0.000	0.000	0	0	0	0	0	0	0	0	0	0	0
285	285	1093	1273.647	1686.972	235	331	361	120	29	171	341	333	193	33	302.057	483	407	380	359	337	308	282	253	221	182	114	113.448	135	124	120	117	114	112	111	109	107	105	97	0	0	0.000	0.000	0	0	0	0	0	0	0	0	0	0	0	0	0	0.000	0.000	0	0	0	0	0	0	0	0	0	0	0
286	286	1758	991.755	1698.039	390	760	492	76	18	263	739	501	202	21	956.662	1547	1345	1204	1117	1052	998	931	819	685	512	213	109.020	127	116	113	111	109	108	107	106	105	104	99	0	0	0.000	0.000	0	0	0	0	0	0	0	0	0	0	0	0	0	0.000	0.000	0	0	0	0	0	0	0	0	0	0	0
287	287	1455	1092.477	1710.001	265	494	474	177	17	129	413	553	236	83	520.608	769	663	626	593	566	544	522	485	424	319	174	106.448	119	110	109	108	107	106	105	105	104	103	95	0	0	0.000	0.000	0	0	0	0	0	0	0	0	0	0	0	0	0	0.000	0.000	0	0	0	0	0	0	0	0	0	0	0
288	288	2118	1847.753	1718.425	1101	760	168	43	11	1023	689	287	64	24	120.253	143	128	125	123	122	120	119	117	115	113	103	498.338	765	664	622	589	548	514	475	434	379	299	141	0	0	0.000	0.000	0	0	0	0	0	0	0	0	0	0	0	0	0	0.000	0.000	0	0	0	0	0	0	0	0	0	0	0
289	289	2508	373.139	1719.020	440	917	831	249	21	331	834	877	353	68	511.993	8573	534	389	356	329	302	277	255	225	184	118	424.664	2035	567	509	467	431	394	362	328	284	201	118	1	110	376.639	1722.734	0	0	0	4361	0	0	0	1069	0	0	0	1	75	378.118	1721.548	0	0	0	3432	0	0	0	1510	0	0	0
290	290	1010	728.577	1713.086	193	321	352	114	14	102	192	387	250	66	139.702	166	153	149	146	143	140	137	134	131	127	108	145.064	181	167	160	154	149	145	141	137	132	123	105	0	0	0.000	0.000	0	0	0	0	0	0	0	0	0	0	0	0	0	0.000	0.000	0	0	0	0	0	0	0	0	0	0	0
291	291	1364	1302.023	1721.303	144	455	484	195	57	98	411	608	158	58	397.576	568	497	466	447	430	406	383	353	326	295	167	118.353	139	127	125	122	120	118	116	114	113	110	101	0	0	0.000	0.000	0	0	0	0	0	0	0	0	0	0	0	0	0	0.000	0.000	0	0	0	0	0	0	0	0	0	0	0
292	292	1422	1354.610	1723.230	241	478	359	249	73	264	598	369	140	23	375.608	603	494	460	432	407	379	355	334	306	240	110	120.411	151	135	129	124	121	119	116	114	112	109	103	0	0	0.000	0.000	0	0	0	0	0	0	0	0	0	0	0	0	0	0.000	0.000	0	0	0	0	0	0	0	0	0	0	0
293	293	1956	1032.126	1733.898	302	603	686	292	25	240	625	706	293	54	775.617	1470	1044	954	902	858	816	763	684	560	390	165	107.372	122	113	110	109	108	107	106	105	104	103	99	0	0	0.000	0.000	0	0	0	0	0	0	0	0	0	0	0	0	0	0.000	0.000	0	0	0	0	0	0	0	0	0	0	0
294	294	866	553.042	1724.171	123	306	305	85	31	108	446	229	56	12	112.998	129	118	117	115	114	113	112	111	109	107	101	138.848	165	153	150	148	145	142	137	133	128	120	103	0	0	0.000	0.000	0	0	0	0	0	0	0	0	0	0	0	0	0	0.000	0.000	0	0	0	0	0	0	0	0	0	0	0
295	295	1828	431.214	1734.850	291	620	643	206	28	204	494	555	447	101	276.623	409	345	322	308	296	285	272	256	230	191	110	337.670	499	434	404	379	363	349	335	308	273	222	119	0	0	0.000	0.000	0	0	0	0	0	0	0	0	0	0	0	0	0	0.000	0.000	0	0	0	0	0	0	0	0	0	0	0
296	296	938	296.891	1735.389	221	361	266	52	22	281	414	188	31	4	120.276	154	136	129	125	122	119	116	113	110	108	100	168.144	262	220	201	186	174	164	157	148	137	119	102	0	0	0.000	0.000	0	0	0	0	0	0	0	0	0	0	0	0	0	0.000	0.000	0	0	0	0	0	0	0	0	0	0	0
297	297	1932	751.774	1754.268	546	824	423	81	28	474	959	371	59	22	1127.522	1761	1384	1300	1243	1190	1147	1105	1060	984	815	324	162.677	208	182	176	172	168	164	160	156	150	142	107	0	0	0.000	0.000	0	0	0	0	0	0	0	0	0	0	0	0	0	0.000	0.000	0	0	0	0	0	0	0	0	0	0	0
298	298	1417	1884.651	1753.473	455	442	341	131	25	306	379	446	212	48	118.647	144	129	125	122	120	118	116	114	112	110	102	661.016	1212	1055	922	808	729	641	560	495	420	295	171	0	0	0.000	0.000	0	0	0	0	0	0	0	0	0	0	0	0	0	0.000	0.000	0	0	0	0	0	0	0	0	0	0	0
299	299	511	118.942	1762.581	254	182	51	7	8	261	191	46	6	5	286.166	384	355	339	323	310	300	289	275	244	175	112	128.681	151	139	136	134	132	130	129	126	121	113	105	0	0	0.000	0.000	0	0	0	0	0	0	0	0	0	0	0	0	0	0.000	0.000	0	0	0	0	0	0	0	0	0	0	0
300	300	2248	386.912	1784.407	384	910	677	205	20	409	867	628	257	46	484.623	8432	454	402	370	342	312	285	259	240	213	139	408.646	1417	548	508	476	439	397	362	322	291	255	124	1	86	375.126	1802.679	0	0	0	3923	0	0	0	723	0	0	0	1	24	377.165	1802.133	0	0	0	5718	0	0	0	1210	0	0	0
301	301	1779	243.514	1780.974	226	498	635	335	56	217	577	628	227	89	525.130	813	742	684	626	574	526	475	434	391	313	123	109.442	131	117	114	111	109	108	107	106	105	104	96	0	0	0.000	0.000	0	0	0	0	0	0	0	0	0	0	0	0	0	0.000	0.000	0	0	0	0	0	0	0	0	0	0	0
302	302	1450	194.882	1788.534	300	584	440	91	10	220	627	407	128	41	334.373	449	406	383	369	358	347	335	320	293	239	126	132.801	159	145	142	139	136	134	131	129	125	118	101	0	0	0.000	0.000	0	0	0	0	0	0	0	0	0	0	0	0	0	0.000	0.000	0	0	0	0	0	0	0	0	0	0	0
303	303	2063	1003.214	1787.757	297	662	629	351	92	300	857	569	230	58	793.923	1231	1087	1019	958	892	827	756	670	567	432	202	107.397	122	112	110	109	108	107	106	105	105	103	99	0	0	0.000	0.000	0	0	0	0	0	0	0	0	0	0	0	0	0	0.000	0.000	0	0	0	0	0	0	0	0	0	0	0
304	304	1258	791.828	1787.520	287	383	381	165	19	170	336	381	240	102	1000.087	1454	1283	1212	1150	1087	1027	947	880	820	725	233	154.380	190	176	171	166	161	157	152	146	140	129	107	0	0	0.000	0.000	0	0	0	0	0	0	0	0	0	0	0	0	0	0.000	0.000	0	0	0	0	0	0	0	0	0	0	0
305	305	1468	720.680	1808.306	258	614	408	118	41	354	785	254	44	10	124.151	142	132	129	127	126	124	123	121	119	116	106	150.870	186	167	162	158	155	152	149	145	140	134	116	0	0	0.000	0.000	0	0	0	0	0	0	0	0	0	0	0	0	0	0.000	0.000	0	0	0	0	0	0	0	0	0	0	0
306	306	1561	282.338	1809.950	192	658	569	102	12	134	684	486	194	37	341.348	2797	388	362	343	324	307	296	282	265	229	131	136.745	310	150	145	141	138	135	132	129	125	118	101	1	38	266.085	1813.677	0	0	0	1422	0	0	0	195	0	0	0	1	18	267.571	1812.890	0	0	0	1422	0	0	0	254	0	0	0
307	307	956	521.016	1802.168	137	365	281	138	15	144	276	256	207	61	126.224	148	138	135	132	130	127	125	121	117	112	102	206.273	282	251	244	237	228	220	206	192	168	130	106	0	0	0.000	0.000	0	0	0	0	0	0	0	0	0	0	0	0	0	0.000	0.000	0	0	0	0	0	0	0	0	0	0	0
308	308	1357	329.001	1818.746	125	455	418	256	60	119	481	491	192	46	249.465	1259	297	278	265	253	241	229	217	201	181	119	126.569	198	137	134	131	129	126	124	122	119	116	104	1	18	335.928	1805.341	0	0	0	815	0	0	0	141	0	0	0	0	0	0.000	0.000	0	0	0	0	0	0	0	0	0	0	0
309	309	2036	1843.468	1824.362	267	703	748	241	33	189	577	848	306	81	873.935	1394	1192	1105	1025	970	911	827	724	639	525	233	114.774	138	124	120	118	116	114	112	111	109	107	101	0	0	0.000	0.000	0	0	0	0	0	0	0	0	0	0	0	0	0	0.000	0.000	0	0	0	0	0	0	0	0	0	0	0
310	310	2390	1068.160	1838.133	523	1106	628	83	11	279	898	794	315	52	517.659	882	740	670	624	588	548	492	426	357	254	118	106.589	121	111	109	108	107	106	105	105	104	103	95	0	0	0.000	0.000	0	0	0	0	0	0	0	0	0	0	0	0	0	0.000	0.000	0	0	0	0	0	0	0	0	0	0	0
311	311	1754	1616.245	1832.012	353	721	566	77	13	171	465	675	318	87	393.085	1322	524	470	434	407	386	371	350	322	258	127	237.762	693	291	272	260	247	239	229	218	201	168	113	0	0	0.000	0.000	0	0	0	0	0	0	0	0	0	0	0	0	0	0.000	0.000	0	0	0	0	0	0	0	0	0	0	0
312	312	1196	1750.016	1829.039	274	479	309	108	10	193	435	359	150	45	356.439	1581	439	401	382	367	354	336	317	294	256	154	150.426	331	169	162	158	154	151	147	143	137	129	105	0	0	0.000	0.000	0	0	0	0	0	0	0	0	0	0	0	0	0	0.000	0.000	0	0	0	0	0	0	0	0	0	0	0
313	313	1716	376.051	1839.924	267	556	587	247	27	174	641	574	234	53	279.677	422	359	339	321	299	282	267	250	229	190	119	362.616	557	488	459	421	390	361	336	314	281	229	132	0	0	0.000	0.000	0	0	0	0	0	0	0	0	0	0	0	0	0	0.000	0.000	0	0	0	0	0	0	0	0	0	0	0
314	314	1650	1296.417	1839.271	291	585	588	147	14	169	531	655	245	23	355.064	553	471	439	410	386	364	334	301	265	223	157	149.627	185	170	164	159	155	150	146	142	136	128	108	0	0	0.000	0.000	0	0	0	0	0	0	0	0	0	0	0	0	0	0.000	0.000	0	0	0	0	0	0	0	0	0	0	0
315	315	2121	1136.644	1855.251	358	730	712	244	38	299	756	696	276	37	258.564	6090	247	218	205	193	183	173	163	148	124	103	229.308	1446	296	272	250	235	221	207	193	161	130	104	1	49	1142.816	1870.337	0	0	0	2892	0	0	0	656	0	0	0	1	39	1143.327	1869.818	0	0	0	3026	0	0	0	820	0	0	0
316	316	1192	584.522	1856.618	638	374	129	27	8	411	373	280	91	20	131.318	163	148	144	140	136	132	128	123	118	113	102	591.217	1068	857	789	731	686	630	550	456	372	267	145	0	0	0.000	0.000	0	0	0	0	0	0	0	0	0	0	0	0	0	0.000	0.000	0	0	0	0	0	0	0	0	0	0	0
317	317	2707	816.901	1870.533	2278	326	35	31	16	2337	300	30	16	10	339.761	5399	433	377	351	328	301	264	209	157	117	102	161.200	1167	191	175	168	161	154	143	131	119	110	102	1	51	826.414	1856.264	0	0	0	2506	0	0	0	534	0	0	0	1	43	827.004	1854.977	0	0	0	1770	0	0	0	656	0	0	0
318	318	1764	1493.488	1868.716	274	767	548	121	22	156	609	625	290	46	1195.986	1837	1648	1548	1468	1350	1230	1104	976	855	705	276	164.793	213	195	188	181	173	166	159	150	143	131	108	0	0	0.000	0.000	0	0	0	0	0	0	0	0	0	0	0	0	0	0.000	0.000	0	0	0	0	0	0	0	0	0	0	0
319	319	1646	1013.588	1864.746	177	436	601	345	67	114	547	612	297	49	459.577	773	640	597	551	502	455	408	370	328	288	152	106.185	121	110	109	108	106	106	105	104	104	103	98	0	0	0.000	0.000	0	0	0	0	0	0	0	0	0	0	0	1	23	1023.804	1875.107	0	0	0	532	0	0	0	113	0	0	0
320	320	1869	1346.401	1870.031	246	691	623	237	28	170	563	710	282	105	342.768	508	425	396	379	365	350	332	313	287	252	134	139.357	170	154	150	147	144	141	137	133	129	123	105	0	0	0.000	0.000	0	0	0	0	0	0	0	0	0	0	0	0	0	0.000	0.000	0	0	0	0	0	0	0	0	0	0	0
321	321	1077	1189.687	1871.921	132	218	390	279	34	114	285	459	140	56	186.610	263	231	221	210	201	188	175	165	153	139	112	224.834	325	286	274	259	243	227	210	193	179	161	115	0	0	0.000	0.000	0	0	0	0	0	0	0	0	0	0	0	0	0	0.000	0.000	0	0	0	0	0	0	0	0	0	0	0
322	322	1307	1828.326	1874.281	244	482	318	192	46	210	497	317	186	63	339.787	495	432	395	377	361	344	326	308	287	245	141	148.694	185	167	162	158	154	151	147	143	136	127	107	0	0	0.000	0.000	0	0	0	0	0	0	0	0	0	0	0	0	0	0.000	0.000	0	0	0	0	0	0	0	0	0	0	0
323	323	1279	333.979	1872.208	258	531	363	96	19	129	507	377	203	41	305.250	437	389	362	342	327	309	287	268	251	225	137	146.099	184	167	161	156	151	146	141	137	133	126	104	0	0	0.000	0.000	0	0	0	0	0	0	0	0	0	0	0	0	0	0.000	0.000	0	0	0	0	0	0	0	0	0	0	0
324	324	1604	760.748	1878.068	424	590	404	140	17	314	544	513	162	43	354.710	532	453	424	402	381	360	338	313	287	251	135	159.222	204	183	177	172	167	162	157	151	142	128	107	0	0	0.000	0.000	0	0	0	0	0	0	0	0	0	0	0	0	0	0.000	0.000	0	0	0	0	0	0	0	0	0	0	0
325	325	969	1733.765	1876.338	216	333	233	121	47	186	281	319	104	59	323.342	482	402	382	364	345	327	311	292	275	231	147	141.572	178	162	157	152	146	142	138	134	129	118	103	0	0	0.000	0.000	0	0	0	0	0	0	0	0	0	0	0	0	0	0.000	0.000	0	0	0	0	0	0	0	0	0	0	0
326	326	1299	475.325	1882.300	292	393	373	190	24	186	331	345	333	82	686.706	1109	953	891	834	760	690	633	568	491	396	191	147.342	192	172	165	159	153	147	142	137	131	122	104	0	0	0.000	0.000	0	0	0	0	0	0	0	0	0	0	0	0	0	0.000	0.000	0	0	0	0	0	0	0	0	0	0	0
327	327	785	1055.125	1886.526	278	350	116	23	7	216	241	218	81	22	520.685	801	680	634	593	561	530	506	480	423	332	194	106.625	117	111	109	108	107	107	106	105	104	103	96	0	0	0.000	0.000	0	0	0	0	0	0	0	0	0	0	0	0	0	0.000	0.000	0	0	0	0	0	0	0	0	0	0	0
328	328	2240	1272.264	1899.104	239	533	806	503	115	220	572	946	376	87	1030.583	15281	1655	549	410	369	341	311	281	241	191	115	299.934	2250	394	308	257	226	206	189	171	155	137	109	1	189	1266.894	1902.133	0	0	0	7548	0	0	0	1186	0	0	0	1	170	1266.725	1902.269	0	0	0	8132	0	0	0	1253	0	0	0
329	329	1958	286.590	1902.708	276	559	639	349	96	262	906	545	180	32	313.364	497	417	384	362	343	323	296	267	239	198	124	107.505	121	112	110	109	108	107	106	105	104	103	98	0	0	0.000	0.000	0	0	0	0	0	0	0	0	0	0	0	0	0	0.000	0.000	0	0	0	0	0	0	0	0	0	0	0
330	330	556	402.134	1898.289	106	141	153	117	24	102	151	138	110	36	177.117	227	208	200	192	187	183	176	166	154	139	112	135.959	160	150	147	144	141	139	135	131	125	116	104	0	0	0.000	0.000	0	0	0	0	0	0	0	0	0	0	0	0	0	0.000	0.000	0	0	0	0	0	0	0	0	0	0	0
331	331	1106	926.531	1906.629	226	417	295	127	26	214	518	282	59	9	1115.759	1699	1495	1400	1317	1240	1139	1029	947	842	712	402	152.935	201	174	169	164	158	152	148	143	138	131	102	0	0	0.000	0.000	0	0	0	0	0	0	0	0	0	0	0	0	0	0.000	0.000	0	0	0	0	0	0	0	0	0	0	0
332	332	2533	1465.790	1923.657	1546	848	67	21	9	1431	922	90	25	10	1619.991	20396	2165	1125	1003	913	835	750	661	530	354	142	256.524	2689	317	198	184	174	165	157	148	137	125	103	1	188	1463.620	1932.994	0	0	0	10848	0	0	0	1236	0	0	0	1	171	1463.755	1932.520	0	0	0	11748	0	0	0	1276	0	0	0
333	333	1257	649.535	1909.156	171	500	412	124	27	61	293	557	220	99	113.276	127	120	117	116	114	113	112	111	109	107	100	155.418	200	179	173	166	161	155	150	145	140	132	111	0	0	0.000	0.000	0	0	0	0	0	0	0	0	0	0	0	0	0	0.000	0.000	0	0	0	0	0	0	0	0	0	0	0
334	334	1242	1153.729	1904.866	142	280	422	313	61	167	514	421	114	4	417.907	4359	445	410	397	387	377	360	335	286	227	130	151.277	353	169	163	160	157	153	149	144	137	124	103	1	46	1149.482	1890.706	0	0	0	2223	0	0	0	199	0	0	0	0	0	0.000	0.000	0	0	0	0	0	0	0	0	0	0	0
335	335	1387	883.529	1911.058	423	510	329	84	20	385	581	282	90	21	119.512	143	126	124	122	121	120	118	117	115	113	103	340.694	477	429	412	395	372	346	321	300	280	242	134	0	0	0.000	0.000	0	0	0	0	0	0	0	0	0	0	0	0	0	0.000	0.000	0	0	0	0	0	0	0	0	0	0	0
336	336	1790	1571.448	1916.800	312	424	593	355	89	198	512	694	285	64	460.434	5658	528	473	451	428	397	365	328	287	232	105	172.801	976	203	187	178	170	162	154	146	139	123	103	1	43	1576.112	1917.950	0	0	0	2823	0	0	0	516	0	0	0	1	39	1575.911	1917.370	0	0	0	2413	0	0	0	598	0	0	0
337	337	2567	1221.792	1923.108	693	900	751	151	27	473	716	943	326	45	282.137	433	389	368	346	323	291	258	225	188	160	110	186.143	294	248	231	217	201	185	168	153	139	127	105	0	0	0.000	0.000	0	0	0	0	0	0	0	0	0	0	0	0	0	0.000	0.000	0	0	0	0	0	0	0	0	0	0	0
338	338	1130	1339.667	1920.070	208	363	348	157	25	163	457	337	133	15	350.277	502	446	426	411	394	368	345	312	279	223	117	139.627	172	156	152	148	145	143	139	134	128	117	104	0	0	0.000	0.000	0	0	0	0	0	0	0	0	0	0	0	0	0	0.000	0.000	0	0	0	0	0	0	0	0	0	0	0
339	339	1931	1102.756	1929.818	758	933	166	17	20	743	996	124	15	12	651.511	11795	881	383	316	276	252	236	224	212	194	132	211.690	1532	261	205	186	173	165	160	155	149	141	108	1	110	1098.897	1919.173	0	0	0	5376	0	0	0	736	0	0	0	1	94	1099.008	1919.016	0	0	0	6493	0	0	0	863	0	0	0
340	340	2200	585.987	1947.458	400	977	628	136	11	337	1102	550	152	17	114.854	132	120	119	117	116	115	114	112	111	109	102	157.429	218	186	177	172	166	161	154	144	135	125	103	0	0	0.000	0.000	0	0	0	0	0	0	0	0	0	0	0	0	0	0.000	0.000	0	0	0	0	0	0	0	0	0	0	0
341	341	1949	1691.367	1938.613	383	827	485	191	39	218	733	664	226	70	296.037	4616	347	303	273	249	234	220	208	194	170	114	161.700	507	195	183	172	163	156	149	144	137	128	101	1	38	1688.881	1924.578	0	0	0	2117	0	0	0	264	0	0	0	1	27	1690.000	1922.955	0	0	0	1115	0	0	0	368	0	0	0
342	342	1825	405.762	1941.453	275	759	604	123	24	230	720	592	223	27	397.052	6628	434	301	280	265	249	235	222	205	177	123	182.303	841	206	194	184	177	170	161	154	145	133	107	1	75	403.488	1926.091	0	0	0	2863	0	0	0	378	0	0	0	1	57	404.956	1925.104	0	0	0	2441	0	0	0	545	0	0	0
343	343	931	1016.559	1939.136	264	417	191	28	12	93	300	342	151	27	1090.861	1646	1476	1367	1270	1201	1134	1048	954	818	653	304	150.851	205	177	168	161	156	151	146	140	133	126	106	0	0	0.000	0.000	0	0	0	0	0	0	0	0	0	0	0	0	0	0.000	0.000	0	0	0	0	0	0	0	0	0	0	0
344	344	1931	259.412	1952.765	361	914	504	105	18	219	786	643	214	32	319.015	468	407	381	362	341	323	307	290	266	219	116	391.877	573	518	489	457	426	403	378	343	304	249	120	0	0	0.000	0.000	0	0	0	0	0	0	0	0	0	0	0	0	0	0.000	0.000	0	0	0	0	0	0	0	0	0	0	0
345	345	850	1164.838	1942.949	189	305	225	87	24	119	272	282	140	20	272.054	347	316	308	300	294	285	275	260	234	204	134	135.684	162	147	143	141	139	137	134	131	127	122	108	0	0	0.000	0.000	0	0	0	0	0	0	0	0	0	0	0	0	0	0.000	0.000	0	0	0	0	0	0	0	0	0	0	0
346	346	2066	1792.761	1955.553	275	631	715	342	75	200	625	813	291	85	439.855	5982	540	424	379	347	315	283	259	235	206	125	185.060	919	222	201	188	177	167	160	152	144	132	106	1	71	1782.043	1954.570	0	0	0	3046	0	0	0	454	0	0	0	1	67	1782.933	1954.267	0	0	0	3074	0	0	0	575	0	0	0
347	347	2778	526.301	1961.467	257	750	1076	578	75	194	940	1146	359	94	1407.359	13039	1831	1596	1397	1222	1101	988	879	740	608	210	262.170	2362	306	267	244	227	211	198	184	169	154	108	1	110	529.931	1955.059	0	0	0	7518	0	0	0	1226	0	0	0	1	106	530.187	1954.668	0	0	0	7602	0	0	0	1240	0	0	0
348	348	2331	456.749	1959.087	719	1010	511	44	8	384	699	728	391	86	3324.060	28117	10760	2304	1358	1070	950	830	728	616	500	206	631.154	5607	1818	445	286	238	218	203	188	174	159	127	1	383	452.814	1955.824	0	0	0	15494	0	0	0	2410	0	0	0	1	340	452.901	1955.655	0	0	0	17420	0	0	0	2849	0	0	0
349	349	1748	367.808	1977.627	1119	478	68	47	14	981	543	135	44	23	480.858	9578	558	297	267	249	235	222	208	187	167	114	197.608	550	246	231	215	203	190	178	167	157	143	110	1	80	371.449	1981.192	0	0	0	4249	0	0	0	358	0	0	0	1	33	371.043	1981.394	0	0	0	7215	0	0	0	467	0	0	0
350	350	1421	1408.958	1976.004	379	499	392	109	22	276	440	457	195	30	125.484	151	136	132	130	128	126	124	121	118	114	101	118.184	192	127	124	120	118	116	114	113	111	109	101	0	0	0.000	0.000	0	0	0	0	0	0	0	0	0	0	0	0	0	0.000	0.000	0	0	0	0	0	0	0	0	0	0	0
351	351	1504	787.787	1975.661	420	623	311	99	27	444	731	221	65	26	436.275	7934	490	270	253	241	230	222	214	200	175	112	176.166	996	187	175	169	164	158	153	148	143	131	106	1	66	772.327	1973.880	0	0	0	3705	0	0	0	495	0	0	0	1	57	772.593	1973.271	0	0	0	4109	0	0	0	583	0	0	0
352	352	1319	1040.940	1979.845	254	396	410	226	18	172	554	321	162	83	288.418	422	372	348	330	315	298	281	263	237	180	114	152.553	198	176	169	164	161	157	153	146	134	117	98	0	0	0.000	0.000	0	0	0	0	0	0	0	0	0	0	0	0	0	0.000	0.000	0	0	0	0	0	0	0	0	0	0	0
