 	cell	area	x	y	BFI_lev_b1	BFI_lev_b2	BFI_lev_b3	BFI_lev_b4	BFI_lev_b5	BFO_lev_b1	BFO_lev_b2	BFO_lev_b3	BFO_lev_b4	BFO_lev_b5	GFP_int_mean	GFP_int_b0	GFP_int_b1	GFP_int_b2	GFP_int_b3	GFP_int_b4	GFP_int_b5	GFP_int_b6	GFP_int_b7	GFP_int_b8	GFP_int_b9	GFP_int_b10	RFP_int_mean	RFP_int_b0	RFP_int_b1	RFP_int_b2	RFP_int_b3	RFP_int_b4	RFP_int_b5	RFP_int_b6	RFP_int_b7	RFP_int_b8	RFP_int_b9	RFP_int_b10	inGFPnfoci	f1_inGFParea	f1_inGFPx	f1_inGFPy	f2_inGFParea	f2_inGFPx	f2_inGFPy	f1_inGFP_toGFPmed	f1_inGFP_toGFPmean	f2_inGFP_toGFPmed	f2_inGFP_toGFPmean	f1_inGFP_toRFPmed	f1_inGFP_toRFPmean	f2_inGFP_toRFPmed	f2_inGFP_toRFPmean	inRFPnfoci	f1_inRFParea	f1_inRFPx	f1_inRFPy	f2_inRFParea	f2_inRFPx	f2_inRFPy	f1_inRFP_toGFPmed	f1_inRFP_toGFPmean	f2_inRFP_toGFPmed	f2_inRFP_toGFPmean	f1_inRFP_toRFPmed	f1_inRFP_toRFPmean	f2_inRFP_toRFPmed	f2_inRFP_toRFPmean
1	1	1374	1078.751	76.122	337	492	458	62	8	236	546	342	184	38	110.082	123	116	114	112	111	110	109	108	106	104	98	214.311	323	291	275	260	241	225	210	183	138	113	102	0	0	0.000	0.000	0	0	0	0	0	0	0	0	0	0	0	0	0	0.000	0.000	0	0	0	0	0	0	0	0	0	0	0
2	2	2006	1315.399	86.732	335	680	676	251	28	294	907	490	226	53	2159.831	26383	5450	989	488	371	331	290	258	220	172	116	509.917	6589	1074	284	186	161	146	136	129	122	115	102	1	257	1314.865	89.816	0	0	0	12634	0	0	0	2390	0	0	0	1	208	1314.480	89.424	0	0	0	17101	0	0	0	2990	0	0	0
3	3	2173	208.561	97.207	328	386	743	568	103	231	515	952	377	60	782.021	14918	943	581	507	458	411	372	327	293	236	118	126.244	664	135	119	116	113	111	109	107	105	104	97	1	95	219.486	85.610	0	0	0	6673	0	0	0	372	0	0	0	1	100	219.920	85.440	0	0	0	6325	0	0	0	346	0	0	0
4	4	1573	1817.661	90.391	446	691	342	54	17	212	506	524	246	54	116.021	137	125	122	119	118	116	114	112	110	108	101	106.004	123	111	109	107	106	105	105	104	103	102	95	0	0	0.000	0.000	0	0	0	0	0	0	0	0	0	0	0	0	0	0.000	0.000	0	0	0	0	0	0	0	0	0	0	0
5	5	926	974.222	83.467	210	260	230	168	37	110	225	226	273	73	120.778	138	130	127	125	123	121	119	117	114	112	101	127.479	161	144	139	134	129	126	124	120	117	113	102	0	0	0.000	0.000	0	0	0	0	0	0	0	0	0	0	0	0	0	0.000	0.000	0	0	0	0	0	0	0	0	0	0	0
6	6	1043	1652.444	87.882	120	396	301	161	39	69	346	349	164	97	367.872	562	489	465	444	413	380	343	306	263	223	140	117.690	139	128	125	122	120	117	115	112	110	107	102	0	0	0.000	0.000	0	0	0	0	0	0	0	0	0	0	0	0	0	0.000	0.000	0	0	0	0	0	0	0	0	0	0	0
7	7	1742	1496.640	99.394	329	540	589	231	13	238	402	523	384	154	514.133	12031	654	225	171	157	151	147	142	134	122	101	131.856	725	144	126	120	116	113	111	109	107	105	98	1	96	1493.843	85.074	0	0	0	4671	0	0	0	358	0	0	0	1	89	1494.132	84.637	0	0	0	4906	0	0	0	377	0	0	0
8	8	2348	1593.097	108.707	399	919	749	216	16	254	677	880	357	134	1769.278	3099	2542	2343	2186	2022	1859	1655	1424	1158	837	204	145.270	188	169	163	158	152	147	140	134	128	119	101	0	0	0.000	0.000	0	0	0	0	0	0	0	0	0	0	0	0	0	0.000	0.000	0	0	0	0	0	0	0	0	0	0	0
9	9	1537	99.069	102.355	307	397	457	307	36	227	407	527	298	43	1556.161	22696	3113	870	541	425	371	330	299	262	203	120	206.953	1900	361	162	130	120	115	112	109	107	105	96	1	148	101.610	97.455	0	0	0	10139	0	0	0	848	0	0	0	1	140	101.483	97.346	0	0	0	11056	0	0	0	867	0	0	0
10	10	1671	1118.580	128.702	315	791	448	68	14	172	747	539	166	20	255.730	3633	286	252	236	221	204	189	176	166	150	104	125.679	728	131	126	122	119	117	115	113	111	108	99	1	40	1109.915	134.205	0	0	0	1727	0	0	0	282	0	0	0	1	36	1110.916	132.848	0	0	0	930	0	0	0	401	0	0	0
11	11	1562	1303.960	127.614	242	534	513	213	31	154	591	492	262	37	156.560	1012	173	162	155	150	147	143	138	131	120	101	111.517	151	118	116	114	112	111	110	108	107	105	99	1	26	1316.399	131.503	0	0	0	593	0	0	0	121	0	0	0	0	0	0.000	0.000	0	0	0	0	0	0	0	0	0	0	0
12	12	1568	799.689	133.570	201	353	504	348	129	175	529	583	193	62	1922.492	17059	2806	2093	1790	1598	1398	1255	1137	970	708	229	176.305	1317	229	162	148	141	135	130	126	121	113	100	1	71	804.756	138.059	0	0	0	10165	0	0	0	776	0	0	0	1	92	805.051	137.396	0	0	0	8440	0	0	0	667	0	0	0
13	13	1674	1671.385	128.744	220	423	556	365	79	214	657	530	211	35	427.346	653	556	528	499	469	437	410	380	329	272	132	119.257	142	130	127	124	121	119	117	115	112	108	99	0	0	0.000	0.000	0	0	0	0	0	0	0	0	0	0	0	0	0	0.000	0.000	0	0	0	0	0	0	0	0	0	0	0
14	14	2032	1067.060	138.227	628	682	519	161	17	553	723	469	225	22	146.372	194	165	158	154	151	148	144	140	133	124	104	106.343	122	111	109	108	107	106	105	104	103	102	96	0	0	0.000	0.000	0	0	0	0	0	0	0	0	0	0	0	0	0	0.000	0.000	0	0	0	0	0	0	0	0	0	0	0
15	15	1835	1002.678	148.151	303	576	520	326	72	281	731	556	211	22	2665.739	4698	3980	3450	3063	2816	2633	2410	2227	1917	1513	363	144.736	192	169	160	154	149	145	141	136	130	120	102	0	0	0.000	0.000	0	0	0	0	0	0	0	0	0	0	0	0	0	0.000	0.000	0	0	0	0	0	0	0	0	0	0	0
16	16	2132	1750.742	151.258	395	798	666	201	29	282	817	649	297	43	1895.652	3036	2532	2325	2132	2018	1923	1836	1706	1509	1259	357	110.297	126	116	114	113	112	110	109	108	106	104	96	0	0	0.000	0.000	0	0	0	0	0	0	0	0	0	0	0	0	0	0.000	0.000	0	0	0	0	0	0	0	0	0	0	0
17	17	1503	1553.157	147.886	636	521	220	89	12	544	528	287	109	10	115.043	133	123	121	119	117	115	113	111	109	106	100	282.144	428	387	371	355	333	304	268	234	178	131	106	0	0	0.000	0.000	0	0	0	0	0	0	0	0	0	0	0	0	0	0.000	0.000	0	0	0	0	0	0	0	0	0	0	0
18	18	1285	108.059	153.591	285	315	413	226	21	125	256	518	277	86	275.639	396	350	332	316	301	290	276	256	221	166	112	109.286	126	116	114	112	110	109	108	106	105	103	96	0	0	0.000	0.000	0	0	0	0	0	0	0	0	0	0	0	0	0	0.000	0.000	0	0	0	0	0	0	0	0	0	0	0
19	19	1053	1499.428	153.399	160	265	297	248	72	109	387	320	198	17	243.454	360	318	303	286	269	253	238	219	188	137	105	122.151	155	136	131	128	125	123	120	117	112	107	99	0	0	0.000	0.000	0	0	0	0	0	0	0	0	0	0	0	0	0	0.000	0.000	0	0	0	0	0	0	0	0	0	0	0
20	20	1620	1346.062	161.896	461	687	363	65	18	381	817	333	46	13	524.076	12755	656	275	205	180	166	154	146	137	126	104	140.674	963	158	129	123	118	115	113	111	109	107	100	1	80	1343.648	162.575	0	0	0	5151	0	0	0	504	0	0	0	1	77	1343.590	162.194	0	0	0	5014	0	0	0	511	0	0	0
21	21	4807	397.176	189.452	4551	184	34	14	12	4325	318	98	24	19	1710.586	4821	3650	3260	2676	1941	1489	970	491	210	137	113	137.835	217	186	172	158	141	129	120	111	105	103	95	0	0	0.000	0.000	0	0	0	0	0	0	0	0	0	0	0	0	0	0.000	0.000	0	0	0	0	0	0	0	0	0	0	0
22	22	1116	1701.600	164.396	291	336	364	89	16	170	279	316	258	74	117.082	154	125	122	120	118	117	115	114	112	109	102	126.939	163	145	138	134	130	127	124	120	115	109	100	0	0	0.000	0.000	0	0	0	0	0	0	0	0	0	0	0	0	0	0.000	0.000	0	0	0	0	0	0	0	0	0	0	0
23	23	633	1101.630	171.686	106	167	174	139	31	74	173	185	138	48	173.442	210	196	190	185	182	178	173	168	161	142	110	113.390	128	120	117	116	115	114	113	111	110	107	101	0	0	0.000	0.000	0	0	0	0	0	0	0	0	0	0	0	0	0	0.000	0.000	0	0	0	0	0	0	0	0	0	0	0
24	24	1678	767.427	177.948	217	628	628	159	17	79	569	640	307	41	110.394	126	115	114	112	111	110	109	108	107	105	99	103.589	115	107	105	105	104	103	103	102	102	101	95	0	0	0.000	0.000	0	0	0	0	0	0	0	0	0	0	0	0	0	0.000	0.000	0	0	0	0	0	0	0	0	0	0	0
25	25	1810	1601.145	181.130	312	616	514	272	55	265	788	496	204	16	116.410	132	123	121	119	118	116	115	114	112	110	102	146.744	184	169	163	158	153	148	143	137	131	123	104	0	0	0.000	0.000	0	0	0	0	0	0	0	0	0	0	0	0	0	0.000	0.000	0	0	0	0	0	0	0	0	0	0	0
26	26	842	815.903	175.762	113	173	276	193	71	73	132	403	169	52	108.624	122	113	112	111	110	109	108	107	105	104	98	103.639	114	107	106	105	104	103	103	102	102	101	93	0	0	0.000	0.000	0	0	0	0	0	0	0	0	0	0	0	0	0	0.000	0.000	0	0	0	0	0	0	0	0	0	0	0
27	27	2269	1223.083	184.235	440	738	724	304	24	339	614	831	339	110	168.338	228	202	191	184	179	171	165	155	144	130	103	121.216	151	134	130	127	124	121	118	115	112	109	99	0	0	0.000	0.000	0	0	0	0	0	0	0	0	0	0	0	0	0	0.000	0.000	0	0	0	0	0	0	0	0	0	0	0
28	28	2067	858.012	187.980	244	509	760	478	43	191	614	819	370	31	111.903	127	118	116	114	113	112	111	110	108	106	97	167.742	220	201	194	187	180	170	161	151	141	129	107	0	0	0.000	0.000	0	0	0	0	0	0	0	0	0	0	0	0	0	0.000	0.000	0	0	0	0	0	0	0	0	0	0	0
29	29	1372	1649.737	183.436	189	429	490	199	34	151	434	484	234	43	613.932	928	835	783	739	689	636	580	515	442	357	190	134.532	166	151	147	142	139	135	131	127	123	116	102	0	0	0.000	0.000	0	0	0	0	0	0	0	0	0	0	0	0	0	0.000	0.000	0	0	0	0	0	0	0	0	0	0	0
30	30	1938	1156.580	194.801	177	573	744	388	21	124	599	857	285	36	1267.957	20263	2419	515	284	220	200	188	175	160	147	113	203.332	1741	312	154	134	128	124	121	117	113	110	103	1	182	1148.714	198.565	0	0	0	9361	0	0	0	825	0	0	0	1	173	1148.918	198.267	0	0	0	10050	0	0	0	842	0	0	0
31	31	1039	309.834	188.221	680	212	86	24	18	656	199	124	30	16	2470.315	3724	3346	3192	3045	2900	2769	2616	2286	1777	874	240	149.023	181	168	164	161	158	154	150	144	135	118	103	0	0	0.000	0.000	0	0	0	0	0	0	0	0	0	0	0	0	0	0.000	0.000	0	0	0	0	0	0	0	0	0	0	0
32	32	1729	1485.715	199.533	200	436	540	368	158	197	539	558	303	99	249.147	1195	354	310	277	254	234	212	188	174	160	108	121.631	222	137	132	127	122	119	116	113	111	108	100	1	23	1483.232	199.658	0	0	0	755	0	0	0	154	0	0	0	1	31	1483.056	196.132	0	0	0	383	0	0	0	178	0	0	0
33	33	1450	997.215	202.346	277	265	442	363	76	209	356	480	278	97	2288.153	3848	3179	2946	2779	2613	2424	2212	1992	1681	1097	239	140.521	178	163	158	154	149	144	139	133	121	108	98	0	0	0.000	0.000	0	0	0	0	0	0	0	0	0	0	0	0	0	0.000	0.000	0	0	0	0	0	0	0	0	0	0	0
34	34	1566	701.332	203.216	340	328	456	360	58	229	448	490	276	100	295.487	487	411	366	334	311	295	280	261	231	174	108	134.427	171	155	149	144	139	135	130	126	120	112	102	0	0	0.000	0.000	0	0	0	0	0	0	0	0	0	0	0	0	0	0.000	0.000	0	0	0	0	0	0	0	0	0	0	0
35	35	2282	1699.141	215.151	578	842	595	196	21	664	912	595	70	6	1146.962	20485	1623	487	364	325	296	279	265	245	208	133	172.361	1472	221	131	123	120	118	115	113	111	107	95	1	165	1707.274	209.642	0	0	0	9736	0	0	0	746	0	0	0	1	167	1707.409	208.995	0	0	0	9597	0	0	0	727	0	0	0
36	36	1737	1100.413	223.219	425	731	498	51	9	278	700	545	167	10	110.375	123	115	114	112	111	111	110	108	107	105	97	160.292	222	193	183	175	168	162	155	148	138	124	103	0	0	0.000	0.000	0	0	0	0	0	0	0	0	0	0	0	0	0	0.000	0.000	0	0	0	0	0	0	0	0	0	0	0
37	37	909	1584.701	224.472	108	254	277	233	28	65	185	392	203	53	117.403	132	124	122	120	119	117	116	115	113	111	104	141.595	187	166	162	158	153	145	138	127	117	111	102	0	0	0.000	0.000	0	0	0	0	0	0	0	0	0	0	0	0	0	0.000	0.000	0	0	0	0	0	0	0	0	0	0	0
38	38	1791	938.549	227.170	475	546	488	216	48	381	688	525	157	7	501.080	18010	434	214	175	164	156	149	141	132	118	103	121.062	732	122	115	113	111	110	108	107	106	104	99	0	0	0.000	0.000	0	0	0	0	0	0	0	0	0	0	0	0	0	0.000	0.000	0	0	0	0	0	0	0	0	0	0	0
39	39	1062	884.054	231.422	289	355	291	78	23	229	396	251	132	34	156.220	784	167	157	153	150	147	143	139	132	123	106	107.583	150	112	110	109	108	107	106	105	104	103	97	1	35	883.025	219.562	0	0	0	432	0	0	0	120	0	0	0	1	26	882.485	218.282	0	0	0	389	0	0	0	128	0	0	0
40	40	1919	831.502	244.780	301	626	647	278	30	218	662	618	338	51	117.814	503	121	118	116	115	114	112	111	109	107	99	168.997	230	200	192	186	180	173	166	157	146	131	104	1	32	824.896	262.699	0	0	0	285	0	0	0	175	0	0	0	0	0	0.000	0.000	0	0	0	0	0	0	0	0	0	0	0
41	41	2098	1174.821	247.716	441	768	628	213	14	323	759	660	267	49	2042.816	23357	3059	1544	1314	1164	1026	914	794	673	449	161	280.070	3819	379	182	152	140	133	127	122	118	111	101	1	170	1175.452	246.697	0	0	0	13211	0	0	0	1476	0	0	0	1	149	1175.570	246.499	0	0	0	14465	0	0	0	1778	0	0	0
42	42	1877	97.019	270.515	306	414	697	359	76	242	434	807	288	71	585.216	988	813	735	692	647	593	549	517	459	312	112	103.986	113	107	106	105	105	104	103	103	102	101	93	0	0	0.000	0.000	0	0	0	0	0	0	0	0	0	0	0	0	0	0.000	0.000	0	0	0	0	0	0	0	0	0	0	0
43	43	2475	1225.628	273.921	684	695	711	311	37	553	597	762	364	150	1086.291	1665	1515	1419	1326	1218	1104	1007	926	806	580	222	133.339	183	153	146	141	136	132	128	124	121	114	101	0	0	0.000	0.000	0	0	0	0	0	0	0	0	0	0	0	0	0	0.000	0.000	0	0	0	0	0	0	0	0	0	0	0
44	44	1455	978.711	267.265	428	412	299	191	88	521	487	248	164	14	872.078	1991	1456	1261	1106	1012	923	824	618	359	176	107	106.832	124	111	110	109	108	107	106	105	104	102	97	0	0	0.000	0.000	0	0	0	0	0	0	0	0	0	0	0	0	0	0.000	0.000	0	0	0	0	0	0	0	0	0	0	0
45	45	1649	1852.748	269.540	439	567	436	150	27	373	582	404	229	35	127.754	375	139	136	133	131	129	126	123	117	110	100	163.536	223	201	192	183	174	167	160	153	135	113	102	1	17	1836.232	256.043	0	0	0	244	0	0	0	162	0	0	0	0	0	0.000	0.000	0	0	0	0	0	0	0	0	0	0	0
46	46	1126	1674.585	267.445	374	307	282	136	10	329	369	263	130	21	807.126	1468	1135	1028	980	930	878	805	712	536	317	155	109.258	122	114	113	111	110	109	108	107	106	104	100	0	0	0.000	0.000	0	0	0	0	0	0	0	0	0	0	0	0	0	0.000	0.000	0	0	0	0	0	0	0	0	0	0	0
47	47	2289	430.838	280.519	613	857	632	135	11	423	654	739	305	128	3943.145	25377	5716	4784	4316	3780	3253	2704	2149	1688	1196	269	206.593	1444	266	203	185	172	160	149	138	129	120	101	1	121	424.105	282.898	0	0	0	17172	0	0	0	849	0	0	0	1	142	423.895	282.527	0	0	0	15572	0	0	0	792	0	0	0
48	48	1126	1092.982	271.947	385	310	291	110	11	254	342	263	194	61	109.949	127	115	113	112	111	110	109	108	107	105	97	150.156	200	183	176	169	162	154	145	134	121	111	101	0	0	0.000	0.000	0	0	0	0	0	0	0	0	0	0	0	0	0	0.000	0.000	0	0	0	0	0	0	0	0	0	0	0
49	49	2017	1794.058	277.336	644	900	380	41	22	824	917	206	22	20	1086.051	22391	1240	303	187	160	149	140	133	125	116	102	292.003	3149	323	230	217	206	198	190	176	158	136	106	1	162	1785.776	268.109	0	0	0	10037	0	0	0	1233	0	0	0	1	122	1785.733	267.982	0	0	0	13993	0	0	0	1681	0	0	0
50	50	1339	901.198	286.964	237	351	411	255	56	231	439	412	182	56	474.562	725	648	595	546	503	476	442	409	373	319	131	106.133	123	111	109	108	107	106	105	104	103	102	96	0	0	0.000	0.000	0	0	0	0	0	0	0	0	0	0	0	0	0	0.000	0.000	0	0	0	0	0	0	0	0	0	0	0
51	51	1207	1144.592	289.664	179	331	433	206	33	131	360	420	224	45	458.581	644	566	542	520	501	478	456	430	395	321	124	133.616	159	146	142	140	137	135	132	129	125	119	104	0	0	0.000	0.000	0	0	0	0	0	0	0	0	0	0	0	0	0	0.000	0.000	0	0	0	0	0	0	0	0	0	0	0
52	52	2025	1720.289	302.836	417	676	628	223	40	272	597	607	377	143	171.545	240	209	197	187	179	172	165	158	147	132	106	128.769	160	145	141	137	133	130	126	122	117	111	101	0	0	0.000	0.000	0	0	0	0	0	0	0	0	0	0	0	0	0	0.000	0.000	0	0	0	0	0	0	0	0	0	0	0
53	53	1275	1555.169	303.692	303	394	370	147	42	275	565	317	79	14	113.772	130	121	119	117	115	114	113	111	109	106	101	103.362	113	106	105	104	104	103	103	102	101	101	96	0	0	0.000	0.000	0	0	0	0	0	0	0	0	0	0	0	0	0	0.000	0.000	0	0	0	0	0	0	0	0	0	0	0
54	54	2100	845.587	311.518	1111	664	199	77	23	1148	647	207	58	15	443.600	685	598	558	530	505	469	428	387	338	235	122	108.586	128	116	113	111	109	108	106	105	104	103	98	0	0	0.000	0.000	0	0	0	0	0	0	0	0	0	0	0	0	0	0.000	0.000	0	0	0	0	0	0	0	0	0	0	0
55	55	1191	1770.682	322.967	305	415	358	76	21	390	492	260	21	3	169.447	222	203	194	184	176	169	164	157	149	133	105	127.253	154	141	137	133	131	128	125	122	118	112	99	0	0	0.000	0.000	0	0	0	0	0	0	0	0	0	0	0	0	0	0.000	0.000	0	0	0	0	0	0	0	0	0	0	0
56	56	1946	1141.375	336.338	454	924	471	50	9	240	681	716	228	43	483.189	758	642	593	555	522	489	455	423	384	318	156	135.587	167	152	147	143	139	136	132	129	125	119	102	0	0	0.000	0.000	0	0	0	0	0	0	0	0	0	0	0	0	0	0.000	0.000	0	0	0	0	0	0	0	0	0	0	0
57	57	1054	913.145	333.989	196	281	324	170	63	219	424	299	76	13	398.096	606	515	483	458	436	410	387	361	330	249	113	105.754	120	111	109	107	106	105	104	103	103	101	96	0	0	0.000	0.000	0	0	0	0	0	0	0	0	0	0	0	0	0	0.000	0.000	0	0	0	0	0	0	0	0	0	0	0
58	58	1801	1925.687	350.425	380	618	518	225	37	255	594	584	272	62	108.426	121	113	112	110	109	108	107	106	105	104	98	141.666	192	164	157	151	146	140	136	132	127	120	103	0	0	0.000	0.000	0	0	0	0	0	0	0	0	0	0	0	0	0	0.000	0.000	0	0	0	0	0	0	0	0	0	0	0
59	59	1310	1207.121	344.795	225	503	459	83	13	136	522	419	190	24	287.693	423	366	340	324	310	294	273	254	236	206	123	111.089	130	117	115	114	112	111	110	108	107	106	99	0	0	0.000	0.000	0	0	0	0	0	0	0	0	0	0	0	0	0	0.000	0.000	0	0	0	0	0	0	0	0	0	0	0
60	60	1351	706.382	350.922	189	444	495	175	15	113	359	546	237	66	1963.474	3633	3124	2780	2491	2241	2005	1754	1495	1158	751	194	159.103	224	195	184	176	168	160	151	143	133	121	103	0	0	0.000	0.000	0	0	0	0	0	0	0	0	0	0	0	0	0	0.000	0.000	0	0	0	0	0	0	0	0	0	0	0
61	61	722	262.016	350.108	88	247	231	107	30	78	221	265	122	18	111.048	122	116	114	113	112	111	110	109	108	106	99	133.787	177	154	149	145	141	136	132	125	117	109	98	0	0	0.000	0.000	0	0	0	0	0	0	0	0	0	0	0	0	0	0.000	0.000	0	0	0	0	0	0	0	0	0	0	0
62	62	1710	142.341	374.383	333	599	515	193	38	239	702	497	213	32	681.289	1034	894	843	797	758	721	678	607	518	401	164	104.970	116	109	107	106	105	105	104	103	103	101	95	0	0	0.000	0.000	0	0	0	0	0	0	0	0	0	0	0	0	0	0.000	0.000	0	0	0	0	0	0	0	0	0	0	0
63	63	1771	445.598	382.432	332	463	557	345	42	264	467	632	292	73	5718.989	9735	8860	8335	7607	6849	6041	5265	4322	3243	1662	381	111.126	130	118	116	114	112	111	110	108	107	105	99	0	0	0.000	0.000	0	0	0	0	0	0	0	0	0	0	0	0	0	0.000	0.000	0	0	0	0	0	0	0	0	0	0	0
64	64	1307	518.423	382.447	190	348	440	268	38	171	301	426	340	41	118.964	143	130	126	124	122	120	117	114	110	107	98	192.569	277	250	238	224	212	201	189	173	143	113	98	0	0	0.000	0.000	0	0	0	0	0	0	0	0	0	0	0	0	0	0.000	0.000	0	0	0	0	0	0	0	0	0	0	0
65	65	1690	1212.059	396.228	253	453	458	398	101	201	544	510	310	95	618.356	12022	668	469	423	381	347	311	281	250	211	111	136.010	989	146	122	117	115	113	111	110	108	106	99	1	69	1213.324	394.861	0	0	0	5173	0	0	0	347	0	0	0	1	75	1212.104	393.383	0	0	0	2149	0	0	0	464	0	0	0
66	66	1685	1317.159	413.786	292	456	649	225	37	289	596	516	200	55	1237.147	21428	1932	632	495	431	383	348	316	284	234	135	235.135	3010	317	155	139	132	127	122	118	114	110	102	1	115	1316.193	420.488	0	0	0	10216	0	0	0	1370	0	0	0	1	115	1316.850	420.154	0	0	0	9721	0	0	0	1370	0	0	0
67	67	1879	214.171	429.747	367	569	580	291	25	271	594	652	298	21	115.471	149	122	119	118	116	115	114	113	111	109	95	134.845	172	151	146	142	139	135	132	129	125	118	101	0	0	0.000	0.000	0	0	0	0	0	0	0	0	0	0	0	0	0	0.000	0.000	0	0	0	0	0	0	0	0	0	0	0
68	68	1540	166.586	424.450	193	393	579	297	49	133	456	651	249	23	1996.831	3074	2738	2605	2486	2338	2133	1888	1627	1347	1070	423	156.413	203	181	176	171	166	160	153	145	137	125	103	0	0	0.000	0.000	0	0	0	0	0	0	0	0	0	0	0	0	0	0.000	0.000	0	0	0	0	0	0	0	0	0	0	0
69	69	2309	494.171	428.660	537	935	668	113	19	318	522	801	445	187	135.580	1788	138	131	128	126	124	121	119	115	109	99	229.217	360	305	278	257	241	230	220	211	190	140	99	1	25	505.486	413.611	0	0	0	805	0	0	0	306	0	0	0	0	0	0.000	0.000	0	0	0	0	0	0	0	0	0	0	0
70	70	1625	1361.754	428.808	183	418	553	386	50	133	436	592	322	117	364.863	3784	445	405	380	354	331	309	284	249	210	126	114.570	275	121	117	115	114	112	110	109	107	105	99	1	34	1374.298	420.663	0	0	0	1734	0	0	0	199	0	0	0	1	38	1374.269	419.524	0	0	0	1149	0	0	0	183	0	0	0
71	71	1967	1575.171	433.734	419	756	557	183	27	297	714	556	299	59	133.350	159	147	143	140	138	136	132	129	124	115	101	144.468	178	166	162	159	155	150	144	135	124	111	100	0	0	0.000	0.000	0	0	0	0	0	0	0	0	0	0	0	0	0	0.000	0.000	0	0	0	0	0	0	0	0	0	0	0
72	72	1889	939.780	446.489	245	358	680	444	122	279	733	530	288	27	128.348	159	140	137	134	132	129	126	124	120	115	102	116.672	141	126	123	120	118	116	115	113	111	107	99	0	0	0.000	0.000	0	0	0	0	0	0	0	0	0	0	0	0	0	0.000	0.000	0	0	0	0	0	0	0	0	0	0	0
73	73	2245	1276.348	452.348	591	694	559	304	56	560	675	542	329	98	119.875	144	129	125	123	122	120	118	116	114	111	102	168.453	231	196	188	182	175	169	163	157	150	138	109	0	0	0.000	0.000	0	0	0	0	0	0	0	0	0	0	0	0	0	0.000	0.000	0	0	0	0	0	0	0	0	0	0	0
74	74	2576	256.045	467.749	1864	570	81	21	14	1847	599	62	23	8	125.855	170	143	135	129	126	123	121	119	116	113	103	466.326	706	619	584	548	512	489	471	442	353	239	115	0	0	0.000	0.000	0	0	0	0	0	0	0	0	0	0	0	0	0	0.000	0.000	0	0	0	0	0	0	0	0	0	0	0
75	75	1948	77.926	472.797	272	510	747	322	62	170	530	780	318	104	123.715	152	131	129	127	125	124	122	121	118	115	100	116.956	139	126	123	120	119	117	115	113	111	109	96	0	0	0.000	0.000	0	0	0	0	0	0	0	0	0	0	0	0	0	0.000	0.000	0	0	0	0	0	0	0	0	0	0	0
76	76	2140	579.381	472.066	485	658	628	300	36	389	520	635	393	152	829.274	1443	1191	1110	1026	939	871	788	691	565	346	138	106.979	129	113	110	109	107	106	105	104	103	102	97	0	0	0.000	0.000	0	0	0	0	0	0	0	0	0	0	0	0	0	0.000	0.000	0	0	0	0	0	0	0	0	0	0	0
77	77	2006	176.977	477.780	281	608	777	276	29	192	545	771	409	49	1804.011	3268	2707	2446	2201	1981	1798	1655	1469	1175	910	207	150.889	200	177	170	164	157	152	147	140	131	123	103	0	0	0.000	0.000	0	0	0	0	0	0	0	0	0	0	0	0	0	0.000	0.000	0	0	0	0	0	0	0	0	0	0	0
78	78	1864	1227.534	483.227	418	747	587	69	9	203	456	715	386	73	128.111	871	136	130	127	125	123	120	118	115	110	99	174.709	236	212	203	196	187	178	170	161	148	128	100	1	33	1219.966	484.986	0	0	0	318	0	0	0	214	0	0	0	0	0	0.000	0.000	0	0	0	0	0	0	0	0	0	0	0
79	79	1936	1589.969	485.548	740	722	344	71	12	647	610	483	142	20	113.523	139	122	119	116	115	113	111	110	108	106	96	109.688	138	120	115	111	109	108	106	105	104	103	97	0	0	0.000	0.000	0	0	0	0	0	0	0	0	0	0	0	0	0	0.000	0.000	0	0	0	0	0	0	0	0	0	0	0
80	80	2664	322.120	493.912	533	829	893	317	38	482	935	913	239	37	1619.818	24475	2022	679	619	582	551	519	479	435	339	153	191.259	2023	218	128	122	119	117	116	114	112	109	100	1	220	332.286	487.050	0	0	0	11979	0	0	0	845	0	0	0	1	189	332.417	487.155	0	0	0	14849	0	0	0	996	0	0	0
81	81	1894	862.109	515.208	345	485	655	295	83	285	669	544	311	52	1044.343	20625	1612	417	244	189	161	147	136	127	117	102	309.989	2774	412	297	266	245	226	210	192	167	140	106	1	145	860.073	515.418	0	0	0	9355	0	0	0	1064	0	0	0	1	103	860.250	515.021	0	0	0	13305	0	0	0	1501	0	0	0
82	82	1746	1801.337	518.201	317	511	630	232	29	210	595	518	329	66	218.410	4431	209	146	139	136	133	130	127	123	118	102	162.177	684	181	172	165	158	152	146	141	135	128	109	1	62	1811.647	512.797	0	0	0	1796	0	0	0	312	0	0	0	1	47	1811.955	513.611	0	0	0	2099	0	0	0	453	0	0	0
83	83	1803	966.940	520.976	259	534	622	308	39	202	525	621	298	120	954.091	14187	1111	829	738	685	644	608	552	477	386	147	144.565	1112	151	128	125	122	120	118	116	113	109	99	1	64	976.630	509.095	0	0	0	7312	0	0	0	602	0	0	0	1	77	976.694	508.825	0	0	0	6398	0	0	0	543	0	0	0
84	84	1105	1011.617	524.797	265	308	332	176	15	173	306	315	158	131	633.408	1043	914	847	785	730	673	617	531	404	250	123	119.643	144	132	128	126	123	120	117	114	110	106	98	0	0	0.000	0.000	0	0	0	0	0	0	0	0	0	0	0	0	0	0.000	0.000	0	0	0	0	0	0	0	0	0	0	0
85	85	2949	193.648	531.083	459	686	1032	624	89	370	691	956	724	134	635.595	8245	774	677	640	609	571	523	471	417	338	182	127.640	745	133	128	125	122	120	117	115	113	110	99	1	47	178.437	529.266	0	0	0	4395	0	0	0	434	0	0	0	1	60	178.760	529.019	0	0	0	3736	0	0	0	398	0	0	0
86	86	690	74.138	523.779	316	230	88	30	14	230	254	135	34	26	116.186	133	122	120	119	117	116	115	114	112	110	99	122.423	181	136	129	126	123	120	118	115	112	108	102	0	0	0.000	0.000	0	0	0	0	0	0	0	0	0	0	0	0	0	0.000	0.000	0	0	0	0	0	0	0	0	0	0	0
87	87	2305	1203.304	538.203	381	937	748	180	17	251	614	823	436	138	311.348	465	409	380	358	335	315	294	271	246	214	112	119.085	138	128	125	123	121	119	118	115	113	109	100	0	0	0.000	0.000	0	0	0	0	0	0	0	0	0	0	0	0	0	0.000	0.000	0	0	0	0	0	0	0	0	0	0	0
88	88	1192	1703.310	530.528	413	268	316	160	18	304	322	290	184	75	113.190	131	120	118	116	115	113	112	110	108	106	99	108.264	123	115	112	110	109	108	107	105	104	103	97	0	0	0.000	0.000	0	0	0	0	0	0	0	0	0	0	0	0	0	0.000	0.000	0	0	0	0	0	0	0	0	0	0	0
89	89	1413	537.483	556.365	240	359	467	301	22	193	401	470	250	79	368.161	2158	463	433	408	385	364	342	320	276	210	123	111.871	168	119	116	114	113	111	110	108	107	105	99	1	16	528.812	565.375	0	0	0	1438	0	0	0	142	0	0	0	1	17	529.280	564.070	0	0	0	948	0	0	0	147	0	0	0
90	90	2101	1777.660	566.452	600	815	515	121	20	378	673	557	340	117	1126.314	21376	1765	425	237	181	155	142	133	122	111	100	289.310	3341	391	227	198	183	174	165	155	141	123	104	1	176	1772.264	561.572	0	0	0	9736	0	0	0	1233	0	0	0	1	133	1772.607	562.049	0	0	0	13666	0	0	0	1687	0	0	0
91	91	918	1827.437	561.549	150	288	296	143	25	149	314	287	110	33	117.537	135	126	124	122	120	119	117	114	111	106	98	143.956	182	164	158	154	151	147	143	138	130	116	102	0	0	0.000	0.000	0	0	0	0	0	0	0	0	0	0	0	0	0	0.000	0.000	0	0	0	0	0	0	0	0	0	0	0
92	92	1865	845.413	569.285	437	546	602	201	50	329	557	501	318	116	131.288	163	146	143	140	137	134	130	125	119	111	99	240.788	362	323	306	289	271	251	231	206	173	133	102	0	0	0.000	0.000	0	0	0	0	0	0	0	0	0	0	0	0	0	0.000	0.000	0	0	0	0	0	0	0	0	0	0	0
93	93	1433	1672.223	576.670	164	481	487	202	72	97	409	463	305	127	110.380	124	115	113	112	111	110	109	108	107	106	99	105.255	118	110	108	107	106	105	104	103	103	102	95	0	0	0.000	0.000	0	0	0	0	0	0	0	0	0	0	0	0	0	0.000	0.000	0	0	0	0	0	0	0	0	0	0	0
94	94	2024	1618.937	586.504	777	604	440	155	14	637	672	399	236	52	112.725	131	120	118	116	114	113	111	109	108	106	97	106.301	123	111	109	107	107	106	105	104	103	102	96	0	0	0.000	0.000	0	0	0	0	0	0	0	0	0	0	0	0	0	0.000	0.000	0	0	0	0	0	0	0	0	0	0	0
95	95	952	388.299	580.331	208	221	287	195	34	132	235	307	212	42	281.379	408	370	352	331	306	284	262	245	224	181	116	115.670	135	125	122	120	118	116	114	111	109	106	99	0	0	0.000	0.000	0	0	0	0	0	0	0	0	0	0	0	0	0	0.000	0.000	0	0	0	0	0	0	0	0	0	0	0
96	96	2214	1244.790	585.641	538	1094	478	59	10	255	551	870	370	127	693.935	15181	704	401	370	349	327	308	289	257	206	114	155.895	1592	157	131	127	124	122	119	117	113	109	100	1	95	1248.472	575.890	0	0	0	7200	0	0	0	655	0	0	0	1	89	1248.559	574.511	0	0	0	4087	0	0	0	760	0	0	0
97	97	1112	327.350	592.621	878	131	35	27	30	914	123	28	22	14	425.027	4643	687	441	361	326	295	265	228	193	167	132	117.327	314	133	121	117	114	112	110	108	106	105	98	0	0	0.000	0.000	0	0	0	0	0	0	0	0	0	0	0	0	0	0.000	0.000	0	0	0	0	0	0	0	0	0	0	0
98	98	1529	1510.038	600.789	530	502	355	101	14	338	467	325	229	137	568.740	998	846	730	680	641	578	518	466	403	279	125	106.398	122	111	109	108	107	106	105	104	103	102	97	0	0	0.000	0.000	0	0	0	0	0	0	0	0	0	0	0	0	0	0.000	0.000	0	0	0	0	0	0	0	0	0	0	0
99	99	897	670.286	596.533	174	327	270	90	17	193	340	238	88	20	311.247	459	397	371	346	323	304	288	273	258	239	172	104.672	113	108	107	106	105	104	104	103	103	102	96	0	0	0.000	0.000	0	0	0	0	0	0	0	0	0	0	0	0	0	0.000	0.000	0	0	0	0	0	0	0	0	0	0	0
100	100	1678	1709.950	606.526	569	471	372	197	49	458	611	354	182	39	112.680	128	119	117	115	114	113	112	110	108	106	99	105.045	117	109	107	106	105	105	104	103	102	102	93	0	0	0.000	0.000	0	0	0	0	0	0	0	0	0	0	0	0	0	0.000	0.000	0	0	0	0	0	0	0	0	0	0	0
101	101	1255	710.673	608.266	471	365	233	135	36	380	393	277	141	37	112.850	128	119	118	116	114	113	112	110	108	106	99	118.833	151	130	126	123	121	119	116	114	111	107	99	0	0	0.000	0.000	0	0	0	0	0	0	0	0	0	0	0	0	0	0.000	0.000	0	0	0	0	0	0	0	0	0	0	0
102	102	1375	1569.228	627.962	217	358	454	273	46	135	378	455	273	103	136.768	175	154	149	145	141	138	133	129	124	118	101	134.725	170	152	147	143	139	135	131	127	123	117	101	0	0	0.000	0.000	0	0	0	0	0	0	0	0	0	0	0	0	0	0.000	0.000	0	0	0	0	0	0	0	0	0	0	0
103	103	544	1006.960	627.955	297	86	64	58	33	207	111	101	96	21	153.061	311	184	176	169	161	153	145	135	125	116	106	230.702	338	303	292	280	266	245	218	190	164	136	113	0	0	0.000	0.000	0	0	0	0	0	0	0	0	0	0	0	0	0	0.000	0.000	0	0	0	0	0	0	0	0	0	0	0
104	104	1451	670.221	639.919	190	330	536	289	83	205	537	479	165	40	360.742	522	455	431	413	393	373	349	325	293	247	138	106.449	126	113	109	108	106	106	105	104	103	102	98	0	0	0.000	0.000	0	0	0	0	0	0	0	0	0	0	0	0	0	0.000	0.000	0	0	0	0	0	0	0	0	0	0	0
105	105	2712	1107.069	645.652	375	897	1042	320	22	288	838	1018	424	74	132.309	161	146	143	139	136	134	131	127	122	115	100	312.599	479	416	399	381	356	323	290	263	228	180	111	0	0	0.000	0.000	0	0	0	0	0	0	0	0	0	0	0	0	0	0.000	0.000	0	0	0	0	0	0	0	0	0	0	0
106	106	2644	1032.357	658.570	458	697	886	505	49	288	634	997	543	115	1039.048	23074	916	244	158	142	135	130	126	121	114	102	462.938	5700	488	396	365	334	297	262	241	216	177	109	1	218	1017.670	652.357	0	0	0	10200	0	0	0	2083	0	0	0	1	159	1017.692	652.069	0	0	0	14814	0	0	0	2942	0	0	0
107	107	1730	1433.994	663.314	387	731	485	73	19	229	719	450	265	40	689.884	12367	842	566	497	445	382	332	298	272	218	114	131.247	846	140	122	118	114	112	110	109	107	105	100	1	73	1425.454	658.261	0	0	0	5792	0	0	0	429	0	0	0	1	74	1425.532	657.489	0	0	0	4748	0	0	0	429	0	0	0
108	108	1524	1215.844	664.923	331	422	495	237	18	296	505	419	232	38	841.831	1640	1233	1106	997	910	842	787	728	601	391	140	107.507	118	112	110	109	108	107	107	106	105	104	99	0	0	0.000	0.000	0	0	0	0	0	0	0	0	0	0	0	0	0	0.000	0.000	0	0	0	0	0	0	0	0	0	0	0
109	109	1889	1161.831	667.908	372	677	525	250	36	265	703	537	288	63	3050.686	26360	13349	2141	748	429	308	244	206	177	152	114	648.600	5939	2126	474	234	178	155	143	135	127	120	107	1	374	1162.341	666.580	0	0	0	13496	0	0	0	2231	0	0	0	1	300	1161.863	666.930	0	0	0	18191	0	0	0	2944	0	0	0
110	110	1343	693.167	681.358	387	357	385	153	39	353	420	296	211	45	111.576	126	117	115	114	113	112	111	109	108	106	99	147.749	194	170	165	159	155	150	145	140	132	118	102	0	0	0.000	0.000	0	0	0	0	0	0	0	0	0	0	0	0	0	0.000	0.000	0	0	0	0	0	0	0	0	0	0	0
111	111	2315	95.886	694.085	607	800	748	117	13	473	614	742	405	36	169.662	222	200	192	187	181	175	168	159	145	130	106	358.010	571	506	474	441	404	365	326	289	247	191	121	0	0	0.000	0.000	0	0	0	0	0	0	0	0	0	0	0	0	0	0.000	0.000	0	0	0	0	0	0	0	0	0	0	0
112	112	1437	161.996	696.113	257	423	387	290	52	224	378	429	255	121	115.768	135	122	120	118	117	116	115	113	112	110	103	126.058	150	138	134	132	130	127	125	122	118	112	100	0	0	0.000	0.000	0	0	0	0	0	0	0	0	0	0	0	0	0	0.000	0.000	0	0	0	0	0	0	0	0	0	0	0
113	113	1833	225.471	699.754	288	342	637	435	97	262	404	638	397	106	194.681	271	230	222	215	209	202	193	181	164	146	112	109.058	124	114	112	111	110	109	108	107	106	104	97	0	0	0.000	0.000	0	0	0	0	0	0	0	0	0	0	0	0	0	0.000	0.000	0	0	0	0	0	0	0	0	0	0	0
114	114	1365	1639.507	703.037	427	477	349	62	27	364	557	326	76	18	112.265	132	118	116	115	113	112	111	110	108	106	100	151.073	196	173	165	160	156	152	149	145	137	126	104	0	0	0.000	0.000	0	0	0	0	0	0	0	0	0	0	0	0	0	0.000	0.000	0	0	0	0	0	0	0	0	0	0	0
115	115	1932	1399.516	720.134	374	894	559	63	8	172	660	629	367	69	443.570	6626	537	474	435	400	365	334	308	280	230	121	112.123	292	118	113	111	110	109	108	107	106	104	96	1	35	1399.839	703.341	0	0	0	3193	0	0	0	167	0	0	0	1	48	1400.759	702.433	0	0	0	1749	0	0	0	182	0	0	0
116	116	1974	1188.586	718.669	497	634	572	212	29	392	561	630	296	66	153.602	187	173	168	165	162	158	153	147	138	126	103	132.264	166	148	144	141	137	134	130	126	120	113	101	0	0	0.000	0.000	0	0	0	0	0	0	0	0	0	0	0	0	0	0.000	0.000	0	0	0	0	0	0	0	0	0	0	0
117	117	1096	1886.727	720.490	249	338	321	153	8	162	300	307	227	79	135.888	165	151	146	143	140	137	134	130	125	120	104	108.953	129	116	113	111	109	108	107	106	105	104	96	0	0	0.000	0.000	0	0	0	0	0	0	0	0	0	0	0	0	0	0.000	0.000	0	0	0	0	0	0	0	0	0	0	0
118	118	1618	493.392	737.639	397	482	435	220	54	363	506	432	237	51	455.197	733	620	575	543	510	476	431	385	343	256	109	105.824	120	111	109	107	106	105	105	104	103	102	97	0	0	0.000	0.000	0	0	0	0	0	0	0	0	0	0	0	0	0	0.000	0.000	0	0	0	0	0	0	0	0	0	0	0
119	119	1992	264.555	741.167	325	585	630	355	62	293	587	673	331	76	581.972	14396	480	252	233	223	215	204	191	168	135	101	131.964	863	141	117	114	113	111	110	108	107	105	99	1	96	248.517	746.997	0	0	0	6879	0	0	0	280	0	0	0	1	105	249.697	745.857	0	0	0	3462	0	0	0	410	0	0	0
120	120	2067	95.432	762.684	298	499	756	442	37	228	601	788	367	39	832.121	1400	1158	1078	1026	979	910	810	686	558	387	140	125.673	156	140	136	133	130	126	123	119	115	111	99	0	0	0.000	0.000	0	0	0	0	0	0	0	0	0	0	0	0	0	0.000	0.000	0	0	0	0	0	0	0	0	0	0	0
121	121	917	1034.453	750.894	158	304	304	100	37	130	263	293	161	49	130.458	156	145	141	138	135	132	128	125	121	113	102	114.733	139	125	122	119	116	113	112	110	108	106	100	0	0	0.000	0.000	0	0	0	0	0	0	0	0	0	0	0	0	0	0.000	0.000	0	0	0	0	0	0	0	0	0	0	0
122	122	1128	1871.196	759.070	168	339	336	212	44	207	387	321	168	21	898.510	14949	1675	491	285	214	181	163	150	141	132	112	158.898	1105	223	140	124	118	115	113	111	109	107	101	1	85	1870.430	759.124	0	0	0	6905	0	0	0	528	0	0	0	1	89	1870.677	759.070	0	0	0	6607	0	0	0	506	0	0	0
123	123	811	1556.094	754.899	238	255	173	106	24	94	283	193	150	69	652.414	1271	1012	911	822	722	620	552	488	427	317	159	107.919	122	112	111	110	109	108	107	106	105	104	98	0	0	0.000	0.000	0	0	0	0	0	0	0	0	0	0	0	0	0	0.000	0.000	0	0	0	0	0	0	0	0	0	0	0
124	124	1531	802.854	764.574	234	401	546	251	61	198	545	504	217	37	109.109	124	114	112	111	110	109	108	107	106	104	98	115.638	140	125	121	119	117	115	113	112	110	108	99	0	0	0.000	0.000	0	0	0	0	0	0	0	0	0	0	0	0	0	0.000	0.000	0	0	0	0	0	0	0	0	0	0	0
125	125	1948	988.353	770.865	379	749	612	150	24	241	775	528	280	82	300.054	7662	326	185	160	151	145	139	133	126	118	101	130.812	825	140	128	122	118	116	113	111	109	107	100	1	68	992.155	761.887	0	0	0	3208	0	0	0	411	0	0	0	1	68	992.032	761.440	0	0	0	3208	0	0	0	411	0	0	0
126	126	1152	842.744	783.784	198	285	373	235	38	126	285	439	199	71	117.697	159	131	125	121	118	116	113	111	110	107	99	116.982	141	125	122	120	118	117	115	114	112	110	102	0	0	0.000	0.000	0	0	0	0	0	0	0	0	0	0	0	0	0	0.000	0.000	0	0	0	0	0	0	0	0	0	0	0
127	127	2518	700.331	791.936	417	824	940	275	18	251	545	976	524	165	114.156	132	121	119	117	116	114	113	111	109	107	98	458.311	697	633	603	571	532	487	435	372	310	240	124	0	0	0.000	0.000	0	0	0	0	0	0	0	0	0	0	0	0	0	0.000	0.000	0	0	0	0	0	0	0	0	0	0	0
128	128	2108	1543.816	800.873	423	834	635	146	17	289	845	675	233	31	679.454	1191	991	867	774	708	658	613	569	521	407	163	108.024	125	113	111	110	109	108	107	106	105	104	97	0	0	0.000	0.000	0	0	0	0	0	0	0	0	0	0	0	0	0	0.000	0.000	0	0	0	0	0	0	0	0	0	0	0
129	129	1460	1596.807	799.739	215	426	429	306	55	222	518	480	187	29	124.942	263	134	129	126	124	122	120	118	116	112	104	194.086	294	253	234	219	205	191	177	165	154	145	111	0	0	0.000	0.000	0	0	0	0	0	0	0	0	0	0	0	0	0	0.000	0.000	0	0	0	0	0	0	0	0	0	0	0
130	130	1898	1246.386	805.139	475	446	587	299	66	403	628	520	259	55	890.358	8040	1509	832	680	601	543	483	434	366	266	137	282.670	2854	438	218	176	159	149	140	135	128	119	103	1	147	1245.616	806.759	0	0	0	4400	0	0	0	1031	0	0	0	1	156	1245.453	804.398	0	0	0	2346	0	0	0	1465	0	0	0
131	131	1882	1859.278	811.086	314	622	562	277	61	290	676	535	272	75	684.320	13774	850	259	177	151	141	135	129	123	115	103	339.868	4661	422	237	224	212	200	183	166	148	129	104	1	127	1853.315	809.977	0	0	0	6191	0	0	0	1892	0	0	0	1	106	1853.431	808.823	0	0	0	5496	0	0	0	2270	0	0	0
132	132	1275	369.205	809.327	127	477	488	136	15	63	230	558	297	100	448.501	661	577	533	496	468	445	427	408	378	321	170	136.453	168	152	146	143	140	137	135	131	127	120	105	0	0	0.000	0.000	0	0	0	0	0	0	0	0	0	0	0	0	0	0.000	0.000	0	0	0	0	0	0	0	0	0	0	0
133	133	1659	1693.581	820.062	797	652	146	24	13	957	588	72	9	10	4992.994	32230	20999	5308	2151	1541	1358	1195	1077	963	787	246	395.528	2782	1325	369	192	150	133	126	123	119	115	103	1	358	1692.771	824.561	0	0	0	19710	0	0	0	1202	0	0	0	1	308	1693.230	823.894	0	0	0	21992	0	0	0	1392	0	0	0
134	134	1828	116.041	815.493	252	435	539	464	99	250	553	562	328	91	1056.664	12974	1255	976	905	834	760	691	609	531	401	138	144.705	876	159	134	130	126	123	120	118	114	108	97	1	82	103.667	811.245	0	0	0	6828	0	0	0	467	0	0	0	1	98	104.641	810.887	0	0	0	5211	0	0	0	448	0	0	0
135	135	2176	1192.309	821.987	504	554	656	359	56	490	685	602	315	44	713.732	1118	982	945	903	843	766	679	584	475	340	169	148.362	204	178	169	161	155	150	144	137	128	114	101	0	0	0.000	0.000	0	0	0	0	0	0	0	0	0	0	0	0	0	0.000	0.000	0	0	0	0	0	0	0	0	0	0	0
136	136	1568	912.474	820.091	245	579	448	247	18	176	517	523	234	85	142.682	177	161	156	153	148	144	139	134	129	123	105	194.224	262	239	231	221	209	197	185	172	157	143	115	0	0	0.000	0.000	0	0	0	0	0	0	0	0	0	0	0	0	0	0.000	0.000	0	0	0	0	0	0	0	0	0	0	0
137	137	1327	821.137	822.015	149	309	449	317	77	121	429	509	230	15	136.803	162	150	147	143	141	138	135	132	127	121	104	197.996	263	242	231	221	211	199	190	178	166	151	116	0	0	0.000	0.000	0	0	0	0	0	0	0	0	0	0	0	0	0	0.000	0.000	0	0	0	0	0	0	0	0	0	0	0
138	138	1397	1498.119	827.070	171	368	452	326	50	223	546	367	218	24	110.003	123	115	113	112	111	110	109	108	107	105	97	136.337	164	152	148	144	141	138	134	130	125	118	102	0	0	0.000	0.000	0	0	0	0	0	0	0	0	0	0	0	0	0	0.000	0.000	0	0	0	0	0	0	0	0	0	0	0
139	139	2099	322.665	838.569	884	793	300	77	12	745	751	421	107	38	114.979	137	121	119	118	116	115	114	112	111	109	101	392.808	749	575	495	453	413	382	352	330	298	223	124	0	0	0.000	0.000	0	0	0	0	0	0	0	0	0	0	0	0	0	0.000	0.000	0	0	0	0	0	0	0	0	0	0	0
140	140	1247	1280.114	845.476	389	337	322	138	36	330	490	241	128	33	193.783	260	229	220	214	208	203	196	185	168	138	101	109.298	128	117	114	111	110	108	107	106	105	104	98	0	0	0.000	0.000	0	0	0	0	0	0	0	0	0	0	0	0	0	0.000	0.000	0	0	0	0	0	0	0	0	0	0	0
141	141	1661	1570.483	845.302	267	438	631	281	8	222	422	596	344	48	117.553	139	125	122	121	119	118	116	115	113	110	100	182.032	263	230	216	205	195	185	174	160	147	132	104	0	0	0.000	0.000	0	0	0	0	0	0	0	0	0	0	0	0	0	0.000	0.000	0	0	0	0	0	0	0	0	0	0	0
142	142	982	221.072	846.547	252	281	236	152	45	235	315	272	114	29	720.152	1099	989	925	852	784	706	640	582	530	476	247	106.423	119	110	109	108	107	106	106	105	104	103	96	0	0	0.000	0.000	0	0	0	0	0	0	0	0	0	0	0	0	0	0.000	0.000	0	0	0	0	0	0	0	0	0	0	0
143	143	2357	484.974	857.873	476	637	842	343	16	319	514	925	392	170	131.521	155	144	141	138	136	133	130	126	122	115	100	259.161	383	338	317	297	281	262	244	226	204	174	111	0	0	0.000	0.000	0	0	0	0	0	0	0	0	0	0	0	0	0	0.000	0.000	0	0	0	0	0	0	0	0	0	0	0
144	144	2175	370.731	861.051	346	566	860	335	31	289	502	845	386	115	773.948	12766	864	657	586	547	518	485	429	370	265	130	247.623	4151	266	177	163	156	151	145	139	130	118	102	1	81	365.922	862.530	0	0	0	6398	0	0	0	1859	0	0	0	1	92	365.110	861.729	0	0	0	4138	0	0	0	1877	0	0	0
145	145	572	424.797	857.091	102	175	209	66	13	72	173	229	73	16	365.017	563	488	439	414	395	377	353	320	286	238	130	135.584	160	149	145	142	139	137	135	131	126	120	100	0	0	0.000	0.000	0	0	0	0	0	0	0	0	0	0	0	0	0	0.000	0.000	0	0	0	0	0	0	0	0	0	0	0
146	146	2152	841.783	868.876	380	592	756	336	57	397	908	571	204	29	2142.972	18130	9209	1643	635	388	286	230	195	171	151	114	781.733	6293	2703	616	352	282	245	219	199	179	156	116	1	430	841.129	868.675	0	0	0	9106	0	0	0	2670	0	0	0	1	371	841.057	868.716	0	0	0	11190	0	0	0	3141	0	0	0
147	147	1776	1611.153	871.106	620	762	304	49	12	424	781	356	161	27	425.310	639	550	521	492	462	437	413	387	344	262	142	150.210	200	172	165	160	156	152	148	143	135	124	107	0	0	0.000	0.000	0	0	0	0	0	0	0	0	0	0	0	0	0	0.000	0.000	0	0	0	0	0	0	0	0	0	0	0
148	148	892	1830.691	862.550	107	290	307	151	26	104	327	286	126	34	114.667	163	120	118	117	116	115	113	112	111	109	100	154.215	191	176	169	165	161	157	152	146	140	130	105	0	0	0.000	0.000	0	0	0	0	0	0	0	0	0	0	0	0	0	0.000	0.000	0	0	0	0	0	0	0	0	0	0	0
149	149	1952	1002.690	896.191	296	477	731	356	56	277	702	573	300	72	663.240	4646	864	810	761	707	640	574	511	439	293	137	137.053	723	148	142	138	134	130	126	122	118	112	99	1	34	989.785	885.263	0	0	0	2611	0	0	0	458	0	0	0	1	46	989.553	884.918	0	0	0	2005	0	0	0	406	0	0	0
150	150	1231	160.182	894.769	154	335	446	253	32	89	271	556	236	55	1203.962	1857	1654	1546	1443	1363	1272	1175	1058	884	629	173	106.136	118	111	109	108	107	106	105	104	103	102	95	0	0	0.000	0.000	0	0	0	0	0	0	0	0	0	0	0	0	0	0.000	0.000	0	0	0	0	0	0	0	0	0	0	0
151	151	539	1578.374	896.743	159	170	124	59	17	127	167	123	72	33	304.397	436	388	370	358	343	327	309	280	231	170	122	133.497	157	149	143	140	137	133	131	127	123	119	108	0	0	0.000	0.000	0	0	0	0	0	0	0	0	0	0	0	0	0	0.000	0.000	0	0	0	0	0	0	0	0	0	0	0
152	152	2107	1078.952	913.015	480	731	656	183	32	389	764	575	301	29	390.654	624	545	503	465	425	385	358	331	292	231	113	105.755	117	110	108	107	106	106	105	104	103	102	97	0	0	0.000	0.000	0	0	0	0	0	0	0	0	0	0	0	0	0	0.000	0.000	0	0	0	0	0	0	0	0	0	0	0
153	153	2423	501.067	921.584	681	1047	510	119	27	955	1148	242	24	8	113.662	141	123	120	117	115	113	111	109	107	105	97	237.420	374	319	297	282	268	248	224	198	167	138	107	0	0	0.000	0.000	0	0	0	0	0	0	0	0	0	0	0	0	0	0.000	0.000	0	0	0	0	0	0	0	0	0	0	0
154	154	1801	1748.406	921.738	300	731	557	153	24	222	565	571	343	69	1173.825	2149	1731	1518	1360	1261	1152	1056	973	872	665	173	136.720	169	152	147	143	140	137	135	131	127	120	104	0	0	0.000	0.000	0	0	0	0	0	0	0	0	0	0	0	0	0	0.000	0.000	0	0	0	0	0	0	0	0	0	0	0
155	155	1893	1221.065	926.499	193	549	674	373	71	219	714	647	244	36	107.240	119	112	110	109	108	107	106	105	104	103	95	140.394	188	166	158	151	145	140	135	130	124	114	100	0	0	0.000	0.000	0	0	0	0	0	0	0	0	0	0	0	0	0	0.000	0.000	0	0	0	0	0	0	0	0	0	0	0
156	156	1848	680.813	926.033	206	474	803	295	32	152	439	823	356	39	1753.262	13442	2369	1946	1703	1566	1462	1368	1278	1158	924	274	168.391	1114	178	160	154	150	146	142	137	131	124	104	1	56	686.859	915.738	0	0	0	8890	0	0	0	717	0	0	0	1	75	687.035	915.687	0	0	0	7149	0	0	0	600	0	0	0
157	157	1929	1886.094	925.893	239	715	639	269	34	196	723	632	291	42	111.483	126	116	115	114	113	111	110	109	108	106	99	164.731	216	190	183	178	173	167	162	154	146	134	109	0	0	0.000	0.000	0	0	0	0	0	0	0	0	0	0	0	0	0	0.000	0.000	0	0	0	0	0	0	0	0	0	0	0
158	158	1932	1544.527	933.547	756	825	271	43	6	760	843	261	22	15	111.440	132	118	115	114	112	111	110	109	107	106	95	331.367	538	451	421	401	380	358	327	283	225	159	109	0	0	0.000	0.000	0	0	0	0	0	0	0	0	0	0	0	0	0	0.000	0.000	0	0	0	0	0	0	0	0	0	0	0
159	159	1466	1671.689	931.159	1298	72	40	33	21	1309	65	39	27	24	106.907	123	111	110	108	107	107	106	105	104	103	98	105.969	117	109	108	107	107	106	105	104	104	103	97	0	0	0.000	0.000	0	0	0	0	0	0	0	0	0	0	0	0	0	0.000	0.000	0	0	0	0	0	0	0	0	0	0	0
160	160	1062	726.402	932.035	229	223	321	238	29	161	274	382	162	62	1452.955	2379	2148	1974	1821	1655	1481	1323	1186	1014	654	255	141.158	179	163	156	151	146	142	138	133	127	116	103	0	0	0.000	0.000	0	0	0	0	0	0	0	0	0	0	0	0	0	0.000	0.000	0	0	0	0	0	0	0	0	0	0	0
161	161	1584	1930.577	945.823	581	547	332	71	26	517	501	413	98	32	117.315	135	125	123	121	119	118	116	114	112	109	101	1182.165	1749	1612	1512	1448	1370	1293	1189	1037	826	542	215	0	0	0.000	0.000	0	0	0	0	0	0	0	0	0	0	0	0	0	0.000	0.000	0	0	0	0	0	0	0	0	0	0	0
162	162	1147	1830.155	946.065	189	457	381	82	8	157	458	408	95	16	115.666	155	123	120	118	116	115	114	113	111	109	102	151.155	180	166	162	158	155	152	149	145	141	135	115	0	0	0.000	0.000	0	0	0	0	0	0	0	0	0	0	0	0	0	0.000	0.000	0	0	0	0	0	0	0	0	0	0	0
163	163	1290	1293.030	951.555	162	312	483	255	53	131	301	482	255	98	408.954	683	558	510	473	443	411	376	342	308	265	132	106.695	127	115	111	108	106	105	104	104	103	102	96	0	0	0.000	0.000	0	0	0	0	0	0	0	0	0	0	0	0	0	0.000	0.000	0	0	0	0	0	0	0	0	0	0	0
164	164	2210	219.376	984.241	213	624	980	315	40	144	471	990	427	138	163.165	3925	145	134	130	128	126	124	122	120	116	103	136.660	288	152	147	144	141	137	132	128	123	118	104	1	32	239.678	995.403	0	0	0	1665	0	0	0	214	0	0	0	1	16	239.709	994.917	0	0	0	2455	0	0	0	236	0	0	0
165	165	1833	1258.155	986.233	290	458	516	409	134	339	660	482	288	29	423.436	694	595	535	504	470	437	407	367	326	203	103	105.386	118	110	108	107	106	105	104	103	103	102	96	0	0	0.000	0.000	0	0	0	0	0	0	0	0	0	0	0	0	0	0.000	0.000	0	0	0	0	0	0	0	0	0	0	0
166	166	1929	1685.506	983.457	602	904	347	29	10	345	763	519	226	27	475.974	743	658	621	578	535	480	427	383	340	284	137	129.068	164	147	142	137	132	128	124	121	117	113	104	0	0	0.000	0.000	0	0	0	0	0	0	0	0	0	0	0	0	0	0.000	0.000	0	0	0	0	0	0	0	0	0	0	0
167	167	1147	1815.707	985.749	250	369	355	131	17	183	466	312	148	17	1255.077	2028	1835	1704	1564	1418	1293	1148	984	858	609	259	137.464	178	161	155	149	143	137	132	126	121	115	98	0	0	0.000	0.000	0	0	0	0	0	0	0	0	0	0	0	0	0	0.000	0.000	0	0	0	0	0	0	0	0	0	0	0
168	168	1801	1371.771	994.499	390	494	597	269	25	279	466	589	342	89	111.464	127	118	116	114	113	112	110	109	107	105	99	225.807	341	304	280	260	241	224	207	191	178	149	110	0	0	0.000	0.000	0	0	0	0	0	0	0	0	0	0	0	0	0	0.000	0.000	0	0	0	0	0	0	0	0	0	0	0
169	169	2492	153.946	1005.836	446	895	925	159	23	369	924	846	300	15	2076.806	27396	3880	1087	748	631	561	493	426	371	294	137	467.571	6816	816	245	165	143	134	127	122	118	113	101	1	262	151.957	1007.823	0	0	0	13165	0	0	0	2651	0	0	0	1	218	151.981	1007.618	0	0	0	17545	0	0	0	3252	0	0	0
170	170	1995	1316.694	1001.951	403	711	589	226	25	327	610	631	303	85	111.997	130	118	116	115	113	112	111	110	108	106	99	222.600	313	283	270	257	243	227	213	198	178	152	110	0	0	0.000	0.000	0	0	0	0	0	0	0	0	0	0	0	0	0	0.000	0.000	0	0	0	0	0	0	0	0	0	0	0
171	171	1584	1725.296	1009.408	456	414	460	192	24	405	561	385	181	29	1266.183	17600	2208	731	572	495	434	397	365	303	217	131	211.568	1932	324	164	141	133	128	124	120	115	111	102	1	137	1724.198	1002.250	0	0	0	7992	0	0	0	893	0	0	0	1	128	1724.435	1001.824	0	0	0	9431	0	0	0	926	0	0	0
172	172	1549	591.014	1020.044	306	509	524	160	31	280	565	493	145	39	1624.077	2683	2401	2195	2021	1834	1647	1449	1238	1038	842	423	107.502	125	114	111	109	108	107	106	105	104	103	95	0	0	0.000	0.000	0	0	0	0	0	0	0	0	0	0	0	0	0	0.000	0.000	0	0	0	0	0	0	0	0	0	0	0
173	173	1715	1843.622	1030.155	238	496	597	333	19	200	511	532	373	68	437.461	667	594	557	517	480	447	413	377	343	261	123	110.369	129	118	115	113	111	110	108	107	105	104	97	0	0	0.000	0.000	0	0	0	0	0	0	0	0	0	0	0	0	0	0.000	0.000	0	0	0	0	0	0	0	0	0	0	0
174	174	2494	98.219	1040.990	377	589	993	424	66	282	522	869	612	165	752.613	12105	858	701	632	585	547	513	473	418	331	134	137.640	1026	143	128	124	122	120	118	116	113	109	101	1	72	92.091	1048.494	0	0	0	5709	0	0	0	504	0	0	0	1	79	92.194	1049.048	0	0	0	5371	0	0	0	518	0	0	0
175	175	1021	201.125	1032.912	120	223	396	225	37	91	271	479	118	30	407.735	600	536	496	469	443	421	396	370	335	263	127	119.610	138	128	126	123	122	120	118	117	114	110	99	0	0	0.000	0.000	0	0	0	0	0	0	0	0	0	0	0	0	0	0.000	0.000	0	0	0	0	0	0	0	0	0	0	0
176	176	1647	165.755	1060.523	236	543	519	257	59	213	632	493	234	47	1232.077	2023	1775	1652	1533	1373	1229	1092	1016	892	633	243	110.377	129	118	115	112	111	109	108	107	106	104	98	0	0	0.000	0.000	0	0	0	0	0	0	0	0	0	0	0	0	0	0.000	0.000	0	0	0	0	0	0	0	0	0	0	0
177	177	1352	1704.813	1075.746	664	480	123	54	16	642	478	117	63	38	443.359	10725	623	187	140	129	124	121	118	115	112	101	322.212	5180	457	215	183	172	166	159	152	145	134	109	1	68	1702.172	1084.475	0	0	0	4356	0	0	0	2417	0	0	0	1	73	1702.497	1084.251	0	0	0	4207	0	0	0	2288	0	0	0
178	178	2245	601.960	1070.529	653	939	482	106	19	507	855	500	278	61	1579.498	2618	2307	2159	1977	1791	1658	1532	1382	1029	562	190	109.626	131	117	114	112	110	109	107	106	105	104	97	0	0	0.000	0.000	0	0	0	0	0	0	0	0	0	0	0	1	12	599.824	1048.884	0	0	0	1601	0	0	0	115	0	0	0
179	179	654	1579.074	1069.258	132	273	189	36	10	138	289	151	57	11	119.355	140	128	125	123	121	120	118	116	114	111	102	149.546	187	170	165	161	158	152	147	141	134	122	104	0	0	0.000	0.000	0	0	0	0	0	0	0	0	0	0	0	0	0	0.000	0.000	0	0	0	0	0	0	0	0	0	0	0
180	180	1611	946.942	1076.773	521	404	456	163	33	491	549	398	126	22	116.480	145	130	125	122	119	116	113	110	107	104	98	1226.227	2409	2005	1803	1620	1453	1289	1126	871	571	325	125	0	0	0.000	0.000	0	0	0	0	0	0	0	0	0	0	0	0	0	0.000	0.000	0	0	0	0	0	0	0	0	0	0	0
181	181	1726	892.948	1088.042	143	478	715	319	41	111	606	678	265	40	129.333	1383	132	124	121	118	116	114	112	111	108	100	212.512	320	255	242	233	226	217	208	197	182	166	108	1	26	890.223	1079.045	0	0	0	613	0	0	0	285	0	0	0	0	0	0.000	0.000	0	0	0	0	0	0	0	0	0	0	0
182	182	1022	1336.158	1089.352	132	264	292	256	64	112	388	298	179	37	333.173	542	473	443	408	381	345	309	272	224	165	116	104.060	112	107	106	105	105	104	103	103	102	101	94	0	0	0.000	0.000	0	0	0	0	0	0	0	0	0	0	0	0	0	0.000	0.000	0	0	0	0	0	0	0	0	0	0	0
183	183	1781	1051.496	1100.958	347	512	559	265	75	301	540	479	298	125	109.465	127	115	113	112	110	109	108	107	106	104	97	148.218	198	173	166	160	155	151	146	139	129	118	103	0	0	0.000	0.000	0	0	0	0	0	0	0	0	0	0	0	0	0	0.000	0.000	0	0	0	0	0	0	0	0	0	0	0
184	184	1989	1652.380	1106.566	385	620	551	333	75	292	664	547	361	88	231.028	5372	226	166	156	150	146	142	138	132	124	103	249.762	1610	293	275	260	246	235	225	212	196	170	119	1	50	1652.636	1101.125	0	0	0	2381	0	0	0	821	0	0	0	1	44	1652.447	1100.972	0	0	0	2596	0	0	0	868	0	0	0
185	185	1829	132.604	1106.593	378	759	553	86	24	274	517	649	293	67	1521.625	2581	2269	2076	1877	1682	1511	1379	1297	1112	715	142	109.896	126	116	114	112	111	110	109	107	106	104	95	0	0	0.000	0.000	0	0	0	0	0	0	0	0	0	0	0	0	0	0.000	0.000	0	0	0	0	0	0	0	0	0	0	0
186	186	2511	312.974	1113.361	1730	592	123	28	18	1539	521	326	69	28	119.566	259	132	126	121	118	116	114	113	111	108	98	111.263	143	118	115	113	112	111	110	108	107	106	99	0	0	0.000	0.000	0	0	0	0	0	0	0	0	0	0	0	0	0	0.000	0.000	0	0	0	0	0	0	0	0	0	0	0
187	187	1044	182.223	1102.712	204	225	347	230	22	193	235	353	203	44	1171.529	1997	1814	1661	1509	1377	1233	1065	890	696	404	168	110.789	130	119	116	113	112	110	108	107	106	104	98	0	0	0.000	0.000	0	0	0	0	0	0	0	0	0	0	0	0	0	0.000	0.000	0	0	0	0	0	0	0	0	0	0	0
188	188	1173	1709.515	1117.789	595	314	168	53	27	646	249	149	88	25	152.459	706	182	160	151	145	140	135	131	126	118	103	210.308	642	258	239	228	218	207	197	186	170	138	109	2	20	1717.692	1128.614	29	1702.436	1126.427	335	0	352	0	359	0	381	0	1	10	1703.177	1125.078	0	0	0	388	0	0	0	514	0	0	0
189	189	1555	866.153	1128.598	190	479	604	236	20	132	445	590	279	73	122.035	547	126	122	120	119	117	116	114	112	110	101	198.003	271	247	236	226	218	209	200	186	156	120	101	1	30	873.216	1125.173	0	0	0	297	0	0	0	235	0	0	0	0	0	0.000	0.000	0	0	0	0	0	0	0	0	0	0	0
190	190	701	929.703	1116.784	92	206	163	184	41	74	200	213	140	61	112.980	127	119	117	116	114	113	112	110	109	107	99	196.194	255	235	228	223	217	209	198	184	162	131	105	0	0	0.000	0.000	0	0	0	0	0	0	0	0	0	0	0	0	0	0.000	0.000	0	0	0	0	0	0	0	0	0	0	0
191	191	1775	1305.321	1128.664	282	762	551	113	30	191	643	536	310	60	323.454	569	471	416	373	348	319	298	276	238	170	111	105.699	125	110	108	107	106	105	105	104	103	102	97	0	0	0.000	0.000	0	0	0	0	0	0	0	0	0	0	0	0	0	0.000	0.000	0	0	0	0	0	0	0	0	0	0	0
192	192	1813	1793.909	1138.933	301	547	570	268	86	293	686	508	234	59	120.464	139	129	126	125	123	121	120	117	114	110	98	123.726	153	135	132	129	127	125	122	119	116	111	101	0	0	0.000	0.000	0	0	0	0	0	0	0	0	0	0	0	0	0	0.000	0.000	0	0	0	0	0	0	0	0	0	0	0
193	193	2167	240.062	1149.794	429	876	676	127	25	340	854	606	297	22	109.640	122	114	112	111	110	110	109	108	107	106	97	104.904	117	108	107	106	105	105	104	104	103	102	95	0	0	0.000	0.000	0	0	0	0	0	0	0	0	0	0	0	0	0	0.000	0.000	0	0	0	0	0	0	0	0	0	0	0
194	194	910	1151.867	1145.433	156	219	231	209	75	139	260	285	173	32	214.173	294	250	240	233	225	219	213	205	190	168	114	110.858	126	118	115	113	112	110	109	108	106	105	99	0	0	0.000	0.000	0	0	0	0	0	0	0	0	0	0	0	0	0	0.000	0.000	0	0	0	0	0	0	0	0	0	0	0
195	195	1558	914.423	1157.515	280	461	542	203	44	240	527	510	213	39	342.765	567	475	435	407	381	350	315	283	250	205	116	109.658	126	116	113	112	110	109	108	107	106	104	97	0	0	0.000	0.000	0	0	0	0	0	0	0	0	0	0	0	0	0	0.000	0.000	0	0	0	0	0	0	0	0	0	0	0
196	196	2113	1627.749	1162.232	467	519	597	398	94	439	724	594	292	32	1060.761	21989	1480	410	231	175	153	141	133	126	119	104	483.816	7383	678	336	276	251	231	213	195	175	149	108	1	152	1627.860	1164.394	0	0	0	9526	0	0	0	2940	0	0	0	1	128	1627.643	1164.081	0	0	0	12016	0	0	0	3523	0	0	0
197	197	1934	176.340	1158.172	222	597	797	256	26	134	503	802	404	53	551.728	10957	675	361	313	281	258	238	221	205	179	109	140.368	948	154	125	121	118	116	114	112	110	108	99	1	89	174.798	1168.063	0	0	0	5001	0	0	0	487	0	0	0	1	96	174.912	1167.767	0	0	0	4821	0	0	0	485	0	0	0
198	198	1300	124.276	1176.201	185	268	538	255	23	117	224	582	284	64	272.980	402	333	314	302	290	281	269	257	234	195	124	116.093	132	123	120	119	118	116	115	113	112	109	99	0	0	0.000	0.000	0	0	0	0	0	0	0	0	0	0	0	0	0	0.000	0.000	0	0	0	0	0	0	0	0	0	0	0
199	199	1811	993.925	1179.747	390	542	550	266	38	353	608	535	254	26	118.257	153	132	126	123	120	117	114	112	110	107	100	937.681	1974	1460	1266	1140	1037	946	853	726	570	387	157	0	0	0.000	0.000	0	0	0	0	0	0	0	0	0	0	0	0	0	0.000	0.000	0	0	0	0	0	0	0	0	0	0	0
200	200	1179	278.987	1180.173	188	333	374	214	44	148	399	399	179	30	110.072	127	114	113	112	111	110	109	108	107	106	99	105.472	114	109	108	107	106	105	105	104	103	102	96	0	0	0.000	0.000	0	0	0	0	0	0	0	0	0	0	0	0	0	0.000	0.000	0	0	0	0	0	0	0	0	0	0	0
201	201	987	826.429	1183.751	316	252	226	116	60	404	281	146	105	34	113.888	130	121	119	117	116	114	113	111	109	107	97	209.832	317	278	260	245	231	217	201	182	154	125	106	0	0	0.000	0.000	0	0	0	0	0	0	0	0	0	0	0	0	0	0.000	0.000	0	0	0	0	0	0	0	0	0	0	0
202	202	1789	1657.248	1207.585	359	621	570	200	15	339	722	493	177	26	389.928	581	509	483	458	430	400	375	351	310	233	119	119.186	155	135	127	122	119	117	114	113	111	108	102	0	0	0.000	0.000	0	0	0	0	0	0	0	0	0	0	0	0	0	0.000	0.000	0	0	0	0	0	0	0	0	0	0	0
203	203	930	776.800	1201.717	339	401	143	26	5	415	404	89	4	3	835.920	1239	1125	1060	1014	966	905	823	707	589	436	177	108.234	121	115	112	110	109	108	107	106	105	103	96	0	0	0.000	0.000	0	0	0	0	0	0	0	0	0	0	0	0	0	0.000	0.000	0	0	0	0	0	0	0	0	0	0	0
204	204	1036	907.744	1201.926	133	287	373	195	25	118	266	351	216	74	311.646	468	413	394	371	346	325	297	272	243	168	116	109.251	126	115	112	111	110	109	108	107	106	104	99	0	0	0.000	0.000	0	0	0	0	0	0	0	0	0	0	0	0	0	0.000	0.000	0	0	0	0	0	0	0	0	0	0	0
205	205	871	954.522	1206.286	236	300	203	101	10	156	300	238	112	50	109.819	124	115	113	112	111	110	109	108	106	105	99	256.082	382	338	315	297	283	273	259	230	189	140	104	0	0	0.000	0.000	0	0	0	0	0	0	0	0	0	0	0	0	0	0.000	0.000	0	0	0	0	0	0	0	0	0	0	0
206	206	1840	868.055	1225.206	292	679	673	137	24	218	644	650	269	16	119.739	762	121	117	115	113	112	111	110	108	106	99	152.441	203	181	173	167	161	155	149	142	132	115	100	1	36	861.566	1232.951	0	0	0	356	0	0	0	188	0	0	0	0	0	0.000	0.000	0	0	0	0	0	0	0	0	0	0	0
207	207	999	1191.678	1225.758	136	324	295	174	54	151	369	292	118	50	675.926	1101	941	871	821	762	694	627	577	484	358	169	178.490	254	216	204	196	187	180	171	163	153	139	113	0	0	0.000	0.000	0	0	0	0	0	0	0	0	0	0	0	0	0	0.000	0.000	0	0	0	0	0	0	0	0	0	0	0
208	208	1259	1340.019	1228.467	243	472	425	73	13	180	501	315	206	32	1242.803	2096	1837	1659	1547	1447	1344	1185	996	783	524	139	107.662	124	113	111	109	108	107	106	105	104	103	98	0	0	0.000	0.000	0	0	0	0	0	0	0	0	0	0	0	0	0	0.000	0.000	0	0	0	0	0	0	0	0	0	0	0
209	209	2635	426.369	1255.766	820	870	632	234	20	732	874	692	249	43	115.322	131	122	120	118	117	115	114	113	111	109	101	456.943	731	623	578	548	523	496	453	394	320	218	111	0	0	0.000	0.000	0	0	0	0	0	0	0	0	0	0	0	0	0	0.000	0.000	0	0	0	0	0	0	0	0	0	0	0
210	210	2032	1303.531	1263.221	317	660	669	267	80	330	882	597	154	24	1106.865	2384	1669	1513	1373	1252	1111	963	798	660	513	205	107.822	130	113	111	109	108	107	106	105	105	103	99	0	0	0.000	0.000	0	0	0	0	0	0	0	0	0	0	0	0	0	0.000	0.000	0	0	0	0	0	0	0	0	0	0	0
211	211	717	372.766	1256.890	135	192	281	80	16	97	222	277	76	29	327.756	469	422	402	387	371	355	332	295	245	180	118	131.247	155	145	141	139	137	133	130	125	119	114	105	0	0	0.000	0.000	0	0	0	0	0	0	0	0	0	0	0	0	0	0.000	0.000	0	0	0	0	0	0	0	0	0	0	0
212	212	807	1211.587	1261.000	218	262	261	42	12	187	245	267	83	10	1131.933	1667	1540	1471	1382	1252	1145	1054	934	819	676	240	106.709	117	111	109	108	107	106	106	105	104	103	99	0	0	0.000	0.000	0	0	0	0	0	0	0	0	0	0	0	0	0	0.000	0.000	0	0	0	0	0	0	0	0	0	0	0
213	213	1866	319.498	1271.561	441	651	649	72	15	296	662	696	172	12	1297.531	20612	2041	668	478	417	380	350	328	295	247	137	505.437	9315	795	260	182	157	146	139	133	127	122	106	1	145	314.373	1270.628	0	0	0	10225	0	0	0	3264	0	0	0	1	129	314.619	1270.706	0	0	0	11614	0	0	0	4110	0	0	0
214	214	1871	903.697	1273.788	235	484	696	352	57	154	460	657	416	149	112.686	153	118	116	115	114	112	111	110	109	107	101	152.051	202	179	170	164	158	153	148	143	134	121	102	0	0	0.000	0.000	0	0	0	0	0	0	0	0	0	0	0	0	0	0.000	0.000	0	0	0	0	0	0	0	0	0	0	0
215	215	1405	219.712	1272.320	249	570	476	66	18	328	710	319	15	8	1082.723	1644	1473	1360	1290	1224	1128	1038	939	854	629	203	129.849	159	144	140	136	133	131	127	124	120	114	101	0	0	0.000	0.000	0	0	0	0	0	0	0	0	0	0	0	0	0	0.000	0.000	0	0	0	0	0	0	0	0	0	0	0
216	216	1725	270.200	1276.813	332	436	618	277	32	226	549	596	259	61	1591.453	13730	1932	1706	1551	1399	1288	1209	1151	981	641	160	161.586	1027	181	153	146	141	138	134	130	125	118	103	1	70	258.378	1282.398	0	0	0	8109	0	0	0	581	0	0	0	1	80	258.883	1282.685	0	0	0	7469	0	0	0	553	0	0	0
217	217	1603	727.811	1279.913	396	325	425	310	125	440	541	427	148	21	870.648	1587	1224	1107	1019	959	899	839	766	637	419	161	107.988	122	113	111	110	109	108	107	106	105	104	99	0	0	0.000	0.000	0	0	0	0	0	0	0	0	0	0	0	0	0	0.000	0.000	0	0	0	0	0	0	0	0	0	0	0
218	218	2180	1657.930	1293.316	1492	437	123	78	31	1478	417	168	89	12	109.602	123	114	112	111	110	109	108	108	107	106	99	106.944	119	110	109	108	107	107	106	106	105	104	99	0	0	0.000	0.000	0	0	0	0	0	0	0	0	0	0	0	0	0	0.000	0.000	0	0	0	0	0	0	0	0	0	0	0
219	219	1375	1434.492	1301.651	187	520	463	120	61	204	609	385	110	42	119.002	355	124	122	120	119	117	116	115	114	112	100	153.060	194	172	167	162	157	153	149	146	141	133	109	1	17	1420.009	1293.587	0	0	0	207	0	0	0	160	0	0	0	0	0	0.000	0.000	0	0	0	0	0	0	0	0	0	0	0
220	220	1517	180.382	1316.972	639	629	211	16	6	354	464	396	214	56	113.967	130	120	118	117	115	114	113	111	110	107	99	107.779	125	114	111	110	108	107	106	105	104	103	97	0	0	0.000	0.000	0	0	0	0	0	0	0	0	0	0	0	0	0	0.000	0.000	0	0	0	0	0	0	0	0	0	0	0
221	221	2303	506.871	1335.703	267	572	751	575	92	256	582	879	397	138	964.799	19736	1435	383	240	191	171	159	150	142	129	108	264.871	2860	354	200	174	162	154	147	141	135	125	106	1	169	512.079	1332.682	0	0	0	8427	0	0	0	1393	0	0	0	1	167	511.641	1332.017	0	0	0	7984	0	0	0	1402	0	0	0
222	222	1409	806.961	1331.319	285	537	473	81	8	143	492	511	215	17	111.564	126	117	115	114	112	111	110	109	108	107	101	179.694	224	204	199	195	190	185	178	169	159	147	115	0	0	0.000	0.000	0	0	0	0	0	0	0	0	0	0	0	0	0	0.000	0.000	0	0	0	0	0	0	0	0	0	0	0
223	223	1658	942.320	1326.395	291	370	575	345	48	242	385	529	365	98	382.069	5802	455	373	338	315	300	284	269	249	215	130	125.693	465	136	128	124	121	118	116	114	112	110	103	1	35	940.018	1329.298	0	0	0	2945	0	0	0	216	0	0	0	1	49	939.721	1330.726	0	0	0	1119	0	0	0	271	0	0	0
224	224	1500	995.203	1340.570	170	374	521	348	64	141	484	509	293	41	130.619	471	139	134	131	130	128	126	124	122	118	105	154.529	192	175	168	164	160	156	151	147	141	132	113	1	22	1000.439	1328.622	0	0	0	270	0	0	0	155	0	0	0	0	0	0.000	0.000	0	0	0	0	0	0	0	0	0	0	0
225	225	804	1364.976	1333.741	104	271	245	150	13	85	345	218	101	36	142.836	171	157	154	150	147	144	141	137	132	127	110	114.801	136	122	119	118	116	115	113	112	110	108	101	0	0	0.000	0.000	0	0	0	0	0	0	0	0	0	0	0	0	0	0.000	0.000	0	0	0	0	0	0	0	0	0	0	0
226	226	2315	1630.558	1344.431	424	585	921	280	62	478	997	694	109	15	367.260	563	477	449	429	408	385	358	323	274	232	121	116.103	135	125	122	120	118	116	114	112	110	107	100	0	0	0.000	0.000	0	0	0	0	0	0	0	0	0	0	0	0	0	0.000	0.000	0	0	0	0	0	0	0	0	0	0	0
227	227	2273	1565.083	1349.429	351	731	812	309	33	232	685	741	476	77	963.436	19446	1175	530	429	375	344	322	303	281	246	134	159.339	1499	173	130	123	120	117	115	113	111	108	99	1	123	1572.591	1354.674	0	0	0	9023	0	0	0	701	0	0	0	1	121	1573.043	1354.376	0	0	0	9200	0	0	0	707	0	0	0
228	228	1368	294.945	1351.230	325	488	451	62	16	206	427	512	175	28	113.439	127	119	117	116	115	113	112	111	110	108	102	129.755	166	147	141	137	132	129	125	122	119	115	101	0	0	0.000	0.000	0	0	0	0	0	0	0	0	0	0	0	0	0	0.000	0.000	0	0	0	0	0	0	0	0	0	0	0
229	229	1977	408.318	1358.936	313	564	790	249	17	243	598	715	347	30	473.312	12310	475	232	189	174	164	156	148	141	134	106	158.443	1293	174	143	136	131	128	124	121	118	114	100	1	86	410.782	1359.187	0	0	0	5374	0	0	0	638	0	0	0	1	89	411.462	1359.453	0	0	0	4901	0	0	0	638	0	0	0
230	230	2014	1408.951	1363.077	416	508	585	359	100	320	572	592	351	139	1056.884	20396	1474	413	236	178	160	150	142	134	126	110	288.580	4033	380	200	166	154	147	141	136	129	121	99	1	158	1411.101	1367.637	0	0	0	9532	0	0	0	1457	0	0	0	1	130	1411.053	1367.191	0	0	0	12381	0	0	0	1839	0	0	0
231	231	1393	132.656	1353.062	280	468	534	72	11	181	365	494	258	70	814.129	1185	1083	1040	997	950	876	810	721	576	406	166	106.128	119	110	109	108	107	106	105	104	103	102	97	0	0	0.000	0.000	0	0	0	0	0	0	0	0	0	0	0	0	0	0.000	0.000	0	0	0	0	0	0	0	0	0	0	0
232	232	1410	712.986	1374.230	190	248	467	390	100	160	466	447	259	46	112.528	128	118	116	115	114	112	111	110	109	107	101	185.136	236	218	210	203	195	187	180	171	161	149	119	0	0	0.000	0.000	0	0	0	0	0	0	0	0	0	0	0	0	0	0.000	0.000	0	0	0	0	0	0	0	0	0	0	0
233	233	1431	362.117	1378.335	209	369	426	351	35	117	436	491	313	42	341.101	526	453	415	388	364	346	325	304	280	221	121	105.949	124	112	109	107	106	105	104	104	103	102	95	0	0	0.000	0.000	0	0	0	0	0	0	0	0	0	0	0	0	0	0.000	0.000	0	0	0	0	0	0	0	0	0	0	0
234	234	1485	1517.684	1380.632	210	450	476	270	52	159	434	516	263	82	2305.855	3584	3226	3035	2815	2567	2296	2046	1856	1628	1389	695	110.026	128	115	113	112	111	110	109	108	107	105	97	0	0	0.000	0.000	0	0	0	0	0	0	0	0	0	0	0	0	0	0.000	0.000	0	0	0	0	0	0	0	0	0	0	0
235	235	2141	1852.988	1384.320	455	845	604	175	32	330	697	667	328	73	4118.762	32869	20734	3675	929	366	250	208	189	173	156	118	1229.446	8561	4086	1098	648	552	497	461	417	366	278	139	1	497	1856.455	1383.099	0	0	0	16469	0	0	0	3261	0	0	0	1	372	1856.471	1382.970	0	0	0	23189	0	0	0	4672	0	0	0
236	236	612	939.195	1373.404	93	231	191	69	19	63	221	201	96	20	120.974	139	130	127	124	123	121	119	117	116	113	102	154.454	192	178	172	168	163	157	150	143	138	128	108	0	0	0.000	0.000	0	0	0	0	0	0	0	0	0	0	0	0	0	0.000	0.000	0	0	0	0	0	0	0	0	0	0	0
237	237	2014	979.793	1392.427	352	578	639	363	44	270	649	613	335	114	806.262	17602	1012	300	183	148	135	130	125	121	115	103	356.363	6236	445	226	197	181	169	158	149	137	122	98	1	139	982.352	1390.835	0	0	0	7219	0	0	0	1616	0	0	0	1	102	983.278	1390.047	0	0	0	9023	0	0	0	3022	0	0	0
238	238	1609	167.386	1389.723	355	582	509	121	14	209	483	548	275	64	691.495	1162	1009	919	834	747	697	648	578	495	346	123	108.346	132	119	114	111	108	106	105	104	103	102	97	0	0	0.000	0.000	0	0	0	0	0	0	0	0	0	0	0	0	0	0.000	0.000	0	0	0	0	0	0	0	0	0	0	0
239	239	2269	1781.903	1406.608	344	662	788	364	60	325	823	728	329	32	1361.002	2297	2017	1804	1602	1457	1348	1211	1080	944	790	266	165.558	232	198	187	178	171	165	159	152	145	136	109	0	0	0.000	0.000	0	0	0	0	0	0	0	0	0	0	0	0	0	0.000	0.000	0	0	0	0	0	0	0	0	0	0	0
240	240	1604	483.882	1402.696	217	488	547	281	33	206	604	541	178	51	385.254	594	493	465	438	415	389	363	341	317	265	146	106.731	124	112	110	108	107	106	105	104	103	102	97	0	0	0.000	0.000	0	0	0	0	0	0	0	0	0	0	0	0	0	0.000	0.000	0	0	0	0	0	0	0	0	0	0	0
241	241	1058	533.882	1400.082	377	288	282	71	25	396	353	238	36	14	677.765	1137	963	887	824	770	716	655	577	478	304	134	107.505	117	112	110	109	108	108	107	106	105	103	99	0	0	0.000	0.000	0	0	0	0	0	0	0	0	0	0	0	0	0	0.000	0.000	0	0	0	0	0	0	0	0	0	0	0
242	242	942	291.269	1402.590	208	224	266	192	38	126	224	243	273	69	109.014	121	113	111	110	110	109	108	107	106	105	100	118.887	144	130	126	124	121	118	116	114	111	108	101	0	0	0.000	0.000	0	0	0	0	0	0	0	0	0	0	0	0	0	0.000	0.000	0	0	0	0	0	0	0	0	0	0	0
243	243	1472	911.778	1406.762	326	501	440	139	34	299	558	373	171	39	353.259	637	476	442	411	381	357	328	300	264	213	144	110.144	128	118	115	113	111	109	108	106	105	104	98	0	0	0.000	0.000	0	0	0	0	0	0	0	0	0	0	0	0	0	0.000	0.000	0	0	0	0	0	0	0	0	0	0	0
244	244	2148	1899.458	1414.011	409	397	663	477	167	383	556	681	381	96	183.578	257	211	205	200	195	191	184	174	161	144	108	469.919	679	612	585	557	521	487	455	418	365	288	118	0	0	0.000	0.000	0	0	0	0	0	0	0	0	0	0	0	0	0	0.000	0.000	0	0	0	0	0	0	0	0	0	0	0
245	245	1789	1419.849	1412.143	314	397	601	380	59	234	480	644	330	70	154.821	186	169	165	163	160	157	153	149	144	137	101	145.192	192	170	160	154	148	144	139	135	131	124	105	0	0	0.000	0.000	0	0	0	0	0	0	0	0	0	0	0	0	0	0.000	0.000	0	0	0	0	0	0	0	0	0	0	0
246	246	971	1467.426	1407.863	159	278	329	162	29	138	342	312	136	26	2238.247	3721	3512	3178	2798	2500	2218	1922	1646	1448	1135	300	111.416	130	120	117	114	112	110	109	108	107	105	99	0	0	0.000	0.000	0	0	0	0	0	0	0	0	0	0	0	0	0	0.000	0.000	0	0	0	0	0	0	0	0	0	0	0
247	247	1614	328.301	1424.711	324	487	551	200	33	202	287	589	324	178	110.572	125	116	114	112	111	110	109	108	107	106	100	136.994	167	153	148	144	140	137	134	130	126	121	106	0	0	0.000	0.000	0	0	0	0	0	0	0	0	0	0	0	0	0	0.000	0.000	0	0	0	0	0	0	0	0	0	0	0
248	248	1470	1540.679	1422.303	247	455	464	215	55	216	536	453	200	44	985.295	15108	1513	564	424	387	367	344	319	292	248	139	132.768	649	154	121	116	113	111	110	109	107	106	98	1	103	1537.486	1430.835	0	0	0	7481	0	0	0	348	0	0	0	1	100	1537.475	1430.675	0	0	0	7685	0	0	0	355	0	0	0
249	249	1780	1033.273	1441.163	202	524	595	364	69	199	682	559	280	27	118.622	141	125	122	121	120	118	117	116	115	113	105	190.816	277	248	235	221	207	193	180	166	149	124	104	0	0	0.000	0.000	0	0	0	0	0	0	0	0	0	0	0	0	0	0.000	0.000	0	0	0	0	0	0	0	0	0	0	0
250	250	1008	1498.670	1436.631	263	361	272	76	16	123	314	288	207	59	127.514	163	137	133	130	129	127	126	123	121	118	110	254.494	408	341	317	298	282	265	245	220	185	143	104	0	0	0.000	0.000	0	0	0	0	0	0	0	0	0	0	0	0	0	0.000	0.000	0	0	0	0	0	0	0	0	0	0	0
251	251	1463	1712.567	1442.170	348	473	407	190	25	202	469	385	290	90	1150.207	1748	1555	1472	1398	1327	1247	1142	1017	839	568	161	105.494	117	109	108	107	106	105	105	104	103	102	96	0	0	0.000	0.000	0	0	0	0	0	0	0	0	0	0	0	0	0	0.000	0.000	0	0	0	0	0	0	0	0	0	0	0
252	252	1118	461.253	1441.630	254	269	332	194	54	186	278	329	241	64	371.660	509	462	443	424	407	384	366	341	308	248	153	106.769	122	112	110	109	107	106	105	104	104	102	96	0	0	0.000	0.000	0	0	0	0	0	0	0	0	0	0	0	0	0	0.000	0.000	0	0	0	0	0	0	0	0	0	0	0
253	253	900	285.118	1450.940	62	334	333	140	15	72	362	291	133	26	108.597	118	112	111	110	109	108	108	107	106	105	100	124.432	147	135	133	130	128	125	122	119	116	112	103	0	0	0.000	0.000	0	0	0	0	0	0	0	0	0	0	0	0	0	0.000	0.000	0	0	0	0	0	0	0	0	0	0	0
254	254	1077	213.818	1455.358	129	293	405	213	26	96	278	403	225	52	156.262	200	181	173	167	162	158	152	146	138	131	108	105.000	118	110	108	106	105	104	104	103	102	101	95	0	0	0.000	0.000	0	0	0	0	0	0	0	0	0	0	0	0	0	0.000	0.000	0	0	0	0	0	0	0	0	0	0	0
255	255	821	954.187	1453.018	136	337	269	56	8	55	249	311	146	44	113.862	127	119	118	116	115	114	113	112	110	109	102	176.710	229	207	199	193	186	179	171	162	155	142	117	0	0	0.000	0.000	0	0	0	0	0	0	0	0	0	0	0	0	0	0.000	0.000	0	0	0	0	0	0	0	0	0	0	0
256	256	1013	913.747	1458.716	395	347	151	68	45	422	321	162	83	13	165.387	228	194	184	177	171	166	161	153	146	135	112	114.492	133	121	119	117	116	114	113	112	110	107	100	0	0	0.000	0.000	0	0	0	0	0	0	0	0	0	0	0	0	0	0.000	0.000	0	0	0	0	0	0	0	0	0	0	0
257	257	1322	1921.135	1460.525	284	493	401	106	12	288	529	347	126	13	121.524	139	130	128	126	124	122	121	118	115	111	103	138.101	168	153	149	146	143	140	137	133	127	117	102	0	0	0.000	0.000	0	0	0	0	0	0	0	0	0	0	0	0	0	0.000	0.000	0	0	0	0	0	0	0	0	0	0	0
258	258	1632	1139.127	1470.948	267	391	523	346	73	201	422	534	324	126	1552.602	2552	2312	2096	1914	1767	1605	1472	1379	1141	588	123	203.363	297	261	245	232	217	205	195	186	166	127	104	0	0	0.000	0.000	0	0	0	0	0	0	0	0	0	0	0	0	0	0.000	0.000	0	0	0	0	0	0	0	0	0	0	0
259	259	985	130.631	1462.950	183	249	212	222	99	169	347	224	193	36	342.600	543	456	428	399	372	348	328	305	265	206	121	105.319	113	109	108	107	106	105	104	104	103	102	97	0	0	0.000	0.000	0	0	0	0	0	0	0	0	0	0	0	0	0	0.000	0.000	0	0	0	0	0	0	0	0	0	0	0
260	260	1544	1428.269	1469.206	169	527	501	276	58	198	556	429	250	86	410.123	583	494	468	452	439	424	406	379	350	305	162	109.005	122	114	112	111	110	109	108	107	106	104	98	0	0	0.000	0.000	0	0	0	0	0	0	0	0	0	0	0	0	0	0.000	0.000	0	0	0	0	0	0	0	0	0	0	0
261	261	1114	1633.166	1475.783	258	260	286	226	65	215	358	307	191	26	116.232	131	122	120	119	118	116	115	114	112	110	103	225.662	313	283	271	259	246	229	212	200	185	161	118	0	0	0.000	0.000	0	0	0	0	0	0	0	0	0	0	0	0	0	0.000	0.000	0	0	0	0	0	0	0	0	0	0	0
262	262	2057	318.728	1485.540	296	514	797	334	53	219	436	772	454	147	109.927	123	115	113	112	111	110	109	108	107	105	101	133.026	164	147	143	140	137	134	131	127	123	117	101	0	0	0.000	0.000	0	0	0	0	0	0	0	0	0	0	0	0	0	0.000	0.000	0	0	0	0	0	0	0	0	0	0	0
263	263	1113	804.848	1477.412	121	251	351	324	45	125	358	388	195	26	429.504	727	567	521	487	457	430	406	383	351	275	153	124.831	153	136	132	130	128	126	123	120	117	112	104	0	0	0.000	0.000	0	0	0	0	0	0	0	0	0	0	0	0	0	0.000	0.000	0	0	0	0	0	0	0	0	0	0	0
264	264	2151	988.915	1481.401	450	688	677	271	33	326	556	665	467	94	116.140	139	123	121	119	117	116	115	113	111	109	98	183.201	272	233	219	203	192	184	176	168	154	125	103	0	0	0.000	0.000	0	0	0	0	0	0	0	0	0	0	0	0	0	0.000	0.000	0	0	0	0	0	0	0	0	0	0	0
265	265	1788	1739.690	1487.287	586	788	339	22	7	455	777	449	68	10	1074.020	1835	1548	1410	1300	1219	1130	1051	904	718	487	169	106.168	118	111	109	108	107	106	105	104	103	102	96	0	0	0.000	0.000	0	0	0	0	0	0	0	0	0	0	0	0	0	0.000	0.000	0	0	0	0	0	0	0	0	0	0	0
266	266	1943	759.699	1492.989	225	603	690	364	24	151	439	718	432	172	533.191	885	738	655	602	567	538	514	478	414	329	113	126.652	153	139	135	132	130	127	124	121	118	114	104	0	0	0.000	0.000	0	0	0	0	0	0	0	0	0	0	0	0	0	0.000	0.000	0	0	0	0	0	0	0	0	0	0	0
267	267	1846	168.001	1490.996	611	794	345	58	14	407	588	529	234	57	453.781	835	697	623	569	513	453	409	351	273	207	114	105.726	117	110	108	107	106	106	105	104	103	102	95	0	0	0.000	0.000	0	0	0	0	0	0	0	0	0	0	0	0	0	0.000	0.000	0	0	0	0	0	0	0	0	0	0	0
268	268	1794	225.138	1502.926	318	614	566	224	44	229	488	619	338	96	167.004	219	194	186	181	176	171	165	157	147	133	103	104.574	118	109	107	106	105	104	104	103	102	101	94	0	0	0.000	0.000	0	0	0	0	0	0	0	0	0	0	0	0	0	0.000	0.000	0	0	0	0	0	0	0	0	0	0	0
269	269	1178	898.623	1499.313	225	393	408	110	15	166	506	322	152	16	659.330	1053	912	840	782	724	667	613	547	492	402	215	106.662	116	111	109	108	107	107	106	105	104	103	99	0	0	0.000	0.000	0	0	0	0	0	0	0	0	0	0	0	0	0	0.000	0.000	0	0	0	0	0	0	0	0	0	0	0
270	270	2015	1598.306	1521.743	252	817	752	150	11	165	637	784	355	35	118.504	140	124	123	121	120	119	117	116	114	112	103	249.856	368	312	292	275	262	249	238	228	213	188	122	0	0	0.000	0.000	0	0	0	0	0	0	0	0	0	0	0	0	0	0.000	0.000	0	0	0	0	0	0	0	0	0	0	0
271	271	856	1104.563	1511.259	289	254	200	92	12	238	237	217	109	46	124.905	212	145	133	127	123	120	118	115	113	111	103	119.664	160	141	130	124	119	116	113	111	109	107	100	0	0	0.000	0.000	0	0	0	0	0	0	0	0	0	0	0	0	0	0.000	0.000	0	0	0	0	0	0	0	0	0	0	0
272	272	1469	799.299	1532.926	351	480	384	188	43	292	443	422	202	77	604.198	959	820	748	690	645	605	569	535	483	384	180	134.007	168	149	144	140	137	134	132	128	124	119	103	0	0	0.000	0.000	0	0	0	0	0	0	0	0	0	0	0	0	0	0.000	0.000	0	0	0	0	0	0	0	0	0	0	0
273	273	597	1640.415	1520.569	108	245	124	81	32	75	207	175	101	29	1024.678	1450	1341	1276	1211	1148	1088	1025	926	784	574	235	152.181	189	175	169	163	160	155	150	144	137	124	104	0	0	0.000	0.000	0	0	0	0	0	0	0	0	0	0	0	0	0	0.000	0.000	0	0	0	0	0	0	0	0	0	0	0
274	274	1701	1729.035	1545.151	226	475	602	279	86	160	570	554	296	80	393.004	665	575	511	459	415	382	351	319	281	237	132	104.881	122	108	107	106	105	105	104	104	103	102	95	0	0	0.000	0.000	0	0	0	0	0	0	0	0	0	0	0	0	0	0.000	0.000	0	0	0	0	0	0	0	0	0	0	0
275	275	1915	723.065	1554.720	504	586	565	208	18	397	651	447	335	45	142.015	1477	148	135	131	128	125	123	120	117	113	102	158.002	230	185	176	170	165	160	155	148	140	126	101	1	37	724.001	1544.761	0	0	0	646	0	0	0	201	0	0	0	0	0	0.000	0.000	0	0	0	0	0	0	0	0	0	0	0
276	276	1783	427.525	1580.627	284	624	616	184	32	206	524	649	292	77	124.343	148	137	133	130	127	124	122	119	116	112	101	108.039	145	114	111	110	108	107	106	105	104	103	95	0	0	0.000	0.000	0	0	0	0	0	0	0	0	0	0	0	0	0	0.000	0.000	0	0	0	0	0	0	0	0	0	0	0
277	277	1753	380.585	1595.266	313	605	676	115	11	251	494	600	316	52	121.292	141	131	128	125	123	121	119	117	115	112	104	104.939	118	109	107	106	105	104	104	103	102	101	95	0	0	0.000	0.000	0	0	0	0	0	0	0	0	0	0	0	0	0	0.000	0.000	0	0	0	0	0	0	0	0	0	0	0
278	278	993	263.433	1588.978	393	264	190	112	22	347	254	260	94	21	111.830	130	119	117	115	113	111	110	108	107	105	100	241.985	387	343	322	301	276	252	226	192	152	122	100	0	0	0.000	0.000	0	0	0	0	0	0	0	0	0	0	0	0	0	0.000	0.000	0	0	0	0	0	0	0	0	0	0	0
279	279	1097	1086.815	1596.532	131	262	317	269	88	112	380	334	192	63	110.942	124	116	115	113	112	111	110	109	107	105	100	173.253	238	211	201	192	183	173	164	155	147	136	112	0	0	0.000	0.000	0	0	0	0	0	0	0	0	0	0	0	0	0	0.000	0.000	0	0	0	0	0	0	0	0	0	0	0
280	280	1145	157.949	1599.886	352	268	310	169	24	318	271	315	162	56	121.679	143	133	130	128	125	123	121	117	112	107	100	125.134	153	139	134	131	128	126	123	120	116	110	99	0	0	0.000	0.000	0	0	0	0	0	0	0	0	0	0	0	0	0	0.000	0.000	0	0	0	0	0	0	0	0	0	0	0
281	281	1613	1028.238	1604.667	273	504	539	235	28	233	379	535	326	111	134.940	161	149	146	143	140	137	134	130	124	116	103	154.425	215	181	174	169	164	159	153	144	131	119	103	0	0	0.000	0.000	0	0	0	0	0	0	0	0	0	0	0	0	0	0.000	0.000	0	0	0	0	0	0	0	0	0	0	0
282	282	1582	1182.289	1617.977	247	453	490	299	65	227	543	470	258	59	862.250	17450	1420	406	243	189	164	149	139	131	124	106	245.606	2485	337	200	171	160	152	146	140	133	126	105	1	101	1181.510	1613.382	0	0	0	8387	0	0	0	1064	0	0	0	1	101	1182.289	1613.379	0	0	0	8140	0	0	0	1293	0	0	0
283	283	2245	969.212	1624.528	532	761	716	190	15	277	533	782	506	106	358.512	10471	355	169	146	140	136	131	126	121	112	99	183.801	1495	202	186	177	170	163	154	144	126	109	98	1	82	959.964	1616.266	0	0	0	4493	0	0	0	427	0	0	0	1	73	960.948	1614.950	0	0	0	2458	0	0	0	809	0	0	0
284	284	895	1516.795	1625.553	298	357	198	18	8	183	423	185	81	8	1196.527	1992	1733	1597	1469	1366	1284	1162	1029	779	486	173	110.259	130	118	115	113	111	109	108	107	105	104	98	0	0	0.000	0.000	0	0	0	0	0	0	0	0	0	0	0	0	0	0.000	0.000	0	0	0	0	0	0	0	0	0	0	0
285	285	2240	1647.002	1651.952	1664	257	180	81	45	1655	280	198	74	24	179.459	414	222	208	197	188	179	168	157	146	133	109	117.103	149	129	125	122	119	117	114	112	109	106	99	0	0	0.000	0.000	0	0	0	0	0	0	0	0	0	0	0	0	0	0.000	0.000	0	0	0	0	0	0	0	0	0	0	0
286	286	2036	1831.165	1648.942	264	586	643	426	79	242	643	617	397	101	1022.545	15475	1194	786	705	652	605	553	510	469	370	116	143.481	1038	153	128	123	120	118	115	113	111	108	99	1	99	1844.331	1656.121	0	0	0	7277	0	0	0	498	0	0	0	1	98	1844.071	1655.886	0	0	0	7297	0	0	0	512	0	0	0
287	287	1830	259.288	1666.834	322	630	575	237	27	299	584	540	308	70	753.339	14411	1122	340	207	167	150	143	139	133	125	103	229.562	1709	284	204	193	184	176	169	161	149	137	110	1	138	250.395	1667.457	0	0	0	6238	0	0	0	795	0	0	0	1	114	249.962	1667.502	0	0	0	7824	0	0	0	939	0	0	0
288	288	1370	382.812	1672.915	145	438	388	277	86	112	373	443	295	122	1723.002	15514	2354	1663	1567	1462	1303	1154	1023	875	737	222	161.987	972	197	151	141	136	132	128	124	120	116	103	1	69	374.197	1675.139	0	0	0	8770	0	0	0	579	0	0	0	1	78	374.160	1674.516	0	0	0	8061	0	0	0	548	0	0	0
289	289	1793	330.315	1671.567	189	474	686	370	47	149	623	622	339	24	2901.651	24600	6230	2178	1731	1456	1297	1159	1007	861	683	214	301.296	2854	570	215	168	155	148	140	134	128	121	106	1	218	326.004	1667.609	0	0	0	13851	0	0	0	1201	0	0	0	1	179	325.960	1667.445	0	0	0	16847	0	0	0	1442	0	0	0
290	290	2036	533.741	1689.918	436	736	581	225	28	351	617	620	324	81	2050.329	20599	4639	1315	885	810	731	668	574	476	337	127	390.138	4377	764	243	173	152	143	138	131	124	117	104	1	248	530.083	1689.848	0	0	0	11308	0	0	0	1847	0	0	0	1	214	530.105	1689.663	0	0	0	13322	0	0	0	2086	0	0	0
291	291	1600	1807.458	1694.118	403	660	340	141	14	366	698	368	130	8	476.874	11226	600	278	204	180	170	161	153	142	128	103	138.238	1014	154	124	119	116	114	112	111	109	106	98	1	74	1813.267	1685.172	0	0	0	4692	0	0	0	481	0	0	0	1	72	1813.619	1684.701	0	0	0	4822	0	0	0	483	0	0	0
292	292	591	488.230	1686.070	52	206	188	108	26	58	200	186	110	26	115.745	127	121	119	118	117	116	115	114	112	111	102	163.907	206	186	180	175	170	165	159	154	148	140	119	0	0	0.000	0.000	0	0	0	0	0	0	0	0	0	0	0	0	0	0.000	0.000	0	0	0	0	0	0	0	0	0	0	0
293	293	2050	1857.848	1709.160	475	963	493	82	9	269	633	662	347	92	633.945	948	825	773	739	696	654	607	562	513	417	128	118.700	144	128	125	122	120	118	117	115	113	110	100	0	0	0.000	0.000	0	0	0	0	0	0	0	0	0	0	0	0	0	0.000	0.000	0	0	0	0	0	0	0	0	0	0	0
294	294	2821	1423.433	1717.293	403	703	839	692	115	336	804	925	549	155	149.986	187	168	163	160	156	153	149	143	136	126	106	152.675	199	177	171	165	159	154	149	143	135	124	103	0	0	0.000	0.000	0	0	0	0	0	0	0	0	0	0	0	0	0	0.000	0.000	0	0	0	0	0	0	0	0	0	0	0
295	295	1307	1908.548	1713.715	177	362	363	312	69	123	374	425	302	60	168.396	1731	187	140	135	133	130	128	125	122	118	104	121.292	271	132	125	122	120	118	116	114	112	109	101	1	51	1919.435	1712.539	0	0	0	836	0	0	0	187	0	0	0	1	39	1919.585	1712.065	0	0	0	851	0	0	0	196	0	0	0
296	296	1227	367.087	1715.162	300	409	331	137	28	190	272	418	242	85	1398.623	2206	1955	1843	1726	1595	1459	1330	1171	960	725	288	145.148	183	165	159	155	152	148	143	137	131	122	105	0	0	0.000	0.000	0	0	0	0	0	0	0	0	0	0	0	0	0	0.000	0.000	0	0	0	0	0	0	0	0	0	0	0
297	297	1812	260.736	1721.634	192	415	733	372	65	182	560	667	308	58	147.379	244	161	155	152	150	147	145	142	138	132	107	167.467	217	192	186	181	176	171	166	160	152	133	103	0	0	0.000	0.000	0	0	0	0	0	0	0	0	0	0	0	0	0	0.000	0.000	0	0	0	0	0	0	0	0	0	0	0
298	298	1437	183.325	1718.864	307	472	430	174	26	244	512	404	227	20	236.451	328	293	279	267	255	244	232	216	194	162	113	108.691	124	114	112	111	109	108	107	106	105	104	99	0	0	0.000	0.000	0	0	0	0	0	0	0	0	0	0	0	0	0	0.000	0.000	0	0	0	0	0	0	0	0	0	0	0
299	299	1727	131.466	1723.216	318	785	469	111	14	150	503	553	369	121	544.335	11500	622	323	294	278	266	252	238	218	187	114	123.182	617	130	116	113	111	110	108	107	106	104	92	1	70	142.351	1714.440	0	0	0	5361	0	0	0	303	0	0	0	1	76	142.867	1715.325	0	0	0	4986	0	0	0	332	0	0	0
300	300	1749	1245.380	1733.554	285	505	555	301	71	215	605	539	309	52	1677.480	11572	2493	2060	1886	1676	1465	1281	1118	937	665	296	168.678	1135	201	176	163	153	146	139	132	126	120	98	1	42	1250.195	1732.918	0	0	0	7831	0	0	0	743	0	0	0	1	53	1250.702	1732.604	0	0	0	6285	0	0	0	647	0	0	0
301	301	2011	1091.553	1740.635	287	435	665	455	121	327	567	602	413	80	1317.278	23243	2184	518	263	183	154	140	131	123	115	100	330.045	4360	448	215	181	169	161	154	146	137	125	106	1	185	1085.571	1742.107	0	0	0	10438	0	0	0	1613	0	0	0	1	140	1085.853	1741.738	0	0	0	14782	0	0	0	2129	0	0	0
302	302	2570	1182.924	1744.421	886	755	602	255	34	832	783	563	265	82	114.528	132	121	119	118	116	115	113	111	110	107	100	107.709	122	112	111	109	108	107	107	106	105	103	98	0	0	0.000	0.000	0	0	0	0	0	0	0	0	0	0	0	0	0	0.000	0.000	0	0	0	0	0	0	0	0	0	0	0
303	303	1835	1298.806	1751.614	200	510	647	355	78	165	527	702	348	63	537.307	11341	724	249	182	158	149	143	137	132	126	106	153.454	1090	175	134	127	123	120	118	116	113	110	100	1	112	1302.800	1757.617	0	0	0	4714	0	0	0	530	0	0	0	1	112	1303.139	1757.265	0	0	0	4659	0	0	0	530	0	0	0
304	304	1044	726.498	1743.096	93	262	313	279	77	128	369	333	171	29	192.435	251	222	215	209	203	196	190	180	170	154	125	112.308	127	118	116	115	113	112	111	110	109	107	100	0	0	0.000	0.000	0	0	0	0	0	0	0	0	0	0	0	0	0	0.000	0.000	0	0	0	0	0	0	0	0	0	0	0
305	305	1689	974.375	1747.449	385	588	489	185	19	283	547	488	274	63	115.269	141	122	120	118	117	115	114	112	110	107	99	199.828	262	234	225	218	211	205	198	188	175	155	113	0	0	0.000	0.000	0	0	0	0	0	0	0	0	0	0	0	0	0	0.000	0.000	0	0	0	0	0	0	0	0	0	0	0
306	306	1671	1346.575	1753.183	255	529	564	263	39	238	508	520	311	64	969.294	1509	1303	1205	1118	1052	1001	953	890	775	545	186	125.776	157	137	133	131	129	126	124	122	118	113	100	0	0	0.000	0.000	0	0	0	0	0	0	0	0	0	0	0	0	0	0.000	0.000	0	0	0	0	0	0	0	0	0	0	0
307	307	2097	86.687	1756.302	509	778	556	188	29	364	757	612	273	36	835.778	1492	1166	1053	968	900	843	790	729	635	482	165	105.116	118	110	108	106	106	105	104	103	102	101	96	0	0	0.000	0.000	0	0	0	0	0	0	0	0	0	0	0	0	0	0.000	0.000	0	0	0	0	0	0	0	0	0	0	0
308	308	1473	1922.981	1763.292	249	446	406	269	74	233	552	405	217	42	551.588	11970	897	302	196	150	134	128	124	120	116	102	152.356	978	184	139	131	127	124	122	119	116	111	101	1	85	1917.238	1769.759	0	0	0	4969	0	0	0	483	0	0	0	1	77	1916.628	1769.076	0	0	0	4929	0	0	0	513	0	0	0
309	309	1826	402.512	1764.684	816	826	116	26	14	713	876	159	27	13	636.200	16045	837	262	184	168	162	157	153	147	136	106	152.689	1325	159	129	125	122	119	117	115	112	109	100	1	94	415.006	1757.669	0	0	0	6554	0	0	0	450	0	0	0	1	88	416.223	1758.011	0	0	0	5706	0	0	0	670	0	0	0
310	310	1596	585.171	1768.180	365	499	409	232	67	223	514	424	306	101	984.903	1596	1351	1245	1156	1075	987	908	828	731	643	211	115.920	142	125	121	119	117	115	113	112	110	108	102	0	0	0.000	0.000	0	0	0	0	0	0	0	0	0	0	0	0	0	0.000	0.000	0	0	0	0	0	0	0	0	0	0	0
311	311	1864	266.424	1778.088	390	672	640	125	10	202	496	689	365	64	1966.042	3272	2909	2696	2465	2241	1985	1763	1610	1343	932	179	149.131	197	176	168	161	154	149	144	138	131	122	104	0	0	0.000	0.000	0	0	0	0	0	0	0	0	0	0	0	0	0	0.000	0.000	0	0	0	0	0	0	0	0	0	0	0
312	312	1271	1245.391	1780.853	375	372	364	126	17	379	498	309	62	9	1480.167	2476	2194	2068	1949	1796	1586	1386	1155	905	490	192	148.687	203	179	170	162	154	148	142	136	129	118	97	0	0	0.000	0.000	0	0	0	0	0	0	0	0	0	0	0	0	0	0.000	0.000	0	0	0	0	0	0	0	0	0	0	0
313	313	1507	1122.885	1786.179	382	396	461	206	40	278	470	453	239	33	123.323	150	136	132	129	126	124	122	118	114	110	99	144.459	187	166	160	154	150	145	141	137	129	119	104	0	0	0.000	0.000	0	0	0	0	0	0	0	0	0	0	0	0	0	0.000	0.000	0	0	0	0	0	0	0	0	0	0	0
314	314	1106	1381.151	1788.404	150	334	350	194	55	149	418	365	129	22	112.834	130	119	116	115	114	113	112	110	109	107	102	177.700	239	213	202	193	186	179	171	165	155	141	110	0	0	0.000	0.000	0	0	0	0	0	0	0	0	0	0	0	0	0	0.000	0.000	0	0	0	0	0	0	0	0	0	0	0
315	315	1721	811.623	1795.291	458	658	489	81	13	389	716	442	136	12	926.444	1552	1254	1166	1095	1038	973	886	789	704	503	207	109.715	128	116	113	111	110	109	108	107	106	105	99	0	0	0.000	0.000	0	0	0	0	0	0	0	0	0	0	0	0	0	0.000	0.000	0	0	0	0	0	0	0	0	0	0	0
316	316	1397	1313.447	1802.380	337	472	390	159	15	230	409	397	261	79	136.207	170	153	149	146	143	140	136	130	122	112	102	120.652	153	135	129	125	122	119	117	115	112	109	93	0	0	0.000	0.000	0	0	0	0	0	0	0	0	0	0	0	0	0	0.000	0.000	0	0	0	0	0	0	0	0	0	0	0
317	317	920	687.013	1798.746	202	287	296	103	13	168	240	254	170	71	229.439	331	304	286	269	250	234	216	198	174	146	112	113.439	135	122	119	116	114	113	111	109	107	105	99	0	0	0.000	0.000	0	0	0	0	0	0	0	0	0	0	0	0	0	0.000	0.000	0	0	0	0	0	0	0	0	0	0	0
318	318	2009	1901.587	1812.988	540	554	547	299	43	486	588	628	242	31	113.413	147	124	120	117	115	112	110	108	106	104	98	256.022	383	332	318	303	286	267	245	221	189	157	115	0	0	0.000	0.000	0	0	0	0	0	0	0	0	0	0	0	0	0	0.000	0.000	0	0	0	0	0	0	0	0	0	0	0
319	319	2020	1761.531	1814.075	848	584	393	115	43	774	651	399	119	47	111.611	151	121	117	114	112	110	109	107	106	104	97	128.135	174	149	140	135	130	127	123	119	115	110	100	1	39	1763.129	1801.482	0	0	0	134	0	0	0	152	0	0	0	0	0	0.000	0.000	0	0	0	0	0	0	0	0	0	0	0
320	320	937	613.070	1809.522	220	258	271	146	23	140	294	265	193	32	113.342	126	119	117	116	115	114	112	111	110	108	101	177.132	226	206	197	190	184	180	175	169	158	142	113	0	0	0.000	0.000	0	0	0	0	0	0	0	0	0	0	0	0	0	0.000	0.000	0	0	0	0	0	0	0	0	0	0	0
321	321	1512	1619.961	1814.900	227	506	470	230	53	259	555	456	195	19	390.692	571	479	446	425	406	390	374	359	340	309	168	107.609	121	112	110	109	108	107	107	106	105	104	97	0	0	0.000	0.000	0	0	0	0	0	0	0	0	0	0	0	0	0	0.000	0.000	0	0	0	0	0	0	0	0	0	0	0
322	322	1828	1414.743	1823.614	171	593	600	362	55	203	707	544	304	33	110.683	126	116	114	113	112	111	110	109	107	105	100	184.510	263	233	219	208	197	187	177	167	152	124	102	0	0	0.000	0.000	0	0	0	0	0	0	0	0	0	0	0	0	0	0.000	0.000	0	0	0	0	0	0	0	0	0	0	0
323	323	1769	377.097	1826.553	220	720	710	85	16	146	536	653	363	52	251.551	6008	269	176	155	146	140	135	131	127	123	107	119.151	490	126	118	115	113	111	109	108	107	105	93	1	52	382.620	1825.599	0	0	0	2608	0	0	0	289	0	0	0	1	55	382.064	1825.103	0	0	0	2019	0	0	0	280	0	0	0
324	324	1735	514.927	1825.948	452	791	368	74	15	266	824	427	162	22	1186.422	13017	1354	1205	1088	986	914	843	777	690	586	197	137.311	700	144	135	130	127	123	120	117	115	112	102	1	65	526.042	1831.985	0	0	0	6624	0	0	0	415	0	0	0	1	69	526.248	1831.960	0	0	0	6408	0	0	0	404	0	0	0
325	325	1564	576.531	1838.193	243	403	497	327	66	184	424	504	296	117	114.604	138	120	118	117	116	115	113	112	111	109	103	197.914	271	239	225	215	208	201	193	184	171	153	110	0	0	0.000	0.000	0	0	0	0	0	0	0	0	0	0	0	0	0	0.000	0.000	0	0	0	0	0	0	0	0	0	0	0
326	326	2108	1168.344	1847.524	406	712	553	328	68	287	833	514	366	72	192.060	5098	190	160	151	143	138	133	129	125	119	103	416.432	803	596	552	497	445	397	359	327	298	262	149	1	33	1161.631	1839.685	0	0	0	2119	0	0	0	667	0	0	0	0	0	0.000	0.000	0	0	0	0	0	0	0	0	0	0	0
327	327	1878	1680.632	1855.406	512	693	453	164	22	381	784	458	205	22	411.951	626	523	495	466	438	418	394	368	341	281	142	106.660	117	111	109	108	107	106	106	105	104	103	98	0	0	0.000	0.000	0	0	0	0	0	0	0	0	0	0	0	0	0	0.000	0.000	0	0	0	0	0	0	0	0	0	0	0
328	328	815	676.393	1849.397	243	181	165	168	35	251	224	187	125	14	115.239	133	122	119	118	117	115	114	112	111	108	99	511.474	838	763	718	652	594	531	460	386	310	223	131	0	0	0.000	0.000	0	0	0	0	0	0	0	0	0	0	0	0	0	0.000	0.000	0	0	0	0	0	0	0	0	0	0	0
329	329	2033	1588.817	1859.487	650	751	489	105	8	358	669	577	333	63	113.395	127	119	117	116	115	114	112	111	109	107	99	328.878	540	474	438	397	355	326	295	263	239	190	107	0	0	0.000	0.000	0	0	0	0	0	0	0	0	0	0	0	0	0	0.000	0.000	0	0	0	0	0	0	0	0	0	0	0
330	330	1645	336.345	1865.696	293	639	470	191	32	235	593	473	243	80	1315.548	16493	2033	897	791	730	666	576	501	413	305	123	190.023	1694	274	152	133	127	123	119	116	113	109	100	1	118	337.876	1869.060	0	0	0	8964	0	0	0	833	0	0	0	1	117	338.250	1869.057	0	0	0	8964	0	0	0	833	0	0	0
331	331	2610	1311.324	1874.817	471	1009	855	209	22	476	1158	724	188	24	1165.612	2063	1623	1468	1363	1283	1211	1118	1013	898	601	171	109.141	131	115	113	111	110	109	108	107	105	104	95	0	0	0.000	0.000	0	0	0	0	0	0	0	0	0	0	0	0	0	0.000	0.000	0	0	0	0	0	0	0	0	0	0	0
332	332	1161	1901.811	1865.417	140	336	321	242	88	159	420	377	165	12	132.550	159	143	141	138	136	134	131	129	125	119	102	123.655	155	134	130	128	126	123	121	119	117	113	102	0	0	0.000	0.000	0	0	0	0	0	0	0	0	0	0	0	0	0	0.000	0.000	0	0	0	0	0	0	0	0	0	0	0
333	333	1242	472.273	1872.428	335	484	293	96	10	211	513	310	153	30	110.932	125	116	114	113	112	111	110	109	107	105	99	345.166	491	444	427	406	383	362	334	303	266	218	127	0	0	0.000	0.000	0	0	0	0	0	0	0	0	0	0	0	0	0	0.000	0.000	0	0	0	0	0	0	0	0	0	0	0
334	334	2053	1122.172	1877.326	386	598	660	314	50	310	640	685	346	44	136.203	168	153	148	144	141	137	133	129	124	117	101	422.673	674	605	563	521	474	428	379	341	299	223	124	0	0	0.000	0.000	0	0	0	0	0	0	0	0	0	0	0	0	0	0.000	0.000	0	0	0	0	0	0	0	0	0	0	0
335	335	968	1394.827	1871.414	272	355	271	46	9	136	404	262	132	19	107.604	120	112	110	109	108	108	107	106	105	104	97	241.075	357	316	297	278	263	252	239	222	181	137	110	0	0	0.000	0.000	0	0	0	0	0	0	0	0	0	0	0	0	0	0.000	0.000	0	0	0	0	0	0	0	0	0	0	0
336	336	1421	528.364	1876.674	374	455	464	86	18	282	448	447	189	26	753.792	1200	1067	992	920	851	798	744	687	547	282	143	118.563	150	132	126	122	120	117	115	113	111	108	100	0	0	0.000	0.000	0	0	0	0	0	0	0	0	0	0	0	0	0	0.000	0.000	0	0	0	0	0	0	0	0	0	0	0
337	337	1201	1439.848	1882.936	486	387	200	72	28	414	414	251	81	17	117.586	148	127	123	120	119	117	116	114	111	109	101	563.580	926	745	689	651	626	596	558	494	422	337	159	0	0	0.000	0.000	0	0	0	0	0	0	0	0	0	0	0	0	0	0.000	0.000	0	0	0	0	0	0	0	0	0	0	0
338	338	2114	430.487	1903.289	272	536	744	443	80	229	620	705	429	86	111.316	126	117	115	113	112	111	110	109	108	106	99	328.252	510	418	393	373	354	334	311	291	268	226	139	0	0	0.000	0.000	0	0	0	0	0	0	0	0	0	0	0	0	0	0.000	0.000	0	0	0	0	0	0	0	0	0	0	0
339	339	1426	1876.993	1900.716	689	330	234	126	31	598	391	268	120	28	114.255	130	122	120	118	116	115	113	111	108	105	99	389.414	672	539	490	461	439	419	377	323	261	204	130	0	0	0.000	0.000	0	0	0	0	0	0	0	0	0	0	0	0	0	0.000	0.000	0	0	0	0	0	0	0	0	0	0	0
340	340	552	489.803	1914.779	323	87	60	59	16	298	128	87	24	8	140.071	189	170	161	154	147	139	133	124	118	112	102	258.092	450	396	362	333	306	268	220	170	140	125	109	0	0	0.000	0.000	0	0	0	0	0	0	0	0	0	0	0	0	0	0.000	0.000	0	0	0	0	0	0	0	0	0	0	0
341	341	1837	1747.304	1923.668	315	546	590	309	47	258	592	619	289	59	962.005	11598	1178	957	877	811	732	650	567	481	391	147	120.250	448	131	119	116	113	111	109	108	107	105	98	1	69	1742.710	1928.981	0	0	0	5797	0	0	0	271	0	0	0	1	81	1742.643	1928.641	0	0	0	5161	0	0	0	254	0	0	0
342	342	2100	301.070	1927.682	365	464	622	488	124	244	454	713	472	183	434.444	678	597	554	515	474	441	406	370	327	255	137	116.834	145	127	123	121	119	116	114	113	110	108	98	0	0	0.000	0.000	0	0	0	0	0	0	0	0	0	0	0	0	0	0.000	0.000	0	0	0	0	0	0	0	0	0	0	0
343	343	1506	1696.102	1927.618	257	418	417	300	75	214	442	446	301	73	1411.712	11413	2778	1169	967	877	803	722	638	555	412	164	183.157	1124	298	161	138	131	124	119	115	112	108	99	1	149	1693.484	1931.532	0	0	0	6392	0	0	0	612	0	0	0	1	155	1693.511	1931.266	0	0	0	6072	0	0	0	603	0	0	0
344	344	1868	1450.557	1934.195	745	623	294	160	18	614	651	371	161	34	118.664	145	128	125	123	121	119	117	115	112	109	100	707.392	1156	945	904	865	831	782	693	585	479	354	161	0	0	0.000	0.000	0	0	0	0	0	0	0	0	0	0	0	0	0	0.000	0.000	0	0	0	0	0	0	0	0	0	0	0
345	345	1108	1323.856	1927.949	448	348	261	23	13	457	378	238	13	9	1002.576	1995	1592	1329	1231	1127	1007	882	796	688	367	170	108.525	123	115	113	111	109	108	107	106	104	103	98	0	0	0.000	0.000	0	0	0	0	0	0	0	0	0	0	0	0	0	0.000	0.000	0	0	0	0	0	0	0	0	0	0	0
346	346	2152	649.699	1940.451	336	676	738	330	38	325	736	706	313	28	114.564	132	120	119	117	116	114	113	112	111	109	100	431.810	729	620	583	542	497	451	412	365	283	168	110	0	0	0.000	0.000	0	0	0	0	0	0	0	0	0	0	0	0	0	0.000	0.000	0	0	0	0	0	0	0	0	0	0	0
347	347	2286	737.506	1958.225	394	647	780	362	73	403	780	757	259	39	2116.633	3710	3318	3016	2704	2384	2117	1845	1565	1373	915	233	111.841	135	120	116	114	113	111	110	109	107	105	98	0	0	0.000	0.000	0	0	0	0	0	0	0	0	0	0	0	0	0	0.000	0.000	0	0	0	0	0	0	0	0	0	0	0
348	348	1251	1828.155	1951.033	376	354	385	94	16	246	322	312	276	76	123.674	144	135	132	130	128	125	122	119	114	109	99	199.363	300	263	246	230	212	197	185	175	157	133	104	0	0	0.000	0.000	0	0	0	0	0	0	0	0	0	0	0	0	0	0.000	0.000	0	0	0	0	0	0	0	0	0	0	0
349	349	1888	868.307	1959.409	254	603	599	347	46	233	709	619	251	34	163.877	230	196	184	175	168	163	157	151	145	134	103	118.227	142	128	124	122	120	118	116	114	112	109	98	0	0	0.000	0.000	0	0	0	0	0	0	0	0	0	0	0	0	0	0.000	0.000	0	0	0	0	0	0	0	0	0	0	0
350	350	1855	1910.999	1964.279	376	602	546	244	42	328	714	551	194	29	314.664	7110	370	184	147	138	133	129	124	120	115	100	172.850	986	187	172	165	160	156	151	145	136	127	101	1	81	1917.312	1970.695	0	0	0	3065	0	0	0	497	0	0	0	1	67	1917.574	1970.128	0	0	0	3161	0	0	0	583	0	0	0
351	351	2163	433.090	1964.628	472	606	674	305	63	411	645	695	337	42	112.464	126	119	117	115	114	113	111	110	108	106	99	184.838	257	224	213	206	198	190	182	171	156	135	103	0	0	0.000	0.000	0	0	0	0	0	0	0	0	0	0	0	0	0	0.000	0.000	0	0	0	0	0	0	0	0	0	0	0
352	352	764	1672.861	1957.719	273	219	161	87	15	167	264	163	127	25	659.118	1002	900	859	822	768	707	645	555	453	310	154	115.834	138	126	122	119	117	115	114	112	110	107	101	0	0	0.000	0.000	0	0	0	0	0	0	0	0	0	0	0	0	0	0.000	0.000	0	0	0	0	0	0	0	0	0	0	0
353	353	1588	921.657	1965.335	339	549	503	151	22	228	561	477	252	41	187.737	270	225	211	202	197	190	184	175	161	144	112	122.980	143	133	130	128	126	124	121	119	116	112	100	0	0	0.000	0.000	0	0	0	0	0	0	0	0	0	0	0	0	0	0.000	0.000	0	0	0	0	0	0	0	0	0	0	0
354	354	826	1777.927	1960.733	328	264	185	28	10	268	248	229	53	10	616.425	873	806	757	726	693	664	620	555	480	336	165	109.516	125	116	113	111	110	109	108	107	106	104	98	0	0	0.000	0.000	0	0	0	0	0	0	0	0	0	0	0	0	0	0.000	0.000	0	0	0	0	0	0	0	0	0	0	0
355	355	651	389.395	1963.926	306	207	93	28	12	238	179	125	65	29	110.642	127	119	116	114	112	110	108	106	105	103	98	131.339	178	152	142	138	134	130	127	124	119	113	102	0	0	0.000	0.000	0	0	0	0	0	0	0	0	0	0	0	0	0	0.000	0.000	0	0	0	0	0	0	0	0	0	0	0
356	356	761	1873.442	1967.489	97	148	263	203	31	108	143	360	124	15	102.466	110	106	104	104	103	102	102	101	101	100	94	102.444	111	105	104	103	103	102	102	101	101	100	95	0	0	0.000	0.000	0	0	0	0	0	0	0	0	0	0	0	0	0	0.000	0.000	0	0	0	0	0	0	0	0	0	0	0
357	357	1086	528.637	1974.957	182	341	292	210	41	116	413	346	173	22	348.326	522	473	449	421	392	357	325	294	256	202	124	113.908	141	125	121	118	115	113	111	109	107	104	98	0	0	0.000	0.000	0	0	0	0	0	0	0	0	0	0	0	0	0	0.000	0.000	0	0	0	0	0	0	0	0	0	0	0
358	358	647	835.022	1986.766	101	202	206	83	40	47	250	229	98	12	164.357	219	194	183	175	170	165	158	153	146	137	104	118.051	136	126	123	121	120	118	116	114	113	110	102	0	0	0.000	0.000	0	0	0	0	0	0	0	0	0	0	0	0	0	0.000	0.000	0	0	0	0	0	0	0	0	0	0	0
