 	cell	area	x	y	BFI_lev_b1	BFI_lev_b2	BFI_lev_b3	BFI_lev_b4	BFI_lev_b5	BFO_lev_b1	BFO_lev_b2	BFO_lev_b3	BFO_lev_b4	BFO_lev_b5	GFP_int_mean	GFP_int_b0	GFP_int_b1	GFP_int_b2	GFP_int_b3	GFP_int_b4	GFP_int_b5	GFP_int_b6	GFP_int_b7	GFP_int_b8	GFP_int_b9	GFP_int_b10	RFP_int_mean	RFP_int_b0	RFP_int_b1	RFP_int_b2	RFP_int_b3	RFP_int_b4	RFP_int_b5	RFP_int_b6	RFP_int_b7	RFP_int_b8	RFP_int_b9	RFP_int_b10	inGFPnfoci	f1_inGFParea	f1_inGFPx	f1_inGFPy	f2_inGFParea	f2_inGFPx	f2_inGFPy	f1_inGFP_toGFPmed	f2_inGFP_toGFPmed	f2_inGFP_toGFPmean	f1_inGFP_toRFPmed	f2_inGFP_toRFPmed	f2_inGFP_toRFPmean	inRFPnfoci	f1_inRFParea	f1_inRFPx	f1_inRFPy	f2_inRFParea	f2_inRFPx	f2_inRFPy	f1_inRFP_toGFPmed	f2_inRFP_toGFPmed	f2_inRFP_toGFPmean	f1_inRFP_toRFPmed	f2_inRFP_toRFPmed	f2_inRFP_toRFPmean	f1_inGFP_toGFPmean	f1_inGFP_toRFPmean	f1_inRFP_toGFPmean	f1_inRFP_toRFPmean
1	1	1511	1492.515	76.361	300	570	443	137	42	263	695	362	132	32	367.171	6971	417	278	263	249	233	211	190	170	141	100	215.334	687	284	262	245	230	210	193	173	154	135	100	1	55	1501.803	83.384	0	0	0	2660	0	0	368	0	0	1	26	1502.775	82.423	0	0	0	3651	0	0	547	0	0	0	0	0	0
2	2	1565	292.120	92.302	257	418	449	352	61	233	585	425	238	61	107.867	120	113	111	110	109	108	107	106	104	103	97	121.765	163	142	132	126	123	120	118	114	110	105	97	0	0	0.000	0.000	0	0	0	0	0	0	0	0	0	0	0	0.000	0.000	0	0	0	0	0	0	0	0	0	0	0	0	0
3	3	1775	984.628	99.435	190	436	609	391	117	181	571	636	244	104	984.672	16695	1160	685	595	538	492	453	422	367	293	138	172.200	1307	199	154	147	142	138	134	129	124	117	102	1	94	984.937	106.548	0	0	0	7747	0	0	627	0	0	1	89	984.769	105.736	0	0	0	7634	0	0	667	0	0	0	0	0	0
4	4	1581	342.620	106.560	411	795	287	40	21	452	926	147	22	14	119.036	220	134	120	117	115	114	112	110	109	106	99	124.300	170	144	136	131	126	122	119	116	113	108	99	0	0	0.000	0.000	0	0	0	0	0	0	0	0	0	0	0	0.000	0.000	0	0	0	0	0	0	0	0	0	0	0	0	0
5	5	1395	1526.710	109.989	246	517	427	135	44	266	566	391	122	26	301.973	2022	376	334	310	291	274	258	242	228	208	122	251.913	497	323	303	287	268	250	231	216	202	182	122	1	32	1520.597	102.371	0	0	0	1071	0	0	326	0	0	0	0	0.000	0.000	0	0	0	0	0	0	0	0	0	0	0	0	0
6	6	997	441.449	119.792	270	185	214	219	95	186	220	259	245	70	106.604	129	113	111	108	107	106	105	103	102	101	94	252.021	496	402	356	313	276	244	213	184	144	114	100	0	0	0.000	0.000	0	0	0	0	0	0	0	0	0	0	0	0.000	0.000	0	0	0	0	0	0	0	0	0	0	0	0	0
7	7	1472	1481.944	126.569	198	339	488	338	91	132	404	617	220	66	274.226	406	360	343	329	313	293	272	243	201	146	103	255.500	407	359	333	313	292	269	242	209	167	124	99	0	0	0.000	0.000	0	0	0	0	0	0	0	0	0	0	0	0.000	0.000	0	0	0	0	0	0	0	0	0	0	0	0	0
8	8	1447	1626.455	128.956	333	329	308	316	127	303	469	335	246	60	109.301	125	116	114	112	111	109	108	106	105	103	98	253.413	395	348	329	307	285	264	240	212	179	135	100	0	0	0.000	0.000	0	0	0	0	0	0	0	0	0	0	0	0.000	0.000	0	0	0	0	0	0	0	0	0	0	0	0	0
9	9	1963	1100.460	132.537	315	397	745	385	82	302	600	692	250	65	791.896	19750	947	310	208	177	165	157	149	139	125	101	359.716	4319	451	328	299	278	258	240	220	189	133	102	1	105	1104.399	125.267	0	0	0	8553	0	0	1559	0	0	1	88	1104.255	123.596	0	0	0	4430	0	0	2167	0	0	0	0	0	0
10	10	1976	947.090	151.801	299	701	561	289	87	291	895	540	179	32	116.302	135	123	121	119	118	116	115	113	112	109	102	254.785	349	319	309	297	282	263	244	222	198	173	128	0	0	0.000	0.000	0	0	0	0	0	0	0	0	0	0	0	0.000	0.000	0	0	0	0	0	0	0	0	0	0	0	0	0
11	11	1944	1000.775	150.765	245	312	746	492	116	195	576	756	299	60	638.991	6800	785	719	676	634	591	535	464	379	292	140	146.751	547	165	158	154	150	145	138	131	125	116	102	1	37	992.013	144.896	0	0	0	3644	0	0	322	0	0	1	35	990.456	144.059	0	0	0	1860	0	0	350	0	0	0	0	0	0
12	12	828	125.760	139.934	238	205	187	119	63	184	166	274	150	42	111.914	139	124	119	116	114	111	109	106	104	102	97	844.261	1887	1565	1372	1231	1087	890	624	365	216	139	107	0	0	0.000	0.000	0	0	0	0	0	0	0	0	0	0	0	0.000	0.000	0	0	0	0	0	0	0	0	0	0	0	0	0
13	13	1723	241.272	152.297	1368	263	39	18	13	1327	302	43	20	11	427.666	682	579	537	503	479	453	420	377	302	226	139	106.696	133	116	111	108	106	105	104	103	102	101	94	0	0	0.000	0.000	0	0	0	0	0	0	0	0	0	0	0	0.000	0.000	0	0	0	0	0	0	0	0	0	0	0	0	0
14	14	1763	1875.517	151.496	207	529	550	364	88	237	640	493	301	62	342.683	549	451	424	401	375	353	330	305	255	201	130	105.441	121	110	108	107	106	105	104	103	103	101	93	0	0	0.000	0.000	0	0	0	0	0	0	0	0	0	0	0	0.000	0.000	0	0	0	0	0	0	0	0	0	0	0	0	0
15	15	1689	1535.784	160.666	130	503	622	337	71	125	633	601	252	37	289.240	417	374	355	335	319	301	279	253	221	188	122	354.654	527	473	454	424	399	370	338	304	261	207	114	0	0	0.000	0.000	0	0	0	0	0	0	0	0	0	0	0	0.000	0.000	0	0	0	0	0	0	0	0	0	0	0	0	0
16	16	1482	285.843	172.212	197	439	498	267	58	168	554	489	200	35	327.445	522	449	415	391	361	328	301	272	244	201	125	106.194	129	112	109	108	106	105	105	104	103	102	92	0	0	0.000	0.000	0	0	0	0	0	0	0	0	0	0	0	0.000	0.000	0	0	0	0	0	0	0	0	0	0	0	0	0
17	17	1267	1915.396	178.931	120	403	397	256	66	73	384	480	237	66	313.220	520	423	375	348	326	310	295	277	251	207	128	105.203	118	110	108	107	106	105	104	103	102	101	97	0	0	0.000	0.000	0	0	0	0	0	0	0	0	0	0	0	0.000	0.000	0	0	0	0	0	0	0	0	0	0	0	0	0
18	18	1159	109.596	180.177	304	259	256	234	92	209	318	419	162	33	109.121	132	117	114	112	110	109	107	105	103	102	97	238.692	439	344	319	293	269	248	222	182	145	117	100	0	0	0.000	0.000	0	0	0	0	0	0	0	0	0	0	0	0.000	0.000	0	0	0	0	0	0	0	0	0	0	0	0	0
19	19	1954	1577.538	193.291	225	772	614	274	32	170	811	592	271	65	1979.107	27300	4457	920	476	345	305	278	255	222	177	112	547.717	5339	948	437	358	327	309	288	266	235	185	112	1	220	1576.267	196.723	0	0	0	13945	0	0	2046	0	0	1	165	1576.546	196.250	0	0	0	17914	0	0	2829	0	0	0	0	0	0
20	20	609	777.958	183.081	72	195	171	123	32	15	120	277	140	44	550.816	761	689	659	624	601	572	542	511	453	370	152	133.151	151	144	141	139	137	135	132	129	125	121	106	0	0	0.000	0.000	0	0	0	0	0	0	0	0	0	0	0	0.000	0.000	0	0	0	0	0	0	0	0	0	0	0	0	0
21	21	1783	1782.105	199.012	179	578	536	362	99	204	818	424	260	37	540.790	10017	551	410	373	354	332	308	291	269	231	112	183.918	971	209	195	184	174	166	160	154	148	138	102	1	63	1770.917	205.639	0	0	0	4744	0	0	543	0	0	1	55	1770.698	204.960	0	0	0	4474	0	0	555	0	0	0	0	0	0
22	22	1144	1853.915	192.740	168	301	331	261	66	207	493	246	143	30	351.287	511	454	426	403	381	355	335	315	285	234	132	105.293	128	111	108	106	105	104	104	103	102	101	97	0	0	0.000	0.000	0	0	0	0	0	0	0	0	0	0	0	0.000	0.000	0	0	0	0	0	0	0	0	0	0	0	0	0
23	23	2163	1632.029	204.200	444	932	594	153	8	338	1022	524	214	23	271.423	401	350	330	312	296	281	263	240	211	175	122	164.319	223	201	193	185	176	168	159	150	136	117	98	0	0	0.000	0.000	0	0	0	0	0	0	0	0	0	0	0	0.000	0.000	0	0	0	0	0	0	0	0	0	0	0	0	0
24	24	1969	245.814	206.612	165	357	824	463	136	109	307	1044	347	127	511.222	802	694	652	609	559	510	471	431	383	322	167	105.594	117	110	108	107	106	105	104	104	103	102	95	0	0	0.000	0.000	0	0	0	0	0	0	0	0	0	0	0	0.000	0.000	0	0	0	0	0	0	0	0	0	0	0	0	0
25	25	2014	745.642	214.140	286	573	666	382	70	288	870	617	174	18	113.330	136	121	118	117	115	113	112	110	108	106	95	459.519	919	684	626	581	517	465	418	356	283	199	106	0	0	0.000	0.000	0	0	0	0	0	0	0	0	0	0	0	0.000	0.000	0	0	0	0	0	0	0	0	0	0	0	0	0
26	26	1690	793.246	224.131	277	429	597	317	49	210	498	679	229	38	937.449	10382	1132	993	922	857	792	718	652	543	329	127	170.585	1144	185	168	161	155	149	143	138	130	116	101	1	54	788.013	213.266	0	0	0	5461	0	0	659	0	0	1	68	788.637	212.509	0	0	0	4522	0	0	582	0	0	0	0	0	0
27	27	1968	1718.882	234.731	1270	627	17	12	12	1420	483	23	9	9	402.336	6004	465	416	378	349	327	306	280	259	226	129	158.886	639	183	173	165	158	152	147	142	137	128	105	1	46	1731.234	242.680	0	0	0	2610	0	0	344	0	0	1	37	1731.567	241.675	0	0	0	2263	0	0	419	0	0	0	0	0	0
28	28	1993	1390.440	229.758	265	526	727	374	61	297	1027	406	213	14	1189.933	21378	1424	635	555	519	468	423	381	327	213	117	252.648	3321	321	181	165	156	148	141	135	128	119	101	1	121	1395.164	227.131	0	0	0	10704	0	0	1396	0	0	1	109	1395.486	227.217	0	0	0	11275	0	0	1570	0	0	0	0	0	0
29	29	825	286.173	228.414	126	162	295	189	42	102	147	396	154	13	445.396	688	621	573	541	512	477	434	373	304	222	122	106.870	126	114	111	109	107	106	105	104	103	102	98	0	0	0.000	0.000	0	0	0	0	0	0	0	0	0	0	0	0.000	0.000	0	0	0	0	0	0	0	0	0	0	0	0	0
30	30	1015	698.881	227.305	107	279	330	193	85	77	434	298	162	33	127.122	154	140	137	134	131	129	126	122	117	111	101	128.715	158	143	140	137	134	130	126	122	117	111	101	0	0	0.000	0.000	0	0	0	0	0	0	0	0	0	0	0	0.000	0.000	0	0	0	0	0	0	0	0	0	0	0	0	0
31	31	3429	952.655	240.267	2444	656	196	85	20	2417	691	193	77	22	555.871	18752	470	292	221	185	140	121	113	110	107	100	216.469	4951	232	187	164	140	122	112	108	106	104	96	1	123	948.924	233.769	0	0	0	8055	0	0	1755	0	0	1	99	948.616	233.109	0	0	0	9736	0	0	2088	0	0	0	0	0	0
32	32	566	1519.304	231.480	240	123	101	76	20	133	104	124	119	72	132.389	171	155	148	144	139	132	126	120	115	111	102	194.459	285	261	250	237	222	205	182	157	132	115	101	0	0	0.000	0.000	0	0	0	0	0	0	0	0	0	0	0	0.000	0.000	0	0	0	0	0	0	0	0	0	0	0	0	0
33	33	1924	1596.121	249.605	242	595	606	390	55	145	665	695	309	80	509.972	11942	541	314	281	264	246	224	202	181	156	104	169.245	1023	191	176	168	160	151	143	135	126	116	99	1	72	1590.507	236.437	0	0	0	5594	0	0	592	0	0	1	69	1589.972	236.327	0	0	0	5512	0	0	594	0	0	0	0	0	0
34	34	563	1765.256	237.377	47	97	189	142	82	40	113	153	167	79	252.483	356	314	293	280	268	257	245	230	211	185	132	145.542	178	165	160	156	152	149	145	138	130	120	101	0	0	0.000	0.000	0	0	0	0	0	0	0	0	0	0	0	0.000	0.000	0	0	0	0	0	0	0	0	0	0	0	0	0
35	35	1882	1333.189	257.300	222	468	721	362	83	182	597	708	267	90	672.631	9159	905	678	608	559	508	462	411	372	305	152	179.162	1448	223	178	166	158	151	146	140	134	126	103	2	31	1342.669	259.200	39	1323.342	256.112	2452	4661	0	415	649	0	2	33	1342.744	258.568	43	1323.914	255.645	2303	3637	0	415	772	0	0	0	0	0
36	36	1737	202.652	266.351	149	392	643	394	129	133	512	747	249	71	110.656	124	116	114	113	112	111	110	108	107	105	100	142.577	180	161	155	151	148	144	140	136	129	122	104	0	0	0.000	0.000	0	0	0	0	0	0	0	0	0	0	0	0.000	0.000	0	0	0	0	0	0	0	0	0	0	0	0	0
37	37	3559	1000.827	280.181	3405	69	33	28	21	3407	82	33	21	14	1002.007	25878	799	272	226	212	202	192	177	153	128	101	493.018	8282	466	375	347	321	300	277	248	187	133	102	1	215	987.618	276.911	0	0	0	11328	0	0	3013	0	0	1	165	987.362	276.591	0	0	0	15654	0	0	4089	0	0	0	0	0	0
38	38	1724	1789.761	272.179	95	489	775	292	38	104	792	581	193	26	737.180	1152	989	923	875	819	767	700	621	543	450	165	139.686	175	158	153	149	144	139	136	132	127	121	101	0	0	0.000	0.000	0	0	0	0	0	0	0	0	0	0	0	0.000	0.000	0	0	0	0	0	0	0	0	0	0	0	0	0
39	39	1826	703.986	277.292	279	437	557	380	137	365	854	424	139	17	132.068	305	146	141	138	135	132	129	126	121	113	99	129.341	176	145	141	137	134	131	128	123	117	110	99	0	0	0.000	0.000	0	0	0	0	0	0	0	0	0	0	0	0.000	0.000	0	0	0	0	0	0	0	0	0	0	0	0	0
40	40	1931	257.896	284.368	350	461	620	370	103	289	535	681	286	99	110.445	124	117	115	113	112	111	109	108	106	104	97	141.383	206	176	164	154	145	137	131	126	121	112	99	0	0	0.000	0.000	0	0	0	0	0	0	0	0	0	0	0	0.000	0.000	0	0	0	0	0	0	0	0	0	0	0	0	0
41	41	2153	1925.649	287.185	262	728	715	385	26	257	1087	523	224	10	235.606	340	292	277	266	256	244	232	213	191	162	116	285.727	414	374	354	336	319	302	276	248	213	173	113	0	0	0.000	0.000	0	0	0	0	0	0	0	0	0	0	0	0.000	0.000	0	0	0	0	0	0	0	0	0	0	0	0	0
42	42	533	1373.909	273.310	58	170	193	84	22	42	228	205	45	6	294.266	385	353	343	336	329	318	297	270	244	199	134	129.450	149	139	137	135	133	131	129	126	122	116	104	0	0	0.000	0.000	0	0	0	0	0	0	0	0	0	0	0	0.000	0.000	0	0	0	0	0	0	0	0	0	0	0	0	0
43	43	1838	1697.884	290.360	963	770	41	19	15	1064	667	36	20	13	652.006	14050	790	358	299	276	264	250	230	204	165	112	175.670	1186	200	165	158	153	149	145	139	129	119	102	1	86	1703.963	283.585	0	0	0	6947	0	0	609	0	0	1	84	1703.407	282.754	0	0	0	5606	0	0	619	0	0	0	0	0	0
44	44	798	893.072	282.240	339	162	118	120	50	236	194	139	157	59	113.185	137	122	119	116	115	112	111	109	107	106	99	631.474	1210	1059	941	846	750	651	556	424	284	175	121	0	0	0.000	0.000	0	0	0	0	0	0	0	0	0	0	0	0.000	0.000	0	0	0	0	0	0	0	0	0	0	0	0	0
45	45	1183	1552.431	287.806	102	306	435	254	56	69	346	508	182	53	112.952	317	117	113	111	110	109	108	107	105	104	96	137.496	166	153	149	146	143	140	136	133	127	116	101	1	37	1567.684	285.459	0	0	0	203	0	0	145	0	0	0	0	0.000	0.000	0	0	0	0	0	0	0	0	0	0	0	0	0
46	46	1490	944.531	299.003	181	413	540	269	60	106	576	556	192	29	356.632	3620	398	376	362	350	337	318	293	263	230	138	177.686	346	204	198	193	186	180	172	165	155	142	118	1	40	953.986	317.572	0	0	0	1841	0	0	250	0	0	0	0	0.000	0.000	0	0	0	0	0	0	0	0	0	0	0	0	0
47	47	1247	1285.556	307.193	144	304	381	278	113	155	494	344	184	47	406.095	636	556	509	474	448	418	380	341	299	256	147	106.281	119	111	109	108	107	106	105	104	103	102	97	0	0	0.000	0.000	0	0	0	0	0	0	0	0	0	0	0	0.000	0.000	0	0	0	0	0	0	0	0	0	0	0	0	0
48	48	1990	1592.151	314.223	438	536	518	382	84	435	732	493	233	62	107.531	118	112	110	109	108	108	107	106	105	103	98	140.575	180	161	156	152	148	144	139	133	123	114	97	0	0	0.000	0.000	0	0	0	0	0	0	0	0	0	0	0	0.000	0.000	0	0	0	0	0	0	0	0	0	0	0	0	0
49	49	1797	1748.252	312.803	236	857	618	54	6	124	775	546	273	54	1139.282	16329	1397	857	786	729	674	603	519	441	368	166	166.221	1259	185	152	145	139	134	129	124	119	114	103	1	98	1753.468	311.565	0	0	0	7782	0	0	588	0	0	1	88	1753.109	311.164	0	0	0	8684	0	0	645	0	0	0	0	0	0
50	50	1565	1389.241	311.708	243	604	501	160	22	433	605	363	120	15	229.304	947	274	257	244	230	218	205	193	175	144	103	114.500	149	125	121	118	116	114	112	110	107	105	97	1	47	1407.546	304.412	0	0	0	688	0	0	114	0	0	0	0	0.000	0.000	0	0	0	0	0	0	0	0	0	0	0	0	0
51	51	1804	1804.687	321.596	128	509	697	386	43	125	688	619	290	50	247.605	7678	219	143	133	128	125	123	120	117	115	103	217.939	1324	253	233	221	211	202	194	184	173	157	114	1	48	1802.558	327.417	0	0	0	2939	0	0	606	0	0	1	43	1802.655	328.019	0	0	0	3545	0	0	701	0	0	0	0	0	0
52	52	1540	1340.305	321.875	114	373	537	341	151	161	576	493	261	23	267.755	427	360	333	304	282	261	244	226	208	187	118	102.712	112	106	105	104	103	103	102	102	101	100	91	0	0	0.000	0.000	0	0	0	0	0	0	0	0	0	0	0	0.000	0.000	0	0	0	0	0	0	0	0	0	0	0	0	0
53	53	1560	1231.002	325.283	137	334	545	410	108	173	563	492	230	69	109.456	122	114	113	112	110	109	108	107	106	105	99	172.187	240	209	201	191	179	170	163	156	148	137	106	0	0	0.000	0.000	0	0	0	0	0	0	0	0	0	0	0	0.000	0.000	0	0	0	0	0	0	0	0	0	0	0	0	0
54	54	1018	974.005	333.821	123	241	351	217	73	110	289	409	152	37	239.430	357	310	293	273	260	246	232	214	190	148	112	149.409	193	176	169	163	157	152	147	141	131	114	102	0	0	0.000	0.000	0	0	0	0	0	0	0	0	0	0	0	0.000	0.000	0	0	0	0	0	0	0	0	0	0	0	0	0
55	55	2050	1277.190	357.519	161	592	644	499	120	187	878	604	271	74	393.269	760	608	532	475	429	376	327	285	251	221	112	107.549	123	113	111	109	108	107	106	105	104	103	97	0	0	0.000	0.000	0	0	0	0	0	0	0	0	0	0	0	0.000	0.000	0	0	0	0	0	0	0	0	0	0	0	0	0
56	56	940	205.165	354.593	109	139	356	237	82	78	121	499	188	35	153.307	202	173	167	163	159	156	152	147	141	128	104	222.603	293	261	251	243	235	228	221	212	195	173	108	0	0	0.000	0.000	0	0	0	0	0	0	0	0	0	0	0	0.000	0.000	0	0	0	0	0	0	0	0	0	0	0	0	0
57	57	2246	1718.629	366.006	407	605	700	401	87	317	877	651	305	49	3478.571	19431	4831	4363	4039	3638	3228	2773	2304	1811	1294	472	245.801	1997	313	270	246	225	203	186	170	152	135	105	1	69	1723.219	361.827	0	0	0	15136	0	0	1182	0	0	1	79	1723.640	361.395	0	0	0	13179	0	0	1035	0	0	0	0	0	0
58	58	2406	472.461	369.208	534	932	651	215	18	379	1011	704	240	35	113.491	133	122	119	117	115	113	112	110	108	106	99	555.646	965	852	774	708	640	578	511	435	335	199	112	0	0	0.000	0.000	0	0	0	0	0	0	0	0	0	0	0	0.000	0.000	0	0	0	0	0	0	0	0	0	0	0	0	0
59	59	874	1201.162	359.216	124	215	263	206	50	70	159	414	159	59	110.386	140	117	114	112	111	110	109	108	106	105	100	167.678	230	206	200	194	186	177	164	148	128	112	102	0	0	0.000	0.000	0	0	0	0	0	0	0	0	0	0	0	0.000	0.000	0	0	0	0	0	0	0	0	0	0	0	0	0
60	60	722	1322.586	361.088	81	204	228	144	50	104	246	269	77	11	308.496	451	383	362	345	327	312	298	284	266	226	117	104.904	117	109	107	106	105	104	104	103	102	101	95	0	0	0.000	0.000	0	0	0	0	0	0	0	0	0	0	0	0.000	0.000	0	0	0	0	0	0	0	0	0	0	0	0	0
61	61	1363	1771.699	366.162	241	568	400	116	9	116	388	502	290	43	116.583	149	124	121	119	117	116	114	113	112	109	103	187.015	256	222	211	202	194	188	180	174	167	153	105	0	0	0.000	0.000	0	0	0	0	0	0	0	0	0	0	0	0.000	0.000	0	0	0	0	0	0	0	0	0	0	0	0	0
62	62	1763	1361.381	378.276	239	443	565	360	124	227	796	421	224	62	343.868	527	455	424	395	370	347	324	295	265	231	134	103.296	112	106	105	104	104	103	103	102	102	101	95	0	0	0.000	0.000	0	0	0	0	0	0	0	0	0	0	0	0.000	0.000	0	0	0	0	0	0	0	0	0	0	0	0	0
63	63	1951	587.467	383.345	438	669	571	207	30	449	870	494	87	19	166.537	4779	145	118	114	112	111	109	108	106	104	97	170.829	785	200	190	182	175	168	160	153	140	122	100	1	36	591.689	399.621	0	0	0	2014	0	0	300	0	0	1	29	592.189	401.208	0	0	0	1156	0	0	514	0	0	0	0	0	0
64	64	1734	949.847	383.210	112	326	653	461	152	62	341	870	326	109	112.123	188	118	115	114	113	112	110	109	108	106	100	250.025	374	323	303	286	268	251	235	216	200	176	111	0	0	0.000	0.000	0	0	0	0	0	0	0	0	0	0	0	0.000	0.000	0	0	0	0	0	0	0	0	0	0	0	0	0
65	65	2052	199.617	402.796	317	619	683	345	50	178	631	831	319	47	166.186	498	204	190	181	172	164	154	145	137	125	100	239.803	389	324	301	283	262	241	217	196	177	155	104	1	20	189.146	410.625	0	0	0	373	0	0	333	0	0	0	0	0.000	0.000	0	0	0	0	0	0	0	0	0	0	0	0	0
66	66	1826	997.995	400.392	233	531	601	341	79	222	867	415	222	63	345.078	517	450	424	395	375	350	328	306	271	226	124	217.517	312	268	255	244	235	223	209	195	178	159	110	0	0	0.000	0.000	0	0	0	0	0	0	0	0	0	0	0	0.000	0.000	0	0	0	0	0	0	0	0	0	0	0	0	0
67	67	1351	536.423	397.210	192	414	442	244	38	141	403	584	162	31	111.699	128	117	116	114	113	112	111	109	108	106	99	164.548	208	190	183	179	174	168	162	155	147	132	103	0	0	0.000	0.000	0	0	0	0	0	0	0	0	0	0	0	0.000	0.000	0	0	0	0	0	0	0	0	0	0	0	0	0
68	68	1762	1826.607	403.100	112	362	658	465	139	98	579	739	251	61	669.160	9847	706	639	602	570	537	504	461	406	317	154	169.653	1078	178	168	163	159	154	148	143	136	128	102	1	46	1819.476	403.153	0	0	0	4569	0	0	577	0	0	1	54	1820.032	403.039	0	0	0	4245	0	0	570	0	0	0	0	0	0
69	69	1100	1176.652	406.084	188	316	307	214	57	217	282	314	207	56	307.177	473	419	395	376	357	328	296	254	216	160	102	122.995	158	140	135	132	128	124	119	114	109	105	100	0	0	0.000	0.000	0	0	0	0	0	0	0	0	0	0	0	0.000	0.000	0	0	0	0	0	0	0	0	0	0	0	0	0
70	70	2163	491.380	426.525	287	562	806	441	34	266	739	823	255	30	1273.749	2038	1801	1670	1577	1473	1338	1220	1054	845	615	155	123.632	150	137	134	130	127	124	121	117	113	109	100	0	0	0.000	0.000	0	0	0	0	0	0	0	0	0	0	0	0.000	0.000	0	0	0	0	0	0	0	0	0	0	0	0	0
71	71	2018	1723.723	425.161	395	490	591	368	136	378	797	516	220	75	2197.863	3519	3127	2957	2811	2633	2445	2192	1757	1338	883	240	178.007	271	230	213	199	189	180	170	156	140	121	104	0	0	0.000	0.000	0	0	0	0	0	0	0	0	0	0	0	0.000	0.000	0	0	0	0	0	0	0	0	0	0	0	0	0
72	72	1861	615.908	429.194	246	290	646	496	146	166	278	936	326	125	761.274	1213	1042	940	882	841	793	730	666	588	436	172	120.595	144	130	127	125	123	121	119	117	114	110	100	0	0	0.000	0.000	0	0	0	0	0	0	0	0	0	0	0	0.000	0.000	0	0	0	0	0	0	0	0	0	0	0	0	0
73	73	2301	875.271	439.456	1600	600	35	17	14	1833	394	38	13	8	1997.153	27259	4007	772	355	242	204	187	176	163	143	109	1098.090	16215	1808	559	430	395	363	332	302	266	197	118	1	280	877.526	441.929	0	0	0	12589	0	0	4997	0	0	1	199	877.599	441.453	0	0	0	20685	0	0	7701	0	0	0	0	0	0
74	74	1899	1780.925	438.998	192	485	661	451	72	179	607	687	319	72	672.719	10083	695	621	590	562	525	491	447	368	288	135	175.780	957	193	182	177	170	163	157	150	140	126	105	1	55	1793.900	438.192	0	0	0	4745	0	0	551	0	0	1	57	1793.487	437.725	0	0	0	4264	0	0	549	0	0	0	0	0	0
75	75	1176	929.429	430.551	141	196	440	268	110	110	346	471	179	41	111.264	124	117	115	113	112	111	110	109	108	106	96	224.854	290	269	262	254	246	238	228	213	187	150	105	0	0	0.000	0.000	0	0	0	0	0	0	0	0	0	0	0	0.000	0.000	0	0	0	0	0	0	0	0	0	0	0	0	0
76	76	1667	1189.244	448.899	141	445	705	267	72	134	640	656	157	51	1933.169	22649	4409	1128	700	555	495	442	395	337	264	130	234.587	1767	415	188	157	146	141	136	132	127	120	102	1	205	1188.891	448.643	0	0	0	10949	0	0	756	0	0	1	178	1188.295	448.806	0	0	0	12639	0	0	890	0	0	0	0	0	0
77	77	1470	675.572	449.972	79	276	648	389	44	66	513	596	220	41	299.604	414	372	354	338	324	307	286	267	246	219	137	182.254	229	210	203	197	192	185	178	170	160	151	122	0	0	0.000	0.000	0	0	0	0	0	0	0	0	0	0	0	0.000	0.000	0	0	0	0	0	0	0	0	0	0	0	0	0
78	78	903	1235.215	443.565	144	194	255	226	68	136	301	289	133	35	156.844	199	181	174	169	165	159	154	147	139	128	107	333.962	505	450	425	407	383	354	317	277	235	183	123	0	0	0.000	0.000	0	0	0	0	0	0	0	0	0	0	0	0.000	0.000	0	0	0	0	0	0	0	0	0	0	0	0	0
79	79	1410	1923.384	450.741	353	718	280	24	14	342	738	242	45	16	296.243	1228	375	349	329	313	296	280	263	243	203	117	191.701	271	229	220	212	204	194	184	173	163	151	116	0	0	0.000	0.000	0	0	0	0	0	0	0	0	0	0	0	0.000	0.000	0	0	0	0	0	0	0	0	0	0	0	0	0
80	80	1653	445.502	467.688	573	848	163	35	15	301	818	416	60	12	119.857	255	137	129	124	120	115	111	108	106	105	98	561.048	10137	852	487	406	370	291	226	185	151	127	103	1	56	446.269	474.653	0	0	0	191	0	0	5442	0	0	1	74	447.030	474.179	0	0	0	173	0	0	4526	0	0	0	0	0	0
81	81	2714	721.393	464.462	723	994	704	202	34	1046	1055	460	88	11	117.621	142	128	124	122	119	118	115	113	111	107	99	2740.057	4809	4357	3899	3540	3186	2840	2514	2138	1561	923	169	0	0	0.000	0.000	0	0	0	0	0	0	0	0	0	0	0	0.000	0.000	0	0	0	0	0	0	0	0	0	0	0	0	0
82	82	2311	1011.595	453.277	345	808	741	370	19	350	1256	471	173	25	2831.040	31912	8727	1381	661	466	372	312	268	225	161	108	708.661	8549	1642	404	267	232	206	186	170	154	130	104	1	347	1009.842	454.202	0	0	0	16001	0	0	2819	0	0	1	267	1010.020	453.707	0	0	0	21601	0	0	4067	0	0	0	0	0	0
83	83	1864	560.636	460.677	210	338	837	355	99	173	359	935	283	79	684.946	1051	906	844	803	761	714	662	597	523	419	168	117.782	137	126	124	122	120	118	116	114	112	109	97	0	0	0.000	0.000	0	0	0	0	0	0	0	0	0	0	0	0.000	0.000	0	0	0	0	0	0	0	0	0	0	0	0	0
84	84	1339	199.461	475.063	183	351	447	297	39	143	409	436	278	54	108.815	122	114	112	111	110	109	108	107	105	104	99	146.945	192	167	162	158	153	148	144	139	133	124	105	0	0	0.000	0.000	0	0	0	0	0	0	0	0	0	0	0	0.000	0.000	0	0	0	0	0	0	0	0	0	0	0	0	0
85	85	1876	508.840	477.689	306	507	579	400	43	286	489	599	409	65	788.061	1170	1029	970	918	871	835	780	703	634	478	167	116.718	145	126	123	121	118	117	115	113	111	108	99	0	0	0.000	0.000	0	0	0	0	0	0	0	0	0	0	0	0.000	0.000	0	0	0	0	0	0	0	0	0	0	0	0	0
86	86	1909	907.575	491.497	202	356	860	397	59	213	501	771	334	63	1108.253	21108	1661	366	243	229	220	210	199	185	163	112	469.632	6990	611	288	264	246	232	217	200	181	156	105	1	149	909.013	499.437	0	0	0	9554	0	0	2688	0	0	1	123	909.393	499.227	0	0	0	12078	0	0	3234	0	0	0	0	0	0
87	87	1164	242.299	476.887	226	194	353	247	124	105	246	485	211	99	108.987	122	115	113	112	110	109	108	107	105	103	99	139.671	185	165	158	152	146	140	135	129	123	112	100	0	0	0.000	0.000	0	0	0	0	0	0	0	0	0	0	0	0.000	0.000	0	0	0	0	0	0	0	0	0	0	0	0	0
88	88	2018	1231.909	489.330	214	452	768	410	134	221	649	761	258	82	2188.628	28034	5379	959	401	245	199	179	168	158	142	107	1075.710	13407	2062	657	503	445	398	356	318	276	189	110	1	273	1234.872	490.215	0	0	0	13558	0	0	4206	0	0	1	199	1235.120	489.588	0	0	0	18609	0	0	6428	0	0	0	0	0	0
89	89	1276	153.340	486.811	98	327	503	270	52	116	465	445	168	48	110.570	123	116	114	113	112	111	109	108	107	105	100	162.151	209	191	184	178	169	160	154	149	142	134	107	0	0	0.000	0.000	0	0	0	0	0	0	0	0	0	0	0	0.000	0.000	0	0	0	0	0	0	0	0	0	0	0	0	0
90	90	1934	656.620	505.822	224	620	741	292	19	134	574	754	354	77	353.896	6249	410	357	325	295	273	252	236	215	186	111	179.494	894	213	196	185	175	167	162	155	149	138	104	1	35	647.047	494.850	0	0	0	2791	0	0	552	0	0	1	39	646.732	494.387	0	0	0	2230	0	0	534	0	0	0	0	0	0
91	91	1806	1000.161	505.568	145	685	618	290	27	68	515	839	258	79	603.296	1112	847	739	678	636	594	558	517	458	387	149	108.470	122	114	112	110	109	108	107	106	105	104	98	0	0	0.000	0.000	0	0	0	0	0	0	0	0	0	0	0	0.000	0.000	0	0	0	0	0	0	0	0	0	0	0	0	0
92	92	924	866.264	507.092	77	252	306	193	76	64	353	343	118	24	212.365	285	245	236	230	225	220	213	205	190	169	111	205.526	267	244	237	230	223	216	209	198	175	141	105	0	0	0.000	0.000	0	0	0	0	0	0	0	0	0	0	0	0.000	0.000	0	0	0	0	0	0	0	0	0	0	0	0	0
93	93	1337	572.388	509.857	132	178	511	317	180	138	245	627	217	83	203.469	276	247	237	227	216	206	196	186	175	155	110	176.851	232	210	201	193	187	180	172	164	155	139	103	0	0	0.000	0.000	0	0	0	0	0	0	0	0	0	0	0	0.000	0.000	0	0	0	0	0	0	0	0	0	0	0	0	0
94	94	1188	301.698	510.499	107	348	522	186	9	65	239	593	181	83	778.942	1175	1020	949	887	837	795	747	704	643	538	180	105.646	121	110	108	107	106	105	105	104	103	102	97	0	0	0.000	0.000	0	0	0	0	0	0	0	0	0	0	0	0.000	0.000	0	0	0	0	0	0	0	0	0	0	0	0	0
95	95	1544	441.932	518.655	236	594	511	155	17	189	659	471	171	22	642.098	15500	795	345	270	246	227	212	200	186	163	105	248.811	2564	291	227	212	201	190	179	168	154	137	107	1	74	446.391	526.125	0	0	0	6246	0	0	1202	0	0	1	64	446.329	525.909	0	0	0	7734	0	0	1275	0	0	0	0	0	0
96	96	2246	952.567	525.140	177	526	851	515	131	160	855	760	306	114	514.061	6232	611	546	506	473	448	422	393	349	274	133	225.070	744	290	265	245	230	217	205	194	181	158	117	1	42	955.435	513.839	0	0	0	3156	0	0	481	0	0	1	24	956.013	514.252	0	0	0	4651	0	0	609	0	0	0	0	0	0
97	97	1625	345.780	524.439	181	362	610	378	73	206	520	584	236	48	866.810	1549	1235	1131	1050	982	919	860	744	573	360	147	104.850	116	108	107	106	105	105	104	103	103	102	96	0	0	0.000	0.000	0	0	0	0	0	0	0	0	0	0	0	0.000	0.000	0	0	0	0	0	0	0	0	0	0	0	0	0
98	98	1480	189.322	524.307	284	428	429	251	56	298	727	331	89	15	119.547	638	125	120	117	115	114	112	110	108	105	98	161.760	320	192	183	174	169	163	158	151	139	119	101	1	26	192.369	530.060	0	0	0	299	0	0	248	0	0	0	0	0.000	0.000	0	0	0	0	0	0	0	0	0	0	0	0	0
99	99	1521	394.127	529.547	82	298	598	338	174	85	281	826	216	83	216.166	316	278	265	254	242	227	209	184	160	139	106	184.352	275	237	224	211	200	189	176	161	143	123	103	0	0	0.000	0.000	0	0	0	0	0	0	0	0	0	0	0	0.000	0.000	0	0	0	0	0	0	0	0	0	0	0	0	0
100	100	1504	266.023	536.177	138	426	570	307	38	121	604	531	174	41	274.425	2209	345	310	283	263	243	229	219	205	176	121	135.665	254	154	147	142	137	133	130	127	123	117	101	1	32	262.215	537.407	0	0	0	1050	0	0	150	0	0	1	13	257.499	535.441	0	0	0	399	0	0	223	0	0	0	0	0	0
101	101	1880	137.339	538.803	197	571	807	241	28	132	529	951	198	31	236.248	1494	289	268	254	242	230	218	205	190	162	114	178.105	275	214	203	195	188	180	171	163	154	139	108	1	20	149.353	547.867	0	0	0	860	0	0	232	0	0	0	0	0.000	0.000	0	0	0	0	0	0	0	0	0	0	0	0	0
102	102	2098	532.150	542.117	315	862	637	227	31	285	1188	410	164	19	607.708	16201	617	295	262	249	238	225	208	188	163	117	241.362	2363	277	224	212	203	194	185	176	164	143	108	1	81	540.815	548.568	0	0	0	7174	0	0	1155	0	0	1	77	541.127	548.165	0	0	0	7451	0	0	1228	0	0	0	0	0	0
103	103	1890	692.626	543.318	183	332	820	396	125	170	593	840	186	61	800.983	13814	945	524	488	463	430	399	367	317	244	113	375.329	2418	428	388	372	357	341	321	293	253	207	115	1	102	684.919	552.224	0	0	0	6252	0	0	1181	0	0	1	71	684.478	551.649	0	0	0	8135	0	0	1462	0	0	0	0	0	0
104	104	1150	1026.525	546.983	180	181	292	273	205	184	274	434	174	59	690.205	1070	967	899	836	772	718	675	604	492	336	133	107.306	121	112	110	109	108	107	106	105	105	103	99	0	0	0.000	0.000	0	0	0	0	0	0	0	0	0	0	0	0.000	0.000	0	0	0	0	0	0	0	0	0	0	0	0	0
105	105	664	854.967	543.539	40	272	250	81	7	52	322	202	63	12	175.569	220	198	192	187	182	178	173	169	163	150	116	182.241	225	206	199	194	190	186	181	176	167	153	116	0	0	0.000	0.000	0	0	0	0	0	0	0	0	0	0	0	0.000	0.000	0	0	0	0	0	0	0	0	0	0	0	0	0
106	106	1521	813.362	554.327	99	328	644	332	91	110	541	624	178	41	192.310	266	237	224	213	200	190	180	172	165	152	112	194.941	273	241	229	217	205	192	183	173	165	152	109	0	0	0.000	0.000	0	0	0	0	0	0	0	0	0	0	0	0.000	0.000	0	0	0	0	0	0	0	0	0	0	0	0	0
107	107	1493	897.881	556.922	408	454	344	158	97	364	565	309	177	50	414.116	818	687	589	500	427	377	350	329	275	165	113	114.026	133	122	119	117	116	114	112	111	109	107	99	0	0	0.000	0.000	0	0	0	0	0	0	0	0	0	0	0	0.000	0.000	0	0	0	0	0	0	0	0	0	0	0	0	0
108	108	1851	577.900	570.631	114	284	874	477	81	76	358	1038	288	63	301.297	2797	350	328	309	294	280	266	252	235	209	129	198.548	356	237	225	216	207	200	192	182	171	158	117	1	29	576.774	591.575	0	0	0	1402	0	0	227	0	0	0	0	0.000	0.000	0	0	0	0	0	0	0	0	0	0	0	0	0
109	109	1989	632.461	566.269	108	320	810	588	137	123	578	892	240	110	393.768	592	523	495	469	442	411	375	334	288	236	143	325.012	474	424	408	391	369	341	309	275	243	195	122	0	0	0.000	0.000	0	0	0	0	0	0	0	0	0	0	0	0.000	0.000	0	0	0	0	0	0	0	0	0	0	0	0	0
110	110	1758	227.711	564.781	151	463	569	443	103	124	542	643	291	128	1361.375	19285	2404	827	609	513	462	425	384	332	275	132	226.433	1753	346	193	170	160	153	146	138	131	123	102	1	140	231.343	561.336	0	0	0	9150	0	0	912	0	0	1	140	231.322	560.964	0	0	0	9150	0	0	912	0	0	0	0	0	0
111	111	1974	426.267	572.894	125	214	846	498	257	150	338	1030	359	63	261.721	2368	325	296	275	258	240	227	216	198	156	106	158.970	307	192	181	173	167	159	153	147	137	120	101	1	33	436.786	573.442	0	0	0	1101	0	0	205	0	0	0	0	0.000	0.000	0	0	0	0	0	0	0	0	0	0	0	0	0
112	112	1411	731.737	572.738	186	420	434	285	64	173	646	362	168	41	183.102	244	216	207	201	194	187	179	170	158	143	108	429.144	623	565	539	510	482	451	414	368	318	259	135	0	0	0.000	0.000	0	0	0	0	0	0	0	0	0	0	0	0.000	0.000	0	0	0	0	0	0	0	0	0	0	0	0	0
113	113	1243	1116.324	585.946	69	364	472	266	51	50	488	454	185	41	306.648	3714	339	314	300	288	278	267	253	229	201	129	223.275	713	260	249	240	231	223	215	204	191	168	108	0	0	0.000	0.000	0	0	0	0	0	0	0	0	0	1	14	1129.975	579.293	0	0	0	1352	0	0	564	0	0	0	0	0	0
114	114	2449	678.862	603.027	369	857	708	408	65	543	1167	496	185	17	1355.507	23830	1853	460	264	226	212	203	196	185	166	116	868.912	11987	1077	589	534	508	483	461	432	389	282	130	1	210	675.151	609.184	0	0	0	10944	0	0	4020	0	0	1	150	674.853	609.013	0	0	0	17287	0	0	6004	0	0	0	0	0	0
115	115	1589	269.510	599.780	237	282	600	354	79	209	218	776	218	138	440.963	728	638	590	549	507	469	427	357	274	192	105	153.223	205	187	180	173	166	159	149	137	122	109	99	0	0	0.000	0.000	0	0	0	0	0	0	0	0	0	0	0	0.000	0.000	0	0	0	0	0	0	0	0	0	0	0	0	0
116	116	1474	485.486	603.686	829	552	27	17	14	1178	233	20	14	9	635.788	8738	815	587	523	485	446	410	375	338	275	122	207.303	1359	249	211	196	186	178	171	164	154	140	103	1	55	478.751	609.438	0	0	0	4177	0	0	736	0	0	1	52	479.190	608.954	0	0	0	4177	0	0	772	0	0	0	0	0	0
117	117	1088	1038.301	607.481	116	176	461	254	57	103	191	528	204	42	107.874	122	112	111	110	109	108	107	106	105	104	99	142.175	177	163	158	153	149	145	141	135	127	114	97	0	0	0.000	0.000	0	0	0	0	0	0	0	0	0	0	0	0.000	0.000	0	0	0	0	0	0	0	0	0	0	0	0	0
118	118	1679	1509.798	619.205	102	318	528	490	210	167	624	594	230	38	1242.329	2197	1808	1604	1508	1357	1213	1100	993	902	728	168	108.564	124	114	112	110	109	108	107	106	105	104	98	0	0	0.000	0.000	0	0	0	0	0	0	0	0	0	0	0	0.000	0.000	0	0	0	0	0	0	0	0	0	0	0	0	0
119	119	1561	441.203	619.529	1052	418	26	17	17	1265	241	17	13	12	380.924	9085	411	270	241	229	222	215	205	190	159	105	181.238	771	211	194	185	179	173	168	162	150	127	104	1	48	428.508	618.089	0	0	0	3793	0	0	422	0	0	1	35	429.210	617.328	0	0	0	3823	0	0	524	0	0	0	0	0	0
120	120	651	595.589	614.247	53	121	164	188	107	57	143	203	165	69	214.802	304	264	241	230	223	217	212	201	186	165	119	167.528	226	194	185	179	175	171	166	158	146	135	110	0	0	0.000	0.000	0	0	0	0	0	0	0	0	0	0	0	0.000	0.000	0	0	0	0	0	0	0	0	0	0	0	0	0
121	121	2020	636.095	629.104	217	388	786	452	144	168	614	817	289	75	120.819	726	123	118	116	115	114	112	111	109	107	98	191.939	305	241	223	212	204	197	189	179	159	128	102	1	39	646.909	621.634	0	0	0	353	0	0	274	0	0	0	0	0.000	0.000	0	0	0	0	0	0	0	0	0	0	0	0	0
122	122	1711	731.023	631.929	203	506	606	301	71	227	588	654	176	38	406.891	10932	464	264	226	207	191	179	166	153	137	113	243.231	1445	311	276	252	233	217	201	188	173	153	113	1	56	735.688	633.610	0	0	0	4845	0	0	778	0	0	1	39	734.974	633.139	0	0	0	4989	0	0	922	0	0	0	0	0	0
123	123	2094	1092.383	635.019	269	546	752	401	82	215	596	915	243	86	924.937	12082	1212	1000	910	825	758	693	603	497	375	125	232.385	2794	275	229	213	201	191	179	166	150	132	103	1	48	1091.663	643.056	0	0	0	6495	0	0	1095	0	0	1	56	1092.920	642.887	0	0	0	5235	0	0	1317	0	0	0	0	0	0
124	124	1625	1559.443	631.937	256	302	503	387	138	225	512	584	212	55	767.654	10972	892	796	720	657	581	507	436	373	263	128	217.070	3174	244	175	164	158	150	143	135	127	115	101	1	54	1565.566	629.340	0	0	0	5078	0	0	1474	0	0	1	63	1564.580	628.639	0	0	0	3433	0	0	1398	0	0	0	0	0	0
125	125	2659	1837.575	650.044	482	1144	769	205	17	468	1244	620	235	32	1072.048	25179	1159	364	248	221	203	191	179	164	139	96	525.846	9641	584	354	319	295	277	254	228	204	163	106	1	166	1833.375	657.961	0	0	0	11879	0	0	3483	0	0	1	127	1833.195	657.000	0	0	0	13553	0	0	4531	0	0	0	0	0	0
126	126	1407	523.814	641.059	206	375	515	265	20	153	363	637	183	45	358.243	515	454	432	413	394	370	347	323	298	233	121	106.645	124	112	110	108	107	106	105	104	103	102	95	0	0	0.000	0.000	0	0	0	0	0	0	0	0	0	0	0	0.000	0.000	0	0	0	0	0	0	0	0	0	0	0	0	0
127	127	1851	1014.676	652.382	247	296	702	429	142	218	515	748	265	61	111.432	400	116	113	111	110	109	108	107	105	104	98	138.181	171	155	151	146	143	139	135	132	128	118	101	1	24	1021.018	657.172	0	0	0	227	0	0	153	0	0	0	0	0.000	0.000	0	0	0	0	0	0	0	0	0	0	0	0	0
128	128	1038	1477.619	651.347	214	288	248	189	76	173	306	258	201	81	1152.241	1884	1569	1442	1366	1294	1222	1143	1035	863	585	196	108.774	123	115	113	111	109	108	107	106	105	104	100	0	0	0.000	0.000	0	0	0	0	0	0	0	0	0	0	0	0.000	0.000	0	0	0	0	0	0	0	0	0	0	0	0	0
129	129	1503	1892.492	655.996	262	401	453	304	60	252	685	286	193	61	198.436	282	245	231	220	213	205	197	185	165	135	106	291.689	419	377	354	335	318	304	288	263	226	176	118	0	0	0.000	0.000	0	0	0	0	0	0	0	0	0	0	0	0.000	0.000	0	0	0	0	0	0	0	0	0	0	0	0	0
130	130	671	1370.122	653.665	52	123	204	158	122	47	199	209	142	62	270.159	393	345	324	307	290	276	263	247	222	177	118	163.031	212	194	185	178	170	165	160	153	142	126	106	0	0	0.000	0.000	0	0	0	0	0	0	0	0	0	0	0	0.000	0.000	0	0	0	0	0	0	0	0	0	0	0	0	0
131	131	1519	473.719	659.953	258	337	457	305	128	276	422	536	196	62	230.995	470	285	271	262	254	246	233	212	184	145	108	163.534	218	192	187	181	176	170	163	154	140	119	100	0	0	0.000	0.000	0	0	0	0	0	0	0	0	0	0	0	0.000	0.000	0	0	0	0	0	0	0	0	0	0	0	0	0
132	132	1952	1300.690	671.357	209	419	570	483	229	216	573	676	350	107	481.444	12513	558	273	232	214	198	179	161	146	128	104	327.276	2242	438	400	362	329	295	259	227	192	163	109	1	75	1297.289	658.317	0	0	0	5347	0	0	1026	0	0	1	49	1297.359	657.162	0	0	0	6517	0	0	1376	0	0	0	0	0	0
133	133	1933	82.331	679.925	220	431	794	371	95	182	476	888	256	91	261.935	1321	340	317	294	276	258	237	218	199	165	108	166.265	283	206	195	184	174	165	156	147	139	129	101	1	19	76.531	660.382	0	0	0	819	0	0	186	0	0	0	0	0.000	0.000	0	0	0	0	0	0	0	0	0	0	0	0	0
134	134	1517	1535.900	680.640	107	273	480	484	143	115	443	583	251	95	616.737	2443	792	742	695	659	623	579	525	476	370	186	152.050	457	170	163	159	155	150	146	141	134	122	103	0	0	0.000	0.000	0	0	0	0	0	0	0	0	0	1	21	1545.342	681.307	0	0	0	960	0	0	346	0	0	0	0	0	0
135	135	1829	1179.647	707.112	193	300	723	470	103	205	439	822	289	44	269.179	398	343	321	303	287	273	259	244	220	189	113	162.840	213	191	183	177	171	166	161	153	142	127	101	0	0	0.000	0.000	0	0	0	0	0	0	0	0	0	0	0	0.000	0.000	0	0	0	0	0	0	0	0	0	0	0	0	0
136	136	1983	1348.368	706.412	207	376	746	505	118	210	743	670	240	85	225.353	321	278	266	256	246	237	221	203	182	153	107	391.043	601	514	492	473	450	422	378	329	282	220	111	0	0	0.000	0.000	0	0	0	0	0	0	0	0	0	0	0	0.000	0.000	0	0	0	0	0	0	0	0	0	0	0	0	0
137	137	1437	1005.708	714.755	472	337	374	196	43	354	441	409	153	64	113.925	141	125	121	118	115	113	111	109	107	105	98	622.949	1394	1110	884	782	680	600	538	426	292	188	118	0	0	0.000	0.000	0	0	0	0	0	0	0	0	0	0	0	0.000	0.000	0	0	0	0	0	0	0	0	0	0	0	0	0
138	138	2025	1289.386	726.374	220	422	715	466	153	231	823	614	263	50	1256.262	16074	1580	1261	1065	927	799	706	601	503	394	167	210.310	2959	236	177	164	152	142	133	127	121	113	100	1	94	1292.181	719.954	0	0	0	8798	0	0	1014	0	0	1	81	1293.201	719.293	0	0	0	7453	0	0	1314	0	0	0	0	0	0
139	139	584	69.474	722.032	141	111	145	116	63	117	108	139	136	78	195.577	269	241	225	216	209	203	195	181	164	137	107	145.050	183	165	160	157	153	147	142	137	129	120	102	0	0	0.000	0.000	0	0	0	0	0	0	0	0	0	0	0	0.000	0.000	0	0	0	0	0	0	0	0	0	0	0	0	0
140	140	1346	1574.623	735.302	227	465	443	169	22	149	497	438	194	48	128.509	154	140	137	134	132	129	127	124	121	116	101	252.516	345	308	292	280	267	259	250	238	218	184	115	0	0	0.000	0.000	0	0	0	0	0	0	0	0	0	0	0	0.000	0.000	0	0	0	0	0	0	0	0	0	0	0	0	0
141	141	2120	1304.359	784.876	374	522	701	449	43	341	770	646	272	56	862.967	1316	1183	1104	1037	972	917	841	743	622	462	163	146.359	188	168	163	158	153	148	142	137	130	120	101	0	0	0.000	0.000	0	0	0	0	0	0	0	0	0	0	0	0.000	0.000	0	0	0	0	0	0	0	0	0	0	0	0	0
142	142	1692	1564.386	786.812	72	312	766	402	113	102	498	759	227	75	138.612	1115	145	139	136	133	131	129	127	124	119	107	251.947	368	317	295	279	267	253	238	224	210	188	118	1	26	1572.951	766.861	0	0	0	447	0	0	277	0	0	0	0	0.000	0.000	0	0	0	0	0	0	0	0	0	0	0	0	0
143	143	1437	866.242	785.300	414	464	357	148	25	325	516	413	135	32	109.908	130	118	115	113	111	109	108	106	105	103	97	328.290	629	519	456	404	352	317	283	242	199	157	109	0	0	0.000	0.000	0	0	0	0	0	0	0	0	0	0	0	0.000	0.000	0	0	0	0	0	0	0	0	0	0	0	0	0
144	144	1748	1611.390	795.452	274	415	556	380	99	242	530	587	269	94	303.270	646	398	369	340	320	301	284	271	250	201	116	267.580	399	339	317	301	288	272	259	245	227	182	116	0	0	0.000	0.000	0	0	0	0	0	0	0	0	0	0	0	0.000	0.000	0	0	0	0	0	0	0	0	0	0	0	0	0
145	145	1826	1083.908	816.009	286	419	531	399	170	293	603	587	233	67	292.583	3467	380	335	309	289	271	255	237	201	145	101	154.918	333	185	175	168	161	156	151	144	132	116	99	1	27	1083.288	803.426	0	0	0	1450	0	0	171	0	0	0	0	0.000	0.000	0	0	0	0	0	0	0	0	0	0	0	0	0
146	146	786	1288.179	831.066	153	221	249	127	22	127	269	267	86	25	382.300	515	470	444	419	405	392	377	352	327	283	159	124.595	143	133	131	129	127	125	123	121	119	115	104	0	0	0.000	0.000	0	0	0	0	0	0	0	0	0	0	0	0.000	0.000	0	0	0	0	0	0	0	0	0	0	0	0	0
147	147	1848	1728.420	840.379	217	334	647	501	122	157	417	678	446	109	358.590	2910	482	440	405	373	339	307	276	249	193	108	138.150	403	159	152	146	141	135	131	127	121	114	100	1	28	1724.356	839.130	0	0	0	1480	0	0	187	0	0	1	23	1725.270	836.147	0	0	0	574	0	0	276	0	0	0	0	0	0
148	148	1903	1569.792	842.004	346	495	569	425	36	326	761	509	230	42	1010.721	21507	1388	448	308	270	243	223	210	192	163	119	352.481	3352	459	319	292	269	254	242	225	200	165	112	1	116	1560.450	842.364	0	0	0	9904	0	0	1629	0	0	1	101	1560.339	841.712	0	0	0	10505	0	0	1732	0	0	0	0	0	0
149	149	1063	1480.975	864.511	197	375	280	182	16	173	510	216	126	20	132.170	1100	128	119	117	115	113	112	110	108	106	100	212.048	290	268	255	244	230	217	202	184	168	151	110	1	37	1470.992	875.157	0	0	0	493	0	0	227	0	0	0	0	0.000	0.000	0	0	0	0	0	0	0	0	0	0	0	0	0
150	150	1273	933.915	868.537	122	249	446	311	115	156	365	453	210	67	241.521	338	297	286	277	267	256	244	224	200	152	103	120.194	153	136	130	125	121	119	116	114	111	107	98	0	0	0.000	0.000	0	0	0	0	0	0	0	0	0	0	0	0.000	0.000	0	0	0	0	0	0	0	0	0	0	0	0	0
151	151	1879	376.650	893.326	265	332	713	444	89	220	378	849	264	131	614.672	5035	809	739	687	643	598	553	486	397	300	141	160.662	501	213	191	173	162	154	146	137	128	117	99	1	27	378.374	908.366	0	0	0	2821	0	0	205	0	0	1	24	379.906	904.406	0	0	0	1109	0	0	360	0	0	0	0	0	0
152	152	1722	1469.291	909.386	290	586	529	245	39	209	673	525	221	62	110.575	125	116	114	113	112	111	110	108	107	105	98	192.919	282	244	231	222	209	196	184	170	156	134	102	0	0	0.000	0.000	0	0	0	0	0	0	0	0	0	0	0	0.000	0.000	0	0	0	0	0	0	0	0	0	0	0	0	0
153	153	1273	1421.662	906.130	270	356	371	201	37	271	500	301	147	30	108.315	121	114	112	111	109	108	107	106	104	103	97	113.606	155	136	126	116	110	108	106	105	104	103	97	0	0	0.000	0.000	0	0	0	0	0	0	0	0	0	0	0	0.000	0.000	0	0	0	0	0	0	0	0	0	0	0	0	0
154	154	1816	908.042	912.533	241	473	511	398	159	290	670	497	256	73	295.268	426	375	357	341	325	308	290	265	234	189	112	122.202	155	136	131	127	124	122	119	116	113	110	100	0	0	0.000	0.000	0	0	0	0	0	0	0	0	0	0	0	0.000	0.000	0	0	0	0	0	0	0	0	0	0	0	0	0
155	155	1892	429.570	917.112	323	305	628	505	84	281	502	725	267	75	702.605	3515	983	924	873	796	713	617	527	441	329	155	163.545	364	209	191	181	171	161	151	141	132	121	102	0	0	0.000	0.000	0	0	0	0	0	0	0	0	0	0	0	0.000	0.000	0	0	0	0	0	0	0	0	0	0	0	0	0
156	156	1543	1099.470	911.794	314	331	403	410	68	311	489	417	249	49	1356.662	22068	2587	648	327	232	198	180	169	156	137	105	509.167	6976	819	343	260	229	215	203	191	172	141	105	1	137	1098.429	907.581	0	0	0	10078	0	0	2790	0	0	1	118	1098.606	907.267	0	0	0	12711	0	0	3307	0	0	0	0	0	0
157	157	2379	1150.757	948.875	313	394	818	600	208	334	583	938	356	120	189.195	6565	154	125	120	117	114	112	110	108	106	95	408.404	1409	534	499	469	447	424	395	346	297	246	128	1	42	1147.130	926.979	0	0	0	2807	0	0	827	0	0	0	0	0.000	0.000	0	0	0	0	0	0	0	0	0	0	0	0	0
158	158	1254	587.240	950.809	133	335	461	238	64	111	297	560	194	65	296.808	434	382	356	341	325	308	287	268	236	195	113	141.660	188	165	158	152	146	140	136	131	126	121	103	0	0	0.000	0.000	0	0	0	0	0	0	0	0	0	0	0	0.000	0.000	0	0	0	0	0	0	0	0	0	0	0	0	0
159	159	1942	805.303	977.498	204	401	809	364	119	182	489	865	254	97	246.856	3218	300	268	240	223	212	199	189	175	149	107	139.044	386	160	151	145	140	136	133	129	124	117	100	1	31	794.754	969.961	0	0	0	1506	0	0	220	0	0	1	20	795.945	968.236	0	0	0	963	0	0	293	0	0	0	0	0	0
160	160	2096	929.102	974.909	258	553	772	442	34	270	805	671	250	59	2630.426	4193	3667	3398	3173	2955	2753	2530	2262	1853	1349	486	174.936	241	211	202	192	184	175	169	161	150	136	106	0	0	0.000	0.000	0	0	0	0	0	0	0	0	0	0	0	0.000	0.000	0	0	0	0	0	0	0	0	0	0	0	0	0
161	161	1726	620.698	988.865	275	484	503	379	47	268	525	509	263	127	606.419	12097	755	515	448	402	365	333	302	262	209	125	171.497	1229	200	173	163	155	148	141	136	128	120	104	1	56	623.661	995.368	0	0	0	5648	0	0	461	0	0	1	62	624.483	995.034	0	0	0	4652	0	0	623	0	0	0	0	0	0
162	162	2485	1103.439	992.239	272	422	974	648	124	268	679	1052	335	100	113.243	132	120	118	116	115	113	112	110	108	106	96	467.573	710	634	609	584	548	494	433	376	319	261	141	0	0	0.000	0.000	0	0	0	0	0	0	0	0	0	0	0	0.000	0.000	0	0	0	0	0	0	0	0	0	0	0	0	0
163	163	1319	680.892	1020.725	163	241	461	300	119	148	341	599	159	38	321.218	515	443	403	381	362	341	322	290	233	149	104	158.723	212	190	182	173	166	160	154	148	138	122	101	0	0	0.000	0.000	0	0	0	0	0	0	0	0	0	0	0	0.000	0.000	0	0	0	0	0	0	0	0	0	0	0	0	0
164	164	2728	358.214	1055.155	585	656	1021	392	23	526	718	941	452	47	1860.822	9609	2518	2269	2078	1922	1773	1621	1460	1253	991	319	218.602	2159	234	213	204	195	186	177	166	155	139	104	1	42	352.238	1051.712	0	0	0	7291	0	0	969	0	0	1	82	350.063	1053.110	0	0	0	4400	0	0	1140	0	0	0	0	0	0
165	165	1274	903.389	1044.057	342	314	359	172	66	311	416	383	106	26	113.742	130	121	119	117	116	114	112	110	108	106	99	264.697	433	381	356	332	306	276	245	207	156	124	106	0	0	0.000	0.000	0	0	0	0	0	0	0	0	0	0	0	0.000	0.000	0	0	0	0	0	0	0	0	0	0	0	0	0
166	166	1654	1826.967	1056.737	729	771	106	9	5	426	883	267	40	4	187.204	2436	197	185	178	171	165	159	152	146	137	106	295.016	440	385	363	341	320	300	277	256	232	204	109	1	24	1843.632	1053.099	0	0	0	1118	0	0	288	0	0	0	0	0.000	0.000	0	0	0	0	0	0	0	0	0	0	0	0	0
167	167	1773	792.908	1048.934	215	566	623	316	27	161	541	693	267	71	258.499	1652	326	301	281	267	252	240	224	201	166	107	145.887	286	171	163	157	152	147	143	137	127	114	101	1	19	801.979	1051.386	0	0	0	792	0	0	190	0	0	0	0	0.000	0.000	0	0	0	0	0	0	0	0	0	0	0	0	0
168	168	2066	1182.348	1055.414	401	403	745	402	82	377	698	608	245	89	1289.484	2269	1890	1710	1562	1435	1325	1206	1052	869	651	141	182.974	273	227	214	204	195	186	175	164	153	134	102	0	0	0.000	0.000	0	0	0	0	0	0	0	0	0	0	0	0.000	0.000	0	0	0	0	0	0	0	0	0	0	0	0	0
169	169	1642	1315.111	1053.157	282	510	498	264	53	229	669	433	248	35	334.081	495	419	400	382	362	343	323	300	270	233	136	154.044	193	176	170	165	160	155	150	146	140	131	104	0	0	0.000	0.000	0	0	0	0	0	0	0	0	0	0	0	0.000	0.000	0	0	0	0	0	0	0	0	0	0	0	0	0
170	170	1651	705.508	1061.706	284	477	456	344	54	370	492	449	259	53	660.265	12083	725	471	435	411	390	368	338	297	229	110	206.960	1492	221	198	189	183	177	171	165	156	139	105	1	73	708.442	1049.279	0	0	0	5318	0	0	575	0	0	1	63	709.197	1048.804	0	0	0	5280	0	0	851	0	0	0	0	0	0
171	171	1421	849.308	1062.579	125	223	537	403	109	143	399	548	210	93	226.935	2353	260	241	227	217	204	192	177	161	146	109	127.637	214	140	137	134	131	128	124	121	117	113	101	1	33	866.009	1055.121	0	0	0	950	0	0	148	0	0	0	0	0.000	0.000	0	0	0	0	0	0	0	0	0	0	0	0	0
172	172	1770	977.506	1077.028	134	395	759	397	51	166	385	813	270	110	272.123	391	344	330	316	302	287	271	247	216	170	103	192.931	259	232	224	216	208	200	190	177	161	143	105	0	0	0.000	0.000	0	0	0	0	0	0	0	0	0	0	0	0.000	0.000	0	0	0	0	0	0	0	0	0	0	0	0	0
173	173	2042	1531.431	1074.940	1008	877	71	30	13	780	1058	128	29	11	106.411	123	113	110	108	107	105	104	104	103	102	94	134.885	201	165	159	151	142	134	125	117	111	106	97	0	0	0.000	0.000	0	0	0	0	0	0	0	0	0	0	0	0.000	0.000	0	0	0	0	0	0	0	0	0	0	0	0	0
174	174	1739	1355.305	1086.634	315	681	578	119	14	245	723	468	255	16	324.108	480	408	381	361	343	329	313	294	273	231	120	154.757	198	178	171	166	161	155	150	145	139	131	106	0	0	0.000	0.000	0	0	0	0	0	0	0	0	0	0	0	0.000	0.000	0	0	0	0	0	0	0	0	0	0	0	0	0
175	175	2598	399.636	1104.445	528	1271	696	54	19	564	1470	434	75	16	2332.106	23988	3067	2394	1967	1674	1481	1310	1141	984	663	186	345.782	6653	368	218	189	173	163	153	145	136	124	102	1	155	392.071	1104.925	0	0	0	13949	0	0	2501	0	0	1	126	392.113	1104.972	0	0	0	16693	0	0	2996	0	0	0	0	0	0
176	176	2042	1860.008	1097.462	322	623	611	391	55	203	653	672	368	108	213.154	5448	204	178	166	159	153	147	141	135	125	101	251.457	558	328	304	286	269	254	238	220	202	166	104	1	43	1854.005	1083.388	0	0	0	2026	0	0	299	0	0	0	0	0.000	0.000	0	0	0	0	0	0	0	0	0	0	0	0	0
177	177	981	879.469	1094.271	142	185	355	237	40	125	242	411	149	41	218.923	310	277	263	250	235	222	212	196	173	150	116	132.371	165	150	146	142	138	134	130	126	118	110	96	0	0	0.000	0.000	0	0	0	0	0	0	0	0	0	0	0	0.000	0.000	0	0	0	0	0	0	0	0	0	0	0	0	0
178	178	1252	1806.016	1098.930	185	322	321	300	95	174	376	344	262	63	145.839	175	160	156	152	149	147	144	140	137	130	106	235.623	315	278	268	258	250	243	235	225	210	178	111	0	0	0.000	0.000	0	0	0	0	0	0	0	0	0	0	0	0.000	0.000	0	0	0	0	0	0	0	0	0	0	0	0	0
179	179	1650	944.176	1110.746	242	398	493	363	123	242	871	300	185	31	1022.899	17502	1565	434	314	279	261	249	240	224	189	117	304.557	3927	383	218	203	193	183	174	167	158	139	106	1	126	952.240	1107.386	0	0	0	8360	0	0	1059	0	0	1	93	953.114	1108.083	0	0	0	11433	0	0	1906	0	0	0	0	0	0
180	180	2008	1310.599	1124.844	112	573	713	449	120	168	825	639	261	74	109.187	248	114	111	110	109	108	107	106	105	104	97	169.031	223	197	189	183	178	173	167	160	150	132	107	1	19	1317.990	1131.481	0	0	0	164	0	0	197	0	0	0	0	0.000	0.000	0	0	0	0	0	0	0	0	0	0	0	0	0
181	181	1936	1446.832	1131.612	277	598	651	321	60	226	889	479	239	68	115.975	138	125	122	120	118	116	114	112	110	107	100	110.558	149	128	118	111	108	106	105	104	103	102	97	0	0	0.000	0.000	0	0	0	0	0	0	0	0	0	0	0	0.000	0.000	0	0	0	0	0	0	0	0	0	0	0	0	0
182	182	1755	885.247	1142.133	170	612	627	282	30	180	802	484	207	60	199.957	294	250	234	222	211	200	190	179	166	148	106	132.880	169	150	145	141	137	133	129	125	121	116	100	0	0	0.000	0.000	0	0	0	0	0	0	0	0	0	0	0	0.000	0.000	0	0	0	0	0	0	0	0	0	0	0	0	0
183	183	1694	1625.078	1147.761	172	580	547	318	54	63	681	593	280	39	237.589	334	292	276	262	250	239	227	217	204	181	108	150.885	190	171	165	161	156	151	147	142	137	129	106	0	0	0.000	0.000	0	0	0	0	0	0	0	0	0	0	0	0.000	0.000	0	0	0	0	0	0	0	0	0	0	0	0	0
184	184	1597	1810.952	1146.449	628	817	70	28	23	752	739	50	21	15	256.698	761	313	297	283	271	258	244	229	211	183	128	142.339	180	160	155	151	146	143	139	135	130	124	107	0	0	0.000	0.000	0	0	0	0	0	0	0	0	0	0	0	0.000	0.000	0	0	0	0	0	0	0	0	0	0	0	0	0
185	185	1286	1365.915	1149.944	159	388	446	265	11	120	468	360	238	66	109.825	121	114	113	112	111	110	109	108	107	105	98	176.436	237	208	200	193	186	179	172	163	155	140	107	0	0	0.000	0.000	0	0	0	0	0	0	0	0	0	0	0	0.000	0.000	0	0	0	0	0	0	0	0	0	0	0	0	0
186	186	2040	1506.421	1160.574	296	382	662	483	175	289	738	585	255	129	340.137	515	439	412	391	373	353	327	305	269	210	136	248.395	362	318	300	286	269	252	236	222	201	168	109	0	0	0.000	0.000	0	0	0	0	0	0	0	0	0	0	0	0.000	0.000	0	0	0	0	0	0	0	0	0	0	0	0	0
187	187	983	929.578	1162.634	104	218	280	224	144	125	366	286	153	31	171.332	238	207	198	191	184	176	167	157	145	125	100	127.415	155	142	139	136	132	129	125	121	116	110	99	0	0	0.000	0.000	0	0	0	0	0	0	0	0	0	0	0	0.000	0.000	0	0	0	0	0	0	0	0	0	0	0	0	0
188	188	1963	1418.227	1177.639	317	489	692	373	52	300	853	496	259	17	117.873	141	128	125	123	120	118	116	113	111	107	97	108.666	145	123	113	108	106	105	105	104	103	102	95	0	0	0.000	0.000	0	0	0	0	0	0	0	0	0	1	341	1409.953	1175.310	0	0	0	127	0	0	123	0	0	0	0	0	0
189	189	1443	1862.413	1179.039	210	417	405	261	121	134	438	454	267	121	970.450	1782	1525	1308	1161	1071	983	880	742	610	472	130	109.505	126	116	113	112	110	109	108	107	106	104	95	0	0	0.000	0.000	0	0	0	0	0	0	0	0	0	0	0	0.000	0.000	0	0	0	0	0	0	0	0	0	0	0	0	0
190	190	2429	1731.001	1204.679	474	1047	744	91	29	501	1175	641	49	21	111.061	125	117	115	114	112	111	110	108	107	105	95	338.328	584	494	450	409	370	335	298	265	234	193	112	0	0	0.000	0.000	0	0	0	0	0	0	0	0	0	0	0	0.000	0.000	0	0	0	0	0	0	0	0	0	0	0	0	0
191	191	872	1286.619	1195.603	98	167	248	269	74	122	329	218	147	37	263.554	396	351	327	305	286	269	250	232	206	164	112	162.224	207	191	183	178	171	164	156	149	141	129	110	0	0	0.000	0.000	0	0	0	0	0	0	0	0	0	0	0	0.000	0.000	0	0	0	0	0	0	0	0	0	0	0	0	0
192	192	1827	1624.477	1205.781	190	537	641	365	62	180	774	507	280	50	329.946	7167	339	272	250	234	224	215	204	189	160	106	157.620	1032	171	161	154	149	146	142	139	132	121	103	1	44	1619.028	1214.188	0	0	0	3191	0	0	491	0	0	1	42	1619.456	1213.443	0	0	0	2829	0	0	565	0	0	0	0	0	0
193	193	2119	1474.978	1210.385	346	736	650	324	22	216	644	722	326	165	403.617	5643	472	403	367	344	327	312	296	273	221	127	249.839	869	311	291	277	263	251	233	217	198	168	111	1	44	1487.448	1215.183	0	0	0	2760	0	0	542	0	0	1	19	1486.791	1214.746	0	0	0	3084	0	0	677	0	0	0	0	0	0
194	194	1791	289.493	1228.505	197	308	570	491	189	212	522	731	243	47	854.610	13664	1045	650	600	547	500	456	406	337	246	129	165.080	1249	182	149	144	139	134	130	125	120	114	100	1	82	294.104	1237.455	0	0	0	7014	0	0	655	0	0	1	87	294.125	1237.568	0	0	0	6501	0	0	651	0	0	0	0	0	0
195	195	1790	1239.024	1228.354	430	607	544	141	23	422	771	393	138	28	117.173	243	126	123	120	118	116	114	113	110	107	99	411.269	698	588	546	503	460	411	375	334	280	222	118	1	14	1246.761	1247.218	0	0	0	194	0	0	409	0	0	0	0	0.000	0.000	0	0	0	0	0	0	0	0	0	0	0	0	0
196	196	1468	1912.490	1222.023	357	610	443	26	8	167	493	458	263	52	1358.544	2086	1944	1836	1727	1629	1495	1303	1084	828	572	238	109.087	140	117	113	110	109	108	107	105	104	103	98	0	0	0.000	0.000	0	0	0	0	0	0	0	0	0	0	0	0.000	0.000	0	0	0	0	0	0	0	0	0	0	0	0	0
197	197	990	981.185	1220.360	222	370	270	104	12	173	367	284	125	26	528.977	817	705	664	621	568	531	494	469	430	329	155	107.704	121	114	112	110	109	107	106	105	104	102	98	0	0	0.000	0.000	0	0	0	0	0	0	0	0	0	0	0	0.000	0.000	0	0	0	0	0	0	0	0	0	0	0	0	0
198	198	1909	1861.787	1230.552	314	648	626	268	13	264	563	525	339	179	1113.513	2058	1609	1447	1310	1179	1077	983	884	813	678	312	115.427	159	139	127	117	112	110	108	107	105	104	97	0	0	0.000	0.000	0	0	0	0	0	0	0	0	0	0	0	0.000	0.000	0	0	0	0	0	0	0	0	0	0	0	0	0
199	199	979	1281.455	1248.604	98	273	270	244	71	90	376	270	172	53	642.517	926	793	752	722	691	664	637	602	545	442	235	139.333	164	152	149	146	143	141	138	135	129	124	109	0	0	0.000	0.000	0	0	0	0	0	0	0	0	0	0	0	0.000	0.000	0	0	0	0	0	0	0	0	0	0	0	0	0
200	200	1346	950.967	1253.794	182	399	478	241	19	176	447	434	191	69	556.310	883	764	703	655	608	568	526	477	426	331	160	108.491	132	117	113	110	108	107	106	105	104	103	98	0	0	0.000	0.000	0	0	0	0	0	0	0	0	0	0	0	0.000	0.000	0	0	0	0	0	0	0	0	0	0	0	0	0
201	201	1985	1646.943	1266.650	188	616	659	378	112	176	882	577	252	55	191.744	2836	211	191	180	172	166	161	157	151	141	112	154.580	540	177	167	160	154	150	146	142	137	130	108	1	24	1649.264	1248.795	0	0	0	1431	0	0	254	0	0	1	24	1650.314	1248.487	0	0	0	850	0	0	351	0	0	0	0	0	0
202	202	1568	1243.017	1286.013	159	558	484	289	54	175	730	341	213	73	947.912	10263	1220	1046	909	814	750	683	610	539	445	196	153.499	770	172	157	150	144	139	135	131	127	120	104	1	42	1243.124	1292.009	0	0	0	6030	0	0	506	0	0	1	55	1242.836	1292.362	0	0	0	4673	0	0	410	0	0	0	0	0	0
203	203	1898	1915.678	1296.932	276	656	679	216	31	203	549	659	376	79	241.002	352	304	288	276	261	249	235	217	196	163	108	166.444	224	195	187	181	175	170	164	157	147	130	102	0	0	0.000	0.000	0	0	0	0	0	0	0	0	0	0	0	0.000	0.000	0	0	0	0	0	0	0	0	0	0	0	0	0
204	204	1083	918.873	1304.506	127	231	420	247	36	142	336	337	172	76	109.451	123	115	113	112	110	109	108	107	106	104	97	165.183	215	189	183	178	172	167	162	154	148	137	113	0	0	0.000	0.000	0	0	0	0	0	0	0	0	0	0	0	0.000	0.000	0	0	0	0	0	0	0	0	0	0	0	0	0
205	205	2121	867.937	1312.980	214	536	652	475	205	267	992	530	239	43	137.898	2807	124	117	115	113	112	110	109	108	106	98	178.860	379	214	203	194	187	180	172	164	154	140	107	1	32	872.618	1307.276	0	0	0	1112	0	0	249	0	0	0	0	0.000	0.000	0	0	0	0	0	0	0	0	0	0	0	0	0
206	206	1681	1271.108	1329.527	164	466	511	369	135	159	578	535	270	103	1662.412	22115	3679	896	477	335	275	250	225	198	171	127	433.864	3959	772	376	292	262	239	219	199	174	153	116	1	195	1271.017	1332.229	0	0	0	10209	0	0	1646	0	0	1	151	1271.259	1332.174	0	0	0	14005	0	0	2094	0	0	0	0	0	0
207	207	1396	728.767	1360.769	182	542	461	153	25	146	350	591	198	78	399.142	595	508	474	447	430	413	391	368	336	263	132	167.637	218	196	189	183	176	171	165	158	149	131	105	0	0	0.000	0.000	0	0	0	0	0	0	0	0	0	0	0	0.000	0.000	0	0	0	0	0	0	0	0	0	0	0	0	0
208	208	1897	451.731	1367.506	175	626	710	314	30	131	731	688	259	57	112.049	204	118	116	114	113	112	110	109	108	106	99	199.978	270	237	228	220	214	207	199	187	171	150	107	1	16	429.536	1363.130	0	0	0	154	0	0	205	0	0	0	0	0.000	0.000	0	0	0	0	0	0	0	0	0	0	0	0	0
209	209	1638	761.270	1407.035	287	604	469	233	18	222	528	526	254	76	500.603	6605	546	497	470	445	421	397	368	321	242	127	187.775	1303	208	191	182	177	172	166	160	150	136	106	1	44	754.379	1408.778	0	0	0	3131	0	0	307	0	0	1	39	756.861	1407.479	0	0	0	1038	0	0	699	0	0	0	0	0	0
210	210	1681	1918.458	1405.027	239	660	678	54	11	128	316	719	393	101	118.396	658	124	120	118	116	114	112	110	108	106	98	232.865	378	308	281	261	245	232	219	203	185	159	116	1	19	1907.913	1393.715	0	0	0	331	0	0	226	0	0	0	0	0.000	0.000	0	0	0	0	0	0	0	0	0	0	0	0	0
211	211	1776	1074.667	1418.408	156	426	673	414	76	148	532	720	281	58	117.061	136	126	123	121	119	117	115	113	111	108	100	185.037	261	231	217	204	193	185	175	166	156	139	108	0	0	0.000	0.000	0	0	0	0	0	0	0	0	0	0	0	0.000	0.000	0	0	0	0	0	0	0	0	0	0	0	0	0
212	212	1929	1552.606	1428.642	317	677	648	237	18	227	651	675	244	92	631.719	15669	655	405	363	338	318	297	276	249	198	124	375.106	1999	468	417	391	370	355	336	316	282	221	143	1	67	1540.170	1439.031	0	0	0	6825	0	0	1125	0	0	1	46	1540.453	1437.993	0	0	0	7013	0	0	1380	0	0	0	0	0	0
213	213	1841	1125.996	1427.205	276	449	575	372	134	301	678	529	229	73	437.144	15746	442	200	153	135	127	121	117	114	110	102	216.245	1812	246	223	213	206	196	184	171	158	138	111	1	51	1124.245	1420.728	0	0	0	6874	0	0	889	0	0	1	44	1124.783	1421.104	0	0	0	8207	0	0	969	0	0	0	0	0	0
214	214	1855	1307.301	1438.213	326	525	668	272	27	257	660	587	270	41	481.436	701	626	598	570	536	501	465	423	375	299	128	109.381	140	119	114	111	109	108	106	105	104	103	97	0	0	0.000	0.000	0	0	0	0	0	0	0	0	0	0	0	0.000	0.000	0	0	0	0	0	0	0	0	0	0	0	0	0
215	215	1465	1800.519	1435.695	211	424	501	257	47	197	533	421	239	55	404.629	599	529	501	471	443	406	376	350	319	270	158	105.527	122	110	108	107	106	105	105	104	103	102	96	0	0	0.000	0.000	0	0	0	0	0	0	0	0	0	0	0	0.000	0.000	0	0	0	0	0	0	0	0	0	0	0	0	0
216	216	1552	1934.743	1456.693	158	488	474	318	84	122	618	422	282	81	370.439	564	491	451	415	385	359	341	320	303	275	135	116.503	140	126	123	120	119	116	114	112	110	108	100	0	0	0.000	0.000	0	0	0	0	0	0	0	0	0	0	0	0.000	0.000	0	0	0	0	0	0	0	0	0	0	0	0	0
217	217	2584	1750.251	1457.971	539	907	787	270	36	337	615	934	438	216	141.682	545	157	152	148	145	142	137	132	127	120	104	343.270	515	454	426	407	390	363	324	285	249	212	127	1	14	1759.856	1472.059	0	0	0	370	0	0	441	0	0	0	0	0.000	0.000	0	0	0	0	0	0	0	0	0	0	0	0	0
218	218	905	1890.719	1450.942	398	343	98	33	18	339	303	175	53	17	141.947	204	168	158	152	146	141	136	130	124	117	103	1416.403	3252	2326	1931	1757	1570	1393	1227	1027	799	548	262	0	0	0.000	0.000	0	0	0	0	0	0	0	0	0	0	0	0.000	0.000	0	0	0	0	0	0	0	0	0	0	0	0	0
219	219	2599	1840.534	1477.618	421	1011	832	251	37	508	1257	617	161	12	350.885	614	483	443	414	388	358	324	293	259	201	120	109.245	132	116	113	111	110	108	107	106	105	104	98	0	0	0.000	0.000	0	0	0	0	0	0	0	0	0	0	0	0.000	0.000	0	0	0	0	0	0	0	0	0	0	0	0	0
220	220	1906	1532.224	1480.136	166	536	718	404	39	140	520	751	340	107	396.673	590	520	489	463	437	409	381	345	300	252	145	483.435	729	655	615	580	541	496	456	412	348	282	151	0	0	0.000	0.000	0	0	0	0	0	0	0	0	0	0	0	0.000	0.000	0	0	0	0	0	0	0	0	0	0	0	0	0
221	221	1234	965.051	1478.609	241	332	340	233	67	240	397	329	178	58	109.452	124	115	113	112	111	109	108	107	106	104	99	156.913	218	193	181	173	165	157	150	142	133	122	104	0	0	0.000	0.000	0	0	0	0	0	0	0	0	0	0	0	0.000	0.000	0	0	0	0	0	0	0	0	0	0	0	0	0
222	222	2635	1698.986	1494.659	641	1014	761	154	25	611	1250	614	101	13	531.973	13012	501	221	179	162	152	143	134	127	118	101	349.198	2430	423	389	368	352	332	301	265	225	173	110	1	129	1689.514	1490.158	0	0	0	6233	0	0	955	0	0	1	74	1690.304	1490.016	0	0	0	10746	0	0	1511	0	0	0	0	0	0
223	223	1638	1893.428	1494.878	267	455	497	331	59	274	616	510	198	18	110.748	124	116	115	113	112	111	110	109	107	105	99	222.283	335	287	272	254	236	220	208	196	184	153	111	0	0	0.000	0.000	0	0	0	0	0	0	0	0	0	0	0	0.000	0.000	0	0	0	0	0	0	0	0	0	0	0	0	0
224	224	1563	312.419	1507.401	232	415	549	303	30	142	538	591	190	61	659.413	14278	892	344	253	232	217	204	189	174	153	110	231.397	1641	276	230	218	205	192	178	165	154	142	115	1	86	303.556	1499.600	0	0	0	5931	0	0	810	0	0	1	72	303.456	1499.887	0	0	0	7340	0	0	909	0	0	0	0	0	0
225	225	673	991.253	1507.006	86	270	202	83	24	100	362	169	19	10	269.196	366	330	312	297	284	275	263	248	231	204	122	144.746	182	162	156	152	148	146	142	138	133	127	111	0	0	0.000	0.000	0	0	0	0	0	0	0	0	0	0	0	0.000	0.000	0	0	0	0	0	0	0	0	0	0	0	0	0
226	226	1017	1308.618	1508.368	436	320	181	54	13	387	299	239	74	5	813.200	1481	1213	1094	1016	938	848	755	677	501	306	151	121.679	150	137	133	129	126	122	119	114	108	105	100	0	0	0.000	0.000	0	0	0	0	0	0	0	0	0	0	0	0.000	0.000	0	0	0	0	0	0	0	0	0	0	0	0	0
227	227	1745	1501.157	1522.175	327	602	592	183	15	202	477	598	406	29	646.881	1050	882	789	729	692	653	616	568	509	408	178	143.124	183	164	157	152	148	144	139	135	130	120	104	0	0	0.000	0.000	0	0	0	0	0	0	0	0	0	0	0	0.000	0.000	0	0	0	0	0	0	0	0	0	0	0	0	0
228	228	1533	386.099	1522.903	284	347	424	341	104	243	380	457	372	55	379.877	557	498	465	437	412	382	359	339	303	246	146	133.767	175	153	144	140	136	133	129	126	122	117	106	0	0	0.000	0.000	0	0	0	0	0	0	0	0	0	0	0	0.000	0.000	0	0	0	0	0	0	0	0	0	0	0	0	0
229	229	1838	873.479	1526.808	233	486	672	355	43	183	535	711	290	89	431.838	5224	541	458	430	404	386	360	325	284	237	130	174.995	596	202	189	183	177	172	165	158	149	136	107	1	33	865.302	1528.167	0	0	0	2621	0	0	415	0	0	1	31	865.523	1528.266	0	0	0	2666	0	0	423	0	0	0	0	0	0
230	230	573	1363.113	1526.599	134	213	168	39	7	56	152	163	132	49	108.466	120	114	112	111	109	108	107	106	105	103	99	215.518	345	303	281	256	241	218	201	177	139	120	105	0	0	0.000	0.000	0	0	0	0	0	0	0	0	0	0	0	0.000	0.000	0	0	0	0	0	0	0	0	0	0	0	0	0
231	231	1613	962.359	1537.700	283	515	543	192	48	225	630	487	202	41	435.619	8727	480	342	317	300	288	272	255	232	201	131	173.131	1682	188	165	156	151	146	142	137	132	125	108	1	42	966.648	1539.666	0	0	0	4024	0	0	820	0	0	1	44	966.639	1539.607	0	0	0	3957	0	0	814	0	0	0	0	0	0
232	232	992	1617.465	1528.771	237	226	289	198	27	199	299	283	164	34	117.375	207	127	123	120	117	115	114	112	110	108	101	110.346	136	122	116	111	109	108	107	106	105	104	98	0	0	0.000	0.000	0	0	0	0	0	0	0	0	0	0	0	0.000	0.000	0	0	0	0	0	0	0	0	0	0	0	0	0
233	233	1745	540.400	1546.802	166	468	740	310	27	130	548	702	230	90	108.941	229	113	111	110	109	108	107	106	105	104	95	161.283	216	187	178	172	166	161	155	151	145	137	113	1	23	540.869	1565.635	0	0	0	153	0	0	162	0	0	0	0	0.000	0.000	0	0	0	0	0	0	0	0	0	0	0	0	0
234	234	2039	341.346	1551.314	228	380	831	489	72	214	577	863	296	43	613.217	10599	697	530	488	458	431	406	378	324	252	122	160.775	1375	168	151	146	142	139	134	130	124	117	102	1	60	331.047	1547.695	0	0	0	5291	0	0	588	0	0	1	63	331.663	1546.705	0	0	0	3783	0	0	720	0	0	0	0	0	0
235	235	1663	1098.982	1557.463	147	338	592	444	101	108	386	754	280	113	327.688	519	430	397	376	360	341	323	295	254	195	121	152.340	210	178	172	167	161	155	150	142	132	118	103	0	0	0.000	0.000	0	0	0	0	0	0	0	0	0	0	0	0.000	0.000	0	0	0	0	0	0	0	0	0	0	0	0	0
236	236	999	584.496	1562.394	180	281	317	187	14	128	197	424	158	67	108.305	188	114	111	109	108	107	106	105	104	102	97	157.090	205	183	176	171	166	161	155	147	137	124	105	1	27	583.149	1549.784	0	0	0	147	0	0	163	0	0	0	0	0.000	0.000	0	0	0	0	0	0	0	0	0	0	0	0	0
237	237	675	1708.417	1557.407	86	174	160	174	66	80	169	173	177	57	254.084	352	306	294	286	276	265	249	229	209	186	137	330.182	502	435	412	382	356	335	313	288	258	215	129	0	0	0.000	0.000	0	0	0	0	0	0	0	0	0	0	0	0.000	0.000	0	0	0	0	0	0	0	0	0	0	0	0	0
238	238	1975	920.681	1563.603	1590	274	50	28	14	1518	342	37	28	27	941.867	18524	1242	489	341	282	245	220	198	174	144	102	436.990	8834	569	269	223	198	184	170	156	142	124	103	1	128	920.509	1561.231	0	0	0	8855	0	0	2958	0	0	1	98	920.827	1560.688	0	0	0	11075	0	0	3723	0	0	0	0	0	0
239	239	1813	304.836	1593.358	319	763	560	130	15	193	687	588	277	28	905.453	15272	1243	596	448	384	356	337	314	272	220	110	214.389	2917	259	164	146	138	133	128	124	120	115	103	1	110	308.469	1592.127	0	0	0	7032	0	0	1077	0	0	1	86	308.462	1591.501	0	0	0	8535	0	0	1360	0	0	0	0	0	0
240	240	1134	957.526	1597.034	195	269	311	274	61	175	342	386	175	40	252.544	1341	318	293	279	263	245	231	215	199	171	117	184.151	349	223	209	201	194	184	176	168	157	139	112	1	13	948.832	1609.145	0	0	0	881	0	0	272	0	0	0	0	0.000	0.000	0	0	0	0	0	0	0	0	0	0	0	0	0
241	241	1726	564.247	1606.543	179	379	625	415	84	153	537	659	286	48	106.588	119	111	109	108	107	106	106	105	104	103	97	154.487	201	180	172	167	161	155	149	143	136	128	108	0	0	0.000	0.000	0	0	0	0	0	0	0	0	0	0	0	0.000	0.000	0	0	0	0	0	0	0	0	0	0	0	0	0
242	242	1999	757.060	1605.627	149	490	763	449	112	209	815	640	249	44	734.608	12122	768	670	616	575	534	493	447	392	303	127	210.098	2250	222	197	187	179	172	165	157	148	133	107	1	58	762.194	1592.454	0	0	0	5977	0	0	1213	0	0	1	61	762.383	1592.646	0	0	0	5763	0	0	1153	0	0	0	0	0	0
243	243	1812	249.620	1621.118	177	320	641	474	164	131	482	794	310	52	186.375	1526	202	190	183	177	171	164	158	150	141	113	153.573	837	169	160	155	151	146	141	137	132	125	105	1	29	258.764	1612.565	0	0	0	844	0	0	369	0	0	1	36	259.473	1610.848	0	0	0	368	0	0	437	0	0	0	0	0	0
244	244	1751	194.115	1629.474	141	296	605	501	184	134	483	642	321	137	181.648	1403	215	192	183	177	171	166	159	149	132	104	148.198	748	168	157	150	146	142	139	134	128	113	100	1	27	191.225	1644.024	0	0	0	621	0	0	343	0	0	1	35	191.498	1642.190	0	0	0	309	0	0	401	0	0	0	0	0	0
245	245	1222	804.179	1624.844	158	311	408	269	55	136	278	464	221	97	417.160	667	562	531	501	469	443	418	379	301	189	113	149.577	201	175	167	160	156	151	147	142	131	118	101	0	0	0.000	0.000	0	0	0	0	0	0	0	0	0	0	0	0.000	0.000	0	0	0	0	0	0	0	0	0	0	0	0	0
246	246	1268	309.549	1642.878	209	304	396	278	62	188	477	348	188	39	321.901	515	426	397	373	355	335	310	281	249	192	119	129.375	170	151	143	137	132	128	124	121	117	110	101	0	0	0.000	0.000	0	0	0	0	0	0	0	0	0	0	0	0.000	0.000	0	0	0	0	0	0	0	0	0	0	0	0	0
247	247	658	390.035	1665.522	77	156	229	141	48	107	265	195	68	11	731.036	983	909	863	827	784	747	710	671	623	536	263	126.603	155	142	137	131	128	125	123	120	118	114	103	0	0	0.000	0.000	0	0	0	0	0	0	0	0	0	0	0	0.000	0.000	0	0	0	0	0	0	0	0	0	0	0	0	0
248	248	815	938.640	1666.833	89	223	267	183	36	126	340	247	82	7	228.286	319	284	268	252	241	231	222	209	189	165	112	147.891	182	168	162	159	155	151	146	140	133	123	106	0	0	0.000	0.000	0	0	0	0	0	0	0	0	0	0	0	0.000	0.000	0	0	0	0	0	0	0	0	0	0	0	0	0
249	249	1218	1710.801	1671.571	150	417	407	198	30	157	460	347	207	32	658.589	1075	925	851	785	721	659	594	535	478	402	191	125.541	152	139	135	131	128	125	122	120	117	113	100	0	0	0.000	0.000	0	0	0	0	0	0	0	0	0	0	0	0.000	0.000	0	0	0	0	0	0	0	0	0	0	0	0	0
250	250	1649	1755.585	1694.489	248	466	561	269	69	205	449	545	341	80	1149.927	14140	1589	1077	927	849	772	692	608	530	422	143	151.193	1046	174	145	137	132	127	124	120	117	113	103	1	67	1749.154	1692.860	0	0	0	7244	0	0	510	0	0	1	68	1749.398	1692.339	0	0	0	7244	0	0	510	0	0	0	0	0	0
251	251	1586	964.150	1699.620	237	405	484	372	69	227	494	530	243	65	663.413	13798	881	418	323	274	249	232	215	196	168	106	180.211	1216	216	180	165	155	149	143	137	131	121	102	1	77	969.877	1700.018	0	0	0	6132	0	0	633	0	0	1	74	970.320	1699.505	0	0	0	6132	0	0	646	0	0	0	0	0	0
252	252	1823	313.574	1706.254	420	906	426	33	10	172	511	663	356	81	1041.448	10112	1406	1230	1082	1007	916	792	687	600	486	166	152.928	950	165	153	147	142	139	135	131	126	119	102	1	43	324.060	1709.897	0	0	0	5829	0	0	468	0	0	1	52	324.351	1710.900	0	0	0	5509	0	0	497	0	0	0	0	0	0
253	253	1625	702.390	1707.444	310	579	541	153	18	176	559	482	317	61	109.919	123	115	113	112	111	110	109	108	106	105	98	107.670	128	115	111	109	108	106	106	105	104	103	98	0	0	0.000	0.000	0	0	0	0	0	0	0	0	0	0	0	0.000	0.000	0	0	0	0	0	0	0	0	0	0	0	0	0
254	254	631	648.584	1705.272	122	193	150	127	25	100	202	177	107	36	107.534	120	113	111	110	109	108	107	105	104	102	94	108.854	130	120	114	111	108	107	106	105	104	103	97	0	0	0.000	0.000	0	0	0	0	0	0	0	0	0	1	117	645.283	1705.502	0	0	0	110	0	0	120	0	0	0	0	0	0
255	255	1877	1807.860	1723.670	413	717	559	127	27	341	796	511	166	27	1530.827	24181	2924	648	318	242	223	208	194	181	162	114	566.188	5077	789	514	464	428	397	370	331	284	199	115	1	179	1815.481	1716.105	0	0	0	11987	0	0	1438	0	0	1	124	1813.039	1716.886	0	0	0	8557	0	0	2741	0	0	0	0	0	0
256	256	717	902.451	1713.904	93	164	207	166	78	90	185	288	118	28	714.944	1098	960	845	787	749	713	669	612	575	534	315	109.999	139	120	116	113	111	108	106	105	104	102	98	0	0	0.000	0.000	0	0	0	0	0	0	0	0	0	0	0	0.000	0.000	0	0	0	0	0	0	0	0	0	0	0	0	0
257	257	2064	471.752	1746.564	358	846	740	83	8	122	416	1034	373	87	111.878	127	117	115	114	113	112	111	110	109	107	100	518.667	858	709	646	602	562	526	487	443	395	311	124	0	0	0.000	0.000	0	0	0	0	0	0	0	0	0	0	0	0.000	0.000	0	0	0	0	0	0	0	0	0	0	0	0	0
258	258	1687	865.281	1738.761	107	380	541	423	196	109	467	705	315	65	865.213	1567	1386	1268	1127	996	835	715	607	499	380	169	105.874	118	110	108	107	106	106	105	104	103	102	97	0	0	0.000	0.000	0	0	0	0	0	0	0	0	0	0	0	0.000	0.000	0	0	0	0	0	0	0	0	0	0	0	0	0
259	259	1421	663.355	1740.079	244	388	463	263	27	143	530	478	194	47	109.847	125	115	113	112	111	110	109	108	106	104	99	109.488	138	122	114	110	108	107	106	105	104	103	99	0	0	0.000	0.000	0	0	0	0	0	0	0	0	0	1	275	653.827	1745.362	0	0	0	112	0	0	122	0	0	0	0	0	0
260	260	1460	352.896	1753.430	213	492	417	272	50	185	724	407	90	22	1079.376	9692	1387	1293	1174	1036	910	808	705	614	519	224	159.383	1094	170	156	150	144	139	133	129	125	120	105	1	37	349.060	1765.937	0	0	0	5625	0	0	668	0	0	1	52	349.370	1765.815	0	0	0	4452	0	0	569	0	0	0	0	0	0
261	261	1720	918.338	1752.550	244	375	613	370	85	165	512	736	249	23	1099.312	1847	1605	1497	1360	1220	1101	971	846	740	607	257	105.907	128	110	108	107	106	106	105	104	104	103	97	0	0	0.000	0.000	0	0	0	0	0	0	0	0	0	0	0	0.000	0.000	0	0	0	0	0	0	0	0	0	0	0	0	0
262	262	956	1844.052	1754.325	213	452	233	35	8	161	405	224	123	27	175.792	238	206	199	193	188	184	177	163	147	131	106	345.111	526	466	445	430	415	393	352	283	208	153	115	0	0	0.000	0.000	0	0	0	0	0	0	0	0	0	0	0	0.000	0.000	0	0	0	0	0	0	0	0	0	0	0	0	0
263	263	1922	598.941	1762.002	294	889	640	64	9	111	483	887	297	104	136.025	2088	139	121	117	115	114	112	110	109	107	99	239.892	425	294	283	273	261	249	236	217	191	164	116	1	33	604.803	1750.371	0	0	0	806	0	0	324	0	0	0	0	0.000	0.000	0	0	0	0	0	0	0	0	0	0	0	0	0
264	264	2054	239.900	1763.102	442	832	627	103	16	206	521	788	431	70	116.344	148	125	122	119	118	116	114	113	111	108	97	338.648	562	488	452	416	376	335	297	262	229	196	109	0	0	0.000	0.000	0	0	0	0	0	0	0	0	0	0	0	0.000	0.000	0	0	0	0	0	0	0	0	0	0	0	0	0
265	265	1641	1352.333	1772.854	265	644	479	195	30	158	669	445	289	49	334.291	469	429	401	375	357	340	320	299	274	237	127	114.587	156	131	123	117	113	111	110	108	107	105	99	0	0	0.000	0.000	0	0	0	0	0	0	0	0	0	0	0	0.000	0.000	0	0	0	0	0	0	0	0	0	0	0	0	0
266	266	1350	1225.079	1774.845	236	315	357	282	133	185	371	346	323	103	872.252	11387	1013	833	760	687	616	556	517	484	364	129	131.064	668	141	128	123	120	118	116	114	112	109	100	1	50	1234.386	1777.851	0	0	0	5919	0	0	373	0	0	1	54	1234.084	1777.837	0	0	0	5076	0	0	343	0	0	0	0	0	0
267	267	1094	802.896	1775.501	367	253	321	100	29	312	313	249	176	29	113.570	136	123	119	117	114	112	111	109	108	106	100	863.706	2472	1714	1248	1013	872	748	635	537	416	243	127	0	0	0.000	0.000	0	0	0	0	0	0	0	0	0	0	0	0.000	0.000	0	0	0	0	0	0	0	0	0	0	0	0	0
268	268	2288	652.637	1792.145	446	1008	667	110	15	252	852	774	302	61	113.980	129	120	118	117	115	114	113	111	110	108	100	246.439	350	310	289	273	262	251	237	223	204	176	123	0	0	0.000	0.000	0	0	0	0	0	0	0	0	0	0	0	0.000	0.000	0	0	0	0	0	0	0	0	0	0	0	0	0
269	269	1194	709.074	1793.803	613	400	128	25	9	614	288	193	74	10	490.775	910	748	665	608	552	481	430	400	333	206	119	116.508	141	131	126	121	117	114	112	110	108	106	100	0	0	0.000	0.000	0	0	0	0	0	0	0	0	0	0	0	0.000	0.000	0	0	0	0	0	0	0	0	0	0	0	0	0
270	270	1932	491.505	1799.791	368	757	651	116	17	171	419	768	355	175	111.239	126	116	114	113	112	111	110	109	108	106	99	498.226	771	656	613	585	555	522	483	440	381	285	145	0	0	0.000	0.000	0	0	0	0	0	0	0	0	0	0	0	0.000	0.000	0	0	0	0	0	0	0	0	0	0	0	0	0
271	271	1878	1269.445	1796.828	155	434	611	509	140	131	561	649	434	66	1896.318	25269	4025	1070	580	433	368	325	297	261	220	123	488.815	7055	839	289	196	173	160	150	141	130	117	101	1	210	1272.182	1796.088	0	0	0	11990	0	0	2076	0	0	1	160	1271.882	1794.147	0	0	0	9564	0	0	3283	0	0	0	0	0	0
272	272	1657	347.040	1805.023	301	382	505	341	105	265	569	475	226	89	529.179	7901	635	458	420	392	366	346	320	288	252	167	156.803	936	171	153	148	144	140	136	131	126	121	109	1	58	353.663	1801.378	0	0	0	3705	0	0	515	0	0	1	56	353.686	1800.977	0	0	0	3706	0	0	517	0	0	0	0	0	0
273	273	785	1205.462	1814.334	120	257	225	134	31	101	311	258	84	15	761.023	1100	1018	953	892	833	782	723	655	577	481	186	123.508	145	134	131	128	126	124	122	120	116	113	102	0	0	0.000	0.000	0	0	0	0	0	0	0	0	0	0	0	0.000	0.000	0	0	0	0	0	0	0	0	0	0	0	0	0
274	274	2131	607.884	1829.248	370	854	715	129	27	209	548	881	398	53	296.562	457	383	362	345	329	309	286	259	228	188	114	203.087	300	258	244	230	217	206	192	178	163	145	108	0	0	0.000	0.000	0	0	0	0	0	0	0	0	0	0	0	0.000	0.000	0	0	0	0	0	0	0	0	0	0	0	0	0
275	275	1996	549.490	1839.034	116	499	800	445	108	166	529	891	297	66	321.874	2431	399	370	347	327	309	289	259	228	191	131	198.961	386	248	233	220	210	199	189	176	163	147	113	1	31	541.647	1849.301	0	0	0	1307	0	0	283	0	0	0	0	0.000	0.000	0	0	0	0	0	0	0	0	0	0	0	0	0
276	276	1183	1232.832	1843.470	118	416	327	242	68	86	416	402	194	58	336.019	504	439	417	395	370	351	332	299	261	197	118	157.046	205	188	182	176	169	162	153	144	131	116	101	0	0	0.000	0.000	0	0	0	0	0	0	0	0	0	0	0	0.000	0.000	0	0	0	0	0	0	0	0	0	0	0	0	0
277	277	736	1489.978	1849.503	82	162	210	180	91	85	199	249	137	50	110.005	124	116	114	112	111	110	108	107	106	105	97	196.830	292	262	249	239	226	209	191	160	129	114	104	0	0	0.000	0.000	0	0	0	0	0	0	0	0	0	0	0	0.000	0.000	0	0	0	0	0	0	0	0	0	0	0	0	0
278	278	1997	858.110	1865.952	348	441	660	387	121	275	778	590	281	38	688.448	6997	898	778	720	661	607	548	481	420	335	182	176.873	1115	209	191	181	173	165	156	148	139	129	109	1	42	860.128	1861.800	0	0	0	3617	0	0	624	0	0	1	40	859.634	1861.690	0	0	0	3662	0	0	624	0	0	0	0	0	0
279	279	1889	657.659	1871.080	227	588	598	392	50	179	641	621	330	74	594.064	9886	735	565	506	459	424	393	360	321	274	145	149.251	1015	163	147	141	137	133	130	127	123	118	104	1	51	650.366	1876.310	0	0	0	4349	0	0	541	0	0	1	48	650.273	1875.781	0	0	0	4350	0	0	556	0	0	0	0	0	0
280	280	2595	1354.674	1877.499	491	992	760	281	36	565	1254	620	96	13	1308.538	7879	1872	1700	1532	1384	1254	1109	980	837	618	198	156.903	1137	168	161	155	150	145	140	134	128	119	103	1	35	1352.722	1873.063	0	0	0	5467	0	0	700	0	0	1	52	1352.005	1874.018	0	0	0	4597	0	0	674	0	0	0	0	0	0
281	281	1481	1752.905	1874.761	237	551	470	179	19	247	564	461	166	14	111.211	220	117	114	113	111	110	109	108	106	105	96	147.256	191	164	159	155	151	148	145	142	136	128	106	1	20	1759.847	1886.903	0	0	0	163	0	0	154	0	0	0	0	0.000	0.000	0	0	0	0	0	0	0	0	0	0	0	0	0
282	282	1774	513.752	1879.838	599	737	369	34	10	593	809	290	33	15	314.541	2888	373	352	335	318	298	279	258	230	178	115	203.091	353	259	243	229	216	204	193	182	163	142	101	1	31	508.249	1867.023	0	0	0	1432	0	0	261	0	0	0	0	0.000	0.000	0	0	0	0	0	0	0	0	0	0	0	0	0
283	283	1050	276.087	1878.870	116	379	329	174	30	99	471	278	145	37	307.881	446	381	363	348	329	309	292	272	256	235	135	118.137	138	126	124	122	120	118	116	115	113	110	103	0	0	0.000	0.000	0	0	0	0	0	0	0	0	0	0	0	0.000	0.000	0	0	0	0	0	0	0	0	0	0	0	0	0
284	284	1639	1521.037	1879.812	354	639	539	63	11	227	623	470	262	28	112.270	197	118	116	114	113	112	110	109	107	105	98	221.921	326	283	262	247	235	225	214	200	183	156	109	1	21	1505.698	1887.446	0	0	0	160	0	0	224	0	0	0	0	0.000	0.000	0	0	0	0	0	0	0	0	0	0	0	0	0
285	285	1677	1802.570	1886.073	577	756	277	31	6	330	556	466	227	68	114.320	216	120	118	116	115	114	112	111	109	107	99	146.380	185	165	160	155	151	146	142	139	135	129	107	1	17	1806.908	1883.528	0	0	0	167	0	0	164	0	0	0	0	0.000	0.000	0	0	0	0	0	0	0	0	0	0	0	0	0
286	286	503	703.536	1876.058	102	145	98	102	48	101	178	117	74	17	331.775	476	428	400	379	357	332	313	297	278	223	155	126.767	149	140	136	133	130	127	125	121	118	112	104	0	0	0.000	0.000	0	0	0	0	0	0	0	0	0	0	0	0.000	0.000	0	0	0	0	0	0	0	0	0	0	0	0	0
287	287	1954	582.623	1892.582	346	511	706	301	55	316	620	675	262	46	2094.725	3346	2998	2801	2606	2432	2249	2009	1721	1398	954	251	178.246	242	214	205	197	190	183	173	163	152	135	107	0	0	0.000	0.000	0	0	0	0	0	0	0	0	0	0	0	0.000	0.000	0	0	0	0	0	0	0	0	0	0	0	0	0
288	288	1985	1413.493	1916.971	337	718	743	137	19	302	846	627	148	10	1710.688	14676	2259	1912	1724	1595	1438	1332	1210	1088	948	239	168.657	1447	183	168	160	151	144	139	135	130	124	107	1	49	1419.323	1931.122	0	0	0	8511	0	0	512	0	0	1	54	1420.671	1931.797	0	0	0	6955	0	0	714	0	0	0	0	0	0
289	289	1590	1718.469	1911.183	221	485	500	333	26	183	433	529	344	78	336.201	482	412	397	385	374	362	342	314	273	211	119	166.162	203	189	184	180	176	171	165	157	148	134	107	0	0	0.000	0.000	0	0	0	0	0	0	0	0	0	0	0	0.000	0.000	0	0	0	0	0	0	0	0	0	0	0	0	0
290	290	1567	637.065	1914.449	335	688	431	74	12	253	738	338	189	23	1158.486	1884	1587	1461	1365	1297	1218	1126	986	804	623	327	115.943	140	128	123	119	117	115	113	111	109	107	101	0	0	0.000	0.000	0	0	0	0	0	0	0	0	0	0	0	0.000	0.000	0	0	0	0	0	0	0	0	0	0	0	0	0
291	291	1960	693.099	1918.193	546	714	537	107	15	329	641	555	354	41	1135.269	2129	1653	1503	1346	1207	1093	1013	932	858	680	132	117.774	152	133	126	121	118	115	113	111	110	107	97	0	0	0.000	0.000	0	0	0	0	0	0	0	0	0	0	0	0.000	0.000	0	0	0	0	0	0	0	0	0	0	0	0	0
292	292	1549	846.861	1921.356	153	365	425	446	129	152	352	525	417	75	414.462	5289	539	429	381	344	315	291	268	248	227	147	145.299	650	164	152	144	139	134	131	127	123	120	106	1	39	842.138	1914.971	0	0	0	2503	0	0	385	0	0	1	42	842.207	1914.332	0	0	0	2161	0	0	378	0	0	0	0	0	0
293	293	1364	287.690	1924.364	178	503	428	206	28	76	415	479	284	83	578.075	10982	743	414	357	338	323	305	288	257	203	124	135.282	702	152	131	125	122	120	118	115	112	108	97	1	52	279.922	1926.485	0	0	0	5061	0	0	412	0	0	1	60	280.031	1926.618	0	0	0	4274	0	0	387	0	0	0	0	0	0
294	294	1610	443.941	1935.866	522	788	206	32	25	702	778	55	21	13	531.114	758	697	665	627	589	548	515	476	420	313	137	138.701	175	154	150	147	143	140	137	133	127	120	105	0	0	0.000	0.000	0	0	0	0	0	0	0	0	0	0	0	0.000	0.000	0	0	0	0	0	0	0	0	0	0	0	0	0
295	295	1848	889.919	1935.801	1055	338	242	129	57	1088	304	245	133	54	249.123	5555	472	264	208	192	172	149	133	123	112	97	127.420	633	162	131	125	121	118	115	112	109	105	99	0	0	0.000	0.000	0	0	0	0	0	0	0	0	0	0	0	0.000	0.000	0	0	0	0	0	0	0	0	0	0	0	0	0
296	296	2003	548.717	1938.171	462	895	531	58	12	276	676	689	263	52	2500.175	18311	3287	2834	2562	2342	2111	1942	1632	1305	973	296	229.235	2208	252	210	198	188	179	169	157	144	131	107	1	88	552.656	1933.457	0	0	0	11800	0	0	1126	0	0	1	86	553.201	1933.547	0	0	0	12211	0	0	1135	0	0	0	0	0	0
297	297	609	231.587	1927.936	56	136	183	162	64	56	210	213	94	23	193.872	253	232	223	214	208	202	195	183	163	138	112	125.887	152	137	135	132	130	127	125	121	116	111	102	0	0	0.000	0.000	0	0	0	0	0	0	0	0	0	0	0	0.000	0.000	0	0	0	0	0	0	0	0	0	0	0	0	0
298	298	2452	1836.608	1943.816	372	768	769	410	89	332	943	721	322	77	838.848	13672	917	755	670	619	573	519	462	407	346	167	461.352	6056	534	451	415	389	356	317	283	258	228	142	1	85	1843.423	1939.788	0	0	0	6798	0	0	2859	0	0	1	77	1843.815	1939.644	0	0	0	7331	0	0	3029	0	0	0	0	0	0
299	299	537	1228.835	1939.030	90	229	133	63	15	69	195	149	94	22	108.536	121	114	112	111	109	108	108	106	105	104	99	216.760	288	260	248	241	234	223	212	201	184	161	124	0	0	0.000	0.000	0	0	0	0	0	0	0	0	0	0	0	0.000	0.000	0	0	0	0	0	0	0	0	0	0	0	0	0
300	300	1479	1529.255	1949.279	402	545	388	106	7	309	522	378	187	49	644.947	10216	848	505	458	430	408	381	354	311	231	124	146.778	814	162	143	138	134	130	127	123	119	113	100	1	60	1536.825	1942.828	0	0	0	5173	0	0	443	0	0	1	57	1536.711	1942.253	0	0	0	4791	0	0	455	0	0	0	0	0	0
301	301	1874	202.675	1958.280	313	548	790	177	10	183	354	796	381	121	284.936	5604	285	260	246	232	217	206	196	184	160	101	148.165	1070	153	146	142	138	135	132	127	123	118	98	1	37	204.050	1943.089	0	0	0	2521	0	0	571	0	0	1	44	204.171	1943.084	0	0	0	2165	0	0	567	0	0	0	0	0	0
302	302	1580	1734.606	1961.203	421	705	367	42	13	302	657	455	114	17	1289.603	20603	2359	800	501	400	346	305	271	237	201	115	329.197	3912	528	257	202	178	166	157	148	140	132	111	1	126	1733.735	1962.806	0	0	0	9000	0	0	1660	0	0	1	110	1733.607	1962.569	0	0	0	10524	0	0	1917	0	0	0	0	0	0
303	303	1193	656.184	1958.294	224	473	355	112	12	151	499	351	147	28	113.298	129	119	117	116	114	113	112	111	109	107	101	311.358	427	395	381	364	340	312	288	269	252	224	125	0	0	0.000	0.000	0	0	0	0	0	0	0	0	0	0	0	0.000	0.000	0	0	0	0	0	0	0	0	0	0	0	0	0
304	304	1262	1482.353	1960.627	212	342	345	254	90	171	528	330	161	49	392.077	602	545	515	486	450	413	367	332	289	184	110	128.048	170	151	143	137	132	127	123	118	112	106	100	0	0	0.000	0.000	0	0	0	0	0	0	0	0	0	0	0	0.000	0.000	0	0	0	0	0	0	0	0	0	0	0	0	0
305	305	1766	1898.106	1962.532	146	499	624	405	62	100	447	637	460	86	525.322	10045	593	390	334	310	289	276	262	239	211	132	203.137	2190	228	175	165	160	155	151	146	139	131	112	1	64	1898.813	1962.013	0	0	0	5192	0	0	329	0	0	1	70	1901.166	1962.518	0	0	0	1715	0	0	1103	0	0	0	0	0	0
306	306	2267	258.018	1974.002	413	793	718	263	40	385	893	660	268	24	112.243	129	119	117	115	114	112	111	109	108	106	98	182.528	257	224	214	204	195	185	176	167	154	131	100	0	0	0.000	0.000	0	0	0	0	0	0	0	0	0	0	0	0.000	0.000	0	0	0	0	0	0	0	0	0	0	0	0	0
307	307	1352	486.394	1975.003	165	393	452	274	44	186	612	426	86	19	328.872	513	451	421	390	362	336	306	274	242	195	120	178.598	243	217	208	198	188	179	170	162	152	137	104	0	0	0.000	0.000	0	0	0	0	0	0	0	0	0	0	0	0.000	0.000	0	0	0	0	0	0	0	0	0	0	0	0	0
308	308	1887	1079.021	1978.157	422	625	558	234	16	337	759	517	197	44	772.210	18452	945	444	377	345	320	295	255	208	160	105	272.020	4789	298	193	177	169	162	154	145	133	121	102	1	77	1079.943	1981.075	0	0	0	8413	0	0	2215	0	0	1	82	1080.236	1981.130	0	0	0	8003	0	0	2131	0	0	0	0	0	0
309	309	1632	1229.808	1977.940	208	410	542	299	141	184	370	594	315	140	109.174	129	114	112	111	110	109	108	107	106	104	99	227.116	299	270	261	252	241	231	219	207	195	178	125	0	0	0.000	0.000	0	0	0	0	0	0	0	0	0	0	0	0.000	0.000	0	0	0	0	0	0	0	0	0	0	0	0	0
310	310	1356	1170.899	1985.157	580	476	163	88	29	466	511	234	87	30	107.561	125	113	111	110	109	108	106	105	104	103	97	194.271	282	246	237	227	217	208	197	174	137	116	102	0	0	0.000	0.000	0	0	0	0	0	0	0	0	0	0	0	0.000	0.000	0	0	0	0	0	0	0	0	0	0	0	0	0
