 	cell	area	x	y	BFI_lev_b1	BFI_lev_b2	BFI_lev_b3	BFI_lev_b4	BFI_lev_b5	BFO_lev_b1	BFO_lev_b2	BFO_lev_b3	BFO_lev_b4	BFO_lev_b5	GFP_int_mean	GFP_int_b0	GFP_int_b1	GFP_int_b2	GFP_int_b3	GFP_int_b4	GFP_int_b5	GFP_int_b6	GFP_int_b7	GFP_int_b8	GFP_int_b9	GFP_int_b10	RFP_int_mean	RFP_int_b0	RFP_int_b1	RFP_int_b2	RFP_int_b3	RFP_int_b4	RFP_int_b5	RFP_int_b6	RFP_int_b7	RFP_int_b8	RFP_int_b9	RFP_int_b10	inGFPnfoci	f1_inGFParea	f1_inGFPx	f1_inGFPy	f2_inGFParea	f2_inGFPx	f2_inGFPy	f1_inGFP_toGFPmed	f1_inGFP_toGFPmean	f2_inGFP_toGFPmed	f2_inGFP_toGFPmean	f1_inGFP_toRFPmed	f1_inGFP_toRFPmean	f2_inGFP_toRFPmed	f2_inGFP_toRFPmean	inRFPnfoci	f1_inRFParea	f1_inRFPx	f1_inRFPy	f2_inRFParea	f2_inRFPx	f2_inRFPy	f1_inRFP_toGFPmed	f1_inRFP_toGFPmean	f2_inRFP_toGFPmed	f2_inRFP_toGFPmean	f1_inRFP_toRFPmed	f1_inRFP_toRFPmean	f2_inRFP_toRFPmed	f2_inRFP_toRFPmean
1	1	1953	458.345	79.293	233	334	791	459	101	191	275	933	444	82	115.913	135	123	120	119	117	116	115	113	111	109	101	103.287	120	107	105	104	103	103	102	102	101	100	94	0	0	0.000	0.000	0	0	0	0	0	0	0	0	0	0	0	0	0	0.000	0.000	0	0	0	0	0	0	0	0	0	0	0
2	2	2851	95.852	91.683	608	731	974	407	76	467	790	1057	390	89	3052.982	5418	4518	4139	3771	3349	3050	2791	2514	2108	1504	326	161.901	225	193	184	176	170	163	157	150	141	126	101	0	0	0.000	0.000	0	0	0	0	0	0	0	0	0	0	0	0	0	0.000	0.000	0	0	0	0	0	0	0	0	0	0	0
3	3	1401	828.246	84.570	90	404	490	306	80	71	393	635	217	53	3138.327	5150	4618	4148	3683	3384	3161	2913	2609	2227	1687	435	155.263	196	181	175	170	164	158	151	144	135	124	104	0	0	0.000	0.000	0	0	0	0	0	0	0	0	0	0	0	0	0	0.000	0.000	0	0	0	0	0	0	0	0	0	0	0
4	4	1683	581.802	99.349	310	542	560	219	30	335	765	421	122	11	1017.257	1679	1381	1307	1207	1140	1065	984	902	825	493	136	110.537	126	117	115	113	112	111	109	108	106	104	96	0	0	0.000	0.000	0	0	0	0	0	0	0	0	0	0	0	0	0	0.000	0.000	0	0	0	0	0	0	0	0	0	0	0
5	5	1648	693.302	98.379	176	660	505	234	34	102	401	801	296	31	288.924	468	394	372	350	325	294	260	225	203	186	112	105.434	121	110	108	107	106	105	104	103	103	102	96	0	0	0.000	0.000	0	0	0	0	0	0	0	0	0	0	0	0	0	0.000	0.000	0	0	0	0	0	0	0	0	0	0	0
6	6	1480	1625.046	107.691	176	468	561	208	37	156	605	512	128	52	174.051	211	192	187	184	181	177	174	170	162	150	111	143.791	178	158	155	152	149	146	143	138	134	127	102	0	0	0.000	0.000	0	0	0	0	0	0	0	0	0	0	0	0	0	0.000	0.000	0	0	0	0	0	0	0	0	0	0	0
7	7	2726	528.039	122.855	473	567	981	587	76	461	1040	825	296	43	2160.380	3492	3093	2882	2710	2566	2378	2096	1755	1384	905	198	110.425	129	118	115	113	112	110	109	107	106	104	96	0	0	0.000	0.000	0	0	0	0	0	0	0	0	0	0	0	0	0	0.000	0.000	0	0	0	0	0	0	0	0	0	0	0
8	8	1033	1365.192	115.469	79	284	392	214	50	28	225	483	193	84	163.381	208	182	176	172	168	165	162	158	151	141	118	146.660	173	160	156	154	152	150	146	143	137	128	106	0	0	0.000	0.000	0	0	0	0	0	0	0	0	0	0	0	0	0	0.000	0.000	0	0	0	0	0	0	0	0	0	0	0
9	9	2206	1570.642	125.421	304	796	661	359	43	234	946	686	217	79	1216.863	18121	1677	889	734	651	594	551	516	471	390	165	231.213	2313	298	190	169	160	154	149	146	140	131	103	1	125	1567.140	132.827	0	0	0	9020	0	0	0	1203	0	0	0	1	128	1567.196	132.417	0	0	0	8699	0	0	0	1192	0	0	0
10	10	1383	1907.365	121.459	100	303	517	340	89	106	481	593	159	21	174.706	363	199	188	183	178	174	170	165	158	146	116	160.808	208	183	175	171	167	163	158	152	146	137	104	0	0	0.000	0.000	0	0	0	0	0	0	0	0	0	0	0	0	0	0.000	0.000	0	0	0	0	0	0	0	0	0	0	0
11	11	3067	745.805	127.464	674	1126	929	256	29	604	1408	762	208	20	118.920	151	130	125	122	120	118	116	114	112	109	100	117.364	187	137	127	120	115	113	111	109	107	106	98	0	0	0.000	0.000	0	0	0	0	0	0	0	0	0	0	0	0	0	0.000	0.000	0	0	0	0	0	0	0	0	0	0	0
12	12	1247	626.721	126.203	60	177	485	403	103	49	186	650	305	38	467.365	714	607	569	534	501	471	449	423	384	305	159	114.213	128	121	119	117	116	114	113	112	110	107	100	0	0	0.000	0.000	0	0	0	0	0	0	0	0	0	0	0	0	0	0.000	0.000	0	0	0	0	0	0	0	0	0	0	0
13	13	1729	1105.575	133.597	609	895	180	10	4	395	1053	232	9	5	672.549	18490	738	300	223	206	197	191	185	176	162	118	145.526	984	155	132	128	125	124	122	119	117	113	103	1	80	1107.431	144.459	0	0	0	7588	0	0	0	470	0	0	0	1	71	1107.233	144.430	0	0	0	8195	0	0	0	513	0	0	0
14	14	1427	447.159	129.908	130	244	638	352	30	88	205	785	262	60	113.588	132	119	117	116	115	113	112	111	110	108	99	104.026	115	108	106	105	104	104	103	102	102	101	93	0	0	0.000	0.000	0	0	0	0	0	0	0	0	0	0	0	0	0	0.000	0.000	0	0	0	0	0	0	0	0	0	0	0
15	15	1614	1403.267	146.955	113	639	530	274	24	124	636	562	217	51	223.243	322	268	251	240	230	222	215	207	198	181	122	141.784	181	159	153	148	145	142	139	136	132	125	106	0	0	0.000	0.000	0	0	0	0	0	0	0	0	0	0	0	0	0	0.000	0.000	0	0	0	0	0	0	0	0	0	0	0
16	16	2475	991.891	147.651	258	631	848	504	188	246	959	819	321	76	931.074	20333	870	490	435	402	376	354	336	302	229	118	248.018	3513	242	178	171	164	158	152	144	135	123	100	1	126	980.659	142.776	0	0	0	8825	0	0	0	1614	0	0	0	1	118	980.285	142.029	0	0	0	8825	0	0	0	1728	0	0	0
17	17	1901	83.017	148.630	269	483	714	338	56	206	593	792	220	56	3421.348	31093	13968	2467	881	500	355	283	241	215	188	122	468.658	3260	1217	445	296	256	230	212	194	177	157	112	1	361	84.490	146.886	0	0	0	14948	0	0	0	1298	0	0	0	1	282	84.722	146.398	0	0	0	20562	0	0	0	1662	0	0	0
18	18	1703	482.267	166.203	128	208	904	353	83	109	180	1024	306	55	477.912	763	614	561	538	514	492	466	433	388	330	127	187.045	257	220	212	204	197	191	184	176	165	148	106	0	0	0.000	0.000	0	0	0	0	0	0	0	0	0	0	0	0	0	0.000	0.000	0	0	0	0	0	0	0	0	0	0	0
19	19	3075	142.417	178.771	305	595	1400	645	59	284	835	1456	370	63	222.623	325	274	258	249	240	231	220	204	183	155	110	226.268	342	290	271	259	244	230	215	201	182	154	106	0	0	0.000	0.000	0	0	0	0	0	0	0	0	0	0	0	0	0	0.000	0.000	0	0	0	0	0	0	0	0	0	0	0
20	20	517	1798.259	159.974	225	112	75	85	15	127	172	113	72	23	154.509	218	191	181	174	165	158	149	134	123	115	105	267.085	417	380	350	329	306	281	248	212	171	137	112	0	0	0.000	0.000	0	0	0	0	0	0	0	0	0	0	0	0	0	0.000	0.000	0	0	0	0	0	0	0	0	0	0	0
21	21	1740	1069.062	172.386	190	699	515	284	19	170	781	497	225	32	467.717	11959	506	259	228	215	204	196	187	175	155	111	198.414	1854	218	186	176	169	165	159	153	141	123	102	1	65	1078.462	179.961	0	0	0	4919	0	0	0	879	0	0	0	1	59	1078.836	179.555	0	0	0	4943	0	0	0	932	0	0	0
22	22	614	1182.080	164.217	91	226	170	99	13	31	108	309	125	32	161.327	197	182	177	172	168	163	158	153	147	137	111	117.422	132	125	122	121	119	118	116	114	112	110	101	0	0	0.000	0.000	0	0	0	0	0	0	0	0	0	0	0	0	0	0.000	0.000	0	0	0	0	0	0	0	0	0	0	0
23	23	1586	781.756	181.527	171	389	629	289	64	157	864	442	82	12	120.303	139	127	125	124	122	121	119	117	115	112	103	254.020	379	321	301	284	271	256	243	228	211	183	115	0	0	0.000	0.000	0	0	0	0	0	0	0	0	0	0	0	0	0	0.000	0.000	0	0	0	0	0	0	0	0	0	0	0
24	24	3139	1648.338	196.076	1613	573	440	346	121	1548	647	439	335	127	382.443	1030	735	609	498	379	294	238	202	177	158	124	118.060	158	136	130	125	120	115	111	108	106	104	98	0	0	0.000	0.000	0	0	0	0	0	0	0	0	0	0	0	0	0	0.000	0.000	0	0	0	0	0	0	0	0	0	0	0
25	25	1622	591.288	183.868	200	338	546	395	115	172	326	727	274	87	356.756	519	463	436	413	388	367	345	319	284	230	123	119.621	140	129	126	124	122	120	118	116	113	109	102	0	0	0.000	0.000	0	0	0	0	0	0	0	0	0	0	0	0	0	0.000	0.000	0	0	0	0	0	0	0	0	0	0	0
26	26	2080	342.165	194.675	190	533	722	412	185	153	976	665	210	26	172.767	2640	188	166	154	148	142	137	133	127	120	103	132.772	233	155	146	139	134	130	127	123	118	114	102	1	35	329.612	178.998	0	0	0	1184	0	0	0	186	0	0	0	1	19	330.540	178.146	0	0	0	1013	0	0	0	214	0	0	0
27	27	1303	1115.422	192.252	141	242	467	274	151	127	304	531	228	92	174.815	234	203	193	186	181	176	171	166	158	143	115	153.700	192	175	169	164	159	154	150	146	140	128	109	0	0	0.000	0.000	0	0	0	0	0	0	0	0	0	0	0	0	0	0.000	0.000	0	0	0	0	0	0	0	0	0	0	0
28	28	1519	1209.895	196.651	147	441	561	298	46	125	748	428	159	20	440.724	10518	531	271	223	204	190	180	173	167	157	108	137.535	750	152	134	128	124	121	119	117	114	111	97	1	58	1213.084	198.321	0	0	0	4558	0	0	0	416	0	0	0	1	59	1213.606	197.618	0	0	0	4278	0	0	0	421	0	0	0
29	29	1059	516.629	194.277	122	331	310	233	49	110	423	380	112	15	625.742	990	810	766	726	689	647	609	567	506	408	138	105.928	116	110	108	107	107	106	105	104	104	103	94	0	0	0.000	0.000	0	0	0	0	0	0	0	0	0	0	0	0	0	0.000	0.000	0	0	0	0	0	0	0	0	0	0	0
30	30	1340	962.088	199.979	93	479	485	215	37	56	422	620	182	38	132.388	163	144	140	137	135	133	130	127	124	120	103	276.349	390	343	323	307	292	278	265	251	234	209	137	0	0	0.000	0.000	0	0	0	0	0	0	0	0	0	0	0	0	0	0.000	0.000	0	0	0	0	0	0	0	0	0	0	0
31	31	1202	436.157	199.024	117	182	444	329	110	126	289	554	184	31	390.940	691	573	501	445	408	380	358	333	303	215	115	169.098	236	207	192	181	173	167	161	155	148	136	103	0	0	0.000	0.000	0	0	0	0	0	0	0	0	0	0	0	0	0	0.000	0.000	0	0	0	0	0	0	0	0	0	0	0
32	32	1253	686.624	205.448	94	241	403	318	163	55	284	424	343	130	682.577	971	887	837	789	745	698	649	596	536	461	244	115.785	129	123	120	119	117	116	114	113	111	109	100	0	0	0.000	0.000	0	0	0	0	0	0	0	0	0	0	0	0	0	0.000	0.000	0	0	0	0	0	0	0	0	0	0	0
33	33	805	889.633	199.909	161	267	220	126	13	108	153	307	175	38	120.058	137	129	126	123	121	120	118	117	115	112	103	264.553	413	367	340	321	307	288	261	217	161	128	104	0	0	0.000	0.000	0	0	0	0	0	0	0	0	0	0	0	0	0	0.000	0.000	0	0	0	0	0	0	0	0	0	0	0
34	34	875	1037.746	213.400	125	238	274	189	32	81	269	344	145	23	170.382	218	197	190	185	179	173	167	160	152	140	113	149.033	184	169	164	160	156	152	146	141	134	126	106	0	0	0.000	0.000	0	0	0	0	0	0	0	0	0	0	0	0	0	0.000	0.000	0	0	0	0	0	0	0	0	0	0	0
35	35	1111	927.343	228.528	37	313	485	229	26	92	510	398	81	10	746.212	1125	981	910	838	789	745	698	650	603	531	215	139.503	169	154	149	146	143	140	137	134	130	125	104	0	0	0.000	0.000	0	0	0	0	0	0	0	0	0	0	0	0	0	0.000	0.000	0	0	0	0	0	0	0	0	0	0	0
36	36	1724	132.079	236.961	244	322	636	365	133	218	470	638	299	78	437.950	666	598	563	515	476	451	425	384	327	239	126	106.107	123	111	109	107	107	106	105	104	103	102	97	0	0	0.000	0.000	0	0	0	0	0	0	0	0	0	0	0	0	0	0.000	0.000	0	0	0	0	0	0	0	0	0	0	0
37	37	2213	189.586	239.505	234	384	977	491	79	237	916	806	189	26	1105.645	17644	1254	917	820	754	700	639	552	451	346	156	140.596	826	155	134	129	125	122	119	116	112	108	99	1	98	194.941	243.099	0	0	0	8627	0	0	0	442	0	0	0	1	100	194.981	243.127	0	0	0	8461	0	0	0	431	0	0	0
38	38	2228	245.252	239.364	546	1052	505	68	23	580	1345	224	27	10	1501.699	21955	2191	871	744	673	629	579	515	424	266	112	170.974	1473	218	136	128	123	120	117	114	111	106	99	1	163	240.029	230.749	0	0	0	10923	0	0	0	664	0	0	0	1	150	239.801	230.595	0	0	0	12104	0	0	0	726	0	0	0
39	39	1240	371.330	237.589	132	375	478	213	24	56	225	615	247	78	142.636	174	160	156	153	149	146	142	137	130	120	101	134.284	163	150	146	142	139	136	132	128	123	116	100	0	0	0.000	0.000	0	0	0	0	0	0	0	0	0	0	0	0	0	0.000	0.000	0	0	0	0	0	0	0	0	0	0	0
40	40	1302	1185.040	239.237	211	428	413	202	20	161	250	600	175	96	111.471	128	118	115	114	112	111	110	109	107	106	100	139.892	177	158	153	148	144	141	138	134	130	119	100	0	0	0.000	0.000	0	0	0	0	0	0	0	0	0	0	0	0	0	0.000	0.000	0	0	0	0	0	0	0	0	0	0	0
41	41	1230	728.044	237.532	141	330	487	211	44	98	283	608	188	34	113.661	130	119	117	116	115	114	113	111	110	108	99	176.376	217	199	194	189	185	180	175	170	163	150	105	0	0	0.000	0.000	0	0	0	0	0	0	0	0	0	0	0	0	0	0.000	0.000	0	0	0	0	0	0	0	0	0	0	0
42	42	1425	1808.515	245.756	193	614	387	180	22	123	528	515	196	37	2305.902	3808	3219	2977	2750	2551	2339	2171	1967	1674	1332	346	269.394	397	341	325	312	297	282	264	245	215	168	114	0	0	0.000	0.000	0	0	0	0	0	0	0	0	0	0	0	0	0	0.000	0.000	0	0	0	0	0	0	0	0	0	0	0
43	43	1535	680.862	249.840	161	401	540	292	111	207	723	409	139	25	506.047	826	666	601	572	546	508	474	443	403	343	160	115.579	141	125	121	119	117	115	113	112	110	107	99	0	0	0.000	0.000	0	0	0	0	0	0	0	0	0	0	0	0	0	0.000	0.000	0	0	0	0	0	0	0	0	0	0	0
44	44	1663	975.175	252.075	73	427	614	400	114	128	622	632	179	70	154.344	1692	156	144	139	135	133	130	128	125	120	107	278.446	395	350	331	313	297	281	268	252	233	199	120	1	38	974.292	247.775	0	0	0	754	0	0	0	301	0	0	0	0	0	0.000	0.000	0	0	0	0	0	0	0	0	0	0	0
45	45	1919	1048.251	260.898	191	502	763	393	32	142	734	697	227	84	233.303	4475	245	224	211	196	185	176	168	159	145	104	159.153	369	187	179	170	163	156	151	146	139	130	99	1	30	1036.467	256.541	0	0	0	2157	0	0	0	249	0	0	0	0	0	0.000	0.000	0	0	0	0	0	0	0	0	0	0	0
46	46	1646	770.554	267.109	176	365	556	414	108	147	500	721	203	49	113.309	129	119	117	116	114	113	112	111	109	107	102	175.799	246	211	204	195	187	180	172	161	147	133	104	0	0	0.000	0.000	0	0	0	0	0	0	0	0	0	0	0	0	0	0.000	0.000	0	0	0	0	0	0	0	0	0	0	0
47	47	1805	450.789	268.259	181	445	741	322	72	120	579	831	194	33	424.168	10835	413	251	231	219	208	197	186	168	144	103	190.613	1869	207	171	165	160	156	150	145	137	120	99	1	67	435.039	266.271	0	0	0	4405	0	0	0	726	0	0	0	1	62	435.893	266.169	0	0	0	4706	0	0	0	921	0	0	0
48	48	1621	1227.709	264.995	264	364	529	335	108	225	502	587	215	67	111.641	130	118	116	114	113	111	110	109	107	106	95	135.008	168	155	149	145	140	136	132	127	120	112	102	0	0	0.000	0.000	0	0	0	0	0	0	0	0	0	0	0	0	0	0.000	0.000	0	0	0	0	0	0	0	0	0	0	0
49	49	2036	833.998	278.804	267	400	748	446	125	229	749	778	186	38	1647.621	25296	3200	723	395	296	260	241	229	215	193	116	255.080	2609	387	183	151	142	138	135	131	127	121	103	1	207	833.287	284.401	0	0	0	11730	0	0	0	997	0	0	0	1	168	833.268	283.819	0	0	0	15355	0	0	0	1269	0	0	0
50	50	1652	409.689	278.750	198	412	498	416	98	248	419	648	240	57	883.863	15750	1127	586	530	478	433	402	368	328	258	136	172.104	1537	200	145	138	134	130	127	124	120	114	99	1	80	418.542	278.359	0	0	0	7517	0	0	0	772	0	0	0	1	85	418.503	278.441	0	0	0	6938	0	0	0	736	0	0	0
51	51	1962	930.178	279.315	192	385	685	549	118	202	678	745	267	25	991.976	15292	1235	798	702	638	586	534	482	424	337	148	165.489	1369	182	146	139	135	131	127	123	120	115	99	1	95	934.841	285.046	0	0	0	7042	0	0	0	677	0	0	0	1	95	934.595	284.926	0	0	0	7042	0	0	0	677	0	0	0
52	52	2152	127.035	292.777	233	428	932	420	85	210	459	999	357	87	454.120	734	609	553	518	492	466	438	404	358	278	119	105.290	121	110	108	107	106	105	104	103	102	101	93	0	0	0.000	0.000	0	0	0	0	0	0	0	0	0	0	0	0	0	0.000	0.000	0	0	0	0	0	0	0	0	0	0	0
53	53	1124	661.258	290.934	231	389	223	181	76	138	359	295	262	47	113.983	126	120	118	117	116	114	113	111	110	108	101	221.608	320	268	253	244	234	225	213	201	191	171	116	0	0	0.000	0.000	0	0	0	0	0	0	0	0	0	0	0	0	0	0.000	0.000	0	0	0	0	0	0	0	0	0	0	0
54	54	1720	1022.122	316.693	264	603	549	242	36	289	783	482	112	23	1294.192	20285	2624	572	285	197	181	171	162	155	146	111	237.230	1922	369	180	162	153	148	143	139	135	128	104	1	167	1019.213	324.659	0	0	0	9299	0	0	0	917	0	0	0	1	149	1019.347	324.118	0	0	0	10858	0	0	0	1018	0	0	0
55	55	993	977.480	305.805	86	226	422	193	42	89	279	465	115	21	159.257	195	175	170	166	163	160	157	154	150	143	114	146.205	183	163	158	155	152	149	146	142	136	123	105	0	0	0.000	0.000	0	0	0	0	0	0	0	0	0	0	0	0	0	0.000	0.000	0	0	0	0	0	0	0	0	0	0	0
56	56	1601	1327.485	315.399	185	573	472	311	25	144	540	590	238	63	115.289	129	121	119	118	116	115	114	113	112	110	100	141.366	177	159	152	148	145	142	139	136	131	123	104	0	0	0.000	0.000	0	0	0	0	0	0	0	0	0	0	0	0	0	0.000	0.000	0	0	0	0	0	0	0	0	0	0	0
57	57	2562	871.989	326.916	355	398	931	593	235	349	1029	806	269	61	269.056	2829	312	293	281	270	260	249	236	215	175	115	137.611	282	155	150	146	142	137	133	129	125	117	100	1	29	875.277	328.517	0	0	0	1291	0	0	0	193	0	0	0	0	0	0.000	0.000	0	0	0	0	0	0	0	0	0	0	0
58	58	1079	1216.064	321.088	377	574	66	20	19	381	587	51	22	17	329.315	507	443	407	369	344	327	307	288	265	226	132	119.544	141	128	125	123	121	120	118	116	114	110	99	0	0	0.000	0.000	0	0	0	0	0	0	0	0	0	0	0	0	0	0.000	0.000	0	0	0	0	0	0	0	0	0	0	0
59	59	1435	1142.770	326.090	105	570	480	223	32	79	524	551	211	35	720.606	13813	856	496	434	387	350	322	302	278	242	135	150.315	1129	162	134	129	125	123	120	118	116	112	100	1	66	1148.439	317.730	0	0	0	6100	0	0	0	572	0	0	0	1	64	1148.322	317.268	0	0	0	6400	0	0	0	582	0	0	0
60	60	1562	818.333	328.094	93	424	567	392	60	68	587	662	194	24	622.261	15343	585	242	188	172	163	157	151	146	138	108	164.506	1278	175	148	141	137	132	129	126	123	118	102	1	91	830.330	326.619	0	0	0	6688	0	0	0	612	0	0	0	1	85	830.197	326.556	0	0	0	7307	0	0	0	641	0	0	0
61	61	1855	938.641	333.722	159	276	766	456	160	116	498	890	272	41	870.528	3659	1342	1182	1067	959	830	710	614	551	448	148	139.155	301	163	155	148	142	136	131	126	122	116	100	1	14	937.145	322.360	0	0	0	2699	0	0	0	249	0	0	0	1	21	936.499	320.882	0	0	0	1872	0	0	0	251	0	0	0
62	62	748	1861.015	326.070	270	240	170	47	8	199	256	183	68	21	345.781	519	440	409	387	369	357	346	331	286	213	141	110.342	123	116	114	112	111	110	109	108	107	105	99	0	0	0.000	0.000	0	0	0	0	0	0	0	0	0	0	0	0	0	0.000	0.000	0	0	0	0	0	0	0	0	0	0	0
63	63	1892	431.836	343.383	277	498	652	327	99	282	650	674	198	38	728.485	16865	845	381	313	281	255	236	218	195	164	113	171.818	1975	183	139	132	128	124	121	119	116	111	101	1	89	430.215	344.645	0	0	0	7234	0	0	0	749	0	0	0	1	86	430.976	344.343	0	0	0	7681	0	0	0	883	0	0	0
64	64	1289	94.158	335.214	118	318	577	230	27	74	219	742	211	23	114.848	130	121	119	117	116	115	113	112	111	109	101	125.384	149	136	133	131	128	126	123	120	117	114	103	0	0	0.000	0.000	0	0	0	0	0	0	0	0	0	0	0	0	0	0.000	0.000	0	0	0	0	0	0	0	0	0	0	0
65	65	1741	644.551	336.760	261	527	557	302	61	258	767	528	145	21	118.364	134	125	123	121	120	119	117	116	114	111	102	251.651	366	315	296	283	270	258	245	229	211	178	111	0	0	0.000	0.000	0	0	0	0	0	0	0	0	0	0	0	0	0	0.000	0.000	0	0	0	0	0	0	0	0	0	0	0
66	66	1816	1086.241	341.792	231	718	589	220	27	316	1069	296	91	11	114.155	129	119	117	116	115	114	113	112	111	109	101	127.951	160	141	137	134	131	129	125	122	119	114	103	0	0	0.000	0.000	0	0	0	0	0	0	0	0	0	0	0	0	0	0.000	0.000	0	0	0	0	0	0	0	0	0	0	0
67	67	1664	736.902	349.838	116	375	669	428	50	99	417	797	265	50	212.814	286	252	242	236	227	219	210	199	183	164	108	127.629	153	139	136	134	131	129	126	123	119	113	101	0	0	0.000	0.000	0	0	0	0	0	0	0	0	0	0	0	0	0	0.000	0.000	0	0	0	0	0	0	0	0	0	0	0
68	68	2739	529.302	359.472	157	450	1115	718	238	188	699	1376	304	126	149.120	189	169	164	160	156	152	146	140	133	125	104	183.015	249	224	216	209	200	187	175	161	149	134	102	0	0	0.000	0.000	0	0	0	0	0	0	0	0	0	0	0	0	0	0.000	0.000	0	0	0	0	0	0	0	0	0	0	0
69	69	598	778.210	344.534	112	218	191	53	14	43	157	267	111	14	141.681	172	158	154	151	148	145	141	137	129	117	107	125.856	150	138	135	134	132	129	126	121	115	107	99	0	0	0.000	0.000	0	0	0	0	0	0	0	0	0	0	0	0	0	0.000	0.000	0	0	0	0	0	0	0	0	0	0	0
70	70	2323	585.514	367.249	227	404	985	483	180	248	1059	684	213	58	209.044	277	245	237	230	222	215	207	198	182	160	108	302.545	435	375	359	346	330	313	295	276	252	209	111	0	0	0.000	0.000	0	0	0	0	0	0	0	0	0	0	0	0	0	0.000	0.000	0	0	0	0	0	0	0	0	0	0	0
71	71	1887	364.438	368.757	450	939	400	38	17	542	981	275	36	21	135.691	165	148	144	141	138	136	134	132	128	122	106	103.578	111	106	105	105	104	104	103	103	102	101	95	0	0	0.000	0.000	0	0	0	0	0	0	0	0	0	0	0	0	0	0.000	0.000	0	0	0	0	0	0	0	0	0	0	0
72	72	2233	907.268	381.723	1029	455	320	321	70	901	536	350	362	56	160.490	256	213	194	180	170	154	142	133	126	120	104	106.652	123	111	109	108	107	106	105	105	104	103	96	0	0	0.000	0.000	0	0	0	0	0	0	0	0	0	0	0	0	0	0.000	0.000	0	0	0	0	0	0	0	0	0	0	0
73	73	1372	1119.761	377.292	183	534	461	134	29	145	788	326	77	14	182.612	239	211	202	195	188	183	177	172	166	157	113	134.244	164	148	145	142	139	136	132	128	124	118	100	0	0	0.000	0.000	0	0	0	0	0	0	0	0	0	0	0	0	0	0.000	0.000	0	0	0	0	0	0	0	0	0	0	0
74	74	1448	113.080	376.534	151	276	637	271	83	104	275	777	217	57	389.030	607	553	515	472	432	399	362	323	277	203	119	128.508	156	144	140	136	133	130	127	122	117	109	98	0	0	0.000	0.000	0	0	0	0	0	0	0	0	0	0	0	0	0	0.000	0.000	0	0	0	0	0	0	0	0	0	0	0
75	75	1727	815.198	382.703	141	314	637	452	140	140	550	714	245	45	212.087	2654	225	200	192	187	181	175	167	156	138	108	135.317	278	149	144	141	137	135	132	129	124	117	100	1	37	809.056	374.554	0	0	0	1231	0	0	0	179	0	0	0	1	19	811.047	373.809	0	0	0	800	0	0	0	233	0	0	0
76	76	1960	1507.225	381.375	776	600	366	153	27	709	615	417	154	32	4964.988	37118	21357	4362	2381	1784	1372	1114	904	763	584	234	741.973	9400	1945	418	196	147	134	128	123	117	112	101	1	380	1505.656	380.060	0	0	0	22504	0	0	0	2036	0	0	0	1	235	1505.394	379.631	0	0	0	27873	0	0	0	4453	0	0	0
77	77	1861	165.259	386.107	244	514	612	412	43	202	658	623	268	79	312.494	558	456	397	347	319	301	285	268	238	188	110	122.171	153	137	131	128	124	122	119	116	113	109	99	0	0	0.000	0.000	0	0	0	0	0	0	0	0	0	0	0	0	0	0.000	0.000	0	0	0	0	0	0	0	0	0	0	0
78	78	796	865.182	382.604	91	310	271	100	12	123	279	264	95	26	137.616	165	150	146	143	141	139	136	133	130	125	108	181.647	235	209	203	196	191	185	179	170	161	147	114	0	0	0.000	0.000	0	0	0	0	0	0	0	0	0	0	0	0	0	0.000	0.000	0	0	0	0	0	0	0	0	0	0	0
79	79	1420	428.022	396.999	266	390	540	174	14	238	427	619	87	15	227.184	324	280	267	256	245	234	222	209	190	159	110	120.489	142	132	128	125	123	121	119	116	113	108	99	0	0	0.000	0.000	0	0	0	0	0	0	0	0	0	0	0	0	0	0.000	0.000	0	0	0	0	0	0	0	0	0	0	0
80	80	1515	1077.622	398.677	228	364	552	276	75	223	778	322	144	15	824.923	16785	1125	310	203	178	170	166	161	155	145	113	166.515	1030	181	151	145	140	137	135	132	128	121	104	1	101	1088.524	397.069	0	0	0	7763	0	0	0	499	0	0	0	1	89	1088.641	396.108	0	0	0	6777	0	0	0	547	0	0	0
81	81	1582	337.347	411.409	172	307	593	338	139	199	704	458	157	27	134.212	157	145	142	139	137	135	133	130	127	122	106	104.410	113	108	106	106	105	104	104	103	102	101	96	0	0	0.000	0.000	0	0	0	0	0	0	0	0	0	0	0	0	0	0.000	0.000	0	0	0	0	0	0	0	0	0	0	0
82	82	1483	646.685	414.808	164	650	536	88	9	238	910	279	28	4	345.944	7728	409	222	189	178	171	165	159	154	147	121	161.441	839	178	165	156	150	145	141	137	133	128	108	1	54	648.995	410.513	0	0	0	3318	0	0	0	424	0	0	0	1	48	649.711	409.975	0	0	0	3145	0	0	0	491	0	0	0
83	83	2234	519.650	425.632	284	387	951	452	109	185	686	1004	279	39	263.769	8452	240	178	164	156	151	147	143	136	126	106	176.803	480	217	201	190	181	175	170	162	148	129	101	1	44	509.570	409.383	0	0	0	3746	0	0	0	287	0	0	0	1	20	509.735	407.148	0	0	0	1916	0	0	0	387	0	0	0
84	84	1826	388.305	430.499	213	507	660	364	61	368	1119	265	38	7	133.693	163	146	142	139	136	134	131	128	125	121	107	104.222	116	108	106	105	104	104	103	103	102	101	93	0	0	0.000	0.000	0	0	0	0	0	0	0	0	0	0	0	0	0	0.000	0.000	0	0	0	0	0	0	0	0	0	0	0
85	85	2043	870.438	432.015	96	335	856	552	179	223	1096	586	92	7	246.074	7222	235	172	160	154	150	147	144	140	134	112	211.959	820	265	234	221	212	203	196	188	178	158	111	1	45	861.193	443.778	0	0	0	2819	0	0	0	451	0	0	0	1	31	861.284	442.259	0	0	0	1277	0	0	0	539	0	0	0
86	86	1242	1105.662	438.415	96	271	477	286	86	84	291	620	166	51	176.560	1958	198	169	160	154	149	145	142	138	133	110	229.993	410	292	267	251	238	226	217	204	192	176	124	1	28	1107.113	445.213	0	0	0	865	0	0	0	354	0	0	0	0	0	0.000	0.000	0	0	0	0	0	0	0	0	0	0	0
87	87	2296	1370.657	435.787	240	561	980	417	55	192	749	1001	252	53	1209.595	21284	1346	633	549	513	473	437	409	372	294	142	148.611	1072	158	127	122	120	118	116	114	112	109	97	1	145	1377.448	424.107	0	0	0	10113	0	0	0	521	0	0	0	1	135	1376.705	423.636	0	0	0	10562	0	0	0	536	0	0	0
88	88	1925	1246.156	439.973	253	610	720	271	38	215	871	558	221	23	634.087	977	848	800	756	715	668	621	568	502	336	128	122.845	143	132	130	128	126	124	122	119	116	112	100	0	0	0.000	0.000	0	0	0	0	0	0	0	0	0	0	0	0	0	0.000	0.000	0	0	0	0	0	0	0	0	0	0	0
89	89	897	1470.832	436.155	157	270	270	166	20	120	292	357	91	22	749.710	1190	1043	945	883	826	779	725	647	546	424	194	122.113	141	133	129	127	125	123	120	118	115	111	101	0	0	0.000	0.000	0	0	0	0	0	0	0	0	0	0	0	0	0	0.000	0.000	0	0	0	0	0	0	0	0	0	0	0
90	90	2144	803.570	448.522	237	408	861	482	116	131	615	975	280	103	223.564	318	281	268	256	243	228	215	202	183	152	111	171.621	230	207	199	191	184	176	168	158	145	126	99	0	0	0.000	0.000	0	0	0	0	0	0	0	0	0	0	0	0	0	0.000	0.000	0	0	0	0	0	0	0	0	0	0	0
91	91	2238	1308.048	454.002	819	1117	209	33	17	575	1214	312	72	22	971.369	14287	1057	950	878	810	755	703	650	574	361	131	142.318	1035	146	136	132	129	126	123	120	116	111	100	1	65	1321.414	443.599	0	0	0	7064	0	0	0	544	0	0	0	1	75	1321.415	443.816	0	0	0	6615	0	0	0	504	0	0	0
92	92	2510	1858.502	459.823	909	974	472	107	10	803	932	525	154	52	644.221	18758	612	296	253	230	213	201	190	176	156	110	216.350	3270	212	170	160	152	145	140	135	129	122	104	1	94	1856.090	461.212	0	0	0	8598	0	0	0	1553	0	0	0	1	98	1855.411	461.059	0	0	0	7679	0	0	0	1501	0	0	0
93	93	2010	1060.521	461.735	166	439	815	462	85	121	647	944	222	26	547.998	859	719	672	633	597	555	514	473	432	369	160	128.585	156	141	137	134	131	128	126	123	120	116	102	0	0	0.000	0.000	0	0	0	0	0	0	0	0	0	0	0	0	0	0.000	0.000	0	0	0	0	0	0	0	0	0	0	0
94	94	1673	261.152	460.098	172	406	665	321	73	113	382	784	305	55	435.647	10591	523	273	219	200	187	175	163	153	138	108	136.411	705	150	134	129	125	122	119	116	113	109	99	1	69	252.202	459.196	0	0	0	4318	0	0	0	379	0	0	0	1	62	252.016	458.716	0	0	0	4400	0	0	0	386	0	0	0
95	95	2112	1606.480	462.531	181	467	940	399	81	258	1156	552	99	9	1423.676	2264	1907	1759	1667	1604	1526	1416	1278	1070	778	175	137.205	167	151	147	145	142	139	136	132	127	119	101	0	0	0.000	0.000	0	0	0	0	0	0	0	0	0	0	0	0	0	0.000	0.000	0	0	0	0	0	0	0	0	0	0	0
96	96	987	152.619	459.537	53	171	432	216	93	51	176	448	271	27	1150.464	1990	1703	1573	1445	1316	1214	1075	919	721	492	195	104.845	117	109	107	106	105	105	104	103	102	101	97	0	0	0.000	0.000	0	0	0	0	0	0	0	0	0	0	0	0	0	0.000	0.000	0	0	0	0	0	0	0	0	0	0	0
97	97	1618	329.721	465.802	179	372	646	330	65	204	553	599	184	40	829.530	1276	1060	1007	959	926	892	855	788	647	458	170	126.206	149	139	136	133	130	127	124	121	117	111	100	0	0	0.000	0.000	0	0	0	0	0	0	0	0	0	0	0	0	0	0.000	0.000	0	0	0	0	0	0	0	0	0	0	0
98	98	2301	433.133	472.508	252	498	941	481	84	212	777	941	264	58	2369.207	3994	3307	3030	2780	2578	2389	2222	2063	1827	1309	402	138.400	170	155	151	147	143	139	136	132	127	119	102	0	0	0.000	0.000	0	0	0	0	0	0	0	0	0	0	0	0	0	0.000	0.000	0	0	0	0	0	0	0	0	0	0	0
99	99	1396	1516.849	470.958	229	464	471	171	29	241	579	384	153	18	121.230	143	129	127	125	123	121	119	118	116	113	103	304.383	448	410	392	372	349	324	299	267	210	151	105	0	0	0.000	0.000	0	0	0	0	0	0	0	0	0	0	0	0	0	0.000	0.000	0	0	0	0	0	0	0	0	0	0	0
100	100	1605	1014.417	483.049	1151	373	27	18	11	1259	278	38	13	6	117.681	134	125	122	120	119	118	116	115	113	111	103	377.356	557	515	492	469	443	403	353	300	249	213	107	0	0	0.000	0.000	0	0	0	0	0	0	0	0	0	0	0	0	0	0.000	0.000	0	0	0	0	0	0	0	0	0	0	0
101	101	2253	490.104	488.234	104	388	1039	522	173	148	724	1029	284	24	2319.766	3842	3279	3011	2818	2623	2410	2131	1878	1645	1275	312	138.293	174	155	151	148	144	139	135	130	126	119	102	0	0	0.000	0.000	0	0	0	0	0	0	0	0	0	0	0	0	0	0.000	0.000	0	0	0	0	0	0	0	0	0	0	0
102	102	767	1748.830	479.955	91	295	265	85	22	54	323	266	100	11	162.210	204	180	174	169	165	162	159	155	151	145	122	115.529	128	121	119	118	117	116	114	113	112	110	103	0	0	0.000	0.000	0	0	0	0	0	0	0	0	0	0	0	0	0	0.000	0.000	0	0	0	0	0	0	0	0	0	0	0
103	103	626	1397.013	481.157	347	181	75	10	8	225	209	136	41	8	148.851	204	177	168	162	155	150	145	137	129	117	103	242.577	422	340	310	288	269	250	226	198	169	134	102	0	0	0.000	0.000	0	0	0	0	0	0	0	0	0	0	0	0	0	0.000	0.000	0	0	0	0	0	0	0	0	0	0	0
104	104	1481	221.616	491.766	119	291	645	340	51	126	497	663	136	15	1162.614	2083	1678	1554	1451	1345	1240	1108	949	761	491	139	132.399	162	150	146	142	138	134	130	126	119	110	96	0	0	0.000	0.000	0	0	0	0	0	0	0	0	0	0	0	0	0	0.000	0.000	0	0	0	0	0	0	0	0	0	0	0
105	105	2321	1368.598	510.457	621	761	404	360	124	885	792	354	195	39	120.459	136	127	125	124	122	121	119	118	116	113	102	106.285	115	110	109	108	107	106	105	105	104	103	96	0	0	0.000	0.000	0	0	0	0	0	0	0	0	0	0	0	0	0	0.000	0.000	0	0	0	0	0	0	0	0	0	0	0
106	106	1905	763.433	506.236	278	487	677	340	95	290	591	702	237	40	169.912	225	203	195	187	180	172	163	155	146	133	111	243.197	368	329	307	289	268	244	222	200	181	158	113	0	0	0.000	0.000	0	0	0	0	0	0	0	0	0	0	0	0	0	0.000	0.000	0	0	0	0	0	0	0	0	0	0	0
107	107	2034	299.369	509.909	168	509	755	423	143	130	721	946	193	8	1234.689	15374	1745	1351	1143	991	883	768	662	554	356	151	154.380	1214	172	146	139	134	129	126	122	118	111	100	1	79	303.584	504.662	0	0	0	7864	0	0	0	608	0	0	0	1	82	303.589	504.755	0	0	0	7832	0	0	0	576	0	0	0
108	108	1493	1577.759	505.411	230	426	502	278	21	220	481	450	268	49	1010.123	11756	1364	947	856	748	664	606	564	530	474	302	137.300	661	149	135	130	127	124	121	118	115	112	99	1	67	1571.546	495.036	0	0	0	5741	0	0	0	345	0	0	0	1	64	1571.129	494.546	0	0	0	5095	0	0	0	355	0	0	0
109	109	2280	1831.754	515.142	745	934	471	78	11	709	910	495	114	15	276.375	7298	238	203	194	188	181	175	169	162	153	118	165.786	1008	177	170	165	161	157	152	147	141	134	107	1	49	1843.377	531.293	0	0	0	2933	0	0	0	536	0	0	0	1	44	1843.696	530.398	0	0	0	2629	0	0	0	562	0	0	0
110	110	1643	940.682	513.148	202	431	618	322	42	174	488	655	249	44	393.764	10411	414	198	175	166	159	153	149	143	133	108	145.119	744	156	147	143	139	136	133	128	121	111	97	1	63	952.288	504.801	0	0	0	4374	0	0	0	291	0	0	0	1	55	953.039	503.029	0	0	0	1903	0	0	0	435	0	0	0
111	111	595	1622.551	506.832	67	158	220	126	16	58	137	293	90	9	654.780	870	784	757	731	711	687	653	616	573	479	265	121.076	137	129	127	125	124	122	120	118	115	111	102	0	0	0.000	0.000	0	0	0	0	0	0	0	0	0	0	0	0	0	0.000	0.000	0	0	0	0	0	0	0	0	0	0	0
112	112	1174	1772.943	515.923	115	399	371	236	34	107	623	323	92	10	160.396	209	178	172	168	165	161	157	153	149	141	120	150.412	192	169	163	159	155	151	147	144	139	131	106	0	0	0.000	0.000	0	0	0	0	0	0	0	0	0	0	0	0	0	0.000	0.000	0	0	0	0	0	0	0	0	0	0	0
113	113	1708	630.375	522.030	306	568	604	181	20	375	777	423	89	15	116.840	133	123	121	119	118	117	116	115	113	111	102	137.225	173	154	150	146	142	138	134	130	125	118	102	0	0	0.000	0.000	0	0	0	0	0	0	0	0	0	0	0	0	0	0.000	0.000	0	0	0	0	0	0	0	0	0	0	0
114	114	1044	1426.207	521.248	166	348	371	120	20	164	326	370	129	37	516.117	711	653	626	601	570	537	502	465	428	353	153	118.885	143	127	125	123	122	120	118	116	113	109	101	0	0	0.000	0.000	0	0	0	0	0	0	0	0	0	0	0	0	0	0.000	0.000	0	0	0	0	0	0	0	0	0	0	0
115	115	1760	1236.826	534.424	187	371	709	392	67	174	599	711	219	35	191.465	885	221	209	201	195	190	183	177	167	152	113	144.983	183	165	159	154	149	145	141	137	132	124	106	0	0	0.000	0.000	0	0	0	0	0	0	0	0	0	0	0	0	0	0.000	0.000	0	0	0	0	0	0	0	0	0	0	0
116	116	2323	199.002	540.710	408	706	870	271	19	366	1187	576	123	13	1406.789	12516	2061	1740	1557	1409	1244	1086	965	832	511	157	146.170	834	163	152	146	140	136	131	127	121	110	97	1	50	183.340	529.324	0	0	0	7410	0	0	0	530	0	0	0	1	62	183.152	528.966	0	0	0	6614	0	0	0	500	0	0	0
117	117	1192	679.326	538.028	239	434	367	104	30	163	440	428	105	28	125.978	162	142	135	131	127	124	122	119	116	113	104	289.541	443	408	387	362	334	310	278	231	179	140	107	0	0	0.000	0.000	0	0	0	0	0	0	0	0	0	0	0	0	0	0.000	0.000	0	0	0	0	0	0	0	0	0	0	0
118	118	1932	1634.212	545.630	231	628	745	276	23	202	820	649	195	28	1154.355	1925	1608	1502	1414	1286	1159	1056	959	846	659	176	106.746	119	111	109	108	107	106	106	105	104	103	97	0	0	0.000	0.000	0	0	0	0	0	0	0	0	0	0	0	0	0	0.000	0.000	0	0	0	0	0	0	0	0	0	0	0
119	119	1708	126.117	547.492	378	217	693	300	96	280	261	809	272	55	2378.445	4275	3856	3496	3115	2829	2547	2265	1826	1175	505	155	108.157	126	114	112	110	109	108	107	106	104	103	98	0	0	0.000	0.000	0	0	0	0	0	0	0	0	0	0	0	0	0	0.000	0.000	0	0	0	0	0	0	0	0	0	0	0
120	120	1601	727.437	543.630	202	376	711	235	40	209	633	584	125	12	636.474	14754	851	294	219	197	187	179	170	159	138	107	287.462	1481	366	325	299	282	263	246	225	199	151	111	1	83	725.814	529.547	0	0	0	6517	0	0	0	826	0	0	0	1	54	725.793	529.529	0	0	0	8614	0	0	0	1056	0	0	0
121	121	595	1495.384	549.395	117	200	146	99	25	80	175	157	127	43	734.445	1073	966	902	841	801	762	715	676	591	457	188	125.224	142	135	132	130	128	127	124	122	118	113	101	0	0	0.000	0.000	0	0	0	0	0	0	0	0	0	0	0	0	0	0.000	0.000	0	0	0	0	0	0	0	0	0	0	0
122	122	1349	1545.380	559.394	133	372	496	268	52	165	415	567	132	39	905.342	1528	1286	1167	1086	1024	964	887	783	621	415	147	130.001	157	146	142	139	135	132	127	123	117	112	101	0	0	0.000	0.000	0	0	0	0	0	0	0	0	0	0	0	0	0	0.000	0.000	0	0	0	0	0	0	0	0	0	0	0
123	123	2716	793.667	568.773	326	582	1129	500	127	430	1414	586	206	33	3621.313	34251	15811	2068	693	359	261	229	207	189	166	106	926.594	8408	2812	633	394	336	306	282	251	216	174	108	1	528	797.051	568.314	0	0	0	16251	0	0	0	2958	0	0	0	1	395	797.122	568.215	0	0	0	22771	0	0	0	4420	0	0	0
124	124	1829	1770.188	566.168	251	617	580	269	74	311	932	405	130	20	160.855	627	185	172	166	161	157	152	147	142	135	107	152.080	344	173	165	160	155	150	146	141	137	130	106	1	20	1787.224	566.632	0	0	0	384	0	0	0	238	0	0	0	0	0	0.000	0.000	0	0	0	0	0	0	0	0	0	0	0
125	125	1046	1355.491	564.720	203	277	328	192	25	253	298	391	70	19	258.178	359	318	301	289	279	268	256	238	217	184	115	124.604	145	134	132	130	127	125	123	120	117	114	102	0	0	0.000	0.000	0	0	0	0	0	0	0	0	0	0	0	0	0	0.000	0.000	0	0	0	0	0	0	0	0	0	0	0
126	126	671	1461.662	565.648	175	214	179	67	26	157	172	184	103	47	646.954	873	784	754	731	707	687	655	616	536	438	277	146.745	174	163	160	157	154	150	147	141	133	123	106	0	0	0.000	0.000	0	0	0	0	0	0	0	0	0	0	0	0	0	0.000	0.000	0	0	0	0	0	0	0	0	0	0	0
127	127	1335	986.789	575.532	79	282	505	339	95	178	621	381	111	19	724.307	1135	1010	921	841	773	714	680	628	552	446	165	170.913	224	199	192	184	178	172	165	160	153	142	113	0	0	0.000	0.000	0	0	0	0	0	0	0	0	0	0	0	0	0	0.000	0.000	0	0	0	0	0	0	0	0	0	0	0
128	128	733	1720.748	570.512	47	194	250	171	53	37	272	234	143	33	115.558	130	121	119	118	116	115	115	113	112	110	103	154.394	186	171	167	163	159	156	152	148	144	135	114	0	0	0.000	0.000	0	0	0	0	0	0	0	0	0	0	0	0	0	0.000	0.000	0	0	0	0	0	0	0	0	0	0	0
129	129	1473	1148.150	582.183	109	598	495	212	28	132	672	394	168	80	1600.563	2466	2140	1950	1791	1670	1581	1500	1411	1278	1149	470	107.226	116	111	110	109	108	107	106	106	105	104	99	0	0	0.000	0.000	0	0	0	0	0	0	0	0	0	0	0	0	0	0.000	0.000	0	0	0	0	0	0	0	0	0	0	0
130	130	1303	1104.470	590.880	89	351	447	291	91	78	498	478	188	38	134.219	162	143	140	138	136	134	133	131	129	125	106	106.366	115	110	109	108	107	106	106	105	104	103	97	0	0	0.000	0.000	0	0	0	0	0	0	0	0	0	0	0	0	0	0.000	0.000	0	0	0	0	0	0	0	0	0	0	0
131	131	1053	1607.498	588.926	336	388	194	94	21	359	513	137	21	7	161.593	199	183	178	173	168	165	161	155	146	133	107	118.439	137	126	124	122	121	119	117	116	113	108	100	0	0	0.000	0.000	0	0	0	0	0	0	0	0	0	0	0	0	0	0.000	0.000	0	0	0	0	0	0	0	0	0	0	0
132	132	1591	942.506	594.718	190	410	661	253	40	165	625	595	146	24	436.945	712	575	545	517	478	442	410	385	354	260	119	113.506	129	120	118	116	115	114	112	111	109	107	101	0	0	0.000	0.000	0	0	0	0	0	0	0	0	0	0	0	0	0	0.000	0.000	0	0	0	0	0	0	0	0	0	0	0
133	133	1896	1658.583	592.832	315	764	472	276	43	239	906	459	223	35	588.279	15208	652	278	228	207	194	183	173	162	146	114	152.552	1224	163	137	131	127	124	122	119	116	112	100	1	85	1653.879	591.532	0	0	0	6647	0	0	0	540	0	0	0	1	86	1654.146	590.867	0	0	0	6573	0	0	0	570	0	0	0
134	134	1753	1872.008	598.837	215	582	601	249	70	259	748	514	151	41	763.728	18554	897	295	210	188	180	173	167	161	150	106	201.412	1651	234	170	162	157	154	150	146	141	134	101	1	95	1862.281	595.254	0	0	0	7574	0	0	0	822	0	0	0	1	103	1862.747	595.051	0	0	0	7237	0	0	0	793	0	0	0
135	135	1427	1056.105	592.992	232	353	504	271	42	146	332	500	312	112	118.807	133	125	123	121	120	119	118	116	115	113	104	371.070	514	470	446	425	407	388	371	350	302	233	132	0	0	0.000	0.000	0	0	0	0	0	0	0	0	0	0	0	0	0	0.000	0.000	0	0	0	0	0	0	0	0	0	0	0
136	136	1583	185.231	604.620	107	405	740	246	54	105	554	733	134	22	664.138	1044	889	812	754	696	645	608	575	544	471	220	103.922	115	107	106	105	104	104	103	103	102	101	96	0	0	0.000	0.000	0	0	0	0	0	0	0	0	0	0	0	0	0	0.000	0.000	0	0	0	0	0	0	0	0	0	0	0
137	137	1958	1741.269	609.927	151	468	838	387	74	127	631	843	227	86	125.379	564	130	126	123	122	120	118	117	115	112	103	167.563	229	201	190	182	174	168	161	155	146	132	105	1	36	1726.604	605.293	0	0	0	326	0	0	0	191	0	0	0	0	0	0.000	0.000	0	0	0	0	0	0	0	0	0	0	0
138	138	1836	1553.273	613.479	271	789	585	141	15	209	774	599	186	27	173.472	235	204	193	184	177	172	166	161	156	146	115	105.416	117	110	108	107	106	105	104	104	103	102	96	0	0	0.000	0.000	0	0	0	0	0	0	0	0	0	0	0	0	0	0.000	0.000	0	0	0	0	0	0	0	0	0	0	0
139	139	1689	874.423	619.616	102	314	765	396	72	106	581	733	206	32	210.664	276	247	236	228	222	215	208	197	185	169	128	271.658	371	334	318	305	293	281	265	246	225	196	117	0	0	0.000	0.000	0	0	0	0	0	0	0	0	0	0	0	0	0	0.000	0.000	0	0	0	0	0	0	0	0	0	0	0
140	140	1483	1451.065	619.431	260	404	430	260	97	210	624	424	161	31	721.256	1152	974	891	820	775	742	707	656	561	441	186	145.423	189	170	162	156	150	145	141	136	130	120	103	0	0	0.000	0.000	0	0	0	0	0	0	0	0	0	0	0	0	0	0.000	0.000	0	0	0	0	0	0	0	0	0	0	0
141	141	1607	998.238	625.477	98	520	649	276	35	91	830	461	171	23	668.981	1115	917	839	778	727	669	616	561	498	405	206	166.668	230	197	187	179	173	166	160	154	147	137	111	0	0	0.000	0.000	0	0	0	0	0	0	0	0	0	0	0	0	0	0.000	0.000	0	0	0	0	0	0	0	0	0	0	0
142	142	1678	1089.092	638.592	139	354	713	356	90	125	419	812	237	58	854.233	17901	989	497	454	428	398	371	352	323	281	139	221.893	2664	244	173	164	159	154	150	145	140	131	106	1	74	1077.458	635.486	0	0	0	8263	0	0	0	1351	0	0	0	1	76	1077.451	635.420	0	0	0	8242	0	0	0	1339	0	0	0
143	143	1606	1039.512	645.438	187	424	669	283	17	380	875	293	24	7	122.987	145	130	127	126	125	123	122	121	119	116	104	392.276	595	505	474	452	431	406	377	341	309	263	123	0	0	0.000	0.000	0	0	0	0	0	0	0	0	0	0	0	0	0	0.000	0.000	0	0	0	0	0	0	0	0	0	0	0
144	144	787	954.891	639.742	36	128	321	225	70	28	154	423	120	49	666.478	963	818	770	734	709	682	656	634	589	489	200	175.550	226	201	193	188	183	178	174	168	159	143	108	0	0	0.000	0.000	0	0	0	0	0	0	0	0	0	0	0	0	0	0.000	0.000	0	0	0	0	0	0	0	0	0	0	0
145	145	1639	139.733	655.238	312	343	631	294	24	180	329	689	312	109	114.708	135	122	119	118	116	115	113	112	110	108	99	141.193	182	164	157	151	146	141	136	132	127	120	100	0	0	0.000	0.000	0	0	0	0	0	0	0	0	0	0	0	0	0	0.000	0.000	0	0	0	0	0	0	0	0	0	0	0
146	146	2041	908.628	661.807	198	557	707	467	73	237	705	689	313	61	122.929	155	133	130	127	124	122	120	118	116	114	106	289.347	473	396	355	336	318	300	281	255	216	152	102	0	0	0.000	0.000	0	0	0	0	0	0	0	0	0	0	0	0	0	0.000	0.000	0	0	0	0	0	0	0	0	0	0	0
147	147	2179	481.350	664.857	361	340	916	416	104	395	1232	376	120	22	1359.650	2210	1778	1668	1593	1520	1445	1334	1194	1030	824	246	136.504	168	151	147	143	141	138	134	130	126	120	105	0	0	0.000	0.000	0	0	0	0	0	0	0	0	0	0	0	0	0	0.000	0.000	0	0	0	0	0	0	0	0	0	0	0
148	148	1733	1733.879	664.850	238	660	525	248	25	209	707	505	216	66	1276.432	19158	1858	777	686	620	555	483	434	384	328	138	190.211	1538	253	160	146	138	133	128	124	120	114	101	1	123	1731.230	669.728	0	0	0	8805	0	0	0	707	0	0	0	1	124	1731.940	668.965	0	0	0	7679	0	0	0	776	0	0	0
149	149	1390	1556.760	665.920	133	377	539	261	44	102	526	517	184	30	197.267	335	238	223	214	207	200	192	181	168	151	114	145.588	215	165	160	156	153	149	143	137	129	121	102	0	0	0.000	0.000	0	0	0	0	0	0	0	0	0	0	0	0	0	0.000	0.000	0	0	0	0	0	0	0	0	0	0	0
150	150	1777	1605.865	673.231	231	370	711	369	66	187	344	708	415	90	200.139	290	243	232	222	213	203	192	182	170	151	109	144.842	192	166	160	155	151	146	141	135	130	121	101	0	0	0.000	0.000	0	0	0	0	0	0	0	0	0	0	0	0	0	0.000	0.000	0	0	0	0	0	0	0	0	0	0	0
151	151	1397	338.381	677.041	298	436	454	140	45	408	651	254	47	16	881.666	1293	1166	1104	1053	996	934	855	753	651	526	198	151.026	368	238	154	140	136	132	128	124	122	118	106	0	0	0.000	0.000	0	0	0	0	0	0	0	0	0	0	0	0	0	0.000	0.000	0	0	0	0	0	0	0	0	0	0	0
152	152	1536	976.568	680.307	163	615	502	170	45	102	712	526	128	28	699.253	1269	922	835	770	727	693	658	607	540	481	219	174.265	255	204	191	184	178	173	168	162	155	147	114	0	0	0.000	0.000	0	0	0	0	0	0	0	0	0	0	0	0	0	0.000	0.000	0	0	0	0	0	0	0	0	0	0	0
153	153	1325	1321.810	685.408	131	371	410	301	75	96	524	429	202	49	164.613	205	182	177	172	169	165	162	158	154	146	117	166.623	213	192	184	178	173	167	161	156	150	141	114	0	0	0.000	0.000	0	0	0	0	0	0	0	0	0	0	0	0	0	0.000	0.000	0	0	0	0	0	0	0	0	0	0	0
154	154	1093	601.371	687.318	142	250	378	224	73	172	320	378	168	32	180.559	226	204	198	194	189	183	178	172	164	152	119	196.142	258	235	226	217	207	199	188	181	171	153	109	0	0	0.000	0.000	0	0	0	0	0	0	0	0	0	0	0	0	0	0.000	0.000	0	0	0	0	0	0	0	0	0	0	0
155	155	535	1495.273	685.883	131	152	143	93	11	102	161	160	64	38	162.121	202	184	179	174	170	166	161	156	145	133	111	105.550	117	110	108	107	106	105	104	104	103	102	98	0	0	0.000	0.000	0	0	0	0	0	0	0	0	0	0	0	0	0	0.000	0.000	0	0	0	0	0	0	0	0	0	0	0
156	156	1674	120.089	699.951	123	339	696	354	130	155	679	580	182	50	874.125	15329	1265	515	396	364	346	326	304	276	240	121	236.665	2055	324	199	180	173	167	161	154	145	133	105	1	105	126.400	696.484	0	0	0	6721	0	0	0	1047	0	0	0	1	102	125.478	695.966	0	0	0	4885	0	0	0	1074	0	0	0
157	157	1627	1676.073	705.312	139	446	628	267	110	227	727	506	100	25	1347.996	21633	2631	658	361	285	258	230	209	196	180	117	249.863	2539	383	181	156	146	140	135	131	126	119	104	1	144	1676.325	710.339	0	0	0	9543	0	0	0	1166	0	0	0	1	125	1676.180	709.706	0	0	0	11439	0	0	0	1256	0	0	0
158	158	1914	1768.709	707.598	281	612	662	298	27	165	557	858	201	100	440.045	633	572	548	517	485	455	419	382	347	284	129	125.444	157	140	135	131	128	125	122	119	116	112	100	0	0	0.000	0.000	0	0	0	0	0	0	0	0	0	0	0	0	0	0.000	0.000	0	0	0	0	0	0	0	0	0	0	0
159	159	759	377.258	710.562	198	145	180	129	98	196	142	175	170	65	363.958	562	511	477	456	430	401	368	305	216	150	121	295.300	454	401	372	351	333	316	295	259	204	152	105	0	0	0.000	0.000	0	0	0	0	0	0	0	0	0	0	0	0	0	0.000	0.000	0	0	0	0	0	0	0	0	0	0	0
160	160	1128	1720.615	717.040	105	237	462	258	38	106	384	401	159	56	204.105	264	236	228	223	217	210	202	193	181	160	125	133.895	158	148	144	141	139	136	132	128	124	118	104	0	0	0.000	0.000	0	0	0	0	0	0	0	0	0	0	0	0	0	0.000	0.000	0	0	0	0	0	0	0	0	0	0	0
161	161	1202	1569.617	718.529	379	423	300	61	20	331	457	296	84	19	124.625	161	139	133	129	126	123	121	118	115	113	103	788.499	1525	1268	1143	1043	933	834	703	556	384	235	108	0	0	0.000	0.000	0	0	0	0	0	0	0	0	0	0	0	0	0	0.000	0.000	0	0	0	0	0	0	0	0	0	0	0
162	162	2268	1294.013	727.664	238	485	913	513	80	274	830	789	244	85	122.362	148	130	127	126	124	122	121	119	117	114	104	172.463	237	208	199	191	183	175	166	158	147	132	102	0	0	0.000	0.000	0	0	0	0	0	0	0	0	0	0	0	0	0	0.000	0.000	0	0	0	0	0	0	0	0	0	0	0
163	163	1420	1416.321	728.451	244	422	337	308	77	243	439	392	229	89	802.071	12446	1531	377	222	195	184	176	166	155	141	108	315.721	3239	479	229	205	196	189	181	169	156	139	104	1	128	1421.204	729.711	0	0	0	5853	0	0	0	1335	0	0	0	1	100	1421.744	729.874	0	0	0	7148	0	0	0	1763	0	0	0
164	164	2095	222.435	741.970	216	443	831	454	116	252	794	741	217	56	157.982	205	183	177	172	167	162	156	147	136	126	105	129.425	159	144	141	138	135	131	127	122	117	112	101	0	0	0.000	0.000	0	0	0	0	0	0	0	0	0	0	0	0	0	0.000	0.000	0	0	0	0	0	0	0	0	0	0	0
165	165	1603	330.367	744.751	346	494	515	187	26	324	496	455	252	44	634.009	1008	805	743	710	673	635	608	581	553	459	157	133.305	286	149	138	134	131	128	126	124	121	117	105	0	0	0.000	0.000	0	0	0	0	0	0	0	0	0	0	0	0	0	0.000	0.000	0	0	0	0	0	0	0	0	0	0	0
166	166	2311	1662.334	754.329	453	786	742	241	42	504	1140	499	111	11	1355.723	19154	1650	1009	876	805	745	685	624	573	450	134	204.110	2471	227	159	148	142	137	133	128	124	115	102	1	129	1657.358	753.993	0	0	0	9758	0	0	0	886	0	0	0	1	106	1655.835	752.369	0	0	0	6636	0	0	0	1261	0	0	0
167	167	1937	1793.137	757.458	256	653	657	290	49	279	939	463	191	29	1049.227	1776	1571	1458	1339	1206	1058	908	792	654	531	211	115.770	151	129	123	120	116	114	112	110	108	106	98	0	0	0.000	0.000	0	0	0	0	0	0	0	0	0	0	0	0	0	0.000	0.000	0	0	0	0	0	0	0	0	0	0	0
168	168	1664	1895.371	760.247	359	826	374	60	22	392	934	230	58	17	538.201	6806	641	459	432	412	390	369	348	323	286	142	145.626	650	165	150	141	136	132	129	126	123	118	102	1	64	1893.264	747.779	0	0	0	3450	0	0	0	371	0	0	0	1	65	1893.868	747.905	0	0	0	3080	0	0	0	370	0	0	0
169	169	1805	508.438	764.410	1606	140	24	9	7	928	637	143	52	15	127.465	852	129	124	122	121	119	118	116	114	112	104	143.449	790	164	156	149	142	137	132	127	121	113	99	1	32	516.585	778.055	0	0	0	426	0	0	0	316	0	0	0	1	25	517.632	776.768	0	0	0	304	0	0	0	440	0	0	0
170	170	4372	376.079	775.223	3950	314	58	22	15	3945	335	46	20	11	1598.068	22530	2179	777	644	521	351	183	140	130	123	109	468.954	6745	499	328	261	210	187	169	149	128	112	100	1	465	366.602	772.889	0	0	0	10447	0	0	0	2099	0	0	0	2	349	366.159	773.206	129	412.174	758.872	16269	0	124	0	3303	0	384	0
171	171	2010	1477.298	773.281	758	790	348	63	19	820	763	292	98	6	167.067	226	189	182	178	174	171	167	162	153	135	110	138.167	209	161	151	144	140	137	134	130	125	116	101	0	0	0.000	0.000	0	0	0	0	0	0	0	0	0	0	0	0	0	0.000	0.000	0	0	0	0	0	0	0	0	0	0	0
172	172	1495	1842.772	771.047	156	534	557	192	29	387	758	261	50	10	1450.513	2300	2030	1899	1756	1610	1479	1350	1204	1040	820	300	118.259	144	129	125	122	120	118	116	114	112	109	101	0	0	0.000	0.000	0	0	0	0	0	0	0	0	0	0	0	0	0	0.000	0.000	0	0	0	0	0	0	0	0	0	0	0
173	173	1922	850.714	778.264	301	610	661	276	38	298	737	605	198	48	1356.275	22924	1818	429	279	232	210	197	186	174	160	126	415.964	3807	525	367	334	309	282	253	226	199	178	129	1	188	850.154	769.263	0	0	0	10244	0	0	0	1595	0	0	0	1	144	850.207	768.939	0	0	0	13828	0	0	0	2047	0	0	0
174	174	1073	1749.860	782.613	59	383	360	187	58	51	503	348	125	28	628.560	904	782	721	685	658	629	607	575	541	481	264	117.371	135	124	121	120	119	117	116	115	113	111	103	0	0	0.000	0.000	0	0	0	0	0	0	0	0	0	0	0	0	0	0.000	0.000	0	0	0	0	0	0	0	0	0	0	0
175	175	1965	1706.040	800.864	261	560	628	439	41	282	707	668	221	40	1337.274	2165	1733	1620	1524	1440	1369	1297	1210	1082	856	296	116.535	137	124	121	120	118	116	115	113	111	109	100	0	0	0.000	0.000	0	0	0	0	0	0	0	0	0	0	0	0	0	0.000	0.000	0	0	0	0	0	0	0	0	0	0	0
176	176	2307	1181.559	803.762	299	692	881	364	26	266	811	831	271	80	1890.827	3173	2766	2533	2317	2114	1924	1759	1545	1278	942	224	110.751	125	116	114	113	112	110	109	108	107	106	99	0	0	0.000	0.000	0	0	0	0	0	0	0	0	0	0	0	0	0	0.000	0.000	0	0	0	0	0	0	0	0	0	0	0
177	177	1846	237.839	804.402	134	244	793	477	163	123	420	844	327	90	488.801	12377	571	251	198	183	176	169	160	151	139	109	149.323	858	165	144	138	134	130	126	122	119	115	101	1	83	246.918	809.566	0	0	0	4944	0	0	0	460	0	0	0	1	79	246.638	809.157	0	0	0	4835	0	0	0	466	0	0	0
178	178	2041	295.141	816.830	272	621	675	359	71	317	891	575	184	32	1324.236	23438	2168	533	303	238	216	201	188	167	146	116	244.316	2703	345	177	156	146	140	135	130	123	116	102	1	175	294.392	821.984	0	0	0	10707	0	0	0	1094	0	0	0	1	144	294.452	821.749	0	0	0	13939	0	0	0	1259	0	0	0
179	179	2145	81.366	822.740	587	780	600	126	19	403	858	654	169	14	119.486	146	130	126	124	122	119	117	115	112	109	100	115.777	145	129	125	121	117	114	112	110	107	105	94	0	0	0.000	0.000	0	0	0	0	0	0	0	0	0	0	0	0	0	0.000	0.000	0	0	0	0	0	0	0	0	0	0	0
180	180	1767	1870.940	822.708	956	659	73	28	15	793	804	93	29	23	2126.630	3747	3109	2875	2633	2397	2174	1918	1664	1389	1060	407	142.005	180	165	158	153	147	142	137	131	126	120	105	0	0	0.000	0.000	0	0	0	0	0	0	0	0	0	0	0	0	0	0.000	0.000	0	0	0	0	0	0	0	0	0	0	0
181	181	1116	818.686	822.677	163	412	373	139	9	157	406	383	128	21	1368.626	1981	1762	1655	1589	1514	1438	1352	1229	1086	865	369	161.603	199	182	177	172	168	164	159	154	147	139	115	0	0	0.000	0.000	0	0	0	0	0	0	0	0	0	0	0	0	0	0.000	0.000	0	0	0	0	0	0	0	0	0	0	0
182	182	1722	1761.736	833.100	205	861	513	107	7	101	708	587	232	67	478.325	756	631	582	541	500	468	448	424	391	345	132	113.762	129	120	118	116	115	114	113	111	110	108	100	0	0	0.000	0.000	0	0	0	0	0	0	0	0	0	0	0	0	0	0.000	0.000	0	0	0	0	0	0	0	0	0	0	0
183	183	1950	366.767	828.018	518	610	532	232	34	495	863	425	118	9	3896.254	28210	8207	3290	2727	2300	2008	1840	1665	1406	987	297	974.688	12482	2305	541	337	283	256	240	227	203	170	119	1	226	369.267	824.332	0	0	0	18344	0	0	0	5549	0	0	0	1	209	369.113	824.812	0	0	0	19944	0	0	0	6001	0	0	0
184	184	1418	414.172	832.648	142	412	543	229	66	160	576	486	126	45	1665.839	17826	2914	1264	1095	921	790	660	568	492	386	159	169.882	1189	218	136	130	127	124	121	118	114	110	102	1	125	405.103	828.762	0	0	0	9760	0	0	0	575	0	0	0	1	113	404.810	828.080	0	0	0	10311	0	0	0	612	0	0	0
185	185	1662	529.587	866.208	171	594	609	240	20	144	570	707	184	24	395.166	9910	440	207	182	175	169	163	157	152	145	115	155.204	793	165	153	148	145	141	138	135	131	126	108	1	67	533.329	880.273	0	0	0	4079	0	0	0	426	0	0	0	1	54	533.546	879.923	0	0	0	4646	0	0	0	461	0	0	0
186	186	1481	1805.354	856.308	224	514	516	172	23	163	464	534	226	54	478.494	714	620	571	537	502	476	448	416	391	357	160	113.541	133	120	118	116	115	114	112	111	109	107	100	0	0	0.000	0.000	0	0	0	0	0	0	0	0	0	0	0	0	0	0.000	0.000	0	0	0	0	0	0	0	0	0	0	0
187	187	1466	312.413	858.965	90	201	612	413	117	74	323	739	248	56	203.770	284	241	228	219	213	206	199	190	181	166	112	137.074	176	157	150	145	141	137	133	129	124	117	101	0	0	0.000	0.000	0	0	0	0	0	0	0	0	0	0	0	0	0	0.000	0.000	0	0	0	0	0	0	0	0	0	0	0
188	188	2046	1721.067	863.861	142	659	733	410	52	182	784	706	287	49	115.972	137	122	120	118	117	116	114	113	112	110	104	158.994	216	188	179	172	166	160	153	147	141	128	103	0	0	0.000	0.000	0	0	0	0	0	0	0	0	0	0	0	0	0	0.000	0.000	0	0	0	0	0	0	0	0	0	0	0
189	189	1090	1160.988	860.799	111	244	394	218	92	140	430	352	120	29	137.701	437	146	141	138	135	133	132	130	128	126	110	137.879	173	156	150	145	141	136	133	130	127	123	107	1	19	1168.047	848.544	0	0	0	266	0	0	0	143	0	0	0	0	0	0.000	0.000	0	0	0	0	0	0	0	0	0	0	0
190	190	1141	1617.649	876.836	162	446	379	117	17	145	502	348	75	39	193.487	262	226	216	209	203	195	187	179	170	159	118	123.815	147	134	130	128	126	124	122	120	117	114	104	0	0	0.000	0.000	0	0	0	0	0	0	0	0	0	0	0	0	0	0.000	0.000	0	0	0	0	0	0	0	0	0	0	0
191	191	1440	266.507	882.268	178	322	600	275	47	121	221	688	333	61	187.726	254	229	219	210	201	192	182	171	157	138	107	147.795	192	172	168	162	156	150	143	137	129	120	102	0	0	0.000	0.000	0	0	0	0	0	0	0	0	0	0	0	0	0	0.000	0.000	0	0	0	0	0	0	0	0	0	0	0
192	192	1290	576.009	887.623	193	293	334	318	131	183	370	404	260	48	143.769	378	157	152	148	145	142	140	137	133	129	110	137.843	168	152	148	144	142	139	136	133	128	121	105	0	0	0.000	0.000	0	0	0	0	0	0	0	0	0	0	0	0	0	0.000	0.000	0	0	0	0	0	0	0	0	0	0	0
193	193	963	1809.159	897.180	83	259	352	223	26	102	344	325	133	41	1607.714	2284	2048	1951	1848	1739	1651	1551	1435	1309	1116	432	133.593	159	146	143	140	138	135	132	128	125	119	103	0	0	0.000	0.000	0	0	0	0	0	0	0	0	0	0	0	0	0	0.000	0.000	0	0	0	0	0	0	0	0	0	0	0
194	194	1616	1478.874	906.774	185	250	518	448	181	260	573	482	227	46	164.179	224	185	178	174	169	164	160	155	150	143	118	137.670	172	155	149	145	141	137	133	130	126	122	108	0	0	0.000	0.000	0	0	0	0	0	0	0	0	0	0	0	0	0	0.000	0.000	0	0	0	0	0	0	0	0	0	0	0
195	195	2486	323.479	904.745	175	442	905	738	182	226	716	1009	332	158	3217.295	32160	11257	1800	766	496	404	349	300	250	192	119	484.135	5257	1234	291	174	148	137	129	122	117	111	99	1	431	326.558	901.908	0	0	0	15654	0	0	0	1657	0	0	0	1	316	325.898	901.474	0	0	0	22914	0	0	0	2535	0	0	0
196	196	1868	224.653	910.628	323	316	734	369	93	330	488	741	218	49	897.702	17051	1209	435	304	254	224	199	179	161	144	110	364.718	5934	498	241	193	174	161	150	140	129	120	103	1	125	223.300	907.654	0	0	0	8618	0	0	0	2433	0	0	0	1	120	223.138	907.284	0	0	0	8723	0	0	0	2484	0	0	0
197	197	1500	1036.514	913.902	160	309	593	323	86	132	445	680	174	37	216.738	289	259	247	237	230	222	213	200	186	167	122	118.857	138	128	125	122	121	119	117	115	113	110	101	0	0	0.000	0.000	0	0	0	0	0	0	0	0	0	0	0	0	0	0.000	0.000	0	0	0	0	0	0	0	0	0	0	0
198	198	2114	932.184	919.997	190	482	862	503	43	169	632	906	268	88	207.615	5046	207	180	172	166	160	155	150	145	136	110	196.954	583	239	225	215	204	195	186	178	167	150	106	1	32	933.882	906.337	0	0	0	1857	0	0	0	367	0	0	0	0	0	0.000	0.000	0	0	0	0	0	0	0	0	0	0	0
199	199	1353	543.659	918.001	211	293	593	207	22	137	288	549	318	40	159.214	207	182	175	170	166	161	157	153	145	129	108	136.789	167	152	148	144	142	139	136	132	127	115	102	0	0	0.000	0.000	0	0	0	0	0	0	0	0	0	0	0	0	0	0.000	0.000	0	0	0	0	0	0	0	0	0	0	0
200	200	2814	381.026	928.306	381	520	1202	559	111	432	1336	751	206	27	739.108	11216	914	770	700	643	573	492	426	361	265	135	137.340	704	151	141	136	132	128	124	120	115	110	101	2	69	383.310	940.951	22	364.392	931.035	5989	0	2490	0	373	0	221	0	2	74	383.321	940.121	24	362.952	929.561	5123	0	1245	0	371	0	221	0
201	201	2083	82.926	939.817	212	357	798	529	153	241	591	799	346	66	220.127	318	277	259	246	235	224	213	200	181	154	108	142.636	183	164	158	153	148	143	138	134	128	119	103	0	0	0.000	0.000	0	0	0	0	0	0	0	0	0	0	0	0	0	0.000	0.000	0	0	0	0	0	0	0	0	0	0	0
202	202	1808	1580.239	952.951	112	557	700	363	41	73	694	723	251	34	352.881	8523	377	236	216	203	194	186	178	170	158	114	135.978	823	144	131	127	124	122	120	118	116	114	104	1	55	1573.736	950.425	0	0	0	3551	0	0	0	386	0	0	0	1	54	1574.156	949.893	0	0	0	3628	0	0	0	432	0	0	0
203	203	2373	746.611	951.652	306	638	989	342	45	288	1082	744	169	51	675.220	16922	691	293	240	222	210	197	186	174	155	113	297.564	2186	362	318	293	275	254	233	215	197	166	105	1	114	746.632	939.706	0	0	0	7413	0	0	0	823	0	0	0	1	82	745.597	941.235	0	0	0	6730	0	0	0	1367	0	0	0
204	204	2548	621.461	956.116	261	528	1076	554	73	291	1398	622	168	20	1983.626	3767	3046	2725	2469	2214	2028	1783	1505	1224	841	252	194.303	292	249	230	218	208	199	188	172	153	134	107	0	0	0.000	0.000	0	0	0	0	0	0	0	0	0	0	0	0	0	0.000	0.000	0	0	0	0	0	0	0	0	0	0	0
205	205	1646	1647.147	954.231	1042	481	74	16	19	1277	312	27	13	7	134.861	187	154	148	141	136	132	129	126	123	119	107	576.067	1392	985	779	659	574	514	470	425	363	305	134	0	0	0.000	0.000	0	0	0	0	0	0	0	0	0	0	0	0	0	0.000	0.000	0	0	0	0	0	0	0	0	0	0	0
206	206	2113	292.512	966.661	283	376	939	428	54	329	1024	565	149	10	371.374	598	519	477	445	414	382	351	314	264	198	123	133.251	164	150	145	142	139	135	131	126	120	113	101	0	0	0.000	0.000	0	0	0	0	0	0	0	0	0	0	0	0	0	0.000	0.000	0	0	0	0	0	0	0	0	0	0	0
207	207	2288	805.945	966.379	249	508	899	524	65	256	1080	638	226	32	174.639	221	201	195	190	184	179	172	164	155	140	107	226.862	314	282	273	262	250	236	217	200	181	156	111	0	0	0.000	0.000	0	0	0	0	0	0	0	0	0	0	0	0	0	0.000	0.000	0	0	0	0	0	0	0	0	0	0	0
208	208	2319	685.191	969.474	184	505	1048	446	100	206	858	886	253	69	2671.241	4280	3742	3478	3252	3061	2834	2552	2260	1879	1304	239	233.846	329	292	278	268	256	245	230	213	187	153	107	0	0	0.000	0.000	0	0	0	0	0	0	0	0	0	0	0	0	0	0.000	0.000	0	0	0	0	0	0	0	0	0	0	0
209	209	1492	1044.374	965.155	89	265	569	395	145	97	591	553	190	35	119.965	137	126	124	122	121	120	119	117	116	114	101	133.927	158	146	142	140	137	135	132	129	125	121	105	0	0	0.000	0.000	0	0	0	0	0	0	0	0	0	0	0	0	0	0.000	0.000	0	0	0	0	0	0	0	0	0	0	0
210	210	1827	1746.953	986.473	541	871	335	38	13	609	807	308	66	13	118.307	137	125	123	121	120	118	117	115	114	111	102	220.188	342	290	265	251	238	225	208	190	167	145	113	0	0	0.000	0.000	0	0	0	0	0	0	0	0	0	0	0	0	0	0.000	0.000	0	0	0	0	0	0	0	0	0	0	0
211	211	1640	1906.329	987.744	220	357	559	360	116	185	597	584	181	60	722.355	11722	898	628	554	517	483	439	391	343	281	135	118.382	355	127	120	116	114	112	111	109	108	106	98	1	54	1910.098	983.694	0	0	0	5806	0	0	0	240	0	0	0	1	64	1910.390	983.738	0	0	0	5306	0	0	0	227	0	0	0
212	212	1009	1480.196	984.379	244	322	334	76	13	216	368	250	142	19	134.973	155	144	141	139	137	135	133	131	129	126	114	119.801	154	130	126	124	121	119	118	115	113	111	104	0	0	0.000	0.000	0	0	0	0	0	0	0	0	0	0	0	0	0	0.000	0.000	0	0	0	0	0	0	0	0	0	0	0
213	213	1217	591.581	1002.509	105	180	487	333	93	92	274	584	188	63	743.866	8825	845	722	655	613	570	531	493	448	382	193	129.781	457	136	129	126	124	122	120	118	115	112	101	1	40	590.382	1015.712	0	0	0	4890	0	0	0	300	0	0	0	1	45	590.466	1015.296	0	0	0	4153	0	0	0	282	0	0	0
214	214	1972	650.935	1021.025	304	423	722	398	88	353	852	516	189	20	1886.286	23725	3808	969	611	504	463	438	406	363	301	137	213.930	1857	318	156	143	134	128	123	120	116	112	98	1	224	646.909	1025.875	0	0	0	11603	0	0	0	725	0	0	0	1	179	646.224	1025.998	0	0	0	13764	0	0	0	945	0	0	0
215	215	829	1804.320	1012.134	156	298	281	62	13	113	392	224	72	7	159.737	192	178	173	169	166	162	157	153	147	138	118	138.846	165	154	151	148	145	142	138	133	127	115	103	0	0	0.000	0.000	0	0	0	0	0	0	0	0	0	0	0	0	0	0.000	0.000	0	0	0	0	0	0	0	0	0	0	0
216	216	3155	129.609	1032.857	453	544	1321	613	167	463	977	1263	309	85	119.637	153	127	125	123	121	120	118	117	115	112	102	277.192	403	356	339	322	304	285	263	243	221	184	109	0	0	0.000	0.000	0	0	0	0	0	0	0	0	0	0	0	0	0	0.000	0.000	0	0	0	0	0	0	0	0	0	0	0
217	217	1214	1457.142	1021.159	98	312	402	309	71	104	548	328	174	25	238.000	314	280	266	256	247	240	231	222	212	194	149	145.549	179	162	157	152	149	145	142	138	134	130	112	0	0	0.000	0.000	0	0	0	0	0	0	0	0	0	0	0	0	0	0.000	0.000	0	0	0	0	0	0	0	0	0	0	0
218	218	2221	390.841	1029.105	610	831	473	241	24	477	780	628	240	42	125.030	159	140	133	130	127	124	121	119	116	112	103	699.719	1123	943	881	835	796	756	713	627	495	341	154	0	0	0.000	0.000	0	0	0	0	0	0	0	0	0	0	0	0	0	0.000	0.000	0	0	0	0	0	0	0	0	0	0	0
219	219	1569	1504.696	1046.712	316	751	367	83	16	355	872	255	42	15	827.380	17883	1021	299	232	219	212	205	197	186	175	127	226.078	2154	261	179	171	167	163	158	154	148	140	116	1	92	1514.287	1051.837	0	0	0	7930	0	0	0	1070	0	0	0	1	86	1514.565	1051.305	0	0	0	8437	0	0	0	1103	0	0	0
220	220	2333	1556.946	1039.581	311	687	793	447	45	256	1029	693	236	74	193.667	1158	222	213	207	201	195	188	181	173	157	117	358.104	571	466	436	407	385	366	348	325	292	231	118	0	0	0.000	0.000	0	0	0	0	0	0	0	0	0	0	0	0	0	0.000	0.000	0	0	0	0	0	0	0	0	0	0	0
221	221	2097	1767.194	1043.522	270	507	812	378	84	337	1067	473	152	30	172.877	225	196	189	184	179	175	170	165	158	145	116	261.524	355	320	307	294	283	272	256	239	215	189	117	0	0	0.000	0.000	0	0	0	0	0	0	0	0	0	0	0	0	0	0.000	0.000	0	0	0	0	0	0	0	0	0	0	0
222	222	1327	289.861	1061.988	134	359	471	304	36	85	334	454	309	124	162.378	1378	164	156	151	148	145	142	139	136	131	116	133.531	216	144	140	137	135	133	131	129	126	122	106	1	46	279.018	1047.866	0	0	0	519	0	0	0	143	0	0	0	0	0	0.000	0.000	0	0	0	0	0	0	0	0	0	0	0
223	223	2068	685.978	1066.653	204	335	912	479	101	252	463	913	260	131	846.422	15150	1020	577	501	471	440	411	383	341	283	149	147.013	1077	157	138	132	128	124	121	118	115	111	99	1	98	692.475	1070.039	0	0	0	7091	0	0	0	469	0	0	0	1	82	692.705	1069.745	0	0	0	8239	0	0	0	553	0	0	0
224	224	803	448.326	1074.586	76	178	232	214	89	51	192	223	257	69	112.623	128	117	116	115	114	113	112	111	110	108	101	105.715	117	109	108	107	106	106	105	105	104	103	97	0	0	0.000	0.000	0	0	0	0	0	0	0	0	0	0	0	0	0	0.000	0.000	0	0	0	0	0	0	0	0	0	0	0
225	225	2370	394.762	1089.858	220	290	958	631	227	240	524	1169	309	87	186.151	250	217	208	201	196	190	184	177	165	146	110	277.284	404	346	327	313	299	285	271	253	231	191	115	0	0	0.000	0.000	0	0	0	0	0	0	0	0	0	0	0	0	0	0.000	0.000	0	0	0	0	0	0	0	0	0	0	0
226	226	1669	490.876	1086.131	272	501	554	247	53	240	601	543	219	25	114.410	128	119	118	117	115	114	113	112	111	109	103	105.835	116	109	108	107	106	106	105	104	104	103	97	0	0	0.000	0.000	0	0	0	0	0	0	0	0	0	0	0	0	0	0.000	0.000	0	0	0	0	0	0	0	0	0	0	0
227	227	2764	623.042	1091.866	282	690	1214	461	63	293	1306	855	235	31	1214.524	2298	1827	1639	1515	1404	1288	1111	938	738	521	185	109.675	134	119	114	111	109	108	107	106	105	104	98	0	0	0.000	0.000	0	0	0	0	0	0	0	0	0	0	0	0	0	0.000	0.000	0	0	0	0	0	0	0	0	0	0	0
228	228	1001	558.450	1087.510	165	196	389	171	56	142	143	460	226	18	252.753	407	347	307	286	271	260	244	225	190	145	114	115.302	132	123	120	119	117	116	114	112	110	107	96	0	0	0.000	0.000	0	0	0	0	0	0	0	0	0	0	0	0	0	0.000	0.000	0	0	0	0	0	0	0	0	0	0	0
229	229	2400	124.063	1096.793	486	664	832	353	26	478	1084	583	207	12	118.158	137	125	123	121	119	118	117	115	114	111	103	240.317	332	297	282	269	258	247	236	225	203	167	109	0	0	0.000	0.000	0	0	0	0	0	0	0	0	0	0	0	0	0	0.000	0.000	0	0	0	0	0	0	0	0	0	0	0
230	230	1459	1929.280	1100.956	172	491	539	192	33	152	670	427	157	28	1527.635	2619	2194	2022	1856	1630	1477	1370	1278	1147	886	181	108.681	124	114	112	111	109	108	108	107	105	104	98	0	0	0.000	0.000	0	0	0	0	0	0	0	0	0	0	0	0	0	0.000	0.000	0	0	0	0	0	0	0	0	0	0	0
231	231	1817	1626.066	1100.122	129	534	782	273	60	146	875	559	160	43	480.155	12963	543	256	193	179	170	164	157	153	147	122	182.859	1470	205	171	162	156	151	146	142	138	132	113	1	73	1639.137	1097.168	0	0	0	5536	0	0	0	680	0	0	0	1	68	1639.185	1096.717	0	0	0	5817	0	0	0	776	0	0	0
232	232	2169	1827.692	1109.367	352	1020	573	178	14	333	868	597	265	70	211.815	332	262	245	234	221	209	197	186	176	166	117	150.982	210	175	165	159	155	150	145	140	136	130	107	0	0	0.000	0.000	0	0	0	0	0	0	0	0	0	0	0	0	0	0.000	0.000	0	0	0	0	0	0	0	0	0	0	0
233	233	1712	672.164	1124.239	248	275	726	321	117	236	551	681	190	19	1328.307	2344	2007	1828	1696	1580	1427	1234	1027	779	493	176	107.611	123	112	110	109	108	107	106	106	105	103	98	0	0	0.000	0.000	0	0	0	0	0	0	0	0	0	0	0	0	0	0.000	0.000	0	0	0	0	0	0	0	0	0	0	0
234	234	1933	1883.719	1138.499	332	654	655	210	31	350	829	534	166	13	1660.751	2738	2355	2117	1972	1818	1669	1519	1392	1261	969	255	108.692	121	113	112	110	109	109	108	107	106	105	99	0	0	0.000	0.000	0	0	0	0	0	0	0	0	0	0	0	0	0	0.000	0.000	0	0	0	0	0	0	0	0	0	0	0
235	235	2972	184.947	1142.047	236	503	1308	708	157	298	913	1230	380	100	565.781	926	745	679	642	612	586	556	517	451	333	165	130.622	159	145	140	137	134	131	128	125	121	115	103	0	0	0.000	0.000	0	0	0	0	0	0	0	0	0	0	0	0	0	0.000	0.000	0	0	0	0	0	0	0	0	0	0	0
236	236	1851	823.672	1145.761	386	1060	345	23	16	533	1141	120	12	14	650.589	995	828	770	734	695	656	617	584	546	467	191	108.312	121	112	111	110	109	108	107	107	106	105	99	0	0	0.000	0.000	0	0	0	0	0	0	0	0	0	0	0	0	0	0.000	0.000	0	0	0	0	0	0	0	0	0	0	0
237	237	893	578.144	1133.365	124	350	241	142	25	90	254	290	211	31	128.140	412	136	129	126	124	122	121	119	117	114	104	448.979	722	615	576	549	508	468	428	384	312	230	134	0	0	0.000	0.000	0	0	0	0	0	0	0	0	0	0	0	0	0	0.000	0.000	0	0	0	0	0	0	0	0	0	0	0
238	238	2146	490.232	1151.928	249	331	807	478	248	289	663	897	184	76	1363.256	22304	2389	563	281	231	212	202	193	182	166	119	268.483	3049	380	184	158	149	143	139	136	131	125	104	1	198	491.928	1160.668	0	0	0	10541	0	0	0	1149	0	0	0	1	160	491.924	1159.965	0	0	0	13757	0	0	0	1532	0	0	0
239	239	1481	100.555	1145.497	158	252	577	366	100	180	503	556	185	26	197.002	749	223	215	209	203	198	192	184	175	157	106	128.256	155	140	137	134	132	129	127	123	120	115	100	0	0	0.000	0.000	0	0	0	0	0	0	0	0	0	0	0	0	0	0.000	0.000	0	0	0	0	0	0	0	0	0	0	0
240	240	1530	538.138	1149.665	160	391	590	254	113	307	763	315	103	15	756.055	1216	1011	938	880	827	778	708	633	554	474	250	143.015	182	158	154	150	147	144	140	136	132	126	105	0	0	0.000	0.000	0	0	0	0	0	0	0	0	0	0	0	0	0	0.000	0.000	0	0	0	0	0	0	0	0	0	0	0
241	241	2079	1720.617	1149.669	297	481	756	396	112	298	818	704	182	41	164.978	203	185	180	175	171	167	163	158	151	140	114	229.408	313	282	269	257	246	237	226	211	191	166	109	0	0	0.000	0.000	0	0	0	0	0	0	0	0	0	0	0	0	0	0.000	0.000	0	0	0	0	0	0	0	0	0	0	0
242	242	1408	629.099	1161.274	107	229	548	395	100	143	538	542	145	14	568.912	858	767	713	664	611	570	530	499	447	366	164	132.575	161	145	142	139	136	133	130	127	123	119	107	0	0	0.000	0.000	0	0	0	0	0	0	0	0	0	0	0	0	0	0.000	0.000	0	0	0	0	0	0	0	0	0	0	0
243	243	1138	665.242	1190.617	83	142	545	290	62	82	119	506	313	91	117.288	135	124	122	120	118	117	116	114	113	111	103	153.347	198	176	170	165	160	155	151	145	138	127	107	0	0	0.000	0.000	0	0	0	0	0	0	0	0	0	0	0	0	0	0.000	0.000	0	0	0	0	0	0	0	0	0	0	0
244	244	1836	406.539	1207.444	175	355	797	380	97	234	588	797	159	22	278.762	4699	296	269	257	245	231	214	196	178	146	113	120.203	325	131	127	123	120	117	115	112	110	107	100	1	33	410.725	1216.491	0	0	0	2258	0	0	0	210	0	0	0	1	36	410.268	1215.888	0	0	0	1904	0	0	0	210	0	0	0
245	245	1889	618.758	1212.877	151	424	841	399	35	107	569	871	259	49	1049.660	11492	1434	1162	990	877	776	710	657	605	497	200	188.989	1660	217	184	169	161	154	149	144	138	130	107	1	54	616.831	1205.636	0	0	0	6738	0	0	0	850	0	0	0	1	65	617.492	1204.675	0	0	0	4818	0	0	0	847	0	0	0
246	246	1468	851.725	1221.125	150	354	538	304	96	148	531	570	153	39	117.152	134	124	121	120	118	117	116	114	113	111	102	187.317	277	233	216	203	193	185	178	171	162	146	112	0	0	0.000	0.000	0	0	0	0	0	0	0	0	0	0	0	0	0	0.000	0.000	0	0	0	0	0	0	0	0	0	0	0
247	247	2715	295.053	1244.741	494	856	868	368	90	508	1088	715	274	69	531.445	1029	814	720	649	586	537	498	437	313	210	126	106.469	123	110	109	108	107	106	105	105	104	103	97	0	0	0.000	0.000	0	0	0	0	0	0	0	0	0	0	0	1	21	290.785	1242.721	0	0	0	493	0	0	0	117	0	0	0
248	248	1067	244.841	1235.423	187	445	331	70	13	133	452	401	51	9	523.877	921	756	675	622	565	520	476	435	390	294	135	105.250	116	109	107	107	106	105	104	104	103	102	96	0	0	0.000	0.000	0	0	0	0	0	0	0	0	0	0	0	0	0	0.000	0.000	0	0	0	0	0	0	0	0	0	0	0
249	249	1552	567.084	1260.067	160	497	614	206	49	137	640	618	103	20	651.939	4270	837	792	744	703	659	611	546	469	356	143	126.642	253	146	136	131	127	124	121	118	115	111	101	1	14	552.747	1257.013	0	0	0	2976	0	0	0	205	0	0	0	1	17	552.685	1257.478	0	0	0	2598	0	0	0	205	0	0	0
250	250	2146	807.910	1268.495	521	709	577	274	25	475	557	698	316	63	122.366	147	131	128	126	124	123	121	119	117	114	101	575.151	884	788	745	705	661	616	565	497	390	270	130	0	0	0.000	0.000	0	0	0	0	0	0	0	0	0	0	0	0	0	0.000	0.000	0	0	0	0	0	0	0	0	0	0	0
251	251	1573	410.255	1268.747	914	560	35	26	13	765	691	47	23	19	527.423	12690	651	301	238	221	209	196	184	170	156	117	135.573	776	146	129	125	122	120	117	115	112	110	98	1	65	410.060	1275.272	0	0	0	5577	0	0	0	396	0	0	0	1	64	410.029	1275.385	0	0	0	5901	0	0	0	397	0	0	0
252	252	1734	623.137	1269.698	145	309	708	474	66	193	525	769	181	32	608.710	1003	852	747	691	648	612	565	522	453	382	210	135.630	174	152	146	142	139	136	132	128	124	119	109	0	0	0.000	0.000	0	0	0	0	0	0	0	0	0	0	0	0	0	0.000	0.000	0	0	0	0	0	0	0	0	0	0	0
253	253	1182	500.765	1282.556	125	240	377	305	117	95	367	426	188	86	113.108	128	118	116	115	114	113	112	111	110	108	101	105.659	116	109	108	107	106	106	105	104	103	102	97	0	0	0.000	0.000	0	0	0	0	0	0	0	0	0	0	0	0	0	0.000	0.000	0	0	0	0	0	0	0	0	0	0	0
254	254	2064	1912.179	1312.663	269	611	790	324	31	194	451	951	340	82	930.261	20216	1110	346	260	236	227	219	210	199	179	125	225.021	1466	256	217	208	199	189	179	171	160	138	101	1	120	1899.221	1306.048	0	0	0	9767	0	0	0	668	0	0	0	1	108	1899.772	1306.537	0	0	0	10912	0	0	0	832	0	0	0
255	255	1509	389.093	1315.981	75	192	586	433	193	75	350	796	219	42	199.692	2349	222	210	201	191	183	176	166	156	144	116	115.097	198	122	120	118	116	114	113	111	109	107	97	1	43	379.336	1300.682	0	0	0	843	0	0	0	126	0	0	0	1	15	378.802	1301.804	0	0	0	1339	0	0	0	165	0	0	0
256	256	1649	626.750	1323.729	355	436	606	192	39	303	476	744	80	18	198.221	289	238	224	216	208	199	193	186	176	153	113	182.034	253	219	208	200	191	183	176	168	160	140	108	0	0	0.000	0.000	0	0	0	0	0	0	0	0	0	0	0	0	0	0.000	0.000	0	0	0	0	0	0	0	0	0	0	0
257	257	2690	266.973	1357.917	722	957	771	164	25	605	1005	846	175	23	128.216	150	138	136	133	131	129	127	124	121	116	103	800.635	1345	1187	1114	1052	960	836	711	595	474	339	120	0	0	0.000	0.000	0	0	0	0	0	0	0	0	0	0	0	0	0	0.000	0.000	0	0	0	0	0	0	0	0	0	0	0
258	258	1470	410.407	1359.499	109	327	684	254	69	122	648	569	77	12	112.854	125	118	116	115	114	113	112	111	109	108	102	106.946	119	111	110	108	107	107	106	105	104	103	97	0	0	0.000	0.000	0	0	0	0	0	0	0	0	0	0	0	0	0	0.000	0.000	0	0	0	0	0	0	0	0	0	0	0
259	259	1421	599.243	1391.537	262	492	414	193	27	301	682	278	102	24	117.985	133	125	123	121	119	118	117	115	113	111	102	420.616	716	616	559	491	456	422	387	351	295	216	124	0	0	0.000	0.000	0	0	0	0	0	0	0	0	0	0	0	0	0	0.000	0.000	0	0	0	0	0	0	0	0	0	0	0
260	260	1529	661.080	1389.889	120	318	479	423	159	143	459	531	281	83	137.343	365	147	143	140	138	136	134	132	130	125	111	142.060	172	157	153	149	146	143	139	136	132	126	107	0	0	0.000	0.000	0	0	0	0	0	0	0	0	0	0	0	0	0	0.000	0.000	0	0	0	0	0	0	0	0	0	0	0
261	261	1101	374.127	1391.614	313	536	196	27	11	402	626	49	12	6	114.908	143	121	118	117	116	114	113	112	111	109	103	107.323	118	111	110	109	108	107	106	106	105	104	100	0	0	0.000	0.000	0	0	0	0	0	0	0	0	0	0	0	0	0	0.000	0.000	0	0	0	0	0	0	0	0	0	0	0
262	262	2700	215.485	1412.396	318	617	1115	486	121	345	1094	867	276	60	1606.023	11552	2547	2246	1847	1514	1328	1228	1132	973	639	197	153.875	789	179	167	157	147	142	137	133	127	119	100	1	50	210.393	1398.293	0	0	0	7480	0	0	0	523	0	0	0	1	62	210.772	1397.808	0	0	0	6373	0	0	0	465	0	0	0
263	263	1992	1809.247	1425.681	269	762	741	170	12	133	484	862	380	103	813.887	14756	938	514	427	393	374	355	334	308	275	175	182.123	1683	201	155	148	144	140	137	133	130	124	101	1	96	1805.556	1431.000	0	0	0	7790	0	0	0	789	0	0	0	1	89	1805.732	1430.412	0	0	0	8067	0	0	0	823	0	0	0
264	264	1554	1885.005	1415.802	305	426	425	269	90	354	520	431	178	36	123.881	159	134	130	127	125	123	122	120	118	115	106	301.218	468	410	385	364	345	320	294	260	206	150	110	0	0	0.000	0.000	0	0	0	0	0	0	0	0	0	0	0	0	0	0.000	0.000	0	0	0	0	0	0	0	0	0	0	0
265	265	2733	277.835	1421.021	566	935	773	318	82	513	1169	647	287	66	123.267	173	131	128	126	124	123	121	120	118	116	105	563.169	981	813	724	666	604	539	490	462	431	349	130	0	0	0.000	0.000	0	0	0	0	0	0	0	0	0	0	0	0	0	0.000	0.000	0	0	0	0	0	0	0	0	0	0	0
266	266	1432	331.033	1421.632	324	426	375	220	51	225	467	544	152	23	124.773	145	134	131	129	128	126	123	121	118	115	104	367.661	566	488	467	440	418	394	360	311	257	205	140	0	0	0.000	0.000	0	0	0	0	0	0	0	0	0	0	0	0	0	0.000	0.000	0	0	0	0	0	0	0	0	0	0	0
267	267	1733	418.987	1427.283	251	573	630	225	36	291	866	403	118	22	498.952	11137	582	308	269	247	230	213	193	172	150	113	158.811	1032	185	161	150	143	138	131	125	119	114	100	1	74	424.234	1425.414	0	0	0	5027	0	0	0	502	0	0	0	1	72	424.612	1425.041	0	0	0	4746	0	0	0	523	0	0	0
268	268	1331	690.737	1430.258	167	341	477	224	94	188	641	337	105	36	763.747	1246	1129	1029	903	791	724	676	617	557	466	189	109.990	134	116	113	112	110	109	108	107	106	105	99	0	0	0.000	0.000	0	0	0	0	0	0	0	0	0	0	0	0	0	0.000	0.000	0	0	0	0	0	0	0	0	0	0	0
269	269	1094	374.975	1439.746	149	264	397	210	50	103	232	541	162	32	196.135	269	243	232	219	206	195	187	179	169	146	117	129.112	156	144	140	136	133	129	126	122	119	113	102	0	0	0.000	0.000	0	0	0	0	0	0	0	0	0	0	0	0	0	0.000	0.000	0	0	0	0	0	0	0	0	0	0	0
270	270	2391	482.023	1459.019	309	818	641	431	145	348	925	682	334	75	119.723	407	125	123	121	119	118	117	115	114	112	102	172.629	235	204	195	187	181	175	169	161	151	137	107	1	18	478.757	1484.744	0	0	0	244	0	0	0	157	0	0	0	0	0	0.000	0.000	0	0	0	0	0	0	0	0	0	0	0
271	271	1675	1855.259	1459.256	226	538	539	282	61	259	745	468	141	29	117.620	132	123	122	120	119	118	116	115	114	112	102	107.335	120	112	110	109	108	107	106	105	104	103	99	0	0	0.000	0.000	0	0	0	0	0	0	0	0	0	0	0	0	0	0.000	0.000	0	0	0	0	0	0	0	0	0	0	0
272	272	2812	247.546	1475.122	312	776	1069	502	98	295	1139	953	308	50	1782.407	14832	2240	2077	1929	1762	1572	1412	1272	1116	778	266	165.422	1318	174	162	155	148	143	138	133	128	120	102	1	72	254.187	1465.391	0	0	0	9131	0	0	0	659	0	0	0	1	89	255.560	1465.702	0	0	0	7185	0	0	0	675	0	0	0
273	273	1948	1805.681	1483.996	212	633	776	241	48	314	1024	477	79	14	748.421	16725	949	335	233	209	202	196	190	184	171	124	265.855	2548	321	220	204	197	191	185	178	167	149	111	1	110	1809.499	1492.046	0	0	0	7463	0	0	0	1301	0	0	0	1	104	1809.802	1491.421	0	0	0	6928	0	0	0	1320	0	0	0
274	274	2318	709.635	1514.367	2106	121	54	18	11	2012	173	77	31	15	271.516	593	483	425	377	317	259	174	128	115	112	101	106.190	118	110	109	108	107	106	105	104	104	102	95	0	0	0.000	0.000	0	0	0	0	0	0	0	0	0	0	0	0	0	0.000	0.000	0	0	0	0	0	0	0	0	0	0	0
275	275	1121	364.680	1511.567	295	308	321	154	30	217	358	340	153	38	364.345	581	513	464	423	395	373	340	306	270	208	133	107.194	120	112	110	109	108	107	106	105	104	103	97	0	0	0.000	0.000	0	0	0	0	0	0	0	0	0	0	0	0	0	0.000	0.000	0	0	0	0	0	0	0	0	0	0	0
276	276	2041	164.130	1529.264	313	493	640	418	138	183	650	789	263	112	1641.603	12856	2116	1923	1746	1583	1463	1350	1186	981	705	260	155.615	976	169	154	148	143	138	134	129	123	115	101	1	51	163.333	1536.515	0	0	0	8168	0	0	0	570	0	0	0	1	74	163.589	1535.371	0	0	0	6302	0	0	0	532	0	0	0
277	277	1653	221.555	1532.847	97	511	709	282	27	81	454	810	225	37	1068.553	1698	1465	1346	1259	1158	1070	999	919	819	679	225	128.509	159	141	137	134	131	128	126	123	120	117	103	0	0	0.000	0.000	0	0	0	0	0	0	0	0	0	0	0	0	0	0.000	0.000	0	0	0	0	0	0	0	0	0	0	0
278	278	1018	399.067	1532.442	121	282	385	169	53	57	259	460	185	38	125.025	146	133	130	128	127	125	123	122	120	117	107	111.035	130	118	115	113	112	110	109	108	107	106	100	0	0	0.000	0.000	0	0	0	0	0	0	0	0	0	0	0	0	0	0.000	0.000	0	0	0	0	0	0	0	0	0	0	0
279	279	1396	345.097	1556.342	198	431	572	148	22	168	474	589	113	25	316.878	470	411	391	371	352	330	303	278	250	203	117	107.936	123	114	111	110	108	107	106	105	104	103	95	0	0	0.000	0.000	0	0	0	0	0	0	0	0	0	0	0	0	0	0.000	0.000	0	0	0	0	0	0	0	0	0	0	0
280	280	1278	866.226	1559.046	227	430	354	183	49	226	465	443	91	28	178.862	229	206	200	195	190	185	178	170	157	139	110	220.523	299	268	258	250	240	230	219	202	181	152	112	0	0	0.000	0.000	0	0	0	0	0	0	0	0	0	0	0	0	0	0.000	0.000	0	0	0	0	0	0	0	0	0	0	0
281	281	1041	791.515	1557.446	277	448	224	60	20	246	421	264	64	19	151.135	210	183	173	164	158	152	146	138	128	117	107	244.599	411	340	309	293	274	255	232	206	161	125	107	0	0	0.000	0.000	0	0	0	0	0	0	0	0	0	0	0	0	0	0.000	0.000	0	0	0	0	0	0	0	0	0	0	0
282	282	2306	1696.261	1573.124	411	979	687	170	22	340	1151	553	190	23	302.672	477	406	379	354	327	304	281	256	229	193	128	171.313	240	211	202	192	182	171	161	151	142	131	110	0	0	0.000	0.000	0	0	0	0	0	0	0	0	0	0	0	0	0	0.000	0.000	0	0	0	0	0	0	0	0	0	0	0
283	283	1244	1619.337	1567.529	165	408	501	133	9	142	546	401	122	10	121.891	137	129	127	125	124	122	121	119	117	114	105	199.400	280	246	233	221	210	202	193	183	171	148	107	0	0	0.000	0.000	0	0	0	0	0	0	0	0	0	0	0	0	0	0.000	0.000	0	0	0	0	0	0	0	0	0	0	0
284	284	1433	694.587	1576.086	177	292	488	349	98	216	622	386	160	25	497.460	838	700	631	574	537	503	463	427	377	306	120	108.152	125	113	111	110	109	108	107	106	105	104	97	0	0	0.000	0.000	0	0	0	0	0	0	0	0	0	0	0	0	0	0.000	0.000	0	0	0	0	0	0	0	0	0	0	0
285	285	1774	267.361	1584.578	67	431	677	374	185	113	769	602	180	75	123.539	181	132	128	126	124	123	121	119	118	116	106	145.022	183	163	157	153	149	145	141	137	133	128	107	0	0	0.000	0.000	0	0	0	0	0	0	0	0	0	0	0	0	0	0.000	0.000	0	0	0	0	0	0	0	0	0	0	0
286	286	1658	315.293	1598.823	250	419	533	332	96	294	563	613	147	13	438.209	675	578	528	490	469	442	417	393	355	296	131	137.970	168	153	149	146	142	139	136	132	127	121	102	0	0	0.000	0.000	0	0	0	0	0	0	0	0	0	0	0	0	0	0.000	0.000	0	0	0	0	0	0	0	0	0	0	0
287	287	1518	1779.849	1591.729	264	534	436	231	32	192	544	564	157	34	1022.514	1535	1313	1222	1156	1091	1047	1007	950	860	659	223	160.138	206	180	173	170	166	162	158	153	147	137	112	0	0	0.000	0.000	0	0	0	0	0	0	0	0	0	0	0	0	0	0.000	0.000	0	0	0	0	0	0	0	0	0	0	0
288	288	1829	1653.592	1611.260	402	758	465	136	32	314	797	441	201	42	3062.876	26534	12302	2164	836	477	374	329	302	272	229	120	683.674	6366	2124	516	276	213	190	178	169	158	143	104	1	347	1654.911	1613.191	0	0	0	12893	0	0	0	2247	0	0	0	1	270	1655.054	1612.669	0	0	0	18874	0	0	0	3109	0	0	0
289	289	2399	599.961	1606.504	328	882	729	378	43	343	1097	652	240	29	933.893	1803	1412	1213	1077	984	905	828	757	666	555	128	161.236	233	194	181	171	164	159	154	149	143	134	104	0	0	0.000	0.000	0	0	0	0	0	0	0	0	0	0	0	0	0	0.000	0.000	0	0	0	0	0	0	0	0	0	0	0
290	290	1998	681.312	1622.126	605	681	502	166	18	755	821	335	47	6	121.028	160	130	126	124	122	120	119	117	115	112	103	406.945	796	539	505	477	450	423	390	356	300	221	117	0	0	0.000	0.000	0	0	0	0	0	0	0	0	0	0	0	0	0	0.000	0.000	0	0	0	0	0	0	0	0	0	0	0
291	291	1649	879.728	1632.870	210	444	648	259	40	206	650	610	119	31	285.848	4504	333	258	238	226	218	211	202	190	169	109	144.878	926	156	145	141	138	136	133	131	127	119	102	1	43	872.203	1636.605	0	0	0	1804	0	0	0	377	0	0	0	1	36	872.213	1635.918	0	0	0	1885	0	0	0	409	0	0	0
292	292	1042	277.198	1627.440	98	377	387	138	23	71	435	371	132	14	1103.186	15102	1336	911	829	757	670	580	470	363	275	175	329.279	4483	395	241	220	203	187	173	154	138	125	108	1	62	271.755	1619.277	0	0	0	7519	0	0	0	2184	0	0	0	1	70	271.919	1619.405	0	0	0	6865	0	0	0	2008	0	0	0
293	293	1635	635.037	1651.086	290	779	400	121	20	334	1037	186	46	13	144.602	172	158	154	152	149	146	143	139	135	130	103	173.042	217	197	190	185	180	175	170	164	157	147	114	0	0	0.000	0.000	0	0	0	0	0	0	0	0	0	0	0	0	0	0.000	0.000	0	0	0	0	0	0	0	0	0	0	0
294	294	1691	1020.552	1656.686	133	481	688	315	55	142	657	621	200	38	454.950	645	575	547	521	493	462	424	396	373	336	167	154.231	191	175	169	164	159	155	150	146	141	133	108	0	0	0.000	0.000	0	0	0	0	0	0	0	0	0	0	0	0	0	0.000	0.000	0	0	0	0	0	0	0	0	0	0	0
295	295	1108	1067.669	1657.062	74	404	472	132	13	80	499	366	129	17	408.329	636	539	486	456	434	411	389	364	337	272	157	147.245	182	166	159	154	151	147	144	141	136	129	108	0	0	0.000	0.000	0	0	0	0	0	0	0	0	0	0	0	0	0	0.000	0.000	0	0	0	0	0	0	0	0	0	0	0
296	296	1683	1727.510	1675.939	256	748	546	87	11	162	677	562	222	29	477.941	790	665	596	535	499	469	434	405	370	311	192	148.642	194	170	161	155	152	148	144	140	136	130	110	0	0	0.000	0.000	0	0	0	0	0	0	0	0	0	0	0	0	0	0.000	0.000	0	0	0	0	0	0	0	0	0	0	0
297	297	1811	586.785	1672.172	1515	224	28	15	12	1625	137	18	14	9	422.824	12418	469	218	170	156	150	146	141	134	125	102	259.344	3871	285	219	206	196	186	178	168	154	137	107	1	61	592.124	1677.782	0	0	0	5498	0	0	0	1626	0	0	0	1	62	592.514	1677.452	0	0	0	5498	0	0	0	1738	0	0	0
298	298	1411	1239.025	1676.535	154	314	505	307	101	172	559	483	122	44	334.757	1391	410	374	356	344	334	324	310	285	244	140	118.190	143	126	123	121	120	118	116	115	113	111	103	0	0	0.000	0.000	0	0	0	0	0	0	0	0	0	0	0	0	0	0.000	0.000	0	0	0	0	0	0	0	0	0	0	0
299	299	2033	418.400	1682.523	435	580	638	276	70	448	857	534	141	15	1025.699	15024	1222	804	719	674	638	590	517	433	313	140	222.779	2911	249	182	171	162	154	148	140	133	122	102	1	97	408.211	1685.959	0	0	0	7846	0	0	0	1197	0	0	0	1	86	408.788	1685.809	0	0	0	8658	0	0	0	1352	0	0	0
300	300	1953	1344.327	1695.814	388	715	546	248	34	334	992	414	146	43	452.762	798	662	604	556	510	468	417	371	329	191	106	107.284	122	113	110	109	108	107	106	105	104	103	98	0	0	0.000	0.000	0	0	0	0	0	0	0	0	0	0	0	0	0	0.000	0.000	0	0	0	0	0	0	0	0	0	0	0
301	301	2277	357.310	1698.957	494	798	631	279	30	442	861	673	205	58	256.451	8407	243	166	154	149	145	140	136	132	127	107	229.921	914	277	262	252	242	231	217	201	185	157	111	1	47	351.266	1687.245	0	0	0	3341	0	0	0	554	0	0	0	1	28	351.308	1686.967	0	0	0	5047	0	0	0	671	0	0	0
302	302	1473	626.768	1701.100	208	374	608	210	46	205	502	567	131	46	222.965	5454	234	169	160	154	149	145	140	135	127	103	184.556	599	217	205	195	188	180	173	166	157	147	109	1	33	619.821	1708.128	0	0	0	2063	0	0	0	273	0	0	0	1	17	620.450	1706.503	0	0	0	1183	0	0	0	457	0	0	0
303	303	1723	527.081	1700.536	242	577	623	214	33	255	679	589	142	28	1071.312	16332	1157	827	761	710	667	627	567	492	353	150	147.466	1252	148	129	125	123	121	119	117	114	111	101	1	118	516.671	1690.911	0	0	0	7988	0	0	0	540	0	0	0	1	98	517.158	1690.710	0	0	0	9954	0	0	0	641	0	0	0
304	304	2985	1036.695	1710.205	551	864	966	507	56	506	1195	852	314	62	705.168	20488	630	292	227	208	197	186	178	165	144	110	223.165	1842	258	229	212	201	190	181	172	161	144	109	1	132	1039.067	1699.799	0	0	0	8893	0	0	0	738	0	0	0	1	91	1038.901	1700.163	0	0	0	13537	0	0	0	1011	0	0	0
305	305	1451	750.996	1711.965	147	446	546	249	38	179	530	559	136	19	195.804	1470	217	203	194	187	181	175	169	163	156	124	150.890	253	170	163	159	155	150	146	141	137	132	114	1	29	737.195	1709.876	0	0	0	654	0	0	0	179	0	0	0	0	0	0.000	0.000	0	0	0	0	0	0	0	0	0	0	0
306	306	1656	1676.853	1711.609	177	591	602	213	47	157	634	666	147	19	613.664	1043	880	788	712	653	595	536	490	444	399	181	114.591	133	123	120	118	116	114	112	111	110	108	100	0	0	0.000	0.000	0	0	0	0	0	0	0	0	0	0	0	0	0	0.000	0.000	0	0	0	0	0	0	0	0	0	0	0
307	307	2660	1096.850	1734.738	498	656	838	509	116	402	1091	842	227	57	214.695	2607	228	217	209	202	195	187	178	162	142	105	193.811	427	232	222	214	206	197	188	177	164	144	111	1	42	1103.123	1721.663	0	0	0	1193	0	0	0	293	0	0	0	0	0	0.000	0.000	0	0	0	0	0	0	0	0	0	0	0
308	308	1209	795.838	1724.994	156	330	505	169	27	130	290	529	183	50	422.383	618	540	518	498	474	438	410	375	329	266	150	127.125	148	138	135	132	130	128	125	123	119	114	104	0	0	0.000	0.000	0	0	0	0	0	0	0	0	0	0	0	0	0	0.000	0.000	0	0	0	0	0	0	0	0	0	0	0
309	309	2076	1866.435	1727.482	284	817	743	165	18	198	789	784	233	26	933.086	5067	1267	1170	1081	982	905	831	756	662	549	147	107.508	128	112	110	109	108	107	106	106	105	103	96	1	16	1844.724	1735.371	0	0	0	3543	0	0	0	116	0	0	0	1	19	1844.991	1735.849	0	0	0	3418	0	0	0	117	0	0	0
310	310	1844	254.196	1732.587	342	545	583	304	36	294	573	596	299	54	286.042	410	352	335	321	309	299	284	264	238	196	124	122.190	144	132	129	127	125	123	121	118	116	111	100	0	0	0.000	0.000	0	0	0	0	0	0	0	0	0	0	0	0	0	0.000	0.000	0	0	0	0	0	0	0	0	0	0	0
311	311	2079	1926.163	1739.917	472	699	621	228	20	250	484	770	395	139	853.120	1341	1186	1102	1037	962	885	794	704	601	489	171	106.918	121	111	110	108	107	107	106	105	104	103	98	0	0	0.000	0.000	0	0	0	0	0	0	0	0	0	0	0	0	0	0.000	0.000	0	0	0	0	0	0	0	0	0	0	0
312	312	1302	1305.019	1736.946	199	491	394	151	38	181	539	371	121	64	436.727	718	581	522	490	466	444	415	381	340	288	144	108.314	123	114	111	110	109	108	107	106	105	104	98	0	0	0.000	0.000	0	0	0	0	0	0	0	0	0	0	0	0	0	0.000	0.000	0	0	0	0	0	0	0	0	0	0	0
313	313	572	564.901	1735.680	103	189	132	94	39	65	205	120	115	57	128.837	171	146	140	136	132	129	125	120	117	113	103	239.145	355	316	301	289	275	254	227	196	170	141	111	0	0	0.000	0.000	0	0	0	0	0	0	0	0	0	0	0	0	0	0.000	0.000	0	0	0	0	0	0	0	0	0	0	0
314	314	3673	1676.143	1775.145	2985	349	208	63	38	2874	423	191	107	48	110.115	182	116	113	112	110	109	108	107	106	105	99	130.483	265	210	161	116	111	109	108	107	106	105	96	0	0	0.000	0.000	0	0	0	0	0	0	0	0	0	0	0	0	0	0.000	0.000	0	0	0	0	0	0	0	0	0	0	0
315	315	1332	540.943	1768.260	309	496	338	132	32	372	657	242	31	10	122.229	144	131	128	125	124	122	120	118	116	114	103	255.598	376	328	310	290	275	260	242	223	204	175	121	0	0	0.000	0.000	0	0	0	0	0	0	0	0	0	0	0	0	0	0.000	0.000	0	0	0	0	0	0	0	0	0	0	0
316	316	1284	1858.942	1776.560	167	335	467	234	56	194	350	388	263	73	653.067	1095	954	809	733	681	637	592	543	500	446	171	131.685	158	146	142	138	135	131	128	125	122	118	106	0	0	0.000	0.000	0	0	0	0	0	0	0	0	0	0	0	0	0	0.000	0.000	0	0	0	0	0	0	0	0	0	0	0
317	317	2012	881.469	1794.310	595	537	523	261	64	520	682	470	239	75	122.284	145	134	131	128	125	123	120	117	114	110	98	248.489	444	346	324	302	281	259	240	207	148	117	101	0	0	0.000	0.000	0	0	0	0	0	0	0	0	0	0	0	0	0	0.000	0.000	0	0	0	0	0	0	0	0	0	0	0
318	318	1768	236.089	1793.621	151	353	678	341	222	189	590	617	265	69	128.212	154	139	135	132	130	128	126	124	122	118	106	108.253	121	113	111	110	109	108	107	106	105	104	97	0	0	0.000	0.000	0	0	0	0	0	0	0	0	0	0	0	0	0	0.000	0.000	0	0	0	0	0	0	0	0	0	0	0
319	319	2549	1560.270	1805.358	373	907	827	332	61	319	968	773	371	77	1422.184	23838	2038	639	439	364	317	295	273	249	208	117	301.858	3506	391	220	189	173	164	158	152	146	133	107	1	218	1556.150	1799.555	0	0	0	11368	0	0	0	1411	0	0	0	1	176	1556.430	1798.736	0	0	0	14394	0	0	0	1826	0	0	0
320	320	1847	1925.830	1803.233	229	739	659	174	13	164	683	623	298	52	303.727	6942	344	195	171	162	156	151	146	140	133	111	185.597	838	207	192	186	180	176	170	162	154	141	110	1	64	1918.241	1797.437	0	0	0	2955	0	0	0	402	0	0	0	1	46	1916.644	1796.276	0	0	0	2353	0	0	0	556	0	0	0
321	321	2327	1516.425	1808.706	543	704	764	243	48	435	802	763	235	45	1230.094	22737	1672	432	334	313	293	267	238	210	157	108	484.745	9251	611	233	199	188	180	170	159	144	124	102	1	170	1522.040	1805.439	0	0	0	11035	0	0	0	3332	0	0	0	1	135	1522.444	1805.182	0	0	0	13540	0	0	0	4361	0	0	0
322	322	1561	997.989	1807.298	167	329	577	354	101	109	361	745	241	85	132.120	354	142	138	135	133	131	129	126	123	118	104	153.589	200	174	168	164	159	155	150	146	139	131	105	1	15	983.306	1807.334	0	0	0	254	0	0	0	177	0	0	0	0	0	0.000	0.000	0	0	0	0	0	0	0	0	0	0	0
323	323	1842	1366.955	1813.608	293	572	600	291	52	238	688	585	231	71	740.718	1316	1016	939	881	827	765	706	630	523	390	172	106.667	122	110	109	108	107	107	106	105	104	103	97	0	0	0.000	0.000	0	0	0	0	0	0	0	0	0	0	0	0	0	0.000	0.000	0	0	0	0	0	0	0	0	0	0	0
324	324	2081	1230.455	1821.321	266	560	684	445	88	325	761	613	269	78	1168.487	2205	1900	1680	1488	1328	1148	1012	858	712	433	103	108.882	135	115	112	110	109	108	107	106	105	104	98	0	0	0.000	0.000	0	0	0	0	0	0	0	0	0	0	0	0	0	0.000	0.000	0	0	0	0	0	0	0	0	0	0	0
325	325	1941	784.758	1822.869	535	563	439	298	66	451	711	525	166	51	117.591	136	125	122	121	119	118	116	115	113	110	99	287.020	511	426	383	346	303	267	245	227	204	170	111	0	0	0.000	0.000	0	0	0	0	0	0	0	0	0	0	0	0	0	0.000	0.000	0	0	0	0	0	0	0	0	0	0	0
326	326	1754	1881.138	1826.377	272	778	547	107	17	173	560	623	289	72	1318.091	15939	1705	1106	1004	931	879	833	784	716	618	295	200.294	1894	243	172	159	152	147	143	139	134	126	108	1	80	1884.889	1833.454	0	0	0	8135	0	0	0	1028	0	0	0	1	88	1885.218	1832.731	0	0	0	6434	0	0	0	898	0	0	0
327	327	913	119.326	1828.227	142	239	250	187	75	129	340	280	129	18	760.460	1224	1072	988	914	828	745	678	633	563	458	217	129.794	156	144	139	136	133	129	127	124	121	117	103	0	0	0.000	0.000	0	0	0	0	0	0	0	0	0	0	0	0	0	0.000	0.000	0	0	0	0	0	0	0	0	0	0	0
328	328	1362	442.236	1834.797	133	294	552	270	92	157	435	558	138	37	568.461	850	738	679	629	593	563	539	508	470	415	197	144.026	178	159	154	150	147	144	141	138	134	130	113	0	0	0.000	0.000	0	0	0	0	0	0	0	0	0	0	0	0	0	0.000	0.000	0	0	0	0	0	0	0	0	0	0	0
329	329	1856	946.488	1839.001	225	467	618	406	114	184	740	575	242	77	189.458	3334	192	156	148	144	140	137	133	129	123	104	166.299	550	199	188	178	170	162	156	149	140	131	104	1	47	950.217	1851.779	0	0	0	1332	0	0	0	271	0	0	0	1	22	950.750	1850.719	0	0	0	1631	0	0	0	399	0	0	0
330	330	625	1603.045	1842.894	178	197	163	53	19	131	140	184	124	32	187.728	258	216	202	196	191	186	181	177	172	164	124	141.410	162	152	149	146	144	143	141	138	135	128	106	0	0	0.000	0.000	0	0	0	0	0	0	0	0	0	0	0	0	0	0.000	0.000	0	0	0	0	0	0	0	0	0	0	0
331	331	1070	823.025	1850.319	373	290	188	156	47	341	325	257	111	25	117.218	134	124	122	120	119	117	116	114	112	110	101	211.480	302	260	249	240	231	222	209	191	170	143	116	0	0	0.000	0.000	0	0	0	0	0	0	0	0	0	0	0	0	0	0.000	0.000	0	0	0	0	0	0	0	0	0	0	0
332	332	1657	1059.550	1850.241	161	400	498	392	171	148	660	525	197	82	944.558	1544	1322	1215	1141	1078	988	889	793	661	488	205	135.022	166	151	147	143	139	136	132	128	123	118	104	0	0	0.000	0.000	0	0	0	0	0	0	0	0	0	0	0	0	0	0.000	0.000	0	0	0	0	0	0	0	0	0	0	0
333	333	2681	523.565	1863.430	365	710	944	511	101	408	1408	615	193	9	785.118	19949	730	376	351	329	307	290	271	251	206	117	171.348	2004	165	140	135	132	129	127	124	121	115	101	1	115	519.795	1876.318	0	0	0	9022	0	0	0	906	0	0	0	1	106	520.041	1876.214	0	0	0	9407	0	0	0	990	0	0	0
334	334	1302	1195.827	1857.494	210	553	391	110	13	157	532	379	160	47	113.373	127	119	117	116	114	113	112	111	110	108	100	142.708	177	160	155	152	148	144	140	135	129	123	106	0	0	0.000	0.000	0	0	0	0	0	0	0	0	0	0	0	0	0	0.000	0.000	0	0	0	0	0	0	0	0	0	0	0
335	335	1993	1000.296	1856.931	291	632	728	275	32	269	851	596	185	47	1411.746	17712	1917	1234	1089	964	860	771	681	591	498	197	173.327	1361	199	153	144	138	134	130	125	121	115	102	1	105	1004.361	1856.460	0	0	0	9123	0	0	0	721	0	0	0	1	109	1004.552	1855.092	0	0	0	5914	0	0	0	721	0	0	0
336	336	1121	1398.449	1855.645	287	541	228	29	9	189	583	261	64	8	618.747	985	835	779	722	675	631	583	523	460	379	172	106.277	117	110	109	107	107	106	105	105	104	103	97	0	0	0.000	0.000	0	0	0	0	0	0	0	0	0	0	0	0	0	0.000	0.000	0	0	0	0	0	0	0	0	0	0	0
337	337	3103	272.099	1866.427	547	720	1168	541	80	606	1662	577	201	10	1383.752	26131	1911	462	262	212	197	184	173	157	134	108	425.708	4754	561	340	305	278	255	237	221	191	152	107	1	252	281.042	1860.993	0	0	0	12811	0	0	0	2070	0	0	0	1	217	281.197	1861.108	0	0	0	15828	0	0	0	2456	0	0	0
338	338	1556	1646.137	1858.405	196	695	545	81	8	127	475	656	215	55	231.235	1718	260	239	231	224	217	210	199	188	171	121	146.769	305	164	157	153	149	146	142	138	133	127	107	1	30	1649.815	1871.043	0	0	0	890	0	0	0	203	0	0	0	1	14	1647.868	1869.901	0	0	0	541	0	0	0	255	0	0	0
339	339	2296	1307.735	1865.343	386	871	780	201	23	307	888	708	271	68	197.408	276	238	228	220	212	203	193	180	164	146	105	357.168	541	480	455	433	409	378	343	299	250	199	119	0	0	0.000	0.000	0	0	0	0	0	0	0	0	0	0	0	0	0	0.000	0.000	0	0	0	0	0	0	0	0	0	0	0
340	340	2712	1888.668	1883.453	2446	171	44	24	16	2192	348	98	37	15	1563.097	21848	2012	1293	1158	1066	945	833	645	434	254	112	269.524	4430	305	182	166	156	148	140	130	120	112	100	1	153	1886.330	1887.795	0	0	0	11617	0	0	0	1846	0	0	0	1	136	1886.647	1887.126	0	0	0	13326	0	0	0	2064	0	0	0
341	341	1929	1249.430	1876.970	295	589	699	277	24	304	899	507	160	15	1531.272	2669	2186	1962	1785	1668	1565	1458	1292	1093	834	255	110.542	138	120	115	112	110	109	108	107	106	104	99	0	0	0.000	0.000	0	0	0	0	0	0	0	0	0	0	0	0	0	0.000	0.000	0	0	0	0	0	0	0	0	0	0	0
342	342	2168	463.898	1880.606	341	617	779	329	51	245	579	819	394	88	302.911	444	376	351	333	318	305	292	277	259	229	136	126.178	149	136	133	130	128	126	125	122	120	116	98	0	0	0.000	0.000	0	0	0	0	0	0	0	0	0	0	0	0	0	0.000	0.000	0	0	0	0	0	0	0	0	0	0	0
343	343	609	874.509	1871.898	96	192	166	121	26	95	154	195	118	37	116.691	142	127	123	119	117	116	114	112	111	108	103	134.409	173	157	152	146	142	135	129	122	115	111	103	0	0	0.000	0.000	0	0	0	0	0	0	0	0	0	0	0	0	0	0.000	0.000	0	0	0	0	0	0	0	0	0	0	0
344	344	1874	1365.665	1881.974	459	673	527	158	21	283	807	483	222	46	581.015	12763	807	291	212	190	175	163	154	146	136	110	314.439	2196	380	352	325	290	260	237	220	199	163	109	1	105	1374.042	1874.087	0	0	0	5074	0	0	0	1074	0	0	0	1	77	1374.051	1873.123	0	0	0	6589	0	0	0	1343	0	0	0
345	345	1255	1155.816	1880.349	229	465	380	138	29	151	430	393	187	75	112.353	128	118	116	114	113	112	111	110	109	107	100	127.810	174	146	140	135	131	128	124	119	115	109	101	0	0	0.000	0.000	0	0	0	0	0	0	0	0	0	0	0	0	0	0.000	0.000	0	0	0	0	0	0	0	0	0	0	0
346	346	1282	1560.021	1884.987	266	537	405	43	8	185	558	368	126	18	123.690	177	133	129	127	125	123	121	119	117	113	104	106.669	121	111	109	108	107	106	106	105	104	103	96	0	0	0.000	0.000	0	0	0	0	0	0	0	0	0	0	0	0	0	0.000	0.000	0	0	0	0	0	0	0	0	0	0	0
347	347	1322	1037.342	1896.048	209	587	376	113	14	130	580	411	140	26	114.945	132	121	119	117	116	115	114	113	111	109	103	129.157	152	140	136	134	132	130	128	125	122	118	105	0	0	0.000	0.000	0	0	0	0	0	0	0	0	0	0	0	0	0	0.000	0.000	0	0	0	0	0	0	0	0	0	0	0
348	348	1697	538.470	1911.562	238	567	587	264	17	184	676	580	195	35	291.173	2113	345	317	300	285	270	258	246	226	192	135	134.855	419	146	141	138	135	132	130	127	123	117	102	1	31	532.637	1909.168	0	0	0	1107	0	0	0	176	0	0	0	1	33	534.632	1909.451	0	0	0	691	0	0	0	253	0	0	0
349	349	1076	807.316	1910.595	156	312	346	191	41	105	405	371	131	44	136.815	165	151	147	144	141	139	136	132	127	118	104	129.086	154	143	139	136	133	130	127	124	119	112	103	0	0	0.000	0.000	0	0	0	0	0	0	0	0	0	0	0	0	0	0.000	0.000	0	0	0	0	0	0	0	0	0	0	0
350	350	2050	427.476	1925.007	335	528	712	355	76	358	1152	410	80	18	1438.336	2158	1970	1858	1732	1611	1479	1380	1289	1116	768	233	165.156	255	190	184	179	174	168	162	156	147	132	106	0	0	0.000	0.000	0	0	0	0	0	0	0	0	0	0	0	0	0	0.000	0.000	0	0	0	0	0	0	0	0	0	0	0
351	351	1440	879.194	1916.046	172	524	487	199	28	91	467	579	217	51	110.478	123	115	113	112	111	110	109	109	108	106	99	124.048	153	135	132	130	128	126	123	121	116	109	101	0	0	0.000	0.000	0	0	0	0	0	0	0	0	0	0	0	0	0	0.000	0.000	0	0	0	0	0	0	0	0	0	0	0
352	352	1606	1300.634	1920.496	319	628	499	114	14	212	612	561	177	17	283.197	403	350	332	318	303	289	273	257	234	209	133	136.546	169	151	147	143	140	137	134	131	127	122	105	0	0	0.000	0.000	0	0	0	0	0	0	0	0	0	0	0	0	0	0.000	0.000	0	0	0	0	0	0	0	0	0	0	0
353	353	1937	647.570	1922.027	446	533	608	266	53	402	834	486	151	28	913.851	16318	980	690	643	605	566	514	448	378	311	155	152.911	1179	162	144	136	131	127	123	120	116	112	102	1	76	651.377	1908.435	0	0	0	8126	0	0	0	618	0	0	0	1	81	651.343	1908.651	0	0	0	7194	0	0	0	584	0	0	0
354	354	1804	1204.855	1924.063	257	493	649	337	34	202	545	681	294	40	601.305	1005	840	789	740	682	616	559	491	416	317	163	107.662	123	111	110	109	108	108	107	106	105	104	98	0	0	0.000	0.000	0	0	0	0	0	0	0	0	0	0	0	0	0	0.000	0.000	0	0	0	0	0	0	0	0	0	0	0
355	355	1716	1450.032	1927.279	428	708	429	101	15	275	577	561	212	54	417.519	626	541	514	496	472	439	402	360	312	261	132	108.024	128	115	112	110	108	107	106	105	104	103	97	0	0	0.000	0.000	0	0	0	0	0	0	0	0	0	0	0	0	0	0.000	0.000	0	0	0	0	0	0	0	0	0	0	0
356	356	1685	1008.351	1936.938	453	739	418	43	9	187	527	520	364	65	119.200	141	125	123	122	120	119	118	117	115	113	104	123.455	152	134	131	128	126	123	121	119	116	113	104	0	0	0.000	0.000	0	0	0	0	0	0	0	0	0	0	0	0	0	0.000	0.000	0	0	0	0	0	0	0	0	0	0	0
357	357	655	1568.459	1930.861	58	265	232	69	17	53	253	199	102	29	2841.435	4179	3767	3530	3302	3118	2949	2727	2530	2251	1761	809	157.264	185	177	172	168	164	160	155	151	145	135	109	0	0	0.000	0.000	0	0	0	0	0	0	0	0	0	0	0	0	0	0.000	0.000	0	0	0	0	0	0	0	0	0	0	0
358	358	1801	1059.224	1944.494	217	722	683	129	19	265	948	438	101	18	124.100	184	132	129	126	124	123	121	120	118	115	104	106.098	121	110	108	107	107	106	105	104	104	103	96	0	0	0.000	0.000	0	0	0	0	0	0	0	0	0	0	0	0	0	0.000	0.000	0	0	0	0	0	0	0	0	0	0	0
359	359	2180	590.247	1947.044	474	866	612	183	18	277	646	765	352	99	427.564	9140	443	360	339	320	301	283	263	237	190	113	153.966	1196	162	149	144	140	136	133	129	125	118	102	1	50	581.556	1945.336	0	0	0	4396	0	0	0	651	0	0	0	1	57	581.739	1944.959	0	0	0	3786	0	0	0	625	0	0	0
360	360	1941	932.173	1947.361	210	548	730	367	53	202	777	647	237	36	114.205	131	121	118	117	115	114	113	112	110	108	100	142.131	190	161	155	150	146	142	139	135	130	122	104	0	0	0.000	0.000	0	0	0	0	0	0	0	0	0	0	0	0	0	0.000	0.000	0	0	0	0	0	0	0	0	0	0	0
361	361	1292	1342.089	1944.209	526	423	259	47	12	358	310	356	238	17	215.926	358	299	261	233	218	205	193	184	174	159	127	123.398	150	137	131	128	125	123	120	118	115	112	102	0	0	0.000	0.000	0	0	0	0	0	0	0	0	0	0	0	0	0	0.000	0.000	0	0	0	0	0	0	0	0	0	0	0
362	362	2806	1259.515	1962.136	666	733	891	407	74	572	813	971	333	76	1446.483	24654	2128	539	323	245	209	196	183	170	151	112	223.805	1552	282	209	197	185	175	164	150	138	121	101	1	258	1252.682	1968.128	0	0	0	11434	0	0	0	647	0	0	0	1	183	1252.886	1967.430	0	0	0	16487	0	0	0	910	0	0	0
363	363	2114	1593.323	1970.176	419	924	573	123	40	292	840	627	275	36	3177.395	6055	4763	4182	3866	3483	3147	2762	2394	2077	1771	527	162.792	239	196	185	177	168	161	154	148	141	133	106	0	0	0.000	0.000	0	0	0	0	0	0	0	0	0	0	0	0	0	0.000	0.000	0	0	0	0	0	0	0	0	0	0	0
364	364	1206	326.100	1964.625	189	348	363	236	46	179	556	291	128	32	851.649	2107	1100	1007	962	926	884	837	779	696	523	229	108.010	124	114	111	110	109	107	106	106	104	103	97	0	0	0.000	0.000	0	0	0	0	0	0	0	0	0	0	0	0	0	0.000	0.000	0	0	0	0	0	0	0	0	0	0	0
365	365	1343	1488.593	1967.295	325	466	386	125	18	205	573	376	138	31	344.969	488	432	410	390	371	351	330	312	291	244	127	106.707	123	112	110	109	107	106	105	104	103	102	98	0	0	0.000	0.000	0	0	0	0	0	0	0	0	0	0	0	0	0	0.000	0.000	0	0	0	0	0	0	0	0	0	0	0
366	366	2676	1755.555	1971.144	503	969	885	246	20	332	853	909	465	66	3248.253	5149	4353	4091	3831	3561	3319	3086	2837	2529	1927	575	168.198	219	195	188	182	176	171	165	160	151	134	105	0	0	0.000	0.000	0	0	0	0	0	0	0	0	0	0	0	0	0	0.000	0.000	0	0	0	0	0	0	0	0	0	0	0
367	367	1978	271.143	1974.593	212	492	743	395	93	186	845	628	233	39	1810.142	3496	2838	2442	2181	1949	1741	1564	1376	1148	937	331	107.149	120	112	110	109	108	107	106	105	104	103	95	0	0	0.000	0.000	0	0	0	0	0	0	0	0	0	0	0	0	0	0.000	0.000	0	0	0	0	0	0	0	0	0	0	0
