 	cell	area	x	y	BFI_lev_b1	BFI_lev_b2	BFI_lev_b3	BFI_lev_b4	BFI_lev_b5	BFO_lev_b1	BFO_lev_b2	BFO_lev_b3	BFO_lev_b4	BFO_lev_b5	GFP_int_mean	GFP_int_b0	GFP_int_b1	GFP_int_b2	GFP_int_b3	GFP_int_b4	GFP_int_b5	GFP_int_b6	GFP_int_b7	GFP_int_b8	GFP_int_b9	GFP_int_b10	RFP_int_mean	RFP_int_b0	RFP_int_b1	RFP_int_b2	RFP_int_b3	RFP_int_b4	RFP_int_b5	RFP_int_b6	RFP_int_b7	RFP_int_b8	RFP_int_b9	RFP_int_b10	inGFPnfoci	f1_inGFParea	f1_inGFPx	f1_inGFPy	f2_inGFParea	f2_inGFPx	f2_inGFPy	f1_inGFP_toGFPmed	f2_inGFP_toGFPmed	f2_inGFP_toGFPmean	f1_inGFP_toRFPmed	f2_inGFP_toRFPmed	f2_inGFP_toRFPmean	inRFPnfoci	f1_inRFParea	f1_inRFPx	f1_inRFPy	f2_inRFParea	f2_inRFPx	f2_inRFPy	f1_inRFP_toGFPmed	f2_inRFP_toGFPmed	f2_inRFP_toGFPmean	f1_inRFP_toRFPmed	f2_inRFP_toRFPmed	f2_inRFP_toRFPmean	f1_inGFP_toGFPmean	f1_inGFP_toRFPmean	f1_inRFP_toGFPmean	f1_inRFP_toRFPmean
1	1	2017	675.181	76.870	336	585	687	329	49	218	561	747	362	103	1455.996	17798	1969	1185	1036	946	878	797	727	638	486	161	257.343	3420	328	183	162	154	149	144	138	132	123	97	1	122	681.829	74.590	0	0	0	8872	0	0	1477	0	0	1	117	681.676	73.677	0	0	0	8511	0	0	1529	0	0	0	0	0	0
2	2	1450	1198.531	87.769	358	466	325	239	38	295	556	323	193	56	292.814	4710	343	242	229	219	209	198	187	165	133	104	140.697	461	155	148	144	140	136	132	128	122	112	101	1	48	1195.938	77.004	0	0	0	2168	0	0	205	0	0	1	39	1193.327	77.720	0	0	0	761	0	0	328	0	0	0	0	0	0
3	3	1777	92.493	96.490	396	609	558	163	20	281	378	626	365	95	1525.243	2313	2037	1945	1870	1790	1712	1582	1358	1050	669	213	165.432	221	194	188	183	177	171	163	154	141	127	106	0	0	0.000	0.000	0	0	0	0	0	0	0	0	0	0	0	0.000	0.000	0	0	0	0	0	0	0	0	0	0	0	0	0
4	4	891	1381.578	91.961	100	276	297	169	29	84	166	325	172	123	1785.981	2894	2580	2378	2206	2022	1814	1625	1415	1196	941	447	107.296	121	112	111	109	108	107	106	105	104	102	94	0	0	0.000	0.000	0	0	0	0	0	0	0	0	0	0	0	0.000	0.000	0	0	0	0	0	0	0	0	0	0	0	0	0
5	5	1710	1423.190	116.452	272	606	548	230	18	173	598	517	287	106	1554.749	2734	2112	1971	1871	1752	1610	1476	1300	1115	879	238	107.321	121	112	110	109	108	107	106	105	104	103	98	0	0	0.000	0.000	0	0	0	0	0	0	0	0	0	0	0	0.000	0.000	0	0	0	0	0	0	0	0	0	0	0	0	0
6	6	1686	627.875	120.232	272	537	587	236	24	174	555	624	267	39	1999.841	3429	3020	2827	2618	2343	2017	1722	1473	1265	888	216	115.143	135	124	121	119	117	115	113	111	108	106	98	0	0	0.000	0.000	0	0	0	0	0	0	0	0	0	0	0	0.000	0.000	0	0	0	0	0	0	0	0	0	0	0	0	0
7	7	1271	1138.875	112.625	353	502	259	91	42	315	590	276	46	20	437.507	3528	545	508	470	436	408	383	350	293	208	117	163.373	1485	175	161	155	150	145	139	131	121	111	100	1	30	1150.653	100.246	0	0	0	1886	0	0	251	0	0	1	42	1146.257	96.207	0	0	0	495	0	0	722	0	0	0	0	0	0
8	8	1955	183.253	120.414	1461	373	46	32	21	1266	549	46	31	33	125.821	404	134	130	128	126	124	122	119	116	112	103	242.471	396	299	286	274	264	254	241	225	196	157	115	1	29	167.451	127.222	0	0	0	253	0	0	328	0	0	0	0	0.000	0.000	0	0	0	0	0	0	0	0	0	0	0	0	0
9	9	1496	1849.455	134.323	184	458	442	299	87	96	362	545	331	126	2217.775	3653	3244	2991	2783	2536	2314	2069	1837	1426	1001	362	212.902	305	267	254	242	233	222	212	194	170	137	103	0	0	0.000	0.000	0	0	0	0	0	0	0	0	0	0	0	0.000	0.000	0	0	0	0	0	0	0	0	0	0	0	0	0
10	10	1950	671.784	144.858	439	525	588	315	42	302	623	650	259	90	2641.073	4214	3882	3715	3493	3149	2783	2374	1959	1541	1153	421	117.748	147	130	126	123	120	117	115	112	109	106	99	0	0	0.000	0.000	0	0	0	0	0	0	0	0	0	0	0	0.000	0.000	0	0	0	0	0	0	0	0	0	0	0	0	0
11	11	1332	1356.231	141.472	208	432	506	139	21	83	273	577	270	104	2955.586	4744	4348	4008	3706	3414	3052	2688	2320	1903	1393	466	161.092	219	196	187	180	173	164	156	149	136	117	101	0	0	0.000	0.000	0	0	0	0	0	0	0	0	0	0	0	0.000	0.000	0	0	0	0	0	0	0	0	0	0	0	0	0
12	12	2526	1168.277	161.250	889	760	508	275	56	831	843	490	271	46	1369.665	2669	2218	1918	1669	1494	1326	1175	1026	886	608	148	106.669	121	111	110	108	107	106	106	105	104	102	93	0	0	0.000	0.000	0	0	0	0	0	0	0	0	0	0	0	0.000	0.000	0	0	0	0	0	0	0	0	0	0	0	0	0
13	13	3087	1898.170	161.014	844	1120	732	314	33	579	1012	787	483	169	2504.777	22880	3073	2645	2374	2144	1950	1743	1492	1198	691	174	408.643	7270	438	258	236	221	209	197	182	156	131	100	1	156	1893.467	159.051	0	0	0	14204	0	0	3423	0	0	1	161	1893.516	158.844	0	0	0	13906	0	0	3349	0	0	0	0	0	0
14	14	1804	957.671	159.232	1101	506	132	29	16	936	462	280	73	25	492.380	4234	1067	459	360	308	261	215	174	142	121	100	757.502	4818	1605	910	737	634	566	472	319	189	138	106	1	205	957.107	159.100	0	0	0	2086	0	0	2294	0	0	1	166	955.258	159.159	0	0	0	1874	0	0	2897	0	0	0	0	0	0
15	15	1767	497.515	163.185	342	546	563	253	33	341	634	538	209	15	2074.975	18912	2979	2102	1879	1723	1569	1358	1094	846	581	153	227.092	2645	296	176	160	153	146	138	130	121	113	100	1	91	506.335	162.969	0	0	0	11540	0	0	1341	0	0	1	105	505.838	162.664	0	0	0	10338	0	0	1186	0	0	0	0	0	0
16	16	1378	1659.842	160.620	126	428	561	219	20	82	443	526	255	54	4425.547	7139	6514	6124	5621	5097	4544	4034	3547	2948	1947	554	115.618	135	124	122	120	118	116	114	112	110	107	98	0	0	0.000	0.000	0	0	0	0	0	0	0	0	0	0	0	0.000	0.000	0	0	0	0	0	0	0	0	0	0	0	0	0
17	17	1463	204.204	169.451	195	453	521	234	37	159	504	511	210	56	126.676	246	142	133	129	126	124	122	120	117	114	101	226.104	321	278	265	256	243	229	215	206	193	164	113	0	0	0.000	0.000	0	0	0	0	0	0	0	0	0	0	0	0.000	0.000	0	0	0	0	0	0	0	0	0	0	0	0	0
18	18	1762	1083.559	174.859	450	577	462	227	15	437	677	373	221	21	159.834	214	189	181	175	167	160	154	148	139	126	107	285.074	444	382	359	339	316	293	273	249	220	157	107	0	0	0.000	0.000	0	0	0	0	0	0	0	0	0	0	0	0.000	0.000	0	0	0	0	0	0	0	0	0	0	0	0	0
19	19	594	568.398	178.070	85	155	205	124	15	47	148	212	131	45	2621.880	3635	3416	3265	3085	2907	2727	2546	2331	2079	1649	695	144.911	172	161	157	153	150	147	143	138	133	127	107	0	0	0.000	0.000	0	0	0	0	0	0	0	0	0	0	0	0.000	0.000	0	0	0	0	0	0	0	0	0	0	0	0	0
20	20	1401	531.495	197.887	162	307	527	331	47	135	354	578	254	55	1596.214	2583	2358	2209	2049	1879	1678	1451	1212	964	732	258	144.180	190	171	165	159	154	146	138	131	122	113	101	0	0	0.000	0.000	0	0	0	0	0	0	0	0	0	0	0	0.000	0.000	0	0	0	0	0	0	0	0	0	0	0	0	0
21	21	1439	822.394	204.463	439	648	290	23	13	193	487	490	176	71	417.620	636	542	509	478	456	430	401	363	326	281	161	104.960	115	108	107	106	106	105	104	104	103	102	97	0	0	0.000	0.000	0	0	0	0	0	0	0	0	0	0	0	0.000	0.000	0	0	0	0	0	0	0	0	0	0	0	0	0
22	22	2234	1646.508	213.378	700	1166	273	29	14	435	1225	434	93	13	1911.827	20487	2499	2002	1695	1492	1357	1244	1146	997	775	240	270.899	3814	293	209	188	177	169	162	156	147	135	107	1	93	1642.200	221.709	0	0	0	11998	0	0	1992	0	0	1	107	1642.273	221.552	0	0	0	9826	0	0	1831	0	0	0	0	0	0
23	23	1306	1278.963	209.571	229	500	415	118	18	155	490	412	200	33	1246.618	2053	1667	1531	1430	1357	1299	1247	1163	986	700	165	109.691	123	115	113	112	111	110	109	108	106	104	95	0	0	0.000	0.000	0	0	0	0	0	0	0	0	0	0	0	0.000	0.000	0	0	0	0	0	0	0	0	0	0	0	0	0
24	24	2149	155.200	227.628	297	472	692	515	140	156	492	829	429	207	1278.227	22710	1877	570	412	364	333	308	279	248	199	112	313.928	4859	455	177	147	139	133	128	124	119	113	100	1	161	152.105	232.802	0	0	0	10366	0	0	1949	0	0	1	144	152.635	232.228	0	0	0	12068	0	0	2101	0	0	0	0	0	0
25	25	1684	576.008	222.801	255	339	508	399	146	236	448	590	299	86	2023.277	3484	2890	2594	2420	2256	2083	1873	1690	1493	1119	331	137.435	179	154	149	145	141	138	134	130	126	120	104	0	0	0.000	0.000	0	0	0	0	0	0	0	0	0	0	0	0.000	0.000	0	0	0	0	0	0	0	0	0	0	0	0	0
26	26	1509	856.290	238.342	135	324	492	395	132	163	485	500	250	80	738.355	1207	1060	969	884	797	724	663	609	546	428	159	105.421	116	110	108	107	106	105	104	104	103	102	95	0	0	0.000	0.000	0	0	0	0	0	0	0	0	0	0	0	0.000	0.000	0	0	0	0	0	0	0	0	0	0	0	0	0
27	27	973	201.105	242.282	161	242	347	182	26	108	299	336	161	50	366.185	545	482	452	431	404	379	352	317	277	232	147	131.872	161	147	143	139	136	132	129	125	121	115	102	0	0	0.000	0.000	0	0	0	0	0	0	0	0	0	0	0	0.000	0.000	0	0	0	0	0	0	0	0	0	0	0	0	0
28	28	1433	1738.557	255.392	161	418	467	272	89	145	558	443	229	32	1605.891	2800	2292	2050	1937	1815	1688	1512	1320	1108	844	200	167.211	222	199	191	184	177	169	163	153	143	130	105	0	0	0.000	0.000	0	0	0	0	0	0	0	0	0	0	0	0.000	0.000	0	0	0	0	0	0	0	0	0	0	0	0	0
29	29	969	1892.025	252.642	194	338	277	128	16	142	338	282	154	33	314.357	487	418	383	351	325	309	296	282	257	214	132	122.937	150	136	131	128	125	123	120	118	115	111	99	0	0	0.000	0.000	0	0	0	0	0	0	0	0	0	0	0	0.000	0.000	0	0	0	0	0	0	0	0	0	0	0	0	0
30	30	1919	1139.616	265.376	242	569	679	342	49	166	509	698	362	154	2590.240	7712	4302	3862	3413	2851	2347	2058	1777	1489	1033	217	154.677	396	190	180	170	159	149	142	136	129	119	101	0	0	0.000	0.000	0	0	0	0	0	0	0	0	0	1	22	1145.508	252.671	0	0	0	5399	0	0	311	0	0	0	0	0	0
31	31	573	1182.541	257.285	88	139	221	92	20	89	163	180	109	27	2460.522	3975	3594	3405	3176	2886	2571	2225	1894	1592	1164	361	150.555	193	175	169	164	160	154	147	140	131	122	104	0	0	0.000	0.000	0	0	0	0	0	0	0	0	0	0	0	0.000	0.000	0	0	0	0	0	0	0	0	0	0	0	0	0
32	32	1202	1215.501	279.543	96	354	444	254	30	133	443	393	176	33	1295.275	1963	1687	1568	1466	1381	1318	1250	1174	1064	885	408	145.792	178	162	157	153	150	147	145	141	135	127	106	0	0	0.000	0.000	0	0	0	0	0	0	0	0	0	0	0	0.000	0.000	0	0	0	0	0	0	0	0	0	0	0	0	0
33	33	1880	797.230	298.597	262	603	554	358	70	142	619	672	334	71	1759.053	21244	2332	1356	1215	1115	1046	984	895	757	542	192	180.070	1766	221	140	129	125	122	120	117	114	110	101	1	116	800.307	306.633	0	0	0	11643	0	0	719	0	0	1	115	800.691	305.308	0	0	0	7513	0	0	848	0	0	0	0	0	0
34	34	1406	1258.875	293.307	227	473	441	185	56	191	648	366	158	18	1703.661	9187	2332	2076	1879	1706	1571	1459	1354	1191	960	199	133.022	552	141	134	130	127	125	123	120	118	113	102	1	24	1247.144	297.066	0	0	0	6717	0	0	369	0	0	1	40	1246.503	295.651	0	0	0	4026	0	0	342	0	0	0	0	0	0
35	35	1322	849.656	288.381	258	435	379	211	17	172	550	321	201	57	926.234	1589	1277	1148	1075	1028	988	937	862	716	397	137	117.775	139	129	125	123	121	119	117	113	108	104	98	0	0	0.000	0.000	0	0	0	0	0	0	0	0	0	0	0	0.000	0.000	0	0	0	0	0	0	0	0	0	0	0	0	0
36	36	2079	1710.467	301.529	557	792	618	66	9	386	654	631	332	36	2641.435	24681	4560	2053	1737	1553	1421	1282	1114	922	638	196	400.011	5052	726	254	192	175	164	155	145	134	121	102	1	194	1709.857	300.569	0	0	0	13807	0	0	2177	0	0	1	175	1709.122	300.300	0	0	0	14960	0	0	2395	0	0	0	0	0	0
37	37	1754	712.007	317.137	232	570	647	250	19	171	361	750	276	164	664.841	11476	628	540	502	465	436	402	369	341	274	125	132.672	891	133	122	119	117	115	113	112	110	107	98	1	63	724.347	306.845	0	0	0	5584	0	0	480	0	0	1	70	724.332	306.144	0	0	0	4372	0	0	466	0	0	0	0	0	0
38	38	1110	1120.943	318.367	146	382	375	161	17	120	488	304	157	20	3007.573	4709	4258	3935	3685	3437	3177	2893	2530	2062	1514	354	315.901	451	406	384	363	349	332	311	281	247	205	119	0	0	0.000	0.000	0	0	0	0	0	0	0	0	0	0	0	0.000	0.000	0	0	0	0	0	0	0	0	0	0	0	0	0
39	39	2235	1220.018	342.408	479	874	595	238	8	420	1000	556	182	31	2395.668	23136	3000	2379	2171	1977	1807	1642	1408	1056	723	161	340.383	5249	390	233	215	205	195	184	171	155	135	103	1	110	1223.136	348.505	0	0	0	14569	0	0	2383	0	0	1	114	1224.512	348.082	0	0	0	11240	0	0	2533	0	0	0	0	0	0
40	40	1645	764.864	339.149	290	603	563	156	8	119	383	665	334	110	1797.995	7626	2352	2200	2062	1932	1785	1659	1486	1311	1020	418	141.909	504	154	148	144	140	137	134	130	125	119	105	1	13	768.334	355.961	0	0	0	6139	0	0	380	0	0	1	35	767.949	354.783	0	0	0	4309	0	0	328	0	0	0	0	0	0
41	41	2003	1640.591	339.222	800	914	216	27	10	775	712	428	45	11	110.109	152	125	113	109	108	107	106	105	104	103	96	211.732	3322	316	170	126	113	109	106	105	104	102	95	1	329	1641.069	339.794	0	0	0	128	0	0	294	0	0	1	85	1637.861	333.536	0	0	0	123	0	0	1545	0	0	0	0	0	0
42	42	1327	1519.378	348.691	478	432	283	96	18	354	363	269	226	94	653.136	12946	822	331	282	265	251	237	217	194	157	109	209.271	2523	232	155	146	142	138	134	129	122	112	99	1	74	1525.385	348.281	0	0	0	5978	0	0	1206	0	0	1	77	1525.873	348.025	0	0	0	5259	0	0	1206	0	0	0	0	0	0
43	43	1115	139.671	363.763	220	294	392	169	18	162	193	409	269	67	1924.865	3141	2837	2664	2503	2323	2109	1854	1570	1176	616	181	151.002	195	177	172	167	161	156	148	140	129	116	100	0	0	0.000	0.000	0	0	0	0	0	0	0	0	0	0	0	0.000	0.000	0	0	0	0	0	0	0	0	0	0	0	0	0
44	44	2047	876.063	373.797	331	581	685	367	54	247	615	758	326	54	2086.862	3576	2973	2769	2627	2458	2260	1993	1768	1532	669	154	176.110	255	221	211	202	195	184	172	159	136	111	96	0	0	0.000	0.000	0	0	0	0	0	0	0	0	0	0	0	0.000	0.000	0	0	0	0	0	0	0	0	0	0	0	0	0
45	45	1763	734.043	376.511	232	659	552	262	29	153	733	566	232	48	2922.018	5047	4151	3623	3267	3044	2853	2648	2463	2254	1890	679	166.582	230	196	185	177	171	165	160	155	149	139	116	0	0	0.000	0.000	0	0	0	0	0	0	0	0	0	0	0	0.000	0.000	0	0	0	0	0	0	0	0	0	0	0	0	0
46	46	1573	798.062	381.640	451	536	437	104	15	254	402	554	261	72	2110.569	3369	3093	2814	2582	2423	2234	2041	1839	1383	880	250	144.027	188	167	160	155	150	145	141	136	128	117	102	0	0	0.000	0.000	0	0	0	0	0	0	0	0	0	0	0	0.000	0.000	0	0	0	0	0	0	0	0	0	0	0	0	0
47	47	1733	483.359	392.235	303	505	506	335	49	304	627	518	206	51	397.334	3975	472	427	407	387	368	341	317	284	204	111	146.736	748	159	147	143	139	136	133	130	125	116	102	1	38	482.965	384.484	0	0	0	1905	0	0	360	0	0	1	56	482.394	385.053	0	0	0	1482	0	0	397	0	0	0	0	0	0
48	48	1935	1207.758	411.494	282	479	683	386	65	226	601	731	306	43	1865.709	23206	3142	1147	863	777	699	644	602	535	435	143	308.746	3919	476	197	158	147	142	138	133	128	121	103	1	176	1209.333	417.525	0	0	0	12277	0	0	1501	0	0	1	153	1209.484	416.845	0	0	0	13809	0	0	1849	0	0	0	0	0	0
49	49	798	417.156	406.484	483	148	103	39	18	334	163	199	79	16	128.362	170	150	143	139	134	130	125	117	110	106	100	175.876	282	243	228	216	205	185	153	127	112	106	99	0	0	0.000	0.000	0	0	0	0	0	0	0	0	0	0	0	0.000	0.000	0	0	0	0	0	0	0	0	0	0	0	0	0
50	50	5190	235.442	454.641	3591	1122	290	101	26	3723	1076	268	59	19	1689.495	15666	3819	3156	2684	2188	1257	305	177	152	135	109	218.829	3148	351	299	264	231	170	116	107	105	103	96	0	0	0.000	0.000	0	0	0	0	0	0	0	0	0	1	121	228.956	472.037	0	0	0	5358	0	0	916	0	0	0	0	0	0
51	51	1664	1606.050	425.679	312	634	461	207	28	326	789	387	122	15	1351.952	2100	1832	1726	1631	1517	1396	1277	1156	1010	807	264	154.927	196	179	172	167	161	156	151	146	139	128	104	0	0	0.000	0.000	0	0	0	0	0	0	0	0	0	0	0	0.000	0.000	0	0	0	0	0	0	0	0	0	0	0	0	0
52	52	1555	764.765	427.001	240	505	534	227	22	180	623	474	188	56	3066.702	5330	4424	4141	3913	3653	3324	2953	2516	1982	1052	330	167.405	235	202	194	189	181	173	164	154	137	118	100	0	0	0.000	0.000	0	0	0	0	0	0	0	0	0	0	0	0.000	0.000	0	0	0	0	0	0	0	0	0	0	0	0	0
53	53	709	284.915	425.522	78	205	265	138	14	57	177	278	150	33	988.434	1504	1341	1262	1202	1140	1078	989	865	694	470	184	120.650	140	130	127	125	123	121	119	117	115	110	100	0	0	0.000	0.000	0	0	0	0	0	0	0	0	0	0	0	0.000	0.000	0	0	0	0	0	0	0	0	0	0	0	0	0
54	54	1828	163.987	441.277	299	555	677	209	62	236	637	636	233	44	2422.275	4704	3588	3171	2922	2691	2472	2225	2009	1733	1064	302	155.199	217	185	174	168	162	156	150	144	136	123	100	0	0	0.000	0.000	0	0	0	0	0	0	0	0	0	0	0	0.000	0.000	0	0	0	0	0	0	0	0	0	0	0	0	0
55	55	1579	967.129	437.872	270	530	498	224	35	130	454	580	307	80	1273.218	2213	1786	1659	1571	1468	1337	1189	1080	916	572	200	108.429	125	114	112	111	109	108	107	106	105	103	96	0	0	0.000	0.000	0	0	0	0	0	0	0	0	0	0	0	0.000	0.000	0	0	0	0	0	0	0	0	0	0	0	0	0
56	56	1178	918.496	436.429	209	388	371	148	40	127	350	422	185	73	1252.028	2120	1871	1721	1573	1435	1277	1121	983	839	603	148	108.063	121	113	111	110	109	108	107	106	105	103	96	0	0	0.000	0.000	0	0	0	0	0	0	0	0	0	0	0	0.000	0.000	0	0	0	0	0	0	0	0	0	0	0	0	0
57	57	2424	105.777	452.246	414	807	848	272	29	319	813	803	383	44	2373.265	5462	3628	3253	2882	2589	2323	2083	1873	1631	1156	250	167.797	687	200	186	176	169	163	157	150	142	129	103	0	0	0.000	0.000	0	0	0	0	0	0	0	0	0	1	33	130.253	455.314	0	0	0	3984	0	0	445	0	0	0	0	0	0
58	58	1448	710.374	460.643	410	310	409	242	50	347	428	451	179	23	1044.855	1961	1645	1460	1289	1161	1069	954	834	645	394	156	109.283	313	115	109	108	107	106	105	104	104	102	98	0	0	0.000	0.000	0	0	0	0	0	0	0	0	0	0	0	0.000	0.000	0	0	0	0	0	0	0	0	0	0	0	0	0
59	59	2211	619.139	463.302	572	1031	501	58	12	358	837	627	274	72	319.691	474	416	384	362	345	330	312	293	262	200	115	120.530	141	130	127	125	123	122	120	117	114	108	100	0	0	0.000	0.000	0	0	0	0	0	0	0	0	0	0	0	0.000	0.000	0	0	0	0	0	0	0	0	0	0	0	0	0
60	60	1970	1687.164	463.336	198	593	645	428	70	166	631	675	356	95	2880.688	26958	10976	2004	848	535	464	408	359	309	250	132	786.698	7584	2718	599	270	182	155	143	135	126	119	104	1	347	1688.695	461.871	0	0	0	13074	0	0	3143	0	0	1	316	1688.874	461.958	0	0	0	15059	0	0	3556	0	0	0	0	0	0
61	61	1254	1194.212	468.432	248	422	436	105	19	132	437	361	236	62	437.882	698	609	563	524	484	448	414	382	321	236	130	170.725	250	211	200	190	182	174	165	156	143	123	101	0	0	0.000	0.000	0	0	0	0	0	0	0	0	0	0	0	0.000	0.000	0	0	0	0	0	0	0	0	0	0	0	0	0
62	62	1460	1782.589	484.304	260	417	400	282	64	248	498	450	206	31	1883.227	2955	2634	2442	2296	2164	2035	1908	1617	1224	824	326	189.100	265	231	218	210	202	195	187	173	156	135	107	0	0	0.000	0.000	0	0	0	0	0	0	0	0	0	0	0	0.000	0.000	0	0	0	0	0	0	0	0	0	0	0	0	0
63	63	2110	1719.683	492.156	260	895	731	153	25	156	890	746	254	20	2694.996	24273	4118	2313	2038	1851	1697	1524	1350	1068	726	217	436.524	5894	697	241	214	202	191	180	166	148	131	105	1	166	1713.461	490.788	0	0	0	14437	0	0	2796	0	0	1	167	1713.139	490.834	0	0	0	14300	0	0	2792	0	0	0	0	0	0
64	64	970	1386.377	484.457	165	293	307	150	44	121	358	293	147	29	379.356	619	516	469	441	412	378	352	330	298	230	142	126.062	155	140	136	132	129	126	123	120	117	112	100	0	0	0.000	0.000	0	0	0	0	0	0	0	0	0	0	0	0.000	0.000	0	0	0	0	0	0	0	0	0	0	0	0	0
65	65	648	273.711	496.441	172	204	178	67	15	171	277	153	26	5	3008.943	4742	4298	4004	3830	3626	3347	2979	2511	1904	1084	331	275.640	417	373	346	324	310	293	267	238	198	152	113	0	0	0.000	0.000	0	0	0	0	0	0	0	0	0	0	0	0.000	0.000	0	0	0	0	0	0	0	0	0	0	0	0	0
66	66	2068	725.268	497.334	517	773	546	170	25	427	920	491	180	14	3413.347	29595	7327	2391	1948	1804	1632	1502	1366	1170	776	232	597.111	7741	1066	309	234	218	206	195	183	162	140	106	1	235	726.127	493.049	0	0	0	17852	0	0	3175	0	0	1	205	725.743	492.025	0	0	0	18961	0	0	3868	0	0	0	0	0	0
67	67	1455	95.454	517.061	301	443	439	222	21	208	379	493	280	72	484.545	5748	560	487	439	410	379	351	317	281	229	125	182.638	1625	198	169	161	154	148	142	136	129	119	100	1	45	84.497	511.502	0	0	0	2942	0	0	908	0	0	1	60	84.654	511.253	0	0	0	2465	0	0	798	0	0	0	0	0	0
68	68	1467	1690.290	522.185	165	390	545	306	37	137	413	577	251	69	584.388	897	809	736	677	641	599	550	492	436	350	188	155.470	205	182	173	167	161	156	151	145	138	127	107	0	0	0.000	0.000	0	0	0	0	0	0	0	0	0	0	0	0.000	0.000	0	0	0	0	0	0	0	0	0	0	0	0	0
69	69	1647	1400.220	528.181	241	518	594	241	28	185	535	546	301	40	441.061	803	645	576	536	488	436	396	360	314	226	114	130.423	170	149	144	139	135	131	126	122	117	110	99	0	0	0.000	0.000	0	0	0	0	0	0	0	0	0	0	0	0.000	0.000	0	0	0	0	0	0	0	0	0	0	0	0	0
70	70	1772	675.086	529.750	196	598	659	259	24	130	471	695	334	108	1820.438	2890	2424	2280	2176	2051	1885	1727	1555	1366	1111	362	111.749	137	119	116	114	113	111	110	109	108	106	95	0	0	0.000	0.000	0	0	0	0	0	0	0	0	0	0	0	0.000	0.000	0	0	0	0	0	0	0	0	0	0	0	0	0
71	71	2044	472.512	542.413	413	676	577	301	41	311	812	521	307	61	873.198	1694	1290	1092	1009	944	876	799	715	639	465	156	110.725	126	117	115	113	112	110	109	108	106	104	99	0	0	0.000	0.000	0	0	0	0	0	0	0	0	0	0	0	0.000	0.000	0	0	0	0	0	0	0	0	0	0	0	0	0
72	72	766	131.002	546.444	180	199	272	94	9	123	204	210	172	41	1070.380	1728	1544	1476	1391	1298	1199	1074	891	615	315	149	121.943	146	132	129	127	124	123	120	118	115	111	102	0	0	0.000	0.000	0	0	0	0	0	0	0	0	0	0	0	0.000	0.000	0	0	0	0	0	0	0	0	0	0	0	0	0
73	73	921	1744.066	545.462	84	253	281	209	75	67	222	343	194	81	673.425	1000	880	842	801	768	729	675	592	491	367	184	108.216	117	112	111	110	109	108	107	107	106	104	98	0	0	0.000	0.000	0	0	0	0	0	0	0	0	0	0	0	0.000	0.000	0	0	0	0	0	0	0	0	0	0	0	0	0
74	74	2262	630.898	554.725	344	695	847	306	24	214	622	911	380	92	1963.130	15854	2505	2184	1991	1779	1597	1458	1333	1159	839	250	295.630	3459	341	261	242	228	214	202	189	171	150	107	1	84	635.863	545.830	0	0	0	9904	0	0	1919	0	0	1	100	636.570	546.059	0	0	0	9045	0	0	1703	0	0	0	0	0	0
75	75	5286	818.845	577.663	1105	2419	1406	240	28	792	2154	1677	526	67	327.250	1798	402	358	336	321	306	288	267	243	216	130	197.790	1082	229	209	200	193	185	176	168	158	146	105	1	113	822.543	596.815	0	0	0	1143	0	0	669	0	0	1	125	821.829	595.913	0	0	0	1018	0	0	656	0	0	0	0	0	0
76	76	843	739.544	557.138	85	255	293	170	27	93	294	336	101	13	2130.221	3321	2876	2719	2603	2456	2294	2129	1916	1585	1050	227	233.391	328	295	284	274	264	251	236	213	177	133	105	0	0	0.000	0.000	0	0	0	0	0	0	0	0	0	0	0	0.000	0.000	0	0	0	0	0	0	0	0	0	0	0	0	0
77	77	1586	1701.763	570.430	259	408	559	274	62	224	469	538	287	41	606.605	984	845	787	727	668	610	556	507	440	364	153	108.462	120	113	111	110	109	108	107	107	105	104	98	0	0	0.000	0.000	0	0	0	0	0	0	0	0	0	0	0	0.000	0.000	0	0	0	0	0	0	0	0	0	0	0	0	0
78	78	1151	244.996	569.463	243	293	338	220	30	281	451	289	95	10	1095.394	1797	1563	1464	1354	1260	1178	1045	905	750	478	180	130.389	156	146	142	139	135	132	128	123	119	111	102	0	0	0.000	0.000	0	0	0	0	0	0	0	0	0	0	0	0.000	0.000	0	0	0	0	0	0	0	0	0	0	0	0	0
79	79	1499	1822.556	575.265	269	638	398	147	23	296	750	328	80	12	697.027	7858	850	776	721	668	620	576	539	493	429	210	122.919	566	128	124	122	119	117	115	113	111	109	102	0	0	0.000	0.000	0	0	0	0	0	0	0	0	0	0	0	0.000	0.000	0	0	0	0	0	0	0	0	0	0	0	0	0
80	80	1361	1261.976	577.623	191	385	475	260	26	188	470	432	221	28	1578.388	2447	2127	1963	1838	1731	1634	1527	1423	1264	938	308	143.952	178	164	159	155	152	149	145	139	127	112	100	0	0	0.000	0.000	0	0	0	0	0	0	0	0	0	0	0	0.000	0.000	0	0	0	0	0	0	0	0	0	0	0	0	0
81	81	1737	1189.362	582.184	147	532	697	284	43	93	462	767	329	47	829.523	1277	1069	1023	970	932	888	830	740	633	500	171	133.516	166	148	144	141	138	134	131	127	123	117	102	0	0	0.000	0.000	0	0	0	0	0	0	0	0	0	0	0	0.000	0.000	0	0	0	0	0	0	0	0	0	0	0	0	0
82	82	1434	676.193	584.120	282	523	464	127	11	178	424	514	213	71	1862.287	3512	2861	2528	2227	2005	1840	1697	1485	1242	859	294	110.109	125	116	114	112	111	110	109	108	106	104	99	0	0	0.000	0.000	0	0	0	0	0	0	0	0	0	0	0	0.000	0.000	0	0	0	0	0	0	0	0	0	0	0	0	0
83	83	797	449.523	581.735	192	171	223	159	33	162	172	265	135	39	650.020	1290	1134	1034	909	771	634	529	410	244	157	116	107.852	121	113	111	110	109	108	106	105	104	103	99	0	0	0.000	0.000	0	0	0	0	0	0	0	0	0	0	0	0.000	0.000	0	0	0	0	0	0	0	0	0	0	0	0	0
84	84	1391	583.645	588.957	203	363	444	279	78	188	410	488	241	37	1410.911	2318	1928	1789	1714	1623	1538	1415	1225	992	659	209	160.091	214	193	186	181	176	170	161	148	122	108	99	0	0	0.000	0.000	0	0	0	0	0	0	0	0	0	0	0	0.000	0.000	0	0	0	0	0	0	0	0	0	0	0	0	0
85	85	749	322.504	587.515	178	164	171	166	56	166	192	257	94	19	966.360	1682	1550	1463	1354	1244	1104	917	644	338	178	117	122.310	149	138	134	131	128	125	120	114	108	104	98	0	0	0.000	0.000	0	0	0	0	0	0	0	0	0	0	0	0.000	0.000	0	0	0	0	0	0	0	0	0	0	0	0	0
86	86	2134	874.436	629.260	511	859	609	109	9	351	708	635	330	81	974.264	20806	1163	422	346	322	302	285	267	247	223	140	244.931	3327	301	169	149	143	139	135	131	127	121	106	1	121	874.734	636.823	0	0	0	9154	0	0	1457	0	0	1	119	873.648	636.746	0	0	0	8005	0	0	1568	0	0	0	0	0	0
87	87	1701	1476.575	608.471	266	527	510	291	79	184	514	565	318	93	2024.416	23267	3730	1114	979	915	854	782	720	654	562	250	241.367	2686	359	154	135	130	126	123	119	116	112	101	1	165	1473.272	600.624	0	0	0	11771	0	0	1092	0	0	1	134	1473.809	600.016	0	0	0	14207	0	0	1366	0	0	0	0	0	0
88	88	800	1152.199	612.974	107	213	252	166	43	110	186	274	156	52	1058.443	1714	1387	1309	1235	1166	1100	1026	938	834	667	214	141.591	178	159	153	150	146	144	139	134	129	123	102	0	0	0.000	0.000	0	0	0	0	0	0	0	0	0	0	0	0.000	0.000	0	0	0	0	0	0	0	0	0	0	0	0	0
89	89	1623	309.304	625.994	211	328	463	424	161	231	492	517	312	45	1161.858	12762	1516	1179	1037	930	855	805	762	689	398	130	158.024	1328	178	138	130	127	124	121	118	115	111	100	1	63	310.501	626.606	0	0	0	6567	0	0	612	0	0	1	80	311.037	625.932	0	0	0	6029	0	0	646	0	0	0	0	0	0
90	90	586	1269.464	620.686	177	170	170	50	9	100	187	172	92	20	1447.019	5366	2061	1921	1803	1641	1467	1274	1068	793	500	180	181.468	1404	249	176	160	152	144	133	123	113	108	101	0	0	0.000	0.000	0	0	0	0	0	0	0	0	0	1	31	1263.403	619.835	0	0	0	2341	0	0	662	0	0	0	0	0	0
91	91	778	832.517	628.502	138	286	263	70	11	92	269	257	121	28	254.684	338	306	297	288	280	272	260	241	213	163	121	130.022	151	142	139	137	135	132	130	126	121	113	100	0	0	0.000	0.000	0	0	0	0	0	0	0	0	0	0	0	0.000	0.000	0	0	0	0	0	0	0	0	0	0	0	0	0
92	92	2151	1053.716	647.521	463	747	707	171	21	364	828	594	287	34	1963.071	24525	3449	890	701	648	591	529	452	361	283	153	644.863	9869	1065	320	211	185	176	165	152	139	124	102	1	235	1053.338	648.747	0	0	0	11703	0	0	3520	0	0	1	186	1053.696	649.109	0	0	0	15853	0	0	4779	0	0	0	0	0	0
93	93	507	1445.321	633.157	192	173	96	26	10	143	140	153	53	11	673.022	1077	984	918	867	812	725	629	538	413	263	145	116.465	136	126	124	122	120	118	115	112	108	105	99	0	0	0.000	0.000	0	0	0	0	0	0	0	0	0	0	0	0.000	0.000	0	0	0	0	0	0	0	0	0	0	0	0	0
94	94	2093	1559.733	642.237	256	742	716	295	47	166	612	821	339	110	4455.948	32216	11751	3798	2676	2325	2101	1915	1738	1514	1263	435	812.674	9287	2112	501	276	217	200	191	183	174	161	108	1	275	1558.557	639.128	0	0	0	19903	0	0	4133	0	0	1	251	1558.742	638.572	0	0	0	20956	0	0	4532	0	0	0	0	0	0
95	95	1870	493.557	654.627	435	659	566	171	16	265	619	584	323	52	2560.084	8056	3615	3248	3020	2821	2639	2462	2239	1862	1170	274	190.219	849	231	208	199	191	185	176	168	153	128	102	0	0	0.000	0.000	0	0	0	0	0	0	0	0	0	1	36	498.984	651.308	0	0	0	4173	0	0	516	0	0	0	0	0	0
96	96	1350	349.720	656.269	349	295	355	285	49	343	459	332	184	10	860.273	3633	1256	1070	1005	947	890	828	732	552	288	129	114.837	252	124	120	118	116	114	112	110	107	104	97	0	0	0.000	0.000	0	0	0	0	0	0	0	0	0	0	0	0.000	0.000	0	0	0	0	0	0	0	0	0	0	0	0	0
97	97	1617	1512.984	658.487	326	548	540	151	27	305	649	421	197	25	772.042	4300	1068	935	839	774	723	675	627	563	435	187	120.925	369	129	124	121	119	117	115	114	111	108	100	1	20	1509.322	655.776	0	0	0	2946	0	0	290	0	0	1	35	1508.941	655.526	0	0	0	2301	0	0	244	0	0	0	0	0	0
98	98	734	273.523	654.924	179	210	196	120	22	100	201	161	193	56	402.196	612	560	524	498	461	439	400	353	276	165	109	116.634	134	127	124	122	119	117	115	113	109	105	98	0	0	0.000	0.000	0	0	0	0	0	0	0	0	0	0	0	0.000	0.000	0	0	0	0	0	0	0	0	0	0	0	0	0
99	99	1681	1617.976	667.137	380	629	531	105	10	204	482	572	284	102	2928.070	4934	4281	3671	3337	3124	2978	2837	2573	2208	1548	422	244.381	380	317	286	270	258	248	238	223	199	168	109	0	0	0.000	0.000	0	0	0	0	0	0	0	0	0	0	0	0.000	0.000	0	0	0	0	0	0	0	0	0	0	0	0	0
100	100	1720	452.348	675.467	156	366	587	454	108	182	484	572	413	42	1610.791	20425	2793	849	683	626	581	544	508	467	413	217	203.232	1814	310	147	128	123	120	118	115	114	111	102	1	146	458.024	676.745	0	0	0	10817	0	0	849	0	0	1	148	459.093	676.327	0	0	0	9227	0	0	911	0	0	0	0	0	0
101	101	1860	236.328	684.383	303	573	627	263	43	220	555	642	317	90	763.271	13110	859	593	539	492	453	430	405	359	274	136	156.417	1339	175	137	131	127	124	121	118	115	111	100	1	76	233.266	695.128	0	0	0	6140	0	0	685	0	0	1	80	232.903	694.404	0	0	0	5539	0	0	665	0	0	0	0	0	0
102	102	1704	529.581	698.556	419	926	292	20	15	355	836	398	69	11	2660.606	4230	3610	3417	3270	3100	2861	2587	2284	1956	1342	272	172.792	230	203	195	188	181	175	168	160	152	140	109	0	0	0.000	0.000	0	0	0	0	0	0	0	0	0	0	0	0.000	0.000	0	0	0	0	0	0	0	0	0	0	0	0	0
103	103	1893	1557.675	713.199	1238	326	150	105	58	1193	336	181	104	56	319.655	1742	905	353	265	209	172	150	136	127	120	108	110.491	175	131	113	109	107	106	105	104	103	102	96	0	0	0.000	0.000	0	0	0	0	0	0	0	0	0	0	0	0.000	0.000	0	0	0	0	0	0	0	0	0	0	0	0	0
104	104	1513	1594.431	715.076	256	502	527	178	26	201	587	486	164	55	4164.574	31177	13010	3681	2370	1956	1772	1630	1430	1188	988	446	473.562	4604	1269	367	209	168	156	149	139	133	122	106	1	224	1592.639	716.323	0	0	0	18338	0	0	1892	0	0	1	195	1592.469	716.011	0	0	0	19468	0	0	2246	0	0	0	0	0	0
105	105	781	465.596	713.419	113	220	221	166	52	118	264	228	143	19	601.398	914	841	796	738	682	617	563	494	427	332	134	117.784	135	126	124	122	120	118	116	114	111	109	101	0	0	0.000	0.000	0	0	0	0	0	0	0	0	0	0	0	0.000	0.000	0	0	0	0	0	0	0	0	0	0	0	0	0
106	106	2356	1354.449	729.248	1239	930	103	23	17	1162	968	126	36	16	2706.455	8972	4149	3662	3347	3090	2811	2477	2158	1544	936	162	227.802	1306	302	275	255	240	225	207	185	149	129	102	0	0	0.000	0.000	0	0	0	0	0	0	0	0	0	1	37	1362.465	736.672	0	0	0	4161	0	0	765	0	0	0	0	0	0
107	107	1595	1132.024	731.090	537	815	183	22	10	251	663	492	134	23	1505.386	7938	2160	1934	1744	1612	1481	1326	1113	921	752	289	146.434	610	165	156	150	145	140	136	131	124	118	104	1	15	1143.906	726.037	0	0	0	6412	0	0	495	0	0	1	35	1143.207	725.453	0	0	0	3943	0	0	375	0	0	0	0	0	0
108	108	2355	131.607	734.072	354	749	907	252	55	330	792	828	323	42	2694.409	27438	5175	1667	1287	1122	1006	914	838	712	536	153	658.745	9434	1290	329	207	181	170	161	153	144	131	102	1	285	128.373	735.454	0	0	0	13674	0	0	3198	0	0	1	228	128.679	735.413	0	0	0	18185	0	0	4314	0	0	0	0	0	0
109	109	1684	241.696	746.903	462	465	477	227	33	355	566	439	273	26	1117.860	1910	1577	1451	1349	1265	1193	1116	1007	759	463	164	120.105	145	132	129	125	123	120	118	115	111	108	100	0	0	0.000	0.000	0	0	0	0	0	0	0	0	0	0	0	0.000	0.000	0	0	0	0	0	0	0	0	0	0	0	0	0
110	110	2189	414.707	756.719	333	500	673	546	96	332	624	700	422	70	121.925	152	130	128	126	124	123	121	119	116	111	101	105.801	119	110	108	107	106	105	105	104	103	102	95	0	0	0.000	0.000	0	0	0	0	0	0	0	0	0	0	0	0.000	0.000	0	0	0	0	0	0	0	0	0	0	0	0	0
111	111	843	1589.544	762.441	126	256	287	138	22	154	347	223	81	21	1983.154	3112	2844	2680	2532	2318	2077	1821	1590	1356	952	233	203.331	283	253	241	230	220	207	196	180	167	149	111	0	0	0.000	0.000	0	0	0	0	0	0	0	0	0	0	0	0.000	0.000	0	0	0	0	0	0	0	0	0	0	0	0	0
112	112	989	1124.863	777.591	146	302	352	148	30	73	347	344	170	36	1436.734	2494	2248	2069	1854	1633	1421	1208	1022	848	654	240	137.647	183	166	158	151	144	137	129	124	117	111	101	0	0	0.000	0.000	0	0	0	0	0	0	0	0	0	0	0	0.000	0.000	0	0	0	0	0	0	0	0	0	0	0	0	0
113	113	1315	1037.043	796.173	160	345	467	296	33	150	455	439	207	35	485.521	709	639	610	579	543	496	454	413	372	304	175	141.308	176	159	155	151	147	142	137	133	128	122	106	0	0	0.000	0.000	0	0	0	0	0	0	0	0	0	0	0	0.000	0.000	0	0	0	0	0	0	0	0	0	0	0	0	0
114	114	2102	1606.347	803.201	413	738	690	208	18	403	885	554	194	26	2484.695	23630	3708	2359	2054	1837	1642	1449	1202	906	524	196	351.573	4827	465	246	220	204	190	176	161	144	122	101	1	147	1610.435	799.537	0	0	0	13474	0	0	2063	0	0	1	131	1609.746	799.145	0	0	0	14921	0	0	2319	0	0	0	0	0	0
115	115	1206	1161.302	806.441	131	431	451	160	11	75	446	388	218	65	1973.473	3194	2740	2496	2303	2130	1983	1822	1726	1505	1138	489	160.552	208	186	179	172	166	161	157	151	145	133	106	0	0	0.000	0.000	0	0	0	0	0	0	0	0	0	0	0	0.000	0.000	0	0	0	0	0	0	0	0	0	0	0	0	0
116	116	2170	1080.582	823.081	375	739	648	323	56	414	1068	556	86	16	1774.010	24337	3048	850	639	546	480	440	400	357	300	152	462.555	6793	710	244	173	159	152	145	139	133	125	106	1	203	1077.277	828.038	0	0	0	12511	0	0	2775	0	0	1	180	1077.769	827.898	0	0	0	14301	0	0	3236	0	0	0	0	0	0
117	117	1862	1437.438	822.059	403	533	576	263	56	371	614	480	281	78	1832.358	8603	2618	2316	2092	1947	1844	1687	1527	1265	835	307	145.642	458	167	157	151	147	143	139	134	126	115	102	1	12	1444.034	814.115	0	0	0	7292	0	0	183	0	0	1	35	1440.003	816.115	0	0	0	2533	0	0	313	0	0	0	0	0	0
118	118	1103	389.262	815.790	136	190	331	364	60	123	254	408	206	94	621.762	912	850	806	750	696	640	580	519	449	369	200	114.752	136	122	120	118	116	115	113	112	110	107	99	0	0	0.000	0.000	0	0	0	0	0	0	0	0	0	0	0	0.000	0.000	0	0	0	0	0	0	0	0	0	0	0	0	0
119	119	2064	789.124	825.486	394	731	670	191	33	421	1127	432	38	15	1325.374	16613	1752	1357	1210	1104	1005	925	831	688	478	138	182.281	2260	195	156	147	141	137	132	128	122	114	101	1	68	785.380	822.001	0	0	0	8360	0	0	931	0	0	1	74	786.104	822.711	0	0	0	8213	0	0	1043	0	0	0	0	0	0
120	120	1257	1390.488	817.939	143	334	481	240	36	105	327	502	251	53	1971.535	3374	2858	2621	2402	2183	1956	1733	1574	1363	1089	417	149.570	191	175	167	161	155	149	143	138	134	126	105	0	0	0.000	0.000	0	0	0	0	0	0	0	0	0	0	0	0.000	0.000	0	0	0	0	0	0	0	0	0	0	0	0	0
121	121	2435	279.077	829.612	587	1164	596	38	19	874	1261	210	18	14	691.069	1107	946	887	827	759	695	637	587	517	411	163	108.482	127	114	112	110	109	108	107	106	105	103	96	0	0	0.000	0.000	0	0	0	0	0	0	0	0	0	0	0	0.000	0.000	0	0	0	0	0	0	0	0	0	0	0	0	0
122	122	1302	725.281	828.894	196	261	402	340	83	168	335	471	201	100	1330.548	2273	1986	1817	1641	1490	1357	1227	1085	899	596	167	139.341	183	162	154	149	144	139	134	130	124	117	101	0	0	0.000	0.000	0	0	0	0	0	0	0	0	0	0	0	0.000	0.000	0	0	0	0	0	0	0	0	0	0	0	0	0
123	123	789	1028.764	845.464	256	307	159	49	7	196	329	175	66	13	2769.796	4670	3879	3498	3258	3001	2791	2594	2379	2183	1601	550	112.125	125	117	116	115	113	112	111	110	108	107	101	0	0	0.000	0.000	0	0	0	0	0	0	0	0	0	0	0	0.000	0.000	0	0	0	0	0	0	0	0	0	0	0	0	0
124	124	1928	1137.923	860.224	274	457	641	430	81	247	568	601	365	117	2221.307	8239	3417	3025	2742	2493	2233	1949	1655	1326	933	192	207.101	1430	255	232	218	207	194	180	166	151	129	98	0	0	0.000	0.000	0	0	0	0	0	0	0	0	0	1	39	1142.275	874.507	0	0	0	4068	0	0	803	0	0	0	0	0	0
125	125	2217	370.909	866.998	276	588	830	438	44	200	590	851	455	66	818.991	10095	1061	846	773	729	676	622	540	452	345	116	125.663	646	132	124	120	118	116	114	112	109	106	98	1	59	378.920	871.037	0	0	0	5140	0	0	374	0	0	1	67	379.114	870.248	0	0	0	4024	0	0	359	0	0	0	0	0	0
126	126	965	314.595	866.031	173	311	289	126	54	185	398	271	77	14	3243.101	5186	4749	4258	4063	3881	3657	3268	2785	1977	1053	344	168.635	223	200	192	187	181	175	166	157	143	124	103	0	0	0.000	0.000	0	0	0	0	0	0	0	0	0	0	0	0.000	0.000	0	0	0	0	0	0	0	0	0	0	0	0	0
127	127	2342	1070.079	876.897	515	1000	652	103	34	407	1138	591	151	24	3412.903	5381	4774	4429	4094	3779	3488	3219	2913	2505	1886	647	109.724	124	114	113	112	111	110	109	108	106	105	100	0	0	0.000	0.000	0	0	0	0	0	0	0	0	0	0	0	0.000	0.000	0	0	0	0	0	0	0	0	0	0	0	0	0
128	128	1459	774.140	879.003	326	496	471	127	14	270	575	360	185	29	1046.467	4703	1436	1273	1187	1126	1072	1003	925	710	409	152	149.400	636	164	155	150	146	143	139	134	127	118	103	1	16	782.517	883.126	0	0	0	3748	0	0	262	0	0	1	36	784.028	884.228	0	0	0	2452	0	0	388	0	0	0	0	0	0
129	129	1974	258.087	886.334	435	623	665	188	23	374	689	586	251	36	696.626	1142	988	903	824	763	711	662	609	522	352	152	106.471	121	111	109	108	107	106	105	105	104	102	93	0	0	0.000	0.000	0	0	0	0	0	0	0	0	0	0	0	0.000	0.000	0	0	0	0	0	0	0	0	0	0	0	0	0
130	130	1611	1666.758	900.596	316	533	499	209	23	294	593	440	206	46	1064.549	1798	1565	1435	1299	1185	1093	998	887	741	486	170	111.334	125	117	116	114	113	112	110	109	107	105	100	0	0	0.000	0.000	0	0	0	0	0	0	0	0	0	0	0	0.000	0.000	0	0	0	0	0	0	0	0	0	0	0	0	0
131	131	1263	1013.934	902.067	201	444	411	170	11	189	449	365	179	57	3711.814	6171	5123	4636	4323	4100	3878	3604	3314	2883	2052	348	108.481	121	113	111	110	109	108	108	107	106	104	95	0	0	0.000	0.000	0	0	0	0	0	0	0	0	0	0	0	0.000	0.000	0	0	0	0	0	0	0	0	0	0	0	0	0
132	132	1647	1572.918	920.069	219	679	583	121	16	142	569	498	291	100	1777.184	3114	2597	2376	2152	1908	1742	1584	1412	1279	1011	347	108.424	123	114	112	110	109	108	107	106	105	104	99	0	0	0.000	0.000	0	0	0	0	0	0	0	0	0	0	0	0.000	0.000	0	0	0	0	0	0	0	0	0	0	0	0	0
133	133	1149	1624.461	918.954	215	458	363	78	13	155	452	332	169	26	1913.811	2998	2514	2288	2163	2066	1980	1903	1759	1535	1202	345	106.112	116	110	109	107	107	106	105	105	104	103	96	0	0	0.000	0.000	0	0	0	0	0	0	0	0	0	0	0	0.000	0.000	0	0	0	0	0	0	0	0	0	0	0	0	0
134	134	1874	1051.545	930.489	247	667	589	292	37	194	583	613	327	114	1214.141	11334	1553	1320	1157	1045	939	843	771	705	604	186	155.858	1130	166	145	139	134	131	128	124	121	117	102	1	68	1043.586	936.338	0	0	0	6757	0	0	473	0	0	1	86	1045.249	936.456	0	0	0	4785	0	0	537	0	0	0	0	0	0
135	135	621	1527.296	925.408	111	218	119	99	60	91	201	141	115	58	306.890	405	379	364	349	336	323	312	291	257	193	122	138.786	171	156	152	149	146	143	139	134	125	112	102	0	0	0.000	0.000	0	0	0	0	0	0	0	0	0	0	0	0.000	0.000	0	0	0	0	0	0	0	0	0	0	0	0	0
136	136	1953	1136.252	955.882	396	747	642	96	30	334	856	567	140	21	1923.693	3079	2510	2353	2232	2111	1998	1864	1681	1480	1232	488	174.009	235	205	196	190	184	177	170	161	151	139	107	0	0	0.000	0.000	0	0	0	0	0	0	0	0	0	0	0	0.000	0.000	0	0	0	0	0	0	0	0	0	0	0	0	0
137	137	1208	600.076	953.767	194	453	397	131	11	141	399	398	193	61	2717.178	4270	3878	3606	3352	3121	2893	2575	2211	1797	1312	393	202.501	286	252	241	231	218	207	194	180	163	144	113	0	0	0.000	0.000	0	0	0	0	0	0	0	0	0	0	0	0.000	0.000	0	0	0	0	0	0	0	0	0	0	0	0	0
138	138	1784	1545.737	970.338	363	633	487	236	39	325	699	430	230	65	997.004	17329	1412	597	485	418	363	329	301	268	233	143	334.571	5191	461	222	183	165	152	145	140	135	129	105	1	110	1547.820	972.883	0	0	0	8324	0	0	2329	0	0	1	107	1548.016	973.053	0	0	0	8774	0	0	2348	0	0	0	0	0	0
139	139	1544	1592.055	970.998	139	377	583	370	48	119	519	545	291	40	2077.021	17645	2896	2086	1816	1646	1479	1342	1216	1103	914	319	160.233	1058	193	145	137	132	129	126	123	120	115	102	1	82	1590.157	965.449	0	0	0	11117	0	0	544	0	0	1	81	1589.471	965.906	0	0	0	11117	0	0	580	0	0	0	0	0	0
140	140	2384	1875.060	977.768	2130	177	35	20	13	2084	202	62	19	9	1131.981	22895	1372	460	322	291	272	247	196	145	120	101	280.703	4541	339	180	158	150	143	137	124	112	106	97	1	157	1872.820	978.525	0	0	0	10777	0	0	1800	0	0	1	136	1872.631	977.962	0	0	0	12918	0	0	2028	0	0	0	0	0	0
141	141	1021	1075.259	970.618	189	242	364	177	34	163	247	336	181	71	1070.619	1728	1587	1460	1311	1201	1128	1015	875	690	478	215	133.107	164	150	145	141	138	135	131	127	121	112	102	0	0	0.000	0.000	0	0	0	0	0	0	0	0	0	0	0	0.000	0.000	0	0	0	0	0	0	0	0	0	0	0	0	0
142	142	1562	1638.737	983.724	223	490	549	231	36	215	698	432	169	24	2934.205	7178	3905	3675	3446	3225	3014	2794	2576	2279	1635	461	160.403	463	180	173	168	164	159	154	150	142	131	110	0	0	0.000	0.000	0	0	0	0	0	0	0	0	0	1	17	1632.582	1001.093	0	0	0	6139	0	0	345	0	0	0	0	0	0
143	143	678	1475.022	975.416	86	184	184	162	48	54	240	174	151	46	1306.668	2013	1797	1699	1579	1463	1341	1211	1062	923	754	303	126.903	148	137	134	132	130	127	125	122	119	115	107	0	0	0.000	0.000	0	0	0	0	0	0	0	0	0	0	0	0.000	0.000	0	0	0	0	0	0	0	0	0	0	0	0	0
144	144	2090	639.495	987.990	395	729	639	259	42	303	725	603	314	108	2306.181	4027	3316	3054	2883	2646	2424	2185	1914	1585	1039	236	185.425	260	225	213	206	198	189	179	168	157	139	108	0	0	0.000	0.000	0	0	0	0	0	0	0	0	0	0	0	0.000	0.000	0	0	0	0	0	0	0	0	0	0	0	0	0
145	145	1173	1018.860	979.626	118	243	428	289	69	99	405	426	178	44	4327.171	6703	5936	5625	5336	5024	4668	4195	3681	3008	2120	583	202.592	289	252	241	232	224	216	204	185	158	128	103	0	0	0.000	0.000	0	0	0	0	0	0	0	0	0	0	0	0.000	0.000	0	0	0	0	0	0	0	0	0	0	0	0	0
146	146	2126	562.700	990.626	357	1032	610	78	11	245	631	694	404	121	2846.418	23187	4300	2417	2182	2025	1881	1684	1444	1218	684	176	249.368	2265	376	187	163	155	150	145	139	132	123	103	1	170	568.163	992.742	0	0	0	15078	0	0	815	0	0	1	184	567.131	990.556	0	0	0	8081	0	0	1145	0	0	0	0	0	0
147	147	1180	1931.333	987.235	249	447	354	105	11	213	539	273	125	11	753.159	1156	970	916	881	852	794	739	682	614	437	174	133.201	164	148	144	141	138	135	131	127	123	115	100	0	0	0.000	0.000	0	0	0	0	0	0	0	0	0	0	0	0.000	0.000	0	0	0	0	0	0	0	0	0	0	0	0	0
148	148	1796	777.609	1000.993	345	542	606	232	45	303	599	592	231	44	2036.479	3446	2892	2662	2476	2289	2160	2039	1759	1416	894	293	149.080	203	172	166	161	157	153	148	142	133	115	102	0	0	0.000	0.000	0	0	0	0	0	0	0	0	0	0	0	0.000	0.000	0	0	0	0	0	0	0	0	0	0	0	0	0
149	149	1548	1108.289	1006.419	277	497	532	171	40	272	638	399	172	25	1903.169	3287	2702	2464	2289	2139	1974	1783	1586	1413	982	216	108.837	128	115	112	111	109	108	107	106	105	104	96	0	0	0.000	0.000	0	0	0	0	0	0	0	0	0	0	0	0.000	0.000	0	0	0	0	0	0	0	0	0	0	0	0	0
150	150	1483	1480.227	1017.196	178	506	490	250	30	133	538	494	218	77	1520.824	12709	1848	1640	1464	1346	1250	1173	1097	992	808	218	145.220	841	153	138	135	131	128	125	123	120	115	100	1	51	1468.594	1013.094	0	0	0	7641	0	0	494	0	0	1	58	1468.811	1013.299	0	0	0	7420	0	0	464	0	0	0	0	0	0
151	151	1444	912.013	1019.047	202	308	493	303	106	174	457	505	226	55	2334.569	17388	3547	2527	2128	1934	1785	1629	1485	1334	1033	278	139.778	570	162	138	131	127	124	122	119	116	112	102	1	71	905.243	1017.910	0	0	0	10625	0	0	273	0	0	1	75	906.014	1019.293	0	0	0	8720	0	0	342	0	0	0	0	0	0
152	152	1111	1603.000	1020.734	230	321	332	178	30	144	276	325	286	69	1988.252	3250	2861	2668	2474	2293	2113	1863	1608	1299	932	367	134.321	167	151	146	142	139	136	131	127	122	116	103	0	0	0.000	0.000	0	0	0	0	0	0	0	0	0	0	0	0.000	0.000	0	0	0	0	0	0	0	0	0	0	0	0	0
153	153	1046	599.828	1024.185	130	278	317	272	31	77	292	381	186	88	2041.627	3376	3077	2775	2493	2287	2083	1853	1654	1434	962	202	148.898	196	178	171	165	159	153	147	138	125	111	96	0	0	0.000	0.000	0	0	0	0	0	0	0	0	0	0	0	0.000	0.000	0	0	0	0	0	0	0	0	0	0	0	0	0
154	154	1974	1658.151	1027.755	362	811	550	187	22	327	811	597	185	21	4028.870	24664	6068	4286	3838	3543	3176	2851	2606	2300	1585	518	242.873	2318	321	206	188	177	168	160	153	141	123	101	1	118	1655.768	1020.517	0	0	0	17571	0	0	1193	0	0	1	118	1655.598	1020.030	0	0	0	17571	0	0	1193	0	0	0	0	0	0
155	155	1500	1545.728	1041.803	251	526	489	191	16	185	561	423	233	70	1901.042	2990	2610	2494	2377	2264	2146	1934	1603	1210	787	259	258.826	357	324	311	300	289	277	255	230	199	166	119	0	0	0.000	0.000	0	0	0	0	0	0	0	0	0	0	0	0.000	0.000	0	0	0	0	0	0	0	0	0	0	0	0	0
156	156	2090	531.417	1053.560	337	710	673	296	34	200	587	745	403	123	1329.226	20618	2016	759	533	464	432	409	385	350	264	125	311.068	4960	431	186	151	140	133	129	124	120	115	100	1	160	527.693	1055.210	0	0	0	10015	0	0	1875	0	0	1	130	527.797	1055.248	0	0	0	13024	0	0	2344	0	0	0	0	0	0
157	157	1441	1796.556	1053.227	172	471	405	275	84	172	496	416	246	82	1843.548	3294	2722	2475	2284	2099	1888	1646	1444	1180	876	349	151.719	203	179	171	165	158	152	145	139	131	124	108	0	0	0.000	0.000	0	0	0	0	0	0	0	0	0	0	0	0.000	0.000	0	0	0	0	0	0	0	0	0	0	0	0	0
158	158	2416	461.521	1066.055	295	614	814	526	123	268	859	858	330	65	3127.145	30155	9301	1434	1071	951	873	802	726	629	473	185	1010.960	12533	2676	440	239	209	197	189	179	167	146	106	1	365	457.613	1065.674	0	0	0	16134	0	0	4563	0	0	1	306	457.565	1065.675	0	0	0	19015	0	0	5955	0	0	0	0	0	0
159	159	2309	734.422	1068.273	396	802	738	314	23	371	789	735	324	44	1704.311	18894	1980	1570	1429	1323	1222	1130	1027	896	629	194	306.615	5668	324	205	191	183	176	169	160	150	133	107	1	112	726.589	1071.618	0	0	0	10660	0	0	2182	0	0	1	98	726.821	1071.426	0	0	0	12184	0	0	2437	0	0	0	0	0	0
160	160	2519	1495.990	1067.125	372	993	856	209	42	372	909	825	309	63	1606.503	18922	2194	1778	1543	1393	1267	1153	1050	928	691	188	321.224	6283	344	263	236	217	203	191	181	166	145	106	1	69	1487.922	1059.587	0	0	0	10585	0	0	2893	0	0	1	78	1487.666	1058.991	0	0	0	9365	0	0	2802	0	0	0	0	0	0
161	161	1906	888.325	1066.157	136	435	731	504	70	105	582	767	343	66	2293.216	3828	3207	2953	2743	2529	2330	2175	1942	1650	1280	435	129.567	160	142	139	136	133	130	127	124	120	115	102	0	0	0.000	0.000	0	0	0	0	0	0	0	0	0	0	0	0.000	0.000	0	0	0	0	0	0	0	0	0	0	0	0	0
162	162	1290	938.474	1082.759	146	332	426	325	38	146	586	365	151	16	2593.181	3690	3396	3197	2998	2845	2681	2548	2358	2013	1603	744	131.309	158	142	139	136	134	132	130	127	124	119	103	0	0	0.000	0.000	0	0	0	0	0	0	0	0	0	0	0	0.000	0.000	0	0	0	0	0	0	0	0	0	0	0	0	0
163	163	1852	1833.035	1091.095	390	578	568	260	22	312	580	497	339	88	2946.221	21909	4093	2932	2632	2391	2185	1946	1722	1449	1032	314	266.038	2796	367	207	186	176	167	159	151	141	128	106	1	124	1831.285	1097.680	0	0	0	14323	0	0	1330	0	0	1	120	1831.652	1097.152	0	0	0	14518	0	0	1355	0	0	0	0	0	0
164	164	602	302.998	1078.398	64	165	198	124	35	48	194	209	117	18	112.457	124	118	116	115	114	113	112	110	109	107	99	186.741	229	216	209	203	197	189	182	176	164	152	125	0	0	0.000	0.000	0	0	0	0	0	0	0	0	0	0	0	0.000	0.000	0	0	0	0	0	0	0	0	0	0	0	0	0
165	165	2146	265.427	1106.257	362	661	773	292	24	430	1088	528	52	10	111.170	126	117	115	113	112	111	110	109	108	106	99	182.155	267	229	216	202	192	182	170	160	151	138	104	0	0	0.000	0.000	0	0	0	0	0	0	0	0	0	0	0	0.000	0.000	0	0	0	0	0	0	0	0	0	0	0	0	0
166	166	1651	864.410	1111.225	317	704	426	155	20	198	736	394	217	75	1927.227	3422	2690	2463	2303	2148	1944	1776	1609	1439	1060	362	137.195	179	158	152	147	142	137	133	129	123	115	100	0	0	0.000	0.000	0	0	0	0	0	0	0	0	0	0	0	0.000	0.000	0	0	0	0	0	0	0	0	0	0	0	0	0
167	167	1770	459.724	1117.658	286	436	572	384	52	274	528	558	318	54	1044.023	1615	1482	1375	1277	1189	1090	1002	900	733	499	164	204.131	280	253	240	230	221	211	200	187	165	139	107	0	0	0.000	0.000	0	0	0	0	0	0	0	0	0	0	0	0.000	0.000	0	0	0	0	0	0	0	0	0	0	0	0	0
168	168	1519	318.362	1118.180	331	277	354	414	120	288	418	435	287	66	113.787	129	120	118	117	116	114	113	111	109	107	99	175.652	245	210	201	193	186	180	172	164	152	129	104	0	0	0.000	0.000	0	0	0	0	0	0	0	0	0	0	0	0.000	0.000	0	0	0	0	0	0	0	0	0	0	0	0	0
169	169	1537	633.843	1127.957	221	524	512	228	29	134	409	648	236	80	750.470	1175	999	941	886	834	772	720	673	575	430	164	131.252	159	146	142	138	135	132	129	126	121	115	100	0	0	0.000	0.000	0	0	0	0	0	0	0	0	0	0	0	0.000	0.000	0	0	0	0	0	0	0	0	0	0	0	0	0
170	170	1805	912.181	1132.591	223	514	644	334	57	390	770	503	97	10	2690.421	20974	4279	2540	2212	1972	1793	1653	1505	1323	1043	276	200.842	1419	276	173	156	148	142	138	132	127	120	103	1	130	908.186	1134.190	0	0	0	12732	0	0	720	0	0	1	144	909.460	1133.978	0	0	0	11441	0	0	745	0	0	0	0	0	0
171	171	1619	1028.645	1144.005	414	514	451	188	26	340	544	442	195	69	3023.616	23248	5175	2652	2318	2159	2035	1850	1670	1294	667	218	495.794	5699	937	323	273	247	231	218	202	175	130	105	1	136	1025.650	1139.245	0	0	0	15077	0	0	2877	0	0	1	146	1025.921	1138.698	0	0	0	14186	0	0	2732	0	0	0	0	0	0
172	172	2136	600.771	1172.584	330	621	842	283	20	245	596	804	395	57	898.412	7716	1147	1036	972	909	844	779	695	583	435	191	140.764	638	153	146	141	138	135	131	126	121	115	97	1	39	597.222	1160.093	0	0	0	4971	0	0	396	0	0	1	48	597.864	1160.322	0	0	0	3828	0	0	379	0	0	0	0	0	0
173	173	1085	749.608	1162.365	157	314	341	231	23	134	278	401	205	48	700.902	1108	1009	938	853	773	700	657	619	510	338	139	114.747	134	124	121	119	117	115	113	111	108	105	98	0	0	0.000	0.000	0	0	0	0	0	0	0	0	0	0	0	0.000	0.000	0	0	0	0	0	0	0	0	0	0	0	0	0
174	174	1613	240.733	1169.236	254	385	541	352	57	196	357	637	261	130	759.765	1237	1058	977	897	840	784	737	669	576	386	152	138.675	174	158	152	147	143	140	137	132	126	116	100	0	0	0.000	0.000	0	0	0	0	0	0	0	0	0	0	0	0.000	0.000	0	0	0	0	0	0	0	0	0	0	0	0	0
175	175	2169	1804.590	1178.612	460	842	610	209	15	282	836	592	379	45	1626.731	23573	2957	539	363	319	302	289	275	259	237	140	646.280	6032	954	508	443	410	391	374	354	328	291	161	1	227	1813.051	1184.155	0	0	0	11567	0	0	2425	0	0	1	169	1812.911	1184.062	0	0	0	15939	0	0	3289	0	0	0	0	0	0
176	176	945	1751.045	1167.001	100	253	328	196	55	114	339	341	104	28	5577.519	8362	7781	7284	6758	6318	5862	5372	4815	4060	2914	726	313.764	459	405	385	363	346	327	305	282	250	201	121	0	0	0.000	0.000	0	0	0	0	0	0	0	0	0	0	0	0.000	0.000	0	0	0	0	0	0	0	0	0	0	0	0	0
177	177	1921	1903.756	1172.736	361	886	553	66	9	235	671	628	324	30	2585.328	4766	4019	3545	3250	2977	2733	2423	1977	1504	1004	238	134.143	175	155	148	144	140	136	130	125	118	111	99	0	0	0.000	0.000	0	0	0	0	0	0	0	0	0	0	0	0.000	0.000	0	0	0	0	0	0	0	0	0	0	0	0	0
178	178	1562	795.717	1174.922	338	495	509	173	12	221	506	476	272	58	1730.918	21975	2427	994	904	848	795	746	692	625	436	140	183.912	1687	238	138	127	124	122	120	117	114	110	99	1	124	800.139	1164.841	0	0	0	10927	0	0	731	0	0	1	117	800.214	1164.901	0	0	0	11666	0	0	790	0	0	0	0	0	0
179	179	1425	1859.650	1205.097	276	400	408	249	76	217	423	380	292	92	3149.096	5314	4542	4268	4011	3680	3305	3010	2655	2141	1165	282	139.067	178	158	153	149	145	141	137	132	125	114	99	0	0	0.000	0.000	0	0	0	0	0	0	0	0	0	0	0	0.000	0.000	0	0	0	0	0	0	0	0	0	0	0	0	0
180	180	1392	1661.760	1206.604	332	502	417	98	18	242	492	388	204	36	2196.952	3491	3005	2810	2648	2480	2291	2087	1843	1578	1192	477	178.700	240	213	204	197	190	183	174	163	152	138	110	0	0	0.000	0.000	0	0	0	0	0	0	0	0	0	0	0	0.000	0.000	0	0	0	0	0	0	0	0	0	0	0	0	0
181	181	2124	262.470	1216.630	536	622	641	259	41	501	661	649	247	33	2315.296	26643	4827	1485	1026	888	800	736	653	528	349	155	590.090	8606	1238	309	195	160	146	139	134	127	119	104	1	235	260.394	1216.569	0	0	0	13674	0	0	3318	0	0	1	198	260.366	1216.442	0	0	0	16352	0	0	3849	0	0	0	0	0	0
182	182	1337	1763.962	1218.415	116	427	501	243	22	160	576	389	166	22	613.795	896	804	757	719	685	655	614	547	470	352	162	122.018	144	132	129	126	124	122	120	118	115	112	103	0	0	0.000	0.000	0	0	0	0	0	0	0	0	0	0	0	0.000	0.000	0	0	0	0	0	0	0	0	0	0	0	0	0
183	183	1643	612.337	1236.543	184	405	606	380	45	122	435	679	289	88	1912.994	15180	2483	2121	1922	1713	1580	1463	1321	1100	758	246	181.840	1397	206	170	161	153	146	141	135	128	119	103	1	64	618.829	1242.858	0	0	0	9242	0	0	835	0	0	1	78	618.842	1243.677	0	0	0	8021	0	0	730	0	0	0	0	0	0
184	184	2298	1619.982	1246.016	495	1050	613	76	14	266	950	676	303	50	1813.569	5078	2784	2368	2040	1841	1718	1608	1493	1298	964	308	177.912	916	217	192	180	173	167	162	156	147	134	108	0	0	0.000	0.000	0	0	0	0	0	0	0	0	0	1	39	1625.004	1235.745	0	0	0	3608	0	0	524	0	0	0	0	0	0
185	185	2288	1813.182	1250.350	449	859	724	198	29	247	639	701	514	146	1712.154	23318	2870	1016	751	654	570	495	434	373	302	121	208.511	2145	283	150	131	125	121	118	115	112	109	100	1	203	1811.037	1249.236	0	0	0	12072	0	0	886	0	0	1	172	1811.406	1248.959	0	0	0	14494	0	0	1065	0	0	0	0	0	0
186	186	762	110.901	1248.579	95	328	239	74	8	81	239	258	159	14	1356.714	2195	1956	1818	1673	1539	1397	1263	1114	918	676	211	108.087	123	113	111	110	109	108	107	106	105	103	98	0	0	0.000	0.000	0	0	0	0	0	0	0	0	0	0	0	0.000	0.000	0	0	0	0	0	0	0	0	0	0	0	0	0
187	187	1500	570.874	1266.417	307	298	449	328	76	237	355	496	266	117	1903.254	3191	2704	2465	2250	2110	1964	1802	1636	1370	948	402	152.739	208	182	173	166	159	153	149	142	134	117	100	0	0	0.000	0.000	0	0	0	0	0	0	0	0	0	0	0	0.000	0.000	0	0	0	0	0	0	0	0	0	0	0	0	0
188	188	1433	639.131	1277.120	246	309	521	257	75	196	602	428	160	29	136.093	165	152	148	145	142	138	134	130	124	117	102	233.379	322	288	277	264	252	239	225	208	191	168	127	0	0	0.000	0.000	0	0	0	0	0	0	0	0	0	0	0	0.000	0.000	0	0	0	0	0	0	0	0	0	0	0	0	0
189	189	1289	874.267	1279.979	146	309	381	289	139	132	454	425	177	75	1784.859	2909	2491	2246	2048	1927	1807	1673	1520	1342	1082	366	149.706	190	171	163	158	154	150	146	142	137	129	109	0	0	0.000	0.000	0	0	0	0	0	0	0	0	0	0	0	0.000	0.000	0	0	0	0	0	0	0	0	0	0	0	0	0
190	190	1916	206.796	1288.755	373	530	599	322	54	327	511	611	336	91	2960.021	23235	4695	2959	2431	2136	1963	1817	1630	1298	906	316	356.448	4523	526	257	203	185	174	167	159	148	133	104	1	137	209.543	1287.116	0	0	0	15306	0	0	2015	0	0	1	141	210.525	1287.634	0	0	0	14827	0	0	2093	0	0	0	0	0	0
191	191	1464	1762.560	1300.841	339	374	434	223	72	291	542	422	148	33	515.533	1977	740	642	592	556	525	484	434	357	268	155	127.665	220	143	138	134	130	127	124	120	115	111	100	0	0	0.000	0.000	0	0	0	0	0	0	0	0	0	1	12	1763.007	1309.936	0	0	0	778	0	0	204	0	0	0	0	0	0
192	192	1525	1571.428	1301.564	281	522	480	187	26	277	675	379	146	23	426.632	8039	525	293	251	238	228	219	207	190	163	121	153.505	996	166	146	140	137	134	131	128	123	116	101	1	63	1570.675	1304.875	0	0	0	3584	0	0	497	0	0	1	60	1570.595	1304.750	0	0	0	3738	0	0	529	0	0	0	0	0	0
193	193	720	765.437	1308.913	82	208	247	133	36	92	320	202	75	19	1360.692	2254	2019	1842	1679	1522	1369	1215	1042	877	749	307	168.635	224	205	193	185	176	169	161	152	143	133	113	0	0	0.000	0.000	0	0	0	0	0	0	0	0	0	0	0	0.000	0.000	0	0	0	0	0	0	0	0	0	0	0	0	0
194	194	1766	617.771	1324.905	323	412	553	391	55	243	411	575	357	143	139.897	575	151	147	143	140	137	134	131	126	120	104	221.072	379	280	264	245	232	221	208	196	184	164	109	1	35	598.055	1319.183	0	0	0	311	0	0	256	0	0	0	0	0.000	0.000	0	0	0	0	0	0	0	0	0	0	0	0	0
195	195	2528	225.314	1346.534	531	941	861	138	15	394	730	857	465	39	2785.050	15864	3978	2816	2546	2379	2244	2080	1813	1503	1027	214	360.366	3737	472	272	245	233	222	212	198	180	154	104	1	202	228.083	1351.881	0	0	0	11414	0	0	1743	0	0	1	180	227.710	1352.066	0	0	0	12513	0	0	1969	0	0	0	0	0	0
196	196	1671	1617.267	1332.768	414	630	475	114	12	234	462	574	304	70	1278.048	2014	1800	1637	1526	1420	1328	1247	1162	973	581	189	125.059	154	137	133	131	129	126	124	121	116	110	100	0	0	0.000	0.000	0	0	0	0	0	0	0	0	0	0	0	0.000	0.000	0	0	0	0	0	0	0	0	0	0	0	0	0
197	197	1930	763.051	1350.502	1048	735	76	20	16	1087	715	61	21	16	1615.323	11794	2197	1920	1772	1647	1538	1418	1219	953	685	157	227.937	2962	258	208	195	187	180	171	159	146	131	101	1	39	765.145	1342.940	0	0	0	7447	0	0	1847	0	0	1	56	765.013	1343.476	0	0	0	6039	0	0	1390	0	0	0	0	0	0
198	198	1564	171.739	1361.224	216	455	498	293	66	266	495	443	293	46	2639.461	4580	4016	3581	3324	3050	2771	2398	1966	1580	1196	232	239.492	370	316	293	277	263	244	224	200	181	158	112	0	0	0.000	0.000	0	0	0	0	0	0	0	0	0	0	0	0.000	0.000	0	0	0	0	0	0	0	0	0	0	0	0	0
199	199	586	1728.073	1358.561	255	177	96	31	15	271	165	95	32	20	583.688	805	731	702	669	643	614	578	524	464	399	209	130.261	155	141	137	135	133	131	129	126	123	118	105	0	0	0.000	0.000	0	0	0	0	0	0	0	0	0	0	0	0.000	0.000	0	0	0	0	0	0	0	0	0	0	0	0	0
200	200	1834	993.173	1376.395	372	620	567	232	21	247	489	625	318	121	1850.148	8302	2636	2398	2188	1976	1790	1635	1472	1294	960	320	151.881	631	167	161	156	152	148	144	138	132	124	104	1	14	979.285	1364.149	0	0	0	6948	0	0	463	0	0	1	35	980.269	1364.033	0	0	0	4726	0	0	390	0	0	0	0	0	0
201	201	2083	587.718	1381.828	364	587	676	340	93	343	845	611	228	19	2469.536	7713	3483	3180	2890	2653	2460	2296	2145	1891	1303	243	163.965	667	185	176	171	166	161	156	150	142	130	102	0	0	0.000	0.000	0	0	0	0	0	0	0	0	0	1	31	566.698	1378.915	0	0	0	4001	0	0	391	0	0	0	0	0	0
202	202	982	1900.276	1374.686	154	348	336	112	16	145	325	308	153	29	1848.649	3249	2855	2601	2361	2111	1867	1622	1360	1080	830	403	144.777	190	172	165	159	153	147	139	131	123	115	102	0	0	0.000	0.000	0	0	0	0	0	0	0	0	0	0	0	0.000	0.000	0	0	0	0	0	0	0	0	0	0	0	0	0
203	203	1571	1394.509	1386.455	282	486	525	211	37	216	575	438	229	88	280.894	4425	317	270	252	234	216	202	191	178	154	109	179.199	1025	208	192	182	172	162	155	150	143	130	104	1	34	1401.182	1381.406	0	0	0	2085	0	0	615	0	0	1	39	1401.185	1381.255	0	0	0	1708	0	0	591	0	0	0	0	0	0
204	204	1098	1506.767	1397.529	277	431	283	71	12	203	344	361	144	30	2591.709	4266	3972	3632	3317	3016	2709	2412	2148	1712	818	230	194.821	276	240	231	221	211	203	193	179	159	129	104	0	0	0.000	0.000	0	0	0	0	0	0	0	0	0	0	0	0.000	0.000	0	0	0	0	0	0	0	0	0	0	0	0	0
205	205	2406	302.198	1409.200	397	631	811	462	60	350	711	751	436	103	1585.601	7050	2395	2181	2017	1766	1549	1419	1187	878	614	194	148.697	959	165	158	153	147	141	136	129	121	115	102	1	17	309.702	1422.546	0	0	0	5677	0	0	697	0	0	1	38	309.735	1422.378	0	0	0	4587	0	0	538	0	0	0	0	0	0
206	206	1251	898.615	1407.535	241	509	371	93	15	144	500	320	217	49	429.073	3011	501	457	432	418	401	380	350	312	260	159	164.216	1187	181	163	157	152	148	144	139	134	127	111	1	31	899.645	1407.248	0	0	0	1644	0	0	567	0	0	1	29	900.140	1406.647	0	0	0	1644	0	0	596	0	0	0	0	0	0
207	207	1775	796.493	1413.592	415	689	495	128	22	329	622	481	248	62	774.168	17195	987	408	300	270	251	236	222	211	182	112	192.421	2121	217	153	144	139	136	133	129	124	118	102	1	88	790.730	1407.296	0	0	0	7693	0	0	1012	0	0	1	84	790.708	1407.153	0	0	0	7807	0	0	1021	0	0	0	0	0	0
208	208	514	559.886	1411.580	91	163	143	90	21	87	164	165	81	7	1972.582	3214	3025	2789	2588	2386	2149	1838	1526	1139	652	200	149.702	193	177	171	166	159	153	145	136	128	118	107	0	0	0.000	0.000	0	0	0	0	0	0	0	0	0	0	0	0.000	0.000	0	0	0	0	0	0	0	0	0	0	0	0	0
209	209	2418	843.873	1428.350	461	918	744	228	31	279	963	759	312	63	1384.265	22793	1856	615	460	413	380	351	317	277	225	116	529.516	10005	654	256	191	174	166	158	150	142	129	103	1	183	838.908	1427.201	0	0	0	10963	0	0	3850	0	0	1	154	838.914	1427.302	0	0	0	14232	0	0	4542	0	0	0	0	0	0
210	210	1552	974.064	1427.951	269	541	503	193	15	177	405	508	298	127	1952.037	3535	2922	2588	2312	2129	1954	1808	1623	1375	951	249	144.232	201	168	160	154	149	144	140	136	129	117	102	0	0	0.000	0.000	0	0	0	0	0	0	0	0	0	0	0	0.000	0.000	0	0	0	0	0	0	0	0	0	0	0	0	0
211	211	677	1294.403	1418.097	93	144	193	177	57	76	143	191	179	70	577.422	926	825	780	742	701	652	603	485	309	174	126	119.919	148	137	132	129	126	121	115	109	105	103	95	0	0	0.000	0.000	0	0	0	0	0	0	0	0	0	0	0	0.000	0.000	0	0	0	0	0	0	0	0	0	0	0	0	0
212	212	1572	248.737	1428.987	264	433	482	297	62	191	465	521	313	52	1854.067	3020	2724	2587	2435	2286	2025	1694	1343	1008	726	318	148.968	195	176	171	165	158	150	143	135	126	118	107	0	0	0.000	0.000	0	0	0	0	0	0	0	0	0	0	0	0.000	0.000	0	0	0	0	0	0	0	0	0	0	0	0	0
213	213	1157	1065.119	1441.974	204	379	337	163	48	120	427	322	195	74	2413.909	3785	3369	3141	2984	2859	2698	2478	2140	1663	858	194	106.906	118	111	109	108	107	107	106	105	104	103	99	0	0	0.000	0.000	0	0	0	0	0	0	0	0	0	0	0	0.000	0.000	0	0	0	0	0	0	0	0	0	0	0	0	0
214	214	768	1850.795	1441.367	102	200	206	175	74	102	208	226	162	50	5216.579	8980	8196	7694	7129	6570	5905	5107	3810	2250	975	289	158.358	214	194	186	179	171	165	155	142	125	112	101	0	0	0.000	0.000	0	0	0	0	0	0	0	0	0	0	0	0.000	0.000	0	0	0	0	0	0	0	0	0	0	0	0	0
215	215	1753	1115.261	1455.959	461	549	505	185	21	394	530	471	240	84	2429.377	4308	3339	3025	2837	2669	2518	2324	2109	1873	1373	352	111.020	130	119	116	114	112	110	109	107	106	104	99	0	0	0.000	0.000	0	0	0	0	0	0	0	0	0	0	0	0.000	0.000	0	0	0	0	0	0	0	0	0	0	0	0	0
216	216	1612	622.726	1456.534	477	434	423	223	30	339	418	463	283	85	2846.170	5072	4352	3775	3472	3211	2889	2582	2289	1862	1289	414	162.163	223	196	187	180	173	164	154	146	137	125	101	0	0	0.000	0.000	0	0	0	0	0	0	0	0	0	0	0	0.000	0.000	0	0	0	0	0	0	0	0	0	0	0	0	0
217	217	1279	1575.890	1461.781	197	393	411	227	29	121	294	397	328	113	2775.647	5149	4361	3827	3388	3070	2802	2506	2184	1817	1100	339	149.536	203	177	168	161	155	150	144	139	133	121	104	0	0	0.000	0.000	0	0	0	0	0	0	0	0	0	0	0	0.000	0.000	0	0	0	0	0	0	0	0	0	0	0	0	0
218	218	971	1475.926	1471.944	218	301	268	133	37	325	334	225	62	10	286.064	632	383	347	325	298	276	257	240	227	204	125	138.487	254	158	152	148	142	138	134	129	124	115	100	0	0	0.000	0.000	0	0	0	0	0	0	0	0	0	0	0	0.000	0.000	0	0	0	0	0	0	0	0	0	0	0	0	0
219	219	1894	1623.817	1479.823	292	646	533	330	58	343	692	536	235	50	3294.510	22850	5056	4118	3272	2764	2491	2243	1998	1720	1159	278	185.848	1371	231	175	159	148	142	137	133	126	114	97	1	92	1616.778	1469.735	0	0	0	14821	0	0	812	0	0	1	112	1616.536	1469.568	0	0	0	12451	0	0	697	0	0	0	0	0	0
220	220	2411	532.071	1503.564	484	1088	671	102	26	314	939	739	318	56	2103.810	11510	3429	2838	2462	2267	2026	1745	1462	1212	891	261	185.742	1201	226	203	192	183	174	164	154	144	127	103	1	22	527.100	1494.260	0	0	0	7898	0	0	837	0	0	1	40	525.685	1494.513	0	0	0	5604	0	0	688	0	0	0	0	0	0
221	221	841	1505.028	1500.020	148	246	296	125	14	103	295	284	122	25	1185.476	1933	1726	1614	1504	1383	1235	1088	920	735	575	221	135.227	167	155	150	145	140	136	131	126	120	115	104	0	0	0.000	0.000	0	0	0	0	0	0	0	0	0	0	0	0.000	0.000	0	0	0	0	0	0	0	0	0	0	0	0	0
222	222	1525	1371.709	1513.231	278	532	480	195	20	202	507	451	286	54	2424.353	13315	3448	3059	2732	2508	2272	2049	1780	1528	1131	363	248.848	1990	285	256	238	224	213	199	187	174	154	109	1	32	1366.706	1506.269	0	0	0	9301	0	0	1231	0	0	1	51	1367.251	1504.837	0	0	0	5480	0	0	1107	0	0	0	0	0	0
223	223	1710	1547.374	1517.070	152	439	628	407	48	114	431	590	446	93	1381.116	6577	2079	1770	1570	1441	1315	1196	1033	854	656	205	147.211	621	166	157	150	145	140	135	130	123	117	103	1	23	1534.277	1524.551	0	0	0	5163	0	0	224	0	0	1	42	1535.712	1526.430	0	0	0	3167	0	0	374	0	0	0	0	0	0
224	224	1690	1462.364	1532.978	315	470	570	255	44	262	592	520	227	65	136.750	163	149	145	142	139	137	134	132	129	124	109	109.778	128	115	113	112	111	110	109	108	106	105	98	0	0	0.000	0.000	0	0	0	0	0	0	0	0	0	0	0	0.000	0.000	0	0	0	0	0	0	0	0	0	0	0	0	0
225	225	2398	1154.949	1553.844	334	616	769	542	85	434	898	763	249	10	1029.956	1778	1492	1337	1237	1142	1050	959	855	728	507	194	108.017	124	113	111	110	109	108	107	106	105	104	98	0	0	0.000	0.000	0	0	0	0	0	0	0	0	0	0	0	0.000	0.000	0	0	0	0	0	0	0	0	0	0	0	0	0
226	226	976	1640.167	1550.769	202	264	305	166	23	145	251	289	189	86	2939.903	4991	4468	4049	3652	3246	2948	2629	2267	1874	1407	759	159.013	218	193	184	175	166	160	153	145	136	122	101	0	0	0.000	0.000	0	0	0	0	0	0	0	0	0	0	0	0.000	0.000	0	0	0	0	0	0	0	0	0	0	0	0	0
227	227	961	1298.392	1558.726	115	283	300	206	44	111	380	299	130	22	2375.256	3611	3193	3017	2802	2593	2418	2222	2073	1848	1479	321	142.532	172	159	155	151	148	144	140	136	131	123	108	0	0	0.000	0.000	0	0	0	0	0	0	0	0	0	0	0	0.000	0.000	0	0	0	0	0	0	0	0	0	0	0	0	0
228	228	1126	1721.803	1564.131	141	254	315	280	113	84	278	335	256	150	233.264	311	277	265	255	247	237	229	219	209	183	123	125.359	150	135	132	130	128	127	125	122	118	114	100	0	0	0.000	0.000	0	0	0	0	0	0	0	0	0	0	0	0.000	0.000	0	0	0	0	0	0	0	0	0	0	0	0	0
229	229	1741	600.786	1571.030	508	600	500	85	21	324	520	534	261	72	2709.639	4463	3793	3620	3445	3241	2993	2600	2154	1694	1238	393	216.607	311	270	260	252	241	225	207	188	169	150	113	0	0	0.000	0.000	0	0	0	0	0	0	0	0	0	0	0	0.000	0.000	0	0	0	0	0	0	0	0	0	0	0	0	0
230	230	1221	881.691	1567.133	264	443	359	116	15	169	444	371	164	49	325.708	499	400	379	364	351	340	321	296	267	227	132	123.860	154	133	130	128	126	124	122	120	117	113	102	0	0	0.000	0.000	0	0	0	0	0	0	0	0	0	0	0	0.000	0.000	0	0	0	0	0	0	0	0	0	0	0	0	0
231	231	1394	1500.784	1573.431	229	454	519	156	12	168	445	442	252	56	3828.318	6219	5350	4882	4497	4240	4054	3750	3338	2811	2018	528	114.460	131	122	119	118	116	114	113	112	110	107	100	0	0	0.000	0.000	0	0	0	0	0	0	0	0	0	0	0	0.000	0.000	0	0	0	0	0	0	0	0	0	0	0	0	0
232	232	1731	977.319	1583.595	357	591	556	180	22	292	679	519	168	35	1326.911	15833	1706	1140	1033	951	881	827	764	633	401	143	258.679	2964	342	268	230	200	170	153	142	134	123	105	1	83	974.723	1587.863	0	0	0	8991	0	0	911	0	0	1	82	975.006	1588.792	0	0	0	9015	0	0	1380	0	0	0	0	0	0
233	233	1736	1649.727	1597.444	297	599	517	259	37	227	611	516	287	64	2434.087	4197	3572	3233	2899	2626	2408	2182	1975	1750	1395	392	148.140	203	175	166	160	154	149	143	138	132	119	101	0	0	0.000	0.000	0	0	0	0	0	0	0	0	0	0	0	0.000	0.000	0	0	0	0	0	0	0	0	0	0	0	0	0
234	234	1221	1192.085	1597.639	166	319	378	290	47	130	347	387	290	42	972.147	1523	1259	1165	1093	1034	989	943	885	796	643	251	106.165	116	110	108	107	107	106	105	105	104	103	99	0	0	0.000	0.000	0	0	0	0	0	0	0	0	0	0	0	0.000	0.000	0	0	0	0	0	0	0	0	0	0	0	0	0
235	235	1304	1543.287	1603.592	179	510	412	156	20	120	515	408	201	43	1148.729	4308	1481	1372	1309	1239	1166	1084	1002	897	702	299	132.161	244	147	141	138	135	132	129	125	119	111	99	0	0	0.000	0.000	0	0	0	0	0	0	0	0	0	1	16	1545.195	1604.630	0	0	0	1749	0	0	220	0	0	0	0	0	0
236	236	1686	324.312	1607.740	382	523	439	264	48	312	575	429	280	66	497.009	4801	609	559	516	485	460	425	380	320	250	127	124.960	546	132	127	124	122	119	117	114	111	107	96	1	42	335.677	1601.707	0	0	0	2316	0	0	136	0	0	1	44	336.467	1605.414	0	0	0	802	0	0	311	0	0	0	0	0	0
237	237	1353	1697.716	1605.630	306	428	437	145	16	270	446	395	188	31	1078.807	1716	1417	1322	1259	1187	1111	1031	954	846	679	263	151.685	195	173	167	162	158	154	150	145	138	124	100	0	0	0.000	0.000	0	0	0	0	0	0	0	0	0	0	0	0.000	0.000	0	0	0	0	0	0	0	0	0	0	0	0	0
238	238	1377	489.369	1610.410	227	500	367	218	37	105	549	390	252	58	117.699	298	123	120	119	117	116	115	114	112	109	102	230.338	371	285	273	260	246	230	216	204	190	170	124	1	20	503.344	1618.857	0	0	0	191	0	0	290	0	0	0	0	0.000	0.000	0	0	0	0	0	0	0	0	0	0	0	0	0
239	239	1941	1498.978	1625.830	447	729	529	162	48	478	871	452	81	29	4193.876	7326	5915	5446	5036	4705	4408	4115	3621	2804	2016	632	117.635	134	126	123	121	120	118	116	114	112	108	101	0	0	0.000	0.000	0	0	0	0	0	0	0	0	0	0	0	0.000	0.000	0	0	0	0	0	0	0	0	0	0	0	0	0
240	240	1950	537.291	1630.448	501	553	530	296	29	431	552	553	308	61	115.706	130	121	119	118	117	116	115	113	112	110	101	220.554	321	275	263	254	243	231	212	191	171	152	112	0	0	0.000	0.000	0	0	0	0	0	0	0	0	0	0	0	0.000	0.000	0	0	0	0	0	0	0	0	0	0	0	0	0
241	241	2301	1083.780	1639.119	579	1004	610	64	9	299	687	832	355	86	1643.103	23708	3096	758	362	297	277	262	247	229	194	123	612.002	8401	1106	339	222	194	184	178	171	160	141	110	1	242	1084.746	1643.069	0	0	0	11889	0	0	3604	0	0	1	219	1084.569	1642.473	0	0	0	13871	0	0	3960	0	0	0	0	0	0
242	242	1616	1419.182	1630.764	217	366	513	389	102	197	375	589	337	87	3400.381	6490	5163	4532	3999	3635	3372	3110	2862	2400	1575	372	165.915	233	202	186	176	170	165	161	155	145	129	102	0	0	0.000	0.000	0	0	0	0	0	0	0	0	0	0	0	0.000	0.000	0	0	0	0	0	0	0	0	0	0	0	0	0
243	243	1030	1585.275	1631.778	190	278	351	169	25	171	348	280	185	30	3222.062	5222	4553	4212	3921	3691	3416	3079	2695	2243	1618	438	158.636	203	185	177	172	166	160	154	147	140	130	107	0	0	0.000	0.000	0	0	0	0	0	0	0	0	0	0	0	0.000	0.000	0	0	0	0	0	0	0	0	0	0	0	0	0
244	244	1002	1788.224	1636.858	307	326	217	106	26	539	332	81	36	3	1033.247	2357	1470	1353	1234	1132	1036	952	853	717	527	236	154.185	281	182	167	160	155	152	148	143	137	128	109	0	0	0.000	0.000	0	0	0	0	0	0	0	0	0	0	0	0.000	0.000	0	0	0	0	0	0	0	0	0	0	0	0	0
245	245	2352	1723.890	1647.372	366	869	818	238	23	183	619	835	508	153	2342.812	26805	3317	1671	1423	1249	1126	1016	927	849	705	309	419.321	6193	590	220	189	178	171	163	157	150	138	107	1	196	1714.550	1650.019	0	0	0	15280	0	0	2621	0	0	1	173	1715.112	1649.771	0	0	0	16816	0	0	2950	0	0	0	0	0	0
246	246	785	1189.605	1636.045	316	245	172	27	12	184	289	190	79	25	526.613	1280	760	686	621	562	520	481	432	367	277	145	131.922	301	148	141	137	133	128	125	121	117	112	96	0	0	0.000	0.000	0	0	0	0	0	0	0	0	0	1	20	1189.856	1625.232	0	0	0	808	0	0	240	0	0	0	0	0	0
247	247	937	1039.022	1653.143	438	382	57	25	25	381	418	65	27	33	302.577	445	400	376	352	331	312	293	271	235	181	119	189.259	268	238	227	217	202	189	179	170	155	133	111	0	0	0.000	0.000	0	0	0	0	0	0	0	0	0	0	0	0.000	0.000	0	0	0	0	0	0	0	0	0	0	0	0	0
248	248	1457	1547.067	1658.352	268	446	455	213	53	180	404	429	289	135	2745.837	4259	3817	3531	3265	2995	2769	2564	2318	2090	1706	480	149.646	197	172	165	160	155	150	146	142	136	125	103	0	0	0.000	0.000	0	0	0	0	0	0	0	0	0	0	0	0.000	0.000	0	0	0	0	0	0	0	0	0	0	0	0	0
249	249	1286	776.269	1666.193	308	410	383	136	29	223	456	409	122	46	575.833	957	808	743	684	630	576	527	480	430	328	168	123.929	150	135	131	129	126	124	121	119	116	113	103	0	0	0.000	0.000	0	0	0	0	0	0	0	0	0	0	0	0.000	0.000	0	0	0	0	0	0	0	0	0	0	0	0	0
250	250	1645	645.219	1677.338	280	514	544	238	30	194	487	589	257	82	4765.486	7837	6631	6236	5911	5585	5171	4737	4028	3177	2033	396	265.522	403	336	320	308	295	281	260	233	204	171	113	0	0	0.000	0.000	0	0	0	0	0	0	0	0	0	0	0	0.000	0.000	0	0	0	0	0	0	0	0	0	0	0	0	0
251	251	1624	1410.067	1686.761	449	595	363	160	26	348	641	401	182	21	2083.367	3635	3035	2795	2605	2383	2180	1987	1749	1398	839	150	146.151	199	169	163	156	152	148	143	137	130	118	101	0	0	0.000	0.000	0	0	0	0	0	0	0	0	0	0	0	0.000	0.000	0	0	0	0	0	0	0	0	0	0	0	0	0
252	252	1287	1508.545	1686.448	161	449	415	191	51	100	458	407	257	52	389.122	4115	426	397	382	368	352	336	312	289	245	158	134.521	575	140	135	131	129	127	125	123	119	114	102	1	35	1494.823	1692.583	0	0	0	1741	0	0	212	0	0	1	41	1495.950	1694.353	0	0	0	838	0	0	343	0	0	0	0	0	0
253	253	1192	1462.690	1690.438	236	375	377	160	19	257	471	249	147	35	1805.808	6258	2503	2190	1980	1815	1680	1583	1475	1363	1103	457	136.440	426	149	142	137	134	131	129	126	123	119	105	0	0	0.000	0.000	0	0	0	0	0	0	0	0	0	1	28	1461.091	1701.184	0	0	0	4022	0	0	282	0	0	0	0	0	0
254	254	2422	600.375	1711.554	513	1150	660	44	8	225	628	963	522	48	4119.227	22101	5849	4914	4283	3933	3550	3157	2748	2170	1281	270	315.354	3012	398	278	252	234	220	206	189	171	144	107	1	123	605.886	1717.409	0	0	0	17566	0	0	1826	0	0	1	148	605.568	1717.456	0	0	0	15203	0	0	1557	0	0	0	0	0	0
255	255	1426	247.787	1703.592	241	380	380	335	57	181	521	420	236	47	888.278	1408	1216	1121	1040	958	885	819	759	688	547	261	106.655	128	110	109	108	107	106	106	105	104	103	98	0	0	0.000	0.000	0	0	0	0	0	0	0	0	0	0	0	0.000	0.000	0	0	0	0	0	0	0	0	0	0	0	0	0
256	256	1945	1743.483	1705.296	247	607	771	238	45	229	730	647	282	31	1991.128	3562	2983	2706	2437	2218	2017	1807	1612	1414	933	278	113.898	131	121	119	117	115	114	112	111	109	107	99	0	0	0.000	0.000	0	0	0	0	0	0	0	0	0	0	0	0.000	0.000	0	0	0	0	0	0	0	0	0	0	0	0	0
257	257	1430	348.726	1700.454	181	496	459	222	45	216	680	422	81	6	265.017	1888	307	286	276	265	252	239	223	201	170	103	200.734	419	245	232	221	212	202	194	184	169	145	116	1	29	360.597	1697.525	0	0	0	978	0	0	249	0	0	0	0	0.000	0.000	0	0	0	0	0	0	0	0	0	0	0	0	0
258	258	2084	1439.870	1736.685	304	726	646	326	45	242	873	629	252	45	2844.572	14894	3864	3514	3250	3020	2782	2513	2176	1829	1321	388	205.512	1904	232	207	195	185	176	168	159	148	131	101	1	36	1443.907	1728.607	0	0	0	12278	0	0	1327	0	0	1	60	1444.434	1728.083	0	0	0	8760	0	0	952	0	0	0	0	0	0
259	259	1382	1698.614	1736.699	186	349	454	315	56	150	376	420	333	79	273.076	427	355	327	308	291	276	258	236	215	189	129	131.165	165	148	142	138	135	132	128	124	120	115	102	0	0	0.000	0.000	0	0	0	0	0	0	0	0	0	0	0	0.000	0.000	0	0	0	0	0	0	0	0	0	0	0	0	0
260	260	809	1765.675	1749.108	474	198	92	24	12	338	167	139	115	41	678.126	1344	1100	965	834	741	666	587	504	403	250	151	114.528	143	125	122	119	117	115	112	109	107	104	96	0	0	0.000	0.000	0	0	0	0	0	0	0	0	0	0	0	0.000	0.000	0	0	0	0	0	0	0	0	0	0	0	0	0
261	261	1097	257.798	1756.704	189	260	333	237	53	152	346	310	187	84	1027.830	1552	1435	1350	1229	1149	1096	1007	877	732	523	217	143.325	181	163	158	153	149	145	141	135	128	121	107	0	0	0.000	0.000	0	0	0	0	0	0	0	0	0	0	0	0.000	0.000	0	0	0	0	0	0	0	0	0	0	0	0	0
262	262	2207	221.504	1793.898	468	739	554	336	78	347	841	588	318	68	1239.453	12343	1505	1305	1187	1060	959	864	777	713	593	274	181.486	1815	193	158	151	146	142	138	135	130	123	103	1	79	230.135	1796.123	0	0	0	7297	0	0	957	0	0	1	83	230.389	1795.853	0	0	0	6475	0	0	921	0	0	0	0	0	0
263	263	1078	791.850	1793.442	231	328	338	150	15	145	300	352	210	43	1190.481	4375	1644	1400	1252	1201	1147	1090	1033	904	702	297	151.160	678	169	152	147	144	140	137	133	128	122	107	0	0	0.000	0.000	0	0	0	0	0	0	0	0	0	1	36	786.373	1793.291	0	0	0	2673	0	0	389	0	0	0	0	0	0
264	264	2155	1436.258	1815.581	383	747	653	296	36	325	736	617	359	86	2014.946	22944	4276	997	652	595	540	493	440	376	245	112	407.168	5854	649	217	155	142	136	130	125	119	112	101	1	261	1438.762	1821.168	0	0	0	10923	0	0	1677	0	0	1	176	1436.793	1819.948	0	0	0	10907	0	0	2860	0	0	0	0	0	0
265	265	1614	832.850	1810.352	453	641	409	64	12	245	619	518	176	19	982.806	14085	1359	835	739	689	631	570	500	419	316	148	129.305	667	141	122	118	116	114	112	110	108	106	99	1	69	823.315	1804.284	0	0	0	7025	0	0	348	0	0	1	72	823.790	1803.342	0	0	0	4621	0	0	367	0	0	0	0	0	0
266	266	2514	130.873	1833.108	460	947	802	221	23	346	833	856	388	45	2474.849	22021	3165	2573	2250	2015	1801	1610	1463	1277	931	288	321.449	4000	376	243	226	210	198	186	177	167	148	105	1	128	137.126	1822.932	0	0	0	13690	0	0	1105	0	0	1	141	139.273	1824.341	0	0	0	8147	0	0	1874	0	0	0	0	0	0
267	267	1746	83.865	1884.283	325	456	548	319	62	267	559	563	305	28	2829.810	19275	3777	2768	2510	2330	2170	2031	1886	1700	1196	302	223.473	2026	293	178	160	154	150	146	141	134	122	98	1	118	88.740	1873.425	0	0	0	13043	0	0	1125	0	0	1	125	88.815	1873.155	0	0	0	12241	0	0	1060	0	0	0	0	0	0
268	268	1480	139.539	1889.319	319	354	454	250	69	281	414	446	281	39	2269.717	3885	3449	3197	2933	2621	2322	2016	1703	1436	936	339	214.158	323	286	269	250	233	217	198	181	164	134	102	0	0	0.000	0.000	0	0	0	0	0	0	0	0	0	0	0	0.000	0.000	0	0	0	0	0	0	0	0	0	0	0	0	0
269	269	1845	1145.026	1897.297	408	682	611	94	15	365	709	543	165	14	1571.679	2856	2481	2121	1871	1704	1590	1458	1292	1075	670	194	113.961	131	122	119	117	116	114	112	110	108	106	100	0	0	0.000	0.000	0	0	0	0	0	0	0	0	0	0	0	0.000	0.000	0	0	0	0	0	0	0	0	0	0	0	0	0
270	270	703	710.924	1890.008	119	189	188	139	57	115	179	221	136	44	1208.164	2220	1989	1836	1748	1587	1356	1115	766	378	188	116	135.539	182	165	157	151	144	137	128	119	110	106	99	0	0	0.000	0.000	0	0	0	0	0	0	0	0	0	0	0	0.000	0.000	0	0	0	0	0	0	0	0	0	0	0	0	0
271	271	2674	1107.264	1933.167	2012	470	109	36	26	1952	521	140	33	12	702.256	2799	1923	1273	734	573	418	310	226	165	137	106	107.587	127	114	111	109	108	107	106	105	104	103	96	0	0	0.000	0.000	0	0	0	0	0	0	0	0	0	0	0	0.000	0.000	0	0	0	0	0	0	0	0	0	0	0	0	0
272	272	1466	695.448	1931.394	261	442	532	186	19	180	383	562	299	19	1486.800	8198	2386	2014	1762	1539	1359	1216	1040	809	314	131	144.350	695	166	152	146	140	135	130	126	119	109	101	1	35	684.656	1930.835	0	0	0	5567	0	0	196	0	0	1	44	681.827	1933.422	0	0	0	3249	0	0	418	0	0	0	0	0	0
273	273	1719	247.812	1974.217	528	504	464	157	39	532	699	370	71	16	3309.069	5512	4624	4218	3977	3681	3385	3090	2835	2501	1741	654	113.799	132	121	119	117	115	114	112	111	109	107	98	0	0	0.000	0.000	0	0	0	0	0	0	0	0	0	0	0	0.000	0.000	0	0	0	0	0	0	0	0	0	0	0	0	0
274	274	664	109.221	1975.398	118	131	149	145	111	139	159	182	143	32	651.995	1056	974	922	851	777	701	619	509	359	230	148	102.839	111	106	105	104	103	103	102	102	101	100	93	0	0	0.000	0.000	0	0	0	0	0	0	0	0	0	0	0	0.000	0.000	0	0	0	0	0	0	0	0	0	0	0	0	0
