 	cell	area	x	y	BFI_lev_b1	BFI_lev_b2	BFI_lev_b3	BFI_lev_b4	BFI_lev_b5	BFO_lev_b1	BFO_lev_b2	BFO_lev_b3	BFO_lev_b4	BFO_lev_b5	GFP_int_mean	GFP_int_b0	GFP_int_b1	GFP_int_b2	GFP_int_b3	GFP_int_b4	GFP_int_b5	GFP_int_b6	GFP_int_b7	GFP_int_b8	GFP_int_b9	GFP_int_b10	RFP_int_mean	RFP_int_b0	RFP_int_b1	RFP_int_b2	RFP_int_b3	RFP_int_b4	RFP_int_b5	RFP_int_b6	RFP_int_b7	RFP_int_b8	RFP_int_b9	RFP_int_b10	inGFPnfoci	f1_inGFParea	f1_inGFPx	f1_inGFPy	f2_inGFParea	f2_inGFPx	f2_inGFPy	f1_inGFP_toGFPmed	f1_inGFP_toGFPmean	f2_inGFP_toGFPmed	f2_inGFP_toGFPmean	f1_inGFP_toRFPmed	f1_inGFP_toRFPmean	f2_inGFP_toRFPmed	f2_inGFP_toRFPmean	inRFPnfoci	f1_inRFParea	f1_inRFPx	f1_inRFPy	f2_inRFParea	f2_inRFPx	f2_inRFPy	f1_inRFP_toGFPmed	f1_inRFP_toGFPmean	f2_inRFP_toGFPmed	f2_inRFP_toGFPmean	f1_inRFP_toRFPmed	f1_inRFP_toRFPmean	f2_inRFP_toRFPmed	f2_inRFP_toRFPmean
1	1	1125	1228.423	74.765	263	318	248	204	73	183	425	279	174	42	185.782	248	223	211	203	197	190	183	174	160	142	111	120.598	141	130	127	125	123	121	119	117	114	110	100	0	0	0.000	0.000	0	0	0	0	0	0	0	0	0	0	0	0	0	0.000	0.000	0	0	0	0	0	0	0	0	0	0	0
2	2	1682	1033.029	91.521	159	451	598	375	67	140	624	660	206	17	512.574	5315	584	520	490	468	444	424	399	355	305	148	129.728	462	139	134	130	127	124	121	118	116	112	101	1	37	1017.029	101.790	0	0	0	2812	0	0	0	317	0	0	0	1	44	1017.023	101.244	0	0	0	2627	0	0	0	289	0	0	0
3	3	1400	1476.150	92.911	374	292	304	343	69	318	361	365	296	43	114.837	131	122	120	118	117	115	114	112	110	106	99	173.539	234	211	203	197	190	183	174	162	138	114	99	0	0	0.000	0.000	0	0	0	0	0	0	0	0	0	0	0	0	0	0.000	0.000	0	0	0	0	0	0	0	0	0	0	0
4	4	1453	164.072	100.449	152	453	459	270	88	185	525	446	219	51	454.308	7892	617	297	252	239	226	210	196	178	148	107	136.915	575	162	138	130	125	121	118	116	113	109	99	1	76	161.505	108.544	0	0	0	3337	0	0	0	275	0	0	0	1	70	162.465	108.508	0	0	0	3382	0	0	0	340	0	0	0
5	5	2425	227.115	109.464	577	788	692	294	32	480	859	734	297	9	323.180	502	446	423	398	372	343	312	273	220	153	102	145.492	207	178	168	159	151	143	136	130	123	115	102	0	0	0.000	0.000	0	0	0	0	0	0	0	0	0	0	0	0	0	0.000	0.000	0	0	0	0	0	0	0	0	0	0	0
6	6	1603	976.232	106.363	338	539	433	220	46	237	630	474	205	25	581.847	8692	732	468	428	407	385	356	322	281	223	125	133.350	646	147	131	125	122	119	117	115	112	109	100	1	70	987.337	105.089	0	0	0	4018	0	0	0	342	0	0	0	1	66	987.344	104.526	0	0	0	3893	0	0	0	360	0	0	0
7	7	1518	1256.484	109.418	318	633	434	90	21	202	445	458	292	92	297.125	4915	340	264	239	217	204	193	183	171	152	108	127.452	458	140	132	128	124	121	119	116	112	107	98	1	43	1245.541	103.068	0	0	0	2361	0	0	0	229	0	0	0	1	42	1246.340	103.559	0	0	0	2370	0	0	0	278	0	0	0
8	8	1076	1618.828	117.246	250	334	252	179	48	249	303	308	142	48	511.582	732	679	648	615	581	543	503	455	385	270	140	106.311	119	112	110	108	107	106	105	104	103	102	95	0	0	0.000	0.000	0	0	0	0	0	0	0	0	0	0	0	0	0	0.000	0.000	0	0	0	0	0	0	0	0	0	0	0
9	9	1754	1028.760	131.344	416	845	401	54	14	382	828	431	67	17	1567.761	23184	2851	638	395	326	296	275	250	221	179	107	250.794	2558	344	160	148	142	137	133	129	123	116	102	1	180	1029.753	123.471	0	0	0	11180	0	0	0	1186	0	0	0	1	165	1029.645	122.863	0	0	0	11309	0	0	0	1247	0	0	0
10	10	2005	1873.979	143.366	190	583	617	413	160	249	652	665	350	62	107.838	120	113	111	110	109	108	107	106	105	103	97	134.444	182	159	152	145	140	134	129	124	117	107	98	0	0	0.000	0.000	0	0	0	0	0	0	0	0	0	0	0	0	0	0.000	0.000	0	0	0	0	0	0	0	0	0	0	0
11	11	1214	271.121	142.720	139	402	384	231	40	126	471	411	173	12	137.099	171	154	150	147	143	139	134	129	123	116	99	152.318	193	179	174	168	160	154	148	140	134	122	102	0	0	0.000	0.000	0	0	0	0	0	0	0	0	0	0	0	0	0	0.000	0.000	0	0	0	0	0	0	0	0	0	0	0
12	12	1579	155.414	144.060	317	460	406	309	55	304	484	422	296	43	205.692	289	257	247	236	226	214	201	184	163	136	106	120.434	158	136	131	126	123	119	116	113	111	107	99	0	0	0.000	0.000	0	0	0	0	0	0	0	0	0	0	0	0	0	0.000	0.000	0	0	0	0	0	0	0	0	0	0	0
13	13	1332	943.304	146.866	255	472	399	159	23	212	457	415	203	16	431.611	1970	549	489	458	434	413	391	368	336	289	164	127.621	260	143	135	131	127	125	122	120	117	114	101	1	16	941.835	135.004	0	0	0	1514	0	0	0	161	0	0	0	1	21	938.747	133.812	0	0	0	637	0	0	0	209	0	0	0
14	14	568	1829.853	143.408	68	134	169	144	43	70	165	153	130	34	107.380	119	111	110	109	108	107	106	106	105	103	100	127.107	158	145	142	138	134	129	123	117	110	106	98	0	0	0.000	0.000	0	0	0	0	0	0	0	0	0	0	0	0	0	0.000	0.000	0	0	0	0	0	0	0	0	0	0	0
15	15	1693	1261.243	158.627	309	552	538	231	38	272	556	591	220	18	583.855	5131	703	637	597	564	531	505	474	410	295	134	139.185	600	155	145	138	134	130	127	125	120	113	100	1	40	1253.949	169.847	0	0	0	2775	0	0	0	217	0	0	0	1	46	1255.640	168.801	0	0	0	1709	0	0	0	353	0	0	0
16	16	1407	1073.542	160.479	520	588	179	67	26	388	653	233	83	18	314.195	549	465	439	418	388	333	267	210	167	132	109	1172.336	5846	1883	1626	1544	1400	1157	903	636	374	216	127	0	0	0.000	0.000	0	0	0	0	0	0	0	0	0	0	0	1	40	1066.896	162.386	0	0	0	489	0	0	0	4422	0	0	0
17	17	1917	570.322	170.677	221	665	541	316	130	182	693	608	320	78	458.873	12250	478	225	192	181	172	165	159	150	135	101	198.545	1031	225	206	197	190	184	178	170	157	141	108	1	77	562.912	181.322	0	0	0	5391	0	0	0	567	0	0	0	1	60	563.062	181.010	0	0	0	6375	0	0	0	622	0	0	0
18	18	672	1224.080	166.177	214	191	154	91	9	211	245	161	43	4	469.949	661	611	592	578	557	517	460	396	331	252	158	133.055	168	156	149	145	140	135	128	122	115	108	102	0	0	0.000	0.000	0	0	0	0	0	0	0	0	0	0	0	0	0	0.000	0.000	0	0	0	0	0	0	0	0	0	0	0
19	19	1599	462.899	183.786	265	422	439	325	115	269	475	512	276	38	114.977	135	123	121	119	117	115	113	111	109	106	96	138.877	177	165	157	150	145	138	133	127	121	115	102	0	0	0.000	0.000	0	0	0	0	0	0	0	0	0	0	0	0	0	0.000	0.000	0	0	0	0	0	0	0	0	0	0	0
20	20	1763	307.119	181.336	267	564	504	338	65	306	643	519	230	31	108.452	120	113	112	111	109	108	107	106	105	103	98	131.560	164	150	144	139	135	131	127	123	119	114	100	0	0	0.000	0.000	0	0	0	0	0	0	0	0	0	0	0	0	0	0.000	0.000	0	0	0	0	0	0	0	0	0	0	0
21	21	1759	243.033	187.489	395	635	491	176	27	388	658	480	183	17	206.070	3591	207	155	148	143	139	135	131	127	121	104	148.836	347	171	163	158	152	146	141	136	130	123	102	1	58	233.162	177.477	0	0	0	1545	0	0	0	207	0	0	0	1	27	233.152	178.508	0	0	0	2369	0	0	0	278	0	0	0
22	22	2535	1001.960	187.633	505	775	749	373	86	438	767	777	431	72	578.833	16165	479	225	195	183	175	165	155	143	129	101	228.770	2777	238	199	188	180	173	166	156	143	128	102	1	112	991.748	181.368	0	0	0	7393	0	0	0	1195	0	0	0	1	100	991.225	181.141	0	0	0	7755	0	0	0	1316	0	0	0
23	23	2025	1305.326	187.453	340	553	648	405	31	303	586	675	376	42	866.715	6414	1175	1002	924	873	839	804	714	586	430	163	167.269	900	194	178	170	164	157	151	146	137	125	105	1	30	1286.761	180.512	0	0	0	4184	0	0	0	607	0	0	0	1	46	1287.002	180.308	0	0	0	3100	0	0	0	519	0	0	0
24	24	565	937.333	186.273	157	176	113	79	29	161	176	143	60	14	326.207	435	404	387	369	356	341	322	300	270	226	153	127.676	152	140	136	133	131	128	126	122	119	114	102	0	0	0.000	0.000	0	0	0	0	0	0	0	0	0	0	0	0	0	0.000	0.000	0	0	0	0	0	0	0	0	0	0	0
25	25	2548	1534.333	198.724	930	806	616	141	10	686	740	653	339	95	112.816	151	123	119	116	113	111	109	108	106	104	96	295.327	513	412	372	348	329	307	284	254	209	147	106	1	45	1540.803	204.408	0	0	0	142	0	0	0	430	0	0	0	0	0	0.000	0.000	0	0	0	0	0	0	0	0	0	0	0
26	26	2119	417.530	206.075	579	466	518	410	110	453	664	572	361	37	119.431	139	129	126	124	122	120	118	116	112	108	97	300.735	474	406	376	352	329	304	282	261	235	184	113	0	0	0.000	0.000	0	0	0	0	0	0	0	0	0	0	0	0	0	0.000	0.000	0	0	0	0	0	0	0	0	0	0	0
27	27	2889	1408.917	222.939	524	533	984	593	208	455	671	1015	565	118	112.776	126	119	117	115	114	113	112	110	109	107	100	170.367	231	203	193	186	180	173	165	156	147	134	103	0	0	0.000	0.000	0	0	0	0	0	0	0	0	0	0	0	0	0	0.000	0.000	0	0	0	0	0	0	0	0	0	0	0
28	28	1332	1779.176	211.932	296	384	346	260	33	292	448	372	164	31	279.294	5517	250	213	203	197	191	184	174	163	146	109	172.742	833	187	181	176	172	167	162	154	145	133	106	1	48	1789.274	197.401	0	0	0	2215	0	0	0	472	0	0	0	1	47	1789.325	197.175	0	0	0	2215	0	0	0	472	0	0	0
29	29	1646	549.294	221.822	363	487	466	265	42	358	521	466	230	46	273.893	5552	286	186	173	166	160	153	147	139	127	105	166.943	494	194	185	178	170	164	157	149	140	122	104	1	58	539.300	224.641	0	0	0	2522	0	0	0	290	0	0	0	1	34	538.869	222.854	0	0	0	1454	0	0	0	372	0	0	0
30	30	1382	296.864	228.720	220	445	440	218	40	206	556	480	102	14	108.119	121	113	111	110	109	108	107	106	105	103	95	133.296	163	150	145	141	136	133	129	126	122	117	102	0	0	0.000	0.000	0	0	0	0	0	0	0	0	0	0	0	0	0	0.000	0.000	0	0	0	0	0	0	0	0	0	0	0
31	31	1847	1819.076	236.119	310	535	520	356	86	227	513	624	375	76	136.445	170	152	147	143	140	136	133	129	126	121	106	208.933	291	259	245	234	222	210	197	185	173	160	119	0	0	0.000	0.000	0	0	0	0	0	0	0	0	0	0	0	0	0	0.000	0.000	0	0	0	0	0	0	0	0	0	0	0
32	32	1666	1730.302	235.760	468	446	430	235	51	412	585	456	174	14	331.211	4062	398	344	316	301	288	266	238	202	162	116	176.897	978	204	191	182	173	165	156	145	134	123	104	1	39	1719.910	240.629	0	0	0	2006	0	0	0	559	0	0	0	1	40	1719.038	239.383	0	0	0	1220	0	0	0	603	0	0	0
33	33	2483	972.129	240.118	547	827	718	328	28	370	725	781	474	86	204.242	3872	200	177	169	164	158	152	145	137	126	102	175.706	1340	203	188	176	167	159	153	146	138	129	102	1	49	967.773	231.599	0	0	0	1919	0	0	0	679	0	0	0	1	48	968.099	231.583	0	0	0	1943	0	0	0	713	0	0	0
34	34	2229	849.020	238.260	270	868	767	242	38	229	852	803	265	34	112.448	128	119	117	115	114	113	111	110	108	106	98	404.222	625	549	501	465	434	408	383	356	319	253	133	0	0	0.000	0.000	0	0	0	0	0	0	0	0	0	0	0	0	0	0.000	0.000	0	0	0	0	0	0	0	0	0	0	0
35	35	1260	255.780	238.393	329	492	254	137	36	355	445	319	96	18	388.690	7807	566	240	191	171	158	148	139	129	116	99	186.490	1074	238	191	179	169	161	151	142	133	120	104	1	65	252.285	233.993	0	0	0	3169	0	0	0	586	0	0	0	1	59	252.650	233.912	0	0	0	3558	0	0	0	611	0	0	0
36	36	3603	785.366	249.849	2674	802	48	27	20	2574	862	75	26	21	109.605	127	117	115	113	112	110	108	105	104	102	94	272.044	541	427	395	375	341	288	226	153	118	109	101	0	0	0.000	0.000	0	0	0	0	0	0	0	0	0	0	0	0	0	0.000	0.000	0	0	0	0	0	0	0	0	0	0	0
37	37	1765	611.562	249.147	479	664	469	107	17	338	578	527	214	70	114.702	139	124	121	118	116	114	112	110	108	106	100	119.997	151	134	128	124	121	119	116	114	111	108	100	0	0	0.000	0.000	0	0	0	0	0	0	0	0	0	0	0	0	0	0.000	0.000	0	0	0	0	0	0	0	0	0	0	0
38	38	1759	1868.088	250.521	286	374	581	414	73	246	373	644	403	62	138.117	169	153	149	146	143	140	136	132	127	120	104	176.479	232	206	198	193	188	181	173	163	154	140	109	0	0	0.000	0.000	0	0	0	0	0	0	0	0	0	0	0	0	0	0.000	0.000	0	0	0	0	0	0	0	0	0	0	0
39	39	1864	349.571	260.892	457	459	487	390	40	437	540	551	261	37	110.824	132	120	117	114	112	110	108	107	105	103	97	466.821	793	697	653	604	555	503	442	372	266	147	107	0	0	0.000	0.000	0	0	0	0	0	0	0	0	0	0	0	0	0	0.000	0.000	0	0	0	0	0	0	0	0	0	0	0
40	40	2378	884.911	272.845	1307	696	267	50	14	1163	781	325	56	14	105.663	124	110	108	107	106	105	104	104	103	102	96	144.063	375	234	159	139	127	122	119	116	113	108	100	0	0	0.000	0.000	0	0	0	0	0	0	0	0	0	0	0	0	0	0.000	0.000	0	0	0	0	0	0	0	0	0	0	0
41	41	3153	1446.623	284.546	522	829	1002	584	159	468	869	1083	573	110	113.565	129	119	117	116	115	114	112	111	110	108	100	169.980	232	207	196	187	178	170	161	153	145	135	107	0	0	0.000	0.000	0	0	0	0	0	0	0	0	0	0	0	0	0	0.000	0.000	0	0	0	0	0	0	0	0	0	0	0
42	42	1935	1378.055	279.090	476	622	487	280	37	470	646	527	248	18	113.541	131	120	118	116	115	113	112	111	109	107	100	156.004	209	182	175	169	164	160	155	149	137	120	102	0	0	0.000	0.000	0	0	0	0	0	0	0	0	0	0	0	0	0	0.000	0.000	0	0	0	0	0	0	0	0	0	0	0
43	43	1352	474.174	277.507	217	384	373	286	67	221	420	448	212	22	123.748	149	134	131	128	126	124	122	120	117	112	103	139.939	172	157	152	148	144	141	137	133	129	122	105	0	0	0.000	0.000	0	0	0	0	0	0	0	0	0	0	0	0	0	0.000	0.000	0	0	0	0	0	0	0	0	0	0	0
44	44	872	305.071	272.041	294	207	195	130	26	264	207	207	130	45	114.297	143	125	122	119	117	114	112	109	106	104	99	107.483	120	112	111	109	108	107	106	105	104	103	99	0	0	0.000	0.000	0	0	0	0	0	0	0	0	0	0	0	0	0	0.000	0.000	0	0	0	0	0	0	0	0	0	0	0
45	45	1759	1003.427	282.400	258	491	514	386	79	218	508	564	389	53	591.041	1047	852	750	691	646	598	547	495	424	329	134	106.931	126	114	110	108	107	106	105	104	103	102	97	0	0	0.000	0.000	0	0	0	0	0	0	0	0	0	0	0	0	0	0.000	0.000	0	0	0	0	0	0	0	0	0	0	0
46	46	1291	698.652	279.457	226	328	269	287	152	232	351	303	303	69	156.841	965	165	159	156	153	150	147	142	134	124	101	165.936	229	203	193	184	178	171	165	154	133	114	101	1	30	708.721	265.369	0	0	0	488	0	0	0	190	0	0	0	0	0	0.000	0.000	0	0	0	0	0	0	0	0	0	0	0
47	47	1915	1288.135	291.238	1350	346	133	52	18	1364	344	149	33	12	422.226	1421	1081	767	460	359	273	195	148	127	116	100	123.506	316	159	142	128	121	116	111	107	105	103	94	0	0	0.000	0.000	0	0	0	0	0	0	0	0	0	0	0	0	0	0.000	0.000	0	0	0	0	0	0	0	0	0	0	0
48	48	1460	626.654	291.453	561	418	330	113	15	490	471	308	124	39	181.006	1038	249	199	179	167	159	152	146	137	122	104	489.611	3076	732	590	531	487	453	426	380	289	195	116	1	42	631.777	294.140	0	0	0	535	0	0	0	1758	0	0	0	1	35	632.417	293.104	0	0	0	535	0	0	0	1901	0	0	0
49	49	886	1183.499	287.075	228	222	188	173	57	113	225	247	173	109	109.423	122	114	113	111	110	109	108	107	106	105	99	141.778	184	166	160	154	148	143	138	130	121	115	104	0	0	0.000	0.000	0	0	0	0	0	0	0	0	0	0	0	0	0	0.000	0.000	0	0	0	0	0	0	0	0	0	0	0
50	50	1689	747.099	295.658	274	489	533	288	72	260	479	549	292	78	514.409	12879	494	209	182	173	166	159	152	142	126	105	239.202	1806	270	247	229	215	201	188	176	161	138	109	1	81	759.734	286.558	0	0	0	5717	0	0	0	807	0	0	0	1	69	760.517	286.267	0	0	0	6347	0	0	0	1027	0	0	0
51	51	1425	926.592	298.509	304	411	402	239	53	245	403	418	258	78	111.103	124	116	115	113	112	111	110	109	107	106	99	139.069	169	153	149	146	144	141	138	135	131	120	100	0	0	0.000	0.000	0	0	0	0	0	0	0	0	0	0	0	0	0	0.000	0.000	0	0	0	0	0	0	0	0	0	0	0
52	52	2280	119.832	304.720	617	812	614	177	21	523	874	662	163	12	109.393	121	115	113	112	111	109	108	107	106	104	96	127.139	155	142	138	135	131	128	124	120	116	111	97	0	0	0.000	0.000	0	0	0	0	0	0	0	0	0	0	0	0	0	0.000	0.000	0	0	0	0	0	0	0	0	0	0	0
53	53	1913	522.101	302.224	280	565	538	374	106	377	677	539	252	31	132.248	885	138	133	130	128	126	123	121	117	113	99	147.042	224	170	163	158	153	148	142	137	130	122	102	1	27	535.333	298.231	0	0	0	449	0	0	0	169	0	0	0	0	0	0.000	0.000	0	0	0	0	0	0	0	0	0	0	0
54	54	1169	1247.824	302.035	460	350	226	95	18	367	424	218	119	25	126.933	452	137	132	129	126	123	120	117	114	110	102	110.456	224	117	114	112	111	109	108	107	105	104	97	0	0	0.000	0.000	0	0	0	0	0	0	0	0	0	0	0	0	0	0.000	0.000	0	0	0	0	0	0	0	0	0	0	0
55	55	1507	1330.131	305.058	319	530	459	156	19	251	566	478	158	23	1799.022	16165	2712	1476	1362	1261	1195	1148	1088	946	723	276	240.170	1868	348	193	178	172	164	157	150	143	136	110	1	103	1333.110	311.004	0	0	0	9493	0	0	0	1041	0	0	0	1	120	1332.784	310.334	0	0	0	7976	0	0	0	985	0	0	0
56	56	1306	1553.547	305.320	397	364	353	153	19	304	408	323	210	46	673.877	1663	934	869	839	808	746	659	554	436	291	113	194.802	380	245	231	221	213	204	196	180	145	114	100	0	0	0.000	0.000	0	0	0	0	0	0	0	0	0	0	0	0	0	0.000	0.000	0	0	0	0	0	0	0	0	0	0	0
57	57	1053	1858.911	307.050	137	262	266	302	66	116	310	400	187	20	267.254	362	325	309	293	284	274	262	248	229	198	128	146.549	178	162	157	154	151	148	144	140	135	130	112	0	0	0.000	0.000	0	0	0	0	0	0	0	0	0	0	0	0	0	0.000	0.000	0	0	0	0	0	0	0	0	0	0	0
58	58	1799	666.257	317.768	288	510	581	299	78	274	578	638	224	49	854.105	1238	1116	1051	989	952	909	859	785	659	485	230	108.108	119	113	111	110	109	108	107	106	105	104	99	0	0	0.000	0.000	0	0	0	0	0	0	0	0	0	0	0	0	0	0.000	0.000	0	0	0	0	0	0	0	0	0	0	0
59	59	1331	1042.805	309.499	316	445	346	179	26	284	454	361	184	20	135.258	169	152	146	142	139	136	134	130	124	116	101	201.814	293	264	249	234	221	209	197	183	151	118	100	0	0	0.000	0.000	0	0	0	0	0	0	0	0	0	0	0	0	0	0.000	0.000	0	0	0	0	0	0	0	0	0	0	0
60	60	1287	1598.604	312.132	358	352	311	212	37	304	389	332	180	57	116.242	130	123	121	119	118	117	115	114	112	109	101	329.409	498	430	401	377	358	339	324	299	259	204	117	0	0	0.000	0.000	0	0	0	0	0	0	0	0	0	0	0	0	0	0.000	0.000	0	0	0	0	0	0	0	0	0	0	0
61	61	1747	1684.469	326.971	1137	296	156	109	27	1088	286	203	120	22	113.392	186	125	119	116	113	111	109	107	106	104	96	118.588	206	136	129	124	118	114	111	109	107	105	98	0	0	0.000	0.000	0	0	0	0	0	0	0	0	0	0	0	0	0	0.000	0.000	0	0	0	0	0	0	0	0	0	0	0
62	62	1805	977.152	327.195	366	520	517	326	44	315	466	540	388	62	632.458	1003	889	838	795	760	700	621	519	392	263	127	105.227	121	110	107	106	105	105	104	103	103	102	97	0	0	0.000	0.000	0	0	0	0	0	0	0	0	0	0	0	0	0	0.000	0.000	0	0	0	0	0	0	0	0	0	0	0
63	63	1651	1162.889	326.797	173	517	550	333	44	103	482	591	370	79	111.392	124	116	115	113	112	112	110	109	108	106	100	157.430	210	186	178	172	166	159	153	146	138	124	103	0	0	0.000	0.000	0	0	0	0	0	0	0	0	0	0	0	0	0	0.000	0.000	0	0	0	0	0	0	0	0	0	0	0
64	64	742	884.188	318.614	268	198	147	95	21	243	182	177	99	22	108.446	119	113	112	111	110	108	107	106	105	104	99	126.443	160	145	139	134	130	127	123	119	113	107	101	0	0	0.000	0.000	0	0	0	0	0	0	0	0	0	0	0	0	0	0.000	0.000	0	0	0	0	0	0	0	0	0	0	0
65	65	1940	1484.664	334.337	332	592	630	324	33	246	646	606	366	48	444.971	11324	442	263	233	222	212	203	192	172	145	109	177.772	1497	196	168	158	153	149	144	139	132	122	102	1	69	1478.382	334.982	0	0	0	5050	0	0	0	749	0	0	0	1	69	1478.758	334.921	0	0	0	5050	0	0	0	763	0	0	0
66	66	1831	1282.283	339.716	304	649	555	259	38	314	719	526	211	30	1533.797	16197	1700	1537	1444	1350	1240	1137	1041	873	597	207	171.159	1632	184	176	170	165	159	153	145	134	122	103	1	85	1269.764	322.565	0	0	0	9263	0	0	0	544	0	0	0	0	0	0.000	0.000	0	0	0	0	0	0	0	0	0	0	0
67	67	1387	1426.321	340.687	425	463	364	108	6	334	508	387	139	6	197.653	269	238	230	223	217	211	201	186	161	129	106	139.862	178	161	156	152	148	144	139	132	121	110	100	0	0	0.000	0.000	0	0	0	0	0	0	0	0	0	0	0	0	0	0.000	0.000	0	0	0	0	0	0	0	0	0	0	0
68	68	1834	1619.074	353.932	791	715	236	37	22	770	865	118	32	18	116.252	131	123	121	120	118	117	115	113	111	108	99	361.407	544	481	447	421	396	368	343	324	286	220	116	0	0	0.000	0.000	0	0	0	0	0	0	0	0	0	0	0	0	0	0.000	0.000	0	0	0	0	0	0	0	0	0	0	0
69	69	1071	1121.634	348.909	194	452	331	63	12	162	499	332	61	10	112.312	129	118	116	115	114	113	111	110	108	106	100	150.273	192	177	171	164	160	156	150	141	127	112	102	0	0	0.000	0.000	0	0	0	0	0	0	0	0	0	0	0	0	0	0.000	0.000	0	0	0	0	0	0	0	0	0	0	0
70	70	1290	1841.174	349.984	193	353	433	237	46	192	499	425	139	9	111.777	125	116	115	114	113	112	111	110	109	107	100	129.095	153	140	137	134	132	129	127	125	121	117	104	0	0	0.000	0.000	0	0	0	0	0	0	0	0	0	0	0	0	0	0.000	0.000	0	0	0	0	0	0	0	0	0	0	0
71	71	623	531.890	345.536	176	164	176	81	15	100	156	142	157	53	808.565	1206	1087	1027	967	901	842	773	697	598	470	212	107.387	117	111	110	109	108	107	107	106	105	104	99	0	0	0.000	0.000	0	0	0	0	0	0	0	0	0	0	0	0	0	0.000	0.000	0	0	0	0	0	0	0	0	0	0	0
72	72	2189	791.679	363.936	360	681	717	340	43	339	660	654	416	88	112.841	136	119	117	116	114	113	112	110	108	106	99	150.761	199	177	172	166	158	151	144	138	132	122	103	0	0	0.000	0.000	0	0	0	0	0	0	0	0	0	0	0	0	0	0.000	0.000	0	0	0	0	0	0	0	0	0	0	0
73	73	1184	1773.892	357.452	204	357	302	240	65	189	345	392	193	43	137.734	167	152	149	146	143	141	137	133	127	117	103	204.830	292	255	244	232	221	210	196	184	170	146	111	0	0	0.000	0.000	0	0	0	0	0	0	0	0	0	0	0	0	0	0.000	0.000	0	0	0	0	0	0	0	0	0	0	0
74	74	3502	663.897	383.117	2835	460	120	33	21	2915	395	117	34	12	706.238	1357	1116	1014	915	835	762	675	537	340	169	104	107.338	124	113	111	109	108	107	106	105	104	103	96	0	0	0.000	0.000	0	0	0	0	0	0	0	0	0	0	0	0	0	0.000	0.000	0	0	0	0	0	0	0	0	0	0	0
75	75	1303	860.949	375.466	476	340	308	131	28	424	429	335	79	18	112.185	135	121	118	116	114	112	110	108	106	104	99	262.220	444	395	371	340	303	276	232	187	141	115	103	0	0	0.000	0.000	0	0	0	0	0	0	0	0	0	0	0	0	0	0.000	0.000	0	0	0	0	0	0	0	0	0	0	0
76	76	779	1807.118	377.975	117	178	213	190	68	104	173	225	196	68	111.707	127	117	115	114	113	112	111	109	108	107	91	130.389	151	142	139	136	134	132	129	126	122	118	104	0	0	0.000	0.000	0	0	0	0	0	0	0	0	0	0	0	0	0	0.000	0.000	0	0	0	0	0	0	0	0	0	0	0
77	77	2271	1153.257	387.374	461	603	584	493	87	464	669	645	398	52	108.237	125	114	112	110	109	108	107	106	105	103	96	141.576	212	179	164	153	145	141	136	129	115	108	99	0	0	0.000	0.000	0	0	0	0	0	0	0	0	0	0	0	0	0	0.000	0.000	0	0	0	0	0	0	0	0	0	0	0
78	78	1895	1090.911	392.403	276	537	625	354	64	307	707	611	220	20	312.754	444	391	370	351	331	316	299	282	261	230	134	108.102	137	113	111	110	108	107	107	106	105	104	98	0	0	0.000	0.000	0	0	0	0	0	0	0	0	0	0	0	0	0	0.000	0.000	0	0	0	0	0	0	0	0	0	0	0
79	79	2019	1678.776	394.325	306	643	741	268	32	300	731	697	230	24	118.773	146	127	124	122	120	119	117	115	113	110	101	350.161	530	480	452	423	388	354	317	286	256	219	122	0	0	0.000	0.000	0	0	0	0	0	0	0	0	0	0	0	0	0	0.000	0.000	0	0	0	0	0	0	0	0	0	0	0
80	80	837	1846.034	391.255	141	272	216	145	49	149	326	221	104	24	137.779	164	151	148	144	142	139	137	132	128	122	108	135.476	162	150	146	143	140	137	133	130	125	119	107	0	0	0.000	0.000	0	0	0	0	0	0	0	0	0	0	0	0	0	0.000	0.000	0	0	0	0	0	0	0	0	0	0	0
81	81	2389	1625.846	410.519	355	688	750	449	93	415	930	785	202	9	115.249	134	122	120	118	117	115	114	112	110	108	99	287.509	473	391	365	346	321	295	266	233	202	170	112	0	0	0.000	0.000	0	0	0	0	0	0	0	0	0	0	0	0	0	0.000	0.000	0	0	0	0	0	0	0	0	0	0	0
82	82	1794	92.925	411.009	394	594	527	241	16	355	578	515	271	36	562.989	905	747	694	661	632	600	561	506	418	294	143	144.989	188	166	160	155	150	147	142	137	129	121	105	0	0	0.000	0.000	0	0	0	0	0	0	0	0	0	0	0	0	0	0.000	0.000	0	0	0	0	0	0	0	0	0	0	0
83	83	1466	812.261	413.344	368	384	402	240	52	333	471	374	236	33	113.201	130	121	118	117	115	113	112	110	108	106	97	149.300	198	176	169	164	157	151	144	138	130	118	101	0	0	0.000	0.000	0	0	0	0	0	0	0	0	0	0	0	0	0	0.000	0.000	0	0	0	0	0	0	0	0	0	0	0
84	84	1588	1745.404	412.307	298	430	446	300	81	239	474	490	307	51	1354.433	1984	1739	1686	1626	1573	1521	1419	1230	988	687	218	107.848	120	112	111	110	109	108	107	106	105	104	97	0	0	0.000	0.000	0	0	0	0	0	0	0	0	0	0	0	0	0	0.000	0.000	0	0	0	0	0	0	0	0	0	0	0
85	85	1158	1044.828	412.430	175	285	380	239	60	193	394	388	147	19	314.811	468	395	374	359	345	328	308	285	257	209	122	108.578	127	116	112	110	109	107	106	106	105	104	98	0	0	0.000	0.000	0	0	0	0	0	0	0	0	0	0	0	0	0	0.000	0.000	0	0	0	0	0	0	0	0	0	0	0
86	86	1063	1810.004	418.194	539	234	185	73	14	458	242	176	141	26	214.558	344	273	256	240	226	216	206	195	175	148	116	290.111	464	384	357	335	319	304	284	252	215	170	121	0	0	0.000	0.000	0	0	0	0	0	0	0	0	0	0	0	0	0	0.000	0.000	0	0	0	0	0	0	0	0	0	0	0
87	87	1905	145.062	433.848	342	712	526	237	59	383	823	539	119	16	658.696	3695	942	780	700	658	627	592	558	472	340	162	165.541	720	200	178	168	162	156	151	144	138	125	105	1	26	150.106	440.918	0	0	0	2537	0	0	0	463	0	0	0	1	41	151.040	440.616	0	0	0	1941	0	0	0	449	0	0	0
88	88	2062	1509.826	439.829	554	663	496	239	75	622	706	510	156	38	111.815	126	117	116	114	113	112	111	110	108	106	99	242.847	342	296	285	277	270	260	247	227	193	152	106	0	0	0.000	0.000	0	0	0	0	0	0	0	0	0	0	0	0	0	0.000	0.000	0	0	0	0	0	0	0	0	0	0	0
89	89	1053	868.786	433.062	371	257	240	139	30	317	260	242	173	50	616.066	1166	983	918	852	757	661	528	419	273	166	112	107.287	120	112	111	109	108	107	106	105	104	103	95	0	0	0.000	0.000	0	0	0	0	0	0	0	0	0	0	0	0	0	0.000	0.000	0	0	0	0	0	0	0	0	0	0	0
90	90	1851	1703.441	441.606	441	572	465	263	79	423	641	458	255	38	1320.286	2108	1762	1634	1532	1462	1385	1310	1212	1031	742	160	108.648	123	114	112	110	109	108	107	107	105	104	98	0	0	0.000	0.000	0	0	0	0	0	0	0	0	0	0	0	0	0	0.000	0.000	0	0	0	0	0	0	0	0	0	0	0
91	91	1322	449.949	441.738	532	418	252	68	32	611	446	185	38	13	111.286	129	118	116	114	113	111	110	108	106	104	96	104.743	116	108	107	106	105	105	104	103	103	102	98	0	0	0.000	0.000	0	0	0	0	0	0	0	0	0	0	0	0	0	0.000	0.000	0	0	0	0	0	0	0	0	0	0	0
92	92	1444	1082.832	440.269	382	374	357	261	43	264	403	386	301	63	118.853	137	127	125	123	121	120	118	116	113	109	98	1208.134	1949	1826	1723	1566	1405	1257	1100	947	783	437	148	0	0	0.000	0.000	0	0	0	0	0	0	0	0	0	0	0	0	0	0.000	0.000	0	0	0	0	0	0	0	0	0	0	0
93	93	808	1778.994	449.160	476	119	128	62	17	400	167	119	95	13	214.506	346	281	258	244	232	220	205	187	162	138	107	277.959	497	390	351	326	309	291	272	230	186	146	109	0	0	0.000	0.000	0	0	0	0	0	0	0	0	0	0	0	0	0	0.000	0.000	0	0	0	0	0	0	0	0	0	0	0
94	94	1815	1027.729	461.403	593	528	458	180	33	599	641	420	109	14	109.981	128	116	114	112	111	110	108	107	106	104	98	450.129	752	640	587	549	514	471	414	357	298	238	138	0	0	0.000	0.000	0	0	0	0	0	0	0	0	0	0	0	0	0	0.000	0.000	0	0	0	0	0	0	0	0	0	0	0
95	95	1905	782.101	463.271	159	550	646	443	82	127	595	591	455	97	281.920	2804	323	304	288	275	259	247	234	208	173	121	547.939	1144	788	711	661	619	586	556	487	368	201	117	1	31	784.723	479.196	0	0	0	1475	0	0	0	754	0	0	0	0	0	0.000	0.000	0	0	0	0	0	0	0	0	0	0	0
96	96	1048	1375.139	467.835	559	342	88	28	20	499	298	164	54	24	151.051	310	210	176	156	144	138	133	129	124	117	103	233.615	443	337	304	267	250	237	221	194	157	122	101	1	16	1379.571	456.092	0	0	0	251	0	0	0	295	0	0	0	0	0	0.000	0.000	0	0	0	0	0	0	0	0	0	0	0
97	97	2575	1114.690	486.320	878	925	571	148	23	660	897	667	234	66	119.841	142	131	127	125	122	120	118	115	112	108	100	1248.236	2220	1972	1733	1523	1418	1301	1119	932	739	520	169	0	0	0.000	0.000	0	0	0	0	0	0	0	0	0	0	0	0	0	0.000	0.000	0	0	0	0	0	0	0	0	0	0	0
98	98	1720	925.437	482.075	1087	315	192	90	24	1021	331	225	82	40	114.787	152	128	123	120	117	113	110	107	105	103	98	105.539	120	110	108	107	106	105	104	104	103	102	97	0	0	0.000	0.000	0	0	0	0	0	0	0	0	0	0	0	0	0	0.000	0.000	0	0	0	0	0	0	0	0	0	0	0
99	99	2876	1600.942	497.850	2708	75	39	28	26	2719	67	40	27	19	341.856	4029	732	347	249	204	180	160	145	134	125	109	140.124	787	188	155	131	119	114	112	109	107	105	99	1	134	1603.120	508.049	0	0	0	1975	0	0	0	394	0	0	0	1	119	1603.720	507.751	0	0	0	2103	0	0	0	410	0	0	0
100	100	1300	1905.502	487.216	234	279	375	332	55	235	343	421	258	18	181.085	1123	206	196	188	178	169	160	150	143	128	107	149.560	248	174	167	161	155	150	145	140	133	120	102	1	33	1906.434	472.028	0	0	0	557	0	0	0	165	0	0	0	0	0	0.000	0.000	0	0	0	0	0	0	0	0	0	0	0
101	101	944	1415.731	488.108	480	174	142	107	26	391	216	151	116	53	202.744	2428	266	172	149	141	136	131	126	120	114	104	240.817	1329	312	272	246	228	215	199	180	162	142	109	1	41	1421.441	486.224	0	0	0	1181	0	0	0	760	0	0	0	1	38	1421.758	486.027	0	0	0	1243	0	0	0	778	0	0	0
102	102	1391	1510.622	493.886	346	363	364	243	51	301	417	402	197	47	109.842	121	115	113	112	111	110	109	108	107	105	99	207.432	294	260	248	235	224	213	203	189	168	137	105	0	0	0.000	0.000	0	0	0	0	0	0	0	0	0	0	0	0	0	0.000	0.000	0	0	0	0	0	0	0	0	0	0	0
103	103	998	996.097	494.153	408	214	181	150	32	396	279	189	100	18	110.761	127	118	116	114	112	111	109	108	106	104	99	315.537	547	455	420	388	355	321	292	262	204	150	106	0	0	0.000	0.000	0	0	0	0	0	0	0	0	0	0	0	0	0	0.000	0.000	0	0	0	0	0	0	0	0	0	0	0
104	104	2603	729.512	510.657	470	592	824	499	170	403	700	795	523	121	1546.376	24801	2445	641	431	362	325	296	266	224	171	105	891.869	6496	1184	896	814	759	718	665	573	452	288	114	1	241	730.733	511.055	0	0	0	11594	0	0	0	2953	0	0	0	1	160	729.785	510.775	0	0	0	17848	0	0	0	4114	0	0	0
105	105	1293	419.915	518.778	723	213	180	139	30	610	262	211	132	61	124.486	155	141	137	134	131	127	121	115	109	106	98	383.647	663	572	528	499	471	426	352	267	198	155	109	0	0	0.000	0.000	0	0	0	0	0	0	0	0	0	0	0	0	0	0.000	0.000	0	0	0	0	0	0	0	0	0	0	0
106	106	2086	1447.179	525.917	795	732	463	54	16	748	811	419	60	10	112.250	131	119	117	115	114	112	111	109	108	106	99	319.399	530	443	417	382	354	322	290	259	229	185	125	0	0	0.000	0.000	0	0	0	0	0	0	0	0	0	0	0	0	0	0.000	0.000	0	0	0	0	0	0	0	0	0	0	0
107	107	1812	1167.883	519.657	337	513	561	299	63	277	604	568	286	53	1403.766	22350	2623	564	311	256	240	227	213	193	167	112	268.896	2859	388	177	156	149	144	138	134	129	124	108	1	176	1171.356	514.551	0	0	0	10356	0	0	0	1117	0	0	0	1	152	1172.250	513.958	0	0	0	10424	0	0	0	1426	0	0	0
108	108	1382	1069.409	526.016	196	353	414	295	88	139	466	429	264	58	109.097	120	114	112	111	110	109	108	107	106	105	99	203.513	283	252	241	231	220	209	194	180	163	149	120	0	0	0.000	0.000	0	0	0	0	0	0	0	0	0	0	0	0	0	0.000	0.000	0	0	0	0	0	0	0	0	0	0	0
109	109	1903	1901.433	542.067	380	543	575	327	31	344	585	587	312	46	774.404	15452	1072	321	245	225	209	194	179	162	143	110	204.633	1409	244	188	177	169	163	157	149	140	130	106	1	122	1890.822	543.178	0	0	0	7081	0	0	0	623	0	0	0	1	107	1891.078	543.913	0	0	0	8339	0	0	0	795	0	0	0
110	110	1571	96.773	535.387	379	505	446	183	33	388	662	441	42	7	272.074	440	344	327	317	307	292	274	246	208	162	112	279.325	412	373	355	340	321	300	270	240	192	142	110	0	0	0.000	0.000	0	0	0	0	0	0	0	0	0	0	0	0	0	0.000	0.000	0	0	0	0	0	0	0	0	0	0	0
111	111	2138	1338.730	545.297	472	618	698	282	29	434	682	696	256	34	1929.486	25298	4089	849	457	346	290	247	214	184	149	111	580.673	6623	973	408	342	303	272	241	217	191	155	112	1	258	1339.276	544.950	0	0	0	11460	0	0	0	2334	0	0	0	1	183	1339.327	544.718	0	0	0	18507	0	0	0	3415	0	0	0
112	112	1763	237.326	549.598	239	639	616	223	17	239	815	524	128	8	109.587	124	114	112	111	110	110	109	108	107	105	98	113.395	130	121	118	117	115	113	112	110	108	106	98	0	0	0.000	0.000	0	0	0	0	0	0	0	0	0	0	0	0	0	0.000	0.000	0	0	0	0	0	0	0	0	0	0	0
113	113	2375	383.545	552.519	453	623	670	414	170	386	769	665	418	87	196.824	270	239	230	222	213	203	191	178	165	142	105	454.344	681	616	587	556	519	478	435	388	336	240	114	0	0	0.000	0.000	0	0	0	0	0	0	0	0	0	0	0	0	0	0.000	0.000	0	0	0	0	0	0	0	0	0	0	0
114	114	1928	1405.364	556.553	386	633	523	292	56	375	622	601	254	49	872.468	12839	1108	574	490	463	436	415	393	352	269	141	270.919	2740	341	219	202	193	182	175	165	154	139	106	1	122	1413.016	552.428	0	0	0	6403	0	0	0	1380	0	0	0	1	116	1413.330	552.144	0	0	0	6642	0	0	0	1427	0	0	0
115	115	1998	1121.567	558.718	416	502	606	367	67	333	460	655	420	94	199.204	265	242	234	228	220	210	196	181	162	136	101	138.229	187	161	153	148	143	139	134	130	123	113	101	0	0	0.000	0.000	0	0	0	0	0	0	0	0	0	0	0	0	0	0.000	0.000	0	0	0	0	0	0	0	0	0	0	0
116	116	3179	709.405	573.912	783	796	874	528	128	766	1010	857	429	59	244.656	807	297	279	268	258	248	236	221	194	160	114	632.873	954	827	783	747	713	677	643	579	464	337	156	1	27	725.212	567.022	0	0	0	671	0	0	0	852	0	0	0	0	0	0.000	0.000	0	0	0	0	0	0	0	0	0	0	0
117	117	2750	444.229	573.583	640	879	669	386	118	690	942	690	342	33	184.375	262	223	212	205	197	189	180	168	153	138	105	414.275	660	557	522	494	466	434	395	347	299	246	130	0	0	0.000	0.000	0	0	0	0	0	0	0	0	0	0	0	0	0	0.000	0.000	0	0	0	0	0	0	0	0	0	0	0
118	118	1749	954.557	575.024	676	401	420	204	25	584	545	384	190	24	292.820	6640	287	220	207	198	190	182	170	153	136	111	586.039	2755	778	724	681	643	600	553	471	382	269	129	1	46	948.241	584.371	0	0	0	3044	0	0	0	1493	0	0	0	1	18	947.986	582.221	0	0	0	2215	0	0	0	2059	0	0	0
119	119	1831	1067.534	578.722	246	796	539	193	25	231	967	470	127	8	109.294	123	114	112	111	110	109	108	107	106	105	99	187.844	272	227	214	205	196	186	177	168	160	150	113	0	0	0.000	0.000	0	0	0	0	0	0	0	0	0	0	0	0	0	0.000	0.000	0	0	0	0	0	0	0	0	0	0	0
120	120	1491	1769.483	577.100	350	405	368	267	69	318	455	411	242	33	712.964	1075	939	885	848	818	775	705	631	530	375	153	107.567	122	112	111	109	108	107	106	106	105	104	99	0	0	0.000	0.000	0	0	0	0	0	0	0	0	0	0	0	0	0	0.000	0.000	0	0	0	0	0	0	0	0	0	0	0
121	121	1452	78.643	580.747	267	418	441	245	56	236	465	430	252	43	190.172	244	220	213	208	203	198	191	180	167	147	110	137.309	168	151	147	145	142	139	136	132	127	121	103	0	0	0.000	0.000	0	0	0	0	0	0	0	0	0	0	0	0	0	0.000	0.000	0	0	0	0	0	0	0	0	0	0	0
122	122	1411	1269.910	584.692	660	354	221	127	32	614	459	224	83	8	596.785	1109	914	811	738	655	598	539	463	380	262	127	108.853	141	114	112	110	109	108	107	106	105	104	98	0	0	0.000	0.000	0	0	0	0	0	0	0	0	0	0	0	0	0	0.000	0.000	0	0	0	0	0	0	0	0	0	0	0
123	123	1847	1202.809	590.188	261	510	508	429	102	279	560	494	414	70	186.288	1720	209	198	191	185	179	171	161	148	131	104	182.892	407	226	213	202	192	181	172	163	153	135	106	1	31	1207.029	607.241	0	0	0	681	0	0	0	253	0	0	0	0	0	0.000	0.000	0	0	0	0	0	0	0	0	0	0	0
124	124	2712	1718.553	599.665	689	840	787	295	52	576	844	774	422	52	824.709	1949	1364	1174	1031	896	764	660	596	504	355	122	108.096	122	113	111	110	109	108	107	106	105	104	95	0	0	0.000	0.000	0	0	0	0	0	0	0	0	0	0	0	0	0	0.000	0.000	0	0	0	0	0	0	0	0	0	0	0
125	125	1750	208.237	597.476	290	415	510	376	125	336	580	593	193	15	108.933	127	114	112	111	110	109	108	107	105	104	96	113.007	135	122	119	117	115	113	111	109	107	105	97	0	0	0.000	0.000	0	0	0	0	0	0	0	0	0	0	0	0	0	0.000	0.000	0	0	0	0	0	0	0	0	0	0	0
126	126	2396	1568.899	611.983	596	710	688	297	78	563	721	700	318	60	318.544	471	410	391	369	348	330	312	289	259	194	117	106.646	120	111	109	108	107	106	105	105	104	103	96	0	0	0.000	0.000	0	0	0	0	0	0	0	0	0	0	0	0	0	0.000	0.000	0	0	0	0	0	0	0	0	0	0	0
127	127	791	1793.263	611.385	145	256	197	131	44	144	248	231	116	32	115.070	128	121	119	118	116	115	114	112	111	109	101	202.008	270	245	234	224	214	204	194	184	171	158	113	0	0	0.000	0.000	0	0	0	0	0	0	0	0	0	0	0	0	0	0.000	0.000	0	0	0	0	0	0	0	0	0	0	0
128	128	1552	645.001	622.067	437	443	339	239	65	458	510	392	149	12	110.312	124	116	114	113	112	110	109	108	106	104	99	107.035	120	111	110	108	108	107	106	105	104	103	95	0	0	0.000	0.000	0	0	0	0	0	0	0	0	0	0	0	0	0	0.000	0.000	0	0	0	0	0	0	0	0	0	0	0
129	129	2609	705.108	643.224	499	703	870	427	46	358	743	885	516	56	260.053	3505	309	280	264	250	235	222	209	188	159	107	595.755	1043	819	769	717	665	615	565	515	439	312	123	1	31	697.779	654.973	0	0	0	1636	0	0	0	928	0	0	0	0	0	0.000	0.000	0	0	0	0	0	0	0	0	0	0	0
130	130	2534	1061.029	634.520	660	791	676	284	77	493	956	670	304	64	113.361	131	120	118	116	115	114	112	110	108	106	100	302.436	475	419	395	367	334	307	280	252	222	167	107	0	0	0.000	0.000	0	0	0	0	0	0	0	0	0	0	0	0	0	0.000	0.000	0	0	0	0	0	0	0	0	0	0	0
131	131	2194	1632.374	637.072	249	701	659	384	153	225	706	701	425	86	935.371	1578	1270	1184	1118	1035	957	865	794	697	532	250	174.777	235	213	203	195	185	173	163	156	148	138	111	0	0	0.000	0.000	0	0	0	0	0	0	0	0	0	0	0	0	0	0.000	0.000	0	0	0	0	0	0	0	0	0	0	0
132	132	1314	1862.564	639.785	219	387	414	209	47	201	453	429	182	29	1320.594	2274	2037	1877	1721	1513	1384	1251	1097	837	361	117	129.141	164	146	142	138	134	131	127	123	116	108	100	0	0	0.000	0.000	0	0	0	0	0	0	0	0	0	0	0	0	0	0.000	0.000	0	0	0	0	0	0	0	0	0	0	0
133	133	1866	1005.664	646.702	483	599	498	198	53	584	617	505	99	28	109.055	125	114	113	111	110	109	108	107	105	104	98	160.210	237	202	188	177	167	160	152	142	132	119	102	0	0	0.000	0.000	0	0	0	0	0	0	0	0	0	0	0	0	0	0.000	0.000	0	0	0	0	0	0	0	0	0	0	0
134	134	959	1486.093	640.769	116	275	255	204	89	118	401	240	146	30	438.011	589	514	495	480	468	455	438	419	382	330	217	154.556	191	169	165	161	159	156	153	150	145	137	115	0	0	0.000	0.000	0	0	0	0	0	0	0	0	0	0	0	0	0	0.000	0.000	0	0	0	0	0	0	0	0	0	0	0
135	135	1306	1446.909	654.027	275	312	335	248	112	237	427	423	140	57	116.268	136	124	121	119	118	116	115	113	111	109	103	243.628	363	325	307	289	266	250	232	207	186	150	105	0	0	0.000	0.000	0	0	0	0	0	0	0	0	0	0	0	0	0	0.000	0.000	0	0	0	0	0	0	0	0	0	0	0
136	136	1957	1537.796	655.595	176	514	756	395	75	236	723	714	214	19	425.935	641	558	519	492	462	434	406	369	336	287	140	160.430	213	191	183	174	167	160	153	146	140	133	107	0	0	0.000	0.000	0	0	0	0	0	0	0	0	0	0	0	0	0	0.000	0.000	0	0	0	0	0	0	0	0	0	0	0
137	137	1974	1371.456	660.475	279	458	651	436	111	237	606	659	385	51	186.686	256	221	213	205	198	191	183	174	162	145	106	162.864	221	194	187	181	174	167	158	149	139	125	97	0	0	0.000	0.000	0	0	0	0	0	0	0	0	0	0	0	0	0	0.000	0.000	0	0	0	0	0	0	0	0	0	0	0
138	138	1233	612.938	659.258	160	297	336	321	97	120	335	435	271	51	280.346	414	365	345	326	308	286	266	243	219	185	121	148.166	193	175	168	161	155	149	142	135	128	121	106	0	0	0.000	0.000	0	0	0	0	0	0	0	0	0	0	0	0	0	0.000	0.000	0	0	0	0	0	0	0	0	0	0	0
139	139	1775	1268.339	672.117	742	703	240	53	14	664	640	332	86	14	117.129	151	127	123	120	118	117	115	113	110	107	101	487.730	784	704	668	623	577	525	461	391	298	197	109	0	0	0.000	0.000	0	0	0	0	0	0	0	0	0	0	0	0	0	0.000	0.000	0	0	0	0	0	0	0	0	0	0	0
140	140	1964	1318.884	668.763	702	551	436	183	56	664	663	465	117	22	1042.446	1940	1523	1365	1277	1193	1097	985	875	701	426	148	108.063	120	113	111	110	109	108	107	106	105	104	97	0	0	0.000	0.000	0	0	0	0	0	0	0	0	0	0	0	0	0	0.000	0.000	0	0	0	0	0	0	0	0	0	0	0
141	141	1290	334.528	664.601	294	396	307	218	47	277	454	318	182	35	113.640	136	123	119	117	115	113	111	110	108	106	98	463.957	765	641	597	561	522	476	429	386	340	252	128	0	0	0.000	0.000	0	0	0	0	0	0	0	0	0	0	0	0	0	0.000	0.000	0	0	0	0	0	0	0	0	0	0	0
142	142	1167	862.789	670.053	416	305	242	129	57	403	352	283	91	25	109.671	124	115	114	112	111	110	109	107	105	104	97	208.963	362	315	292	266	245	220	178	133	113	107	100	0	0	0.000	0.000	0	0	0	0	0	0	0	0	0	0	0	0	0	0.000	0.000	0	0	0	0	0	0	0	0	0	0	0
143	143	1372	1667.543	676.151	166	373	480	289	42	153	529	483	165	16	960.690	1437	1289	1194	1129	1088	1032	968	853	718	503	199	171.813	234	200	193	187	183	177	172	163	150	132	104	0	0	0.000	0.000	0	0	0	0	0	0	0	0	0	0	0	0	0	0.000	0.000	0	0	0	0	0	0	0	0	0	0	0
144	144	2013	655.730	678.511	452	619	656	216	35	321	662	630	316	47	292.165	460	388	361	339	317	301	280	255	228	178	107	151.221	201	179	171	165	158	153	147	140	131	120	102	0	0	0.000	0.000	0	0	0	0	0	0	0	0	0	0	0	0	0	0.000	0.000	0	0	0	0	0	0	0	0	0	0	0
145	145	880	1582.332	675.029	157	320	263	105	14	132	386	251	87	6	373.180	536	469	444	424	406	386	364	336	307	256	142	156.180	192	178	173	168	164	159	154	148	141	129	102	0	0	0.000	0.000	0	0	0	0	0	0	0	0	0	0	0	0	0	0.000	0.000	0	0	0	0	0	0	0	0	0	0	0
146	146	2437	913.045	687.785	686	764	636	263	44	649	866	628	224	34	113.136	128	120	118	116	115	114	112	110	108	106	100	322.242	512	441	414	393	373	345	310	268	219	160	107	0	0	0.000	0.000	0	0	0	0	0	0	0	0	0	0	0	0	0	0.000	0.000	0	0	0	0	0	0	0	0	0	0	0
147	147	1524	1863.673	687.977	266	395	478	276	73	234	498	490	245	31	119.188	139	128	125	123	121	120	118	116	113	110	99	185.344	262	230	220	210	198	186	176	166	154	132	103	0	0	0.000	0.000	0	0	0	0	0	0	0	0	0	0	0	0	0	0.000	0.000	0	0	0	0	0	0	0	0	0	0	0
148	148	1866	1921.646	696.466	177	565	684	359	49	179	624	717	290	26	119.685	141	129	127	124	122	120	118	116	113	109	99	190.166	273	236	224	213	202	191	180	168	157	142	103	0	0	0.000	0.000	0	0	0	0	0	0	0	0	0	0	0	0	0	0.000	0.000	0	0	0	0	0	0	0	0	0	0	0
149	149	2098	1416.698	699.461	353	568	669	356	104	309	613	589	474	73	700.687	15480	797	304	238	222	212	202	188	172	149	109	236.282	2558	275	203	189	180	170	162	152	140	126	102	1	123	1424.657	704.623	0	0	0	6807	0	0	0	1131	0	0	0	1	105	1424.839	704.080	0	0	0	7718	0	0	0	1194	0	0	0
150	150	2039	531.424	706.395	394	486	629	417	88	364	552	621	388	83	956.509	1600	1373	1255	1156	1066	1008	957	833	643	413	143	123.658	177	146	135	128	124	120	117	114	111	108	99	0	0	0.000	0.000	0	0	0	0	0	0	0	0	0	0	0	0	0	0.000	0.000	0	0	0	0	0	0	0	0	0	0	0
151	151	1667	1022.732	704.738	498	577	423	116	23	507	602	462	61	12	163.451	222	189	181	176	170	165	160	154	146	132	107	143.882	180	163	158	153	149	144	140	135	131	123	106	0	0	0.000	0.000	0	0	0	0	0	0	0	0	0	0	0	0	0	0.000	0.000	0	0	0	0	0	0	0	0	0	0	0
152	152	1521	355.766	705.055	738	389	335	34	6	555	358	297	231	46	109.556	138	118	114	112	110	109	107	106	104	103	98	168.884	261	223	207	195	183	171	159	142	124	110	98	0	0	0.000	0.000	0	0	0	0	0	0	0	0	0	0	0	0	0	0.000	0.000	0	0	0	0	0	0	0	0	0	0	0
153	153	2006	1075.546	708.501	328	577	727	282	51	337	826	656	132	16	309.049	8543	331	229	204	190	180	171	160	147	131	107	166.376	944	194	177	168	159	153	147	142	134	123	103	1	47	1075.751	709.154	0	0	0	3762	0	0	0	531	0	0	0	1	46	1075.217	709.209	0	0	0	2901	0	0	0	555	0	0	0
154	154	983	1714.788	701.235	352	215	213	128	61	315	301	209	109	34	111.811	128	119	117	114	113	111	110	109	107	105	100	256.421	406	360	332	306	276	255	234	211	185	153	109	0	0	0.000	0.000	0	0	0	0	0	0	0	0	0	0	0	0	0	0.000	0.000	0	0	0	0	0	0	0	0	0	0	0
155	155	1951	597.415	723.329	239	472	630	474	108	272	559	639	382	68	277.076	6507	277	189	177	171	165	159	152	143	132	110	152.281	626	172	163	156	151	145	139	133	129	123	104	1	57	592.960	737.685	0	0	0	2823	0	0	0	357	0	0	0	1	44	593.740	737.502	0	0	0	3328	0	0	0	392	0	0	0
156	156	3394	1279.116	729.515	3213	117	28	15	13	3180	152	24	15	13	108.969	127	116	113	112	110	109	107	105	104	102	96	107.907	328	110	108	107	106	105	104	104	103	102	92	0	0	0.000	0.000	0	0	0	0	0	0	0	0	0	0	0	0	0	0.000	0.000	0	0	0	0	0	0	0	0	0	0	0
157	157	1416	1537.113	721.021	123	291	462	385	115	106	364	488	343	87	953.023	1435	1190	1142	1111	1071	1018	943	863	753	597	325	190.004	294	227	214	205	199	191	184	175	166	150	120	0	0	0.000	0.000	0	0	0	0	0	0	0	0	0	0	0	0	0	0.000	0.000	0	0	0	0	0	0	0	0	0	0	0
158	158	1524	1651.150	727.512	150	348	481	376	131	132	401	498	358	112	417.011	601	528	503	484	463	443	413	373	318	265	151	107.583	131	117	112	108	107	106	105	104	103	102	98	0	0	0.000	0.000	0	0	0	0	0	0	0	0	0	0	0	0	0	0.000	0.000	0	0	0	0	0	0	0	0	0	0	0
159	159	1890	1700.338	743.433	227	460	713	397	65	204	561	688	355	52	112.343	127	118	116	115	114	112	111	110	109	107	97	232.397	347	295	276	261	246	231	217	206	193	174	119	0	0	0.000	0.000	0	0	0	0	0	0	0	0	0	0	0	0	0	0.000	0.000	0	0	0	0	0	0	0	0	0	0	0
160	160	1856	263.566	744.900	366	673	519	234	28	263	537	553	358	111	894.644	17817	885	293	232	209	191	180	169	156	134	107	399.795	5668	453	249	230	216	203	192	180	162	141	109	1	153	264.689	752.129	0	0	0	8217	0	0	0	2303	0	0	0	1	129	264.862	751.883	0	0	0	9522	0	0	0	2708	0	0	0
161	161	2612	1881.418	747.424	525	706	811	404	115	548	971	752	279	23	110.018	125	116	114	112	111	110	109	108	106	105	97	239.018	370	306	286	268	252	238	225	213	198	169	105	0	0	0.000	0.000	0	0	0	0	0	0	0	0	0	0	0	0	0	0.000	0.000	0	0	0	0	0	0	0	0	0	0	0
162	162	1909	1341.745	748.811	268	488	667	412	44	181	484	656	481	70	109.346	123	115	113	112	110	109	108	107	105	104	98	103.967	116	107	106	105	104	104	103	103	102	101	96	0	0	0.000	0.000	0	0	0	0	0	0	0	0	0	0	0	0	0	0.000	0.000	0	0	0	0	0	0	0	0	0	0	0
163	163	1527	206.092	749.950	225	333	456	374	110	195	402	488	308	104	166.521	236	197	186	179	174	168	162	155	146	133	110	178.172	251	215	204	196	187	179	171	164	155	135	106	0	0	0.000	0.000	0	0	0	0	0	0	0	0	0	0	0	0	0	0.000	0.000	0	0	0	0	0	0	0	0	0	0	0
164	164	2349	1496.222	763.467	342	736	764	398	76	446	997	667	167	13	109.309	121	114	112	111	110	109	108	108	106	105	99	128.447	156	141	137	134	131	129	126	124	120	115	103	0	0	0.000	0.000	0	0	0	0	0	0	0	0	0	0	0	0	0	0.000	0.000	0	0	0	0	0	0	0	0	0	0	0
165	165	1643	522.312	760.870	324	367	467	381	74	306	389	422	390	103	1056.829	1635	1447	1344	1274	1189	1103	1017	911	772	571	269	120.478	143	132	129	126	124	121	118	115	112	107	99	0	0	0.000	0.000	0	0	0	0	0	0	0	0	0	0	0	0	0	0.000	0.000	0	0	0	0	0	0	0	0	0	0	0
166	166	2554	1553.089	772.479	516	747	763	365	113	473	787	815	356	80	847.926	1535	1269	1075	990	920	862	805	719	586	392	195	175.491	284	222	207	194	184	175	165	155	144	128	105	0	0	0.000	0.000	0	0	0	0	0	0	0	0	0	0	0	0	0	0.000	0.000	0	0	0	0	0	0	0	0	0	0	0
167	167	1743	1608.651	768.282	215	486	562	394	58	165	550	567	343	80	451.648	682	598	555	524	502	475	440	397	343	270	118	109.354	143	120	115	111	108	107	106	105	104	103	98	0	0	0.000	0.000	0	0	0	0	0	0	0	0	0	0	0	0	0	0.000	0.000	0	0	0	0	0	0	0	0	0	0	0
168	168	641	621.469	762.468	43	169	181	162	76	36	142	222	164	66	147.150	182	164	159	156	152	148	144	140	134	128	116	142.644	168	159	155	150	147	143	140	136	131	126	112	0	0	0.000	0.000	0	0	0	0	0	0	0	0	0	0	0	0	0	0.000	0.000	0	0	0	0	0	0	0	0	0	0	0
169	169	1142	479.636	773.607	407	255	213	189	60	385	354	239	133	16	118.576	146	128	126	123	122	120	117	114	111	107	99	106.017	119	111	109	108	107	106	105	104	103	102	96	0	0	0.000	0.000	0	0	0	0	0	0	0	0	0	0	0	0	0	0.000	0.000	0	0	0	0	0	0	0	0	0	0	0
170	170	1775	902.731	776.540	282	613	517	264	58	262	773	494	177	30	109.843	124	115	113	112	111	110	109	108	107	105	98	167.099	223	198	189	181	173	166	159	153	147	139	106	0	0	0.000	0.000	0	0	0	0	0	0	0	0	0	0	0	0	0	0.000	0.000	0	0	0	0	0	0	0	0	0	0	0
171	171	3872	266.696	791.649	3287	286	110	89	79	3347	247	128	88	43	570.879	13843	689	308	238	210	195	184	169	150	127	99	208.511	1844	258	200	184	171	163	155	146	135	118	94	2	98	264.469	805.118	89	277.619	777.594	6016	0	5407	0	912	0	811	0	2	116	264.899	804.482	84	277.510	777.239	4736	0	6379	0	905	0	866	0
172	172	1416	1011.657	780.366	208	366	364	318	128	264	428	424	233	40	166.668	223	198	189	182	177	171	164	154	143	129	103	185.794	265	235	224	214	204	194	183	170	142	116	101	0	0	0.000	0.000	0	0	0	0	0	0	0	0	0	0	0	0	0	0.000	0.000	0	0	0	0	0	0	0	0	0	0	0
173	173	1318	1836.729	780.111	190	351	414	268	72	185	379	461	239	39	214.731	284	259	251	243	234	223	210	195	178	155	118	133.142	170	150	145	142	138	133	129	125	121	115	104	0	0	0.000	0.000	0	0	0	0	0	0	0	0	0	0	0	0	0	0.000	0.000	0	0	0	0	0	0	0	0	0	0	0
174	174	1898	1437.151	784.787	235	440	657	434	86	219	541	732	330	36	107.115	119	112	110	109	108	107	106	105	104	103	98	127.233	154	140	136	133	130	128	125	122	119	113	102	0	0	0.000	0.000	0	0	0	0	0	0	0	0	0	0	0	0	0	0.000	0.000	0	0	0	0	0	0	0	0	0	0	0
175	175	693	1727.266	782.108	87	142	184	175	91	81	187	209	173	34	110.814	123	116	114	113	112	111	110	109	107	106	97	201.574	274	249	235	226	216	209	199	183	164	142	113	0	0	0.000	0.000	0	0	0	0	0	0	0	0	0	0	0	0	0	0.000	0.000	0	0	0	0	0	0	0	0	0	0	0
176	176	2284	1911.029	800.026	376	455	811	473	133	347	564	781	470	90	110.740	127	116	114	113	112	111	110	109	107	105	95	244.567	352	306	291	281	268	257	243	224	197	156	110	0	0	0.000	0.000	0	0	0	0	0	0	0	0	0	0	0	0	0	0.000	0.000	0	0	0	0	0	0	0	0	0	0	0
177	177	1209	164.763	797.570	447	241	224	192	91	383	308	288	154	43	134.163	472	151	144	140	136	132	128	124	117	109	100	216.050	334	295	277	256	234	218	205	188	153	125	102	1	22	149.645	800.248	0	0	0	262	0	0	0	226	0	0	0	0	0	0.000	0.000	0	0	0	0	0	0	0	0	0	0	0
178	178	1521	111.337	801.568	232	398	452	338	76	249	445	396	333	79	291.020	406	367	351	339	325	311	294	267	230	174	108	129.431	154	142	138	136	133	131	129	125	120	114	100	0	0	0.000	0.000	0	0	0	0	0	0	0	0	0	0	0	0	0	0.000	0.000	0	0	0	0	0	0	0	0	0	0	0
179	179	1781	1792.192	805.793	246	439	529	407	127	286	431	496	412	123	652.698	11859	1006	288	224	211	203	190	177	161	139	104	161.005	1041	201	144	136	130	126	122	118	114	110	100	1	123	1795.948	815.395	0	0	0	5423	0	0	0	520	0	0	0	1	115	1795.839	815.024	0	0	0	5774	0	0	0	548	0	0	0
180	180	1808	940.441	812.726	325	520	507	330	93	366	682	508	202	16	110.330	123	116	114	113	111	110	109	108	107	105	98	160.276	218	191	182	174	167	160	153	146	139	130	110	0	0	0.000	0.000	0	0	0	0	0	0	0	0	0	0	0	0	0	0.000	0.000	0	0	0	0	0	0	0	0	0	0	0
181	181	1245	1644.305	822.166	134	290	400	325	67	150	399	367	280	31	113.296	129	121	118	116	115	114	112	110	108	106	97	104.559	120	109	107	105	105	104	103	103	102	101	96	0	0	0.000	0.000	0	0	0	0	0	0	0	0	0	0	0	0	0	0.000	0.000	0	0	0	0	0	0	0	0	0	0	0
182	182	2106	1519.150	831.099	463	326	728	484	75	428	415	738	429	59	442.358	729	637	589	560	524	479	424	358	276	172	106	108.838	142	117	113	110	109	108	106	105	104	103	97	0	0	0.000	0.000	0	0	0	0	0	0	0	0	0	0	0	0	0	0.000	0.000	0	0	0	0	0	0	0	0	0	0	0
183	183	1699	1596.352	828.250	319	595	424	271	58	283	654	448	269	17	114.911	132	122	120	118	116	115	113	112	110	108	100	104.622	128	109	107	106	105	104	104	103	102	101	94	0	0	0.000	0.000	0	0	0	0	0	0	0	0	0	0	0	0	0	0.000	0.000	0	0	0	0	0	0	0	0	0	0	0
184	184	1824	1842.034	830.273	365	496	570	333	30	224	491	595	363	108	318.057	7212	329	207	187	176	168	159	151	141	131	106	144.526	565	163	149	143	138	135	131	128	124	118	104	1	67	1838.135	824.000	0	0	0	2864	0	0	0	299	0	0	0	1	54	1837.358	824.827	0	0	0	3226	0	0	0	365	0	0	0
185	185	1261	1150.756	832.358	256	403	350	194	31	298	465	342	121	13	356.319	555	467	427	407	388	365	342	315	275	230	151	103.956	117	107	106	105	104	104	103	103	102	101	95	0	0	0.000	0.000	0	0	0	0	0	0	0	0	0	0	0	0	0	0.000	0.000	0	0	0	0	0	0	0	0	0	0	0
186	186	1818	194.489	844.933	271	565	525	339	86	254	575	577	314	58	467.743	747	631	583	541	508	479	456	422	361	274	123	162.542	230	195	185	177	169	163	156	151	143	129	104	0	0	0.000	0.000	0	0	0	0	0	0	0	0	0	0	0	0	0	0.000	0.000	0	0	0	0	0	0	0	0	0	0	0
187	187	1676	138.207	843.206	172	476	669	268	60	183	654	598	183	22	706.716	10781	912	522	447	402	370	342	311	277	238	138	181.762	1330	217	165	153	146	140	135	131	126	121	106	1	94	136.998	839.302	0	0	0	5008	0	0	0	697	0	0	0	1	99	137.017	839.796	0	0	0	4816	0	0	0	675	0	0	0
188	188	1325	1208.607	842.894	219	478	438	139	21	186	518	405	150	42	309.546	454	381	360	344	328	313	300	285	266	224	131	104.550	113	108	107	106	105	104	104	103	102	102	95	0	0	0.000	0.000	0	0	0	0	0	0	0	0	0	0	0	0	0	0.000	0.000	0	0	0	0	0	0	0	0	0	0	0
189	189	1663	291.191	851.645	203	378	575	345	131	188	498	598	308	41	185.985	260	220	210	203	196	190	183	174	160	142	112	162.438	212	188	180	173	168	165	160	154	146	132	109	0	0	0.000	0.000	0	0	0	0	0	0	0	0	0	0	0	0	0	0.000	0.000	0	0	0	0	0	0	0	0	0	0	0
190	190	1774	1791.399	853.802	316	522	567	317	14	207	436	549	447	96	216.997	1876	241	225	215	209	201	192	180	166	147	113	136.586	450	151	144	139	135	132	129	126	122	116	103	1	32	1797.882	842.413	0	0	0	1032	0	0	0	303	0	0	0	1	39	1797.749	842.078	0	0	0	951	0	0	0	287	0	0	0
191	191	1993	1557.258	871.116	356	474	562	489	86	272	476	558	555	100	436.639	656	584	554	533	505	471	424	370	308	231	127	112.362	144	125	119	115	112	110	109	107	106	105	99	0	0	0.000	0.000	0	0	0	0	0	0	0	0	0	0	0	0	0	0.000	0.000	0	0	0	0	0	0	0	0	0	0	0
192	192	1568	1106.220	872.397	199	324	494	402	112	184	334	528	351	143	509.438	813	712	665	622	574	514	471	418	357	279	138	106.302	121	110	109	108	107	106	105	105	104	103	95	0	0	0.000	0.000	0	0	0	0	0	0	0	0	0	0	0	0	0	0.000	0.000	0	0	0	0	0	0	0	0	0	0	0
193	193	1047	1615.658	872.581	203	361	268	154	40	175	461	274	102	23	109.157	122	114	113	111	110	109	108	107	106	104	96	203.958	282	247	240	231	221	211	197	181	166	148	118	0	0	0.000	0.000	0	0	0	0	0	0	0	0	0	0	0	0	0	0.000	0.000	0	0	0	0	0	0	0	0	0	0	0
194	194	1875	1166.406	883.870	615	517	535	161	14	561	626	486	150	23	336.887	512	436	410	390	370	354	336	314	264	192	120	105.625	120	109	108	107	106	105	105	104	103	102	94	0	0	0.000	0.000	0	0	0	0	0	0	0	0	0	0	0	0	0	0.000	0.000	0	0	0	0	0	0	0	0	0	0	0
195	195	873	168.257	883.693	186	224	206	181	52	207	259	215	142	36	424.242	673	591	541	489	457	429	399	371	319	243	130	156.622	205	183	175	170	164	159	153	147	139	126	103	0	0	0.000	0.000	0	0	0	0	0	0	0	0	0	0	0	0	0	0.000	0.000	0	0	0	0	0	0	0	0	0	0	0
196	196	1951	338.542	887.961	445	600	463	308	97	401	693	467	296	61	111.307	125	117	115	114	113	111	110	109	107	105	97	173.717	244	210	201	193	187	178	168	158	146	130	103	0	0	0.000	0.000	0	0	0	0	0	0	0	0	0	0	0	0	0	0.000	0.000	0	0	0	0	0	0	0	0	0	0	0
197	197	2158	1229.917	894.754	326	684	773	295	31	434	873	714	98	7	399.210	593	523	485	457	431	407	382	356	321	271	134	158.946	210	182	176	171	165	160	155	150	144	132	105	0	0	0.000	0.000	0	0	0	0	0	0	0	0	0	0	0	0	0	0.000	0.000	0	0	0	0	0	0	0	0	0	0	0
198	198	1951	1060.621	899.919	299	591	618	341	53	252	645	615	355	48	443.514	729	606	549	514	485	453	421	393	347	258	121	108.534	131	116	112	110	108	107	106	105	105	103	99	0	0	0.000	0.000	0	0	0	0	0	0	0	0	0	0	0	0	0	0.000	0.000	0	0	0	0	0	0	0	0	0	0	0
199	199	1121	1382.916	905.825	795	145	87	55	29	784	159	79	52	36	109.552	185	116	111	109	108	107	106	105	104	103	98	105.139	130	109	107	106	105	104	104	103	103	102	98	0	0	0.000	0.000	0	0	0	0	0	0	0	0	0	0	0	0	0	0.000	0.000	0	0	0	0	0	0	0	0	0	0	0
200	200	1312	287.252	903.580	277	321	404	228	55	227	443	442	161	18	110.601	134	116	114	113	112	111	109	108	106	104	93	167.867	230	207	196	187	179	170	161	151	138	125	103	0	0	0.000	0.000	0	0	0	0	0	0	0	0	0	0	0	0	0	0.000	0.000	0	0	0	0	0	0	0	0	0	0	0
201	201	1046	660.278	906.528	292	316	279	117	30	269	358	268	103	36	128.847	200	153	144	136	132	127	122	117	111	107	101	209.623	755	291	251	232	216	199	180	157	137	121	105	1	13	654.643	899.743	0	0	0	186	0	0	0	569	0	0	0	1	35	651.805	900.520	0	0	0	166	0	0	0	568	0	0	0
202	202	3538	1281.647	928.029	675	904	1182	588	103	587	1006	1171	611	99	455.368	1886	675	569	517	472	432	385	334	263	185	102	176.418	690	221	195	184	175	165	156	146	131	117	101	1	102	1279.448	919.756	0	0	0	1438	0	0	0	489	0	0	0	1	125	1279.680	919.865	0	0	0	1343	0	0	0	455	0	0	0
203	203	1426	786.556	920.053	181	349	387	369	120	177	466	397	294	64	480.795	711	611	576	549	525	502	471	440	381	305	176	162.065	208	185	179	174	169	163	158	152	146	137	113	0	0	0.000	0.000	0	0	0	0	0	0	0	0	0	0	0	0	0	0.000	0.000	0	0	0	0	0	0	0	0	0	0	0
204	204	1891	729.972	947.579	321	628	515	313	84	344	665	512	265	71	556.978	810	726	685	650	611	575	531	489	442	363	163	165.004	211	192	185	179	173	168	161	154	147	135	106	0	0	0.000	0.000	0	0	0	0	0	0	0	0	0	0	0	0	0	0.000	0.000	0	0	0	0	0	0	0	0	0	0	0
205	205	1730	1234.573	965.230	620	762	255	36	28	690	778	183	29	23	110.620	125	115	114	113	112	111	110	109	107	106	98	107.117	126	114	110	108	107	106	105	104	103	102	98	0	0	0.000	0.000	0	0	0	0	0	0	0	0	0	0	0	0	0	0.000	0.000	0	0	0	0	0	0	0	0	0	0	0
206	206	1592	1633.164	970.355	272	459	515	250	71	243	522	495	250	52	111.375	123	117	115	113	112	111	110	109	108	106	100	242.862	353	305	286	264	249	237	228	218	207	192	113	0	0	0.000	0.000	0	0	0	0	0	0	0	0	0	0	0	0	0	0.000	0.000	0	0	0	0	0	0	0	0	0	0	0
207	207	1536	1676.899	977.242	917	333	193	48	26	870	331	231	61	23	103.294	116	106	105	104	104	103	103	102	102	101	96	115.146	147	131	124	119	115	112	110	108	106	105	99	0	0	0.000	0.000	0	0	0	0	0	0	0	0	0	0	0	0	0	0.000	0.000	0	0	0	0	0	0	0	0	0	0	0
208	208	1779	1174.378	983.990	379	532	489	295	51	432	597	484	194	41	1044.310	20373	1622	451	279	241	224	212	198	180	147	104	246.478	2576	337	188	168	158	150	145	139	133	126	103	1	118	1168.967	989.852	0	0	0	9417	0	0	0	1284	0	0	0	1	118	1169.237	989.406	0	0	0	9417	0	0	0	1284	0	0	0
209	209	1968	1119.281	986.199	330	500	595	435	75	341	723	656	205	13	383.030	8348	366	224	210	200	190	180	168	154	137	107	153.445	938	166	153	146	140	135	131	128	124	116	103	1	80	1127.337	972.338	0	0	0	3704	0	0	0	490	0	0	0	1	72	1126.760	971.746	0	0	0	4180	0	0	0	498	0	0	0
210	210	1059	756.811	991.149	184	171	323	247	116	191	317	396	124	10	780.928	1203	1094	1044	990	928	860	754	633	497	333	164	110.377	134	121	116	112	110	108	107	106	105	104	99	0	0	0.000	0.000	0	0	0	0	0	0	0	0	0	0	0	0	0	0.000	0.000	0	0	0	0	0	0	0	0	0	0	0
211	211	1756	1351.945	997.956	249	398	544	429	89	227	481	586	349	73	380.491	567	489	463	443	424	407	383	347	294	226	113	139.142	172	157	152	149	145	140	136	132	126	118	103	0	0	0.000	0.000	0	0	0	0	0	0	0	0	0	0	0	0	0	0.000	0.000	0	0	0	0	0	0	0	0	0	0	0
212	212	1604	1592.686	1004.796	391	584	484	99	20	451	714	355	34	18	113.746	129	120	118	117	115	114	113	111	110	107	100	240.406	343	295	283	273	261	250	234	219	198	168	109	0	0	0.000	0.000	0	0	0	0	0	0	0	0	0	0	0	0	0	0.000	0.000	0	0	0	0	0	0	0	0	0	0	0
213	213	1650	1265.162	1009.318	252	378	538	342	101	202	479	573	316	51	108.778	125	114	112	111	110	109	107	106	105	104	97	105.302	123	109	107	106	105	105	104	104	103	102	96	0	0	0.000	0.000	0	0	0	0	0	0	0	0	0	0	0	0	0	0.000	0.000	0	0	0	0	0	0	0	0	0	0	0
214	214	1573	987.055	1012.847	847	383	195	94	39	829	380	201	107	40	123.060	191	151	131	126	122	118	115	112	110	107	99	124.766	280	190	130	114	111	109	108	107	105	104	98	0	0	0.000	0.000	0	0	0	0	0	0	0	0	0	0	0	0	0	0.000	0.000	0	0	0	0	0	0	0	0	0	0	0
215	215	1201	1212.716	1012.050	191	239	316	324	111	191	304	381	272	35	193.246	253	228	220	213	207	199	190	178	164	149	111	146.376	188	166	160	155	150	147	143	139	133	127	108	0	0	0.000	0.000	0	0	0	0	0	0	0	0	0	0	0	0	0	0.000	0.000	0	0	0	0	0	0	0	0	0	0	0
216	216	741	1558.677	1011.217	409	146	64	48	58	459	118	68	57	32	103.439	111	106	105	104	104	103	103	102	102	101	96	114.895	153	129	124	119	115	112	110	108	106	104	99	0	0	0.000	0.000	0	0	0	0	0	0	0	0	0	0	0	0	0	0.000	0.000	0	0	0	0	0	0	0	0	0	0	0
217	217	1912	802.409	1020.051	396	603	632	214	25	294	605	605	295	67	269.570	393	346	324	304	287	273	260	246	219	180	123	109.999	135	119	114	111	109	108	107	106	106	104	98	0	0	0.000	0.000	0	0	0	0	0	0	0	0	0	0	0	0	0	0.000	0.000	0	0	0	0	0	0	0	0	0	0	0
218	218	794	126.885	1013.937	105	142	227	234	71	89	176	256	198	59	211.873	277	257	248	241	233	224	213	193	172	145	116	106.830	120	112	110	108	107	106	105	105	104	102	98	0	0	0.000	0.000	0	0	0	0	0	0	0	0	0	0	0	0	0	0.000	0.000	0	0	0	0	0	0	0	0	0	0	0
219	219	895	1437.114	1015.259	129	228	229	232	55	109	224	262	212	65	234.695	319	286	274	262	253	243	234	222	200	158	116	133.488	172	149	146	143	140	137	133	128	118	110	100	0	0	0.000	0.000	0	0	0	0	0	0	0	0	0	0	0	0	0	0.000	0.000	0	0	0	0	0	0	0	0	0	0	0
220	220	1921	1641.860	1024.525	244	434	644	442	125	248	585	648	384	26	112.928	126	119	117	115	114	113	112	111	109	107	100	252.926	356	316	300	286	270	254	239	224	211	188	121	0	0	0.000	0.000	0	0	0	0	0	0	0	0	0	0	0	0	0	0.000	0.000	0	0	0	0	0	0	0	0	0	0	0
221	221	1434	85.385	1017.867	175	357	498	287	95	135	440	515	225	76	212.126	311	257	247	239	229	220	211	196	176	150	114	108.068	132	115	112	109	108	107	106	105	104	103	95	0	0	0.000	0.000	0	0	0	0	0	0	0	0	0	0	0	0	0	0.000	0.000	0	0	0	0	0	0	0	0	0	0	0
222	222	1757	1321.154	1046.023	399	602	538	162	20	377	667	507	166	11	693.582	12741	813	487	447	403	377	358	341	306	246	140	179.054	1603	194	156	149	146	142	139	134	129	121	103	1	74	1310.230	1050.130	0	0	0	5946	0	0	0	837	0	0	0	1	74	1310.229	1049.786	0	0	0	5946	0	0	0	837	0	0	0
223	223	1955	762.333	1047.575	198	641	706	324	43	179	661	677	337	66	376.913	9224	380	205	187	178	170	162	155	145	132	103	192.750	1049	222	207	196	185	175	167	158	150	136	108	1	76	771.540	1041.243	0	0	0	3873	0	0	0	544	0	0	0	1	54	771.306	1040.901	0	0	0	4836	0	0	0	670	0	0	0
224	224	1950	1709.189	1048.141	346	555	640	336	28	293	595	673	323	33	114.635	135	122	120	118	116	115	113	112	109	107	98	104.564	122	108	107	106	105	104	104	103	103	102	93	0	0	0.000	0.000	0	0	0	0	0	0	0	0	0	0	0	0	0	0.000	0.000	0	0	0	0	0	0	0	0	0	0	0
225	225	677	1605.486	1052.133	195	174	167	106	22	146	250	184	76	9	297.662	504	431	394	351	320	292	269	242	213	170	117	108.236	120	112	111	110	109	108	107	106	105	104	99	0	0	0.000	0.000	0	0	0	0	0	0	0	0	0	0	0	0	0	0.000	0.000	0	0	0	0	0	0	0	0	0	0	0
226	226	1705	822.880	1073.638	328	444	508	328	71	352	515	486	274	49	424.021	618	517	482	461	440	426	414	397	373	321	166	110.698	127	117	114	113	111	110	109	108	107	106	100	0	0	0.000	0.000	0	0	0	0	0	0	0	0	0	0	0	0	0	0.000	0.000	0	0	0	0	0	0	0	0	0	0	0
227	227	1414	1831.917	1073.637	647	350	195	140	57	607	365	237	117	65	103.416	115	107	105	105	104	103	103	102	101	100	95	103.799	115	107	106	105	104	104	103	102	102	101	95	0	0	0.000	0.000	0	0	0	0	0	0	0	0	0	0	0	0	0	0.000	0.000	0	0	0	0	0	0	0	0	0	0	0
228	228	1561	1629.248	1079.474	154	350	519	407	98	193	476	517	294	51	299.707	5269	312	277	262	248	228	208	192	177	161	114	155.599	1354	165	155	149	145	141	137	133	128	121	102	1	50	1624.684	1064.429	0	0	0	2448	0	0	0	549	0	0	0	1	40	1625.804	1063.272	0	0	0	1719	0	0	0	710	0	0	0
229	229	1874	1356.926	1091.929	453	588	485	244	75	405	584	526	273	58	119.900	146	133	129	125	123	120	117	114	111	107	97	105.149	116	109	107	106	106	105	104	104	103	102	95	0	0	0.000	0.000	0	0	0	0	0	0	0	0	0	0	0	0	0	0.000	0.000	0	0	0	0	0	0	0	0	0	0	0
230	230	1111	1103.734	1090.577	228	346	366	140	10	165	322	330	226	48	265.349	384	338	314	300	285	271	253	237	213	186	133	108.050	121	113	111	110	109	108	107	106	105	103	97	0	0	0.000	0.000	0	0	0	0	0	0	0	0	0	0	0	0	0	0.000	0.000	0	0	0	0	0	0	0	0	0	0	0
231	231	1253	1929.774	1093.874	314	325	327	204	66	340	439	347	87	14	109.737	122	115	113	112	111	110	109	107	106	104	97	148.726	198	173	163	157	152	148	143	139	134	127	105	0	0	0.000	0.000	0	0	0	0	0	0	0	0	0	0	0	0	0	0.000	0.000	0	0	0	0	0	0	0	0	0	0	0
232	232	1647	202.475	1096.129	264	314	441	489	112	260	436	507	384	36	770.094	1188	1086	1026	954	892	826	737	622	498	369	203	106.414	118	111	109	108	107	106	105	104	103	102	96	0	0	0.000	0.000	0	0	0	0	0	0	0	0	0	0	0	0	0	0.000	0.000	0	0	0	0	0	0	0	0	0	0	0
233	233	1286	1479.378	1096.211	256	336	399	237	33	202	425	400	215	29	171.334	222	196	190	184	180	176	171	165	154	137	107	200.107	256	234	227	221	214	208	200	191	175	149	109	0	0	0.000	0.000	0	0	0	0	0	0	0	0	0	0	0	0	0	0.000	0.000	0	0	0	0	0	0	0	0	0	0	0
234	234	1510	1798.434	1102.017	280	439	475	262	31	221	517	476	240	32	107.712	119	112	111	110	109	108	107	106	105	103	97	107.294	122	113	110	109	108	107	106	105	104	103	97	0	0	0.000	0.000	0	0	0	0	0	0	0	0	0	0	0	0	0	0.000	0.000	0	0	0	0	0	0	0	0	0	0	0
235	235	1605	1859.283	1103.425	301	454	409	329	84	341	469	440	263	63	110.406	123	116	115	113	112	111	109	108	106	104	94	106.563	124	111	109	108	107	106	105	105	104	102	96	0	0	0.000	0.000	0	0	0	0	0	0	0	0	0	0	0	0	0	0.000	0.000	0	0	0	0	0	0	0	0	0	0	0
236	236	2041	136.061	1119.754	380	688	653	261	17	489	774	573	146	11	108.030	120	113	111	110	109	108	107	106	105	104	96	140.766	188	165	157	150	144	140	136	131	125	118	102	0	0	0.000	0.000	0	0	0	0	0	0	0	0	0	0	0	0	0	0.000	0.000	0	0	0	0	0	0	0	0	0	0	0
237	237	1991	248.006	1125.990	283	486	610	449	128	284	548	615	404	112	764.239	1302	1040	976	930	888	836	767	661	537	367	139	106.526	121	112	110	108	107	106	105	104	104	102	97	0	0	0.000	0.000	0	0	0	0	0	0	0	0	0	0	0	0	0	0.000	0.000	0	0	0	0	0	0	0	0	0	0	0
238	238	1668	386.755	1121.345	240	426	514	396	64	311	550	532	231	12	116.259	138	124	122	120	118	117	115	113	110	107	98	107.447	125	113	111	109	108	107	106	105	104	103	96	0	0	0.000	0.000	0	0	0	0	0	0	0	0	0	0	0	0	0	0.000	0.000	0	0	0	0	0	0	0	0	0	0	0
239	239	1844	901.850	1125.789	413	890	413	81	14	374	759	498	157	20	107.490	118	112	110	109	108	107	107	106	104	103	97	140.862	176	158	154	150	145	141	138	134	129	121	102	0	0	0.000	0.000	0	0	0	0	0	0	0	0	0	0	0	0	0	0.000	0.000	0	0	0	0	0	0	0	0	0	0	0
240	240	1826	1604.074	1131.397	393	452	613	263	75	317	555	587	262	63	230.328	324	281	268	257	248	239	230	217	191	158	113	141.488	180	161	156	152	148	143	139	134	127	117	102	0	0	0.000	0.000	0	0	0	0	0	0	0	0	0	0	0	0	0	0.000	0.000	0	0	0	0	0	0	0	0	0	0	0
241	241	1099	724.939	1123.891	184	218	313	304	57	164	281	367	250	18	204.744	295	264	245	229	217	207	195	181	162	145	111	104.006	113	107	106	105	104	104	103	103	102	101	96	0	0	0.000	0.000	0	0	0	0	0	0	0	0	0	0	0	0	0	0.000	0.000	0	0	0	0	0	0	0	0	0	0	0
242	242	1896	1129.814	1132.069	437	727	551	137	16	453	697	507	195	8	266.749	369	323	307	297	288	279	267	250	224	186	119	109.823	130	116	113	112	111	110	108	107	106	105	98	0	0	0.000	0.000	0	0	0	0	0	0	0	0	0	0	0	0	0	0.000	0.000	0	0	0	0	0	0	0	0	0	0	0
243	243	786	1079.696	1124.824	292	278	126	57	15	306	332	101	34	7	124.331	172	148	139	134	128	123	118	112	107	104	95	380.996	811	674	600	505	440	386	298	206	149	122	103	0	0	0.000	0.000	0	0	0	0	0	0	0	0	0	0	0	0	0	0.000	0.000	0	0	0	0	0	0	0	0	0	0	0
244	244	515	174.115	1137.904	109	165	138	69	25	109	201	138	49	12	106.522	116	110	109	108	107	106	106	105	104	103	98	143.159	172	157	153	150	147	144	140	137	133	129	115	0	0	0.000	0.000	0	0	0	0	0	0	0	0	0	0	0	0	0	0.000	0.000	0	0	0	0	0	0	0	0	0	0	0
245	245	1964	432.780	1155.969	249	503	640	435	95	269	563	626	408	59	114.822	135	122	120	118	117	115	114	112	110	106	98	107.433	122	113	111	109	108	107	106	105	104	103	98	0	0	0.000	0.000	0	0	0	0	0	0	0	0	0	0	0	0	0	0.000	0.000	0	0	0	0	0	0	0	0	0	0	0
246	246	1918	862.888	1158.904	337	641	633	255	19	246	538	674	352	68	108.902	121	113	112	111	110	109	108	107	106	104	99	145.547	189	166	159	154	149	146	142	138	133	124	101	0	0	0.000	0.000	0	0	0	0	0	0	0	0	0	0	0	0	0	0.000	0.000	0	0	0	0	0	0	0	0	0	0	0
247	247	1781	1038.173	1160.360	514	458	470	267	42	374	538	437	326	64	514.449	13064	611	271	211	189	175	162	150	137	123	104	266.129	1943	347	299	270	251	230	207	183	158	127	105	1	85	1041.036	1160.620	0	0	0	5285	0	0	0	757	0	0	0	1	68	1041.190	1159.010	0	0	0	3305	0	0	0	1153	0	0	0
248	248	674	975.212	1154.475	253	145	146	100	17	239	228	133	56	12	109.105	130	116	114	112	110	109	107	106	105	103	99	192.964	277	250	234	224	211	199	184	168	146	125	107	0	0	0.000	0.000	0	0	0	0	0	0	0	0	0	0	0	0	0	0.000	0.000	0	0	0	0	0	0	0	0	0	0	0
249	249	994	1869.787	1163.878	366	236	177	140	63	308	297	211	125	40	109.888	128	117	115	113	111	110	108	107	105	103	95	106.203	119	110	109	108	107	106	105	104	103	102	97	0	0	0.000	0.000	0	0	0	0	0	0	0	0	0	0	0	0	0	0.000	0.000	0	0	0	0	0	0	0	0	0	0	0
250	250	1550	1085.813	1167.889	241	500	495	251	28	163	541	491	303	27	180.530	237	212	205	199	192	185	176	166	156	142	111	276.928	404	365	344	323	305	284	261	238	211	181	114	0	0	0.000	0.000	0	0	0	0	0	0	0	0	0	0	0	0	0	0.000	0.000	0	0	0	0	0	0	0	0	0	0	0
251	251	1897	277.390	1179.175	402	476	558	374	51	328	530	585	372	46	697.661	1180	972	901	839	774	715	654	601	493	367	178	137.385	178	159	153	148	143	138	134	129	123	112	98	0	0	0.000	0.000	0	0	0	0	0	0	0	0	0	0	0	0	0	0.000	0.000	0	0	0	0	0	0	0	0	0	0	0
252	252	1110	1793.081	1174.707	297	287	265	170	65	293	375	320	91	13	297.992	461	391	363	342	321	305	287	264	237	197	120	107.194	124	113	110	109	107	106	106	105	104	103	98	0	0	0.000	0.000	0	0	0	0	0	0	0	0	0	0	0	0	0	0.000	0.000	0	0	0	0	0	0	0	0	0	0	0
253	253	2141	701.214	1185.449	469	442	631	412	156	429	614	619	372	68	462.724	700	616	571	530	497	474	446	411	367	283	141	147.855	195	168	162	157	154	150	147	142	134	121	101	0	0	0.000	0.000	0	0	0	0	0	0	0	0	0	0	0	0	0	0.000	0.000	0	0	0	0	0	0	0	0	0	0	0
254	254	1699	1129.181	1188.391	253	371	601	371	78	263	557	604	227	11	306.537	453	395	367	347	329	314	296	273	242	209	138	110.654	130	117	114	112	111	110	109	108	107	105	97	0	0	0.000	0.000	0	0	0	0	0	0	0	0	0	0	0	0	0	0.000	0.000	0	0	0	0	0	0	0	0	0	0	0
255	255	1884	1616.986	1188.606	393	613	648	180	14	322	499	584	381	50	784.634	1332	1144	989	901	838	790	749	687	577	410	176	137.816	177	159	152	147	142	136	131	128	124	119	106	0	0	0.000	0.000	0	0	0	0	0	0	0	0	0	0	0	0	0	0.000	0.000	0	0	0	0	0	0	0	0	0	0	0
256	256	1539	1553.265	1184.736	190	498	513	251	63	154	563	601	184	10	110.224	127	115	114	112	111	110	109	108	107	105	100	254.155	338	314	296	280	269	260	250	235	211	184	135	0	0	0.000	0.000	0	0	0	0	0	0	0	0	0	0	0	0	0	0.000	0.000	0	0	0	0	0	0	0	0	0	0	0
257	257	1851	759.401	1192.831	380	374	563	377	114	300	494	607	356	62	581.345	890	775	729	693	662	629	591	516	418	304	138	158.717	211	185	178	173	167	161	155	148	139	128	106	0	0	0.000	0.000	0	0	0	0	0	0	0	0	0	0	0	0	0	0.000	0.000	0	0	0	0	0	0	0	0	0	0	0
258	258	2085	1501.695	1193.629	375	782	672	202	12	294	822	733	182	13	109.565	131	115	113	112	111	109	108	107	106	105	98	259.284	403	346	320	297	276	261	247	231	206	161	107	0	0	0.000	0.000	0	0	0	0	0	0	0	0	0	0	0	0	0	0.000	0.000	0	0	0	0	0	0	0	0	0	0	0
259	259	1829	233.818	1212.187	183	641	655	265	40	184	724	621	228	34	248.391	4451	268	211	196	186	176	167	158	149	137	106	129.945	468	140	133	130	127	124	121	118	115	111	100	1	48	242.536	1212.186	0	0	0	2012	0	0	0	285	0	0	0	1	47	243.026	1212.237	0	0	0	2012	0	0	0	288	0	0	0
260	260	1433	1799.794	1217.669	254	334	423	300	95	241	450	445	240	34	426.321	644	560	518	484	457	438	415	393	361	259	113	108.720	135	118	114	111	109	107	106	105	104	102	95	0	0	0.000	0.000	0	0	0	0	0	0	0	0	0	0	0	0	0	0.000	0.000	0	0	0	0	0	0	0	0	0	0	0
261	261	638	147.827	1217.092	133	146	162	151	32	83	241	198	87	19	147.426	185	166	162	158	154	150	146	141	134	122	105	118.437	135	129	126	123	121	119	117	114	110	107	98	0	0	0.000	0.000	0	0	0	0	0	0	0	0	0	0	0	0	0	0.000	0.000	0	0	0	0	0	0	0	0	0	0	0
262	262	2214	284.116	1238.454	570	787	673	126	24	573	906	614	77	15	813.843	7314	1003	944	901	862	807	723	596	433	250	113	150.717	837	161	154	149	145	141	136	130	122	112	100	1	46	272.307	1253.854	0	0	0	4618	0	0	0	577	0	0	0	1	63	272.555	1253.156	0	0	0	3655	0	0	0	486	0	0	0
263	263	981	1376.936	1225.111	225	292	278	144	21	141	377	283	140	31	111.181	125	118	115	114	112	111	110	109	107	105	99	164.958	230	201	190	178	171	162	155	149	144	134	113	0	0	0.000	0.000	0	0	0	0	0	0	0	0	0	0	0	0	0	0.000	0.000	0	0	0	0	0	0	0	0	0	0	0
264	264	2134	1588.311	1237.354	490	638	646	280	51	355	651	669	355	49	756.398	1192	1040	994	955	908	831	729	622	514	334	118	143.537	182	164	159	154	150	145	140	134	128	120	102	0	0	0.000	0.000	0	0	0	0	0	0	0	0	0	0	0	0	0	0.000	0.000	0	0	0	0	0	0	0	0	0	0	0
265	265	1257	1723.557	1235.648	245	419	342	152	67	276	385	344	163	64	684.578	9015	715	671	644	622	602	578	547	512	427	197	162.791	1254	166	159	156	153	150	148	145	138	131	108	0	0	0.000	0.000	0	0	0	0	0	0	0	0	0	0	0	0	0	0.000	0.000	0	0	0	0	0	0	0	0	0	0	0
266	266	1085	347.024	1245.478	345	279	236	168	41	318	315	294	122	22	106.520	123	112	110	108	107	106	105	104	103	102	98	127.218	164	148	142	135	131	127	123	118	112	107	100	0	0	0.000	0.000	0	0	0	0	0	0	0	0	0	0	0	0	0	0.000	0.000	0	0	0	0	0	0	0	0	0	0	0
267	267	2120	890.496	1252.534	305	520	643	448	168	321	710	647	356	45	950.377	12869	1147	861	784	730	691	650	582	480	373	157	226.203	2700	264	192	179	172	166	159	152	143	130	109	1	82	896.538	1246.429	0	0	0	6557	0	0	0	1298	0	0	0	1	85	896.127	1246.089	0	0	0	6248	0	0	0	1261	0	0	0
268	268	1644	1083.842	1255.494	254	354	536	378	98	248	409	575	278	107	108.370	125	113	112	110	109	108	107	106	105	103	93	174.682	236	209	199	192	184	176	168	160	151	138	104	0	0	0.000	0.000	0	0	0	0	0	0	0	0	0	0	0	0	0	0.000	0.000	0	0	0	0	0	0	0	0	0	0	0
269	269	1081	146.324	1258.873	133	241	381	268	37	122	284	408	220	33	384.793	619	527	483	446	418	389	356	327	283	244	113	128.324	168	143	138	134	131	128	125	122	119	115	105	0	0	0.000	0.000	0	0	0	0	0	0	0	0	0	0	0	0	0	0.000	0.000	0	0	0	0	0	0	0	0	0	0	0
270	270	1575	1824.930	1268.295	211	440	556	288	49	203	453	561	278	54	253.347	349	310	296	283	274	262	249	234	217	182	112	105.528	122	109	108	107	106	105	105	104	103	102	98	0	0	0.000	0.000	0	0	0	0	0	0	0	0	0	0	0	0	0	0.000	0.000	0	0	0	0	0	0	0	0	0	0	0
271	271	919	245.841	1265.951	324	269	220	75	20	262	283	209	130	23	481.072	761	664	618	583	541	501	456	407	339	266	147	258.996	381	345	330	314	294	279	264	229	174	130	109	0	0	0.000	0.000	0	0	0	0	0	0	0	0	0	0	0	0	0	0.000	0.000	0	0	0	0	0	0	0	0	0	0	0
272	272	1704	1774.446	1274.651	583	394	347	300	47	579	400	389	257	46	265.184	437	381	353	326	297	272	244	209	170	136	107	105.555	118	110	108	107	106	105	104	104	103	102	96	0	0	0.000	0.000	0	0	0	0	0	0	0	0	0	0	0	0	0	0.000	0.000	0	0	0	0	0	0	0	0	0	0	0
273	273	1373	510.375	1276.250	337	329	326	256	100	327	355	321	292	50	180.574	241	208	200	193	188	183	179	173	164	145	111	128.765	161	143	139	136	133	130	128	124	118	109	100	0	0	0.000	0.000	0	0	0	0	0	0	0	0	0	0	0	0	0	0.000	0.000	0	0	0	0	0	0	0	0	0	0	0
274	274	1997	563.631	1278.740	297	549	782	290	52	325	744	668	205	16	372.590	6935	383	290	268	255	244	229	213	193	166	113	173.470	1455	180	166	159	153	147	141	135	129	121	104	1	62	574.121	1269.408	0	0	0	3312	0	0	0	505	0	0	0	1	71	575.096	1269.784	0	0	0	2992	0	0	0	739	0	0	0
275	275	979	1520.732	1279.852	189	361	311	88	11	106	270	357	185	46	109.263	119	114	112	111	110	109	108	107	106	105	99	263.993	368	333	319	305	291	274	256	233	209	179	121	0	0	0.000	0.000	0	0	0	0	0	0	0	0	0	0	0	0	0	0.000	0.000	0	0	0	0	0	0	0	0	0	0	0
276	276	1462	628.232	1285.412	201	434	451	287	60	224	397	483	268	55	164.966	212	189	183	179	174	168	163	156	146	134	110	150.259	200	177	169	162	155	150	144	139	134	125	103	0	0	0.000	0.000	0	0	0	0	0	0	0	0	0	0	0	0	0	0.000	0.000	0	0	0	0	0	0	0	0	0	0	0
277	277	2090	1442.377	1293.750	396	583	596	363	124	370	656	600	349	75	113.979	129	121	119	117	116	115	113	111	109	106	97	179.737	254	222	214	206	195	184	172	159	145	128	105	0	0	0.000	0.000	0	0	0	0	0	0	0	0	0	0	0	0	0	0.000	0.000	0	0	0	0	0	0	0	0	0	0	0
278	278	2616	801.972	1308.885	652	688	787	408	36	479	685	776	537	94	1585.542	25650	2442	633	404	324	282	251	224	190	159	115	322.917	3986	461	209	173	156	147	140	133	127	118	102	1	252	798.598	1307.821	0	0	0	12622	0	0	0	1564	0	0	0	1	214	799.040	1308.145	0	0	0	15578	0	0	0	1992	0	0	0
279	279	1950	1562.269	1305.456	359	523	501	383	134	368	678	610	239	29	334.258	474	423	407	391	375	356	335	298	257	204	119	108.946	126	116	113	111	109	108	107	106	105	104	98	0	0	0.000	0.000	0	0	0	0	0	0	0	0	0	0	0	0	0	0.000	0.000	0	0	0	0	0	0	0	0	0	0	0
280	280	1514	858.567	1311.502	142	322	518	414	90	129	390	539	384	34	660.579	1075	930	846	791	737	689	629	563	475	356	152	168.835	235	207	194	185	176	168	161	155	145	132	104	0	0	0.000	0.000	0	0	0	0	0	0	0	0	0	0	0	0	0	0.000	0.000	0	0	0	0	0	0	0	0	0	0	0
281	281	1629	210.015	1315.307	102	386	657	355	101	120	442	664	315	57	124.165	146	133	130	128	127	125	123	120	118	114	102	198.805	281	243	230	220	210	200	192	183	172	151	108	0	0	0.000	0.000	0	0	0	0	0	0	0	0	0	0	0	0	0	0.000	0.000	0	0	0	0	0	0	0	0	0	0	0
282	282	1129	257.173	1310.768	190	303	349	185	69	233	416	335	113	13	117.934	148	127	124	122	120	118	117	114	112	108	99	176.277	248	216	206	197	188	179	170	160	147	129	108	0	0	0.000	0.000	0	0	0	0	0	0	0	0	0	0	0	0	0	0.000	0.000	0	0	0	0	0	0	0	0	0	0	0
283	283	2251	592.064	1318.670	523	633	619	395	46	469	631	625	419	57	583.550	16921	564	271	222	206	197	189	178	158	128	104	222.834	2658	243	202	183	173	166	161	153	139	122	100	1	87	589.954	1304.765	0	0	0	7619	0	0	0	1298	0	0	0	1	83	589.972	1304.319	0	0	0	7619	0	0	0	1388	0	0	0
284	284	2666	1355.926	1330.791	410	755	868	503	85	367	860	915	427	42	1107.631	22808	1367	328	228	209	195	186	175	157	137	104	423.167	5169	501	345	313	290	265	241	216	195	162	105	1	197	1353.528	1339.358	0	0	0	10622	0	0	0	2061	0	0	0	1	154	1353.571	1339.008	0	0	0	14415	0	0	0	2723	0	0	0
285	285	2249	1519.545	1335.203	592	707	698	186	27	503	739	689	242	33	114.026	141	126	120	116	114	112	111	109	108	106	97	697.727	1208	1012	939	880	811	731	625	543	442	329	131	0	0	0.000	0.000	0	0	0	0	0	0	0	0	0	0	0	0	0	0.000	0.000	0	0	0	0	0	0	0	0	0	0	0
286	286	1465	1590.733	1347.824	283	450	433	222	40	244	460	451	234	53	340.342	508	441	411	391	375	356	334	305	268	213	126	106.524	120	110	109	108	107	106	106	105	104	103	99	0	0	0.000	0.000	0	0	0	0	0	0	0	0	0	0	0	0	0	0.000	0.000	0	0	0	0	0	0	0	0	0	0	0
287	287	2888	759.632	1354.212	783	535	776	552	199	726	788	747	511	59	268.267	3856	293	280	268	256	244	232	217	197	168	117	145.195	558	161	155	151	147	143	140	135	129	122	103	1	43	739.055	1340.572	0	0	0	1756	0	0	0	315	0	0	0	1	35	739.350	1340.969	0	0	0	2056	0	0	0	359	0	0	0
288	288	2578	1901.592	1360.068	746	836	719	228	23	662	836	739	255	32	114.561	137	125	121	119	116	114	112	110	107	105	99	242.472	350	307	293	282	270	258	238	216	187	155	105	0	0	0.000	0.000	0	0	0	0	0	0	0	0	0	0	0	0	0	0.000	0.000	0	0	0	0	0	0	0	0	0	0	0
289	289	1502	821.266	1382.769	262	543	406	218	30	200	514	441	274	51	177.765	926	204	192	186	180	175	168	159	145	123	105	133.513	216	154	150	146	141	136	130	124	114	107	98	1	27	820.269	1372.023	0	0	0	453	0	0	0	154	0	0	0	0	0	0.000	0.000	0	0	0	0	0	0	0	0	0	0	0
290	290	1499	172.217	1400.824	385	696	328	34	25	473	816	153	21	11	139.485	1056	150	145	141	139	136	133	130	126	120	105	160.486	233	190	182	173	166	159	153	147	141	133	105	0	0	0.000	0.000	0	0	0	0	0	0	0	0	0	0	0	0	0	0.000	0.000	0	0	0	0	0	0	0	0	0	0	0
291	291	2678	1423.084	1406.916	1462	396	316	329	155	1411	387	347	313	187	149.763	410	221	187	159	141	130	124	118	114	110	99	111.200	139	123	118	114	111	109	107	106	105	104	98	0	0	0.000	0.000	0	0	0	0	0	0	0	0	0	0	0	0	0	0.000	0.000	0	0	0	0	0	0	0	0	0	0	0
292	292	1639	225.799	1400.680	308	451	391	295	158	261	445	459	295	150	1147.067	11681	3412	936	479	337	282	240	213	190	167	123	291.861	1802	628	255	205	186	174	165	157	147	134	107	1	227	226.362	1398.305	0	0	0	5340	0	0	0	928	0	0	0	1	204	226.867	1398.517	0	0	0	5988	0	0	0	1049	0	0	0
293	293	1547	1177.927	1403.691	219	417	444	338	95	211	523	520	222	45	457.800	685	616	580	547	511	474	436	390	335	272	156	148.787	200	175	167	162	155	149	142	136	130	123	105	0	0	0.000	0.000	0	0	0	0	0	0	0	0	0	0	0	0	0	0.000	0.000	0	0	0	0	0	0	0	0	0	0	0
294	294	739	1822.609	1394.523	148	201	177	140	56	120	207	223	141	39	559.171	911	763	705	639	594	565	541	501	431	327	192	145.468	190	167	161	157	152	147	142	136	130	120	104	0	0	0.000	0.000	0	0	0	0	0	0	0	0	0	0	0	0	0	0.000	0.000	0	0	0	0	0	0	0	0	0	0	0
295	295	1745	862.826	1414.769	229	457	585	373	75	226	471	585	364	66	369.268	8392	405	235	210	199	190	180	168	155	139	110	159.999	958	184	167	157	149	142	135	130	125	119	105	1	66	867.950	1405.771	0	0	0	3250	0	0	0	461	0	0	0	1	57	868.303	1406.250	0	0	0	3968	0	0	0	532	0	0	0
296	296	2155	294.947	1436.774	450	833	662	149	24	454	782	637	212	21	2361.445	25837	8653	1381	473	268	209	189	178	164	150	112	568.269	5357	1699	402	212	181	171	164	158	150	134	106	1	334	298.847	1437.293	0	0	0	12756	0	0	0	2411	0	0	0	1	305	298.791	1437.661	0	0	0	14174	0	0	0	2630	0	0	0
297	297	2372	1547.919	1438.735	634	690	536	408	72	639	809	587	278	16	153.154	199	176	168	163	158	155	151	146	139	126	101	152.669	200	178	172	166	161	155	147	139	133	124	104	0	0	0.000	0.000	0	0	0	0	0	0	0	0	0	0	0	0	0	0.000	0.000	0	0	0	0	0	0	0	0	0	0	0
298	298	1707	405.588	1443.839	371	455	499	293	64	336	538	503	249	48	281.704	408	362	345	331	315	296	274	247	215	173	117	106.112	124	111	109	107	106	105	105	104	103	102	97	0	0	0.000	0.000	0	0	0	0	0	0	0	0	0	0	0	0	0	0.000	0.000	0	0	0	0	0	0	0	0	0	0	0
299	299	1354	201.468	1459.564	281	405	334	230	79	311	463	365	174	12	196.852	2011	202	190	183	178	172	167	159	148	135	109	153.685	384	177	167	161	155	150	145	141	136	127	107	1	31	197.763	1451.861	0	0	0	1015	0	0	0	228	0	0	0	1	18	196.518	1453.181	0	0	0	922	0	0	0	309	0	0	0
300	300	691	1441.366	1457.066	296	192	118	54	27	304	238	90	39	13	124.657	156	140	136	131	128	124	121	117	113	109	99	355.258	623	510	472	433	391	355	320	282	239	192	134	0	0	0.000	0.000	0	0	0	0	0	0	0	0	0	0	0	0	0	0.000	0.000	0	0	0	0	0	0	0	0	0	0	0
301	301	2136	515.722	1472.302	379	644	679	345	44	302	710	658	336	94	496.573	10902	465	335	312	294	273	255	235	214	178	119	163.831	1451	164	151	145	142	139	136	133	126	119	104	1	80	500.567	1475.336	0	0	0	5127	0	0	0	665	0	0	0	1	72	500.397	1474.906	0	0	0	5698	0	0	0	772	0	0	0
302	302	1452	1831.746	1474.369	255	463	416	232	62	322	541	382	153	18	1685.357	22577	2364	895	751	685	634	593	561	506	398	218	315.894	4017	410	196	170	163	156	150	143	137	130	110	1	173	1824.029	1477.014	0	0	0	11020	0	0	0	1686	0	0	0	1	151	1823.826	1476.934	0	0	0	12775	0	0	0	1925	0	0	0
303	303	1078	1595.529	1471.760	284	266	304	175	32	241	329	332	131	21	130.065	161	144	141	138	135	132	128	123	118	113	102	308.897	477	400	376	357	341	324	300	270	238	196	118	0	0	0.000	0.000	0	0	0	0	0	0	0	0	0	0	0	0	0	0.000	0.000	0	0	0	0	0	0	0	0	0	0	0
304	304	1731	1795.446	1478.942	947	370	207	147	40	937	435	196	123	16	182.512	1308	239	212	185	163	145	131	123	115	109	101	114.172	279	122	117	114	112	110	109	107	106	104	97	0	0	0.000	0.000	0	0	0	0	0	0	0	0	0	0	0	0	0	0.000	0.000	0	0	0	0	0	0	0	0	0	0	0
305	305	1925	1092.874	1482.779	805	860	180	35	18	643	920	267	39	21	111.022	128	117	115	113	112	111	109	108	107	105	98	367.789	666	547	490	437	401	372	338	301	248	175	117	0	0	0.000	0.000	0	0	0	0	0	0	0	0	0	0	0	0	0	0.000	0.000	0	0	0	0	0	0	0	0	0	0	0
306	306	1563	464.688	1482.603	212	327	437	406	149	210	417	468	382	57	264.489	362	326	316	305	296	283	263	236	207	173	121	137.495	180	157	151	147	143	138	133	128	124	117	102	0	0	0.000	0.000	0	0	0	0	0	0	0	0	0	0	0	0	0	0.000	0.000	0	0	0	0	0	0	0	0	0	0	0
307	307	1626	1486.021	1495.044	165	373	546	411	99	163	389	586	385	81	763.983	1107	1004	955	902	856	798	733	670	582	468	166	191.644	260	236	226	215	204	194	182	170	158	146	106	0	0	0.000	0.000	0	0	0	0	0	0	0	0	0	0	0	0	0	0.000	0.000	0	0	0	0	0	0	0	0	0	0	0
308	308	1918	1019.469	1521.862	294	527	643	354	59	274	551	602	383	76	1169.654	19207	1856	456	308	286	268	254	237	209	173	120	308.654	3719	424	202	182	174	165	158	149	142	131	104	1	173	1019.847	1529.470	0	0	0	8703	0	0	0	1444	0	0	0	1	140	1020.062	1529.416	0	0	0	11375	0	0	0	1779	0	0	0
309	309	892	1063.897	1512.405	133	277	297	148	22	129	365	280	86	15	218.815	310	267	249	241	231	222	214	202	189	164	116	159.883	202	185	178	173	167	161	156	150	142	132	109	0	0	0.000	0.000	0	0	0	0	0	0	0	0	0	0	0	0	0	0.000	0.000	0	0	0	0	0	0	0	0	0	0	0
310	310	2662	1756.862	1527.358	945	762	578	273	65	923	865	595	213	26	120.762	145	131	128	126	123	121	119	116	113	110	101	1444.444	2571	2221	2059	1928	1749	1572	1312	1049	757	464	186	0	0	0.000	0.000	0	0	0	0	0	0	0	0	0	0	0	0	0	0.000	0.000	0	0	0	0	0	0	0	0	0	0	0
311	311	1140	1452.557	1525.237	90	328	403	240	57	85	385	452	164	33	933.425	1481	1347	1226	1105	1001	915	854	770	671	549	271	107.843	122	113	111	110	108	108	107	106	105	103	98	0	0	0.000	0.000	0	0	0	0	0	0	0	0	0	0	0	0	0	0.000	0.000	0	0	0	0	0	0	0	0	0	0	0
312	312	1909	964.053	1543.478	199	445	624	494	107	239	669	686	257	16	286.990	5463	295	251	237	224	212	201	187	171	152	118	155.532	796	175	164	156	150	145	141	137	131	124	104	1	43	959.098	1533.636	0	0	0	2477	0	0	0	292	0	0	0	1	41	960.448	1533.622	0	0	0	1522	0	0	0	484	0	0	0
313	313	1046	1643.996	1543.808	195	376	307	129	20	155	362	356	128	25	721.094	1059	929	889	853	824	783	730	643	533	404	179	110.282	136	120	115	112	110	109	107	106	105	104	97	0	0	0.000	0.000	0	0	0	0	0	0	0	0	0	0	0	0	0	0.000	0.000	0	0	0	0	0	0	0	0	0	0	0
314	314	1788	1562.607	1547.820	555	582	376	207	43	563	630	394	156	17	1127.468	5170	1768	1514	1325	1175	1036	914	802	695	540	247	351.842	3464	465	393	352	314	286	265	244	220	189	125	1	26	1553.088	1542.845	0	0	0	3894	0	0	0	2447	0	0	0	1	49	1553.026	1542.790	0	0	0	2929	0	0	0	1797	0	0	0
315	315	628	1247.541	1559.345	94	157	181	138	44	74	186	203	133	21	612.376	1045	959	885	794	700	617	551	457	346	238	148	151.162	192	180	173	165	159	152	145	139	130	122	106	0	0	0.000	0.000	0	0	0	0	0	0	0	0	0	0	0	0	0	0.000	0.000	0	0	0	0	0	0	0	0	0	0	0
316	316	1577	1395.529	1567.100	163	408	552	333	94	132	463	568	295	84	310.031	7007	344	228	212	203	195	187	177	169	155	122	155.792	845	177	160	153	147	142	136	132	129	123	107	1	41	1407.125	1573.015	0	0	0	3089	0	0	0	419	0	0	0	1	43	1406.758	1573.553	0	0	0	2993	0	0	0	458	0	0	0
317	317	2067	444.569	1578.791	345	556	693	325	105	311	653	677	310	70	109.291	123	114	113	111	110	109	108	107	106	104	97	151.540	202	177	170	162	156	151	147	141	135	126	105	0	0	0.000	0.000	0	0	0	0	0	0	0	0	0	0	0	0	0	0.000	0.000	0	0	0	0	0	0	0	0	0	0	0
318	318	1724	1708.942	1594.225	200	427	628	387	47	188	498	564	356	77	338.218	8348	381	237	202	185	175	167	159	148	133	102	215.931	798	275	251	234	219	205	193	180	164	140	107	1	55	1700.454	1591.697	0	0	0	3534	0	0	0	415	0	0	0	1	40	1701.372	1590.476	0	0	0	2823	0	0	0	598	0	0	0
319	319	2107	947.396	1597.817	349	650	680	336	56	263	677	685	373	64	125.749	152	137	134	132	130	127	124	121	117	112	103	234.745	331	297	284	273	257	241	223	205	185	162	112	0	0	0.000	0.000	0	0	0	0	0	0	0	0	0	0	0	0	0	0.000	0.000	0	0	0	0	0	0	0	0	0	0	0
320	320	2071	1353.212	1602.901	296	499	689	421	112	259	578	730	392	75	1285.294	16367	1586	1063	895	817	762	719	664	601	445	195	207.146	2073	240	176	162	155	149	142	135	130	123	103	1	115	1346.676	1606.840	0	0	0	8274	0	0	0	982	0	0	0	1	103	1346.572	1606.645	0	0	0	9689	0	0	0	1074	0	0	0
321	321	2020	1806.234	1606.819	551	403	556	410	67	494	508	611	348	32	461.201	709	632	585	559	531	503	463	405	313	206	118	157.621	215	191	184	176	168	160	151	142	131	119	103	0	0	0.000	0.000	0	0	0	0	0	0	0	0	0	0	0	0	0	0.000	0.000	0	0	0	0	0	0	0	0	0	0	0
322	322	1514	800.712	1608.134	378	577	430	88	16	355	656	399	66	11	111.245	125	117	115	113	112	111	110	109	108	106	97	209.651	288	259	245	229	218	209	200	192	182	163	112	0	0	0.000	0.000	0	0	0	0	0	0	0	0	0	0	0	0	0	0.000	0.000	0	0	0	0	0	0	0	0	0	0	0
323	323	1501	1416.062	1613.846	225	422	477	303	47	241	542	452	218	19	512.159	9608	666	341	301	286	272	259	239	212	180	127	171.732	1502	194	155	148	142	137	133	129	124	117	104	1	68	1419.855	1619.125	0	0	0	4115	0	0	0	705	0	0	0	1	62	1419.818	1619.564	0	0	0	4440	0	0	0	718	0	0	0
324	324	1972	161.621	1616.813	468	545	491	332	96	400	667	542	287	52	112.008	124	117	115	114	113	112	111	110	109	107	101	208.196	281	249	238	231	224	216	206	192	175	154	112	0	0	0.000	0.000	0	0	0	0	0	0	0	0	0	0	0	0	0	0.000	0.000	0	0	0	0	0	0	0	0	0	0	0
325	325	1809	394.281	1621.674	283	508	532	409	44	164	468	631	410	106	106.955	118	111	110	109	108	107	106	105	104	103	97	132.289	165	151	147	141	137	132	127	123	119	114	102	0	0	0.000	0.000	0	0	0	0	0	0	0	0	0	0	0	0	0	0.000	0.000	0	0	0	0	0	0	0	0	0	0	0
326	326	773	1446.395	1637.393	113	144	203	213	80	75	167	245	215	56	241.233	300	274	267	262	256	251	244	232	219	196	123	132.538	161	145	141	138	135	132	130	128	124	120	105	0	0	0.000	0.000	0	0	0	0	0	0	0	0	0	0	0	0	0	0.000	0.000	0	0	0	0	0	0	0	0	0	0	0
327	327	1553	111.922	1643.796	314	382	410	302	110	294	467	400	317	48	934.271	1424	1268	1190	1126	1060	988	910	808	664	492	247	128.617	171	145	139	135	131	128	125	121	117	112	102	0	0	0.000	0.000	0	0	0	0	0	0	0	0	0	0	0	0	0	0.000	0.000	0	0	0	0	0	0	0	0	0	0	0
328	328	1362	683.098	1644.322	841	253	128	83	41	809	270	149	78	38	117.678	898	133	111	107	105	104	103	103	102	101	97	123.920	250	148	141	134	127	121	114	109	106	104	98	0	0	0.000	0.000	0	0	0	0	0	0	0	0	0	0	0	0	0	0.000	0.000	0	0	0	0	0	0	0	0	0	0	0
329	329	1462	776.323	1648.809	282	461	404	241	50	201	481	406	284	60	108.906	120	114	112	111	110	109	108	107	106	104	99	192.848	244	224	216	209	201	195	189	182	174	156	114	0	0	0.000	0.000	0	0	0	0	0	0	0	0	0	0	0	0	0	0.000	0.000	0	0	0	0	0	0	0	0	0	0	0
330	330	1302	724.475	1656.649	230	450	324	214	62	227	535	302	173	37	111.823	125	118	116	114	113	112	111	110	108	106	99	230.568	316	285	273	264	249	235	218	201	188	170	117	0	0	0.000	0.000	0	0	0	0	0	0	0	0	0	0	0	0	0	0.000	0.000	0	0	0	0	0	0	0	0	0	0	0
331	331	2137	1883.578	1668.157	1564	331	129	74	31	1485	259	226	121	41	104.940	114	109	107	106	106	105	104	103	103	101	95	103.828	122	107	105	105	104	104	103	103	102	101	96	0	0	0.000	0.000	0	0	0	0	0	0	0	0	0	0	0	0	0	0.000	0.000	0	0	0	0	0	0	0	0	0	0	0
332	332	1212	197.252	1657.316	425	412	303	53	6	333	353	344	125	34	110.137	124	116	114	112	111	110	109	108	106	105	99	194.941	279	233	217	209	202	196	190	183	173	155	117	0	0	0.000	0.000	0	0	0	0	0	0	0	0	0	0	0	0	0	0.000	0.000	0	0	0	0	0	0	0	0	0	0	0
333	333	552	439.712	1652.930	153	156	97	107	25	157	187	120	66	14	119.393	149	137	132	127	124	120	114	110	106	104	97	158.917	341	209	193	184	175	163	139	120	111	107	100	0	0	0.000	0.000	0	0	0	0	0	0	0	0	0	0	0	0	0	0.000	0.000	0	0	0	0	0	0	0	0	0	0	0
334	334	1662	152.151	1672.586	254	471	524	304	77	329	603	465	199	34	944.372	2799	1298	1185	1115	1052	987	892	784	697	489	167	131.298	219	147	141	138	135	132	129	125	119	113	101	0	0	0.000	0.000	0	0	0	0	0	0	0	0	0	0	0	0	0	0.000	0.000	0	0	0	0	0	0	0	0	0	0	0
335	335	1449	683.165	1682.266	221	489	477	187	46	190	596	497	116	29	368.803	9498	328	271	253	240	232	223	214	200	179	121	167.669	1350	176	167	162	157	153	148	143	139	132	111	0	0	0.000	0.000	0	0	0	0	0	0	0	0	0	0	0	0	0	0.000	0.000	0	0	0	0	0	0	0	0	0	0	0
336	336	2034	624.853	1700.673	432	622	535	304	98	384	729	547	289	50	670.455	12016	777	579	510	462	430	397	364	326	263	144	155.504	1230	165	144	138	135	131	129	126	121	116	102	1	67	635.187	1708.047	0	0	0	5685	0	0	0	678	0	0	0	1	70	635.124	1708.189	0	0	0	5624	0	0	0	677	0	0	0
337	337	1172	786.973	1724.004	456	352	262	68	19	403	453	233	49	14	118.549	139	128	125	123	121	119	117	115	111	108	100	111.129	130	118	115	113	112	110	109	108	107	106	100	0	0	0.000	0.000	0	0	0	0	0	0	0	0	0	0	0	0	0	0.000	0.000	0	0	0	0	0	0	0	0	0	0	0
338	338	935	683.185	1729.067	172	288	243	171	46	99	333	316	128	33	194.707	253	233	224	217	211	203	193	181	165	143	108	138.714	176	159	153	148	144	140	135	130	125	117	103	0	0	0.000	0.000	0	0	0	0	0	0	0	0	0	0	0	0	0	0.000	0.000	0	0	0	0	0	0	0	0	0	0	0
339	339	1408	880.681	1737.380	193	433	383	292	68	210	495	397	262	30	1808.184	2783	2556	2414	2301	2155	1949	1704	1431	1147	841	402	132.582	162	148	143	140	137	133	129	125	121	117	105	0	0	0.000	0.000	0	0	0	0	0	0	0	0	0	0	0	0	0	0.000	0.000	0	0	0	0	0	0	0	0	0	0	0
340	340	1969	1012.585	1740.956	338	531	616	413	33	330	668	709	209	13	165.133	216	193	185	179	173	168	162	156	145	131	105	189.545	263	232	221	210	201	192	183	172	158	142	108	0	0	0.000	0.000	0	0	0	0	0	0	0	0	0	0	0	0	0	0.000	0.000	0	0	0	0	0	0	0	0	0	0	0
341	341	2951	1906.585	1749.995	1523	549	376	315	154	1502	609	409	349	46	128.385	506	165	147	134	122	114	109	107	105	103	97	106.514	138	113	110	108	107	105	104	104	103	102	94	0	0	0.000	0.000	0	0	0	0	0	0	0	0	0	0	0	0	0	0.000	0.000	0	0	0	0	0	0	0	0	0	0	0
342	342	1163	822.309	1745.157	128	310	332	294	76	128	393	348	233	29	112.469	123	118	116	115	114	112	111	110	109	107	99	138.128	174	153	148	145	142	139	137	133	128	120	105	0	0	0.000	0.000	0	0	0	0	0	0	0	0	0	0	0	0	0	0.000	0.000	0	0	0	0	0	0	0	0	0	0	0
343	343	1521	616.134	1751.443	288	378	454	307	68	188	419	467	345	62	431.283	621	569	538	507	471	447	422	388	333	250	144	131.650	165	148	142	139	135	132	128	124	120	116	104	0	0	0.000	0.000	0	0	0	0	0	0	0	0	0	0	0	0	0	0.000	0.000	0	0	0	0	0	0	0	0	0	0	0
344	344	1931	141.769	1767.292	426	572	523	327	56	453	771	545	114	9	108.588	124	114	112	111	110	109	108	106	105	103	95	137.615	171	155	151	148	144	140	136	130	123	114	100	0	0	0.000	0.000	0	0	0	0	0	0	0	0	0	0	0	0	0	0.000	0.000	0	0	0	0	0	0	0	0	0	0	0
345	345	1836	1060.706	1768.312	320	517	523	352	98	285	726	586	183	20	356.113	8546	405	197	179	171	166	161	155	147	134	103	202.912	1231	228	208	197	190	183	175	167	161	145	108	1	72	1049.243	1774.383	0	0	0	3517	0	0	0	651	0	0	0	1	58	1049.015	1774.930	0	0	0	4184	0	0	0	717	0	0	0
346	346	1878	785.166	1778.413	312	564	562	354	47	243	665	572	328	32	111.157	127	117	115	114	112	111	110	109	107	105	96	141.034	183	159	153	150	146	143	139	135	128	119	104	0	0	0.000	0.000	0	0	0	0	0	0	0	0	0	0	0	0	0	0.000	0.000	0	0	0	0	0	0	0	0	0	0	0
347	347	2292	888.339	1792.118	243	532	806	539	132	170	567	922	469	120	1866.908	2977	2610	2455	2316	2177	1985	1723	1501	1269	953	317	129.266	160	145	140	136	133	129	125	121	118	113	102	0	0	0.000	0.000	0	0	0	0	0	0	0	0	0	0	0	0	0	0.000	0.000	0	0	0	0	0	0	0	0	0	0	0
348	348	1984	199.048	1793.464	294	605	569	403	85	365	766	551	248	14	109.058	122	114	113	111	110	109	108	107	105	103	96	141.107	178	161	155	151	147	142	138	132	126	119	101	0	0	0.000	0.000	0	0	0	0	0	0	0	0	0	0	0	0	0	0.000	0.000	0	0	0	0	0	0	0	0	0	0	0
349	349	1969	985.865	1792.013	380	676	497	326	49	326	784	504	297	28	108.137	121	113	111	110	109	108	107	106	105	103	97	137.741	171	157	152	147	143	138	134	129	124	118	103	0	0	0.000	0.000	0	0	0	0	0	0	0	0	0	0	0	0	0	0.000	0.000	0	0	0	0	0	0	0	0	0	0	0
350	350	1286	1778.944	1793.221	295	483	406	73	10	257	483	399	104	19	107.668	133	120	115	111	107	105	103	102	101	100	94	123.647	177	154	147	137	125	115	110	108	105	104	96	0	0	0.000	0.000	0	0	0	0	0	0	0	0	0	0	0	0	0	0.000	0.000	0	0	0	0	0	0	0	0	0	0	0
351	351	1874	1518.278	1792.905	231	545	587	401	72	219	645	630	315	32	1223.520	20528	2146	511	312	256	225	207	192	170	149	111	382.362	4569	576	280	229	210	195	181	168	156	139	106	1	164	1521.465	1788.610	0	0	0	9588	0	0	0	1904	0	0	0	1	140	1520.900	1788.052	0	0	0	10174	0	0	0	2239	0	0	0
352	352	1539	445.496	1795.162	288	455	370	307	90	352	569	404	161	32	268.044	365	327	317	307	297	283	268	246	217	178	115	103.712	119	107	106	105	104	104	103	102	102	101	95	0	0	0.000	0.000	0	0	0	0	0	0	0	0	0	0	0	0	0	0.000	0.000	0	0	0	0	0	0	0	0	0	0	0
353	353	633	944.088	1788.022	164	214	146	79	21	111	239	170	83	20	107.844	121	112	111	109	109	108	107	106	105	103	98	126.796	157	146	142	139	135	131	122	113	109	105	100	0	0	0.000	0.000	0	0	0	0	0	0	0	0	0	0	0	0	0	0.000	0.000	0	0	0	0	0	0	0	0	0	0	0
354	354	2433	618.403	1811.665	430	650	835	394	78	383	736	843	372	55	435.679	648	572	547	522	495	461	422	385	326	244	132	160.312	213	190	182	176	169	161	155	147	139	127	105	0	0	0.000	0.000	0	0	0	0	0	0	0	0	0	0	0	0	0	0.000	0.000	0	0	0	0	0	0	0	0	0	0	0
355	355	2083	837.436	1813.396	204	630	740	372	94	235	817	746	220	19	1597.044	2833	2248	2022	1930	1838	1683	1510	1327	1099	792	173	124.463	159	138	133	130	127	124	121	119	116	111	100	0	0	0.000	0.000	0	0	0	0	0	0	0	0	0	0	0	0	0	0.000	0.000	0	0	0	0	0	0	0	0	0	0	0
356	356	1597	1323.016	1813.594	384	468	476	206	21	370	566	567	55	9	128.735	157	142	138	135	132	130	127	124	119	114	101	154.532	206	179	172	166	161	155	149	144	138	128	105	0	0	0.000	0.000	0	0	0	0	0	0	0	0	0	0	0	0	0	0.000	0.000	0	0	0	0	0	0	0	0	0	0	0
357	357	2075	1842.978	1826.927	406	592	679	319	39	371	633	672	314	42	445.383	692	607	547	515	488	464	430	387	332	263	155	162.016	222	194	184	177	171	164	155	147	139	128	106	0	0	0.000	0.000	0	0	0	0	0	0	0	0	0	0	0	0	0	0.000	0.000	0	0	0	0	0	0	0	0	0	0	0
358	358	1369	681.835	1831.765	237	426	409	230	49	177	440	456	217	51	445.955	7738	587	296	266	256	246	233	214	191	155	111	172.728	1147	204	163	156	150	146	141	136	131	122	104	1	59	683.096	1842.773	0	0	0	3639	0	0	0	446	0	0	0	1	62	683.874	1841.752	0	0	0	3066	0	0	0	621	0	0	0
359	359	2219	1368.605	1839.252	271	633	744	460	68	345	770	865	185	17	137.636	1908	141	135	131	127	123	120	116	113	109	100	148.492	295	176	167	160	155	149	143	136	128	119	102	1	28	1352.225	1836.361	0	0	0	830	0	0	0	214	0	0	0	0	0	0.000	0.000	0	0	0	0	0	0	0	0	0	0	0
360	360	1265	1924.243	1834.324	191	395	353	249	46	225	416	428	161	16	109.432	121	115	113	112	111	109	108	107	106	104	98	114.808	135	123	120	118	117	115	113	111	109	106	99	0	0	0.000	0.000	0	0	0	0	0	0	0	0	0	0	0	0	0	0.000	0.000	0	0	0	0	0	0	0	0	0	0	0
361	361	1286	1436.039	1833.777	588	249	250	134	43	514	299	236	179	37	110.406	133	123	119	115	111	108	106	104	103	102	97	115.830	145	132	127	123	118	113	109	107	106	104	98	0	0	0.000	0.000	0	0	0	0	0	0	0	0	0	0	0	0	0	0.000	0.000	0	0	0	0	0	0	0	0	0	0	0
362	362	2485	1578.492	1841.999	755	701	638	316	44	566	690	648	436	90	109.323	123	115	113	112	110	109	108	107	105	103	97	296.039	458	388	370	354	333	310	283	252	225	174	118	0	0	0.000	0.000	0	0	0	0	0	0	0	0	0	0	0	0	0	0.000	0.000	0	0	0	0	0	0	0	0	0	0	0
363	363	1853	421.947	1842.248	509	627	490	162	27	531	762	430	87	9	302.465	454	394	370	347	326	306	288	269	242	195	125	104.343	120	108	107	105	104	104	103	103	102	101	97	0	0	0.000	0.000	0	0	0	0	0	0	0	0	0	0	0	0	0	0.000	0.000	0	0	0	0	0	0	0	0	0	0	0
364	364	1268	1257.513	1838.468	223	318	353	278	70	207	325	360	288	64	192.874	268	237	223	214	205	197	188	176	160	143	116	158.080	212	184	177	172	166	160	153	146	138	128	109	0	0	0.000	0.000	0	0	0	0	0	0	0	0	0	0	0	0	0	0.000	0.000	0	0	0	0	0	0	0	0	0	0	0
365	365	549	1791.754	1830.696	375	77	45	35	12	290	102	94	45	11	154.796	218	193	185	176	165	154	143	133	126	117	106	283.231	443	395	372	353	328	296	258	223	183	151	110	0	0	0.000	0.000	0	0	0	0	0	0	0	0	0	0	0	0	0	0.000	0.000	0	0	0	0	0	0	0	0	0	0	0
366	366	1163	1629.191	1842.453	176	355	290	262	60	172	407	373	180	18	108.543	121	114	112	111	110	109	107	106	105	103	96	310.029	450	407	393	377	353	324	295	262	221	182	125	0	0	0.000	0.000	0	0	0	0	0	0	0	0	0	0	0	0	0	0.000	0.000	0	0	0	0	0	0	0	0	0	0	0
367	367	1637	878.413	1851.476	124	436	604	323	107	123	630	558	266	27	1927.313	3180	2792	2553	2362	2174	1965	1772	1579	1308	946	320	132.838	171	151	145	141	137	133	129	124	120	115	102	0	0	0.000	0.000	0	0	0	0	0	0	0	0	0	0	0	0	0	0.000	0.000	0	0	0	0	0	0	0	0	0	0	0
368	368	1265	1889.527	1859.779	238	495	423	76	13	205	539	414	76	8	416.486	574	523	497	477	457	442	417	382	335	269	159	157.023	205	183	177	169	163	158	152	146	139	129	106	0	0	0.000	0.000	0	0	0	0	0	0	0	0	0	0	0	0	0	0.000	0.000	0	0	0	0	0	0	0	0	0	0	0
369	369	1949	649.750	1870.486	580	526	497	269	51	539	668	524	174	12	584.789	9261	556	510	473	442	419	398	367	316	243	138	206.559	2366	203	190	180	171	162	154	146	139	128	102	1	69	651.431	1886.290	0	0	0	4815	0	0	0	969	0	0	0	1	69	652.334	1886.160	0	0	0	4301	0	0	0	1155	0	0	0
370	370	1608	832.797	1866.998	322	611	417	205	30	188	484	570	230	113	126.785	156	137	134	131	129	128	126	123	120	115	105	152.586	210	182	173	166	159	153	146	140	132	122	103	0	0	0.000	0.000	0	0	0	0	0	0	0	0	0	0	0	0	0	0.000	0.000	0	0	0	0	0	0	0	0	0	0	0
371	371	1481	698.760	1883.279	219	436	490	275	34	162	419	488	331	51	296.129	5070	278	253	241	229	216	204	193	182	159	118	179.180	1171	199	190	182	175	168	162	155	145	128	103	1	47	715.250	1895.422	0	0	0	2099	0	0	0	468	0	0	0	1	33	716.226	1893.932	0	0	0	1340	0	0	0	656	0	0	0
372	372	1885	1264.932	1886.825	246	602	601	358	49	215	663	566	354	47	493.316	11904	506	293	254	240	225	210	192	176	154	105	198.654	1738	216	190	181	174	166	156	146	137	129	104	1	79	1266.331	1881.205	0	0	0	5033	0	0	0	819	0	0	0	1	73	1266.244	1880.710	0	0	0	5381	0	0	0	887	0	0	0
373	373	1309	1668.622	1883.121	490	313	237	175	71	480	453	256	91	14	112.859	133	121	119	117	115	113	111	109	106	103	96	109.569	128	117	114	112	110	109	107	106	105	104	99	0	0	0.000	0.000	0	0	0	0	0	0	0	0	0	0	0	0	0	0.000	0.000	0	0	0	0	0	0	0	0	0	0	0
374	374	1623	1585.386	1893.025	430	463	401	244	55	335	559	439	211	44	111.880	126	117	116	115	113	112	111	110	108	106	99	320.861	459	406	387	372	358	337	307	276	249	221	131	0	0	0.000	0.000	0	0	0	0	0	0	0	0	0	0	0	0	0	0.000	0.000	0	0	0	0	0	0	0	0	0	0	0
375	375	1697	1189.863	1896.491	234	424	457	401	146	275	476	585	307	29	425.268	632	551	514	487	460	434	409	385	341	279	143	151.774	197	175	169	163	157	151	146	141	136	129	104	0	0	0.000	0.000	0	0	0	0	0	0	0	0	0	0	0	0	0	0.000	0.000	0	0	0	0	0	0	0	0	0	0	0
376	376	1764	754.103	1899.034	370	525	481	317	41	317	643	520	231	26	288.820	4938	316	247	234	220	209	198	185	167	148	113	179.447	1300	200	181	172	165	159	154	148	140	129	109	1	49	759.229	1897.242	0	0	0	2083	0	0	0	678	0	0	0	1	46	759.277	1897.201	0	0	0	2170	0	0	0	701	0	0	0
377	377	1939	865.003	1910.867	345	550	551	382	83	309	560	556	402	82	116.330	138	124	121	120	118	117	115	113	111	109	100	137.868	171	158	153	149	145	140	134	129	122	115	101	0	0	0.000	0.000	0	0	0	0	0	0	0	0	0	0	0	0	0	0.000	0.000	0	0	0	0	0	0	0	0	0	0	0
378	378	1969	812.682	1918.028	198	568	670	384	101	276	750	620	265	14	280.072	427	352	327	310	296	284	272	259	239	197	116	108.568	126	113	112	110	109	108	108	106	105	104	98	0	0	0.000	0.000	0	0	0	0	0	0	0	0	0	0	0	0	0	0.000	0.000	0	0	0	0	0	0	0	0	0	0	0
379	379	1642	1631.428	1914.031	594	562	338	96	25	499	509	435	138	32	110.337	129	118	115	113	112	110	108	107	105	104	97	115.194	135	124	121	119	117	115	113	111	109	107	100	0	0	0.000	0.000	0	0	0	0	0	0	0	0	0	0	0	0	0	0.000	0.000	0	0	0	0	0	0	0	0	0	0	0
380	380	1103	375.834	1910.246	221	237	263	259	105	215	321	300	213	36	145.449	182	163	159	155	152	148	144	139	132	122	102	114.003	134	123	120	118	116	114	112	110	107	105	97	0	0	0.000	0.000	0	0	0	0	0	0	0	0	0	0	0	0	0	0.000	0.000	0	0	0	0	0	0	0	0	0	0	0
381	381	1347	1921.548	1912.913	284	290	386	316	51	258	378	447	225	17	107.950	119	113	111	110	109	108	107	106	105	103	95	148.973	193	172	166	161	156	150	144	139	133	123	104	0	0	0.000	0.000	0	0	0	0	0	0	0	0	0	0	0	0	0	0.000	0.000	0	0	0	0	0	0	0	0	0	0	0
382	382	1823	1233.181	1929.560	471	441	516	311	50	323	470	517	378	107	566.995	5625	749	647	575	529	491	453	414	346	264	150	198.465	2201	229	196	183	172	163	154	148	140	129	108	1	39	1234.135	1918.725	0	0	0	3016	0	0	0	1032	0	0	0	1	49	1234.872	1918.524	0	0	0	2736	0	0	0	972	0	0	0
383	383	1635	1051.830	1935.739	229	584	494	255	39	223	710	504	148	13	110.719	123	116	115	113	112	111	110	108	107	105	99	133.218	168	151	146	142	137	132	129	126	122	116	101	0	0	0.000	0.000	0	0	0	0	0	0	0	0	0	0	0	0	0	0.000	0.000	0	0	0	0	0	0	0	0	0	0	0
384	384	1583	408.685	1943.988	253	505	395	302	92	252	575	459	238	31	148.543	180	165	160	156	153	149	146	142	137	130	112	115.360	134	122	120	118	117	115	114	112	111	108	100	0	0	0.000	0.000	0	0	0	0	0	0	0	0	0	0	0	0	0	0.000	0.000	0	0	0	0	0	0	0	0	0	0	0
385	385	1944	1321.944	1957.042	325	390	536	457	194	295	479	587	457	90	164.153	241	200	184	175	168	163	158	151	143	130	102	144.317	197	169	161	154	148	143	138	133	128	121	102	0	0	0.000	0.000	0	0	0	0	0	0	0	0	0	0	0	0	0	0.000	0.000	0	0	0	0	0	0	0	0	0	0	0
386	386	1247	1543.016	1954.340	184	324	353	315	51	174	332	341	311	72	205.281	286	259	243	232	222	212	200	184	162	140	107	117.358	143	130	126	122	119	116	114	112	109	106	98	0	0	0.000	0.000	0	0	0	0	0	0	0	0	0	0	0	0	0	0.000	0.000	0	0	0	0	0	0	0	0	0	0	0
387	387	1971	356.373	1964.431	460	687	588	202	12	337	765	574	222	38	1000.787	1523	1300	1222	1142	1087	1039	976	893	795	642	292	107.421	121	112	110	109	108	107	106	105	104	103	95	0	0	0.000	0.000	0	0	0	0	0	0	0	0	0	0	0	0	0	0.000	0.000	0	0	0	0	0	0	0	0	0	0	0
388	388	830	1366.352	1956.407	153	287	216	151	8	78	264	303	149	24	154.464	202	174	167	162	160	157	153	148	142	132	109	140.148	164	154	151	148	145	142	139	134	130	123	106	0	0	0.000	0.000	0	0	0	0	0	0	0	0	0	0	0	0	0	0.000	0.000	0	0	0	0	0	0	0	0	0	0	0
389	389	2028	919.236	1970.956	461	437	552	415	127	360	485	588	470	90	140.784	176	159	155	152	148	144	139	133	125	117	102	153.892	206	183	175	167	161	155	148	141	133	122	103	0	0	0.000	0.000	0	0	0	0	0	0	0	0	0	0	0	0	0	0.000	0.000	0	0	0	0	0	0	0	0	0	0	0
390	390	2048	1402.317	1977.577	250	478	661	540	86	162	508	709	534	86	106.652	118	111	109	108	107	107	106	105	104	102	94	161.257	216	189	182	175	168	162	156	150	142	130	105	0	0	0.000	0.000	0	0	0	0	0	0	0	0	0	0	0	0	0	0.000	0.000	0	0	0	0	0	0	0	0	0	0	0
391	391	607	1248.362	1973.334	156	140	174	99	31	120	210	163	79	22	245.926	3169	357	217	181	160	148	142	136	129	122	103	281.201	2556	505	276	215	191	176	166	157	147	135	108	1	28	1248.600	1972.126	0	0	0	1499	0	0	0	1455	0	0	0	1	41	1248.738	1972.004	0	0	0	994	0	0	0	1177	0	0	0
392	392	639	394.844	1985.029	133	163	175	121	34	91	192	207	125	14	110.385	134	116	114	112	111	110	109	108	107	105	101	214.764	282	255	247	240	229	219	210	196	183	166	123	0	0	0.000	0.000	0	0	0	0	0	0	0	0	0	0	0	0	0	0.000	0.000	0	0	0	0	0	0	0	0	0	0	0
