 	cell	area	x	y	BFI_lev_b1	BFI_lev_b2	BFI_lev_b3	BFI_lev_b4	BFI_lev_b5	BFO_lev_b1	BFO_lev_b2	BFO_lev_b3	BFO_lev_b4	BFO_lev_b5	GFP_int_mean	GFP_int_b0	GFP_int_b1	GFP_int_b2	GFP_int_b3	GFP_int_b4	GFP_int_b5	GFP_int_b6	GFP_int_b7	GFP_int_b8	GFP_int_b9	GFP_int_b10	RFP_int_mean	RFP_int_b0	RFP_int_b1	RFP_int_b2	RFP_int_b3	RFP_int_b4	RFP_int_b5	RFP_int_b6	RFP_int_b7	RFP_int_b8	RFP_int_b9	RFP_int_b10	inGFPnfoci	f1_inGFParea	f1_inGFPx	f1_inGFPy	f2_inGFParea	f2_inGFPx	f2_inGFPy	f1_inGFP_toGFPmed	f1_inGFP_toGFPmean	f2_inGFP_toGFPmed	f2_inGFP_toGFPmean	f1_inGFP_toRFPmed	f1_inGFP_toRFPmean	f2_inGFP_toRFPmed	f2_inGFP_toRFPmean	inRFPnfoci	f1_inRFParea	f1_inRFPx	f1_inRFPy	f2_inRFParea	f2_inRFPx	f2_inRFPy	f1_inRFP_toGFPmed	f1_inRFP_toGFPmean	f2_inRFP_toGFPmed	f2_inRFP_toGFPmean	f1_inRFP_toRFPmed	f1_inRFP_toRFPmean	f2_inRFP_toRFPmed	f2_inRFP_toRFPmean
1	1	1888	138.760	91.550	612	1005	199	26	16	540	1075	184	24	14	968.381	1582	1347	1231	1117	1041	960	880	808	744	614	174	104.300	116	108	106	105	105	104	104	103	102	101	95	0	0	0.000	0.000	0	0	0	0	0	0	0	0	0	0	0	0	0	0.000	0.000	0	0	0	0	0	0	0	0	0	0	0
2	2	1893	1912.967	110.412	327	576	669	241	45	257	665	569	273	98	410.370	9640	401	229	198	184	177	170	163	156	146	115	136.936	652	146	134	130	127	124	122	119	116	113	102	1	76	1913.829	113.224	0	0	0	4581	0	0	0	359	0	0	0	1	78	1913.275	113.283	0	0	0	3740	0	0	0	358	0	0	0
3	3	1925	436.942	120.416	288	722	605	254	20	243	604	672	325	46	1511.279	15514	1873	1457	1276	1158	1051	962	890	814	508	186	176.245	1303	210	153	144	138	134	130	127	123	117	100	1	103	426.189	113.075	0	0	0	8480	0	0	0	744	0	0	0	1	122	425.598	112.821	0	0	0	7176	0	0	0	657	0	0	0
4	4	1365	608.007	121.974	189	553	395	169	30	164	609	362	188	27	114.469	128	120	118	117	116	114	113	112	111	109	102	136.574	163	148	144	142	139	137	135	132	129	124	109	0	0	0.000	0.000	0	0	0	0	0	0	0	0	0	0	0	0	0	0.000	0.000	0	0	0	0	0	0	0	0	0	0	0
5	5	1557	92.595	130.418	209	760	444	105	10	92	477	622	255	73	740.662	1122	972	909	864	820	773	716	638	556	461	225	105.547	121	111	109	107	106	105	104	103	103	101	94	0	0	0.000	0.000	0	0	0	0	0	0	0	0	0	0	0	0	0	0.000	0.000	0	0	0	0	0	0	0	0	0	0	0
6	6	1569	777.619	137.554	747	519	208	54	11	403	650	265	159	62	1922.521	15327	2749	1911	1701	1563	1430	1295	1144	1002	802	386	310.303	4724	414	209	174	165	159	153	147	141	133	109	1	82	770.939	141.678	0	0	0	9422	0	0	0	2202	0	0	0	1	86	770.949	141.268	0	0	0	9372	0	0	0	2179	0	0	0
7	7	1691	1731.903	138.319	305	689	452	183	26	182	616	534	250	66	364.073	6712	432	253	219	205	195	188	180	170	152	107	197.711	1562	233	185	175	167	161	155	151	144	129	103	1	72	1733.224	139.235	0	0	0	3019	0	0	0	779	0	0	0	1	67	1733.182	138.570	0	0	0	2777	0	0	0	842	0	0	0
8	8	1925	338.772	157.371	247	649	665	290	38	236	813	574	244	30	758.284	1134	1015	938	868	823	787	750	692	608	464	150	117.616	135	126	123	121	119	118	116	114	112	110	102	0	0	0.000	0.000	0	0	0	0	0	0	0	0	0	0	0	0	0	0.000	0.000	0	0	0	0	0	0	0	0	0	0	0
9	9	1616	521.907	162.233	283	633	508	119	38	220	599	596	161	9	552.470	9427	516	356	340	324	311	297	280	253	221	163	157.183	891	174	148	142	138	135	131	127	123	119	107	1	86	524.666	174.855	0	0	0	4846	0	0	0	498	0	0	0	1	89	524.742	174.443	0	0	0	4533	0	0	0	487	0	0	0
10	10	765	123.080	161.274	151	313	191	75	21	183	347	181	31	13	235.505	317	283	270	258	248	239	232	222	206	177	124	111.844	126	119	116	115	113	112	111	109	107	105	100	0	0	0.000	0.000	0	0	0	0	0	0	0	0	0	0	0	0	0	0.000	0.000	0	0	0	0	0	0	0	0	0	0	0
11	11	1320	757.239	184.513	804	302	135	49	15	873	255	120	38	17	309.186	3836	374	262	235	220	209	198	190	182	168	118	399.529	3888	477	373	346	326	311	298	286	265	214	111	1	59	748.781	192.100	0	0	0	1826	0	0	0	1900	0	0	0	1	52	748.590	191.993	0	0	0	1948	0	0	0	2154	0	0	0
12	12	859	1072.977	179.801	241	302	186	75	35	206	292	220	82	39	507.519	735	647	612	585	558	525	494	454	416	323	180	109.404	123	115	113	111	110	109	108	107	106	105	98	0	0	0.000	0.000	0	0	0	0	0	0	0	0	0	0	0	0	0	0.000	0.000	0	0	0	0	0	0	0	0	0	0	0
13	13	902	1807.040	206.517	238	383	209	44	12	107	416	251	87	18	192.135	256	228	216	208	200	193	185	177	167	156	124	140.785	172	159	153	149	146	143	139	134	129	119	98	0	0	0.000	0.000	0	0	0	0	0	0	0	0	0	0	0	0	0	0.000	0.000	0	0	0	0	0	0	0	0	0	0	0
14	14	631	431.712	205.329	104	206	243	54	12	110	212	214	78	9	182.177	227	206	199	193	188	183	178	172	167	159	129	116.441	132	124	121	120	118	116	115	113	112	109	101	0	0	0.000	0.000	0	0	0	0	0	0	0	0	0	0	0	0	0	0.000	0.000	0	0	0	0	0	0	0	0	0	0	0
15	15	937	1349.761	212.402	98	452	311	47	9	41	436	271	157	16	311.328	438	391	359	347	338	327	316	301	260	203	125	136.569	165	152	147	144	141	138	135	131	125	118	103	0	0	0.000	0.000	0	0	0	0	0	0	0	0	0	0	0	0	0	0.000	0.000	0	0	0	0	0	0	0	0	0	0	0
16	16	1836	1386.984	246.693	415	794	528	70	5	324	706	519	226	28	498.201	8457	528	451	421	394	366	344	323	284	210	108	202.909	3016	204	165	157	152	148	144	138	130	119	100	1	52	1396.619	251.502	0	0	0	4027	0	0	0	871	0	0	0	1	62	1396.128	250.220	0	0	0	1725	0	0	0	1340	0	0	0
17	17	813	1010.430	267.642	173	262	262	77	26	110	308	249	96	30	158.530	197	175	170	166	163	160	156	152	147	141	114	122.513	143	134	130	127	124	123	120	118	115	111	102	0	0	0.000	0.000	0	0	0	0	0	0	0	0	0	0	0	0	0	0.000	0.000	0	0	0	0	0	0	0	0	0	0	0
18	18	1217	263.842	271.218	180	434	503	71	10	101	388	459	222	17	114.225	132	120	118	117	115	114	113	112	110	108	102	224.599	318	278	267	257	246	235	221	204	183	152	115	0	0	0.000	0.000	0	0	0	0	0	0	0	0	0	0	0	0	0	0.000	0.000	0	0	0	0	0	0	0	0	0	0	0
19	19	534	1227.521	276.275	86	178	180	67	10	77	188	156	84	14	108.931	123	114	112	111	110	109	108	107	106	104	99	191.850	264	238	223	213	206	199	189	177	160	131	108	0	0	0.000	0.000	0	0	0	0	0	0	0	0	0	0	0	0	0	0.000	0.000	0	0	0	0	0	0	0	0	0	0	0
20	20	1424	638.108	291.139	299	674	378	32	12	177	502	431	246	31	251.259	355	304	284	269	257	248	241	232	222	206	141	105.754	121	111	109	107	106	105	104	104	103	102	96	0	0	0.000	0.000	0	0	0	0	0	0	0	0	0	0	0	0	0	0.000	0.000	0	0	0	0	0	0	0	0	0	0	0
21	21	1210	410.222	289.455	150	478	374	161	33	156	445	408	158	27	121.454	155	133	127	124	122	120	118	116	115	112	105	283.912	412	369	349	334	319	295	271	242	213	181	113	0	0	0.000	0.000	0	0	0	0	0	0	0	0	0	0	0	0	0	0.000	0.000	0	0	0	0	0	0	0	0	0	0	0
22	22	1429	919.846	306.030	480	429	312	146	38	375	532	304	171	25	116.388	134	123	121	119	118	116	115	114	112	110	99	267.941	381	331	316	303	292	280	263	244	220	185	126	0	0	0.000	0.000	0	0	0	0	0	0	0	0	0	0	0	0	0	0.000	0.000	0	0	0	0	0	0	0	0	0	0	0
23	23	1489	161.707	333.229	203	506	456	244	54	235	659	422	122	30	238.850	319	285	274	265	256	246	235	222	207	180	117	105.795	120	111	109	107	106	105	104	104	103	102	93	0	0	0.000	0.000	0	0	0	0	0	0	0	0	0	0	0	0	0	0.000	0.000	0	0	0	0	0	0	0	0	0	0	0
24	24	1797	571.451	341.866	178	809	624	131	18	119	668	631	307	36	853.754	1234	1097	1045	997	932	878	819	731	640	587	316	106.065	118	110	108	108	107	106	105	104	104	103	96	0	0	0.000	0.000	0	0	0	0	0	0	0	0	0	0	0	0	0	0.000	0.000	0	0	0	0	0	0	0	0	0	0	0
25	25	995	1836.342	337.473	146	410	311	96	8	69	492	289	115	11	111.561	123	116	114	113	112	112	111	110	108	107	100	181.636	221	208	202	195	189	181	175	169	163	156	122	0	0	0.000	0.000	0	0	0	0	0	0	0	0	0	0	0	0	0	0.000	0.000	0	0	0	0	0	0	0	0	0	0	0
26	26	996	1921.597	351.489	276	308	246	127	21	228	256	277	187	31	691.453	1151	955	845	805	765	728	673	603	527	375	150	108.116	120	113	111	110	109	108	107	106	105	104	98	0	0	0.000	0.000	0	0	0	0	0	0	0	0	0	0	0	0	0	0.000	0.000	0	0	0	0	0	0	0	0	0	0	0
27	27	1658	1045.799	356.844	377	609	513	121	11	251	633	462	235	43	1838.328	18107	3122	1423	1134	1043	948	866	778	684	572	285	230.695	2190	348	176	155	144	136	129	124	120	116	104	1	152	1049.361	354.279	0	0	0	9390	0	0	0	957	0	0	0	1	144	1049.629	354.096	0	0	0	9944	0	0	0	1007	0	0	0
28	28	1141	205.471	370.769	280	433	342	55	10	148	339	352	225	60	218.644	309	266	252	242	236	229	219	206	185	147	107	104.758	114	109	107	106	105	104	104	103	102	101	97	0	0	0.000	0.000	0	0	0	0	0	0	0	0	0	0	0	0	0	0.000	0.000	0	0	0	0	0	0	0	0	0	0	0
29	29	1104	426.231	397.796	149	420	366	130	20	72	333	393	203	86	111.023	124	116	114	113	112	111	110	109	108	106	100	161.196	203	185	178	173	168	164	159	153	146	133	107	0	0	0.000	0.000	0	0	0	0	0	0	0	0	0	0	0	0	0	0.000	0.000	0	0	0	0	0	0	0	0	0	0	0
30	30	1039	150.042	398.134	178	416	290	114	25	135	460	244	138	51	1151.991	1882	1648	1458	1305	1225	1162	1062	986	865	693	390	106.796	122	113	111	109	107	106	105	104	103	102	96	0	0	0.000	0.000	0	0	0	0	0	0	0	0	0	0	0	0	0	0.000	0.000	0	0	0	0	0	0	0	0	0	0	0
31	31	2071	1301.533	449.164	812	913	268	23	10	378	769	648	207	33	111.429	125	117	115	113	112	111	110	109	108	106	100	107.129	118	112	110	109	108	107	106	105	104	103	96	0	0	0.000	0.000	0	0	0	0	0	0	0	0	0	0	0	0	0	0.000	0.000	0	0	0	0	0	0	0	0	0	0	0
32	32	701	1712.954	451.157	267	255	126	32	12	216	220	154	71	27	143.401	178	160	154	151	147	143	140	137	133	126	110	230.180	590	290	264	250	235	216	204	196	185	165	121	0	0	0.000	0.000	0	0	0	0	0	0	0	0	0	0	0	1	18	1706.592	459.313	0	0	0	165	0	0	0	514	0	0	0
33	33	1181	1347.433	472.067	476	365	258	57	6	357	439	181	146	31	111.773	128	117	115	114	113	112	111	110	109	107	101	106.240	118	110	109	108	107	106	106	105	104	103	96	0	0	0.000	0.000	0	0	0	0	0	0	0	0	0	0	0	0	0	0.000	0.000	0	0	0	0	0	0	0	0	0	0	0
34	34	1611	940.631	488.352	303	605	453	184	34	282	804	358	120	18	124.150	146	132	130	128	126	125	123	121	119	115	100	106.299	121	111	109	108	106	106	105	104	103	102	95	0	0	0.000	0.000	0	0	0	0	0	0	0	0	0	0	0	0	0	0.000	0.000	0	0	0	0	0	0	0	0	0	0	0
35	35	1209	842.870	490.176	130	380	418	210	46	71	375	479	217	42	315.192	466	399	374	358	339	318	299	273	247	227	158	107.069	123	112	110	108	107	106	106	105	104	103	98	0	0	0.000	0.000	0	0	0	0	0	0	0	0	0	0	0	0	0	0.000	0.000	0	0	0	0	0	0	0	0	0	0	0
36	36	901	455.739	506.591	367	305	167	32	8	279	302	209	75	14	123.440	304	140	125	121	119	117	115	113	111	108	102	146.336	193	169	162	156	152	147	143	137	131	121	108	0	0	0.000	0.000	0	0	0	0	0	0	0	0	0	0	0	0	0	0.000	0.000	0	0	0	0	0	0	0	0	0	0	0
37	37	944	1881.966	518.469	67	274	315	244	31	65	344	326	143	42	332.367	460	413	388	367	351	335	316	296	273	255	187	116.323	138	126	122	119	117	115	114	112	110	109	103	0	0	0.000	0.000	0	0	0	0	0	0	0	0	0	0	0	0	0	0.000	0.000	0	0	0	0	0	0	0	0	0	0	0
38	38	1159	229.530	550.022	194	482	360	82	20	128	582	322	93	14	150.097	177	164	160	157	155	152	149	145	141	132	111	125.110	147	134	131	129	127	125	123	121	119	115	104	0	0	0.000	0.000	0	0	0	0	0	0	0	0	0	0	0	0	0	0.000	0.000	0	0	0	0	0	0	0	0	0	0	0
39	39	1739	176.115	574.540	313	873	456	52	9	135	539	585	352	95	700.625	1233	957	877	815	752	685	619	568	522	475	203	105.772	119	111	109	107	106	105	104	104	103	102	93	0	0	0.000	0.000	0	0	0	0	0	0	0	0	0	0	0	0	0	0.000	0.000	0	0	0	0	0	0	0	0	0	0	0
40	40	1718	1729.408	593.421	1066	371	140	99	28	1090	357	133	91	31	376.125	4570	816	353	220	166	146	133	121	113	108	101	146.775	959	179	126	117	113	110	108	106	105	103	95	1	148	1737.212	592.635	0	0	0	1946	0	0	0	429	0	0	0	1	125	1736.624	591.187	0	0	0	1827	0	0	0	498	0	0	0
41	41	1306	611.048	596.000	153	460	481	165	20	71	393	517	222	83	739.840	1052	928	885	851	817	783	743	693	626	466	169	128.798	156	142	138	135	132	130	127	124	120	113	101	0	0	0.000	0.000	0	0	0	0	0	0	0	0	0	0	0	0	0	0.000	0.000	0	0	0	0	0	0	0	0	0	0	0
42	42	1405	1583.537	605.438	181	449	457	237	57	181	459	502	192	36	457.559	692	622	569	523	486	451	421	395	366	310	179	105.554	118	110	108	107	106	105	104	104	103	102	95	0	0	0.000	0.000	0	0	0	0	0	0	0	0	0	0	0	0	0	0.000	0.000	0	0	0	0	0	0	0	0	0	0	0
43	43	1400	1908.846	617.956	401	469	349	120	34	389	573	311	82	17	534.142	3297	622	592	569	547	522	493	460	423	353	153	141.738	949	145	139	135	133	130	128	125	122	116	103	1	20	1919.906	615.005	0	0	0	2242	0	0	0	692	0	0	0	1	35	1919.633	615.062	0	0	0	1629	0	0	0	462	0	0	0
44	44	1693	1211.954	623.453	124	677	610	197	51	113	694	609	210	39	130.426	160	139	136	134	132	130	129	127	125	122	110	142.202	172	158	154	150	146	142	138	135	131	127	111	0	0	0.000	0.000	0	0	0	0	0	0	0	0	0	0	0	0	0	0.000	0.000	0	0	0	0	0	0	0	0	0	0	0
45	45	1456	1859.833	626.760	216	564	496	156	8	79	393	491	354	113	517.414	765	634	597	571	551	528	507	480	440	378	207	132.589	164	147	142	138	135	132	129	126	123	119	104	0	0	0.000	0.000	0	0	0	0	0	0	0	0	0	0	0	0	0	0.000	0.000	0	0	0	0	0	0	0	0	0	0	0
46	46	1642	578.871	641.296	318	807	420	45	24	411	1026	140	14	11	380.892	551	500	472	441	416	381	352	323	292	261	159	121.739	153	134	129	126	123	121	119	117	114	111	103	0	0	0.000	0.000	0	0	0	0	0	0	0	0	0	0	0	0	0	0.000	0.000	0	0	0	0	0	0	0	0	0	0	0
47	47	1466	1538.921	655.673	283	588	415	127	38	233	669	401	106	30	987.741	5603	1269	1162	1069	999	914	840	772	693	550	140	117.909	139	126	123	121	120	118	116	115	113	109	100	1	32	1536.577	642.444	0	0	0	4089	0	0	0	128	0	0	0	0	0	0.000	0.000	0	0	0	0	0	0	0	0	0	0	0
48	48	1503	1641.096	663.145	170	739	512	40	10	81	360	654	295	90	112.588	129	118	116	115	113	112	111	110	109	108	99	153.095	194	169	164	161	157	154	150	146	141	136	116	0	0	0.000	0.000	0	0	0	0	0	0	0	0	0	0	0	0	0	0.000	0.000	0	0	0	0	0	0	0	0	0	0	0
49	49	1457	445.613	666.184	240	524	483	156	23	161	529	445	234	56	977.346	17137	1591	503	329	287	270	258	249	237	219	159	164.684	1170	207	138	131	128	125	123	120	117	112	100	1	103	442.741	675.147	0	0	0	7753	0	0	0	427	0	0	0	1	96	441.995	673.739	0	0	0	4579	0	0	0	623	0	0	0
50	50	1329	129.674	692.291	182	470	408	203	47	151	498	402	217	34	112.251	123	117	115	114	113	112	111	110	109	108	101	137.452	164	151	147	144	141	139	136	133	128	122	106	0	0	0.000	0.000	0	0	0	0	0	0	0	0	0	0	0	0	0	0.000	0.000	0	0	0	0	0	0	0	0	0	0	0
51	51	864	728.219	699.732	399	297	110	26	22	450	280	72	30	16	416.551	2198	643	479	407	367	342	324	303	284	253	139	511.047	2364	710	603	538	496	466	439	410	376	326	132	1	24	729.251	694.942	0	0	0	1400	0	0	0	1337	0	0	0	1	10	729.488	694.301	0	0	0	1809	0	0	0	1954	0	0	0
52	52	1367	1588.252	710.996	161	429	484	233	33	144	350	495	302	52	525.850	874	739	670	587	520	483	463	445	418	381	187	116.732	136	124	121	119	118	117	115	114	112	110	104	0	0	0.000	0.000	0	0	0	0	0	0	0	0	0	0	0	0	0	0.000	0.000	0	0	0	0	0	0	0	0	0	0	0
53	53	2011	239.132	721.703	224	926	661	141	16	129	842	617	352	38	376.843	7123	381	266	244	231	220	211	201	190	174	120	201.205	828	239	220	207	197	186	176	166	157	148	114	1	72	232.371	711.535	0	0	0	3453	0	0	0	515	0	0	0	1	58	233.151	711.146	0	0	0	3498	0	0	0	592	0	0	0
54	54	1820	298.569	724.425	185	516	638	392	58	133	515	721	310	108	112.316	127	117	115	114	113	112	111	110	109	108	101	182.130	236	213	206	199	192	184	176	167	158	148	119	0	0	0.000	0.000	0	0	0	0	0	0	0	0	0	0	0	0	0	0.000	0.000	0	0	0	0	0	0	0	0	0	0	0
55	55	1521	186.165	729.901	558	783	96	26	18	512	843	94	21	16	521.796	774	687	641	595	562	521	487	446	406	361	190	106.276	121	111	109	108	107	106	105	104	103	102	97	0	0	0.000	0.000	0	0	0	0	0	0	0	0	0	0	0	0	0	0.000	0.000	0	0	0	0	0	0	0	0	0	0	0
56	56	1078	1393.333	731.480	280	284	275	187	40	286	455	240	64	16	116.978	138	124	122	120	118	117	115	114	112	110	103	341.811	487	432	409	388	368	349	329	309	287	231	136	0	0	0.000	0.000	0	0	0	0	0	0	0	0	0	0	0	0	0	0.000	0.000	0	0	0	0	0	0	0	0	0	0	0
57	57	1349	360.122	732.405	115	407	545	238	20	79	342	505	310	94	110.483	123	115	114	112	111	110	109	109	107	106	101	164.593	220	197	186	179	174	169	164	157	143	121	101	0	0	0.000	0.000	0	0	0	0	0	0	0	0	0	0	0	0	0	0.000	0.000	0	0	0	0	0	0	0	0	0	0	0
58	58	704	1919.258	747.386	85	264	269	55	17	74	287	243	69	12	548.902	8006	937	285	225	211	201	192	179	169	156	127	193.516	985	237	187	178	171	164	157	148	141	131	105	1	59	1924.884	759.082	0	0	0	3668	0	0	0	536	0	0	0	1	54	1925.357	758.082	0	0	0	2631	0	0	0	594	0	0	0
59	59	2319	96.608	765.934	1362	601	281	41	13	1229	643	337	60	17	230.877	603	474	423	327	183	132	120	115	112	109	101	103.687	114	107	106	105	104	103	103	102	102	101	94	0	0	0.000	0.000	0	0	0	0	0	0	0	0	0	0	0	0	0	0.000	0.000	0	0	0	0	0	0	0	0	0	0	0
60	60	874	1803.053	767.172	285	246	156	132	36	280	312	141	89	31	132.070	149	141	139	137	135	133	131	129	125	120	106	119.172	135	127	125	123	121	119	117	116	114	111	103	0	0	0.000	0.000	0	0	0	0	0	0	0	0	0	0	0	0	0	0.000	0.000	0	0	0	0	0	0	0	0	0	0	0
61	61	1498	776.066	774.546	391	388	372	240	75	316	572	326	178	74	126.975	151	137	134	131	129	127	125	123	120	117	107	937.037	1481	1316	1231	1160	1104	1018	951	872	630	305	138	0	0	0.000	0.000	0	0	0	0	0	0	0	0	0	0	0	0	0	0.000	0.000	0	0	0	0	0	0	0	0	0	0	0
62	62	2966	517.304	805.313	2069	708	78	46	23	2025	752	75	46	22	728.964	5610	1294	1107	977	820	672	528	360	222	140	114	108.285	141	117	111	109	108	107	106	105	104	103	95	1	49	533.388	788.463	0	0	0	3414	0	0	0	110	0	0	0	0	0	0.000	0.000	0	0	0	0	0	0	0	0	0	0	0
63	63	1086	840.214	820.192	178	336	405	126	16	108	504	278	144	24	194.820	243	221	214	209	204	198	192	184	174	164	127	184.459	249	222	211	201	193	184	175	167	159	148	127	0	0	0.000	0.000	0	0	0	0	0	0	0	0	0	0	0	0	0	0.000	0.000	0	0	0	0	0	0	0	0	0	0	0
64	64	871	1003.038	817.926	99	359	314	74	8	103	355	249	115	37	130.854	146	138	136	134	133	131	130	128	126	123	110	207.044	270	245	236	227	219	209	201	190	178	163	127	0	0	0.000	0.000	0	0	0	0	0	0	0	0	0	0	0	0	0	0.000	0.000	0	0	0	0	0	0	0	0	0	0	0
65	65	856	1696.754	819.248	99	370	262	84	21	98	381	208	105	49	157.436	183	172	168	166	162	160	157	152	147	140	115	141.287	165	155	152	149	146	142	139	135	131	126	110	0	0	0.000	0.000	0	0	0	0	0	0	0	0	0	0	0	0	0	0.000	0.000	0	0	0	0	0	0	0	0	0	0	0
66	66	1002	299.155	836.538	343	321	257	56	10	276	337	251	96	34	293.718	3057	516	228	171	158	150	144	139	135	128	109	566.504	6590	1185	434	293	250	232	217	203	186	164	111	1	79	301.289	839.380	0	0	0	1531	0	0	0	3359	0	0	0	1	90	301.355	839.085	0	0	0	1385	0	0	0	3164	0	0	0
67	67	966	228.024	842.032	131	312	310	157	34	184	397	243	103	17	583.311	892	783	700	651	620	589	556	507	449	401	218	106.808	125	114	110	108	107	106	105	104	103	102	95	0	0	0.000	0.000	0	0	0	0	0	0	0	0	0	0	0	1	122	219.411	846.989	0	0	0	622	0	0	0	116	0	0	0
68	68	1408	977.655	858.215	322	405	445	184	20	297	362	407	270	52	134.050	155	143	140	137	135	134	132	130	128	126	112	209.347	304	267	249	231	215	204	197	190	178	159	107	0	0	0.000	0.000	0	0	0	0	0	0	0	0	0	0	0	0	0	0.000	0.000	0	0	0	0	0	0	0	0	0	0	0
69	69	2683	1478.479	872.926	588	1260	659	104	18	337	891	1016	328	51	209.648	2260	233	218	210	204	199	193	186	176	160	128	268.213	630	335	317	299	281	267	254	240	224	197	117	1	30	1493.392	854.485	0	0	0	1008	0	0	0	453	0	0	0	0	0	0.000	0.000	0	0	0	0	0	0	0	0	0	0	0
70	70	1079	350.577	858.478	224	363	314	136	22	144	486	292	118	17	115.849	128	121	119	118	117	116	115	114	113	111	103	108.653	140	121	113	109	107	106	105	104	103	102	98	0	0	0.000	0.000	0	0	0	0	0	0	0	0	0	0	0	0	0	0.000	0.000	0	0	0	0	0	0	0	0	0	0	0
71	71	1533	547.862	866.455	163	439	517	294	88	173	628	503	174	24	138.882	174	155	149	145	141	138	135	132	129	125	112	234.931	330	288	272	259	246	233	221	211	201	187	120	0	0	0.000	0.000	0	0	0	0	0	0	0	0	0	0	0	0	0	0.000	0.000	0	0	0	0	0	0	0	0	0	0	0
72	72	2036	684.118	881.643	329	868	723	66	20	256	718	772	220	22	1264.547	21674	1935	529	328	280	256	238	225	213	192	129	218.104	2247	279	159	143	137	134	130	127	122	117	103	1	172	693.154	876.234	0	0	0	10019	0	0	0	888	0	0	0	1	141	693.241	876.057	0	0	0	12472	0	0	0	1127	0	0	0
73	73	610	261.457	888.087	110	179	172	107	27	81	162	137	146	75	112.754	129	118	116	115	114	113	112	111	110	108	98	105.441	121	110	108	107	106	105	104	103	103	101	94	0	0	0.000	0.000	0	0	0	0	0	0	0	0	0	0	0	0	0	0.000	0.000	0	0	0	0	0	0	0	0	0	0	0
74	74	1499	771.715	900.001	237	621	493	105	16	165	464	488	293	55	329.303	526	435	383	359	341	323	303	287	269	247	167	105.502	118	109	108	107	106	105	105	104	103	102	97	0	0	0.000	0.000	0	0	0	0	0	0	0	0	0	0	0	0	0	0.000	0.000	0	0	0	0	0	0	0	0	0	0	0
75	75	1767	367.087	911.601	489	577	447	206	17	327	541	491	310	54	123.217	203	133	128	125	123	122	120	119	117	115	105	108.442	125	115	112	110	109	108	107	106	105	103	97	0	0	0.000	0.000	0	0	0	0	0	0	0	0	0	0	0	0	0	0.000	0.000	0	0	0	0	0	0	0	0	0	0	0
76	76	1076	868.259	921.761	414	469	154	14	10	377	421	208	37	11	119.563	141	127	124	122	121	119	118	117	115	113	104	108.572	130	116	112	110	109	108	107	106	105	104	97	0	0	0.000	0.000	0	0	0	0	0	0	0	0	0	0	0	1	138	873.900	915.785	0	0	0	126	0	0	0	118	0	0	0
77	77	1901	289.195	970.556	380	813	551	112	12	229	780	665	161	35	2562.595	8136	3496	3166	2886	2683	2516	2369	2190	1901	1576	767	148.204	389	163	157	153	149	146	142	138	133	126	111	0	0	0.000	0.000	0	0	0	0	0	0	0	0	0	0	0	1	25	295.170	986.150	0	0	0	5254	0	0	0	307	0	0	0
78	78	1419	576.279	965.757	184	605	451	137	12	145	627	425	143	48	182.400	1297	191	181	176	171	167	162	157	151	142	111	147.081	263	166	159	154	150	145	142	139	134	127	108	1	32	588.437	973.810	0	0	0	658	0	0	0	161	0	0	0	0	0	0.000	0.000	0	0	0	0	0	0	0	0	0	0	0
79	79	969	745.414	974.664	87	262	288	251	70	60	328	326	178	57	307.404	4523	416	241	203	192	182	173	165	155	145	120	239.631	865	284	266	253	241	228	214	200	186	168	121	1	43	743.154	965.271	0	0	0	2136	0	0	0	544	0	0	0	1	25	742.593	965.624	0	0	0	2885	0	0	0	635	0	0	0
80	80	1697	226.665	983.683	140	609	651	245	26	114	659	592	272	38	1035.174	1602	1369	1258	1157	1077	1012	969	914	853	739	340	106.603	122	110	109	108	107	106	106	105	104	103	98	0	0	0.000	0.000	0	0	0	0	0	0	0	0	0	0	0	0	0	0.000	0.000	0	0	0	0	0	0	0	0	0	0	0
81	81	1845	685.900	996.091	247	614	599	310	42	145	573	595	381	122	261.957	3236	280	239	229	224	217	210	201	189	171	126	227.894	790	262	246	236	230	224	216	207	196	178	122	1	46	694.001	989.739	0	0	0	1553	0	0	0	393	0	0	0	1	21	695.190	989.041	0	0	0	1790	0	0	0	614	0	0	0
82	82	1856	182.934	1028.905	216	571	678	315	36	214	681	552	309	64	1122.213	1760	1447	1364	1297	1229	1156	1092	1012	905	684	276	107.857	122	112	111	109	108	108	107	106	105	104	97	0	0	0.000	0.000	0	0	0	0	0	0	0	0	0	0	0	0	0	0.000	0.000	0	0	0	0	0	0	0	0	0	0	0
83	83	1303	1536.119	1024.395	109	544	423	148	55	64	447	468	246	56	116.707	135	123	121	119	118	117	115	114	113	111	102	109.743	141	120	115	111	109	108	106	105	104	103	98	0	0	0.000	0.000	0	0	0	0	0	0	0	0	0	0	0	1	251	1539.129	1022.701	0	0	0	117	0	0	0	120	0	0	0
84	84	1161	1253.625	1033.178	122	364	464	175	16	72	299	476	201	82	113.670	134	119	117	116	115	114	113	112	110	108	100	231.809	314	286	266	255	243	231	222	212	201	181	125	0	0	0.000	0.000	0	0	0	0	0	0	0	0	0	0	0	0	0	0.000	0.000	0	0	0	0	0	0	0	0	0	0	0
85	85	871	1501.193	1053.312	142	373	280	52	14	132	412	186	100	23	601.095	881	748	704	664	631	604	576	549	520	454	234	119.482	145	129	125	123	121	119	117	116	114	111	103	0	0	0.000	0.000	0	0	0	0	0	0	0	0	0	0	0	0	0	0.000	0.000	0	0	0	0	0	0	0	0	0	0	0
86	86	1304	640.625	1058.817	357	465	371	73	17	290	501	323	139	30	373.846	674	539	485	442	407	369	331	297	262	222	143	123.395	166	137	131	128	125	122	120	117	115	112	103	0	0	0.000	0.000	0	0	0	0	0	0	0	0	0	0	0	0	0	0.000	0.000	0	0	0	0	0	0	0	0	0	0	0
87	87	1334	1853.652	1106.247	239	404	424	215	38	185	423	430	221	52	115.774	134	121	120	118	117	116	115	114	112	110	101	141.810	178	160	155	151	147	142	138	133	129	123	104	0	0	0.000	0.000	0	0	0	0	0	0	0	0	0	0	0	0	0	0.000	0.000	0	0	0	0	0	0	0	0	0	0	0
88	88	1541	322.059	1111.567	195	607	551	140	15	93	509	653	195	60	190.000	249	219	212	206	201	194	187	179	169	154	117	308.505	435	396	380	360	335	309	285	267	249	215	128	0	0	0.000	0.000	0	0	0	0	0	0	0	0	0	0	0	0	0	0.000	0.000	0	0	0	0	0	0	0	0	0	0	0
89	89	2124	1729.156	1134.138	319	884	653	188	39	295	900	634	220	24	114.378	139	121	119	117	115	114	113	111	110	108	99	115.117	141	124	121	118	116	114	113	111	109	108	101	0	0	0.000	0.000	0	0	0	0	0	0	0	0	0	0	0	0	0	0.000	0.000	0	0	0	0	0	0	0	0	0	0	0
90	90	1687	254.999	1145.176	145	636	592	246	23	100	590	556	329	71	124.173	144	132	129	128	126	124	123	121	119	117	108	129.890	160	142	138	135	132	129	127	125	122	118	105	0	0	0.000	0.000	0	0	0	0	0	0	0	0	0	0	0	0	0	0.000	0.000	0	0	0	0	0	0	0	0	0	0	0
91	91	1036	607.331	1145.008	116	451	318	110	30	57	496	290	141	34	141.771	178	157	151	147	144	141	138	135	132	128	113	109.609	121	114	113	111	110	110	109	108	107	105	100	0	0	0.000	0.000	0	0	0	0	0	0	0	0	0	0	0	0	0	0.000	0.000	0	0	0	0	0	0	0	0	0	0	0
92	92	1745	491.350	1289.514	334	762	542	64	8	165	669	560	242	68	478.641	2266	630	565	520	489	457	426	400	359	305	190	199.147	585	246	230	216	204	192	182	172	162	151	121	1	17	497.659	1277.242	0	0	0	1553	0	0	0	381	0	0	0	1	15	496.557	1275.636	0	0	0	876	0	0	0	443	0	0	0
93	93	1577	142.452	1299.188	154	605	492	269	36	93	521	560	274	103	2047.028	3219	2799	2617	2398	2242	2102	1950	1772	1489	1164	483	201.107	271	241	230	220	214	205	197	186	173	155	111	0	0	0.000	0.000	0	0	0	0	0	0	0	0	0	0	0	0	0	0.000	0.000	0	0	0	0	0	0	0	0	0	0	0
94	94	1138	640.999	1304.655	161	259	352	275	72	139	334	379	204	69	464.622	3528	525	484	462	444	425	405	382	350	279	146	124.406	236	133	128	126	124	122	120	118	116	113	103	1	29	627.559	1307.153	0	0	0	2002	0	0	0	191	0	0	0	1	29	628.014	1306.445	0	0	0	1832	0	0	0	191	0	0	0
95	95	839	1756.744	1301.352	59	280	295	158	33	73	249	298	169	39	526.354	700	640	603	570	545	525	502	479	455	424	295	108.474	126	116	113	110	109	108	107	105	105	103	97	0	0	0.000	0.000	0	0	0	0	0	0	0	0	0	0	0	0	0	0.000	0.000	0	0	0	0	0	0	0	0	0	0	0
96	96	2632	313.210	1332.589	2381	155	44	19	20	2364	171	47	21	18	310.546	650	507	437	392	355	309	248	209	169	140	111	128.611	206	151	143	138	132	126	120	116	112	109	101	0	0	0.000	0.000	0	0	0	0	0	0	0	0	0	0	0	0	0	0.000	0.000	0	0	0	0	0	0	0	0	0	0	0
97	97	532	1660.373	1318.090	288	117	75	32	8	161	218	94	41	14	172.432	245	218	207	196	183	174	160	150	139	126	110	354.632	651	548	489	436	397	360	316	269	211	156	117	0	0	0.000	0.000	0	0	0	0	0	0	0	0	0	0	0	0	0	0.000	0.000	0	0	0	0	0	0	0	0	0	0	0
98	98	1369	1792.973	1334.395	163	414	452	242	58	216	522	368	202	34	113.219	126	118	116	115	114	113	112	111	110	108	102	155.462	198	176	170	165	160	155	150	146	142	136	116	0	0	0.000	0.000	0	0	0	0	0	0	0	0	0	0	0	0	0	0.000	0.000	0	0	0	0	0	0	0	0	0	0	0
99	99	852	1490.219	1332.819	152	296	264	111	12	76	260	272	172	57	112.559	126	117	116	115	114	113	112	111	109	108	102	128.678	160	146	141	137	133	128	125	121	117	111	102	0	0	0.000	0.000	0	0	0	0	0	0	0	0	0	0	0	0	0	0.000	0.000	0	0	0	0	0	0	0	0	0	0	0
100	100	1123	1299.869	1351.803	356	444	261	31	13	221	472	301	82	20	344.714	486	416	396	380	365	347	331	317	304	273	130	111.119	127	119	115	114	112	110	109	108	107	105	96	0	0	0.000	0.000	0	0	0	0	0	0	0	0	0	0	0	0	0	0.000	0.000	0	0	0	0	0	0	0	0	0	0	0
101	101	538	1446.369	1357.029	290	142	43	34	24	305	133	34	31	27	146.807	172	161	157	155	151	149	145	141	138	130	105	142.866	170	157	152	149	146	144	141	138	134	129	108	0	0	0.000	0.000	0	0	0	0	0	0	0	0	0	0	0	0	0	0.000	0.000	0	0	0	0	0	0	0	0	0	0	0
102	102	929	1850.428	1362.328	79	298	336	166	15	60	269	344	197	40	156.257	191	176	170	165	161	157	152	148	144	137	119	146.268	179	164	158	155	151	147	144	139	134	127	107	0	0	0.000	0.000	0	0	0	0	0	0	0	0	0	0	0	0	0	0.000	0.000	0	0	0	0	0	0	0	0	0	0	0
103	103	1301	539.131	1387.488	197	340	412	288	35	117	351	435	302	72	183.607	1867	198	169	163	159	156	152	148	143	135	110	164.021	344	186	178	172	166	161	157	153	148	141	119	1	30	549.319	1389.952	0	0	0	915	0	0	0	214	0	0	0	0	0	0.000	0.000	0	0	0	0	0	0	0	0	0	0	0
104	104	1021	458.296	1399.213	127	374	359	118	18	139	468	306	82	9	302.124	398	359	344	330	317	303	290	277	266	248	161	127.393	154	138	135	132	129	127	125	123	121	117	101	0	0	0.000	0.000	0	0	0	0	0	0	0	0	0	0	0	0	0	0.000	0.000	0	0	0	0	0	0	0	0	0	0	0
105	105	1475	1006.228	1408.231	146	421	545	290	50	112	414	572	296	58	842.700	1438	1264	1106	969	839	765	713	669	636	574	257	107.128	117	111	110	109	108	107	106	105	105	103	98	0	0	0.000	0.000	0	0	0	0	0	0	0	0	0	0	0	0	0	0.000	0.000	0	0	0	0	0	0	0	0	0	0	0
106	106	1185	915.558	1404.226	162	366	330	225	81	134	446	383	163	40	197.155	267	228	219	210	203	197	192	186	178	165	130	106.506	122	112	109	108	107	106	105	104	104	102	97	0	0	0.000	0.000	0	0	0	0	0	0	0	0	0	0	0	0	0	0.000	0.000	0	0	0	0	0	0	0	0	0	0	0
107	107	1150	251.220	1425.780	179	392	398	135	25	112	431	303	205	68	183.753	232	208	202	198	193	187	181	174	165	153	122	125.166	148	135	131	129	127	125	124	122	119	115	101	0	0	0.000	0.000	0	0	0	0	0	0	0	0	0	0	0	0	0	0.000	0.000	0	0	0	0	0	0	0	0	0	0	0
108	108	1048	496.714	1428.212	152	248	333	258	40	87	340	338	201	65	292.979	399	354	333	319	307	294	282	267	252	233	173	125.458	162	143	134	129	125	123	121	119	116	113	101	0	0	0.000	0.000	0	0	0	0	0	0	0	0	0	0	0	0	0	0.000	0.000	0	0	0	0	0	0	0	0	0	0	0
109	109	883	413.335	1444.828	254	299	255	52	12	122	311	263	125	54	167.272	212	195	187	181	175	170	164	156	146	135	112	354.458	526	461	431	407	390	369	345	314	280	219	133	0	0	0.000	0.000	0	0	0	0	0	0	0	0	0	0	0	0	0	0.000	0.000	0	0	0	0	0	0	0	0	0	0	0
110	110	878	956.769	1469.024	140	332	254	107	29	97	361	267	111	20	422.475	626	556	510	482	458	429	399	373	351	284	145	115.806	134	124	121	119	117	116	114	112	111	108	100	0	0	0.000	0.000	0	0	0	0	0	0	0	0	0	0	0	0	0	0.000	0.000	0	0	0	0	0	0	0	0	0	0	0
111	111	963	1045.383	1477.516	159	348	337	88	12	39	336	340	181	40	118.350	136	125	123	121	120	118	117	115	114	112	105	328.873	486	427	398	370	347	323	305	287	268	240	156	0	0	0.000	0.000	0	0	0	0	0	0	0	0	0	0	0	0	0	0.000	0.000	0	0	0	0	0	0	0	0	0	0	0
112	112	1048	1235.157	1523.366	150	408	347	97	20	119	420	344	122	18	118.193	421	124	121	119	118	117	115	114	112	110	102	144.419	186	170	163	156	149	144	138	134	128	120	105	0	0	0.000	0.000	0	0	0	0	0	0	0	0	0	0	0	0	0	0.000	0.000	0	0	0	0	0	0	0	0	0	0	0
113	113	505	1863.823	1561.500	76	144	173	59	37	107	197	116	45	30	111.929	134	117	115	114	113	112	111	110	109	108	103	111.149	121	116	114	113	112	111	110	109	108	107	102	0	0	0.000	0.000	0	0	0	0	0	0	0	0	0	0	0	0	0	0.000	0.000	0	0	0	0	0	0	0	0	0	0	0
114	114	1454	377.619	1591.572	372	463	398	157	38	292	493	401	185	65	111.434	136	118	115	113	112	111	110	109	107	106	100	104.818	116	109	107	106	105	104	104	103	102	101	97	0	0	0.000	0.000	0	0	0	0	0	0	0	0	0	0	0	0	0	0.000	0.000	0	0	0	0	0	0	0	0	0	0	0
115	115	1092	1828.213	1620.315	66	317	383	232	73	35	275	420	269	71	197.350	989	214	204	198	194	189	184	180	173	161	123	142.727	235	162	156	152	147	142	137	133	128	120	107	1	18	1831.798	1605.290	0	0	0	582	0	0	0	163	0	0	0	0	0	0.000	0.000	0	0	0	0	0	0	0	0	0	0	0
116	116	1992	1926.347	1639.313	1195	589	93	62	29	1398	469	78	19	10	122.796	212	131	128	126	124	123	121	119	117	114	103	234.980	333	286	270	259	247	238	227	219	205	178	116	0	0	0.000	0.000	0	0	0	0	0	0	0	0	0	0	0	0	0	0.000	0.000	0	0	0	0	0	0	0	0	0	0	0
117	117	2253	243.017	1651.593	737	934	425	109	7	763	808	519	87	23	113.636	130	119	117	116	115	114	113	111	110	108	100	107.919	124	113	111	110	108	107	107	106	105	103	97	0	0	0.000	0.000	0	0	0	0	0	0	0	0	0	0	0	0	0	0.000	0.000	0	0	0	0	0	0	0	0	0	0	0
118	118	3145	755.910	1664.146	2393	551	129	31	15	2336	595	137	36	13	194.257	538	284	253	232	210	183	156	135	119	110	98	121.285	166	139	133	129	125	120	116	112	108	105	98	0	0	0.000	0.000	0	0	0	0	0	0	0	0	0	0	0	0	0	0.000	0.000	0	0	0	0	0	0	0	0	0	0	0
119	119	1566	843.490	1685.994	338	776	345	58	20	435	873	188	22	18	113.205	129	119	117	115	114	113	112	111	110	108	100	105.784	118	110	108	107	106	106	105	104	103	102	95	0	0	0.000	0.000	0	0	0	0	0	0	0	0	0	0	0	0	0	0.000	0.000	0	0	0	0	0	0	0	0	0	0	0
120	120	1183	1253.443	1716.215	234	421	312	168	19	179	402	420	127	34	271.201	4323	313	210	200	194	189	184	177	165	151	116	156.551	601	176	164	158	153	148	144	139	135	129	107	1	37	1265.693	1708.940	0	0	0	1929	0	0	0	348	0	0	0	1	33	1266.189	1708.603	0	0	0	1598	0	0	0	370	0	0	0
121	121	2686	443.644	1738.429	2141	354	115	44	17	1788	608	144	63	38	162.203	1924	182	169	162	156	148	137	123	114	110	100	127.648	311	147	141	136	131	126	121	116	112	109	100	1	42	445.223	1714.022	0	0	0	949	0	0	0	180	0	0	0	1	19	445.112	1715.053	0	0	0	1200	0	0	0	238	0	0	0
122	122	870	1651.742	1729.419	100	229	283	212	29	50	325	262	172	50	181.066	229	207	199	194	189	184	178	170	163	151	119	129.126	154	142	139	135	132	129	126	123	120	116	106	0	0	0.000	0.000	0	0	0	0	0	0	0	0	0	0	0	0	0	0.000	0.000	0	0	0	0	0	0	0	0	0	0	0
123	123	1534	573.688	1739.974	125	400	526	368	76	115	533	566	256	33	351.027	2204	421	393	369	349	331	311	291	272	243	119	128.782	382	138	132	129	127	125	123	121	118	115	105	1	25	574.256	1740.199	0	0	0	1300	0	0	0	184	0	0	0	1	33	576.136	1739.448	0	0	0	760	0	0	0	256	0	0	0
124	124	1623	1010.008	1747.097	245	674	416	205	52	139	611	501	259	84	113.261	127	118	116	115	114	113	112	111	110	108	100	238.164	313	280	267	257	247	238	230	222	213	198	135	0	0	0.000	0.000	0	0	0	0	0	0	0	0	0	0	0	0	0	0.000	0.000	0	0	0	0	0	0	0	0	0	0	0
125	125	1017	1570.257	1757.233	501	241	170	62	30	521	223	199	54	11	123.861	147	132	129	128	126	124	122	120	118	115	104	432.759	640	572	527	492	464	439	415	391	342	281	141	0	0	0.000	0.000	0	0	0	0	0	0	0	0	0	0	0	0	0	0.000	0.000	0	0	0	0	0	0	0	0	0	0	0
126	126	2150	791.909	1778.621	1637	310	106	53	32	1675	297	116	30	17	112.254	134	121	119	117	115	113	110	107	105	103	95	108.050	125	113	111	110	108	108	107	106	105	104	98	0	0	0.000	0.000	0	0	0	0	0	0	0	0	0	0	0	0	0	0.000	0.000	0	0	0	0	0	0	0	0	0	0	0
127	127	1087	1121.894	1782.485	194	358	335	152	22	120	376	341	179	57	210.810	272	243	235	227	219	213	205	198	190	176	123	108.437	120	113	111	110	109	108	108	107	106	104	100	0	0	0.000	0.000	0	0	0	0	0	0	0	0	0	0	0	0	0	0.000	0.000	0	0	0	0	0	0	0	0	0	0	0
128	128	1198	1657.041	1790.245	172	437	430	107	31	108	404	406	217	36	229.154	304	267	257	250	243	234	222	210	201	187	141	109.733	127	114	113	111	111	110	109	108	107	105	100	0	0	0.000	0.000	0	0	0	0	0	0	0	0	0	0	0	0	0	0.000	0.000	0	0	0	0	0	0	0	0	0	0	0
129	129	2067	835.513	1830.049	402	573	623	384	52	287	675	642	357	56	117.556	132	125	123	121	120	118	117	114	112	109	98	340.410	497	440	412	392	374	351	326	300	273	223	121	0	0	0.000	0.000	0	0	0	0	0	0	0	0	0	0	0	0	0	0.000	0.000	0	0	0	0	0	0	0	0	0	0	0
130	130	1084	1402.554	1873.601	257	320	302	157	27	165	378	323	157	39	111.427	127	117	115	114	113	112	110	109	108	106	96	111.446	128	118	115	113	112	111	110	109	107	106	101	0	0	0.000	0.000	0	0	0	0	0	0	0	0	0	0	0	0	0	0.000	0.000	0	0	0	0	0	0	0	0	0	0	0
131	131	2666	1910.211	1888.022	646	1191	669	82	15	832	1203	513	41	14	1348.514	24711	1977	430	275	232	210	197	187	174	155	112	313.542	3779	393	220	199	186	176	169	162	154	141	109	1	237	1901.785	1885.172	0	0	0	10887	0	0	0	1375	0	0	0	1	185	1901.962	1884.736	0	0	0	14912	0	0	0	1817	0	0	0
132	132	1114	1724.711	1886.846	233	381	274	154	49	148	357	382	172	36	424.393	7793	678	201	184	177	170	165	159	154	145	122	258.197	1056	306	282	264	250	235	222	213	202	188	143	1	62	1740.827	1883.515	0	0	0	3356	0	0	0	590	0	0	0	1	36	1740.751	1882.300	0	0	0	3866	0	0	0	743	0	0	0
133	133	1465	245.955	1894.760	245	467	460	208	58	216	424	523	213	57	220.928	4386	223	207	196	188	182	176	170	162	152	109	170.261	1142	186	177	171	166	161	156	151	145	139	106	0	0	0.000	0.000	0	0	0	0	0	0	0	0	0	0	0	0	0	0.000	0.000	0	0	0	0	0	0	0	0	0	0	0
134	134	1578	591.083	1920.127	512	579	353	85	32	372	627	395	127	28	721.311	14390	1067	396	264	217	196	185	175	164	151	116	325.961	2023	407	324	301	283	271	262	253	236	212	156	1	105	595.358	1916.347	0	0	0	5848	0	0	0	909	0	0	0	1	70	595.729	1915.800	0	0	0	8685	0	0	0	1234	0	0	0
135	135	1813	236.605	1959.231	568	715	394	85	22	347	681	531	200	20	340.543	526	441	406	377	361	345	330	313	287	233	112	106.698	119	111	109	108	107	107	106	105	104	103	98	0	0	0.000	0.000	0	0	0	0	0	0	0	0	0	0	0	0	0	0.000	0.000	0	0	0	0	0	0	0	0	0	0	0
136	136	1434	449.178	1967.387	148	555	518	166	13	129	532	419	277	52	118.334	597	121	117	115	113	112	111	110	108	106	100	141.013	172	155	151	148	145	142	139	136	132	126	102	1	32	436.445	1953.341	0	0	0	306	0	0	0	139	0	0	0	0	0	0.000	0.000	0	0	0	0	0	0	0	0	0	0	0
137	137	1751	1045.536	1973.234	1428	229	38	23	14	1343	321	37	25	12	330.596	1564	1011	493	206	179	164	153	142	127	117	105	131.658	193	171	161	148	135	122	114	111	108	105	98	0	0	0.000	0.000	0	0	0	0	0	0	0	0	0	0	0	0	0	0.000	0.000	0	0	0	0	0	0	0	0	0	0	0
138	138	948	1539.040	1981.624	118	275	286	186	66	64	283	343	195	44	111.268	126	117	115	113	112	111	110	109	108	106	101	184.070	238	217	208	199	189	182	177	172	165	153	119	0	0	0.000	0.000	0	0	0	0	0	0	0	0	0	0	0	0	0	0.000	0.000	0	0	0	0	0	0	0	0	0	0	0
