 	cell	area	x	y	BFI_lev_b1	BFI_lev_b2	BFI_lev_b3	BFI_lev_b4	BFI_lev_b5	BFO_lev_b1	BFO_lev_b2	BFO_lev_b3	BFO_lev_b4	BFO_lev_b5	GFP_int_mean	GFP_int_b0	GFP_int_b1	GFP_int_b2	GFP_int_b3	GFP_int_b4	GFP_int_b5	GFP_int_b6	GFP_int_b7	GFP_int_b8	GFP_int_b9	GFP_int_b10	RFP_int_mean	RFP_int_b0	RFP_int_b1	RFP_int_b2	RFP_int_b3	RFP_int_b4	RFP_int_b5	RFP_int_b6	RFP_int_b7	RFP_int_b8	RFP_int_b9	RFP_int_b10	inGFPnfoci	f1_inGFParea	f1_inGFPx	f1_inGFPy	f2_inGFParea	f2_inGFPx	f2_inGFPy	f1_inGFP_toGFPmed	f1_inGFP_toGFPmean	f2_inGFP_toGFPmed	f2_inGFP_toGFPmean	f1_inGFP_toRFPmed	f1_inGFP_toRFPmean	f2_inGFP_toRFPmed	f2_inGFP_toRFPmean	inRFPnfoci	f1_inRFParea	f1_inRFPx	f1_inRFPy	f2_inRFParea	f2_inRFPx	f2_inRFPy	f1_inRFP_toGFPmed	f1_inRFP_toGFPmean	f2_inRFP_toGFPmed	f2_inRFP_toGFPmean	f1_inRFP_toRFPmed	f1_inRFP_toRFPmean	f2_inRFP_toRFPmed	f2_inRFP_toRFPmean
1	1	1375	598.501	100.892	812	459	76	11	7	471	502	301	58	20	1572.660	2674	2159	2015	1855	1728	1622	1509	1361	1184	890	283	117.071	137	126	123	121	120	118	116	113	111	107	98	0	0	0.000	0.000	0	0	0	0	0	0	0	0	0	0	0	0	0	0.000	0.000	0	0	0	0	0	0	0	0	0	0	0
2	2	943	1062.382	100.400	119	290	276	194	39	98	333	287	154	45	244.027	368	316	296	281	270	257	239	218	188	147	110	113.191	132	122	120	118	116	114	111	108	106	104	98	0	0	0.000	0.000	0	0	0	0	0	0	0	0	0	0	0	0	0	0.000	0.000	0	0	0	0	0	0	0	0	0	0	0
3	3	1626	501.313	110.651	268	443	540	315	30	189	444	558	278	118	142.838	177	162	156	152	148	145	141	137	129	119	103	272.998	410	362	337	315	296	278	262	241	213	171	112	0	0	0.000	0.000	0	0	0	0	0	0	0	0	0	0	0	0	0	0.000	0.000	0	0	0	0	0	0	0	0	0	0	0
4	4	1134	1922.502	114.158	187	382	331	184	27	164	380	297	205	67	200.212	255	234	225	217	210	204	199	191	178	157	115	119.829	145	129	126	124	122	120	118	116	114	111	101	0	0	0.000	0.000	0	0	0	0	0	0	0	0	0	0	0	0	0	0.000	0.000	0	0	0	0	0	0	0	0	0	0	0
5	5	1833	1737.619	130.864	330	500	514	341	120	289	737	466	251	62	2140.008	25691	6656	1213	554	339	230	187	169	155	138	105	470.450	4754	1256	344	207	166	147	138	132	127	119	101	1	251	1740.646	129.699	0	0	0	12404	0	0	0	2002	0	0	0	1	233	1739.962	129.090	0	0	0	13234	0	0	0	2267	0	0	0
6	6	992	281.903	136.051	299	252	255	140	33	219	256	303	158	43	110.690	130	119	116	114	113	110	109	107	105	103	92	390.030	621	567	538	505	465	415	371	306	229	159	107	0	0	0.000	0.000	0	0	0	0	0	0	0	0	0	0	0	0	0	0.000	0.000	0	0	0	0	0	0	0	0	0	0	0
7	7	2443	1291.105	148.171	581	1033	701	80	14	314	975	727	310	62	112.192	126	118	116	115	114	112	111	110	108	105	95	158.282	212	185	178	172	166	161	155	148	139	127	103	0	0	0.000	0.000	0	0	0	0	0	0	0	0	0	0	0	0	0	0.000	0.000	0	0	0	0	0	0	0	0	0	0	0
8	8	1887	1500.837	150.063	313	579	687	234	38	227	565	655	315	91	149.777	1819	147	131	127	124	122	120	117	114	110	99	134.100	502	149	142	137	132	129	125	122	116	110	101	1	49	1485.540	154.117	0	0	0	881	0	0	0	294	0	0	0	1	40	1485.739	153.538	0	0	0	961	0	0	0	323	0	0	0
9	9	2052	1422.702	159.931	382	624	610	336	58	278	547	686	378	109	391.046	11112	361	178	149	137	130	126	122	118	113	100	154.689	756	177	158	150	144	140	135	131	125	118	101	1	79	1422.036	151.330	0	0	0	4996	0	0	0	428	0	0	0	1	79	1422.149	150.881	0	0	0	4996	0	0	0	428	0	0	0
10	10	1656	111.544	156.067	243	523	590	222	41	166	363	685	307	102	1164.697	19383	2167	519	351	302	275	260	246	223	179	113	347.569	4625	672	212	153	136	131	127	124	120	114	102	1	140	105.434	156.116	0	0	0	8831	0	0	0	2136	0	0	0	1	140	105.434	155.801	0	0	0	8831	0	0	0	2136	0	0	0
11	11	1831	713.472	156.623	771	608	273	104	52	873	566	290	53	20	1092.661	11252	1583	1380	1191	1044	913	811	690	587	495	153	154.793	1710	153	144	138	133	129	125	123	119	114	99	1	46	710.928	141.148	0	0	0	6005	0	0	0	890	0	0	0	1	53	710.621	140.857	0	0	0	4593	0	0	0	774	0	0	0
12	12	1253	591.194	168.881	141	376	450	217	43	90	363	517	204	50	133.129	156	145	141	139	136	134	132	129	125	120	106	115.103	130	122	120	118	116	115	113	112	110	109	101	0	0	0.000	0.000	0	0	0	0	0	0	0	0	0	0	0	0	0	0.000	0.000	0	0	0	0	0	0	0	0	0	0	0
13	13	1806	492.778	170.237	367	541	566	294	18	266	438	682	259	136	708.271	13477	885	519	437	383	336	299	259	232	190	110	211.694	2800	262	156	141	134	128	124	120	117	112	103	1	84	495.143	162.981	0	0	0	6290	0	0	0	1067	0	0	0	1	97	495.928	163.399	0	0	0	5381	0	0	0	1238	0	0	0
14	14	1702	1152.842	170.503	400	523	493	217	32	288	692	445	217	37	733.484	16507	931	286	185	152	136	129	125	120	113	99	243.392	2550	304	203	187	175	168	161	154	144	125	101	1	103	1155.309	163.288	0	0	0	7541	0	0	0	1127	0	0	0	1	95	1155.194	162.995	0	0	0	7984	0	0	0	1176	0	0	0
15	15	1655	1554.724	176.365	411	470	521	185	42	357	644	446	159	23	113.804	131	122	120	118	116	114	112	111	108	105	98	459.716	727	647	613	578	539	492	444	384	307	192	108	0	0	0.000	0.000	0	0	0	0	0	0	0	0	0	0	0	0	0	0.000	0.000	0	0	0	0	0	0	0	0	0	0	0
16	16	1084	1654.573	170.910	104	182	317	321	142	70	257	459	223	51	108.667	122	114	112	111	110	109	107	107	105	104	99	164.441	221	196	188	181	174	167	162	156	144	121	100	0	0	0.000	0.000	0	0	0	0	0	0	0	0	0	0	0	0	0	0.000	0.000	0	0	0	0	0	0	0	0	0	0	0
17	17	1115	1767.898	175.117	936	102	44	17	11	867	144	53	24	15	158.430	255	189	177	170	164	158	151	143	137	129	114	198.110	336	268	250	236	224	209	189	155	130	119	103	0	0	0.000	0.000	0	0	0	0	0	0	0	0	0	0	0	0	0	0.000	0.000	0	0	0	0	0	0	0	0	0	0	0
18	18	2181	662.721	186.286	514	667	575	337	61	398	735	624	267	124	1119.595	1995	1635	1463	1322	1217	1129	1047	949	802	589	144	132.214	172	150	145	140	137	133	129	125	120	113	100	0	0	0.000	0.000	0	0	0	0	0	0	0	0	0	0	0	0	0	0.000	0.000	0	0	0	0	0	0	0	0	0	0	0
19	19	1848	1607.406	188.809	353	635	618	185	27	252	519	682	281	71	108.909	121	114	112	111	110	109	108	107	105	104	98	180.196	245	216	207	198	190	182	175	166	156	140	105	0	0	0.000	0.000	0	0	0	0	0	0	0	0	0	0	0	0	0	0.000	0.000	0	0	0	0	0	0	0	0	0	0	0
20	20	1589	1314.030	198.943	413	666	381	84	15	299	803	336	114	20	110.708	122	116	114	113	112	111	110	108	107	105	98	131.011	157	144	140	137	135	133	130	126	121	115	99	0	0	0.000	0.000	0	0	0	0	0	0	0	0	0	0	0	0	0	0.000	0.000	0	0	0	0	0	0	0	0	0	0	0
21	21	1065	450.225	200.617	234	183	359	223	54	221	214	403	160	44	303.930	474	404	382	360	338	320	304	271	226	157	105	121.683	144	134	131	129	126	124	120	116	112	106	99	0	0	0.000	0.000	0	0	0	0	0	0	0	0	0	0	0	0	0	0.000	0.000	0	0	0	0	0	0	0	0	0	0	0
22	22	2727	1829.433	212.042	594	1063	802	199	21	398	840	956	363	124	2629.630	29300	8565	1191	545	394	338	305	279	246	198	126	502.605	4640	1331	340	226	196	180	168	157	147	133	105	1	420	1827.809	207.489	0	0	0	14350	0	0	0	2051	0	0	0	1	369	1827.570	207.025	0	0	0	17195	0	0	0	2333	0	0	0
23	23	2256	276.203	227.228	730	830	585	65	11	464	803	600	298	57	114.771	140	124	121	119	117	115	113	110	108	105	97	425.111	685	598	566	527	489	450	399	349	290	206	110	0	0	0.000	0.000	0	0	0	0	0	0	0	0	0	0	0	0	0	0.000	0.000	0	0	0	0	0	0	0	0	0	0	0
24	24	2215	104.994	225.375	801	701	497	155	36	597	787	504	244	46	127.707	162	145	140	137	133	129	125	120	114	107	98	2222.592	4010	3502	3259	3020	2698	2413	2061	1651	1118	527	175	0	0	0.000	0.000	0	0	0	0	0	0	0	0	0	0	0	0	0	0.000	0.000	0	0	0	0	0	0	0	0	0	0	0
25	25	1555	1145.020	252.053	263	440	453	312	57	240	462	497	259	70	336.252	494	422	399	381	367	355	340	317	277	208	111	127.408	151	140	136	133	131	128	126	123	118	112	98	0	0	0.000	0.000	0	0	0	0	0	0	0	0	0	0	0	0	0	0.000	0.000	0	0	0	0	0	0	0	0	0	0	0
26	26	1894	579.114	261.268	154	457	699	481	61	163	692	706	255	46	182.616	2122	180	169	163	159	155	150	146	139	130	107	120.828	216	131	126	124	122	120	118	115	113	110	102	1	44	595.488	253.769	0	0	0	1120	0	0	0	165	0	0	0	1	27	596.209	253.416	0	0	0	1376	0	0	0	188	0	0	0
27	27	2557	1876.916	279.040	355	813	889	387	68	254	739	1003	403	117	395.594	7980	380	245	234	226	218	208	197	184	163	116	204.189	1076	235	219	207	195	186	178	169	159	142	107	1	108	1872.504	294.530	0	0	0	3604	0	0	0	574	0	0	0	1	86	1872.145	294.586	0	0	0	4223	0	0	0	647	0	0	0
28	28	903	1825.032	275.426	114	291	299	163	23	64	301	290	165	61	231.693	317	288	274	263	252	238	224	209	193	164	110	156.360	206	185	178	172	166	160	153	145	135	119	103	0	0	0.000	0.000	0	0	0	0	0	0	0	0	0	0	0	0	0	0.000	0.000	0	0	0	0	0	0	0	0	0	0	0
29	29	2092	1376.903	297.258	405	703	608	310	30	308	725	607	329	86	985.842	18752	1469	427	280	235	212	197	184	167	142	101	173.625	1594	225	133	120	115	113	111	109	107	105	98	1	153	1378.255	299.347	0	0	0	8412	0	0	0	749	0	0	0	1	151	1378.105	298.551	0	0	0	8393	0	0	0	776	0	0	0
30	30	1734	1716.053	294.415	408	620	465	172	32	248	538	490	366	62	116.027	140	123	121	119	118	116	115	113	111	109	101	209.435	289	257	244	232	222	211	198	187	176	162	123	0	0	0.000	0.000	0	0	0	0	0	0	0	0	0	0	0	0	0	0.000	0.000	0	0	0	0	0	0	0	0	0	0	0
31	31	1312	527.905	306.422	212	347	440	249	39	176	439	416	209	41	1106.857	1829	1512	1385	1306	1248	1187	1069	942	807	589	207	154.811	208	182	175	170	163	156	148	141	135	125	106	0	0	0.000	0.000	0	0	0	0	0	0	0	0	0	0	0	0	0	0.000	0.000	0	0	0	0	0	0	0	0	0	0	0
32	32	1530	576.128	311.580	212	454	603	195	30	167	471	555	260	46	1309.595	6121	1854	1645	1506	1385	1254	1121	980	861	694	204	171.069	766	194	179	172	166	160	152	145	137	129	104	1	19	575.177	315.543	0	0	0	4848	0	0	0	580	0	0	0	1	47	575.962	315.481	0	0	0	3637	0	0	0	464	0	0	0
33	33	1841	1215.445	333.411	442	559	571	204	36	348	607	473	300	81	112.129	133	119	117	115	113	112	110	109	107	105	99	217.449	324	270	257	246	237	227	214	196	173	146	104	0	0	0.000	0.000	0	0	0	0	0	0	0	0	0	0	0	0	0	0.000	0.000	0	0	0	0	0	0	0	0	0	0	0
34	34	1720	1769.591	352.180	948	426	188	118	16	873	495	194	107	25	1361.622	23757	2051	388	233	192	171	160	150	140	129	103	375.152	6207	558	204	174	160	151	146	141	135	127	102	1	154	1769.710	359.706	0	0	0	11227	0	0	0	1822	0	0	0	1	110	1769.618	359.162	0	0	0	16468	0	0	0	2715	0	0	0
35	35	1145	1347.832	356.733	213	392	364	146	22	165	451	273	149	88	315.136	520	420	378	357	338	326	310	283	244	186	108	140.941	178	160	155	149	145	142	137	133	128	121	105	0	0	0.000	0.000	0	0	0	0	0	0	0	0	0	0	0	0	0	0.000	0.000	0	0	0	0	0	0	0	0	0	0	0
36	36	2284	1906.290	373.064	392	740	668	352	76	395	834	651	258	95	1786.826	24786	3923	685	340	243	198	174	163	152	140	111	382.005	2814	647	319	286	264	249	233	214	198	172	118	1	264	1902.066	368.993	0	0	0	11998	0	0	0	1287	0	0	0	1	205	1902.379	367.788	0	0	0	15031	0	0	0	1614	0	0	0
37	37	1107	360.952	392.876	157	431	364	117	15	72	280	457	185	91	128.933	152	141	138	136	133	131	128	126	120	111	100	105.185	118	110	108	107	106	105	104	103	102	101	96	0	0	0.000	0.000	0	0	0	0	0	0	0	0	0	0	0	0	0	0.000	0.000	0	0	0	0	0	0	0	0	0	0	0
38	38	931	835.769	403.671	437	248	115	81	36	438	245	158	69	12	199.033	381	260	232	217	206	197	185	176	162	137	109	245.270	625	353	299	269	252	235	220	204	184	142	105	0	0	0.000	0.000	0	0	0	0	0	0	0	0	0	0	0	0	0	0.000	0.000	0	0	0	0	0	0	0	0	0	0	0
39	39	2237	1742.330	429.673	523	753	685	209	24	449	906	535	269	45	115.360	131	122	120	119	117	116	114	113	110	108	100	329.689	454	418	402	388	373	355	331	300	255	191	117	0	0	0.000	0.000	0	0	0	0	0	0	0	0	0	0	0	0	0	0.000	0.000	0	0	0	0	0	0	0	0	0	0	0
40	40	1616	1896.323	431.964	299	745	420	99	19	201	767	386	193	42	1133.015	1904	1537	1411	1305	1215	1129	1064	984	881	759	179	117.902	140	127	124	122	120	118	116	114	112	109	98	0	0	0.000	0.000	0	0	0	0	0	0	0	0	0	0	0	0	0	0.000	0.000	0	0	0	0	0	0	0	0	0	0	0
41	41	1339	876.429	449.302	604	342	283	75	16	426	370	385	109	29	323.704	3628	432	254	230	217	207	200	189	168	145	108	472.916	7009	748	300	248	229	214	202	190	172	145	110	1	77	881.431	454.141	0	0	0	1803	0	0	0	3646	0	0	0	1	89	881.175	454.016	0	0	0	1515	0	0	0	3121	0	0	0
42	42	939	1693.892	438.779	267	246	223	160	29	203	276	271	131	35	113.289	134	123	121	118	116	113	111	108	106	103	97	176.414	276	247	233	217	203	174	154	136	114	106	100	0	0	0.000	0.000	0	0	0	0	0	0	0	0	0	0	0	0	0	0.000	0.000	0	0	0	0	0	0	0	0	0	0	0
43	43	1014	823.310	450.461	90	230	398	248	26	81	209	436	208	60	149.716	1779	167	129	124	121	119	117	115	113	110	101	154.250	285	176	168	162	156	152	148	143	139	133	112	1	29	818.653	458.027	0	0	0	752	0	0	0	182	0	0	0	0	0	0.000	0.000	0	0	0	0	0	0	0	0	0	0	0
44	44	1737	1556.818	464.383	895	595	184	32	7	734	543	331	85	13	111.696	135	120	117	115	113	112	110	108	106	104	97	221.091	381	306	273	247	231	218	204	189	169	140	107	0	0	0.000	0.000	0	0	0	0	0	0	0	0	0	0	0	0	0	0.000	0.000	0	0	0	0	0	0	0	0	0	0	0
45	45	1780	502.246	475.295	160	455	673	403	59	95	441	720	344	141	188.497	2636	196	161	155	149	145	141	136	130	123	104	118.184	315	125	120	118	116	114	113	111	109	107	99	1	52	511.448	466.545	0	0	0	1153	0	0	0	126	0	0	0	1	48	506.724	465.272	0	0	0	269	0	0	0	214	0	0	0
46	46	1157	199.280	470.949	111	290	457	236	43	106	385	421	171	53	131.164	157	144	141	139	136	134	131	127	122	111	101	107.926	121	114	111	110	109	108	106	106	104	103	96	0	0	0.000	0.000	0	0	0	0	0	0	0	0	0	0	0	0	0	0.000	0.000	0	0	0	0	0	0	0	0	0	0	0
47	47	1020	1871.494	470.815	159	282	298	212	48	115	329	311	184	63	1007.272	1753	1400	1271	1197	1130	1063	981	881	747	481	179	116.139	133	124	122	120	118	116	114	112	111	108	100	0	0	0.000	0.000	0	0	0	0	0	0	0	0	0	0	0	0	0	0.000	0.000	0	0	0	0	0	0	0	0	0	0	0
48	48	879	1911.872	488.168	146	283	234	145	52	130	352	250	94	28	111.020	134	117	115	113	112	111	110	108	107	106	98	152.679	193	172	165	160	157	153	150	147	141	131	109	0	0	0.000	0.000	0	0	0	0	0	0	0	0	0	0	0	0	0	0.000	0.000	0	0	0	0	0	0	0	0	0	0	0
49	49	1761	1003.012	499.819	371	707	436	195	16	277	693	512	212	39	876.409	12018	1157	812	722	653	578	511	457	408	325	146	148.519	1162	166	133	126	122	119	117	115	113	110	101	1	72	1002.598	490.310	0	0	0	6079	0	0	0	618	0	0	0	1	77	1003.097	489.837	0	0	0	5930	0	0	0	590	0	0	0
50	50	2707	1067.154	510.188	459	856	965	338	47	394	915	838	451	59	116.093	132	123	121	119	118	116	115	114	112	109	98	624.891	951	846	792	742	696	651	614	551	457	348	159	0	0	0.000	0.000	0	0	0	0	0	0	0	0	0	0	0	0	0	0.000	0.000	0	0	0	0	0	0	0	0	0	0	0
51	51	1847	1370.317	519.473	249	694	578	274	15	210	521	700	282	112	629.728	1080	937	834	728	660	615	568	524	469	348	138	128.306	163	144	138	133	130	127	125	122	119	115	104	0	0	0.000	0.000	0	0	0	0	0	0	0	0	0	0	0	0	0	0.000	0.000	0	0	0	0	0	0	0	0	0	0	0
52	52	1919	887.652	526.446	290	589	608	320	71	236	804	487	309	37	642.314	15636	791	248	163	143	135	132	128	124	118	103	335.834	5778	421	194	156	147	143	140	136	131	119	103	1	104	882.564	524.336	0	0	0	7086	0	0	0	2808	0	0	0	1	112	882.004	523.864	0	0	0	5806	0	0	0	2777	0	0	0
53	53	2091	468.060	532.190	254	606	709	392	90	218	790	713	295	33	818.523	17443	825	258	197	176	164	155	147	138	127	101	184.920	1928	197	133	125	121	118	115	113	111	108	98	1	155	456.471	528.051	0	0	0	7546	0	0	0	869	0	0	0	1	149	456.457	527.892	0	0	0	7935	0	0	0	914	0	0	0
54	54	1724	602.073	527.335	160	447	680	315	89	101	445	717	328	102	121.373	143	130	128	125	124	122	120	118	115	112	100	110.128	126	117	114	112	111	110	108	107	106	104	95	0	0	0.000	0.000	0	0	0	0	0	0	0	0	0	0	0	0	0	0.000	0.000	0	0	0	0	0	0	0	0	0	0	0
55	55	1472	951.775	529.182	159	446	552	225	60	191	649	402	166	30	467.916	679	591	567	544	518	496	470	442	398	270	119	116.357	136	123	121	119	118	117	116	114	112	108	97	0	0	0.000	0.000	0	0	0	0	0	0	0	0	0	0	0	0	0	0.000	0.000	0	0	0	0	0	0	0	0	0	0	0
56	56	1367	1751.625	545.494	202	428	448	245	26	74	329	514	275	148	162.786	866	180	172	167	161	155	148	143	137	129	104	139.265	291	158	152	147	142	137	132	128	124	120	106	1	40	1735.590	536.738	0	0	0	431	0	0	0	147	0	0	0	1	14	1739.558	534.906	0	0	0	198	0	0	0	251	0	0	0
57	57	1362	1701.975	553.068	206	551	448	119	15	107	527	486	193	31	111.716	125	117	115	114	113	112	111	109	108	106	99	140.696	177	159	154	149	145	141	137	133	129	123	104	0	0	0.000	0.000	0	0	0	0	0	0	0	0	0	0	0	0	0	0.000	0.000	0	0	0	0	0	0	0	0	0	0	0
58	58	1605	1353.258	568.688	259	357	548	326	87	217	347	618	260	135	723.052	1182	989	921	861	803	755	693	623	526	406	146	130.769	166	148	143	140	137	133	129	124	117	108	100	0	0	0.000	0.000	0	0	0	0	0	0	0	0	0	0	0	0	0	0.000	0.000	0	0	0	0	0	0	0	0	0	0	0
59	59	2638	524.943	594.785	839	1032	571	132	26	836	1233	414	102	16	119.557	152	129	126	124	122	120	118	115	113	109	99	661.305	1140	898	851	820	787	727	647	556	455	286	118	0	0	0.000	0.000	0	0	0	0	0	0	0	0	0	0	0	0	0	0.000	0.000	0	0	0	0	0	0	0	0	0	0	0
60	60	973	1636.815	588.293	149	320	330	128	27	120	374	285	149	25	109.717	123	115	113	112	111	110	109	107	106	104	98	153.716	206	183	174	168	160	154	148	143	135	122	103	0	0	0.000	0.000	0	0	0	0	0	0	0	0	0	0	0	0	0	0.000	0.000	0	0	0	0	0	0	0	0	0	0	0
61	61	1929	1744.163	606.095	370	735	557	190	44	355	936	481	103	23	1010.342	20675	1428	404	241	193	173	164	156	148	136	113	408.267	6773	585	222	177	164	156	149	142	134	125	107	1	137	1744.438	610.343	0	0	0	9040	0	0	0	2956	0	0	0	1	130	1744.680	610.190	0	0	0	10118	0	0	0	3121	0	0	0
62	62	1448	427.750	595.960	126	294	585	315	106	106	339	735	171	69	109.954	125	115	113	112	111	110	109	108	107	105	99	133.178	161	146	142	139	136	134	131	128	125	118	107	0	0	0.000	0.000	0	0	0	0	0	0	0	0	0	0	0	0	0	0.000	0.000	0	0	0	0	0	0	0	0	0	0	0
63	63	1152	969.644	593.480	72	228	491	265	70	101	327	466	166	78	129.223	153	139	136	134	132	130	127	125	122	118	106	219.127	291	267	253	242	232	223	210	201	188	168	128	0	0	0.000	0.000	0	0	0	0	0	0	0	0	0	0	0	0	0	0.000	0.000	0	0	0	0	0	0	0	0	0	0	0
64	64	1815	283.865	624.399	193	520	684	338	56	186	623	664	269	41	109.561	122	115	113	112	111	110	108	107	106	105	94	236.023	367	305	282	266	252	236	220	203	187	165	121	0	0	0.000	0.000	0	0	0	0	0	0	0	0	0	0	0	0	0	0.000	0.000	0	0	0	0	0	0	0	0	0	0	0
65	65	536	708.942	612.252	283	119	77	36	10	161	128	141	75	27	144.715	194	178	169	161	152	143	136	127	120	113	103	248.312	431	364	331	305	270	242	214	184	161	145	116	0	0	0.000	0.000	0	0	0	0	0	0	0	0	0	0	0	0	0	0.000	0.000	0	0	0	0	0	0	0	0	0	0	0
66	66	1523	1014.879	622.149	261	548	545	122	19	164	687	479	155	13	284.797	5785	329	179	153	143	137	132	127	122	115	99	226.559	773	290	266	249	233	215	200	187	174	141	108	1	68	1012.473	616.078	0	0	0	2495	0	0	0	480	0	0	0	1	35	1011.980	614.601	0	0	0	1954	0	0	0	597	0	0	0
67	67	1841	1831.609	635.177	339	787	537	124	15	228	698	626	204	47	806.616	15011	1302	392	226	178	158	149	142	137	130	104	241.486	1660	336	230	207	190	178	170	162	152	135	104	1	140	1836.412	637.029	0	0	0	6655	0	0	0	846	0	0	0	1	128	1836.369	636.837	0	0	0	7026	0	0	0	915	0	0	0
68	68	561	796.844	623.314	188	166	93	75	28	181	214	109	38	12	197.747	305	260	238	221	209	195	184	175	161	139	105	106.977	119	111	109	108	108	107	106	105	104	103	97	0	0	0.000	0.000	0	0	0	0	0	0	0	0	0	0	0	0	0	0.000	0.000	0	0	0	0	0	0	0	0	0	0	0
69	69	1029	1114.124	635.680	180	274	313	191	53	169	358	306	141	36	128.979	149	140	137	135	133	131	129	125	121	114	101	121.512	150	135	131	128	125	122	118	115	111	107	100	0	0	0.000	0.000	0	0	0	0	0	0	0	0	0	0	0	0	0	0.000	0.000	0	0	0	0	0	0	0	0	0	0	0
70	70	1610	885.265	652.702	270	525	559	192	28	196	501	540	271	65	900.843	16822	1394	396	232	182	156	144	136	129	122	105	370.665	2702	530	382	336	307	282	257	232	204	154	108	1	123	887.841	655.651	0	0	0	7502	0	0	0	1017	0	0	0	1	101	886.232	654.798	0	0	0	4142	0	0	0	1516	0	0	0
71	71	1828	1682.357	660.047	335	743	505	194	20	317	663	500	254	44	289.138	443	363	345	329	314	299	280	257	232	195	117	134.353	167	151	146	142	139	135	131	127	122	116	103	0	0	0.000	0.000	0	0	0	0	0	0	0	0	0	0	0	0	0	0.000	0.000	0	0	0	0	0	0	0	0	0	0	0
72	72	1204	318.290	658.959	225	209	326	309	116	194	360	365	194	60	110.524	123	116	115	113	112	111	110	108	106	104	99	268.069	404	347	329	313	296	280	262	239	206	163	109	0	0	0.000	0.000	0	0	0	0	0	0	0	0	0	0	0	0	0	0.000	0.000	0	0	0	0	0	0	0	0	0	0	0
73	73	1182	1412.903	673.899	160	488	412	87	17	118	457	361	157	66	187.801	917	227	213	203	192	181	171	160	149	136	107	121.101	185	134	130	126	123	120	117	115	113	110	102	1	16	1418.089	678.127	0	0	0	556	0	0	0	144	0	0	0	0	0	0.000	0.000	0	0	0	0	0	0	0	0	0	0	0
74	74	1482	202.359	686.795	344	513	482	105	20	271	570	353	240	31	150.352	1316	157	145	141	138	135	132	129	125	119	102	117.034	223	127	122	120	117	115	113	112	110	107	98	1	32	206.552	677.426	0	0	0	605	0	0	0	142	0	0	0	1	29	206.127	678.794	0	0	0	473	0	0	0	171	0	0	0
75	75	1504	1035.186	690.861	236	573	466	178	25	149	372	586	279	86	333.767	3068	419	355	327	308	294	283	269	254	214	129	113.860	223	122	117	115	112	111	110	109	107	106	98	1	30	1048.320	693.384	0	0	0	1609	0	0	0	146	0	0	0	1	39	1049.731	694.433	0	0	0	865	0	0	0	166	0	0	0
76	76	511	938.389	681.993	200	111	105	76	12	158	102	137	88	15	134.378	182	161	151	145	140	135	129	122	114	109	101	208.297	316	279	269	260	248	228	197	162	130	115	105	0	0	0.000	0.000	0	0	0	0	0	0	0	0	0	0	0	0	0	0.000	0.000	0	0	0	0	0	0	0	0	0	0	0
77	77	991	1138.357	718.497	385	334	180	58	20	209	393	262	75	35	120.130	143	130	127	124	122	120	118	116	113	110	102	172.661	229	205	197	191	184	178	169	159	148	131	111	0	0	0.000	0.000	0	0	0	0	0	0	0	0	0	0	0	0	0	0.000	0.000	0	0	0	0	0	0	0	0	0	0	0
78	78	1929	1713.394	717.054	296	720	596	236	38	205	716	588	308	77	110.605	127	115	114	113	112	111	110	109	107	105	97	123.271	147	134	130	128	126	124	122	119	116	112	100	0	0	0.000	0.000	0	0	0	0	0	0	0	0	0	0	0	0	0	0.000	0.000	0	0	0	0	0	0	0	0	0	0	0
79	79	1793	73.950	734.008	242	615	624	256	29	149	684	654	233	33	145.461	176	160	156	153	150	147	144	140	134	128	112	142.600	178	159	155	152	147	143	139	135	130	124	108	0	0	0.000	0.000	0	0	0	0	0	0	0	0	0	0	0	0	0	0.000	0.000	0	0	0	0	0	0	0	0	0	0	0
80	80	2437	128.939	751.730	564	796	795	235	17	382	868	728	329	79	114.716	137	122	120	118	116	115	113	111	110	107	95	272.459	392	342	317	301	289	277	265	252	227	193	121	0	0	0.000	0.000	0	0	0	0	0	0	0	0	0	0	0	0	0	0.000	0.000	0	0	0	0	0	0	0	0	0	0	0
81	81	1806	1757.240	753.526	536	675	363	164	38	476	679	375	208	29	109.050	123	114	112	111	110	109	108	107	106	104	98	124.913	156	141	136	131	127	124	120	118	114	111	103	0	0	0.000	0.000	0	0	0	0	0	0	0	0	0	0	0	0	0	0.000	0.000	0	0	0	0	0	0	0	0	0	0	0
82	82	2265	977.478	757.103	372	707	778	325	35	313	929	695	261	28	2318.197	26877	6770	1078	433	271	205	174	155	142	129	111	713.124	6302	1634	564	409	360	328	296	266	233	193	121	1	329	972.318	757.357	0	0	0	13279	0	0	0	2682	0	0	0	1	267	972.498	756.901	0	0	0	17624	0	0	0	3324	0	0	0
83	83	1689	876.431	765.979	311	670	509	168	10	256	600	508	222	76	329.205	6208	318	172	157	151	146	141	136	131	124	101	205.642	1567	224	195	184	173	165	158	152	145	136	109	1	94	886.250	758.960	0	0	0	2867	0	0	0	800	0	0	0	1	89	886.019	758.896	0	0	0	2959	0	0	0	843	0	0	0
84	84	1865	387.897	761.543	412	537	554	281	47	330	587	579	279	61	116.036	135	124	121	119	118	116	115	113	111	108	99	352.327	502	463	447	430	409	383	351	307	251	182	108	0	0	0.000	0.000	0	0	0	0	0	0	0	0	0	0	0	0	0	0.000	0.000	0	0	0	0	0	0	0	0	0	0	0
85	85	1798	627.322	775.575	263	764	568	149	22	201	366	694	358	144	794.209	11482	996	749	625	567	506	458	405	363	317	129	142.560	979	151	131	125	122	120	118	115	113	110	99	1	74	623.206	782.483	0	0	0	5557	0	0	0	536	0	0	0	1	80	623.143	782.673	0	0	0	5091	0	0	0	520	0	0	0
86	86	1767	1611.497	779.193	379	770	484	80	12	261	941	422	106	11	1590.898	23244	3534	721	340	222	186	170	159	151	139	108	222.121	1942	360	165	136	128	124	121	118	116	112	102	1	206	1616.776	782.936	0	0	0	10062	0	0	0	784	0	0	0	1	171	1616.829	782.622	0	0	0	12208	0	0	0	931	0	0	0
87	87	1680	528.386	781.022	211	420	702	284	34	187	598	646	194	24	259.209	1630	314	286	272	260	248	236	225	213	188	118	148.458	569	161	155	151	148	145	141	138	133	126	107	1	23	519.064	796.366	0	0	0	867	0	0	0	300	0	0	0	1	27	520.566	796.163	0	0	0	583	0	0	0	347	0	0	0
88	88	1183	92.215	790.470	113	368	452	202	27	96	418	376	228	42	140.014	167	156	152	149	146	143	140	136	129	116	101	139.649	170	156	151	148	145	142	139	135	128	118	102	0	0	0.000	0.000	0	0	0	0	0	0	0	0	0	0	0	0	0	0.000	0.000	0	0	0	0	0	0	0	0	0	0	0
89	89	2005	204.447	796.345	355	401	728	432	43	197	389	841	409	126	111.870	132	119	116	115	113	112	110	109	107	105	99	243.285	383	331	307	279	263	247	228	206	181	151	106	0	0	0.000	0.000	0	0	0	0	0	0	0	0	0	0	0	0	0	0.000	0.000	0	0	0	0	0	0	0	0	0	0	0
90	90	1725	1033.620	798.036	330	639	562	140	28	286	773	500	118	16	421.710	8352	454	196	165	158	152	149	145	138	130	107	335.437	1877	409	376	345	320	296	274	248	224	197	118	1	103	1042.100	787.121	0	0	0	3689	0	0	0	939	0	0	0	1	70	1041.128	787.059	0	0	0	4509	0	0	0	1204	0	0	0
91	91	1652	146.733	802.945	59	264	687	534	78	100	621	674	222	14	111.044	125	116	114	113	112	111	110	109	108	106	100	255.050	364	320	308	294	278	263	248	226	200	172	115	0	0	0.000	0.000	0	0	0	0	0	0	0	0	0	0	0	0	0	0.000	0.000	0	0	0	0	0	0	0	0	0	0	0
92	92	1038	848.793	805.834	213	388	288	112	12	133	435	262	137	48	133.773	160	148	145	142	138	135	131	128	123	117	103	165.204	218	198	190	183	176	167	158	149	140	129	106	0	0	0.000	0.000	0	0	0	0	0	0	0	0	0	0	0	0	0	0.000	0.000	0	0	0	0	0	0	0	0	0	0	0
93	93	746	988.150	808.070	202	160	197	129	42	148	235	179	127	40	118.078	138	126	124	122	120	119	117	115	112	109	102	223.685	365	318	296	279	262	241	208	162	131	114	103	0	0	0.000	0.000	0	0	0	0	0	0	0	0	0	0	0	0	0	0.000	0.000	0	0	0	0	0	0	0	0	0	0	0
94	94	2044	518.954	833.850	308	719	684	269	27	284	848	604	241	26	761.146	1262	1080	1003	913	845	790	725	647	546	379	140	115.148	137	124	121	119	117	115	113	111	109	106	97	0	0	0.000	0.000	0	0	0	0	0	0	0	0	0	0	0	0	0	0.000	0.000	0	0	0	0	0	0	0	0	0	0	0
95	95	2063	973.593	871.715	326	621	817	247	25	277	687	703	284	62	2697.831	28678	10063	1283	378	214	172	156	147	139	129	107	1235.478	13830	3784	675	330	275	256	243	232	212	175	112	1	346	973.873	875.391	0	0	0	13821	0	0	0	4958	0	0	0	1	279	974.354	875.044	0	0	0	18252	0	0	0	6830	0	0	0
96	96	1215	562.123	863.994	209	341	454	181	17	181	357	404	192	53	677.338	1129	936	859	790	748	711	668	619	522	317	135	113.510	129	121	119	117	115	114	112	110	108	105	99	0	0	0.000	0.000	0	0	0	0	0	0	0	0	0	0	0	0	0	0.000	0.000	0	0	0	0	0	0	0	0	0	0	0
97	97	2186	1033.269	907.056	388	823	694	204	38	238	740	720	319	135	116.000	136	122	120	119	117	116	115	113	112	110	100	251.698	359	317	303	291	278	263	244	224	199	168	105	0	0	0.000	0.000	0	0	0	0	0	0	0	0	0	0	0	0	0	0.000	0.000	0	0	0	0	0	0	0	0	0	0	0
98	98	2453	203.162	900.310	526	915	773	174	15	361	759	912	315	53	1647.839	24185	3417	466	241	187	167	155	145	136	125	108	372.005	3687	558	262	234	217	202	191	179	158	130	105	1	278	201.362	892.395	0	0	0	11673	0	0	0	1590	0	0	0	1	228	201.441	891.764	0	0	0	14310	0	0	0	1925	0	0	0
99	99	1832	682.947	915.398	268	588	577	322	42	195	602	595	282	120	260.002	7530	251	162	147	140	136	132	128	123	118	104	146.483	475	165	157	152	147	143	138	133	128	121	100	1	49	681.263	915.365	0	0	0	3040	0	0	0	285	0	0	0	1	37	681.582	914.855	0	0	0	3595	0	0	0	323	0	0	0
100	100	758	891.672	927.246	114	266	261	87	17	67	197	308	139	35	131.095	149	141	139	136	135	133	130	128	123	118	104	200.854	257	242	235	228	220	211	200	185	168	142	107	0	0	0.000	0.000	0	0	0	0	0	0	0	0	0	0	0	0	0	0.000	0.000	0	0	0	0	0	0	0	0	0	0	0
101	101	1641	638.517	945.851	218	301	589	389	109	227	535	551	271	27	563.603	6221	731	608	545	482	430	390	352	318	260	119	142.754	695	164	149	139	134	128	125	121	117	112	102	1	56	640.622	944.149	0	0	0	3300	0	0	0	392	0	0	0	1	59	640.577	943.248	0	0	0	2669	0	0	0	388	0	0	0
102	102	1411	723.348	948.327	211	260	376	366	176	212	275	530	233	136	122.615	144	132	129	127	125	123	121	119	116	111	102	132.265	163	150	145	141	137	133	129	124	120	114	99	0	0	0.000	0.000	0	0	0	0	0	0	0	0	0	0	0	0	0	0.000	0.000	0	0	0	0	0	0	0	0	0	0	0
103	103	1950	123.696	957.761	193	414	702	522	84	134	437	725	495	125	113.697	131	119	117	116	115	114	112	111	110	108	99	105.231	124	110	108	106	106	105	104	103	103	101	95	0	0	0.000	0.000	0	0	0	0	0	0	0	0	0	0	0	0	0	0.000	0.000	0	0	0	0	0	0	0	0	0	0	0
104	104	1674	917.755	958.083	347	570	484	212	29	242	525	512	267	99	606.057	15482	787	238	168	152	146	141	135	128	120	105	173.097	1873	193	134	128	125	122	119	116	113	109	99	1	87	911.096	948.414	0	0	0	6279	0	0	0	854	0	0	0	1	83	910.971	948.050	0	0	0	6777	0	0	0	887	0	0	0
105	105	1058	229.320	957.847	116	238	379	261	42	60	291	442	186	54	336.785	479	425	405	388	369	349	328	306	281	220	127	114.869	138	123	120	118	116	114	113	111	110	107	101	0	0	0.000	0.000	0	0	0	0	0	0	0	0	0	0	0	0	0	0.000	0.000	0	0	0	0	0	0	0	0	0	0	0
106	106	919	190.273	969.277	45	199	387	229	45	43	453	291	96	17	370.140	513	471	453	435	411	383	355	324	288	247	142	117.941	136	127	123	121	120	118	116	114	112	109	101	0	0	0.000	0.000	0	0	0	0	0	0	0	0	0	0	0	0	0	0.000	0.000	0	0	0	0	0	0	0	0	0	0	0
107	107	1368	587.365	974.287	177	434	465	226	37	137	401	498	250	64	490.666	766	666	620	587	550	508	468	414	356	289	169	130.923	159	148	144	140	136	132	127	122	118	113	103	0	0	0.000	0.000	0	0	0	0	0	0	0	0	0	0	0	0	0	0.000	0.000	0	0	0	0	0	0	0	0	0	0	0
108	108	1810	1183.980	991.410	163	471	725	388	39	201	784	553	211	24	806.736	16109	1206	350	217	177	160	149	142	136	129	108	185.020	1372	229	161	149	142	136	131	126	121	115	104	1	121	1178.612	986.876	0	0	0	7456	0	0	0	712	0	0	0	1	124	1178.325	986.492	0	0	0	7170	0	0	0	711	0	0	0
109	109	698	177.068	998.400	101	201	221	142	20	97	204	192	168	16	290.413	417	368	352	337	317	298	277	254	235	196	126	113.185	132	120	118	117	115	114	112	110	108	105	100	0	0	0.000	0.000	0	0	0	0	0	0	0	0	0	0	0	0	0	0.000	0.000	0	0	0	0	0	0	0	0	0	0	0
110	110	1862	86.857	1007.272	264	731	670	129	26	144	553	741	360	33	111.604	127	117	115	114	113	112	110	109	108	106	100	104.336	118	108	106	105	105	104	103	103	102	101	94	0	0	0.000	0.000	0	0	0	0	0	0	0	0	0	0	0	0	0	0.000	0.000	0	0	0	0	0	0	0	0	0	0	0
111	111	1202	915.080	1008.849	85	289	454	307	36	66	224	529	267	91	135.554	167	151	147	143	140	137	134	130	125	117	101	119.438	145	130	127	124	121	119	117	115	112	109	99	0	0	0.000	0.000	0	0	0	0	0	0	0	0	0	0	0	0	0	0.000	0.000	0	0	0	0	0	0	0	0	0	0	0
112	112	1145	1140.779	1024.614	172	277	376	273	23	127	284	387	259	69	117.894	143	126	123	121	119	117	116	114	113	111	104	111.227	136	121	116	113	111	110	108	107	106	104	99	0	0	0.000	0.000	0	0	0	0	0	0	0	0	0	0	0	0	0	0.000	0.000	0	0	0	0	0	0	0	0	0	0	0
113	113	1328	1228.302	1022.834	230	319	409	287	64	161	405	430	237	68	125.026	142	132	130	128	127	125	124	122	120	117	106	171.093	243	218	201	186	176	167	160	153	144	130	107	0	0	0.000	0.000	0	0	0	0	0	0	0	0	0	0	0	0	0	0.000	0.000	0	0	0	0	0	0	0	0	0	0	0
114	114	1992	383.980	1028.076	375	562	615	345	61	371	745	519	270	46	116.154	133	123	121	119	118	116	115	113	111	109	99	237.506	382	312	285	267	252	239	224	213	194	157	105	0	0	0.000	0.000	0	0	0	0	0	0	0	0	0	0	0	0	0	0.000	0.000	0	0	0	0	0	0	0	0	0	0	0
115	115	1662	1400.712	1039.341	321	534	553	206	20	253	406	570	306	90	1039.546	13202	1402	850	748	665	595	518	461	426	379	173	148.898	964	174	135	127	122	119	117	115	113	110	102	1	99	1400.646	1028.283	0	0	0	6602	0	0	0	481	0	0	0	1	98	1400.665	1028.275	0	0	0	6630	0	0	0	496	0	0	0
116	116	1091	728.150	1038.298	194	365	293	167	51	191	466	248	111	56	662.627	11226	1189	395	232	175	152	142	134	128	120	104	200.772	1366	277	185	164	156	149	144	138	133	124	103	1	86	730.694	1035.142	0	0	0	4819	0	0	0	665	0	0	0	1	76	730.576	1035.252	0	0	0	5725	0	0	0	759	0	0	0
117	117	1831	1450.399	1051.392	567	583	405	186	58	618	679	357	111	23	527.325	915	739	654	590	537	490	462	441	415	378	192	110.166	124	115	114	112	111	110	109	108	107	106	99	0	0	0.000	0.000	0	0	0	0	0	0	0	0	0	0	0	0	0	0.000	0.000	0	0	0	0	0	0	0	0	0	0	0
118	118	902	929.797	1046.275	857	25	10	6	3	762	47	45	28	17	163.752	493	206	185	174	163	154	146	140	130	121	105	582.623	1386	1018	822	702	616	517	454	410	337	253	140	1	30	939.261	1047.753	0	0	0	367	0	0	0	786	0	0	0	0	0	0.000	0.000	0	0	0	0	0	0	0	0	0	0	0
119	119	1078	342.392	1055.152	87	226	453	259	32	90	299	416	176	76	115.590	131	122	120	119	117	116	114	113	111	109	100	221.486	355	293	270	252	233	219	207	190	176	152	111	0	0	0.000	0.000	0	0	0	0	0	0	0	0	0	0	0	0	0	0.000	0.000	0	0	0	0	0	0	0	0	0	0	0
120	120	2478	884.323	1073.349	369	804	951	299	18	268	777	893	446	44	141.431	175	157	152	149	146	143	140	136	130	123	102	249.578	359	323	302	286	272	257	239	219	196	167	109	0	0	0.000	0.000	0	0	0	0	0	0	0	0	0	0	0	0	0	0.000	0.000	0	0	0	0	0	0	0	0	0	0	0
121	121	2243	1873.198	1081.832	278	675	846	353	61	263	829	763	318	21	1988.952	11263	2712	2429	2220	2029	1830	1615	1417	1244	963	427	162.739	854	179	166	159	152	146	140	134	129	122	103	1	57	1877.691	1076.445	0	0	0	8458	0	0	0	619	0	0	0	1	83	1877.715	1075.240	0	0	0	5931	0	0	0	512	0	0	0
122	122	1678	1271.807	1081.438	246	640	590	139	25	242	801	410	178	13	598.283	1001	881	780	703	644	588	531	486	425	355	129	144.896	192	168	162	156	149	144	139	135	129	123	104	0	0	0.000	0.000	0	0	0	0	0	0	0	0	0	0	0	0	0	0.000	0.000	0	0	0	0	0	0	0	0	0	0	0
123	123	1548	376.301	1088.932	196	397	686	208	35	136	387	663	266	70	153.636	1256	166	157	152	148	143	139	135	129	120	105	126.485	324	138	133	130	127	124	121	118	115	112	103	1	22	362.501	1096.947	0	0	0	643	0	0	0	237	0	0	0	1	27	361.752	1096.622	0	0	0	512	0	0	0	226	0	0	0
124	124	588	1374.335	1078.617	106	316	119	29	7	58	199	223	64	36	121.590	135	128	126	124	123	122	120	119	117	116	106	108.015	118	112	110	110	109	108	107	106	106	104	96	0	0	0.000	0.000	0	0	0	0	0	0	0	0	0	0	0	0	0	0.000	0.000	0	0	0	0	0	0	0	0	0	0	0
125	125	1864	212.533	1090.481	345	467	546	366	93	303	605	586	273	56	113.170	128	119	117	116	114	113	112	111	109	107	100	235.986	423	336	303	271	245	222	205	192	174	153	115	0	0	0.000	0.000	0	0	0	0	0	0	0	0	0	0	0	0	0	0.000	0.000	0	0	0	0	0	0	0	0	0	0	0
126	126	1455	828.445	1100.089	376	524	399	99	34	387	685	285	50	24	270.707	6271	320	181	158	151	146	142	139	134	128	108	135.640	318	150	144	140	136	132	128	126	122	117	105	1	46	824.441	1107.181	0	0	0	2641	0	0	0	233	0	0	0	1	31	823.974	1107.091	0	0	0	3544	0	0	0	250	0	0	0
127	127	944	1463.787	1100.150	470	219	170	51	29	432	273	136	59	27	539.846	724	672	642	613	586	558	529	484	446	386	184	126.461	181	157	143	132	125	121	116	113	111	109	103	0	0	0.000	0.000	0	0	0	0	0	0	0	0	0	0	0	0	0	0.000	0.000	0	0	0	0	0	0	0	0	0	0	0
128	128	1611	1344.536	1109.947	216	546	560	249	22	176	634	493	250	24	119.109	135	126	124	122	121	119	118	116	115	113	102	107.610	124	113	110	109	108	107	106	106	105	103	99	0	0	0.000	0.000	0	0	0	0	0	0	0	0	0	0	0	0	0	0.000	0.000	0	0	0	0	0	0	0	0	0	0	0
129	129	1551	640.794	1119.009	166	375	581	337	65	145	438	646	233	60	313.108	1872	421	372	334	311	292	279	260	229	185	122	110.703	201	116	113	112	110	109	108	107	106	105	99	1	26	632.208	1118.090	0	0	0	1004	0	0	0	155	0	0	0	0	0	0.000	0.000	0	0	0	0	0	0	0	0	0	0	0
130	130	1836	1764.461	1125.441	348	963	438	47	12	115	842	556	238	45	604.180	995	853	761	709	666	616	554	490	427	358	202	125.660	153	140	135	132	128	125	122	119	116	112	102	0	0	0.000	0.000	0	0	0	0	0	0	0	0	0	0	0	0	0	0.000	0.000	0	0	0	0	0	0	0	0	0	0	0
131	131	1140	783.034	1116.415	951	129	27	11	8	760	269	55	19	23	573.537	922	832	768	700	641	581	525	479	398	282	136	109.725	129	115	113	112	110	109	108	107	106	105	99	0	0	0.000	0.000	0	0	0	0	0	0	0	0	0	0	0	0	0	0.000	0.000	0	0	0	0	0	0	0	0	0	0	0
132	132	670	701.479	1120.128	71	150	223	177	38	63	171	296	96	31	121.052	146	127	125	123	122	121	120	119	117	115	108	135.058	156	147	144	141	139	137	134	132	127	119	105	0	0	0.000	0.000	0	0	0	0	0	0	0	0	0	0	0	0	0	0.000	0.000	0	0	0	0	0	0	0	0	0	0	0
133	133	938	1389.999	1127.202	152	313	295	130	30	144	360	279	109	23	149.679	181	167	162	158	154	150	147	143	138	131	113	133.968	160	146	143	140	137	134	132	129	126	121	108	0	0	0.000	0.000	0	0	0	0	0	0	0	0	0	0	0	0	0	0.000	0.000	0	0	0	0	0	0	0	0	0	0	0
134	134	1848	308.489	1134.713	242	609	732	200	31	137	403	822	347	113	131.413	157	143	140	137	135	133	130	127	123	117	103	161.499	218	188	181	176	170	164	158	150	142	129	103	0	0	0.000	0.000	0	0	0	0	0	0	0	0	0	0	0	0	0	0.000	0.000	0	0	0	0	0	0	0	0	0	0	0
135	135	1115	1300.458	1135.956	68	295	416	255	58	73	317	384	257	62	121.002	157	127	125	124	122	121	120	118	116	114	106	163.090	215	191	183	176	170	162	156	150	143	137	110	0	0	0.000	0.000	0	0	0	0	0	0	0	0	0	0	0	0	0	0.000	0.000	0	0	0	0	0	0	0	0	0	0	0
136	136	1644	366.504	1143.358	159	422	591	382	47	99	428	669	299	118	710.407	15892	991	314	186	152	139	134	130	127	123	109	187.802	1654	228	156	145	140	136	131	128	124	120	106	1	101	375.384	1141.083	0	0	0	6869	0	0	0	786	0	0	0	1	95	375.272	1141.055	0	0	0	7245	0	0	0	802	0	0	0
137	137	1713	1015.364	1168.166	213	515	632	309	20	88	377	687	421	104	140.699	800	149	144	140	138	135	132	129	125	119	102	122.713	187	136	130	127	124	121	119	117	114	111	100	1	32	1005.413	1162.558	0	0	0	377	0	0	0	154	0	0	0	0	0	0.000	0.000	0	0	0	0	0	0	0	0	0	0	0
138	138	2138	1352.014	1163.668	245	647	720	410	85	262	1019	564	220	33	296.732	8943	249	151	133	127	124	121	119	116	113	104	206.183	2244	214	193	184	178	171	165	158	148	133	108	1	70	1356.592	1167.522	0	0	0	3576	0	0	0	1012	0	0	0	1	66	1357.083	1166.886	0	0	0	3231	0	0	0	1089	0	0	0
139	139	1620	236.862	1182.183	491	407	391	258	47	421	523	463	160	29	766.123	1394	1180	1059	944	850	787	710	639	468	302	134	125.617	165	141	135	131	128	125	122	119	115	110	98	0	0	0.000	0.000	0	0	0	0	0	0	0	0	0	0	0	0	0	0.000	0.000	0	0	0	0	0	0	0	0	0	0	0
140	140	1398	1059.834	1184.299	134	416	475	283	61	88	480	469	257	65	1266.161	19610	2769	642	338	247	203	177	163	151	141	105	204.702	1573	323	166	138	127	122	119	116	114	111	102	1	149	1055.707	1184.563	0	0	0	7922	0	0	0	742	0	0	0	1	138	1056.012	1184.500	0	0	0	8872	0	0	0	781	0	0	0
141	141	783	1107.721	1183.044	83	178	233	225	45	72	223	289	128	56	145.429	171	160	155	153	150	148	144	141	134	128	109	121.008	141	130	127	125	123	121	119	117	115	112	105	0	0	0.000	0.000	0	0	0	0	0	0	0	0	0	0	0	0	0	0.000	0.000	0	0	0	0	0	0	0	0	0	0	0
142	142	1194	628.137	1183.950	570	269	186	108	45	509	311	236	109	12	701.894	7968	1978	541	279	220	193	175	160	143	128	106	659.634	7157	1820	476	285	232	208	187	165	146	121	102	1	147	627.139	1180.746	0	0	0	3445	0	0	0	3289	0	0	0	1	151	626.358	1181.125	0	0	0	3308	0	0	0	3271	0	0	0
143	143	1723	382.359	1194.327	617	688	321	58	14	433	615	350	227	58	118.216	150	129	125	123	120	117	115	113	111	108	98	384.115	604	531	492	459	424	392	366	328	278	209	123	0	0	0.000	0.000	0	0	0	0	0	0	0	0	0	0	0	0	0	0.000	0.000	0	0	0	0	0	0	0	0	0	0	0
144	144	1439	1892.978	1194.176	334	478	493	86	18	236	421	414	296	49	117.860	152	125	122	120	119	117	116	114	113	111	101	189.169	279	237	220	206	196	188	181	172	162	142	106	0	0	0.000	0.000	0	0	0	0	0	0	0	0	0	0	0	0	0	0.000	0.000	0	0	0	0	0	0	0	0	0	0	0
145	145	1169	978.279	1199.822	174	395	470	94	12	138	395	372	187	54	279.104	394	346	328	317	304	286	269	250	229	204	131	130.681	155	144	140	137	134	131	128	125	121	117	105	0	0	0.000	0.000	0	0	0	0	0	0	0	0	0	0	0	0	0	0.000	0.000	0	0	0	0	0	0	0	0	0	0	0
146	146	1704	1345.273	1214.647	241	577	590	210	51	173	541	598	258	102	130.956	1290	131	121	118	117	115	114	113	111	109	101	171.445	254	201	193	187	181	176	168	159	148	135	109	1	38	1328.757	1222.624	0	0	0	524	0	0	0	180	0	0	0	0	0	0.000	0.000	0	0	0	0	0	0	0	0	0	0	0
147	147	1248	914.921	1225.390	226	391	395	182	29	238	453	368	142	27	115.921	131	121	120	118	117	116	115	114	112	110	105	145.627	182	162	157	153	149	147	144	140	135	128	105	0	0	0.000	0.000	0	0	0	0	0	0	0	0	0	0	0	0	0	0.000	0.000	0	0	0	0	0	0	0	0	0	0	0
148	148	2038	1192.159	1235.057	403	807	619	145	31	275	590	654	362	117	113.536	129	119	117	116	115	114	112	111	110	108	100	272.655	405	359	339	322	298	277	253	231	208	180	111	0	0	0.000	0.000	0	0	0	0	0	0	0	0	0	0	0	0	0	0.000	0.000	0	0	0	0	0	0	0	0	0	0	0
149	149	1532	1774.928	1229.039	178	467	465	331	62	167	547	412	258	111	129.569	150	140	137	135	133	130	128	125	123	118	105	171.023	225	202	194	188	180	173	165	157	149	136	108	0	0	0.000	0.000	0	0	0	0	0	0	0	0	0	0	0	0	0	0.000	0.000	0	0	0	0	0	0	0	0	0	0	0
150	150	2006	275.766	1237.386	311	763	712	169	16	251	557	703	367	101	109.513	121	114	112	111	110	109	109	108	107	105	99	129.970	164	144	140	136	133	130	128	124	120	115	100	0	0	0.000	0.000	0	0	0	0	0	0	0	0	0	0	0	0	0	0.000	0.000	0	0	0	0	0	0	0	0	0	0	0
151	151	890	644.885	1231.329	401	184	148	95	48	302	221	212	120	17	192.249	1348	243	179	167	161	156	152	145	138	129	111	245.981	1827	332	237	220	207	195	182	169	157	136	111	1	41	637.531	1230.534	0	0	0	750	0	0	0	1033	0	0	0	1	49	637.992	1230.418	0	0	0	624	0	0	0	919	0	0	0
152	152	1902	1825.848	1249.339	349	766	625	100	24	239	685	616	296	37	872.216	18256	1293	332	211	173	155	143	136	129	121	102	223.525	1644	288	206	188	177	166	157	149	141	132	106	1	135	1825.169	1244.571	0	0	0	7953	0	0	0	803	0	0	0	1	121	1825.425	1245.089	0	0	0	9020	0	0	0	880	0	0	0
153	153	2026	962.955	1246.102	198	552	814	385	41	231	711	680	303	67	2685.238	26731	9392	1577	630	409	324	285	253	216	180	115	666.588	7126	1907	419	215	165	146	137	130	123	117	105	1	345	960.355	1244.933	0	0	0	12376	0	0	0	2508	0	0	0	1	287	960.540	1244.665	0	0	0	16317	0	0	0	3345	0	0	0
154	154	509	1933.335	1241.570	92	163	148	66	32	63	173	134	100	28	111.084	123	117	115	113	112	111	110	109	107	106	100	166.047	208	189	183	179	174	169	164	157	149	138	112	0	0	0.000	0.000	0	0	0	0	0	0	0	0	0	0	0	0	0	0.000	0.000	0	0	0	0	0	0	0	0	0	0	0
155	155	757	1240.979	1245.129	238	266	202	36	11	174	296	196	70	14	118.444	135	127	124	123	121	119	117	115	112	109	100	144.701	176	165	161	157	153	148	143	136	128	116	103	0	0	0.000	0.000	0	0	0	0	0	0	0	0	0	0	0	0	0	0.000	0.000	0	0	0	0	0	0	0	0	0	0	0
156	156	1776	1732.046	1266.691	438	449	475	343	50	418	570	501	213	38	1502.666	2817	2354	2101	1889	1653	1441	1285	1133	952	684	275	110.754	136	117	114	112	111	110	109	108	107	106	99	0	0	0.000	0.000	0	0	0	0	0	0	0	0	0	0	0	0	0	0.000	0.000	0	0	0	0	0	0	0	0	0	0	0
157	157	1578	1029.748	1256.663	377	672	414	75	12	242	541	488	222	55	698.035	1104	925	855	804	762	714	658	607	551	474	157	110.689	125	116	114	113	112	111	110	109	107	106	100	0	0	0.000	0.000	0	0	0	0	0	0	0	0	0	0	0	0	0	0.000	0.000	0	0	0	0	0	0	0	0	0	0	0
158	158	1373	322.770	1266.795	134	338	506	342	31	69	285	610	270	94	135.272	546	148	141	137	134	131	128	125	122	116	102	140.637	213	160	154	148	143	140	137	134	129	122	101	1	24	317.684	1262.833	0	0	0	312	0	0	0	171	0	0	0	0	0	0.000	0.000	0	0	0	0	0	0	0	0	0	0	0
159	159	1249	1418.759	1262.961	694	256	160	96	27	731	226	176	83	15	632.593	10628	1213	333	217	180	165	154	144	134	122	103	363.924	4918	684	241	172	153	143	137	132	125	118	107	1	101	1412.919	1259.198	0	0	0	4437	0	0	0	1729	0	0	0	1	105	1413.785	1258.860	0	0	0	3996	0	0	0	2047	0	0	0
160	160	1364	948.280	1296.588	166	341	518	252	64	159	622	361	158	33	251.707	343	308	294	282	268	255	243	232	216	184	116	126.608	149	137	134	132	129	127	125	123	120	115	102	0	0	0.000	0.000	0	0	0	0	0	0	0	0	0	0	0	0	0	0.000	0.000	0	0	0	0	0	0	0	0	0	0	0
161	161	1713	1006.663	1307.722	245	499	620	280	31	176	433	573	318	179	769.263	1265	1084	998	928	856	796	721	643	547	411	164	112.459	133	121	117	115	113	112	110	109	108	106	98	0	0	0.000	0.000	0	0	0	0	0	0	0	0	0	0	0	0	0	0.000	0.000	0	0	0	0	0	0	0	0	0	0	0
162	162	1789	1134.421	1316.244	243	574	637	282	27	140	353	829	308	138	384.446	578	502	472	452	427	404	376	337	287	236	139	113.916	132	122	119	117	115	113	112	111	109	107	99	0	0	0.000	0.000	0	0	0	0	0	0	0	0	0	0	0	0	0	0.000	0.000	0	0	0	0	0	0	0	0	0	0	0
163	163	1639	1076.325	1315.526	192	435	560	354	72	106	540	589	279	92	2029.234	22591	5792	1240	617	445	381	352	316	271	225	143	224.295	1819	433	172	135	123	118	115	112	110	108	99	1	222	1074.171	1309.867	0	0	0	11416	0	0	0	752	0	0	0	1	183	1073.800	1309.620	0	0	0	13632	0	0	0	903	0	0	0
164	164	1399	1430.278	1318.148	909	354	81	28	17	994	282	76	25	9	179.753	1819	216	176	167	161	155	149	143	134	122	103	153.107	912	181	159	148	143	138	134	129	122	114	102	2	12	1416.917	1312.075	32	1439.544	1304.431	425	0	834	0	265	0	522	0	2	17	1417.325	1311.383	37	1439.721	1304.676	310	0	722	0	264	0	507	0
165	165	1122	1915.019	1329.242	142	247	396	270	46	124	232	407	279	56	129.136	149	138	136	134	132	130	128	125	122	118	103	182.654	245	221	211	203	193	186	178	168	154	137	107	0	0	0.000	0.000	0	0	0	0	0	0	0	0	0	0	0	0	0	0.000	0.000	0	0	0	0	0	0	0	0	0	0	0
166	166	1671	1791.244	1342.083	171	515	706	226	19	87	436	633	390	91	110.822	125	117	114	113	112	111	110	108	107	105	100	450.420	646	555	527	505	482	464	441	419	381	314	153	0	0	0.000	0.000	0	0	0	0	0	0	0	0	0	0	0	0	0	0.000	0.000	0	0	0	0	0	0	0	0	0	0	0
167	167	1123	480.543	1347.650	231	320	351	167	29	186	337	345	185	44	303.081	462	401	366	342	323	306	284	262	243	217	121	108.884	127	116	113	111	109	108	107	106	105	104	98	0	0	0.000	0.000	0	0	0	0	0	0	0	0	0	0	0	0	0	0.000	0.000	0	0	0	0	0	0	0	0	0	0	0
168	168	828	1523.903	1352.901	259	205	204	112	38	273	246	153	104	34	111.407	132	121	117	114	112	110	109	108	106	104	95	274.312	450	369	350	330	313	288	258	224	186	156	122	0	0	0.000	0.000	0	0	0	0	0	0	0	0	0	0	0	0	0	0.000	0.000	0	0	0	0	0	0	0	0	0	0	0
169	169	2486	1663.499	1369.867	445	829	807	334	36	452	795	788	360	51	110.354	126	116	114	112	111	110	109	108	107	105	98	408.322	698	580	531	481	442	413	387	358	300	204	122	0	0	0.000	0.000	0	0	0	0	0	0	0	0	0	0	0	0	0	0.000	0.000	0	0	0	0	0	0	0	0	0	0	0
170	170	2812	1769.715	1407.323	618	1267	720	145	14	420	926	863	449	101	115.140	133	122	119	118	116	115	114	112	111	109	101	155.685	202	183	176	170	165	160	154	144	134	120	100	0	0	0.000	0.000	0	0	0	0	0	0	0	0	0	0	0	0	0	0.000	0.000	0	0	0	0	0	0	0	0	0	0	0
171	171	857	368.244	1412.673	567	150	87	31	13	491	211	71	57	24	146.705	203	164	157	153	150	147	144	141	135	128	106	129.470	148	141	138	135	133	130	128	125	121	117	104	0	0	0.000	0.000	0	0	0	0	0	0	0	0	0	0	0	0	0	0.000	0.000	0	0	0	0	0	0	0	0	0	0	0
172	172	1685	1822.416	1440.458	1294	325	22	12	10	1078	530	33	11	10	958.645	7515	1297	1141	1032	932	846	776	695	600	473	172	140.786	711	152	142	137	133	129	126	123	120	116	103	1	43	1815.726	1435.679	0	0	0	4074	0	0	0	396	0	0	0	1	46	1815.864	1434.748	0	0	0	3524	0	0	0	412	0	0	0
173	173	1783	1722.888	1452.027	391	647	594	109	14	249	528	549	340	76	1153.903	1977	1685	1561	1456	1360	1220	1076	939	761	451	146	140.773	187	164	157	151	146	142	136	131	125	114	100	0	0	0.000	0.000	0	0	0	0	0	0	0	0	0	0	0	0	0	0.000	0.000	0	0	0	0	0	0	0	0	0	0	0
174	174	776	1911.563	1464.073	136	319	204	78	19	128	322	184	93	26	127.820	149	137	134	132	130	129	127	125	122	118	106	250.615	334	306	294	283	268	253	241	230	212	190	125	0	0	0.000	0.000	0	0	0	0	0	0	0	0	0	0	0	0	0	0.000	0.000	0	0	0	0	0	0	0	0	0	0	0
175	175	2273	311.647	1475.345	821	643	530	216	34	656	760	493	257	68	115.079	137	123	120	118	116	115	113	112	110	108	99	460.043	761	646	600	567	536	492	440	379	308	210	121	0	0	0.000	0.000	0	0	0	0	0	0	0	0	0	0	0	0	0	0.000	0.000	0	0	0	0	0	0	0	0	0	0	0
176	176	1878	1776.277	1478.503	227	709	657	207	27	102	615	711	352	54	1224.988	11737	1529	1246	1141	1037	958	877	789	712	610	261	153.471	1026	167	143	137	132	128	125	123	120	116	103	1	72	1780.270	1464.175	0	0	0	6747	0	0	0	571	0	0	0	1	81	1780.315	1463.449	0	0	0	6002	0	0	0	554	0	0	0
177	177	2089	1014.173	1479.590	249	601	791	386	24	219	685	767	321	51	110.979	124	116	114	113	112	111	110	109	108	106	99	204.517	283	242	230	221	214	206	200	192	182	162	114	0	0	0.000	0.000	0	0	0	0	0	0	0	0	0	0	0	0	0	0.000	0.000	0	0	0	0	0	0	0	0	0	0	0
178	178	1302	1821.492	1490.350	280	490	386	105	17	205	612	334	114	10	113.290	137	120	117	115	114	112	111	110	109	107	99	131.394	157	143	139	137	134	132	130	127	124	120	105	0	0	0.000	0.000	0	0	0	0	0	0	0	0	0	0	0	0	0	0.000	0.000	0	0	0	0	0	0	0	0	0	0	0
179	179	1785	1915.502	1505.731	387	628	603	117	21	360	609	536	224	28	766.048	17555	1113	352	218	169	148	139	132	125	116	102	298.182	2188	398	291	271	257	242	223	199	177	150	109	1	105	1921.778	1505.534	0	0	0	7507	0	0	0	1161	0	0	0	1	94	1921.527	1505.324	0	0	0	8675	0	0	0	1270	0	0	0
180	180	2197	1630.440	1529.022	407	719	673	325	39	307	733	716	330	58	1714.514	23223	4181	792	377	259	205	181	166	153	139	109	313.734	2365	547	254	213	199	191	183	173	159	144	110	1	263	1625.720	1530.477	0	0	0	11036	0	0	0	1051	0	0	0	1	228	1625.863	1530.166	0	0	0	12965	0	0	0	1279	0	0	0
181	181	2167	1577.811	1545.950	373	686	716	299	56	234	703	693	429	73	154.956	197	176	171	166	162	157	153	147	140	129	105	180.798	256	221	209	199	191	183	174	164	154	137	105	0	0	0.000	0.000	0	0	0	0	0	0	0	0	0	0	0	0	0	0.000	0.000	0	0	0	0	0	0	0	0	0	0	0
182	182	1338	166.574	1548.882	187	521	469	127	15	151	504	494	147	18	127.331	149	136	134	132	130	128	126	124	122	117	101	151.312	182	169	164	159	155	152	148	145	140	133	108	0	0	0.000	0.000	0	0	0	0	0	0	0	0	0	0	0	0	0	0.000	0.000	0	0	0	0	0	0	0	0	0	0	0
183	183	733	407.698	1570.311	204	255	201	46	14	104	241	225	115	29	116.843	175	123	120	119	118	116	115	113	112	110	103	122.988	148	136	131	128	125	122	120	117	115	112	105	0	0	0.000	0.000	0	0	0	0	0	0	0	0	0	0	0	0	0	0.000	0.000	0	0	0	0	0	0	0	0	0	0	0
184	184	1241	1644.693	1578.236	191	397	367	201	62	185	436	357	209	25	114.383	133	121	119	117	115	114	113	112	110	108	100	273.328	396	355	333	313	292	272	253	236	214	195	137	0	0	0.000	0.000	0	0	0	0	0	0	0	0	0	0	0	0	0	0.000	0.000	0	0	0	0	0	0	0	0	0	0	0
185	185	1020	445.120	1579.417	167	303	325	178	32	159	490	242	101	16	918.390	1371	1242	1196	1137	1070	993	891	778	636	475	195	111.083	126	117	115	113	112	111	109	108	107	105	99	0	0	0.000	0.000	0	0	0	0	0	0	0	0	0	0	0	0	0	0.000	0.000	0	0	0	0	0	0	0	0	0	0	0
186	186	1890	333.703	1584.974	320	447	627	407	55	256	468	725	335	68	445.748	700	605	565	523	489	453	420	371	339	276	124	120.278	148	132	127	124	121	119	117	115	113	110	100	0	0	0.000	0.000	0	0	0	0	0	0	0	0	0	0	0	0	0	0.000	0.000	0	0	0	0	0	0	0	0	0	0	0
187	187	1705	1531.491	1588.087	597	823	209	27	12	385	821	362	84	18	115.306	131	121	119	118	117	115	114	113	111	109	101	215.192	296	265	253	242	228	217	207	196	181	158	116	0	0	0.000	0.000	0	0	0	0	0	0	0	0	0	0	0	0	0	0.000	0.000	0	0	0	0	0	0	0	0	0	0	0
188	188	754	264.503	1582.411	185	255	217	73	17	121	265	194	127	33	135.960	161	147	144	141	139	137	135	132	129	122	102	131.113	151	142	139	137	135	133	130	127	123	119	106	0	0	0.000	0.000	0	0	0	0	0	0	0	0	0	0	0	0	0	0.000	0.000	0	0	0	0	0	0	0	0	0	0	0
189	189	1546	1825.411	1595.665	504	477	403	113	16	386	539	403	166	27	116.176	137	124	122	119	118	116	114	113	111	108	102	337.088	488	432	407	386	367	351	330	308	267	215	131	0	0	0.000	0.000	0	0	0	0	0	0	0	0	0	0	0	0	0	0.000	0.000	0	0	0	0	0	0	0	0	0	0	0
190	190	605	376.546	1585.752	330	176	39	25	22	340	179	37	25	14	482.217	692	622	574	548	520	489	454	423	392	340	208	119.018	138	128	124	122	120	119	117	116	114	112	105	0	0	0.000	0.000	0	0	0	0	0	0	0	0	0	0	0	0	0	0.000	0.000	0	0	0	0	0	0	0	0	0	0	0
191	191	2016	73.414	1601.632	1217	652	72	33	17	1178	645	128	29	15	566.518	7848	704	597	529	470	420	382	342	299	227	130	234.419	3912	268	181	163	153	146	139	133	128	120	104	1	59	68.037	1601.779	0	0	0	3867	0	0	0	1115	0	0	0	1	70	69.379	1600.810	0	0	0	2611	0	0	0	1843	0	0	0
192	192	2160	1605.876	1614.224	308	879	658	264	24	176	681	702	432	126	112.150	125	118	116	114	113	112	111	110	109	107	99	290.377	452	375	347	328	311	296	279	260	234	196	104	0	0	0.000	0.000	0	0	0	0	0	0	0	0	0	0	0	0	0	0.000	0.000	0	0	0	0	0	0	0	0	0	0	0
193	193	1949	494.987	1611.880	492	834	394	146	39	335	943	434	179	20	116.785	137	124	121	120	118	117	116	114	112	109	101	139.590	172	154	150	147	144	141	137	134	129	124	104	0	0	0.000	0.000	0	0	0	0	0	0	0	0	0	0	0	0	0	0.000	0.000	0	0	0	0	0	0	0	0	0	0	0
194	194	1733	1167.078	1620.692	498	735	402	53	13	320	688	458	202	41	116.854	137	123	121	119	118	117	116	114	113	111	102	179.505	250	219	206	195	185	177	171	164	156	143	111	0	0	0.000	0.000	0	0	0	0	0	0	0	0	0	0	0	0	0	0.000	0.000	0	0	0	0	0	0	0	0	0	0	0
195	195	1952	1664.865	1628.215	412	810	585	101	12	199	619	641	353	105	849.645	14258	1132	548	437	397	369	346	323	290	243	125	160.337	1254	185	134	127	123	121	119	116	114	110	100	1	114	1666.055	1634.633	0	0	0	6988	0	0	0	640	0	0	0	1	113	1666.279	1633.945	0	0	0	6578	0	0	0	640	0	0	0
196	196	715	1524.461	1631.778	116	255	230	86	20	84	327	195	85	15	116.481	131	123	120	119	118	117	116	114	112	110	101	214.477	288	260	253	246	238	225	211	194	176	144	112	0	0	0.000	0.000	0	0	0	0	0	0	0	0	0	0	0	0	0	0.000	0.000	0	0	0	0	0	0	0	0	0	0	0
197	197	2827	300.197	1668.702	856	1014	713	178	26	666	1074	772	234	26	112.752	132	119	117	115	114	113	111	110	109	107	98	243.175	378	307	288	275	263	253	241	223	196	159	106	0	0	0.000	0.000	0	0	0	0	0	0	0	0	0	0	0	0	0	0.000	0.000	0	0	0	0	0	0	0	0	0	0	0
198	198	1775	1883.164	1666.450	303	845	508	75	16	180	732	583	223	29	929.075	1505	1290	1174	1088	1023	946	876	799	709	534	213	121.722	150	132	129	126	124	122	120	118	115	111	100	0	0	0.000	0.000	0	0	0	0	0	0	0	0	0	0	0	0	0	0.000	0.000	0	0	0	0	0	0	0	0	0	0	0
199	199	1875	746.449	1674.883	381	644	560	226	30	313	592	531	289	105	598.064	13483	735	214	152	142	138	134	130	126	120	103	186.267	1301	198	171	163	157	152	147	141	136	129	109	1	104	759.555	1671.729	0	0	0	6560	0	0	0	714	0	0	0	1	97	759.909	1671.780	0	0	0	7054	0	0	0	723	0	0	0
200	200	816	1076.176	1671.284	402	163	141	88	16	355	180	132	102	31	117.815	133	125	123	121	120	118	116	114	112	110	99	224.935	318	287	268	254	244	232	220	203	179	149	109	0	0	0.000	0.000	0	0	0	0	0	0	0	0	0	0	0	0	0	0.000	0.000	0	0	0	0	0	0	0	0	0	0	0
201	201	796	86.680	1685.878	283	263	157	66	13	274	283	121	75	27	146.354	180	163	158	153	149	147	144	140	136	129	108	246.754	351	304	283	271	260	249	240	229	213	181	124	0	0	0.000	0.000	0	0	0	0	0	0	0	0	0	0	0	0	0	0.000	0.000	0	0	0	0	0	0	0	0	0	0	0
202	202	709	1169.173	1685.256	90	209	228	143	20	91	222	220	120	38	115.939	131	122	121	119	117	116	115	113	112	109	101	169.358	211	196	190	184	178	173	167	160	148	137	108	0	0	0.000	0.000	0	0	0	0	0	0	0	0	0	0	0	0	0	0.000	0.000	0	0	0	0	0	0	0	0	0	0	0
203	203	2172	786.285	1709.405	267	761	723	314	59	192	775	636	427	83	111.617	126	117	115	113	112	111	110	110	108	107	102	164.246	211	191	183	176	170	164	159	154	147	136	113	0	0	0.000	0.000	0	0	0	0	0	0	0	0	0	0	0	0	0	0.000	0.000	0	0	0	0	0	0	0	0	0	0	0
204	204	1801	599.930	1705.598	442	629	595	95	9	249	541	512	339	133	141.538	173	159	154	150	147	144	140	136	129	120	105	126.876	152	139	135	132	130	127	124	122	118	114	104	0	0	0.000	0.000	0	0	0	0	0	0	0	0	0	0	0	0	0	0.000	0.000	0	0	0	0	0	0	0	0	0	0	0
205	205	1227	1917.140	1707.561	219	405	367	204	11	137	352	355	269	99	826.817	1239	1110	1015	941	897	850	798	736	648	518	252	119.352	141	128	125	123	121	119	117	116	114	111	102	0	0	0.000	0.000	0	0	0	0	0	0	0	0	0	0	0	0	0	0.000	0.000	0	0	0	0	0	0	0	0	0	0	0
206	206	2408	340.634	1721.370	289	904	895	239	38	158	714	927	465	95	789.392	16064	907	411	344	310	286	267	246	224	196	109	172.959	2028	185	133	124	121	118	116	114	112	109	100	1	128	346.166	1726.139	0	0	0	8142	0	0	0	882	0	0	0	1	117	346.364	1726.134	0	0	0	8741	0	0	0	961	0	0	0
207	207	1890	1865.383	1720.396	240	581	758	236	34	176	709	746	221	8	894.101	1622	1313	1166	1053	968	895	815	709	604	495	177	141.109	180	161	154	150	146	141	137	133	128	121	106	0	0	0.000	0.000	0	0	0	0	0	0	0	0	0	0	0	0	0	0.000	0.000	0	0	0	0	0	0	0	0	0	0	0
208	208	1507	546.310	1718.138	380	546	471	68	18	199	441	488	288	54	334.035	7705	394	207	171	158	150	144	139	133	125	103	166.256	1653	189	149	140	135	130	126	122	118	114	103	1	59	542.929	1722.024	0	0	0	3091	0	0	0	719	0	0	0	1	58	543.423	1721.972	0	0	0	3368	0	0	0	776	0	0	0
209	209	1383	470.289	1719.771	431	350	271	234	78	330	412	345	208	64	113.208	131	120	118	116	115	113	112	110	108	106	99	297.754	430	384	364	347	328	314	300	269	225	177	109	0	0	0.000	0.000	0	0	0	0	0	0	0	0	0	0	0	0	0	0.000	0.000	0	0	0	0	0	0	0	0	0	0	0
210	210	2055	1716.785	1727.944	293	647	719	313	38	204	698	737	355	22	1196.213	15816	1587	1141	961	859	776	711	654	601	502	171	172.201	1639	198	149	140	136	132	129	126	123	118	102	1	89	1726.645	1724.968	0	0	0	7498	0	0	0	785	0	0	0	1	83	1726.570	1724.492	0	0	0	7604	0	0	0	811	0	0	0
211	211	1784	1602.156	1728.822	319	726	491	169	40	351	701	420	236	52	113.687	136	119	117	116	115	113	112	111	110	108	99	180.035	241	209	202	196	190	183	176	168	158	144	113	0	0	0.000	0.000	0	0	0	0	0	0	0	0	0	0	0	0	0	0.000	0.000	0	0	0	0	0	0	0	0	0	0	0
212	212	1913	281.662	1733.874	271	713	731	150	14	207	495	723	390	65	297.780	426	382	361	339	324	310	291	267	233	192	122	116.725	133	124	122	120	118	117	115	114	112	109	100	0	0	0.000	0.000	0	0	0	0	0	0	0	0	0	0	0	0	0	0.000	0.000	0	0	0	0	0	0	0	0	0	0	0
213	213	874	1820.466	1729.361	201	305	225	109	15	159	351	247	94	13	840.045	1333	1179	1127	1079	995	901	793	682	563	347	179	139.849	184	160	156	152	148	142	136	131	123	113	104	0	0	0.000	0.000	0	0	0	0	0	0	0	0	0	0	0	0	0	0.000	0.000	0	0	0	0	0	0	0	0	0	0	0
214	214	1691	1664.868	1747.614	807	707	101	24	24	974	637	25	20	12	816.630	1376	1092	998	926	870	825	792	729	650	513	141	138.302	181	153	148	145	142	140	137	133	129	119	105	0	0	0.000	0.000	0	0	0	0	0	0	0	0	0	0	0	0	0	0.000	0.000	0	0	0	0	0	0	0	0	0	0	0
215	215	1120	1560.090	1756.469	552	434	70	35	11	516	444	100	31	18	170.988	511	328	212	147	134	129	126	122	119	116	104	193.237	253	221	213	208	203	197	191	184	174	157	118	0	0	0.000	0.000	0	0	0	0	0	0	0	0	0	0	0	0	0	0.000	0.000	0	0	0	0	0	0	0	0	0	0	0
216	216	1676	779.539	1765.501	274	655	564	126	29	116	412	692	307	121	114.976	131	121	119	117	116	115	114	112	111	109	100	182.395	241	212	203	196	191	185	179	172	162	149	115	0	0	0.000	0.000	0	0	0	0	0	0	0	0	0	0	0	0	0	0.000	0.000	0	0	0	0	0	0	0	0	0	0	0
217	217	1271	1514.346	1768.400	176	405	465	177	24	118	392	421	239	69	141.050	186	152	148	145	143	141	139	137	135	131	110	242.810	338	305	289	273	258	246	233	220	201	176	122	0	0	0.000	0.000	0	0	0	0	0	0	0	0	0	0	0	0	0	0.000	0.000	0	0	0	0	0	0	0	0	0	0	0
218	218	1888	1742.112	1782.214	430	520	501	343	64	354	535	561	365	44	769.211	1252	1050	981	930	875	821	748	664	558	369	141	130.023	158	144	140	137	134	132	129	125	120	112	95	0	0	0.000	0.000	0	0	0	0	0	0	0	0	0	0	0	0	0	0.000	0.000	0	0	0	0	0	0	0	0	0	0	0
219	219	1665	1615.618	1775.987	168	723	589	134	25	79	515	662	342	44	749.580	1286	1028	934	860	778	731	695	649	574	487	147	134.822	168	151	146	141	138	134	131	128	124	119	104	0	0	0.000	0.000	0	0	0	0	0	0	0	0	0	0	0	0	0	0.000	0.000	0	0	0	0	0	0	0	0	0	0	0
220	220	1928	1384.070	1789.372	598	717	459	108	15	436	774	475	190	18	751.500	1148	1010	947	890	835	786	736	663	553	432	169	125.974	151	139	135	132	129	126	123	121	117	113	102	0	0	0.000	0.000	0	0	0	0	0	0	0	0	0	0	0	0	0	0.000	0.000	0	0	0	0	0	0	0	0	0	0	0
221	221	2148	89.126	1800.457	831	931	328	25	4	610	969	465	58	3	114.978	129	121	119	117	116	115	114	113	111	109	100	209.948	318	278	259	241	223	206	192	178	165	148	116	0	0	0.000	0.000	0	0	0	0	0	0	0	0	0	0	0	0	0	0.000	0.000	0	0	0	0	0	0	0	0	0	0	0
222	222	970	1657.616	1801.727	107	276	308	224	35	111	374	334	120	14	877.764	1288	1121	1052	1013	970	926	879	802	691	531	240	137.445	171	153	150	146	143	139	136	131	125	117	102	0	0	0.000	0.000	0	0	0	0	0	0	0	0	0	0	0	0	0	0.000	0.000	0	0	0	0	0	0	0	0	0	0	0
223	223	1444	262.279	1813.845	396	685	301	21	7	179	615	415	188	12	201.404	273	237	227	219	213	207	201	192	178	155	113	123.538	150	136	132	129	126	123	120	118	115	112	101	0	0	0.000	0.000	0	0	0	0	0	0	0	0	0	0	0	0	0	0.000	0.000	0	0	0	0	0	0	0	0	0	0	0
224	224	553	1701.540	1816.095	163	193	134	38	13	160	223	118	36	9	801.716	1184	1086	1031	972	907	845	780	674	554	432	252	127.665	157	143	139	135	132	129	125	121	116	110	101	0	0	0.000	0.000	0	0	0	0	0	0	0	0	0	0	0	0	0	0.000	0.000	0	0	0	0	0	0	0	0	0	0	0
225	225	1328	493.399	1825.824	207	343	366	313	74	181	397	426	248	56	1523.145	18775	4076	996	489	314	228	182	154	141	128	106	630.121	7416	1596	457	269	204	179	165	152	143	128	108	1	169	494.953	1825.698	0	0	0	8502	0	0	0	3024	0	0	0	1	140	495.067	1825.531	0	0	0	10771	0	0	0	3242	0	0	0
226	226	1573	341.664	1837.781	259	496	561	216	22	177	519	524	277	44	113.470	128	119	117	116	115	114	112	111	110	107	99	198.907	270	243	234	225	215	203	191	178	164	145	107	0	0	0.000	0.000	0	0	0	0	0	0	0	0	0	0	0	0	0	0.000	0.000	0	0	0	0	0	0	0	0	0	0	0
227	227	1426	535.713	1846.760	271	520	467	121	26	324	671	294	96	15	479.694	10505	691	263	176	149	141	136	132	127	120	106	194.279	1719	231	164	153	147	143	140	137	133	127	110	1	76	534.271	1855.232	0	0	0	4652	0	0	0	857	0	0	0	1	78	534.231	1855.207	0	0	0	4506	0	0	0	850	0	0	0
228	228	2043	1669.151	1850.314	301	869	614	185	36	236	958	602	196	12	1701.184	12601	2377	2019	1750	1524	1330	1201	1117	1028	881	337	161.144	879	175	162	154	147	142	138	134	130	125	107	1	70	1657.338	1862.197	0	0	0	8302	0	0	0	530	0	0	0	1	77	1657.533	1862.264	0	0	0	7459	0	0	0	519	0	0	0
229	229	2122	1837.120	1853.746	569	748	594	152	20	345	698	621	344	78	2134.324	24932	6077	1139	483	286	210	173	155	147	137	107	321.418	2576	626	266	207	185	175	167	158	149	134	106	1	297	1831.628	1854.502	0	0	0	11622	0	0	0	1030	0	0	0	1	226	1831.946	1853.996	0	0	0	16596	0	0	0	1362	0	0	0
230	230	1431	728.097	1858.264	301	637	379	70	21	226	747	337	80	18	339.621	520	446	411	385	364	340	315	291	271	234	135	108.575	120	113	112	110	109	108	107	106	106	104	100	0	0	0.000	0.000	0	0	0	0	0	0	0	0	0	0	0	0	0	0.000	0.000	0	0	0	0	0	0	0	0	0	0	0
231	231	1286	1575.818	1882.418	196	473	396	161	36	151	489	403	200	19	118.187	138	126	123	121	120	118	117	115	113	110	103	162.051	208	186	179	174	168	164	159	155	147	133	107	0	0	0.000	0.000	0	0	0	0	0	0	0	0	0	0	0	0	0	0.000	0.000	0	0	0	0	0	0	0	0	0	0	0
232	232	901	498.944	1875.852	233	256	294	91	15	139	222	291	143	82	134.900	165	153	149	145	140	137	132	127	120	114	102	152.007	191	178	173	168	163	155	148	139	128	119	107	0	0	0.000	0.000	0	0	0	0	0	0	0	0	0	0	0	0	0	0.000	0.000	0	0	0	0	0	0	0	0	0	0	0
233	233	1662	1708.919	1888.131	364	700	462	88	14	298	565	488	243	41	163.699	1570	167	160	155	152	149	145	141	136	126	105	340.637	575	443	413	378	359	340	321	300	277	243	147	1	32	1706.608	1907.413	0	0	0	716	0	0	0	383	0	0	0	0	0	0.000	0.000	0	0	0	0	0	0	0	0	0	0	0
234	234	3526	770.529	1898.636	1177	1473	708	86	23	827	1381	896	342	25	908.482	9062	1137	966	872	795	735	669	612	548	466	165	151.416	997	151	144	140	137	134	132	129	126	121	105	1	124	766.342	1878.500	0	0	0	5416	0	0	0	572	0	0	0	1	125	766.891	1878.089	0	0	0	5336	0	0	0	566	0	0	0
235	235	4267	1651.077	1907.345	2538	1166	401	76	19	2277	1326	463	91	45	238.032	1983	414	347	290	234	164	136	125	119	114	100	165.338	708	241	211	190	166	147	131	118	111	108	100	0	0	0.000	0.000	0	0	0	0	0	0	0	0	0	0	0	0	0	0.000	0.000	0	0	0	0	0	0	0	0	0	0	0
236	236	2902	830.202	1909.370	849	1164	734	75	21	684	914	972	240	46	1337.319	11876	4209	1472	694	457	366	306	259	225	178	118	413.305	3280	1212	412	222	163	142	132	125	120	115	104	1	442	824.511	1911.354	0	0	0	5517	0	0	0	1630	0	0	0	1	464	825.017	1910.902	0	0	0	5330	0	0	0	1576	0	0	0
237	237	3435	693.749	1908.096	456	1146	1256	477	46	262	884	1305	789	134	872.756	1542	1259	1138	1035	955	880	800	715	604	478	160	133.481	169	149	145	141	138	135	131	126	122	116	102	0	0	0.000	0.000	0	0	0	0	0	0	0	0	0	0	0	0	0	0.000	0.000	0	0	0	0	0	0	0	0	0	0	0
238	238	2349	1843.427	1909.791	627	1024	569	67	11	400	857	691	307	49	140.861	168	156	152	149	146	144	141	137	130	120	102	164.630	210	189	184	180	176	172	166	158	143	125	101	0	0	0.000	0.000	0	0	0	0	0	0	0	0	0	0	0	0	0	0.000	0.000	0	0	0	0	0	0	0	0	0	0	0
239	239	1828	1589.077	1929.379	459	705	526	106	9	275	584	605	277	49	191.295	4514	184	135	128	125	122	120	118	115	112	102	179.408	734	202	194	188	182	176	169	162	155	142	108	1	50	1580.998	1919.038	0	0	0	1678	0	0	0	372	0	0	0	1	26	1581.791	1917.677	0	0	0	1451	0	0	0	466	0	0	0
240	240	2134	1087.430	1935.478	178	635	720	451	102	191	837	733	309	31	518.018	13881	594	233	159	138	133	129	124	120	114	102	220.035	1317	261	234	221	209	193	180	168	153	138	105	1	96	1087.094	1925.006	0	0	0	6689	0	0	0	706	0	0	0	1	86	1087.812	1924.781	0	0	0	7149	0	0	0	787	0	0	0
241	241	1505	1691.679	1944.227	394	666	375	37	11	343	657	382	85	9	250.391	8207	240	172	155	148	142	138	133	127	120	104	313.326	1322	428	389	354	322	299	280	259	229	187	111	0	0	0.000	0.000	0	0	0	0	0	0	0	0	0	0	0	0	0	0.000	0.000	0	0	0	0	0	0	0	0	0	0	0
242	242	1602	1215.164	1946.441	353	544	480	178	20	203	476	454	372	68	481.137	10540	682	236	159	139	132	127	124	121	116	101	191.341	762	233	206	194	185	176	167	158	149	137	111	1	89	1215.959	1954.850	0	0	0	4642	0	0	0	417	0	0	0	1	60	1216.406	1953.913	0	0	0	5586	0	0	0	506	0	0	0
243	243	1371	71.584	1944.228	302	362	347	280	45	257	377	359	261	93	5158.688	29965	18547	6196	3145	2505	2072	1756	1511	1279	843	284	505.082	3432	1640	581	283	199	172	160	149	139	130	111	1	263	68.360	1939.216	0	0	0	19323	0	0	0	1669	0	0	0	1	257	69.129	1939.428	0	0	0	19530	0	0	0	1672	0	0	0
244	244	2128	1637.134	1954.944	344	801	682	225	48	262	805	691	289	44	2090.233	24536	6023	953	367	222	176	156	145	138	128	104	748.967	6219	1388	578	466	440	416	390	362	327	269	130	1	309	1635.350	1947.903	0	0	0	11454	0	0	0	2395	0	0	0	1	224	1635.719	1947.510	0	0	0	17081	0	0	0	3350	0	0	0
245	245	1247	1127.347	1962.582	226	477	455	52	14	147	349	443	270	19	124.058	147	133	131	128	126	125	123	120	118	114	101	201.691	266	239	231	224	216	207	198	187	175	153	109	0	0	0.000	0.000	0	0	0	0	0	0	0	0	0	0	0	0	0	0.000	0.000	0	0	0	0	0	0	0	0	0	0	0
