 	cell	area	x	y	BFI_lev_b1	BFI_lev_b2	BFI_lev_b3	BFI_lev_b4	BFI_lev_b5	BFO_lev_b1	BFO_lev_b2	BFO_lev_b3	BFO_lev_b4	BFO_lev_b5	GFP_int_mean	GFP_int_b0	GFP_int_b1	GFP_int_b2	GFP_int_b3	GFP_int_b4	GFP_int_b5	GFP_int_b6	GFP_int_b7	GFP_int_b8	GFP_int_b9	GFP_int_b10	RFP_int_mean	RFP_int_b0	RFP_int_b1	RFP_int_b2	RFP_int_b3	RFP_int_b4	RFP_int_b5	RFP_int_b6	RFP_int_b7	RFP_int_b8	RFP_int_b9	RFP_int_b10	inGFPnfoci	f1_inGFParea	f1_inGFPx	f1_inGFPy	f2_inGFParea	f2_inGFPx	f2_inGFPy	f1_inGFP_toGFPmed	f1_inGFP_toGFPmean	f2_inGFP_toGFPmed	f2_inGFP_toGFPmean	f1_inGFP_toRFPmed	f1_inGFP_toRFPmean	f2_inGFP_toRFPmed	f2_inGFP_toRFPmean	inRFPnfoci	f1_inRFParea	f1_inRFPx	f1_inRFPy	f2_inRFParea	f2_inRFPx	f2_inRFPy	f1_inRFP_toGFPmed	f1_inRFP_toGFPmean	f2_inRFP_toGFPmed	f2_inRFP_toGFPmean	f1_inRFP_toRFPmed	f1_inRFP_toRFPmean	f2_inRFP_toRFPmed	f2_inRFP_toRFPmean
1	1	511	255.420	65.559	146	117	109	91	42	114	135	127	106	26	116.317	133	126	123	121	119	117	115	112	109	106	97	105.511	121	111	108	107	106	105	104	103	102	101	94	0	0	0.000	0.000	0	0.000	0.000	0	0	0	0	0	0	0	0	0	0	0.000	0.000	0	0	0	0	0	0	0	0	0	0	0
2	2	1775	465.520	87.466	463	438	481	309	61	388	462	587	218	88	4943.586	29203	11490	5184	4317	3915	3285	2730	2202	1597	654	198	534.933	4744	1279	449	310	280	249	219	191	163	129	104	1	188	465.983	84.350	0	0.000	0.000	21353	0	0	0	2611	0	0	0	1	212	466.642	84.562	0	0	0	19388	0	0	0	2405	0	0	0
3	3	2206	893.946	103.379	385	619	814	324	15	255	637	905	315	56	121.988	170	141	132	127	123	119	116	114	111	108	98	383.774	637	582	535	494	452	402	344	278	228	166	107	0	0	0.000	0.000	0	0.000	0.000	0	0	0	0	0	0	0	0	0	0	0.000	0.000	0	0	0	0	0	0	0	0	0	0	0
4	4	4493	1471.837	126.600	3556	584	212	94	12	3331	680	303	101	26	873.477	26810	546	484	421	352	251	179	133	109	104	97	175.047	3760	158	145	137	129	122	114	108	105	103	93	2	69	1469.967	142.837	304	1450.153	112.139	568	0	13402	0	153	0	1374	0	0	0	0.000	0.000	0	0	0	0	0	0	0	0	0	0	0
5	5	1944	930.801	150.485	318	580	614	365	35	249	717	642	245	58	117.398	154	126	122	120	118	117	115	114	111	109	96	378.395	632	550	484	443	413	387	359	320	273	195	115	0	0	0.000	0.000	0	0.000	0.000	0	0	0	0	0	0	0	0	0	0	0.000	0.000	0	0	0	0	0	0	0	0	0	0	0
6	6	2446	1412.999	161.451	534	1007	697	115	32	547	1362	412	71	14	1619.736	24587	2344	697	551	494	456	414	362	321	222	115	465.754	7516	709	220	169	155	147	141	135	127	115	99	1	215	1408.979	162.862	0	0.000	0.000	12128	0	0	0	3031	0	0	0	1	184	1408.653	162.376	0	0	0	14133	0	0	0	3633	0	0	0
7	7	1683	179.020	170.726	444	575	443	166	15	278	614	497	198	65	129.530	157	145	140	137	133	130	126	123	119	113	100	104.480	119	109	107	105	105	104	103	103	102	101	95	0	0	0.000	0.000	0	0.000	0.000	0	0	0	0	0	0	0	0	0	0	0.000	0.000	0	0	0	0	0	0	0	0	0	0	0
8	8	2920	881.048	169.998	350	733	910	704	176	489	922	1108	323	23	4159.990	34934	20424	2646	815	504	407	363	336	306	248	122	1934.546	19508	7918	1242	428	254	196	173	160	151	138	105	1	620	883.457	167.323	0	0.000	0.000	18296	0	0	0	7119	0	0	0	1	504	882.762	167.604	0	0	0	23444	0	0	0	9359	0	0	0
9	9	1565	1340.247	186.017	898	318	227	80	26	711	359	240	133	101	133.723	282	162	150	141	132	124	119	115	111	107	99	103.010	111	106	105	104	103	103	102	102	101	101	91	0	0	0.000	0.000	0	0.000	0.000	0	0	0	0	0	0	0	0	0	0	0.000	0.000	0	0	0	0	0	0	0	0	0	0	0
10	10	1710	244.874	204.099	162	537	605	323	51	114	645	603	249	66	126.320	159	136	133	131	129	127	125	122	119	114	101	140.137	178	163	157	151	145	140	135	130	124	118	103	0	0	0.000	0.000	0	0.000	0.000	0	0	0	0	0	0	0	0	0	0	0.000	0.000	0	0	0	0	0	0	0	0	0	0	0
11	11	1990	1862.003	203.779	288	783	664	177	39	208	1032	549	148	22	529.208	13915	539	229	181	166	158	153	146	137	125	102	169.507	1581	188	144	137	133	129	126	123	119	113	100	1	93	1868.403	202.883	0	0.000	0.000	5993	0	0	0	761	0	0	0	1	95	1868.829	202.910	0	0	0	5826	0	0	0	740	0	0	0
12	12	1167	506.481	208.866	151	322	439	201	32	120	376	426	171	42	283.407	402	370	353	339	317	297	273	246	213	169	119	120.331	144	132	128	126	123	120	118	115	112	109	100	0	0	0.000	0.000	0	0.000	0.000	0	0	0	0	0	0	0	0	0	0	0.000	0.000	0	0	0	0	0	0	0	0	0	0	0
13	13	1597	1910.296	224.957	268	497	522	245	44	211	546	517	237	56	116.076	133	124	121	119	118	117	115	113	111	108	100	402.495	648	561	525	486	450	415	378	335	281	218	113	0	0	0.000	0.000	0	0.000	0.000	0	0	0	0	0	0	0	0	0	0	0.000	0.000	0	0	0	0	0	0	0	0	0	0	0
14	14	1640	336.760	224.845	279	517	472	320	33	189	456	626	261	70	395.983	9088	492	214	170	161	155	149	144	137	128	106	132.887	730	145	124	120	118	116	114	112	109	107	99	1	72	346.468	225.647	0	0.000	0.000	3914	0	0	0	393	0	0	0	1	74	346.120	226.050	0	0	0	3835	0	0	0	391	0	0	0
15	15	1327	1810.513	222.710	185	268	504	281	71	162	367	530	182	60	144.137	179	158	154	151	149	146	143	140	135	127	105	122.993	143	132	129	127	125	124	122	120	117	112	103	0	0	0.000	0.000	0	0.000	0.000	0	0	0	0	0	0	0	0	0	0	0.000	0.000	0	0	0	0	0	0	0	0	0	0	0
16	16	1947	200.878	232.370	406	727	564	176	29	298	663	611	277	63	788.832	18239	965	248	169	149	141	135	130	124	117	100	199.765	1602	245	179	167	158	149	142	136	129	120	102	1	120	191.785	222.627	0	0.000	0.000	8042	0	0	0	794	0	0	0	1	114	191.794	222.555	0	0	0	8498	0	0	0	837	0	0	0
17	17	1493	1243.261	240.034	471	672	266	35	26	491	749	174	28	17	115.725	170	123	120	118	116	115	113	112	110	108	99	218.765	293	258	247	239	230	221	214	206	193	174	114	0	0	0.000	0.000	0	0.000	0.000	0	0	0	0	0	0	0	0	0	0	0.000	0.000	0	0	0	0	0	0	0	0	0	0	0
18	18	1722	1706.102	244.254	207	512	573	328	64	279	796	489	112	9	116.180	136	125	122	120	118	116	115	113	110	107	98	104.418	118	108	107	106	105	104	104	103	102	101	95	0	0	0.000	0.000	0	0.000	0.000	0	0	0	0	0	0	0	0	0	0	0.000	0.000	0	0	0	0	0	0	0	0	0	0	0
19	19	2897	1017.867	251.222	471	1017	1059	283	23	323	1244	925	322	24	394.270	636	530	496	473	448	419	377	328	274	222	117	139.036	178	159	154	150	145	140	135	129	122	116	102	0	0	0.000	0.000	0	0.000	0.000	0	0	0	0	0	0	0	0	0	0	0.000	0.000	0	0	0	0	0	0	0	0	0	0	0
20	20	1997	542.147	245.497	345	550	647	384	37	257	650	700	286	80	525.848	9582	635	374	329	295	262	235	211	196	172	121	137.445	750	152	132	125	121	118	115	113	110	107	101	1	95	544.551	249.934	0	0.000	0.000	4345	0	0	0	422	0	0	0	1	102	544.891	250.072	0	0	0	4225	0	0	0	405	0	0	0
21	21	1871	1655.153	266.189	499	646	588	93	13	389	656	599	178	20	114.844	133	123	120	118	116	115	113	112	109	107	99	105.521	124	111	109	107	106	105	104	103	102	101	97	0	0	0.000	0.000	0	0.000	0.000	0	0	0	0	0	0	0	0	0	0	0.000	0.000	0	0	0	0	0	0	0	0	0	0	0
22	22	2715	1245.519	281.792	514	976	873	264	32	301	932	970	378	80	3353.695	33812	14104	1646	507	282	206	178	161	144	123	101	1383.487	16638	4222	601	282	226	200	182	168	154	131	104	1	481	1244.543	280.233	0	0.000	0.000	17831	0	0	0	5514	0	0	0	1	370	1244.336	280.052	0	0	0	22053	0	0	0	8174	0	0	0
23	23	575	1301.259	285.072	69	159	171	141	27	79	250	215	17	6	141.419	172	158	154	151	148	143	138	134	129	122	104	168.605	209	191	185	180	176	172	167	162	153	144	104	0	0	0.000	0.000	0	0.000	0.000	0	0	0	0	0	0	0	0	0	0	0.000	0.000	0	0	0	0	0	0	0	0	0	0	0
24	24	1959	1776.140	298.323	371	586	619	291	58	402	678	582	213	45	112.230	131	118	116	115	114	112	111	110	108	106	99	166.241	224	198	188	179	173	168	163	156	146	130	105	0	0	0.000	0.000	0	0.000	0.000	0	0	0	0	0	0	0	0	0	0	0.000	0.000	0	0	0	0	0	0	0	0	0	0	0
25	25	1263	1701.455	293.369	156	344	435	262	39	130	555	371	144	21	114.139	132	122	119	117	116	114	113	110	108	106	99	105.002	127	112	108	106	105	104	103	102	102	101	95	0	0	0.000	0.000	0	0.000	0.000	0	0	0	0	0	0	0	0	0	0	0.000	0.000	0	0	0	0	0	0	0	0	0	0	0
26	26	1300	851.807	298.022	231	303	427	275	39	199	320	478	189	90	143.252	180	163	158	154	150	145	140	135	128	119	105	136.662	172	157	152	146	142	137	132	127	122	116	106	0	0	0.000	0.000	0	0.000	0.000	0	0	0	0	0	0	0	0	0	0	0.000	0.000	0	0	0	0	0	0	0	0	0	0	0
27	27	3032	1836.318	309.438	584	1121	1060	180	25	377	673	1019	760	143	160.634	213	189	182	175	169	161	154	147	140	131	103	541.696	861	769	718	662	605	544	487	432	377	311	136	0	0	0.000	0.000	0	0.000	0.000	0	0	0	0	0	0	0	0	0	0	0.000	0.000	0	0	0	0	0	0	0	0	0	0	0
28	28	1665	520.366	307.123	275	344	503	442	64	291	468	538	293	39	155.637	793	174	165	161	156	152	146	139	131	123	102	125.397	179	138	134	132	129	127	124	120	116	109	98	1	28	524.199	297.421	0	0.000	0.000	413	0	0	0	148	0	0	0	0	0	0.000	0.000	0	0	0	0	0	0	0	0	0	0	0
29	29	1991	573.426	319.914	349	614	704	245	36	249	792	641	227	43	615.150	15284	769	266	189	168	159	154	149	141	131	102	185.592	2096	208	143	137	132	129	126	122	118	112	100	1	103	572.194	314.023	0	0.000	0.000	6791	0	0	0	927	0	0	0	1	99	571.678	313.215	0	0	0	5797	0	0	0	988	0	0	0
30	30	1940	1306.505	329.607	400	850	583	65	11	244	739	616	241	68	230.711	3754	255	190	172	162	154	147	139	130	119	99	178.525	1642	198	171	161	153	146	139	132	126	118	99	1	67	1296.017	329.986	0	0.000	0.000	1573	0	0	0	795	0	0	0	1	62	1295.713	329.716	0	0	0	1910	0	0	0	852	0	0	0
31	31	1255	315.715	327.555	260	409	426	126	16	217	227	467	229	96	131.371	159	147	142	139	136	133	130	127	121	113	102	138.806	181	164	158	152	147	141	135	128	119	107	99	0	0	0.000	0.000	0	0.000	0.000	0	0	0	0	0	0	0	0	0	0	0.000	0.000	0	0	0	0	0	0	0	0	0	0	0
32	32	1757	243.526	342.202	1271	389	30	27	9	1089	543	45	32	18	413.845	640	554	512	485	464	441	416	378	316	204	112	113.186	139	121	118	116	115	113	111	110	107	104	97	0	0	0.000	0.000	0	0.000	0.000	0	0	0	0	0	0	0	0	0	0	0.000	0.000	0	0	0	0	0	0	0	0	0	0	0
33	33	1328	116.536	350.643	280	465	417	132	8	249	490	410	137	22	112.343	127	119	117	115	114	112	111	110	108	106	100	234.873	329	297	280	264	253	243	231	218	196	150	104	0	0	0.000	0.000	0	0.000	0.000	0	0	0	0	0	0	0	0	0	0	0.000	0.000	0	0	0	0	0	0	0	0	0	0	0
34	34	1687	1761.718	356.690	188	450	576	383	60	167	631	557	257	40	113.129	126	119	117	116	114	113	112	110	109	107	100	166.111	227	198	188	181	174	167	159	152	144	134	104	0	0	0.000	0.000	0	0.000	0.000	0	0	0	0	0	0	0	0	0	0	0.000	0.000	0	0	0	0	0	0	0	0	0	0	0
35	35	1955	164.887	370.100	332	679	616	260	33	311	749	544	272	37	111.092	127	117	115	114	112	111	110	108	107	105	95	242.661	367	302	292	281	268	253	238	222	194	156	105	0	0	0.000	0.000	0	0.000	0.000	0	0	0	0	0	0	0	0	0	0	0.000	0.000	0	0	0	0	0	0	0	0	0	0	0
36	36	1604	1072.723	373.553	206	588	527	239	11	135	433	643	284	86	112.070	138	118	116	114	113	112	111	110	108	107	98	187.003	244	215	207	202	197	192	187	180	167	148	106	0	0	0.000	0.000	0	0.000	0.000	0	0	0	0	0	0	0	0	0	0	0.000	0.000	0	0	0	0	0	0	0	0	0	0	0
37	37	1597	594.839	372.871	349	570	447	175	17	266	539	522	218	24	1026.379	1516	1376	1290	1212	1158	1096	1012	890	736	574	243	105.108	122	111	108	106	105	104	104	103	102	101	97	0	0	0.000	0.000	0	0.000	0.000	0	0	0	0	0	0	0	0	0	0	0.000	0.000	0	0	0	0	0	0	0	0	0	0	0
38	38	1611	1719.026	385.207	242	648	477	203	16	137	539	549	262	86	351.066	541	475	447	426	393	356	321	287	256	217	120	104.333	117	108	107	105	105	104	103	103	102	101	96	0	0	0.000	0.000	0	0.000	0.000	0	0	0	0	0	0	0	0	0	0	0.000	0.000	0	0	0	0	0	0	0	0	0	0	0
39	39	1174	1337.884	393.191	129	274	439	250	58	216	571	256	102	14	132.566	473	143	137	134	131	129	126	124	120	117	104	116.512	149	126	122	120	118	116	114	112	110	108	103	1	21	1346.086	406.661	0	0.000	0.000	282	0	0	0	126	0	0	0	0	0	0.000	0.000	0	0	0	0	0	0	0	0	0	0	0
40	40	1680	1513.623	400.830	160	466	592	359	71	154	608	629	210	46	373.989	611	526	488	447	411	377	342	307	271	221	111	105.947	122	113	109	107	106	105	104	103	102	101	96	0	0	0.000	0.000	0	0.000	0.000	0	0	0	0	0	0	0	0	0	0	0.000	0.000	0	0	0	0	0	0	0	0	0	0	0
41	41	1689	249.113	392.882	338	552	474	264	36	386	708	463	100	9	355.735	570	489	452	420	394	366	340	306	266	197	111	112.326	139	120	117	115	113	112	111	109	107	105	98	0	0	0.000	0.000	0	0.000	0.000	0	0	0	0	0	0	0	0	0	0	0.000	0.000	0	0	0	0	0	0	0	0	0	0	0
42	42	1398	930.527	388.655	326	446	391	161	39	305	420	475	140	31	1314.291	18795	3068	693	319	217	172	153	144	137	129	109	402.200	4766	775	270	197	172	160	151	144	136	129	106	1	158	930.749	385.567	0	0.000	0.000	8171	0	0	0	1831	0	0	0	1	133	930.877	385.308	0	0	0	9938	0	0	0	2106	0	0	0
43	43	771	635.737	392.108	90	148	215	223	81	94	285	230	105	39	897.214	1380	1276	1182	1100	1045	944	846	739	606	441	213	106.460	123	113	110	108	107	105	105	104	103	102	98	0	0	0.000	0.000	0	0.000	0.000	0	0	0	0	0	0	0	0	0	0	0.000	0.000	0	0	0	0	0	0	0	0	0	0	0
44	44	1093	334.930	402.985	116	282	324	273	76	80	307	431	191	61	124.615	147	137	133	130	128	126	123	120	116	110	100	144.449	187	167	161	157	151	145	139	133	127	120	103	0	0	0.000	0.000	0	0.000	0.000	0	0	0	0	0	0	0	0	0	0	0.000	0.000	0	0	0	0	0	0	0	0	0	0	0
45	45	1144	190.708	408.175	410	330	277	94	16	269	346	264	183	62	109.734	163	116	113	112	110	109	108	107	105	104	97	301.334	514	448	410	378	353	318	277	233	175	129	103	0	0	0.000	0.000	0	0.000	0.000	0	0	0	0	0	0	0	0	0	0	0.000	0.000	0	0	0	0	0	0	0	0	0	0	0
46	46	1022	1754.964	417.378	157	289	326	181	56	109	337	368	136	60	314.787	478	431	399	367	341	316	292	269	247	193	116	105.358	119	110	108	107	106	105	104	103	102	101	96	0	0	0.000	0.000	0	0.000	0.000	0	0	0	0	0	0	0	0	0	0	0.000	0.000	0	0	0	0	0	0	0	0	0	0	0
47	47	1501	1043.225	429.025	254	427	467	264	65	210	564	449	197	54	136.576	745	143	137	134	132	129	126	123	120	115	104	153.518	211	181	173	166	159	152	146	141	136	129	110	1	27	1055.371	434.459	0	0.000	0.000	396	0	0	0	169	0	0	0	0	0	0.000	0.000	0	0	0	0	0	0	0	0	0	0	0
48	48	1043	847.167	424.601	172	246	271	294	44	145	208	266	261	146	129.819	149	140	137	135	133	131	129	126	122	118	107	137.305	176	159	153	147	142	138	134	129	123	113	100	0	0	0.000	0.000	0	0.000	0.000	0	0	0	0	0	0	0	0	0	0	0.000	0.000	0	0	0	0	0	0	0	0	0	0	0
49	49	634	1667.271	422.237	76	149	171	157	69	21	154	248	133	67	519.008	841	750	691	633	602	561	512	438	323	210	129	105.565	120	111	109	107	106	105	104	103	102	101	97	0	0	0.000	0.000	0	0.000	0.000	0	0	0	0	0	0	0	0	0	0	0.000	0.000	0	0	0	0	0	0	0	0	0	0	0
50	50	2178	307.499	445.936	362	617	708	394	62	258	719	764	297	105	361.955	8815	384	179	146	138	133	129	125	120	114	101	172.341	1007	194	171	164	158	152	146	139	131	121	102	1	101	303.301	453.342	0	0.000	0.000	3716	0	0	0	539	0	0	0	1	83	303.112	453.717	0	0	0	4332	0	0	0	586	0	0	0
51	51	1460	1408.895	433.808	187	467	493	258	32	170	432	494	270	62	703.057	1120	996	942	871	801	731	664	588	507	329	115	107.866	122	113	111	110	109	108	106	106	104	103	98	0	0	0.000	0.000	0	0.000	0.000	0	0	0	0	0	0	0	0	0	0	0.000	0.000	0	0	0	0	0	0	0	0	0	0	0
52	52	1051	1544.101	438.642	171	311	310	206	35	109	304	366	167	75	306.391	501	432	397	364	331	299	271	249	223	191	121	105.781	131	114	109	107	105	104	103	103	102	101	94	0	0	0.000	0.000	0	0.000	0.000	0	0	0	0	0	0	0	0	0	0	0.000	0.000	0	0	0	0	0	0	0	0	0	0	0
53	53	508	1453.067	435.261	73	98	131	137	53	65	147	141	106	40	111.677	126	118	115	114	113	112	111	109	108	106	100	230.478	316	295	280	264	252	237	222	199	183	159	111	0	0	0.000	0.000	0	0.000	0.000	0	0	0	0	0	0	0	0	0	0	0.000	0.000	0	0	0	0	0	0	0	0	0	0	0
54	54	603	526.900	435.305	139	253	154	39	9	74	179	241	84	14	1747.808	2597	2278	2173	2083	2013	1922	1790	1629	1320	867	236	140.056	170	158	154	150	146	142	138	133	127	119	104	0	0	0.000	0.000	0	0.000	0.000	0	0	0	0	0	0	0	0	0	0	0.000	0.000	0	0	0	0	0	0	0	0	0	0	0
55	55	1239	1241.114	442.101	477	277	227	186	54	560	328	203	107	28	292.375	437	383	359	338	325	312	295	265	220	160	110	106.752	121	112	110	108	107	106	105	105	103	102	96	0	0	0.000	0.000	0	0.000	0.000	0	0	0	0	0	0	0	0	0	0	0.000	0.000	0	0	0	0	0	0	0	0	0	0	0
56	56	2277	1701.905	457.133	218	604	877	486	48	182	832	799	311	106	754.444	1329	1144	1039	947	854	754	645	562	483	385	139	106.005	120	110	109	107	107	106	105	104	103	102	91	0	0	0.000	0.000	0	0.000	0.000	0	0	0	0	0	0	0	0	0	0	0.000	0.000	0	0	0	0	0	0	0	0	0	0	0
57	57	2233	541.498	475.220	333	672	765	384	37	190	703	913	343	34	2736.150	4550	3899	3561	3334	3098	2820	2523	2232	1993	1421	415	156.622	211	187	179	171	163	156	149	143	137	127	104	0	0	0.000	0.000	0	0.000	0.000	0	0	0	0	0	0	0	0	0	0	0.000	0.000	0	0	0	0	0	0	0	0	0	0	0
58	58	2558	158.290	471.716	449	717	937	368	42	313	710	1018	400	73	157.878	2463	150	143	140	137	135	131	127	122	115	96	324.163	807	431	405	379	354	334	309	279	246	186	109	1	42	169.886	455.464	0	0.000	0.000	1132	0	0	0	521	0	0	0	0	0	0.000	0.000	0	0	0	0	0	0	0	0	0	0	0
59	59	2778	662.699	480.947	324	616	989	654	144	258	612	1107	599	141	2868.724	5068	4287	3739	3378	3076	2821	2608	2400	2126	1500	400	192.069	274	235	221	211	204	195	186	177	164	144	102	0	0	0.000	0.000	0	0.000	0.000	0	0	0	0	0	0	0	0	0	0	0.000	0.000	0	0	0	0	0	0	0	0	0	0	0
60	60	2280	1293.499	473.295	586	823	671	159	10	437	943	565	255	52	1282.847	23417	2058	458	241	174	149	139	131	123	113	99	447.429	6118	664	296	241	219	205	183	167	152	131	102	1	204	1293.891	469.540	0	0.000	0.000	11200	0	0	0	2411	0	0	0	1	163	1293.019	469.204	0	0	0	13321	0	0	0	3008	0	0	0
61	61	2379	1146.102	478.852	402	739	646	485	68	335	946	682	290	88	110.507	127	116	114	113	111	110	109	108	107	105	99	275.751	430	359	335	320	301	281	260	238	216	185	111	0	0	0.000	0.000	0	0.000	0.000	0	0	0	0	0	0	0	0	0	0	0.000	0.000	0	0	0	0	0	0	0	0	0	0	0
62	62	628	1430.256	468.524	134	198	182	95	9	113	139	232	93	39	470.541	839	710	627	580	548	506	451	372	282	183	115	106.357	120	112	109	108	107	106	105	104	103	102	97	0	0	0.000	0.000	0	0.000	0.000	0	0	0	0	0	0	0	0	0	0	0.000	0.000	0	0	0	0	0	0	0	0	0	0	0
63	63	1288	427.553	519.798	486	334	291	137	18	410	398	282	152	19	107.658	122	113	111	110	109	107	106	105	104	103	96	106.076	119	111	109	108	107	106	105	104	103	102	95	0	0	0.000	0.000	0	0.000	0.000	0	0	0	0	0	0	0	0	0	0	0.000	0.000	0	0	0	0	0	0	0	0	0	0	0
64	64	1872	135.649	525.498	215	680	643	259	41	158	527	783	323	47	1066.799	1714	1550	1405	1283	1188	1096	1005	910	795	506	153	134.008	169	151	146	142	138	135	132	128	123	114	96	0	0	0.000	0.000	0	0.000	0.000	0	0	0	0	0	0	0	0	0	0	0.000	0.000	0	0	0	0	0	0	0	0	0	0	0
65	65	1490	547.731	527.648	216	459	591	163	27	100	416	686	215	41	2485.240	4200	3486	3154	2927	2765	2572	2300	2109	1835	1377	406	153.717	198	178	171	166	161	155	150	144	137	125	104	0	0	0.000	0.000	0	0.000	0.000	0	0	0	0	0	0	0	0	0	0	0.000	0.000	0	0	0	0	0	0	0	0	0	0	0
66	66	1775	1822.974	539.906	191	381	704	396	73	163	429	845	271	40	370.508	2047	470	438	412	387	363	336	313	283	236	123	134.925	323	150	145	142	138	134	130	126	121	115	100	1	17	1820.852	554.635	0	0.000	0.000	1414	0	0	0	218	0	0	0	1	17	1821.596	555.340	0	0	0	1383	0	0	0	263	0	0	0
67	67	3503	653.653	552.416	513	924	1396	540	73	439	846	1279	684	189	2901.831	5014	4195	3888	3572	3227	2933	2678	2372	2002	1488	474	196.262	276	243	231	220	209	199	189	177	164	142	107	0	0	0.000	0.000	0	0.000	0.000	0	0	0	0	0	0	0	0	0	0	0.000	0.000	0	0	0	0	0	0	0	0	0	0	0
68	68	599	586.049	548.175	104	228	159	76	20	87	175	229	83	13	1056.057	1457	1340	1275	1238	1201	1148	1071	963	817	622	317	130.528	153	144	140	137	134	132	128	124	121	115	104	0	0	0.000	0.000	0	0.000	0.000	0	0	0	0	0	0	0	0	0	0	0.000	0.000	0	0	0	0	0	0	0	0	0	0	0
69	69	1749	100.668	573.049	248	685	552	207	31	213	736	565	176	20	856.745	17293	1367	383	235	192	175	168	162	156	146	114	175.392	1366	216	146	138	134	132	129	126	122	117	102	1	125	100.552	579.585	0	0.000	0.000	7200	0	0	0	595	0	0	0	1	110	99.645	579.759	0	0	0	8064	0	0	0	644	0	0	0
70	70	1305	769.728	564.488	248	299	406	269	59	222	339	376	266	78	117.138	155	130	125	122	119	116	114	112	109	106	99	670.030	1265	1133	1008	885	769	688	601	475	309	171	111	0	0	0.000	0.000	0	0.000	0.000	0	0	0	0	0	0	0	0	0	0	0.000	0.000	0	0	0	0	0	0	0	0	0	0	0
71	71	1253	382.990	574.382	400	312	239	198	73	395	468	286	64	17	109.884	127	117	115	113	111	110	108	106	105	103	98	108.601	130	116	112	111	109	108	107	105	104	103	98	0	0	0.000	0.000	0	0.000	0.000	0	0	0	0	0	0	0	0	0	0	0.000	0.000	0	0	0	0	0	0	0	0	0	0	0
72	72	787	1602.416	568.900	89	171	269	219	25	63	144	344	142	82	121.532	142	133	129	126	123	121	119	117	114	111	101	149.069	191	174	166	160	154	150	144	137	131	124	110	0	0	0.000	0.000	0	0.000	0.000	0	0	0	0	0	0	0	0	0	0	0.000	0.000	0	0	0	0	0	0	0	0	0	0	0
73	73	1552	543.941	574.908	315	566	545	89	16	224	791	400	95	10	1950.950	10072	2574	2352	2228	2072	1893	1685	1492	1281	925	373	169.446	738	194	181	173	165	156	149	141	134	120	103	1	29	557.447	566.118	0	0.000	0.000	7598	0	0	0	583	0	0	0	1	62	557.891	565.342	0	0	0	4922	0	0	0	461	0	0	0
74	74	1817	593.187	588.651	263	346	620	443	112	256	450	717	303	52	1442.371	5694	2164	1957	1770	1574	1361	1226	1103	985	768	201	141.042	412	163	156	150	145	140	135	130	124	115	101	0	0	0.000	0.000	0	0.000	0.000	0	0	0	0	0	0	0	0	0	0	0.000	0.000	0	0	0	0	0	0	0	0	0	0	0
75	75	1646	1746.317	594.112	143	589	627	212	28	94	514	693	254	52	441.206	697	582	531	494	467	442	423	403	373	295	131	134.180	166	148	144	141	138	135	133	129	125	118	100	0	0	0.000	0.000	0	0.000	0.000	0	0	0	0	0	0	0	0	0	0	0.000	0.000	0	0	0	0	0	0	0	0	0	0	0
76	76	1900	1634.509	605.753	265	567	558	406	67	271	682	546	277	87	261.226	5972	277	169	148	141	135	130	126	122	117	99	183.435	1417	217	190	175	164	155	148	142	135	124	105	1	68	1632.437	612.866	0	0.000	0.000	2393	0	0	0	666	0	0	0	1	65	1632.996	612.428	0	0	0	2393	0	0	0	677	0	0	0
77	77	2235	1197.497	605.966	332	639	766	403	44	268	766	755	284	116	110.506	126	116	114	113	112	111	110	108	107	105	96	399.508	641	563	524	491	458	413	366	319	270	214	114	0	0	0.000	0.000	0	0.000	0.000	0	0	0	0	0	0	0	0	0	0	0.000	0.000	0	0	0	0	0	0	0	0	0	0	0
78	78	1136	240.696	603.514	493	237	164	163	61	392	314	307	97	9	112.748	133	121	118	116	115	113	111	109	106	104	99	169.399	237	214	206	197	188	178	165	147	125	110	99	0	0	0.000	0.000	0	0.000	0.000	0	0	0	0	0	0	0	0	0	0	0.000	0.000	0	0	0	0	0	0	0	0	0	0	0
79	79	2555	683.692	617.354	496	589	828	519	76	429	789	808	442	46	2161.734	3770	3161	2948	2726	2524	2318	2110	1795	1362	755	234	174.169	249	216	206	197	188	179	169	159	141	120	103	0	0	0.000	0.000	0	0.000	0.000	0	0	0	0	0	0	0	0	0	0	0.000	0.000	0	0	0	0	0	0	0	0	0	0	0
80	80	2170	744.732	615.374	313	654	830	303	24	192	744	853	276	71	2396.599	3900	3446	3215	2985	2806	2594	2253	1887	1552	1143	274	185.695	258	233	225	214	204	191	177	162	147	127	103	0	0	0.000	0.000	0	0.000	0.000	0	0	0	0	0	0	0	0	0	0	0.000	0.000	0	0	0	0	0	0	0	0	0	0	0
81	81	683	1145.596	615.095	146	124	226	132	39	111	120	202	196	40	107.221	117	111	110	109	108	107	106	105	104	103	99	146.634	185	169	163	160	156	152	147	139	127	113	102	0	0	0.000	0.000	0	0.000	0.000	0	0	0	0	0	0	0	0	0	0	0.000	0.000	0	0	0	0	0	0	0	0	0	0	0
82	82	2018	1103.950	639.648	203	663	840	242	32	102	476	946	359	84	110.889	127	116	114	113	112	111	110	109	107	106	99	170.337	220	199	191	184	179	174	169	162	152	131	103	0	0	0.000	0.000	0	0.000	0.000	0	0	0	0	0	0	0	0	0	0	0.000	0.000	0	0	0	0	0	0	0	0	0	0	0
83	83	1019	226.467	645.900	623	196	133	50	10	444	180	207	139	37	116.873	138	128	125	122	120	118	115	112	108	105	99	201.574	302	259	241	231	223	212	199	178	151	127	104	0	0	0.000	0.000	0	0.000	0.000	0	0	0	0	0	0	0	0	0	0	0.000	0.000	0	0	0	0	0	0	0	0	0	0	0
84	84	1257	415.906	643.935	591	407	192	39	9	415	351	365	99	12	152.940	216	184	175	166	159	153	146	139	131	121	103	684.611	1389	1072	928	826	739	660	594	536	444	306	129	0	0	0.000	0.000	0	0.000	0.000	0	0	0	0	0	0	0	0	0	0	0.000	0.000	0	0	0	0	0	0	0	0	0	0	0
85	85	1928	497.706	674.189	299	692	652	221	34	219	720	678	230	29	112.290	129	118	116	115	113	112	111	110	109	107	100	386.245	627	546	513	476	432	389	341	296	270	234	117	0	0	0.000	0.000	0	0.000	0.000	0	0	0	0	0	0	0	0	0	0	0.000	0.000	0	0	0	0	0	0	0	0	0	0	0
86	86	1390	1785.587	673.016	313	495	395	144	16	223	526	437	136	40	400.406	648	530	499	469	443	421	395	371	307	215	121	126.299	159	142	138	134	132	129	125	119	112	107	101	0	0	0.000	0.000	0	0.000	0.000	0	0	0	0	0	0	0	0	0	0	0.000	0.000	0	0	0	0	0	0	0	0	0	0	0
87	87	1877	552.531	683.498	225	535	734	292	59	269	812	563	174	20	590.724	931	783	720	674	637	600	562	523	475	376	164	143.598	181	162	157	153	149	144	140	135	130	123	102	0	0	0.000	0.000	0	0.000	0.000	0	0	0	0	0	0	0	0	0	0	0.000	0.000	0	0	0	0	0	0	0	0	0	0	0
88	88	1370	445.582	680.379	233	522	449	127	13	138	477	489	181	53	110.304	122	115	114	112	111	110	109	108	107	105	97	417.812	613	555	530	499	464	436	403	363	316	242	139	0	0	0.000	0.000	0	0.000	0.000	0	0	0	0	0	0	0	0	0	0	0.000	0.000	0	0	0	0	0	0	0	0	0	0	0
89	89	1510	975.216	688.726	716	501	208	63	7	451	447	422	138	35	813.472	1602	1224	1080	962	864	779	689	608	543	458	289	109.552	124	115	113	111	110	109	108	107	107	105	97	0	0	0.000	0.000	0	0.000	0.000	0	0	0	0	0	0	0	0	0	0	0.000	0.000	0	0	0	0	0	0	0	0	0	0	0
90	90	962	1103.375	687.800	153	264	339	161	21	61	241	321	272	40	193.466	246	223	215	209	203	195	188	181	172	160	131	119.475	139	129	126	123	121	119	117	115	113	111	101	0	0	0.000	0.000	0	0.000	0.000	0	0	0	0	0	0	0	0	0	0	0.000	0.000	0	0	0	0	0	0	0	0	0	0	0
91	91	1778	894.977	705.062	157	447	731	360	59	158	839	547	182	17	133.069	158	143	140	138	136	134	132	130	126	122	109	237.195	341	299	284	271	256	241	226	212	194	164	117	0	0	0.000	0.000	0	0.000	0.000	0	0	0	0	0	0	0	0	0	0	0.000	0.000	0	0	0	0	0	0	0	0	0	0	0
92	92	1636	721.738	715.411	137	363	627	399	73	155	412	666	258	99	699.375	1151	1020	936	853	775	696	632	572	509	361	163	105.666	119	110	108	107	106	105	105	104	103	102	97	0	0	0.000	0.000	0	0.000	0.000	0	0	0	0	0	0	0	0	0	0	0.000	0.000	0	0	0	0	0	0	0	0	0	0	0
93	93	2314	1192.196	718.902	418	583	763	432	70	345	694	826	281	126	3525.311	33525	15836	2222	725	393	271	215	186	165	143	105	662.677	6559	2100	422	214	164	147	137	130	124	116	101	1	435	1188.643	718.862	0	0.000	0.000	16690	0	0	0	2410	0	0	0	1	353	1189.105	718.409	0	0	0	22306	0	0	0	3210	0	0	0
94	94	2046	942.806	729.539	361	783	610	235	24	283	899	561	239	30	739.937	1251	1004	937	885	839	777	714	630	562	410	138	109.777	182	115	113	111	110	109	108	107	106	104	100	0	0	0.000	0.000	0	0.000	0.000	0	0	0	0	0	0	0	0	0	0	0.000	0.000	0	0	0	0	0	0	0	0	0	0	0
95	95	1177	577.340	725.453	189	301	387	219	62	208	544	307	81	11	524.125	840	719	659	614	575	542	500	453	388	299	149	137.676	180	158	152	148	143	138	133	129	124	116	102	0	0	0.000	0.000	0	0.000	0.000	0	0	0	0	0	0	0	0	0	0	0.000	0.000	0	0	0	0	0	0	0	0	0	0	0
96	96	938	1249.786	729.783	148	199	297	233	46	131	227	333	193	34	153.754	188	173	169	165	161	157	153	146	138	128	107	128.004	155	141	138	135	132	130	127	123	118	111	99	0	0	0.000	0.000	0	0.000	0.000	0	0	0	0	0	0	0	0	0	0	0.000	0.000	0	0	0	0	0	0	0	0	0	0	0
97	97	1745	1746.256	752.349	251	429	563	380	91	231	663	519	209	96	567.096	930	766	719	674	629	586	544	507	432	313	138	118.009	146	131	126	123	120	117	115	113	110	106	98	0	0	0.000	0.000	0	0.000	0.000	0	0	0	0	0	0	0	0	0	0	0.000	0.000	0	0	0	0	0	0	0	0	0	0	0
98	98	879	1106.995	764.163	312	184	193	145	32	300	262	180	102	21	121.521	146	132	129	126	124	121	119	117	114	111	101	225.374	391	308	275	257	242	227	213	192	167	136	106	0	0	0.000	0.000	0	0.000	0.000	0	0	0	0	0	0	0	0	0	0	0.000	0.000	0	0	0	0	0	0	0	0	0	0	0
99	99	773	469.279	763.967	104	184	225	202	46	137	296	203	111	20	432.078	649	552	513	486	461	435	414	395	369	300	139	131.827	155	144	141	138	136	134	131	129	124	113	101	0	0	0.000	0.000	0	0.000	0.000	0	0	0	0	0	0	0	0	0	0	0.000	0.000	0	0	0	0	0	0	0	0	0	0	0
100	100	1501	1852.446	774.666	219	634	465	141	16	300	786	318	65	11	126.745	152	137	134	131	129	127	125	122	120	116	102	155.125	202	180	172	164	159	154	149	145	140	132	108	0	0	0.000	0.000	0	0.000	0.000	0	0	0	0	0	0	0	0	0	0	0.000	0.000	0	0	0	0	0	0	0	0	0	0	0
101	101	1700	1907.060	778.852	110	417	716	391	39	122	546	703	244	47	2981.209	5094	4542	4171	3708	3279	2936	2619	2321	1967	1496	452	182.056	242	221	211	203	195	186	174	164	152	138	112	0	0	0.000	0.000	0	0.000	0.000	0	0	0	0	0	0	0	0	0	0	0.000	0.000	0	0	0	0	0	0	0	0	0	0	0
102	102	1108	668.044	775.572	143	434	364	132	13	49	332	477	180	43	112.574	137	119	117	115	113	112	111	110	108	106	100	169.217	213	191	185	180	176	172	167	161	155	144	109	0	0	0.000	0.000	0	0.000	0.000	0	0	0	0	0	0	0	0	0	0	0.000	0.000	0	0	0	0	0	0	0	0	0	0	0
103	103	1998	1206.815	796.145	569	580	581	194	34	450	713	478	280	33	118.022	146	129	124	121	119	117	115	113	111	109	99	304.823	515	429	398	370	344	317	285	245	203	160	109	0	0	0.000	0.000	0	0.000	0.000	0	0	0	0	0	0	0	0	0	0	0.000	0.000	0	0	0	0	0	0	0	0	0	0	0
104	104	1399	80.211	788.692	293	474	477	121	10	211	341	551	216	55	106.009	119	111	109	108	107	106	105	104	103	102	97	130.542	160	144	140	137	134	131	128	125	121	115	102	0	0	0.000	0.000	0	0.000	0.000	0	0	0	0	0	0	0	0	0	0	0.000	0.000	0	0	0	0	0	0	0	0	0	0	0
105	105	1475	765.404	793.990	283	642	450	66	14	132	634	518	139	33	527.781	729	651	619	595	571	547	520	492	460	369	160	107.218	126	114	110	108	107	106	105	105	104	103	97	0	0	0.000	0.000	0	0.000	0.000	0	0	0	0	0	0	0	0	0	0	0.000	0.000	0	0	0	0	0	0	0	0	0	0	0
106	106	2046	1124.620	805.978	1051	879	38	21	19	898	1020	41	22	26	1416.205	22310	2252	600	375	313	283	267	251	232	198	132	149.279	947	181	126	118	115	113	111	110	108	106	99	1	185	1119.955	801.419	0	0.000	0.000	11015	0	0	0	434	0	0	0	1	162	1120.347	801.081	0	0	0	12131	0	0	0	459	0	0	0
107	107	967	369.193	797.765	372	291	205	48	29	449	355	102	30	14	975.872	1362	1242	1207	1176	1132	1082	986	866	717	548	223	113.625	144	128	120	116	113	111	110	108	107	105	98	0	0	0.000	0.000	0	0.000	0.000	0	0	0	0	0	0	0	0	0	0	0.000	0.000	0	0	0	0	0	0	0	0	0	0	0
108	108	2896	1717.066	836.358	363	790	1159	496	43	287	813	1159	491	94	1556.613	2510	2252	2086	1963	1794	1599	1408	1252	1071	762	164	115.891	136	125	122	120	118	116	114	112	110	107	98	0	0	0.000	0.000	0	0.000	0.000	0	0	0	0	0	0	0	0	0	0	0.000	0.000	0	0	0	0	0	0	0	0	0	0	0
109	109	2278	1922.283	834.574	247	837	853	282	20	197	1034	771	206	19	1096.954	1951	1680	1521	1382	1271	1145	977	805	641	501	210	110.558	124	115	114	112	111	110	110	109	108	106	98	0	0	0.000	0.000	0	0.000	0.000	0	0	0	0	0	0	0	0	0	0	0.000	0.000	0	0	0	0	0	0	0	0	0	0	0
110	110	1894	444.689	842.543	265	421	600	461	111	223	560	696	307	76	579.804	916	791	732	691	644	598	555	495	424	330	152	111.769	129	118	116	114	113	112	111	109	108	106	98	0	0	0.000	0.000	0	0.000	0.000	0	0	0	0	0	0	0	0	0	0	0.000	0.000	0	0	0	0	0	0	0	0	0	0	0
111	111	2081	1309.104	852.599	783	728	476	49	13	637	816	417	165	15	112.175	128	119	117	115	114	112	111	109	107	105	99	105.554	120	110	108	107	106	105	104	103	103	102	95	0	0	0.000	0.000	0	0.000	0.000	0	0	0	0	0	0	0	0	0	0	0.000	0.000	0	0	0	0	0	0	0	0	0	0	0
112	112	2805	1803.302	879.622	838	925	721	228	47	685	823	897	282	68	884.740	17418	1013	421	315	263	239	221	206	190	165	113	379.384	2694	461	411	384	357	327	289	246	191	137	107	1	189	1792.291	885.952	0	0.000	0.000	8394	0	0	0	1416	0	0	0	1	145	1792.332	885.749	0	0	0	10448	0	0	0	1646	0	0	0
113	113	995	332.161	862.122	194	163	305	242	77	189	233	352	170	36	1094.714	1763	1594	1512	1431	1312	1182	1038	872	661	406	153	109.856	134	117	114	112	111	109	108	107	105	103	97	0	0	0.000	0.000	0	0.000	0.000	0	0	0	0	0	0	0	0	0	0	0.000	0.000	0	0	0	0	0	0	0	0	0	0	0
114	114	926	674.581	862.638	168	250	237	192	57	210	354	243	88	17	109.397	121	115	112	111	110	109	108	107	106	105	98	107.539	121	113	111	109	108	107	106	105	104	103	99	0	0	0.000	0.000	0	0.000	0.000	0	0	0	0	0	0	0	0	0	0	0.000	0.000	0	0	0	0	0	0	0	0	0	0	0
115	115	1653	283.320	883.083	191	526	575	280	41	216	826	403	155	19	353.601	567	487	445	411	380	360	339	313	275	195	115	103.788	116	107	106	105	104	103	103	102	102	101	93	0	0	0.000	0.000	0	0.000	0.000	0	0	0	0	0	0	0	0	0	0	0.000	0.000	0	0	0	0	0	0	0	0	0	0	0
116	116	818	845.460	879.592	74	178	253	234	62	99	268	246	153	41	962.251	1574	1400	1268	1149	1071	979	900	802	669	503	256	143.899	183	167	160	155	152	147	140	134	126	117	103	0	0	0.000	0.000	0	0.000	0.000	0	0	0	0	0	0	0	0	0	0	0.000	0.000	0	0	0	0	0	0	0	0	0	0	0
117	117	3474	703.228	906.925	1008	1455	737	181	44	1170	1544	600	81	23	110.603	128	116	114	113	112	111	110	108	107	105	98	108.487	124	115	112	111	109	108	107	106	105	103	96	0	0	0.000	0.000	0	0.000	0.000	0	0	0	0	0	0	0	0	0	0	0.000	0.000	0	0	0	0	0	0	0	0	0	0	0
118	118	1811	974.109	907.493	532	467	592	176	19	498	591	439	201	50	121.663	154	134	129	127	124	122	119	116	113	109	100	119.978	153	137	132	127	123	120	116	112	107	104	97	0	0	0.000	0.000	0	0.000	0.000	0	0	0	0	0	0	0	0	0	0	0.000	0.000	0	0	0	0	0	0	0	0	0	0	0
119	119	1243	1065.309	917.885	134	327	400	299	62	128	622	295	153	22	161.317	198	179	175	171	168	165	160	155	147	138	115	134.601	168	149	145	142	138	135	132	129	124	118	104	0	0	0.000	0.000	0	0.000	0.000	0	0	0	0	0	0	0	0	0	0	0.000	0.000	0	0	0	0	0	0	0	0	0	0	0
120	120	2567	1141.766	924.261	528	819	905	229	31	496	1141	685	177	12	2648.972	5823	3848	3465	3226	2963	2693	2454	2208	1859	1276	306	242.390	524	314	294	277	261	247	231	213	195	153	101	0	0	0.000	0.000	0	0.000	0.000	0	0	0	0	0	0	0	0	0	0	0.000	0.000	0	0	0	0	0	0	0	0	0	0	0
121	121	2049	253.848	933.324	296	567	737	355	57	217	662	743	300	96	370.657	619	496	452	420	398	380	352	324	284	230	138	103.873	116	107	106	105	104	104	103	102	102	101	95	0	0	0.000	0.000	0	0.000	0.000	0	0	0	0	0	0	0	0	0	0	0.000	0.000	0	0	0	0	0	0	0	0	0	0	0
122	122	2060	356.418	944.261	186	497	793	464	83	148	503	885	377	117	199.929	279	247	237	227	216	204	192	178	163	144	114	139.671	180	163	156	151	145	139	134	128	122	117	103	0	0	0.000	0.000	0	0.000	0.000	0	0	0	0	0	0	0	0	0	0	0.000	0.000	0	0	0	0	0	0	0	0	0	0	0
123	123	2536	414.319	954.460	317	687	1012	444	26	216	678	1030	473	94	1402.298	22174	2523	523	319	263	235	215	196	178	156	118	244.118	2221	361	181	158	147	140	134	129	124	117	103	1	248	415.520	952.729	0	0.000	0.000	10757	0	0	0	1028	0	0	0	1	230	415.555	952.815	0	0	0	11479	0	0	0	1157	0	0	0
124	124	1499	1327.842	950.009	347	526	465	121	10	315	546	385	199	30	122.512	160	140	133	128	125	121	118	114	111	107	99	1262.504	2537	2101	1880	1646	1479	1326	1129	907	591	301	153	0	0	0.000	0.000	0	0.000	0.000	0	0	0	0	0	0	0	0	0	0	0.000	0.000	0	0	0	0	0	0	0	0	0	0	0
125	125	2210	1089.869	966.456	354	692	723	380	33	302	823	698	295	57	588.966	13176	672	264	207	190	179	169	160	149	136	105	174.776	1312	195	158	151	147	143	139	133	126	117	101	1	120	1080.222	962.490	0	0.000	0.000	6164	0	0	0	673	0	0	0	1	106	1080.423	962.412	0	0	0	6833	0	0	0	707	0	0	0
126	126	1613	300.066	973.639	189	352	592	354	84	161	456	622	258	95	402.698	627	534	492	457	433	409	380	351	320	266	128	115.685	133	124	121	119	117	116	114	112	110	107	101	0	0	0.000	0.000	0	0.000	0.000	0	0	0	0	0	0	0	0	0	0	0.000	0.000	0	0	0	0	0	0	0	0	0	0	0
127	127	1906	1809.525	978.275	425	485	575	335	55	449	739	481	175	34	2746.846	24865	6883	2075	1525	1264	1056	901	768	657	495	197	508.467	5430	1272	333	214	178	161	148	139	132	122	103	1	251	1808.594	978.531	0	0.000	0.000	13347	0	0	0	2304	0	0	0	1	234	1808.413	978.246	0	0	0	13984	0	0	0	2676	0	0	0
128	128	1305	1366.620	985.891	130	295	472	309	68	84	400	540	183	77	272.886	391	346	325	309	294	276	259	244	222	193	128	122.796	148	133	130	128	126	123	121	118	115	112	102	0	0	0.000	0.000	0	0.000	0.000	0	0	0	0	0	0	0	0	0	0	0.000	0.000	0	0	0	0	0	0	0	0	0	0	0
129	129	1287	236.441	984.124	79	278	478	366	61	83	350	514	264	47	349.752	510	454	425	395	371	351	332	312	287	242	150	104.580	116	108	107	106	105	104	104	103	102	101	96	0	0	0.000	0.000	0	0.000	0.000	0	0	0	0	0	0	0	0	0	0	0.000	0.000	0	0	0	0	0	0	0	0	0	0	0
130	130	764	514.348	983.638	129	255	169	131	62	165	239	224	105	19	109.678	121	114	113	112	111	110	109	108	107	105	99	177.932	232	215	205	198	192	185	176	166	150	128	109	0	0	0.000	0.000	0	0.000	0.000	0	0	0	0	0	0	0	0	0	0	0.000	0.000	0	0	0	0	0	0	0	0	0	0	0
131	131	1933	343.994	996.963	179	419	705	479	109	165	522	793	315	96	463.157	807	674	619	557	495	437	389	364	333	294	123	117.512	141	128	124	121	119	117	115	113	111	108	97	0	0	0.000	0.000	0	0.000	0.000	0	0	0	0	0	0	0	0	0	0	0.000	0.000	0	0	0	0	0	0	0	0	0	0	0
132	132	2024	1688.270	1002.672	411	513	667	343	52	419	523	607	375	66	110.352	125	115	113	112	111	110	110	108	107	106	100	177.476	238	210	202	196	189	183	176	168	155	130	104	0	0	0.000	0.000	0	0.000	0.000	0	0	0	0	0	0	0	0	0	0	0.000	0.000	0	0	0	0	0	0	0	0	0	0	0
133	133	1610	1408.730	1010.042	207	459	509	357	53	132	530	542	279	86	119.843	138	128	125	123	121	120	119	117	115	112	100	190.314	250	223	214	207	200	194	188	181	170	149	108	0	0	0.000	0.000	0	0.000	0.000	0	0	0	0	0	0	0	0	0	0	0.000	0.000	0	0	0	0	0	0	0	0	0	0	0
134	134	1948	206.054	1024.672	511	865	493	41	8	370	828	525	196	11	226.169	5207	231	148	135	131	128	125	122	119	114	101	178.808	702	204	193	185	180	174	168	161	151	134	106	1	62	218.774	1020.839	0	0.000	0.000	2275	0	0	0	386	0	0	0	1	42	219.469	1020.731	0	0	0	2874	0	0	0	484	0	0	0
135	135	4175	1835.989	1035.988	1768	1513	689	117	24	2267	1457	357	19	15	462.722	1094	777	643	537	469	410	373	318	273	244	121	117.535	140	126	123	121	120	118	116	114	112	109	99	0	0	0.000	0.000	0	0.000	0.000	0	0	0	0	0	0	0	0	0	0	0.000	0.000	0	0	0	0	0	0	0	0	0	0	0
136	136	2095	263.150	1031.795	270	607	791	366	25	246	576	809	363	66	433.074	657	568	538	506	473	440	409	374	337	279	168	105.228	117	109	108	107	106	105	104	104	103	102	96	0	0	0.000	0.000	0	0.000	0.000	0	0	0	0	0	0	0	0	0	0	0.000	0.000	0	0	0	0	0	0	0	0	0	0	0
137	137	539	310.583	1024.440	62	140	153	116	53	79	221	161	60	10	318.308	407	370	361	351	344	334	323	307	281	239	148	115.263	131	123	120	118	117	115	114	112	110	108	101	0	0	0.000	0.000	0	0.000	0.000	0	0	0	0	0	0	0	0	0	0	0.000	0.000	0	0	0	0	0	0	0	0	0	0	0
138	138	903	366.791	1035.259	336	227	172	114	42	324	337	129	81	12	456.248	888	788	733	671	584	469	336	220	157	132	111	132.932	196	168	159	150	140	129	119	112	108	105	100	0	0	0.000	0.000	0	0.000	0.000	0	0	0	0	0	0	0	0	0	0	0.000	0.000	0	0	0	0	0	0	0	0	0	0	0
139	139	1805	1586.090	1048.720	309	325	509	476	156	296	617	563	242	50	510.928	850	727	694	658	606	550	477	418	337	181	115	106.295	128	114	109	107	106	105	104	104	103	102	96	0	0	0.000	0.000	0	0.000	0.000	0	0	0	0	0	0	0	0	0	0	0.000	0.000	0	0	0	0	0	0	0	0	0	0	0
140	140	1448	469.777	1053.185	175	441	459	273	60	98	570	530	176	38	847.474	1436	1215	1092	990	931	873	805	727	619	441	166	119.754	149	133	128	125	122	119	117	114	111	107	97	0	0	0.000	0.000	0	0.000	0.000	0	0	0	0	0	0	0	0	0	0	0.000	0.000	0	0	0	0	0	0	0	0	0	0	0
141	141	1052	1634.609	1051.495	110	285	359	230	52	127	395	304	159	50	523.163	821	728	664	616	576	537	507	474	397	269	136	103.682	110	107	106	105	104	104	103	103	102	101	96	0	0	0.000	0.000	0	0.000	0.000	0	0	0	0	0	0	0	0	0	0	0.000	0.000	0	0	0	0	0	0	0	0	0	0	0
142	142	1660	1380.980	1056.093	239	539	530	281	44	194	551	499	293	93	119.269	139	126	124	122	121	119	118	116	115	113	102	183.323	260	214	203	196	190	184	180	174	165	149	112	0	0	0.000	0.000	0	0.000	0.000	0	0	0	0	0	0	0	0	0	0	0.000	0.000	0	0	0	0	0	0	0	0	0	0	0
143	143	1649	302.038	1072.743	347	668	510	74	20	303	905	354	52	12	366.762	530	469	436	415	395	376	347	321	300	260	145	106.822	124	112	109	108	107	106	106	105	104	103	97	0	0	0.000	0.000	0	0.000	0.000	0	0	0	0	0	0	0	0	0	0	0.000	0.000	0	0	0	0	0	0	0	0	0	0	0
144	144	509	1054.545	1061.960	48	107	154	139	56	39	130	218	89	22	133.764	154	145	141	138	137	134	132	130	127	122	109	125.316	145	136	133	130	128	125	123	121	118	114	106	0	0	0.000	0.000	0	0.000	0.000	0	0	0	0	0	0	0	0	0	0	0.000	0.000	0	0	0	0	0	0	0	0	0	0	0
145	145	784	1425.195	1068.855	75	106	290	233	60	63	170	367	139	30	119.540	141	127	124	123	121	120	118	117	115	112	105	170.429	209	194	186	181	177	173	169	165	157	143	106	0	0	0.000	0.000	0	0.000	0.000	0	0	0	0	0	0	0	0	0	0	0.000	0.000	0	0	0	0	0	0	0	0	0	0	0
146	146	2633	359.671	1097.207	747	509	806	493	52	677	752	747	336	71	1647.299	22948	1799	1050	991	929	874	818	744	625	469	155	634.882	13818	710	234	195	183	172	162	153	144	132	103	1	170	362.351	1100.704	0	0.000	0.000	12069	0	0	0	5768	0	0	0	1	169	362.221	1100.979	0	0	0	12069	0	0	0	5768	0	0	0
147	147	2272	1483.746	1080.302	378	729	811	299	16	351	845	760	241	44	452.462	730	624	580	546	511	476	436	395	312	225	126	109.773	134	119	114	111	109	108	107	106	105	103	97	0	0	0.000	0.000	0	0.000	0.000	0	0	0	0	0	0	0	0	0	0	0.000	0.000	0	0	0	0	0	0	0	0	0	0	0
148	148	2632	659.584	1084.027	529	423	996	581	67	534	677	936	307	133	742.533	1245	1082	1007	933	853	757	666	577	476	369	174	119.703	147	133	129	126	122	119	116	113	110	107	99	0	0	0.000	0.000	0	0.000	0.000	0	0	0	0	0	0	0	0	0	0	0.000	0.000	0	0	0	0	0	0	0	0	0	0	0
149	149	1526	1018.743	1086.121	262	357	562	292	23	219	531	475	211	56	222.537	4823	210	158	150	145	142	138	133	128	122	101	135.883	625	145	137	132	129	126	124	121	117	111	97	1	43	1019.387	1100.244	0	0.000	0.000	1894	0	0	0	291	0	0	0	1	50	1019.889	1098.722	0	0	0	686	0	0	0	354	0	0	0
150	150	1386	1767.429	1086.722	371	373	353	224	37	278	439	373	193	80	406.486	724	557	511	472	446	417	390	360	291	210	135	107.818	128	115	111	109	108	107	106	105	104	102	92	0	0	0.000	0.000	0	0.000	0.000	0	0	0	0	0	0	0	0	1	166	1766.334	1088.233	0	0	0	422	0	0	0	117	0	0	0
151	151	1719	414.254	1087.217	177	622	707	152	31	164	439	780	247	57	989.170	1593	1388	1302	1209	1115	1010	911	822	682	538	167	121.380	149	133	129	126	123	121	118	116	114	110	100	0	0	0.000	0.000	0	0.000	0.000	0	0	0	0	0	0	0	0	0	0	0.000	0.000	0	0	0	0	0	0	0	0	0	0	0
152	152	1804	498.688	1099.544	206	419	682	408	51	158	513	696	311	82	840.126	13554	995	585	519	491	462	438	411	372	317	165	185.135	1550	207	163	154	149	144	139	134	129	123	104	1	89	506.146	1108.063	0	0.000	0.000	6596	0	0	0	790	0	0	0	1	90	506.582	1108.084	0	0	0	6596	0	0	0	790	0	0	0
153	153	1528	1074.999	1099.254	302	326	453	350	68	258	455	539	189	62	1339.418	20645	2839	651	325	231	187	165	149	139	131	108	319.526	3676	585	220	163	144	134	128	123	118	114	103	1	145	1073.822	1102.528	0	0.000	0.000	9925	0	0	0	1689	0	0	0	1	140	1074.384	1102.151	0	0	0	10135	0	0	0	1767	0	0	0
154	154	1566	551.063	1098.747	431	547	445	97	22	457	535	402	117	28	155.692	478	192	177	166	158	150	143	136	129	120	105	189.013	331	252	230	211	194	181	170	161	149	136	107	0	0	0.000	0.000	0	0.000	0.000	0	0	0	0	0	0	0	0	0	0	0.000	0.000	0	0	0	0	0	0	0	0	0	0	0
155	155	947	1270.993	1102.006	90	296	272	210	55	100	288	312	174	60	748.470	1139	990	919	847	807	770	731	677	587	470	231	106.340	121	111	109	108	107	106	105	104	104	102	98	0	0	0.000	0.000	0	0.000	0.000	0	0	0	0	0	0	0	0	0	0	0.000	0.000	0	0	0	0	0	0	0	0	0	0	0
156	156	2519	610.601	1124.672	365	556	933	573	53	363	1068	757	249	24	2169.015	21060	4388	1314	1021	885	785	692	595	494	391	173	245.329	2457	383	164	141	133	128	124	119	115	111	97	1	309	613.704	1127.873	0	0.000	0.000	11874	0	0	0	854	0	0	0	1	236	613.555	1127.624	0	0	0	15686	0	0	0	1205	0	0	0
157	157	1940	1426.157	1111.478	150	561	796	347	49	180	766	637	275	54	2724.438	23756	4578	2356	2012	1719	1562	1397	1231	1033	849	342	252.814	2276	386	203	174	159	150	144	138	131	124	106	1	162	1429.487	1103.564	0	0.000	0.000	13797	0	0	0	1162	0	0	0	1	160	1429.311	1103.127	0	0	0	14233	0	0	0	1175	0	0	0
158	158	2017	1906.238	1117.602	263	636	687	359	34	244	584	719	310	114	2124.000	25662	5430	941	497	431	385	342	303	270	220	114	336.193	3658	702	217	150	134	128	124	120	116	112	101	1	263	1909.813	1114.957	0	0.000	0.000	12203	0	0	0	1397	0	0	0	1	214	1910.148	1114.801	0	0	0	16286	0	0	0	1808	0	0	0
159	159	2149	1842.199	1129.595	429	607	745	306	26	346	645	751	283	85	329.912	496	439	421	403	380	349	313	276	233	186	112	123.497	159	140	134	129	126	123	119	116	112	108	99	0	0	0.000	0.000	0	0.000	0.000	0	0	0	0	0	0	0	0	0	0	0.000	0.000	0	0	0	0	0	0	0	0	0	0	0
160	160	1119	1641.738	1127.417	97	441	408	142	15	124	574	280	100	17	304.019	427	385	369	349	330	308	287	266	245	217	131	108.894	130	119	114	111	109	107	106	105	104	103	96	0	0	0.000	0.000	0	0.000	0.000	0	0	0	0	0	0	0	0	0	0	0.000	0.000	0	0	0	0	0	0	0	0	0	0	0
161	161	1391	290.639	1135.853	186	310	445	333	83	174	330	535	215	109	121.631	140	130	128	126	124	122	120	118	116	111	102	144.654	197	167	159	153	149	145	141	138	132	118	103	0	0	0.000	0.000	0	0.000	0.000	0	0	0	0	0	0	0	0	0	0	0.000	0.000	0	0	0	0	0	0	0	0	0	0	0
162	162	1538	1472.296	1136.241	279	575	507	136	12	169	659	436	211	43	451.073	688	613	577	549	509	470	427	378	327	266	121	109.705	134	119	114	111	109	108	107	106	105	103	97	0	0	0.000	0.000	0	0.000	0.000	0	0	0	0	0	0	0	0	0	0	0.000	0.000	0	0	0	0	0	0	0	0	0	0	0
163	163	721	1731.155	1134.940	473	150	25	35	29	471	161	40	29	16	157.473	282	232	200	172	148	138	133	128	123	118	107	165.638	203	188	182	178	175	168	163	157	149	140	111	0	0	0.000	0.000	0	0.000	0.000	0	0	0	0	0	0	0	0	0	0	0.000	0.000	0	0	0	0	0	0	0	0	0	0	0
164	164	1709	1343.574	1139.938	208	612	587	226	40	195	753	479	224	25	854.386	1478	1256	1136	1025	924	838	755	682	591	502	221	105.341	121	110	107	106	106	105	104	104	103	102	98	0	0	0.000	0.000	0	0.000	0.000	0	0	0	0	0	0	0	0	0	0	0.000	0.000	0	0	0	0	0	0	0	0	0	0	0
165	165	2156	1286.180	1147.633	415	748	731	202	18	378	918	557	250	16	935.494	1825	1540	1340	1126	981	888	804	726	598	390	141	105.650	122	110	108	107	106	105	104	104	103	102	97	0	0	0.000	0.000	0	0.000	0.000	0	0	0	0	0	0	0	0	0	0	0.000	0.000	0	0	0	0	0	0	0	0	0	0	0
166	166	1648	1679.486	1152.984	182	366	659	323	93	184	596	660	147	23	425.982	702	616	563	508	460	419	379	345	306	251	121	106.885	118	111	110	108	107	107	106	105	104	103	97	0	0	0.000	0.000	0	0.000	0.000	0	0	0	0	0	0	0	0	0	0	0.000	0.000	0	0	0	0	0	0	0	0	0	0	0
167	167	1572	79.049	1161.577	879	248	285	129	16	822	349	279	94	12	404.564	6440	658	231	168	148	139	133	127	121	114	99	545.296	8827	961	328	216	190	176	166	158	146	133	106	1	112	75.096	1163.543	0	0.000	0.000	3039	0	0	0	3950	0	0	0	1	116	75.353	1163.295	0	0	0	2857	0	0	0	3805	0	0	0
168	168	1899	333.219	1168.833	348	602	613	272	39	250	631	681	251	45	178.940	4721	173	139	134	131	128	126	123	120	116	103	154.472	613	170	163	160	156	152	147	141	135	124	106	1	31	321.858	1173.121	0	0.000	0.000	1879	0	0	0	379	0	0	0	1	33	322.413	1173.317	0	0	0	1805	0	0	0	381	0	0	0
169	169	1934	473.187	1168.777	217	563	677	357	81	214	751	603	273	49	163.209	4255	146	125	122	120	118	116	115	113	110	102	189.938	382	229	217	207	196	188	182	174	163	146	117	1	34	485.697	1151.481	0	0.000	0.000	1710	0	0	0	287	0	0	0	0	0	0.000	0.000	0	0	0	0	0	0	0	0	0	0	0
170	170	2071	1400.998	1172.190	326	523	728	417	34	208	498	883	303	136	1762.660	2764	2517	2368	2223	2038	1854	1688	1501	1190	795	204	157.352	200	186	180	174	168	161	154	145	134	120	103	0	0	0.000	0.000	0	0.000	0.000	0	0	0	0	0	0	0	0	0	0	0.000	0.000	0	0	0	0	0	0	0	0	0	0	0
171	171	1714	413.570	1167.318	154	339	747	376	70	141	423	788	276	57	123.546	958	128	123	121	119	117	116	114	113	110	103	203.327	292	253	238	226	213	202	192	184	173	154	109	1	17	411.977	1155.877	0	0.000	0.000	512	0	0	0	260	0	0	0	0	0	0.000	0.000	0	0	0	0	0	0	0	0	0	0	0
172	172	1726	1564.545	1176.148	513	741	322	121	8	553	728	288	104	18	114.145	141	123	120	118	116	114	112	110	108	105	98	161.571	222	198	188	180	174	166	156	145	132	119	100	0	0	0.000	0.000	0	0.000	0.000	0	0	0	0	0	0	0	0	0	0	0.000	0.000	0	0	0	0	0	0	0	0	0	0	0
173	173	2464	1728.983	1184.856	450	1029	755	167	18	335	892	812	316	59	205.789	5004	166	142	136	133	131	129	126	123	118	101	201.822	730	252	237	220	207	195	182	169	158	146	111	1	65	1730.265	1206.273	0	0.000	0.000	2188	0	0	0	411	0	0	0	1	37	1730.054	1206.707	0	0	0	3355	0	0	0	548	0	0	0
174	174	1535	123.677	1193.235	912	313	183	89	31	808	339	215	126	34	135.943	225	160	150	145	140	136	131	126	118	109	98	203.328	369	260	241	229	218	210	199	183	159	131	104	0	0	0.000	0.000	0	0.000	0.000	0	0	0	0	0	0	0	0	0	0	0.000	0.000	0	0	0	0	0	0	0	0	0	0	0
175	175	1808	766.580	1210.763	422	648	487	208	20	281	671	534	225	50	109.673	126	115	113	112	111	110	109	108	106	104	98	104.340	118	109	107	105	104	104	103	103	102	101	95	0	0	0.000	0.000	0	0.000	0.000	0	0	0	0	0	0	0	0	0	0	0.000	0.000	0	0	0	0	0	0	0	0	0	0	0
176	176	2120	1058.326	1213.851	532	688	662	185	10	422	545	768	268	79	1311.055	23569	2079	526	300	222	190	171	157	146	132	106	593.111	10397	876	299	208	178	162	149	140	131	124	102	1	180	1058.513	1211.958	0	0.000	0.000	10923	0	0	0	4022	0	0	0	1	161	1058.605	1211.803	0	0	0	12570	0	0	0	4724	0	0	0
177	177	2039	1658.475	1221.415	208	642	852	277	29	178	664	891	225	42	815.946	13965	1026	646	526	478	450	422	387	347	292	132	156.517	1210	178	139	132	127	124	121	119	116	113	101	1	94	1660.923	1212.488	0	0.000	0.000	6131	0	0	0	619	0	0	0	1	96	1660.978	1212.151	0	0	0	6098	0	0	0	619	0	0	0
178	178	1996	397.938	1218.202	603	495	502	279	81	537	621	487	252	79	1887.913	3918	2931	2554	2335	2126	1905	1642	1386	1154	830	259	107.947	121	112	111	110	109	108	107	106	105	104	99	0	0	0.000	0.000	0	0.000	0.000	0	0	0	0	0	0	0	0	0	0	0.000	0.000	0	0	0	0	0	0	0	0	0	0	0
179	179	1006	453.649	1212.147	191	398	290	96	12	138	291	351	166	39	112.509	126	119	117	115	114	112	111	110	108	107	99	170.264	220	199	193	187	182	177	168	160	146	130	106	0	0	0.000	0.000	0	0.000	0.000	0	0	0	0	0	0	0	0	0	0	0.000	0.000	0	0	0	0	0	0	0	0	0	0	0
180	180	1684	1771.208	1220.864	195	327	507	463	166	184	348	505	442	171	361.191	6151	582	225	159	134	127	124	121	118	113	102	231.444	1797	293	211	195	186	180	173	167	159	143	103	1	105	1779.629	1220.452	0	0.000	0.000	2768	0	0	0	801	0	0	0	1	92	1780.278	1219.611	0	0	0	3031	0	0	0	955	0	0	0
181	181	1781	1446.312	1224.803	194	550	701	257	38	174	523	640	374	46	111.591	126	118	116	114	113	112	110	109	107	105	97	151.549	198	179	172	166	159	152	145	139	132	123	105	0	0	0.000	0.000	0	0.000	0.000	0	0	0	0	0	0	0	0	0	0	0.000	0.000	0	0	0	0	0	0	0	0	0	0	0
182	182	1853	1588.263	1230.795	542	527	525	194	35	493	586	556	152	34	152.687	2867	153	122	116	114	112	110	108	106	104	95	159.348	1394	176	164	157	152	146	141	134	122	112	95	1	44	1588.412	1216.216	0	0.000	0.000	1196	0	0	0	597	0	0	0	1	35	1588.003	1215.335	0	0	0	972	0	0	0	665	0	0	0
183	183	2463	92.876	1250.006	327	700	809	453	143	280	803	876	395	64	311.824	8525	308	167	143	138	135	132	128	123	115	100	315.402	2189	371	339	322	308	293	274	251	230	193	116	1	89	86.886	1236.724	0	0.000	0.000	3711	0	0	0	1069	0	0	0	1	61	86.877	1236.777	0	0	0	5023	0	0	0	1286	0	0	0
184	184	2282	154.468	1249.978	402	551	781	408	86	354	786	737	295	65	132.855	164	148	144	141	138	135	131	127	121	114	98	298.859	450	402	376	351	327	304	280	257	224	187	121	0	0	0.000	0.000	0	0.000	0.000	0	0	0	0	0	0	0	0	0	0	0.000	0.000	0	0	0	0	0	0	0	0	0	0	0
185	185	1872	967.488	1253.725	182	532	695	371	56	201	537	792	230	88	3055.370	5178	4388	4088	3758	3383	3008	2697	2429	2135	1768	426	166.854	225	199	191	181	174	166	159	153	147	136	106	0	0	0.000	0.000	0	0.000	0.000	0	0	0	0	0	0	0	0	0	0	0.000	0.000	0	0	0	0	0	0	0	0	0	0	0
186	186	1119	1696.013	1248.903	589	345	90	48	33	539	332	154	61	24	121.621	144	131	127	125	123	121	120	118	116	113	102	341.905	603	520	450	388	352	317	293	274	255	213	131	0	0	0.000	0.000	0	0.000	0.000	0	0	0	0	0	0	0	0	0	0	0.000	0.000	0	0	0	0	0	0	0	0	0	0	0
187	187	893	1797.846	1248.927	214	303	257	88	15	131	316	306	110	20	125.099	149	138	135	132	129	126	123	119	115	111	102	199.553	270	247	238	231	219	208	196	181	160	132	108	0	0	0.000	0.000	0	0.000	0.000	0	0	0	0	0	0	0	0	0	0	0.000	0.000	0	0	0	0	0	0	0	0	0	0	0
188	188	1187	780.579	1258.898	278	322	354	194	18	201	426	346	172	21	108.564	121	114	112	111	110	108	107	106	105	103	98	104.200	117	108	106	105	105	104	103	103	102	101	94	0	0	0.000	0.000	0	0.000	0.000	0	0	0	0	0	0	0	0	0	0	0.000	0.000	0	0	0	0	0	0	0	0	0	0	0
189	189	2565	348.076	1264.426	575	808	837	250	43	521	1008	693	256	34	5592.657	39339	27484	5920	1646	774	477	339	265	216	176	117	2400.811	20647	10118	2172	728	421	312	256	229	197	162	111	0	0	0.000	0.000	0	0.000	0.000	0	0	0	0	0	0	0	0	1	519	348.429	1264.161	0	0	0	27342	0	0	0	9994	0	0	0
190	190	1119	1624.077	1266.184	146	431	335	162	27	272	658	140	23	8	114.035	277	120	116	115	113	112	111	110	108	106	97	144.535	182	167	160	154	149	144	140	135	130	123	105	1	23	1613.743	1268.791	0	0.000	0.000	168	0	0	0	158	0	0	0	0	0	0.000	0.000	0	0	0	0	0	0	0	0	0	0	0
191	191	801	859.020	1263.056	136	289	220	120	20	99	300	226	118	42	1837.335	2663	2462	2364	2253	2100	1954	1788	1588	1321	978	464	139.541	170	157	153	149	145	141	137	132	126	119	107	0	0	0.000	0.000	0	0.000	0.000	0	0	0	0	0	0	0	0	0	0	0.000	0.000	0	0	0	0	0	0	0	0	0	0	0
192	192	1936	1422.330	1279.502	334	398	588	453	117	275	640	652	256	80	111.669	131	118	116	114	113	112	110	109	107	105	99	161.257	222	194	186	177	169	161	155	149	139	125	103	0	0	0.000	0.000	0	0.000	0.000	0	0	0	0	0	0	0	0	0	0	0.000	0.000	0	0	0	0	0	0	0	0	0	0	0
193	193	1470	1710.532	1291.083	787	498	123	31	9	722	529	137	37	19	123.429	198	136	132	128	125	122	120	118	115	112	101	326.456	606	503	451	399	337	299	271	250	225	186	112	0	0	0.000	0.000	0	0.000	0.000	0	0	0	0	0	0	0	0	0	0	0.000	0.000	0	0	0	0	0	0	0	0	0	0	0
194	194	1890	375.931	1314.880	407	599	675	164	10	292	507	675	291	85	231.170	3253	235	210	203	196	189	181	172	159	143	114	212.283	962	262	243	225	212	201	190	180	168	145	109	1	42	364.302	1327.396	0	0.000	0.000	1685	0	0	0	574	0	0	0	1	39	364.679	1326.584	0	0	0	1224	0	0	0	633	0	0	0
195	195	1114	1043.442	1303.653	203	346	279	205	56	173	386	314	163	55	154.148	204	176	171	167	163	157	152	145	136	125	106	131.370	158	145	141	138	136	133	130	126	121	115	104	0	0	0.000	0.000	0	0.000	0.000	0	0	0	0	0	0	0	0	0	0	0.000	0.000	0	0	0	0	0	0	0	0	0	0	0
196	196	750	1618.128	1304.166	112	140	200	174	111	129	216	241	105	42	110.971	125	117	115	113	112	111	110	109	107	106	100	148.889	192	174	168	164	158	151	146	139	128	117	104	0	0	0.000	0.000	0	0.000	0.000	0	0	0	0	0	0	0	0	0	0	0.000	0.000	0	0	0	0	0	0	0	0	0	0	0
197	197	1550	109.114	1315.133	167	433	605	295	18	138	439	656	245	35	123.915	146	135	132	130	128	125	122	119	116	111	101	126.530	150	138	135	132	130	127	125	122	118	113	101	0	0	0.000	0.000	0	0.000	0.000	0	0	0	0	0	0	0	0	0	0	0.000	0.000	0	0	0	0	0	0	0	0	0	0	0
198	198	1559	1893.317	1315.845	132	428	542	381	38	142	513	600	252	18	150.190	183	168	164	160	156	153	148	143	136	128	106	161.555	202	185	180	175	170	163	158	151	143	135	113	0	0	0.000	0.000	0	0.000	0.000	0	0	0	0	0	0	0	0	0	0	0.000	0.000	0	0	0	0	0	0	0	0	0	0	0
199	199	1694	1839.100	1332.267	226	570	556	270	37	218	821	506	103	11	146.479	176	163	158	154	151	147	144	140	136	130	108	159.582	212	181	175	170	166	161	156	151	145	138	105	0	0	0.000	0.000	0	0.000	0.000	0	0	0	0	0	0	0	0	0	0	0.000	0.000	0	0	0	0	0	0	0	0	0	0	0
200	200	1083	932.248	1346.729	585	311	131	35	7	461	318	150	113	29	122.240	156	135	130	127	124	121	119	117	113	110	103	393.572	592	524	502	474	447	419	392	344	277	209	126	0	0	0.000	0.000	0	0.000	0.000	0	0	0	0	0	0	0	0	0	0	0.000	0.000	0	0	0	0	0	0	0	0	0	0	0
201	201	2695	818.799	1354.169	752	1246	584	60	12	749	1394	402	87	20	2721.664	31735	7557	1302	784	577	501	454	417	384	319	129	1601.068	21727	4083	587	342	269	239	222	208	194	170	109	1	359	816.475	1350.419	0	0.000	0.000	16545	0	0	0	8742	0	0	0	1	323	815.940	1351.566	0	0	0	17751	0	0	0	10286	0	0	0
202	202	979	1633.926	1352.213	152	247	265	222	69	137	354	307	130	38	439.221	669	584	553	525	500	465	423	379	318	243	131	128.039	162	144	140	136	132	128	125	121	116	111	100	0	0	0.000	0.000	0	0.000	0.000	0	0	0	0	0	0	0	0	0	0	0.000	0.000	0	0	0	0	0	0	0	0	0	0	0
203	203	2546	303.396	1370.912	307	885	866	402	38	286	1082	780	324	32	2392.645	28242	5885	1236	724	563	499	451	405	355	277	147	352.519	3676	689	211	157	142	135	129	124	120	114	103	1	316	299.623	1371.292	0	0.000	0.000	15211	0	0	0	1607	0	0	0	1	285	299.800	1371.137	0	0	0	16546	0	0	0	1821	0	0	0
204	204	1900	1875.602	1370.306	421	874	503	63	14	477	1077	291	17	9	226.965	7022	219	140	127	123	121	119	117	114	111	99	176.817	457	202	194	189	183	177	172	165	154	140	107	1	47	1876.739	1384.437	0	0.000	0.000	2899	0	0	0	294	0	0	0	1	12	1877.463	1383.250	0	0	0	3946	0	0	0	388	0	0	0
205	205	1750	181.643	1369.309	361	555	438	294	61	278	824	352	199	62	111.920	149	118	116	114	113	112	110	109	107	105	97	160.594	209	188	182	177	171	164	158	150	141	123	103	0	0	0.000	0.000	0	0.000	0.000	0	0	0	0	0	0	0	0	0	0	0.000	0.000	0	0	0	0	0	0	0	0	0	0	0
206	206	645	1339.222	1367.113	455	117	48	14	6	308	130	89	71	37	536.896	947	791	737	682	628	574	499	415	314	208	128	341.420	595	480	451	427	408	375	329	272	203	143	106	0	0	0.000	0.000	0	0.000	0.000	0	0	0	0	0	0	0	0	0	0	0.000	0.000	0	0	0	0	0	0	0	0	0	0	0
207	207	1585	1770.033	1374.000	286	646	432	171	21	181	651	510	176	31	1093.007	17517	1712	673	549	478	443	409	370	336	276	155	157.056	1133	197	137	126	120	117	114	112	110	107	101	1	103	1769.366	1362.089	0	0.000	0.000	8394	0	0	0	597	0	0	0	1	108	1768.878	1361.269	0	0	0	7141	0	0	0	564	0	0	0
208	208	1891	1666.872	1391.841	185	515	719	366	71	151	622	787	248	44	109.709	124	114	113	112	111	110	109	108	107	105	99	192.890	270	229	218	211	204	197	189	178	168	150	96	0	0	0.000	0.000	0	0.000	0.000	0	0	0	0	0	0	0	0	0	0	0.000	0.000	0	0	0	0	0	0	0	0	0	0	0
209	209	1223	853.276	1403.176	348	289	364	178	31	317	385	298	169	32	368.817	782	541	485	444	408	379	344	302	229	156	108	213.935	316	275	262	251	237	225	210	190	161	127	105	0	0	0.000	0.000	0	0.000	0.000	0	0	0	0	0	0	0	0	0	0	0.000	0.000	0	0	0	0	0	0	0	0	0	0	0
210	210	1179	219.327	1419.636	198	315	354	215	70	125	356	396	198	75	942.110	1540	1339	1230	1157	1092	1011	908	765	619	437	188	109.809	131	116	114	112	111	109	108	107	105	104	98	0	0	0.000	0.000	0	0.000	0.000	0	0	0	0	0	0	0	0	0	0	0.000	0.000	0	0	0	0	0	0	0	0	0	0	0
211	211	760	1784.841	1418.704	167	217	206	132	19	138	218	201	157	31	324.668	463	390	368	351	338	325	311	299	285	259	186	114.362	142	128	121	118	114	112	111	109	107	106	99	0	0	0.000	0.000	0	0.000	0.000	0	0	0	0	0	0	0	0	0	0	0.000	0.000	0	0	0	0	0	0	0	0	0	0	0
212	212	1918	1861.754	1428.522	263	539	647	392	39	250	673	565	313	80	118.062	136	125	123	121	120	118	117	115	113	110	100	180.052	244	213	204	198	191	183	175	166	156	141	111	0	0	0.000	0.000	0	0.000	0.000	0	0	0	0	0	0	0	0	0	0	0.000	0.000	0	0	0	0	0	0	0	0	0	0	0
213	213	1634	1643.174	1438.054	342	437	581	221	23	235	340	633	286	103	110.589	126	116	114	113	112	111	110	108	107	105	100	220.630	304	272	263	254	244	232	218	200	176	146	104	0	0	0.000	0.000	0	0.000	0.000	0	0	0	0	0	0	0	0	0	0	0.000	0.000	0	0	0	0	0	0	0	0	0	0	0
214	214	1468	457.023	1467.027	213	442	460	276	53	150	484	486	210	110	931.719	1572	1358	1194	1090	1010	922	841	786	684	500	244	105.586	119	110	109	107	106	105	104	104	103	102	96	0	0	0.000	0.000	0	0.000	0.000	0	0	0	0	0	0	0	0	0	0	0.000	0.000	0	0	0	0	0	0	0	0	0	0	0
215	215	1866	1398.731	1482.227	438	721	539	112	17	257	638	629	241	55	110.585	124	116	114	113	112	111	110	108	107	105	98	333.056	537	442	419	399	377	354	329	302	241	157	107	0	0	0.000	0.000	0	0.000	0.000	0	0	0	0	0	0	0	0	0	0	0.000	0.000	0	0	0	0	0	0	0	0	0	0	0
216	216	889	1266.169	1478.337	98	257	286	191	40	57	206	331	213	61	816.367	1340	1179	1079	982	910	838	772	669	558	416	190	168.846	229	208	196	187	178	170	163	155	142	126	105	0	0	0.000	0.000	0	0.000	0.000	0	0	0	0	0	0	0	0	0	0	0.000	0.000	0	0	0	0	0	0	0	0	0	0	0
217	217	1815	474.884	1517.191	485	532	435	249	89	409	717	393	205	65	977.698	1508	1306	1221	1163	1106	1047	975	892	716	490	228	106.015	123	112	109	107	106	105	104	103	103	101	97	0	0	0.000	0.000	0	0.000	0.000	0	0	0	0	0	0	0	0	0	0	0.000	0.000	0	0	0	0	0	0	0	0	0	0	0
218	218	1941	1813.090	1547.514	416	856	516	101	14	186	791	559	310	64	142.788	1789	146	137	134	132	130	128	125	121	117	104	186.261	270	217	209	202	196	189	182	175	164	149	118	1	18	1823.945	1535.882	0	0.000	0.000	998	0	0	0	229	0	0	0	0	0	0.000	0.000	0	0	0	0	0	0	0	0	0	0	0
219	219	646	1457.256	1541.890	100	127	172	185	52	62	181	222	115	55	571.519	842	750	700	663	621	586	550	504	447	375	188	158.274	201	185	180	175	170	166	159	151	134	115	101	0	0	0.000	0.000	0	0.000	0.000	0	0	0	0	0	0	0	0	0	0	0.000	0.000	0	0	0	0	0	0	0	0	0	0	0
220	220	2141	1571.168	1575.317	340	623	903	223	20	277	508	897	353	61	416.120	638	552	512	477	443	414	393	372	343	272	131	137.739	172	157	152	147	143	140	136	131	125	113	99	0	0	0.000	0.000	0	0.000	0.000	0	0	0	0	0	0	0	0	0	0	0.000	0.000	0	0	0	0	0	0	0	0	0	0	0
221	221	1867	1013.313	1580.589	350	707	605	168	11	270	559	655	234	103	139.826	185	160	152	148	144	141	137	132	126	118	102	105.784	127	113	109	106	105	104	104	103	102	101	96	0	0	0.000	0.000	0	0.000	0.000	0	0	0	0	0	0	0	0	1	187	1005.296	1577.039	0	0	0	150	0	0	0	116	0	0	0
222	222	1686	1475.882	1579.896	299	679	522	151	17	183	635	596	198	44	722.402	1611	1078	988	891	817	738	644	568	456	334	154	179.636	600	231	217	204	193	179	166	154	137	117	100	0	0	0.000	0.000	0	0.000	0.000	0	0	0	0	0	0	0	0	0	0	0.000	0.000	0	0	0	0	0	0	0	0	0	0	0
223	223	1551	1769.158	1585.132	355	602	433	127	12	226	700	365	190	46	125.193	152	138	133	130	127	125	123	120	117	113	103	175.647	243	213	201	192	184	177	170	163	152	136	109	0	0	0.000	0.000	0	0.000	0.000	0	0	0	0	0	0	0	0	0	0	0.000	0.000	0	0	0	0	0	0	0	0	0	0	0
224	224	1922	1930.602	1594.145	259	723	600	285	30	206	691	619	314	53	381.880	9538	433	201	164	155	148	143	137	131	124	104	301.964	883	408	367	329	313	300	282	257	226	192	116	1	80	1944.347	1591.705	0	0.000	0.000	4138	0	0	0	535	0	0	0	1	12	1944.190	1591.833	0	0	0	8685	0	0	0	803	0	0	0
225	225	1905	1845.157	1594.840	398	570	576	265	63	454	827	455	107	15	1349.348	2870	2517	2153	1837	1528	1262	1016	802	604	347	115	112.237	132	119	116	114	113	111	110	109	108	106	99	0	0	0.000	0.000	0	0.000	0.000	0	0	0	0	0	0	0	0	0	0	0.000	0.000	0	0	0	0	0	0	0	0	0	0	0
226	226	2021	98.182	1600.977	265	568	646	450	55	251	617	665	401	56	1135.881	18935	2180	522	276	200	170	156	146	136	127	105	210.214	1661	319	172	155	147	140	133	126	119	111	97	1	180	93.117	1597.066	0	0.000	0.000	8513	0	0	0	739	0	0	0	1	172	92.227	1596.206	0	0	0	8014	0	0	0	808	0	0	0
227	227	619	346.145	1597.159	77	179	186	143	23	39	134	188	167	82	107.901	123	113	111	109	108	108	107	106	105	104	99	167.010	226	197	189	183	177	171	164	156	146	131	107	0	0	0.000	0.000	0	0.000	0.000	0	0	0	0	0	0	0	0	0	0	0.000	0.000	0	0	0	0	0	0	0	0	0	0	0
228	228	1690	1193.965	1622.656	303	522	501	263	71	238	760	452	173	32	129.330	945	132	124	121	119	117	115	113	111	108	98	287.100	516	369	348	332	316	298	276	252	226	181	114	1	42	1199.078	1631.845	0	0.000	0.000	466	0	0	0	351	0	0	0	0	0	0.000	0.000	0	0	0	0	0	0	0	0	0	0	0
229	229	2615	1585.238	1634.107	521	806	862	352	26	350	585	865	564	203	116.589	136	124	121	120	118	117	116	114	112	109	98	399.706	641	534	506	477	447	416	387	338	283	227	123	0	0	0.000	0.000	0	0.000	0.000	0	0	0	0	0	0	0	0	0	0	0.000	0.000	0	0	0	0	0	0	0	0	0	0	0
230	230	1857	351.076	1640.240	311	547	575	330	64	245	538	675	277	82	110.329	123	115	114	113	112	110	109	108	107	105	99	210.658	302	260	247	237	227	215	204	189	173	153	111	0	0	0.000	0.000	0	0.000	0.000	0	0	0	0	0	0	0	0	0	0	0.000	0.000	0	0	0	0	0	0	0	0	0	0	0
231	231	2079	1845.107	1649.272	553	661	601	194	30	458	709	588	251	27	1194.494	1904	1667	1579	1490	1362	1217	1074	948	832	677	280	110.206	131	117	115	113	111	110	108	107	105	104	97	0	0	0.000	0.000	0	0.000	0.000	0	0	0	0	0	0	0	0	0	0	0.000	0.000	0	0	0	0	0	0	0	0	0	0	0
232	232	1948	1312.905	1650.834	419	757	537	189	14	379	762	513	204	47	634.360	14477	659	371	338	317	297	268	234	176	128	104	136.670	917	156	124	119	116	113	111	108	105	103	98	1	83	1309.898	1643.779	0	0.000	0.000	6662	0	0	0	260	0	0	0	1	106	1311.327	1642.308	0	0	0	1379	0	0	0	430	0	0	0
233	233	918	508.763	1649.863	217	260	248	137	43	206	308	258	103	25	107.247	117	112	110	109	108	107	106	105	104	103	94	174.920	247	208	199	193	187	181	173	163	149	131	109	0	0	0.000	0.000	0	0.000	0.000	0	0	0	0	0	0	0	0	0	0	0.000	0.000	0	0	0	0	0	0	0	0	0	0	0
234	234	2868	1529.529	1669.232	439	817	919	527	107	379	1028	921	406	73	121.169	175	131	126	124	122	120	119	117	115	112	103	464.233	720	638	606	573	535	489	434	373	316	256	131	0	0	0.000	0.000	0	0.000	0.000	0	0	0	0	0	0	0	0	0	0	0.000	0.000	0	0	0	0	0	0	0	0	0	0	0
235	235	1891	1238.104	1669.537	482	552	659	158	13	372	675	569	206	34	115.818	139	126	123	120	118	115	113	111	108	105	96	843.759	1483	1336	1251	1176	1079	944	803	593	323	169	109	0	0	0.000	0.000	0	0.000	0.000	0	0	0	0	0	0	0	0	0	0	0.000	0.000	0	0	0	0	0	0	0	0	0	0	0
236	236	1379	418.517	1667.787	194	554	427	168	17	151	557	405	185	48	140.730	172	160	155	151	147	143	139	134	126	116	102	129.334	157	146	141	138	134	130	126	122	117	112	100	0	0	0.000	0.000	0	0.000	0.000	0	0	0	0	0	0	0	0	0	0	0.000	0.000	0	0	0	0	0	0	0	0	0	0	0
237	237	1258	1890.993	1670.383	411	330	270	189	42	355	424	265	161	33	1616.714	2787	2175	2025	1940	1837	1736	1586	1381	1153	798	410	110.452	134	122	117	113	110	108	107	106	105	103	99	0	0	0.000	0.000	0	0.000	0.000	0	0	0	0	0	0	0	0	0	0	0.000	0.000	0	0	0	0	0	0	0	0	0	0	0
238	238	1532	372.756	1682.376	232	389	481	316	80	255	495	444	245	68	900.775	15193	1711	424	248	191	168	155	145	134	121	104	235.957	2454	386	177	147	137	130	125	120	115	111	101	1	130	372.108	1676.885	0	0.000	0.000	6979	0	0	0	1064	0	0	0	1	120	372.315	1677.172	0	0	0	7322	0	0	0	1143	0	0	0
239	239	1885	1802.559	1687.835	424	712	541	161	16	292	923	489	120	24	146.997	184	167	161	156	152	148	144	140	134	126	103	116.878	138	126	122	120	119	117	115	113	111	108	99	0	0	0.000	0.000	0	0.000	0.000	0	0	0	0	0	0	0	0	0	0	0.000	0.000	0	0	0	0	0	0	0	0	0	0	0
240	240	2223	532.830	1690.935	683	722	602	169	23	653	820	468	201	43	111.520	126	118	116	114	113	112	110	109	107	105	99	185.471	259	227	216	209	202	194	184	169	150	128	102	0	0	0.000	0.000	0	0.000	0.000	0	0	0	0	0	0	0	0	0	0	0.000	0.000	0	0	0	0	0	0	0	0	0	0	0
241	241	1989	1094.986	1697.526	233	888	698	124	13	99	846	638	297	69	1109.524	16154	1408	929	837	766	687	621	555	468	358	160	322.796	4909	392	228	203	191	181	170	158	147	132	107	1	92	1099.217	1695.085	0	0.000	0.000	7587	0	0	0	2562	0	0	0	1	100	1098.813	1694.882	0	0	0	6769	0	0	0	2318	0	0	0
242	242	2587	1192.405	1708.277	564	780	886	252	57	600	1009	755	146	28	135.760	175	155	148	144	139	136	133	130	125	114	99	125.790	153	141	137	133	130	127	124	120	115	107	96	0	0	0.000	0.000	0	0.000	0.000	0	0	0	0	0	0	0	0	0	0	0.000	0.000	0	0	0	0	0	0	0	0	0	0	0
243	243	1516	1578.482	1705.446	150	452	544	296	35	145	624	474	187	49	696.901	14553	1001	322	203	163	144	135	129	124	117	104	215.329	1736	274	191	173	166	160	155	150	142	132	109	1	94	1581.046	1705.994	0	0.000	0.000	6953	0	0	0	816	0	0	0	1	89	1581.333	1706.302	0	0	0	7200	0	0	0	866	0	0	0
244	244	1054	1048.015	1713.938	327	370	267	61	11	262	433	226	95	19	490.950	5007	612	473	446	429	406	369	330	285	235	155	220.079	2620	284	202	183	172	164	156	147	138	127	107	1	37	1051.767	1717.300	0	0.000	0.000	2588	0	0	0	1271	0	0	0	1	36	1051.636	1716.801	0	0	0	2589	0	0	0	1278	0	0	0
245	245	2180	1468.578	1719.963	107	698	717	519	87	110	967	619	338	104	130.565	1043	132	128	126	124	123	121	120	118	116	106	160.005	229	195	185	175	166	157	150	144	138	129	103	1	32	1460.447	1745.232	0	0.000	0.000	555	0	0	0	145	0	0	0	0	0	0.000	0.000	0	0	0	0	0	0	0	0	0	0	0
246	246	2623	1639.045	1745.127	307	754	1028	420	59	207	703	1117	440	108	147.969	186	166	161	157	153	150	146	142	135	126	106	143.581	182	161	156	152	148	145	141	137	131	124	104	0	0	0.000	0.000	0	0.000	0.000	0	0	0	0	0	0	0	0	0	0	0.000	0.000	0	0	0	0	0	0	0	0	0	0	0
247	247	1132	1788.724	1735.192	255	311	345	178	23	203	401	305	162	35	140.556	178	161	155	151	146	142	138	133	125	116	102	115.447	134	124	122	120	118	116	114	112	109	106	98	0	0	0.000	0.000	0	0.000	0.000	0	0	0	0	0	0	0	0	0	0	0.000	0.000	0	0	0	0	0	0	0	0	0	0	0
248	248	586	1011.348	1732.439	112	190	164	80	31	83	231	151	97	12	110.741	123	115	114	113	112	111	110	109	108	106	101	232.693	328	308	289	270	252	238	223	206	178	148	118	0	0	0.000	0.000	0	0.000	0.000	0	0	0	0	0	0	0	0	0	0	0.000	0.000	0	0	0	0	0	0	0	0	0	0	0
249	249	1540	1541.086	1743.063	219	425	466	266	120	249	519	488	180	73	376.332	8841	467	210	159	140	133	129	125	121	116	100	170.306	836	197	172	165	159	154	149	144	137	128	101	1	72	1541.308	1751.487	0	0.000	0.000	3771	0	0	0	439	0	0	0	1	55	1541.904	1750.960	0	0	0	4074	0	0	0	514	0	0	0
250	250	1248	1831.185	1746.756	267	605	308	43	9	205	550	303	141	22	111.636	150	118	115	113	112	111	110	109	108	106	100	142.692	181	161	154	149	145	142	139	136	132	126	106	0	0	0.000	0.000	0	0.000	0.000	0	0	0	0	0	0	0	0	0	0	0.000	0.000	0	0	0	0	0	0	0	0	0	0	0
251	251	1863	1125.320	1752.571	239	669	652	249	16	174	597	683	310	72	567.017	895	783	722	667	617	571	522	469	419	370	166	156.975	211	187	179	172	164	158	151	144	136	126	105	0	0	0.000	0.000	0	0.000	0.000	0	0	0	0	0	0	0	0	0	0	0.000	0.000	0	0	0	0	0	0	0	0	0	0	0
252	252	1341	1587.747	1754.803	221	460	537	80	11	167	373	514	206	56	124.796	147	135	132	130	128	125	123	120	117	113	102	150.802	190	174	168	162	157	151	146	142	134	126	105	0	0	0.000	0.000	0	0.000	0.000	0	0	0	0	0	0	0	0	0	0	0.000	0.000	0	0	0	0	0	0	0	0	0	0	0
253	253	1694	1222.063	1756.682	313	562	604	168	17	237	678	530	195	24	136.132	164	150	147	143	140	137	135	131	126	120	104	122.783	155	136	131	127	124	122	120	118	115	110	99	0	0	0.000	0.000	0	0.000	0.000	0	0	0	0	0	0	0	0	0	0	0.000	0.000	0	0	0	0	0	0	0	0	0	0	0
254	254	549	1429.189	1753.177	139	165	121	82	32	132	210	123	67	11	130.519	170	147	139	135	132	129	126	124	121	117	105	148.401	180	165	161	157	154	150	146	141	136	129	112	0	0	0.000	0.000	0	0.000	0.000	0	0	0	0	0	0	0	0	0	0	0.000	0.000	0	0	0	0	0	0	0	0	0	0	0
255	255	2147	981.021	1768.174	697	849	431	136	10	535	680	507	282	115	1061.594	1743	1493	1373	1281	1202	1124	1041	925	792	458	147	114.910	134	123	120	118	117	115	113	111	109	107	98	0	0	0.000	0.000	0	0.000	0.000	0	0	0	0	0	0	0	0	0	0	0.000	0.000	0	0	0	0	0	0	0	0	0	0	0
256	256	2100	571.738	1776.575	310	583	728	399	49	219	519	774	409	130	846.180	1411	1180	1104	1031	942	866	801	736	620	432	158	139.860	174	159	155	151	147	143	139	134	124	112	102	0	0	0.000	0.000	0	0.000	0.000	0	0	0	0	0	0	0	0	0	0	0.000	0.000	0	0	0	0	0	0	0	0	0	0	0
257	257	887	1029.954	1767.165	101	324	274	144	27	134	352	218	123	40	144.238	178	159	155	151	148	145	142	138	133	128	110	134.759	161	148	145	141	138	135	132	129	125	121	106	0	0	0.000	0.000	0	0.000	0.000	0	0	0	0	0	0	0	0	0	0	0.000	0.000	0	0	0	0	0	0	0	0	0	0	0
258	258	1539	852.186	1771.385	316	439	433	279	41	257	503	479	196	78	109.198	123	115	113	112	110	109	108	107	105	103	98	126.479	156	140	136	132	129	126	124	121	118	113	102	0	0	0.000	0.000	0	0.000	0.000	0	0	0	0	0	0	0	0	0	0	0.000	0.000	0	0	0	0	0	0	0	0	0	0	0
259	259	722	1170.137	1766.438	85	266	229	115	15	63	302	247	94	8	501.382	743	676	639	601	564	522	490	445	385	263	137	150.819	191	175	171	166	161	155	148	141	132	115	102	0	0	0.000	0.000	0	0.000	0.000	0	0	0	0	0	0	0	0	0	0	0.000	0.000	0	0	0	0	0	0	0	0	0	0	0
260	260	1956	1828.912	1797.430	281	772	681	170	10	246	678	641	295	64	1512.127	2523	2135	1954	1823	1719	1617	1501	1300	1039	683	215	155.592	213	183	176	170	164	157	150	142	134	125	105	0	0	0.000	0.000	0	0.000	0.000	0	0	0	0	0	0	0	0	0	0	0.000	0.000	0	0	0	0	0	0	0	0	0	0	0
261	261	1382	132.032	1804.606	245	557	393	143	20	203	533	423	144	59	131.326	166	145	140	137	134	132	128	125	122	118	103	104.339	118	108	107	106	105	104	103	103	102	101	96	0	0	0.000	0.000	0	0.000	0.000	0	0	0	0	0	0	0	0	0	0	0.000	0.000	0	0	0	0	0	0	0	0	0	0	0
262	262	2784	1069.102	1813.298	496	1048	909	248	44	446	1126	882	252	31	234.562	6732	201	148	137	131	127	123	119	114	110	100	438.099	1885	602	557	517	485	450	412	350	278	201	115	1	69	1066.397	1807.159	0	0.000	0.000	3349	0	0	0	1146	0	0	0	1	29	1066.505	1807.187	0	0	0	5186	0	0	0	1557	0	0	0
263	263	2237	1630.440	1803.047	406	750	688	310	53	316	772	678	350	76	1225.142	21432	2028	464	257	200	180	168	156	143	131	105	251.089	2605	332	180	162	155	150	144	139	132	123	104	1	191	1627.182	1794.290	0	0.000	0.000	10744	0	0	0	1130	0	0	0	1	169	1627.088	1794.104	0	0	0	12021	0	0	0	1292	0	0	0
264	264	1385	808.739	1804.542	257	444	427	203	30	173	596	370	204	28	112.251	125	118	116	114	113	112	111	110	109	107	101	127.205	152	139	135	133	130	127	124	122	119	115	100	0	0	0.000	0.000	0	0.000	0.000	0	0	0	0	0	0	0	0	0	0	0.000	0.000	0	0	0	0	0	0	0	0	0	0	0
265	265	1824	1010.856	1815.062	270	748	599	157	17	146	606	720	285	41	515.721	8823	735	278	206	179	166	159	151	144	136	107	181.406	1278	233	163	150	143	137	132	126	122	117	103	1	128	1004.357	1816.781	0	0.000	0.000	3925	0	0	0	528	0	0	0	1	121	1005.389	1816.396	0	0	0	3714	0	0	0	677	0	0	0
266	266	1596	1193.608	1808.558	269	459	583	237	19	203	559	491	247	60	1022.035	1630	1493	1400	1269	1153	1054	984	901	710	372	149	113.259	143	125	120	117	115	112	110	107	105	104	98	0	0	0.000	0.000	0	0.000	0.000	0	0	0	0	0	0	0	0	0	0	0.000	0.000	0	0	0	0	0	0	0	0	0	0	0
267	267	635	169.566	1804.495	194	148	164	106	15	140	114	143	165	64	127.452	155	143	138	133	130	127	124	121	118	112	100	103.239	111	106	105	104	104	103	103	102	102	101	95	0	0	0.000	0.000	0	0.000	0.000	0	0	0	0	0	0	0	0	0	0	0.000	0.000	0	0	0	0	0	0	0	0	0	0	0
268	268	1948	1138.187	1815.989	390	673	592	224	35	379	903	478	128	26	1051.938	1743	1531	1452	1355	1228	1078	923	791	673	543	181	109.401	125	115	113	112	110	109	108	107	105	104	97	0	0	0.000	0.000	0	0.000	0.000	0	0	0	0	0	0	0	0	0	0	0.000	0.000	0	0	0	0	0	0	0	0	0	0	0
269	269	1309	664.621	1817.953	148	431	484	189	35	126	465	454	186	51	1849.516	3061	2588	2401	2206	2006	1835	1684	1540	1386	1104	433	111.848	136	119	116	114	112	111	110	109	108	106	100	0	0	0.000	0.000	0	0.000	0.000	0	0	0	0	0	0	0	0	0	0	0.000	0.000	0	0	0	0	0	0	0	0	0	0	0
270	270	1554	536.737	1820.856	298	452	506	244	26	198	362	489	332	151	760.678	1264	1129	1045	964	894	816	721	619	479	254	142	135.282	176	159	153	147	142	136	130	125	119	109	100	0	0	0.000	0.000	0	0.000	0.000	0	0	0	0	0	0	0	0	0	0	0.000	0.000	0	0	0	0	0	0	0	0	0	0	0
271	271	2866	1782.874	1836.620	648	959	844	311	41	557	1070	762	344	78	3496.890	30746	6980	2653	2037	1714	1522	1365	1175	975	724	270	446.798	5522	766	271	200	172	160	150	141	133	124	104	1	353	1783.469	1837.546	0	0.000	0.000	18748	0	0	0	1898	0	0	0	1	282	1783.762	1837.385	0	0	0	21776	0	0	0	2610	0	0	0
272	272	1523	1300.670	1830.743	248	606	530	95	20	143	568	535	209	33	157.021	1037	176	163	156	150	146	141	136	130	122	106	126.330	229	139	135	132	129	126	123	119	116	112	103	1	36	1300.496	1809.601	0	0.000	0.000	532	0	0	0	118	0	0	0	0	0	0.000	0.000	0	0	0	0	0	0	0	0	0	0	0
273	273	886	1591.326	1844.118	351	301	173	38	10	211	329	224	91	17	111.972	139	118	116	114	113	112	111	109	108	106	99	198.833	284	251	237	226	214	203	195	184	162	132	105	0	0	0.000	0.000	0	0.000	0.000	0	0	0	0	0	0	0	0	0	0	0.000	0.000	0	0	0	0	0	0	0	0	0	0	0
274	274	2108	1547.635	1861.233	478	866	608	109	23	299	785	600	328	51	116.163	140	124	121	119	118	116	115	113	111	108	96	203.167	276	244	235	228	220	212	200	187	169	148	105	0	0	0.000	0.000	0	0.000	0.000	0	0	0	0	0	0	0	0	0	0	0.000	0.000	0	0	0	0	0	0	0	0	0	0	0
275	275	1880	1334.854	1861.946	245	629	683	241	51	167	737	682	212	41	567.667	14123	677	243	182	161	153	147	140	134	126	107	176.896	1625	198	153	146	140	133	129	125	121	116	105	1	92	1325.128	1864.915	0	0.000	0.000	6344	0	0	0	777	0	0	0	1	84	1325.521	1865.208	0	0	0	6811	0	0	0	859	0	0	0
276	276	796	1488.092	1852.832	179	291	241	69	9	83	177	318	124	81	1720.727	2721	2374	2177	2082	1971	1811	1626	1439	1230	943	382	109.731	131	119	115	112	110	109	107	106	105	103	99	0	0	0.000	0.000	0	0.000	0.000	0	0	0	0	0	0	0	0	1	167	1489.541	1849.867	0	0	0	2050	0	0	0	118	0	0	0
277	277	2238	459.186	1872.814	462	835	641	221	28	469	1129	517	78	15	3468.221	31673	14703	2561	935	512	356	298	265	232	184	110	832.296	8315	2790	557	261	188	160	151	142	133	119	101	1	420	457.622	1871.720	0	0.000	0.000	16310	0	0	0	3118	0	0	0	1	346	457.496	1872.178	0	0	0	18976	0	0	0	4080	0	0	0
278	278	2743	956.732	1882.879	511	1005	839	264	68	366	974	834	404	123	1611.657	21968	3407	552	206	169	160	152	146	139	127	101	344.071	3398	521	220	202	189	181	173	164	154	143	108	1	314	949.199	1890.223	0	0.000	0.000	11434	0	0	0	1465	0	0	0	1	257	949.442	1889.770	0	0	0	14718	0	0	0	1772	0	0	0
279	279	1366	1016.577	1865.564	270	455	472	135	10	167	505	411	177	68	142.488	168	157	153	150	147	144	140	137	133	127	105	167.870	221	197	187	180	172	166	160	155	150	142	121	0	0	0.000	0.000	0	0.000	0.000	0	0	0	0	0	0	0	0	0	0	0.000	0.000	0	0	0	0	0	0	0	0	0	0	0
280	280	1934	1079.252	1874.050	413	661	656	157	17	252	497	684	353	117	126.411	161	138	135	132	130	128	125	122	118	112	99	517.874	803	720	673	627	580	538	493	440	382	280	130	0	0	0.000	0.000	0	0.000	0.000	0	0	0	0	0	0	0	0	0	0	0.000	0.000	0	0	0	0	0	0	0	0	0	0	0
281	281	1253	907.791	1876.572	251	398	333	197	52	201	439	384	142	55	1463.237	2880	2180	1921	1749	1624	1525	1393	1201	988	686	188	109.127	119	113	112	111	110	109	108	107	106	105	99	0	0	0.000	0.000	0	0.000	0.000	0	0	0	0	0	0	0	0	0	0	0.000	0.000	0	0	0	0	0	0	0	0	0	0	0
282	282	1465	615.186	1884.572	329	467	446	174	27	289	440	475	190	52	108.096	129	112	111	110	109	108	107	106	105	104	96	117.980	136	126	124	122	120	118	116	114	112	109	102	0	0	0.000	0.000	0	0.000	0.000	0	0	0	0	0	0	0	0	0	0	0.000	0.000	0	0	0	0	0	0	0	0	0	0	0
283	283	2780	520.119	1894.370	502	864	913	426	11	388	757	1057	406	122	271.852	389	343	327	316	301	282	260	236	214	187	120	146.678	195	172	166	160	153	147	140	133	127	121	102	0	0	0.000	0.000	0	0.000	0.000	0	0	0	0	0	0	0	0	0	0	0.000	0.000	0	0	0	0	0	0	0	0	0	0	0
284	284	568	1588.296	1885.186	77	135	182	122	37	60	158	158	131	48	108.474	120	114	112	111	110	108	107	106	105	103	97	169.338	222	205	198	192	186	176	168	156	136	118	103	0	0	0.000	0.000	0	0.000	0.000	0	0	0	0	0	0	0	0	0	0	0.000	0.000	0	0	0	0	0	0	0	0	0	0	0
285	285	971	828.443	1891.551	95	349	341	121	46	127	467	249	81	28	196.091	263	230	221	214	207	199	191	182	172	155	124	109.102	124	115	113	111	109	108	107	107	106	104	96	0	0	0.000	0.000	0	0.000	0.000	0	0	0	0	0	0	0	0	0	0	0.000	0.000	0	0	0	0	0	0	0	0	0	0	0
286	286	2741	382.554	1916.786	611	849	816	367	44	483	873	942	348	56	1995.815	26315	3802	935	554	421	364	319	277	238	183	110	594.653	8961	1056	313	206	164	146	136	128	120	113	100	1	313	382.024	1918.050	0	0.000	0.000	12873	0	0	0	3189	0	0	0	1	247	382.632	1918.249	0	0	0	17731	0	0	0	4264	0	0	0
287	287	1854	315.000	1907.334	216	573	708	282	44	124	628	702	297	66	1180.762	2097	1719	1607	1457	1299	1165	1043	953	832	642	152	121.686	165	135	130	127	123	121	118	116	113	110	100	0	0	0.000	0.000	0	0.000	0.000	0	0	0	0	0	0	0	0	0	0	0.000	0.000	0	0	0	0	0	0	0	0	0	0	0
288	288	1638	756.033	1910.392	1220	327	27	22	19	1346	223	23	16	13	115.637	132	123	121	119	117	116	114	113	111	108	101	129.803	171	148	142	138	134	129	125	121	117	112	102	0	0	0.000	0.000	0	0.000	0.000	0	0	0	0	0	0	0	0	0	0	0.000	0.000	0	0	0	0	0	0	0	0	0	0	0
289	289	2126	1469.535	1919.478	245	752	807	255	29	212	740	720	343	56	589.338	1007	840	765	710	665	614	551	472	402	320	122	105.745	120	110	108	107	106	105	105	104	103	102	94	0	0	0.000	0.000	0	0.000	0.000	0	0	0	0	0	0	0	0	0	0	0.000	0.000	0	0	0	0	0	0	0	0	0	0	0
290	290	531	272.164	1904.514	76	203	187	48	9	56	160	226	67	13	1125.237	1546	1435	1360	1293	1230	1172	1104	1026	941	756	246	122.804	142	132	129	127	125	123	121	119	117	113	106	0	0	0.000	0.000	0	0.000	0.000	0	0	0	0	0	0	0	0	0	0	0.000	0.000	0	0	0	0	0	0	0	0	0	0	0
291	291	1672	1904.489	1922.822	336	617	460	194	32	239	541	547	237	73	1115.017	1739	1551	1423	1323	1245	1170	1103	974	778	578	283	147.881	186	169	164	159	155	151	146	140	132	120	101	0	0	0.000	0.000	0	0.000	0.000	0	0	0	0	0	0	0	0	0	0	0.000	0.000	0	0	0	0	0	0	0	0	0	0	0
292	292	1584	444.259	1930.251	326	576	489	141	12	179	351	513	315	190	349.431	552	478	438	405	375	343	316	286	262	233	163	110.020	126	115	113	112	111	110	109	108	107	105	97	0	0	0.000	0.000	0	0.000	0.000	0	0	0	0	0	0	0	0	0	0	0.000	0.000	0	0	0	0	0	0	0	0	0	0	0
293	293	3226	946.765	1946.829	976	1149	822	195	18	707	918	998	491	62	157.742	210	178	173	170	166	162	156	150	142	130	101	195.666	273	244	228	217	207	197	188	179	164	144	106	0	0	0.000	0.000	0	0.000	0.000	0	0	0	0	0	0	0	0	0	0	0.000	0.000	0	0	0	0	0	0	0	0	0	0	0
294	294	1886	495.127	1947.162	198	543	598	391	134	214	828	578	182	32	364.970	597	511	469	426	390	360	334	306	273	230	124	112.669	141	124	119	115	113	111	110	108	106	104	97	0	0	0.000	0.000	0	0.000	0.000	0	0	0	0	0	0	0	0	0	0	0.000	0.000	0	0	0	0	0	0	0	0	0	0	0
295	295	620	712.284	1937.912	150	158	149	101	50	111	182	165	131	18	113.921	129	121	119	117	115	114	112	111	109	107	102	120.876	143	134	131	128	125	122	118	114	110	107	101	0	0	0.000	0.000	0	0.000	0.000	0	0	0	0	0	0	0	0	0	0	0.000	0.000	0	0	0	0	0	0	0	0	0	0	0
296	296	2021	322.067	1962.101	721	495	501	238	38	621	661	484	189	39	1354.500	2282	1906	1786	1690	1588	1436	1264	1091	923	669	213	108.652	122	114	112	111	110	108	107	106	105	104	99	0	0	0.000	0.000	0	0.000	0.000	0	0	0	0	0	0	0	0	0	0	0.000	0.000	0	0	0	0	0	0	0	0	0	0	0
297	297	2437	397.844	1969.992	509	510	791	501	100	424	564	928	348	137	440.018	7593	509	447	414	380	350	316	283	245	203	123	151.258	1122	167	156	149	142	135	130	126	122	116	102	1	46	406.459	1960.047	0	0.000	0.000	3773	0	0	0	505	0	0	0	1	54	407.568	1959.918	0	0	0	3147	0	0	0	576	0	0	0
298	298	1376	595.341	1978.032	293	376	399	245	49	222	465	408	204	46	1696.137	2876	2594	2316	2098	1876	1695	1530	1339	1106	783	322	107.166	123	113	111	109	108	107	106	104	104	102	93	0	0	0.000	0.000	0	0.000	0.000	0	0	0	0	0	0	0	0	0	0	0.000	0.000	0	0	0	0	0	0	0	0	0	0	0
299	299	1261	460.092	1980.925	214	344	425	228	30	142	429	412	195	52	395.918	604	551	523	484	441	399	360	322	285	223	135	108.422	125	114	112	111	109	108	107	106	105	103	98	0	0	0.000	0.000	0	0.000	0.000	0	0	0	0	0	0	0	0	0	0	0.000	0.000	0	0	0	0	0	0	0	0	0	0	0
