 	cell	area	x	y	BFI_lev_b1	BFI_lev_b2	BFI_lev_b3	BFI_lev_b4	BFI_lev_b5	BFO_lev_b1	BFO_lev_b2	BFO_lev_b3	BFO_lev_b4	BFO_lev_b5	GFP_int_mean	GFP_int_b0	GFP_int_b1	GFP_int_b2	GFP_int_b3	GFP_int_b4	GFP_int_b5	GFP_int_b6	GFP_int_b7	GFP_int_b8	GFP_int_b9	GFP_int_b10	RFP_int_mean	RFP_int_b0	RFP_int_b1	RFP_int_b2	RFP_int_b3	RFP_int_b4	RFP_int_b5	RFP_int_b6	RFP_int_b7	RFP_int_b8	RFP_int_b9	RFP_int_b10	inGFPnfoci	f1_inGFParea	f1_inGFPx	f1_inGFPy	f2_inGFParea	f2_inGFPx	f2_inGFPy	f1_inGFP_toGFPmed	f1_inGFP_toGFPmean	f2_inGFP_toGFPmed	f2_inGFP_toGFPmean	f1_inGFP_toRFPmed	f1_inGFP_toRFPmean	f2_inGFP_toRFPmed	f2_inGFP_toRFPmean	inRFPnfoci	f1_inRFParea	f1_inRFPx	f1_inRFPy	f2_inRFParea	f2_inRFPx	f2_inRFPy	f1_inRFP_toGFPmed	f1_inRFP_toGFPmean	f2_inRFP_toGFPmed	f2_inRFP_toGFPmean	f1_inRFP_toRFPmed	f1_inRFP_toRFPmean	f2_inRFP_toRFPmed	f2_inRFP_toRFPmean
1	1	1671	1277.349	78.826	136	444	565	410	87	125	605	555	270	81	425.282	580	520	497	480	467	451	436	408	355	282	129	106.022	126	113	109	107	106	105	104	103	103	102	93	0	0	0.000	0.000	0	0	0	0	0	0	0	0	0	0	0	0	0	0.000	0.000	0	0	0	0	0	0	0	0	0	0	0
2	2	1497	594.363	86.951	294	395	463	248	60	224	460	456	257	69	211.657	1403	242	228	220	212	204	195	184	167	141	103	128.319	246	141	137	135	132	129	125	122	117	111	100	1	30	589.475	70.288	0	0	0	732	0	0	0	139	0	0	0	0	0	0.000	0.000	0	0	0	0	0	0	0	0	0	0	0
3	3	2088	1441.198	93.702	352	564	737	337	56	289	947	583	192	46	401.054	8424	420	257	236	223	211	199	187	177	163	117	155.677	812	174	160	152	145	140	134	129	124	119	103	1	76	1440.948	102.134	0	0	0	4043	0	0	0	479	0	0	0	1	77	1441.268	101.719	0	0	0	3879	0	0	0	475	0	0	0
4	4	1313	1654.498	88.516	323	498	386	68	9	98	405	407	288	88	258.585	380	315	296	283	273	262	251	236	221	197	132	104.675	118	109	107	106	105	104	104	103	102	101	93	0	0	0.000	0.000	0	0	0	0	0	0	0	0	0	0	0	0	0	0.000	0.000	0	0	0	0	0	0	0	0	0	0	0
5	5	2489	1385.527	94.353	479	631	819	417	95	492	1240	468	215	26	1477.707	24923	2342	539	314	244	212	193	178	161	138	104	262.173	2842	373	192	165	149	140	133	127	120	113	98	1	233	1388.620	90.297	0	0	0	11553	0	0	0	1162	0	0	0	1	203	1388.717	90.128	0	0	0	14058	0	0	0	1341	0	0	0
6	6	1719	1920.346	97.580	615	616	265	117	74	674	648	228	91	47	526.829	11781	627	293	240	223	212	205	198	184	159	108	178.656	1828	217	149	137	130	127	124	121	118	114	98	1	77	1909.839	99.329	0	0	0	5350	0	0	0	847	0	0	0	1	87	1910.360	99.182	0	0	0	4365	0	0	0	823	0	0	0
7	7	1273	1036.600	96.419	358	406	316	156	15	256	463	352	152	30	195.744	277	241	225	215	207	199	193	183	164	140	109	105.199	116	109	108	107	106	105	104	104	103	102	93	0	0	0.000	0.000	0	0	0	0	0	0	0	0	0	0	0	0	0	0.000	0.000	0	0	0	0	0	0	0	0	0	0	0
8	8	1584	1136.409	99.797	284	434	414	317	106	225	616	450	234	29	287.414	6349	239	187	181	175	170	165	159	148	132	103	136.049	555	145	140	136	133	130	127	124	120	114	100	1	57	1135.865	79.794	0	0	0	2785	0	0	0	304	0	0	0	1	45	1135.665	79.441	0	0	0	3177	0	0	0	343	0	0	0
9	9	1775	1227.421	106.184	379	662	494	187	26	271	787	447	189	42	119.545	156	132	127	123	120	118	116	114	112	109	100	314.145	493	407	373	353	338	319	298	277	254	214	133	0	0	0.000	0.000	0	0	0	0	0	0	0	0	0	0	0	0	0	0.000	0.000	0	0	0	0	0	0	0	0	0	0	0
10	10	1962	1512.742	112.718	274	727	664	229	30	324	1031	489	67	15	821.061	17175	1092	343	247	219	203	193	182	170	150	110	167.421	1084	206	152	142	136	132	128	123	120	116	103	1	128	1518.212	109.572	0	0	0	7908	0	0	0	484	0	0	0	1	114	1518.432	108.663	0	0	0	8217	0	0	0	602	0	0	0
11	11	1766	1694.916	120.754	252	718	524	177	53	284	716	536	155	39	293.061	453	369	345	328	312	296	279	263	248	217	119	105.234	116	109	108	107	106	105	104	104	103	102	97	0	0	0.000	0.000	0	0	0	0	0	0	0	0	0	0	0	0	0	0.000	0.000	0	0	0	0	0	0	0	0	0	0	0
12	12	2927	1300.538	125.342	437	769	1009	567	90	360	920	1019	479	92	302.783	10658	270	195	175	164	158	153	146	138	126	104	224.825	2206	251	233	223	213	201	188	175	164	145	108	1	63	1285.374	127.620	0	0	0	4700	0	0	0	1131	0	0	0	1	63	1285.298	127.095	0	0	0	4658	0	0	0	1131	0	0	0
13	13	1964	571.936	131.272	489	713	593	120	19	356	769	576	205	35	1149.134	18928	1937	501	337	279	251	229	206	178	144	104	261.509	3103	399	182	155	146	139	132	126	118	110	98	1	170	572.289	130.416	0	0	0	8509	0	0	0	1275	0	0	0	1	150	572.936	129.596	0	0	0	8509	0	0	0	1437	0	0	0
14	14	1697	822.105	135.825	655	816	135	33	23	765	790	54	31	11	1284.095	1993	1742	1641	1532	1442	1359	1288	1176	938	617	218	107.136	126	113	111	109	107	106	105	104	103	102	95	0	0	0.000	0.000	0	0	0	0	0	0	0	0	0	0	0	0	0	0.000	0.000	0	0	0	0	0	0	0	0	0	0	0
15	15	1506	1895.418	143.490	806	580	59	20	14	683	677	87	17	20	112.892	126	118	116	115	114	113	112	111	110	108	103	105.305	118	110	108	107	106	105	104	103	103	101	94	0	0	0.000	0.000	0	0	0	0	0	0	0	0	0	0	0	0	0	0.000	0.000	0	0	0	0	0	0	0	0	0	0	0
16	16	2068	642.004	151.329	227	708	790	278	24	175	716	844	255	28	115.094	136	123	120	118	116	114	113	111	110	108	102	105.490	119	111	108	107	106	105	104	103	102	101	94	0	0	0.000	0.000	0	0	0	0	0	0	0	0	0	0	0	0	0	0.000	0.000	0	0	0	0	0	0	0	0	0	0	0
17	17	713	1470.865	140.375	377	260	32	20	16	400	201	64	19	15	171.438	229	205	193	185	180	175	170	160	149	134	106	126.388	153	142	139	136	133	129	125	119	111	106	98	0	0	0.000	0.000	0	0	0	0	0	0	0	0	0	0	0	0	0	0.000	0.000	0	0	0	0	0	0	0	0	0	0	0
18	18	631	1436.445	137.700	104	182	179	125	35	65	164	183	152	54	111.594	124	117	115	114	113	112	111	110	108	107	100	137.743	167	154	150	146	142	139	135	131	126	120	101	0	0	0.000	0.000	0	0	0	0	0	0	0	0	0	0	0	0	0	0.000	0.000	0	0	0	0	0	0	0	0	0	0	0
19	19	1266	1143.734	147.912	232	353	381	221	62	198	502	310	180	52	154.791	190	174	170	167	163	159	154	148	138	126	109	127.243	158	144	138	134	130	127	124	121	116	110	100	0	0	0.000	0.000	0	0	0	0	0	0	0	0	0	0	0	0	0	0.000	0.000	0	0	0	0	0	0	0	0	0	0	0
20	20	1204	1209.562	150.459	105	296	455	254	72	104	425	438	185	35	152.828	189	175	169	164	159	154	149	144	138	130	107	140.455	181	160	154	149	145	141	136	132	127	121	103	0	0	0.000	0.000	0	0	0	0	0	0	0	0	0	0	0	0	0	0.000	0.000	0	0	0	0	0	0	0	0	0	0	0
21	21	1619	1398.799	154.002	105	360	572	385	173	108	445	704	250	81	112.437	129	118	116	115	114	112	111	110	109	107	100	139.697	185	165	155	148	143	139	134	129	125	118	101	0	0	0.000	0.000	0	0	0	0	0	0	0	0	0	0	0	0	0	0.000	0.000	0	0	0	0	0	0	0	0	0	0	0
22	22	1759	957.115	161.785	433	737	497	51	16	240	560	539	271	120	111.005	126	117	115	113	112	111	110	108	107	105	99	119.120	144	130	127	124	122	119	116	114	111	108	99	0	0	0.000	0.000	0	0	0	0	0	0	0	0	0	0	0	0	0	0.000	0.000	0	0	0	0	0	0	0	0	0	0	0
23	23	2666	1308.125	185.711	507	585	865	562	96	455	1052	777	276	62	233.231	6101	213	187	181	176	171	164	155	145	130	107	260.345	1419	323	309	296	280	260	240	215	189	156	106	1	46	1309.411	165.327	0	0	0	2674	0	0	0	782	0	0	0	1	32	1309.117	165.010	0	0	0	3442	0	0	0	944	0	0	0
24	24	1219	1854.683	177.969	93	299	373	304	127	69	345	532	192	48	115.976	141	123	120	118	117	116	114	113	112	110	103	104.532	115	108	107	106	105	104	104	103	102	101	96	0	0	0.000	0.000	0	0	0	0	0	0	0	0	0	0	0	0	0	0.000	0.000	0	0	0	0	0	0	0	0	0	0	0
25	25	1757	1244.761	188.308	414	919	318	49	22	363	920	337	64	40	301.458	6739	314	199	181	173	166	160	153	146	137	109	147.577	459	166	157	151	146	142	138	135	130	123	103	1	56	1245.743	182.851	0	0	0	3180	0	0	0	292	0	0	0	1	41	1245.834	183.114	0	0	0	3646	0	0	0	318	0	0	0
26	26	2292	1627.290	206.657	373	662	678	445	83	327	922	670	270	69	887.503	11111	988	859	798	754	722	673	602	502	384	176	146.904	1142	150	136	132	128	125	122	119	115	110	100	1	69	1637.380	205.144	0	0	0	6303	0	0	0	515	0	0	0	1	85	1638.141	204.421	0	0	0	4287	0	0	0	575	0	0	0
27	27	1010	680.528	201.414	216	245	291	183	49	173	274	347	150	41	111.052	124	117	115	113	112	111	110	109	107	105	99	129.674	160	145	141	137	134	131	128	124	117	110	99	0	0	0.000	0.000	0	0	0	0	0	0	0	0	0	0	0	0	0	0.000	0.000	0	0	0	0	0	0	0	0	0	0	0
28	28	1639	627.911	203.565	288	573	552	196	10	192	601	478	284	57	112.199	124	117	116	114	113	112	111	110	109	107	101	104.958	121	110	108	106	105	104	104	103	102	101	96	0	0	0.000	0.000	0	0	0	0	0	0	0	0	0	0	0	0	0	0.000	0.000	0	0	0	0	0	0	0	0	0	0	0
29	29	2764	238.313	221.901	472	996	907	311	15	336	1076	928	330	41	2374.777	32259	5732	888	395	278	244	224	208	182	150	110	632.259	8135	1365	340	219	195	184	174	162	147	130	102	1	341	234.732	220.258	0	0	0	16019	0	0	0	3058	0	0	0	1	282	234.978	219.689	0	0	0	19735	0	0	0	3949	0	0	0
30	30	1499	1835.060	222.162	181	327	545	326	90	184	513	526	206	36	281.001	394	344	327	317	308	297	283	262	233	187	120	152.999	194	175	171	166	162	156	151	144	135	123	103	0	0	0.000	0.000	0	0	0	0	0	0	0	0	0	0	0	0	0	0.000	0.000	0	0	0	0	0	0	0	0	0	0	0
31	31	1570	1275.372	238.027	158	376	565	345	102	148	719	486	163	31	635.448	1005	868	786	728	678	634	590	551	496	418	172	105.866	116	109	108	107	107	106	105	105	104	103	97	0	0	0.000	0.000	0	0	0	0	0	0	0	0	0	0	0	0	0	0.000	0.000	0	0	0	0	0	0	0	0	0	0	0
32	32	2393	1669.826	243.134	288	957	833	243	22	330	1078	764	162	16	738.132	13500	742	613	569	522	473	438	404	360	297	137	131.687	902	132	121	118	117	115	113	112	110	107	98	1	79	1653.815	245.219	0	0	0	6711	0	0	0	479	0	0	0	1	89	1654.052	245.096	0	0	0	6265	0	0	0	462	0	0	0
33	33	1374	1604.638	258.302	116	321	478	316	113	114	522	493	183	33	550.493	845	721	665	620	594	572	549	508	438	336	147	119.129	140	128	125	123	122	120	118	116	113	109	98	0	0	0.000	0.000	0	0	0	0	0	0	0	0	0	0	0	0	0	0.000	0.000	0	0	0	0	0	0	0	0	0	0	0
34	34	1510	1466.990	267.783	581	603	243	37	24	643	633	182	19	12	282.443	5338	266	201	187	181	177	172	166	159	143	107	126.673	414	137	131	127	124	122	120	117	114	110	99	1	51	1480.906	254.444	0	0	0	2489	0	0	0	249	0	0	0	1	44	1481.151	254.538	0	0	0	2742	0	0	0	265	0	0	0
35	35	1881	1298.988	278.296	180	714	604	289	49	126	747	598	293	81	611.749	1134	872	763	693	644	595	539	501	470	395	159	106.435	119	110	109	108	107	106	106	105	104	103	98	0	0	0.000	0.000	0	0	0	0	0	0	0	0	0	0	0	0	0	0.000	0.000	0	0	0	0	0	0	0	0	0	0	0
36	36	2398	826.302	281.299	553	920	651	218	14	332	751	892	322	52	420.827	9800	395	293	273	258	245	233	215	189	161	106	180.062	1295	204	184	175	168	160	153	146	136	124	100	1	77	833.901	280.411	0	0	0	4606	0	0	0	505	0	0	0	1	72	833.712	278.885	0	0	0	2395	0	0	0	716	0	0	0
37	37	2027	1381.256	290.888	522	1027	370	61	12	550	1106	264	54	10	757.631	1216	1024	949	888	838	783	729	678	588	435	144	137.792	170	154	150	146	143	140	136	132	126	117	100	0	0	0.000	0.000	0	0	0	0	0	0	0	0	0	0	0	0	0	0.000	0.000	0	0	0	0	0	0	0	0	0	0	0
38	38	2758	1634.054	303.003	287	1008	937	427	37	132	1017	963	497	102	660.068	14249	611	311	274	256	243	227	211	191	169	114	189.888	1461	208	179	168	159	151	145	138	131	122	101	1	145	1628.422	285.541	0	0	0	6873	0	0	0	762	0	0	0	1	137	1628.264	285.133	0	0	0	7139	0	0	0	782	0	0	0
39	39	1785	1115.279	302.714	845	768	108	12	13	631	903	179	34	9	986.067	13597	1173	700	637	598	563	539	514	482	410	159	157.305	1190	178	132	127	124	122	120	118	116	113	103	1	99	1108.291	313.179	0	0	0	6458	0	0	0	605	0	0	0	1	100	1109.138	313.176	0	0	0	6360	0	0	0	627	0	0	0
40	40	1777	1690.374	299.835	432	588	453	230	48	335	742	440	197	36	126.673	154	139	135	132	129	126	124	121	118	115	104	391.533	574	514	480	459	443	418	384	342	290	231	126	0	0	0.000	0.000	0	0	0	0	0	0	0	0	0	0	0	0	0	0.000	0.000	0	0	0	0	0	0	0	0	0	0	0
41	41	1962	1434.211	314.630	614	759	490	45	18	868	886	150	11	8	2444.803	27060	7071	1328	615	430	379	334	292	250	208	129	283.283	2671	623	196	143	131	125	120	116	112	109	101	1	285	1435.458	316.195	0	0	0	12889	0	0	0	1001	0	0	0	1	235	1435.435	316.165	0	0	0	17094	0	0	0	1246	0	0	0
42	42	2855	979.067	317.475	524	832	889	469	77	612	1103	719	315	50	1144.346	23090	1369	335	210	175	162	156	150	140	127	105	633.811	5025	824	629	581	541	496	453	404	323	235	123	1	226	986.189	308.166	0	0	0	10757	0	0	0	2444	0	0	0	1	173	986.109	308.053	0	0	0	14323	0	0	0	2957	0	0	0
43	43	617	1070.990	309.380	451	83	39	21	17	434	83	36	35	27	207.084	337	278	263	240	222	201	182	167	155	143	117	372.679	651	505	475	451	434	412	386	317	227	159	112	0	0	0.000	0.000	0	0	0	0	0	0	0	0	0	0	0	0	0	0.000	0.000	0	0	0	0	0	0	0	0	0	0	0
44	44	2479	878.567	315.260	573	850	673	309	37	446	920	706	296	73	2012.230	29295	4248	793	405	300	264	244	225	197	150	107	449.963	5984	758	247	189	174	166	158	147	134	117	102	1	270	882.213	313.240	0	0	0	15858	0	0	0	2395	0	0	0	1	230	882.163	312.995	0	0	0	17753	0	0	0	2810	0	0	0
45	45	1496	1035.734	317.606	925	319	170	42	18	994	333	114	29	9	131.808	172	146	140	138	135	132	130	126	122	115	103	448.492	851	644	567	521	492	461	429	390	328	203	116	0	0	0.000	0.000	0	0	0	0	0	0	0	0	0	0	0	0	0	0.000	0.000	0	0	0	0	0	0	0	0	0	0	0
46	46	901	235.063	315.965	565	241	53	12	12	414	303	115	45	13	171.738	247	222	204	192	179	170	161	151	138	125	111	331.810	559	502	456	405	360	335	301	254	209	164	117	0	0	0.000	0.000	0	0	0	0	0	0	0	0	0	0	0	0	0	0.000	0.000	0	0	0	0	0	0	0	0	0	0	0
47	47	1785	525.755	325.288	589	550	411	186	28	416	610	415	224	85	118.761	143	129	125	123	121	119	117	115	112	109	99	458.063	848	699	627	564	518	467	406	353	289	208	106	0	0	0.000	0.000	0	0	0	0	0	0	0	0	0	0	0	0	0	0.000	0.000	0	0	0	0	0	0	0	0	0	0	0
48	48	933	1932.414	335.130	179	320	237	132	48	209	287	276	113	30	565.217	849	762	691	636	595	558	528	502	457	399	184	105.787	114	110	108	107	106	106	105	104	104	102	95	0	0	0.000	0.000	0	0	0	0	0	0	0	0	0	0	0	0	0	0.000	0.000	0	0	0	0	0	0	0	0	0	0	0
49	49	1908	1429.425	370.642	229	686	607	297	53	150	566	646	397	109	296.132	423	371	353	336	320	305	288	267	239	206	120	118.767	136	128	125	123	121	119	117	115	112	109	101	0	0	0.000	0.000	0	0	0	0	0	0	0	0	0	0	0	0	0	0.000	0.000	0	0	0	0	0	0	0	0	0	0	0
50	50	1631	425.242	371.782	290	535	435	246	83	308	614	459	184	35	576.283	873	760	702	657	614	577	537	499	464	409	188	116.140	132	123	121	119	117	116	115	113	112	109	103	0	0	0.000	0.000	0	0	0	0	0	0	0	0	0	0	0	0	0	0.000	0.000	0	0	0	0	0	0	0	0	0	0	0
51	51	1495	1627.119	371.910	211	460	446	290	61	237	650	397	147	29	203.003	280	246	236	227	220	211	200	185	169	146	111	143.878	184	165	161	157	153	148	142	135	125	114	100	0	0	0.000	0.000	0	0	0	0	0	0	0	0	0	0	0	0	0	0.000	0.000	0	0	0	0	0	0	0	0	0	0	0
52	52	1568	1548.058	380.175	242	441	538	249	61	239	560	517	179	44	112.938	127	119	117	115	114	113	112	111	109	107	98	182.270	249	219	206	198	189	182	176	170	161	144	106	0	0	0.000	0.000	0	0	0	0	0	0	0	0	0	0	0	0	0	0.000	0.000	0	0	0	0	0	0	0	0	0	0	0
53	53	1233	878.661	375.244	885	233	58	25	17	840	251	79	30	24	124.543	149	137	133	130	128	125	122	119	116	111	102	244.542	355	311	297	284	274	260	245	217	182	148	112	0	0	0.000	0.000	0	0	0	0	0	0	0	0	0	0	0	0	0	0.000	0.000	0	0	0	0	0	0	0	0	0	0	0
54	54	1969	982.019	381.587	337	671	679	246	10	221	496	638	423	149	152.390	191	173	168	164	159	155	150	143	137	127	105	530.547	814	726	693	653	603	553	500	435	373	293	129	0	0	0.000	0.000	0	0	0	0	0	0	0	0	0	0	0	0	0	0.000	0.000	0	0	0	0	0	0	0	0	0	0	0
55	55	1022	931.001	389.090	443	301	209	41	12	274	223	299	170	37	125.801	158	140	135	132	129	126	122	119	116	111	101	250.591	378	330	313	299	286	271	250	216	180	135	107	0	0	0.000	0.000	0	0	0	0	0	0	0	0	0	0	0	0	0	0.000	0.000	0	0	0	0	0	0	0	0	0	0	0
56	56	2205	1040.749	406.305	263	544	721	469	168	248	871	722	245	69	1299.304	18721	1459	1042	956	878	817	746	669	594	454	173	179.520	1644	196	150	142	137	132	128	124	120	115	102	1	106	1030.315	399.549	0	0	0	9595	0	0	0	910	0	0	0	1	116	1030.607	399.622	0	0	0	8951	0	0	0	837	0	0	0
57	57	905	1444.266	414.306	107	316	245	138	83	161	384	218	85	37	118.407	136	124	122	121	120	118	117	116	115	112	101	132.782	157	145	141	138	135	132	130	127	124	121	109	0	0	0.000	0.000	0	0	0	0	0	0	0	0	0	0	0	0	0	0.000	0.000	0	0	0	0	0	0	0	0	0	0	0
58	58	1729	1484.202	435.674	163	461	558	422	93	326	842	383	144	10	114.692	137	120	118	117	116	115	113	112	111	109	102	128.285	156	141	137	134	132	129	126	123	119	114	98	0	0	0.000	0.000	0	0	0	0	0	0	0	0	0	0	0	0	0	0.000	0.000	0	0	0	0	0	0	0	0	0	0	0
59	59	1012	1684.859	456.014	196	421	243	110	26	117	412	217	159	82	143.796	173	158	154	151	148	145	142	138	135	128	109	134.225	159	148	144	142	139	137	134	131	124	115	103	0	0	0.000	0.000	0	0	0	0	0	0	0	0	0	0	0	0	0	0.000	0.000	0	0	0	0	0	0	0	0	0	0	0
60	60	1316	1837.557	478.990	212	439	448	172	21	218	544	392	124	14	132.456	159	143	140	138	136	134	132	128	125	119	106	107.903	129	116	112	109	108	107	106	105	104	103	98	0	0	0.000	0.000	0	0	0	0	0	0	0	0	0	0	0	0	0	0.000	0.000	0	0	0	0	0	0	0	0	0	0	0
61	61	1771	1725.583	486.933	121	655	526	337	100	225	854	456	179	28	610.739	11026	928	336	245	217	203	192	183	170	157	116	203.487	1536	259	180	167	157	150	143	138	131	126	109	1	109	1723.409	482.355	0	0	0	5124	0	0	0	771	0	0	0	1	115	1723.937	481.215	0	0	0	3268	0	0	0	792	0	0	0
62	62	1878	1676.059	506.798	135	768	757	169	20	207	1061	424	136	19	416.007	10624	443	203	178	168	157	151	146	140	134	107	160.187	833	179	162	155	149	143	139	134	128	121	101	1	81	1683.575	513.719	0	0	0	4317	0	0	0	405	0	0	0	1	70	1683.246	511.956	0	0	0	2027	0	0	0	469	0	0	0
63	63	2060	1884.513	506.240	971	879	137	36	13	761	983	211	34	34	139.835	169	150	147	145	143	141	139	136	133	126	106	110.373	139	122	116	113	110	108	107	105	104	103	96	0	0	0.000	0.000	0	0	0	0	0	0	0	0	0	0	0	0	0	0.000	0.000	0	0	0	0	0	0	0	0	0	0	0
64	64	610	329.037	511.759	56	182	183	143	38	82	169	137	137	72	310.844	438	397	370	355	341	323	302	281	249	203	139	109.651	124	115	114	112	111	109	108	107	106	104	97	0	0	0.000	0.000	0	0	0	0	0	0	0	0	0	0	0	0	0	0.000	0.000	0	0	0	0	0	0	0	0	0	0	0
65	65	869	1807.375	516.491	202	299	226	101	23	175	343	207	103	23	161.160	219	188	180	175	169	162	157	151	143	131	105	107.678	121	113	110	109	108	107	107	106	105	103	99	0	0	0.000	0.000	0	0	0	0	0	0	0	0	0	0	0	0	0	0.000	0.000	0	0	0	0	0	0	0	0	0	0	0
66	66	1180	1745.272	537.255	92	238	444	307	80	74	307	510	187	77	191.218	253	223	215	207	200	194	186	179	169	155	117	157.123	204	183	177	171	165	160	153	146	137	128	107	0	0	0.000	0.000	0	0	0	0	0	0	0	0	0	0	0	0	0	0.000	0.000	0	0	0	0	0	0	0	0	0	0	0
67	67	1828	1844.785	540.979	349	585	533	276	55	260	704	544	240	47	172.658	257	215	202	187	177	170	163	156	147	135	110	107.158	121	112	110	109	108	107	106	105	104	103	97	0	0	0.000	0.000	0	0	0	0	0	0	0	0	0	0	0	0	0	0.000	0.000	0	0	0	0	0	0	0	0	0	0	0
68	68	695	1704.899	535.733	116	218	204	101	39	108	176	249	129	26	118.573	145	125	123	121	120	118	117	116	114	111	99	209.078	276	249	235	227	220	212	205	197	186	168	111	0	0	0.000	0.000	0	0	0	0	0	0	0	0	0	0	0	0	0	0.000	0.000	0	0	0	0	0	0	0	0	0	0	0
69	69	1985	623.271	551.931	335	562	734	298	15	300	417	850	325	60	139.209	952	153	140	135	132	129	127	124	121	116	103	130.223	177	145	140	136	133	130	127	124	119	114	102	1	30	624.627	540.320	0	0	0	462	0	0	0	151	0	0	0	0	0	0.000	0.000	0	0	0	0	0	0	0	0	0	0	0
70	70	658	433.981	544.186	370	128	76	53	18	352	145	84	55	17	184.559	259	227	217	209	200	190	179	163	152	134	108	266.184	416	372	353	330	308	281	248	210	171	144	105	0	0	0.000	0.000	0	0	0	0	0	0	0	0	0	0	0	0	0	0.000	0.000	0	0	0	0	0	0	0	0	0	0	0
71	71	1661	1929.330	558.779	575	728	300	12	13	765	773	81	8	7	3954.921	25761	11374	3924	2553	2215	1891	1587	1315	1068	748	233	291.333	2211	689	250	168	148	139	133	128	123	117	101	1	255	1930.544	561.963	0	0	0	15234	0	0	0	943	0	0	0	1	231	1930.536	561.678	0	0	0	16387	0	0	0	1109	0	0	0
72	72	2322	778.301	562.459	471	575	651	434	143	531	938	583	215	19	1526.238	23871	2308	564	421	392	370	349	315	254	179	112	325.006	5277	347	157	138	132	127	123	118	111	105	96	1	204	773.113	559.905	0	0	0	12071	0	0	0	1809	0	0	0	1	171	773.208	558.472	0	0	0	9937	0	0	0	2476	0	0	0
73	73	1695	1669.603	561.475	432	575	419	194	47	599	657	338	61	10	115.168	132	122	119	118	116	115	114	113	111	109	94	252.130	383	332	309	287	269	251	236	220	202	174	113	0	0	0.000	0.000	0	0	0	0	0	0	0	0	0	0	0	0	0	0.000	0.000	0	0	0	0	0	0	0	0	0	0	0
74	74	1639	675.826	575.417	365	780	428	28	8	196	464	580	286	70	111.345	129	116	115	113	112	111	110	109	108	106	99	161.513	208	186	180	175	170	165	160	154	143	129	102	0	0	0.000	0.000	0	0	0	0	0	0	0	0	0	0	0	0	0	0.000	0.000	0	0	0	0	0	0	0	0	0	0	0
75	75	1343	840.414	574.990	389	494	341	77	16	168	497	378	212	61	332.369	1756	403	370	352	339	323	306	284	254	194	118	121.228	364	131	126	123	120	118	116	113	110	106	98	1	26	843.323	579.106	0	0	0	1137	0	0	0	233	0	0	0	1	30	842.678	578.287	0	0	0	914	0	0	0	225	0	0	0
76	76	1275	1724.160	580.120	88	314	475	269	115	92	550	378	158	75	201.772	263	239	228	221	215	208	198	187	174	157	118	179.235	235	214	206	198	191	182	173	163	152	140	110	0	0	0.000	0.000	0	0	0	0	0	0	0	0	0	0	0	0	0	0.000	0.000	0	0	0	0	0	0	0	0	0	0	0
77	77	1146	488.912	581.321	530	381	138	53	29	581	373	119	42	17	251.251	333	306	295	283	272	257	243	228	207	186	121	127.366	153	139	136	133	130	128	125	122	118	115	105	0	0	0.000	0.000	0	0	0	0	0	0	0	0	0	0	0	0	0	0.000	0.000	0	0	0	0	0	0	0	0	0	0	0
78	78	1743	1834.175	590.473	267	447	643	289	64	237	559	699	178	42	574.397	971	834	751	685	638	588	537	483	398	282	132	118.042	156	128	125	122	120	118	116	114	111	107	99	0	0	0.000	0.000	0	0	0	0	0	0	0	0	0	0	0	0	0	0.000	0.000	0	0	0	0	0	0	0	0	0	0	0
79	79	2296	1889.964	597.194	358	465	843	481	97	358	974	629	270	28	2206.531	14461	3170	2866	2635	2400	2103	1784	1459	1133	801	193	150.839	852	172	160	151	144	138	131	124	117	110	100	1	46	1899.497	606.128	0	0	0	10242	0	0	0	582	0	0	0	1	76	1900.137	605.777	0	0	0	7844	0	0	0	471	0	0	0
80	80	612	625.579	598.691	117	218	196	61	10	43	133	194	161	68	118.966	142	127	124	123	121	119	118	116	114	110	104	123.958	147	137	133	130	128	125	122	119	115	110	101	0	0	0.000	0.000	0	0	0	0	0	0	0	0	0	0	0	0	0	0.000	0.000	0	0	0	0	0	0	0	0	0	0	0
81	81	1795	1647.733	612.026	221	571	599	329	50	272	868	437	164	20	1095.762	5822	1492	1337	1220	1125	1044	960	874	758	621	297	119.675	316	127	123	121	119	117	115	113	111	109	101	1	21	1639.233	612.498	0	0	0	4297	0	0	0	253	0	0	0	1	41	1638.745	612.050	0	0	0	3363	0	0	0	211	0	0	0
82	82	1856	1518.447	622.600	745	384	331	303	67	651	593	335	216	37	116.606	132	125	122	120	119	117	115	113	111	108	99	392.651	581	525	499	479	455	424	392	349	272	192	117	0	0	0.000	0.000	0	0	0	0	0	0	0	0	0	0	0	0	0	0.000	0.000	0	0	0	0	0	0	0	0	0	0	0
83	83	2102	198.571	626.823	684	823	470	70	21	696	907	402	57	15	112.761	130	118	116	115	114	113	112	110	109	107	101	105.813	121	111	108	107	106	105	105	104	103	102	95	0	0	0.000	0.000	0	0	0	0	0	0	0	0	0	0	0	0	0	0.000	0.000	0	0	0	0	0	0	0	0	0	0	0
84	84	2094	255.574	631.611	331	461	714	466	92	297	908	568	244	44	364.194	3236	450	410	386	362	337	310	279	242	199	127	123.290	320	139	133	127	123	120	117	114	111	108	101	1	35	258.852	641.915	0	0	0	1876	0	0	0	229	0	0	0	1	39	258.861	642.045	0	0	0	1667	0	0	0	210	0	0	0
85	85	1619	1733.833	638.953	905	359	237	67	36	912	435	175	61	18	636.825	13854	798	354	271	242	225	208	195	183	162	104	142.805	800	159	141	133	127	123	120	117	114	110	99	1	83	1727.580	633.705	0	0	0	5952	0	0	0	404	0	0	0	1	72	1727.475	633.668	0	0	0	7022	0	0	0	448	0	0	0
86	86	1366	146.004	634.205	379	484	363	113	11	220	546	389	150	38	110.941	127	116	115	113	112	111	110	109	107	106	96	105.077	116	109	107	106	106	105	104	103	103	102	95	0	0	0.000	0.000	0	0	0	0	0	0	0	0	0	0	0	0	0	0.000	0.000	0	0	0	0	0	0	0	0	0	0	0
87	87	1851	1593.517	641.154	373	622	575	224	19	387	772	498	143	24	119.353	155	128	125	123	121	119	117	116	113	110	101	432.076	673	581	551	523	495	466	431	373	301	223	116	0	0	0.000	0.000	0	0	0	0	0	0	0	0	0	0	0	0	0	0.000	0.000	0	0	0	0	0	0	0	0	0	0	0
88	88	1818	775.854	640.937	662	840	232	31	27	779	816	154	21	20	322.377	555	460	401	368	341	319	299	277	247	190	118	106.611	127	112	109	108	107	106	105	104	104	103	95	0	0	0.000	0.000	0	0	0	0	0	0	0	0	0	0	0	0	0	0.000	0.000	0	0	0	0	0	0	0	0	0	0	0
89	89	1616	1686.255	645.119	101	271	644	455	108	74	401	803	242	76	928.017	1466	1231	1142	1069	1000	914	859	816	749	613	289	144.190	181	165	159	152	147	143	139	136	131	125	108	0	0	0.000	0.000	0	0	0	0	0	0	0	0	0	0	0	0	0	0.000	0.000	0	0	0	0	0	0	0	0	0	0	0
90	90	1927	1634.674	666.255	236	677	707	242	23	257	1132	391	89	13	1479.610	11229	1946	1523	1366	1248	1142	1034	931	826	671	256	151.244	850	171	139	133	130	126	123	119	116	112	102	1	103	1635.663	660.372	0	0	0	6979	0	0	0	435	0	0	0	1	109	1637.014	659.274	0	0	0	5280	0	0	0	490	0	0	0
91	91	1546	188.373	674.252	125	281	582	354	173	134	457	592	235	95	190.486	934	212	204	198	191	186	181	174	164	144	108	174.609	280	202	195	190	183	176	169	162	155	141	101	1	25	190.903	659.083	0	0	0	556	0	0	0	200	0	0	0	0	0	0.000	0.000	0	0	0	0	0	0	0	0	0	0	0
92	92	1154	285.989	681.770	297	422	321	76	10	238	384	378	119	12	2798.909	23163	10614	2558	1067	612	465	425	395	363	314	186	359.849	2501	1054	357	196	155	143	135	130	125	118	104	0	0	0.000	0.000	0	0	0	0	0	0	0	0	0	0	0	1	200	284.466	684.033	0	0	0	12373	0	0	0	1274	0	0	0
93	93	780	1713.737	678.711	82	246	219	183	34	75	338	220	112	27	602.409	849	749	709	672	642	623	603	577	527	421	147	132.271	154	144	141	138	136	134	131	129	125	117	99	0	0	0.000	0.000	0	0	0	0	0	0	0	0	0	0	0	0	0	0.000	0.000	0	0	0	0	0	0	0	0	0	0	0
94	94	1286	745.107	690.431	298	219	332	318	91	239	348	391	219	71	111.068	129	118	115	114	112	111	109	108	106	105	95	238.216	407	342	322	299	271	239	216	195	143	115	100	0	0	0.000	0.000	0	0	0	0	0	0	0	0	0	0	0	0	0	0.000	0.000	0	0	0	0	0	0	0	0	0	0	0
95	95	1444	1517.498	691.066	508	351	348	174	42	376	433	342	220	48	115.720	136	124	122	120	118	116	114	111	109	107	100	218.540	320	285	271	257	241	225	207	188	167	136	107	0	0	0.000	0.000	0	0	0	0	0	0	0	0	0	0	0	0	0	0.000	0.000	0	0	0	0	0	0	0	0	0	0	0
96	96	1143	1385.953	691.099	152	291	346	255	79	112	350	362	248	54	113.282	127	119	117	116	114	113	112	111	109	108	101	131.301	177	146	140	137	134	130	128	125	122	117	104	0	0	0.000	0.000	0	0	0	0	0	0	0	0	0	0	0	0	0	0.000	0.000	0	0	0	0	0	0	0	0	0	0	0
97	97	2108	1675.876	705.068	290	709	728	269	74	196	930	646	211	90	881.097	1515	1258	1137	1053	974	887	796	724	612	489	196	145.167	191	169	162	156	150	145	139	134	129	121	103	0	0	0.000	0.000	0	0	0	0	0	0	0	0	0	0	0	0	0	0.000	0.000	0	0	0	0	0	0	0	0	0	0	0
98	98	1678	1431.992	705.278	322	590	483	217	31	317	817	328	162	23	116.822	265	124	121	120	118	116	115	112	110	107	99	134.077	172	154	147	142	137	134	130	127	121	115	101	1	15	1432.976	713.084	0	0	0	198	0	0	0	160	0	0	0	0	0	0.000	0.000	0	0	0	0	0	0	0	0	0	0	0
99	99	838	1604.677	704.204	97	248	209	196	79	83	260	255	170	51	872.342	1349	1146	1070	995	918	869	813	761	707	601	290	119.987	136	128	125	123	122	120	119	117	115	112	106	0	0	0.000	0.000	0	0	0	0	0	0	0	0	0	0	0	0	0	0.000	0.000	0	0	0	0	0	0	0	0	0	0	0
100	100	1513	1569.231	732.892	178	384	456	360	101	199	622	385	219	58	1332.757	20745	2731	687	357	254	210	190	175	162	148	111	322.787	2649	530	282	244	222	201	184	172	159	137	105	1	147	1570.352	734.804	0	0	0	9293	0	0	0	1255	0	0	0	1	128	1570.611	734.475	0	0	0	10697	0	0	0	1427	0	0	0
101	101	1601	1398.164	742.768	181	558	544	250	36	171	707	521	146	23	115.836	223	122	119	118	116	115	114	112	111	109	102	130.545	158	147	142	138	134	130	126	123	119	115	103	1	15	1392.342	746.143	0	0	0	174	0	0	0	128	0	0	0	0	0	0.000	0.000	0	0	0	0	0	0	0	0	0	0	0
102	102	1984	1621.428	748.415	278	579	701	337	51	185	522	744	327	165	158.543	204	180	171	167	163	159	155	152	146	137	106	205.156	297	255	235	224	215	204	195	186	177	161	109	0	0	0.000	0.000	0	0	0	0	0	0	0	0	0	0	0	0	0	0.000	0.000	0	0	0	0	0	0	0	0	0	0	0
103	103	1715	1518.718	750.401	226	517	554	281	106	223	883	335	171	71	181.520	240	213	206	200	194	187	178	168	156	140	114	228.807	319	289	279	267	253	236	217	198	179	156	114	0	0	0.000	0.000	0	0	0	0	0	0	0	0	0	0	0	0	0	0.000	0.000	0	0	0	0	0	0	0	0	0	0	0
104	104	1784	1676.394	759.424	138	401	754	383	73	132	731	639	197	45	351.547	8156	366	207	184	175	168	162	156	149	139	112	213.259	986	252	233	221	211	203	194	182	168	153	110	1	73	1670.462	755.977	0	0	0	3106	0	0	0	484	0	0	0	1	43	1669.846	755.678	0	0	0	4502	0	0	0	661	0	0	0
105	105	1636	1005.019	768.711	267	521	541	264	10	182	529	598	221	62	560.351	947	792	707	651	611	580	540	480	425	291	127	125.533	153	139	135	131	129	126	123	120	116	111	101	0	0	0.000	0.000	0	0	0	0	0	0	0	0	0	0	0	0	0	0.000	0.000	0	0	0	0	0	0	0	0	0	0	0
106	106	666	1589.542	780.231	61	237	205	111	44	102	252	186	81	30	274.171	377	340	318	302	289	278	268	255	234	199	138	107.081	122	113	111	109	108	107	106	105	104	102	98	0	0	0.000	0.000	0	0	0	0	0	0	0	0	0	0	0	0	0	0.000	0.000	0	0	0	0	0	0	0	0	0	0	0
107	107	1849	1036.013	807.645	325	669	467	293	57	319	730	475	244	50	1063.150	14458	1233	823	753	696	647	595	534	476	401	219	154.192	1010	158	137	133	130	127	125	122	118	114	102	1	102	1024.572	797.746	0	0	0	6904	0	0	0	543	0	0	0	1	103	1024.594	796.809	0	0	0	6122	0	0	0	540	0	0	0
108	108	1976	1690.988	806.031	187	486	819	377	74	153	565	924	233	67	777.551	16807	996	348	227	186	172	162	154	144	131	104	191.394	1789	225	168	155	147	140	134	128	121	114	103	1	120	1697.436	797.833	0	0	0	7622	0	0	0	761	0	0	0	1	101	1697.293	797.940	0	0	0	9271	0	0	0	917	0	0	0
109	109	1466	313.693	815.503	294	733	362	28	24	439	785	181	17	13	420.748	9518	531	247	191	173	165	159	152	143	130	104	202.048	944	241	214	202	194	185	178	170	159	142	105	1	66	305.242	820.400	0	0	0	4231	0	0	0	518	0	0	0	1	49	305.335	820.362	0	0	0	4849	0	0	0	608	0	0	0
110	110	1110	1886.249	816.782	93	376	370	222	27	78	466	340	165	46	246.477	366	307	289	274	263	250	235	223	210	183	117	104.750	120	109	107	106	105	104	104	103	102	101	97	0	0	0.000	0.000	0	0	0	0	0	0	0	0	0	0	0	0	0	0.000	0.000	0	0	0	0	0	0	0	0	0	0	0
111	111	1688	1588.498	823.276	118	501	695	295	31	124	519	697	263	53	318.248	482	408	382	361	337	317	293	274	258	237	136	105.711	121	110	108	107	106	105	105	104	103	102	97	0	0	0.000	0.000	0	0	0	0	0	0	0	0	0	0	0	0	0	0.000	0.000	0	0	0	0	0	0	0	0	0	0	0
112	112	2069	1441.458	823.462	692	1064	216	30	17	671	1040	256	37	23	652.520	15358	735	307	241	219	207	197	188	176	158	120	180.308	1759	201	158	149	142	137	132	127	123	117	100	1	97	1450.318	823.030	0	0	0	7369	0	0	0	800	0	0	0	1	95	1450.331	822.436	0	0	0	7522	0	0	0	801	0	0	0
113	113	1968	1636.927	837.952	224	395	799	451	62	241	681	710	239	46	158.753	201	182	176	172	168	163	158	150	140	128	105	138.425	179	160	153	148	144	139	135	129	124	115	101	0	0	0.000	0.000	0	0	0	0	0	0	0	0	0	0	0	0	0	0.000	0.000	0	0	0	0	0	0	0	0	0	0	0
114	114	1343	1498.365	844.630	179	401	473	211	53	133	481	487	160	52	131.669	157	143	139	137	134	132	129	127	124	120	107	115.964	131	123	120	119	117	116	115	113	111	109	102	0	0	0.000	0.000	0	0	0	0	0	0	0	0	0	0	0	0	0	0.000	0.000	0	0	0	0	0	0	0	0	0	0	0
115	115	2056	1899.664	866.328	235	779	628	335	41	188	815	631	299	82	252.372	373	310	296	285	272	258	243	228	209	183	116	104.070	113	107	106	105	104	104	103	103	102	101	96	0	0	0.000	0.000	0	0	0	0	0	0	0	0	0	0	0	0	0	0.000	0.000	0	0	0	0	0	0	0	0	0	0	0
116	116	2416	1541.941	872.271	393	947	873	140	5	279	832	837	359	67	2016.070	26068	4726	944	489	346	312	287	265	236	194	111	393.186	3119	729	327	261	237	221	208	196	180	156	110	1	287	1533.565	873.053	0	0	0	13347	0	0	0	1452	0	0	0	1	267	1533.905	872.661	0	0	0	14193	0	0	0	1616	0	0	0
117	117	1902	954.042	880.713	488	663	513	177	26	561	690	469	124	24	121.937	165	139	130	125	123	120	118	115	113	110	99	1018.564	1796	1519	1376	1220	1102	1011	926	845	731	506	147	0	0	0.000	0.000	0	0	0	0	0	0	0	0	0	0	0	0	0	0.000	0.000	0	0	0	0	0	0	0	0	0	0	0
118	118	2332	1637.879	892.748	263	1259	620	135	17	248	1389	487	150	24	535.810	14928	563	232	189	177	169	163	157	151	142	105	309.022	1971	364	336	315	295	277	262	247	225	191	117	1	100	1628.298	892.911	0	0	0	6170	0	0	0	996	0	0	0	1	68	1628.845	892.404	0	0	0	8664	0	0	0	1257	0	0	0
119	119	1491	1006.027	897.303	382	376	458	222	31	387	543	339	160	39	113.209	136	123	119	117	115	112	111	109	107	105	97	290.981	434	385	360	342	324	306	279	251	218	176	118	0	0	0.000	0.000	0	0	0	0	0	0	0	0	0	0	0	0	0	0.000	0.000	0	0	0	0	0	0	0	0	0	0	0
120	120	1612	1586.325	912.957	218	497	596	228	31	161	486	584	292	41	960.682	1670	1291	1172	1098	1038	966	904	826	761	630	208	106.548	120	111	109	108	107	106	106	105	104	103	97	0	0	0.000	0.000	0	0	0	0	0	0	0	0	0	0	0	0	0	0.000	0.000	0	0	0	0	0	0	0	0	0	0	0
121	121	1988	1520.460	925.118	303	419	649	455	123	185	589	710	346	116	289.032	2600	340	315	296	283	268	252	232	201	167	109	214.486	606	276	257	243	230	216	202	185	165	135	102	1	40	1513.957	920.969	0	0	0	1531	0	0	0	309	0	0	0	1	14	1515.461	918.193	0	0	0	651	0	0	0	533	0	0	0
122	122	842	1474.884	926.459	72	268	334	128	20	46	269	354	111	48	207.761	293	251	235	226	217	210	199	189	178	164	118	105.403	119	109	108	107	106	105	104	104	103	102	98	0	0	0.000	0.000	0	0	0	0	0	0	0	0	0	0	0	0	0	0.000	0.000	0	0	0	0	0	0	0	0	0	0	0
123	123	1979	973.062	938.539	400	620	643	249	32	424	705	500	253	57	112.621	130	120	117	116	114	113	111	110	107	105	96	383.490	598	502	482	461	442	420	394	354	274	177	111	0	0	0.000	0.000	0	0	0	0	0	0	0	0	0	0	0	0	0	0.000	0.000	0	0	0	0	0	0	0	0	0	0	0
124	124	2674	1644.037	952.228	364	965	864	413	23	272	1070	854	353	86	1161.825	2117	1648	1478	1351	1244	1164	1088	1004	881	655	247	107.025	119	111	109	108	108	107	106	105	105	103	96	0	0	0.000	0.000	0	0	0	0	0	0	0	0	0	0	0	0	0	0.000	0.000	0	0	0	0	0	0	0	0	0	0	0
125	125	1854	248.433	961.987	289	637	702	179	14	244	495	810	224	49	109.364	122	114	112	111	110	109	108	107	106	105	98	106.095	119	111	109	107	106	106	105	104	103	102	97	0	0	0.000	0.000	0	0	0	0	0	0	0	0	0	0	0	0	0	0.000	0.000	0	0	0	0	0	0	0	0	0	0	0
126	126	1538	1466.976	971.419	170	342	525	385	84	177	694	403	195	35	232.878	342	293	275	263	248	234	221	208	194	169	116	105.622	120	111	108	107	106	105	104	104	103	102	96	0	0	0.000	0.000	0	0	0	0	0	0	0	0	0	0	0	0	0	0.000	0.000	0	0	0	0	0	0	0	0	0	0	0
127	127	1673	218.434	1006.246	229	530	608	234	38	185	579	530	288	50	108.830	124	113	111	110	110	109	108	107	106	105	98	105.798	119	110	108	107	106	105	105	104	103	102	97	0	0	0.000	0.000	0	0	0	0	0	0	0	0	0	0	0	0	0	0.000	0.000	0	0	0	0	0	0	0	0	0	0	0
128	128	1703	270.581	1009.990	255	791	555	38	18	220	938	416	67	25	110.796	127	116	114	113	112	111	109	108	107	106	99	125.841	156	138	134	132	129	126	123	120	117	113	102	0	0	0.000	0.000	0	0	0	0	0	0	0	0	0	0	0	0	0	0.000	0.000	0	0	0	0	0	0	0	0	0	0	0
129	129	1599	631.711	1005.777	252	738	504	67	13	147	489	611	224	94	132.235	751	136	130	127	126	124	122	120	118	115	104	146.048	190	163	158	155	151	147	144	139	134	128	104	1	34	628.495	992.424	0	0	0	372	0	0	0	163	0	0	0	0	0	0.000	0.000	0	0	0	0	0	0	0	0	0	0	0
130	130	922	1670.678	998.757	79	275	310	200	41	108	310	348	113	23	116.765	202	126	121	118	116	114	113	112	110	108	100	153.034	196	174	169	164	160	155	150	144	138	128	109	0	0	0.000	0.000	0	0	0	0	0	0	0	0	0	0	0	0	0	0.000	0.000	0	0	0	0	0	0	0	0	0	0	0
131	131	1803	679.827	1018.525	1073	630	26	16	8	623	990	118	26	18	946.212	1570	1356	1198	1094	1024	963	903	828	709	493	193	106.477	124	111	109	108	107	106	105	104	104	102	96	0	0	0.000	0.000	0	0	0	0	0	0	0	0	0	0	0	0	0	0.000	0.000	0	0	0	0	0	0	0	0	0	0	0
132	132	1183	1310.872	1019.620	362	247	304	213	45	344	269	317	172	67	111.235	130	118	116	114	112	111	109	108	107	105	99	229.336	385	315	282	264	249	235	216	192	164	140	107	0	0	0.000	0.000	0	0	0	0	0	0	0	0	0	0	0	0	0	0.000	0.000	0	0	0	0	0	0	0	0	0	0	0
133	133	1816	1360.453	1044.890	90	428	675	475	116	120	651	677	266	73	717.963	1334	1111	980	875	779	689	608	536	463	385	168	104.260	116	107	106	105	105	104	104	103	102	101	95	0	0	0.000	0.000	0	0	0	0	0	0	0	0	0	0	0	0	0	0.000	0.000	0	0	0	0	0	0	0	0	0	0	0
134	134	2061	1656.550	1052.974	290	617	610	373	122	343	764	607	235	78	1085.704	2860	1474	1354	1267	1175	1092	1030	942	823	617	234	107.326	129	113	111	109	108	107	106	105	104	103	97	0	0	0.000	0.000	0	0	0	0	0	0	0	0	0	0	0	0	0	0.000	0.000	0	0	0	0	0	0	0	0	0	0	0
135	135	1502	1086.284	1051.263	275	486	434	238	35	207	609	445	178	26	279.607	2513	330	306	291	277	262	248	229	206	160	107	136.016	403	162	147	141	137	133	129	124	119	110	102	1	35	1090.890	1059.300	0	0	0	1048	0	0	0	198	0	0	0	1	20	1092.547	1057.985	0	0	0	772	0	0	0	271	0	0	0
136	136	2996	195.437	1071.537	346	907	1068	553	67	385	1292	1027	206	32	919.948	20087	1069	264	183	171	163	155	148	138	122	103	403.246	3597	492	387	349	320	293	271	251	217	172	108	1	214	185.430	1080.963	0	0	0	9139	0	0	0	1764	0	0	0	1	179	185.812	1080.687	0	0	0	10901	0	0	0	1998	0	0	0
137	137	1366	620.671	1051.452	97	283	548	350	68	86	588	444	163	62	141.992	171	156	153	150	147	144	141	137	132	123	106	150.282	191	172	166	161	156	152	148	143	137	124	103	0	0	0.000	0.000	0	0	0	0	0	0	0	0	0	0	0	0	0	0.000	0.000	0	0	0	0	0	0	0	0	0	0	0
138	138	1438	292.729	1054.889	181	357	498	354	22	130	394	548	259	80	111.497	123	117	115	114	113	112	110	109	108	106	101	124.154	148	135	132	129	127	124	122	120	117	113	100	0	0	0.000	0.000	0	0	0	0	0	0	0	0	0	0	0	0	0	0.000	0.000	0	0	0	0	0	0	0	0	0	0	0
139	139	1749	1798.312	1058.325	117	556	610	365	76	188	753	519	204	52	410.411	11863	438	205	169	157	150	144	139	134	126	108	155.069	1158	162	147	142	139	136	132	128	123	117	103	1	65	1793.036	1068.979	0	0	0	4638	0	0	0	304	0	0	0	1	58	1794.562	1067.786	0	0	0	2570	0	0	0	582	0	0	0
140	140	759	245.041	1052.960	104	269	204	130	39	107	395	197	42	9	134.758	162	147	144	141	138	136	134	131	127	120	103	231.822	299	271	262	255	249	242	235	224	208	170	111	0	0	0.000	0.000	0	0	0	0	0	0	0	0	0	0	0	0	0	0.000	0.000	0	0	0	0	0	0	0	0	0	0	0
141	141	1112	573.844	1055.374	154	406	372	135	17	119	519	287	141	27	110.783	124	116	114	112	111	111	110	109	108	106	99	142.312	184	165	157	150	144	140	136	133	129	124	109	0	0	0.000	0.000	0	0	0	0	0	0	0	0	0	0	0	0	0	0.000	0.000	0	0	0	0	0	0	0	0	0	0	0
142	142	1104	1490.015	1083.453	109	293	380	235	65	168	457	360	86	17	114.803	136	122	119	118	116	114	113	112	110	108	102	117.806	144	127	124	122	120	118	116	113	111	109	100	0	0	0.000	0.000	0	0	0	0	0	0	0	0	0	0	0	0	0	0.000	0.000	0	0	0	0	0	0	0	0	0	0	0
143	143	1528	1696.714	1085.502	512	687	290	9	4	242	545	434	258	27	113.331	151	120	117	115	113	112	111	110	109	107	100	126.724	151	137	134	132	129	127	124	122	119	116	102	0	0	0.000	0.000	0	0	0	0	0	0	0	0	0	0	0	0	0	0.000	0.000	0	0	0	0	0	0	0	0	0	0	0
144	144	1345	484.102	1086.142	575	409	190	104	48	603	425	168	102	28	112.259	126	117	116	114	113	112	111	110	109	107	97	141.578	187	160	153	149	146	143	140	134	129	120	103	0	0	0.000	0.000	0	0	0	0	0	0	0	0	0	0	0	0	0	0.000	0.000	0	0	0	0	0	0	0	0	0	0	0
145	145	1233	1383.956	1093.506	164	378	368	255	47	154	637	262	134	31	643.814	1064	873	789	739	694	643	600	567	522	422	174	104.636	117	108	107	106	105	104	104	103	103	102	96	0	0	0.000	0.000	0	0	0	0	0	0	0	0	0	0	0	0	0	0.000	0.000	0	0	0	0	0	0	0	0	0	0	0
146	146	1822	594.413	1100.296	141	553	741	317	34	82	560	794	293	54	112.800	126	118	116	115	114	113	112	111	110	108	101	146.106	182	164	158	154	150	146	142	138	134	128	108	0	0	0.000	0.000	0	0	0	0	0	0	0	0	0	0	0	0	0	0.000	0.000	0	0	0	0	0	0	0	0	0	0	0
147	147	1850	1648.128	1110.655	264	541	574	384	55	306	927	397	181	16	1212.172	2002	1696	1558	1467	1376	1285	1177	1059	877	581	194	106.563	121	111	109	108	107	106	105	105	104	103	95	0	0	0.000	0.000	0	0	0	0	0	0	0	0	0	0	0	0	0	0.000	0.000	0	0	0	0	0	0	0	0	0	0	0
148	148	2411	1597.070	1129.831	344	759	827	405	35	281	1132	626	294	27	109.901	127	115	113	112	111	110	109	108	106	105	98	105.596	115	109	108	107	106	106	105	104	103	102	93	0	0	0.000	0.000	0	0	0	0	0	0	0	0	0	0	0	0	0	0.000	0.000	0	0	0	0	0	0	0	0	0	0	0
149	149	2102	215.583	1129.662	217	543	924	322	55	195	604	894	284	93	181.864	2731	193	173	164	157	151	146	141	135	127	105	289.826	794	406	366	331	302	274	253	233	217	191	114	1	35	205.602	1123.585	0	0	0	1386	0	0	0	520	0	0	0	0	0	0.000	0.000	0	0	0	0	0	0	0	0	0	0	0
150	150	1320	1738.256	1122.847	192	425	432	215	32	195	707	271	98	20	113.777	134	120	118	116	115	113	112	111	110	108	99	129.337	163	145	140	135	130	128	125	123	120	116	102	0	0	0.000	0.000	0	0	0	0	0	0	0	0	0	0	0	0	0	0.000	0.000	0	0	0	0	0	0	0	0	0	0	0
151	151	1122	494.791	1132.566	644	241	114	70	39	717	192	104	71	32	118.904	140	127	124	122	121	119	117	116	114	111	99	145.616	183	165	160	156	151	147	143	139	132	121	107	0	0	0.000	0.000	0	0	0	0	0	0	0	0	0	0	0	0	0	0.000	0.000	0	0	0	0	0	0	0	0	0	0	0
152	152	1142	569.873	1138.778	123	284	370	270	67	97	477	355	164	36	113.495	127	119	117	116	115	113	112	111	110	108	102	145.665	186	163	157	153	148	145	142	139	136	129	107	0	0	0.000	0.000	0	0	0	0	0	0	0	0	0	0	0	0	0	0.000	0.000	0	0	0	0	0	0	0	0	0	0	0
153	153	1210	1869.682	1177.594	88	320	358	314	99	83	566	340	179	29	175.994	212	197	192	188	184	180	174	168	160	150	117	121.486	139	129	127	125	123	122	120	118	116	113	102	0	0	0.000	0.000	0	0	0	0	0	0	0	0	0	0	0	0	0	0.000	0.000	0	0	0	0	0	0	0	0	0	0	0
154	154	1552	1579.086	1187.400	233	270	488	322	213	254	605	405	212	35	109.312	125	115	113	111	110	109	108	107	106	104	98	105.240	115	108	107	106	106	105	105	104	103	102	96	0	0	0.000	0.000	0	0	0	0	0	0	0	0	0	0	0	0	0	0.000	0.000	0	0	0	0	0	0	0	0	0	0	0
155	155	1010	893.799	1193.568	110	275	357	196	56	90	278	330	203	90	115.153	133	121	119	118	116	115	114	113	111	109	99	134.353	169	152	146	142	138	134	131	127	123	117	104	0	0	0.000	0.000	0	0	0	0	0	0	0	0	0	0	0	0	0	0.000	0.000	0	0	0	0	0	0	0	0	0	0	0
156	156	1116	1939.294	1197.107	468	270	234	94	37	448	422	181	32	18	430.591	5592	725	301	255	235	218	201	184	162	141	113	287.413	2888	431	224	200	188	178	168	158	144	129	108	1	83	1943.856	1203.724	0	0	0	2463	0	0	0	1386	0	0	0	1	83	1943.867	1203.166	0	0	0	2385	0	0	0	1386	0	0	0
157	157	1908	1833.639	1213.200	320	572	551	352	77	289	768	541	250	32	495.520	13277	571	271	226	210	197	185	173	161	143	105	148.134	1101	158	138	133	129	126	123	120	116	112	100	1	72	1832.218	1208.482	0	0	0	5658	0	0	0	599	0	0	0	1	72	1832.243	1208.094	0	0	0	5602	0	0	0	599	0	0	0
158	158	1196	1515.678	1219.413	655	217	159	109	46	619	302	184	65	9	122.811	161	134	130	128	126	124	121	118	114	109	99	216.732	317	272	261	252	242	231	218	196	165	131	105	0	0	0.000	0.000	0	0	0	0	0	0	0	0	0	0	0	0	0	0.000	0.000	0	0	0	0	0	0	0	0	0	0	0
159	159	1608	1903.014	1221.763	215	282	486	406	190	176	353	721	229	94	296.739	6123	355	201	171	160	153	149	144	137	128	107	247.072	863	310	280	263	251	241	231	216	195	169	118	1	58	1907.881	1229.467	0	0	0	2604	0	0	0	517	0	0	0	1	23	1906.812	1228.774	0	0	0	3374	0	0	0	669	0	0	0
160	160	1817	1177.787	1247.057	268	652	488	288	84	223	848	392	231	91	204.770	293	258	240	227	215	203	192	182	173	156	107	110.263	130	115	114	112	111	110	109	108	107	105	99	0	0	0.000	0.000	0	0	0	0	0	0	0	0	0	0	0	0	0	0.000	0.000	0	0	0	0	0	0	0	0	0	0	0
161	161	2055	599.782	1265.655	489	887	486	133	25	319	849	590	209	53	1085.369	19465	1669	475	309	256	230	209	193	174	153	113	250.062	2949	334	179	154	142	135	130	125	120	115	105	1	160	599.885	1258.506	0	0	0	8605	0	0	0	1296	0	0	0	1	140	600.356	1258.386	0	0	0	10640	0	0	0	1446	0	0	0
162	162	1398	1872.495	1269.095	199	367	476	267	65	194	631	325	161	64	111.198	124	117	115	114	112	111	110	109	108	105	99	213.247	295	261	247	236	227	217	209	200	182	153	107	0	0	0.000	0.000	0	0	0	0	0	0	0	0	0	0	0	0	0	0.000	0.000	0	0	0	0	0	0	0	0	0	0	0
163	163	1502	623.486	1321.617	177	635	520	123	14	116	638	533	160	27	252.734	3692	255	232	221	212	205	197	191	182	168	129	134.611	349	147	141	136	133	131	128	126	124	121	107	1	33	611.870	1333.319	0	0	0	1794	0	0	0	225	0	0	0	1	33	612.480	1332.337	0	0	0	948	0	0	0	253	0	0	0
164	164	2427	1922.608	1340.235	1002	780	488	97	34	1166	783	333	83	28	112.087	135	119	117	115	113	112	110	109	107	105	98	111.997	132	119	117	115	113	112	110	109	107	105	97	0	0	0.000	0.000	0	0	0	0	0	0	0	0	0	0	0	0	0	0.000	0.000	0	0	0	0	0	0	0	0	0	0	0
165	165	1079	706.269	1354.680	276	280	233	238	31	186	263	274	249	89	109.717	122	115	113	112	111	110	109	108	107	105	98	147.204	182	161	157	154	151	149	146	143	138	131	108	0	0	0.000	0.000	0	0	0	0	0	0	0	0	0	0	0	0	0	0.000	0.000	0	0	0	0	0	0	0	0	0	0	0
166	166	1595	1830.915	1362.141	205	345	627	285	109	220	621	488	167	64	267.239	4533	319	191	175	167	161	156	152	148	141	114	126.908	447	136	128	124	121	119	117	115	113	111	104	1	65	1845.000	1367.055	0	0	0	1927	0	0	0	217	0	0	0	1	52	1843.493	1365.336	0	0	0	974	0	0	0	276	0	0	0
167	167	1791	658.530	1367.356	367	869	426	63	34	394	974	287	85	26	112.257	129	118	116	114	113	112	111	110	109	107	101	168.044	211	193	186	180	175	170	164	158	151	141	115	0	0	0.000	0.000	0	0	0	0	0	0	0	0	0	0	0	0	0	0.000	0.000	0	0	0	0	0	0	0	0	0	0	0
168	168	785	758.479	1364.333	94	221	297	131	30	71	269	258	124	42	150.068	184	169	164	159	155	151	146	142	136	129	109	128.256	149	139	136	133	131	129	126	124	120	116	108	0	0	0.000	0.000	0	0	0	0	0	0	0	0	0	0	0	0	0	0.000	0.000	0	0	0	0	0	0	0	0	0	0	0
169	169	1655	1896.558	1385.728	193	481	534	313	90	141	628	553	233	72	536.011	11563	760	306	220	197	189	182	176	166	152	111	152.478	1171	176	135	127	122	119	117	115	113	110	99	1	83	1903.094	1380.840	0	0	0	4569	0	0	0	581	0	0	0	1	84	1903.081	1381.227	0	0	0	4631	0	0	0	584	0	0	0
170	170	1634	799.767	1389.541	139	472	613	347	34	109	506	662	211	118	281.505	6455	264	188	178	172	165	158	153	147	139	109	140.886	660	152	146	140	136	132	128	125	122	119	103	1	49	812.196	1402.476	0	0	0	2922	0	0	0	316	0	0	0	1	35	812.372	1402.067	0	0	0	3423	0	0	0	406	0	0	0
171	171	1299	1154.338	1389.298	222	345	364	282	65	212	379	375	267	40	242.954	350	298	284	274	262	248	235	217	199	176	129	115.959	135	125	122	120	117	115	113	112	110	108	100	0	0	0.000	0.000	0	0	0	0	0	0	0	0	0	0	0	0	0	0.000	0.000	0	0	0	0	0	0	0	0	0	0	0
172	172	1051	848.043	1391.496	95	154	341	300	140	111	336	367	136	78	165.024	212	187	180	175	172	167	163	158	148	138	112	132.006	161	148	142	138	134	131	128	125	122	118	106	0	0	0.000	0.000	0	0	0	0	0	0	0	0	0	0	0	0	0	0.000	0.000	0	0	0	0	0	0	0	0	0	0	0
173	173	958	1807.356	1405.595	92	281	292	190	81	75	362	297	153	52	151.519	181	166	161	158	156	153	150	147	142	135	108	118.544	137	125	123	121	120	119	118	116	115	111	100	0	0	0.000	0.000	0	0	0	0	0	0	0	0	0	0	0	0	0	0.000	0.000	0	0	0	0	0	0	0	0	0	0	0
174	174	1327	1849.204	1408.236	131	359	393	316	99	179	612	309	175	30	512.982	10763	785	269	194	175	167	160	154	145	132	107	152.384	1152	175	134	129	125	122	119	116	113	109	100	1	70	1840.040	1399.098	0	0	0	4352	0	0	0	576	0	0	0	1	65	1839.588	1398.447	0	0	0	4083	0	0	0	586	0	0	0
175	175	1778	1187.460	1422.250	268	592	526	284	73	322	712	502	154	55	748.500	15084	1028	400	328	291	259	233	215	203	181	122	160.350	1465	187	131	123	119	115	113	111	110	107	100	1	98	1181.093	1411.768	0	0	0	7119	0	0	0	713	0	0	0	1	101	1181.064	1411.551	0	0	0	7003	0	0	0	696	0	0	0
176	176	1001	1441.880	1447.904	492	285	137	51	24	415	243	204	98	32	156.022	520	192	174	164	154	146	139	133	127	119	107	147.468	374	180	165	156	147	141	134	129	122	115	103	1	31	1440.015	1451.338	0	0	0	319	0	0	0	289	0	0	0	1	28	1439.391	1450.839	0	0	0	287	0	0	0	290	0	0	0
177	177	896	1457.873	1489.985	495	184	134	54	23	480	171	150	65	23	171.702	1316	183	162	156	152	148	144	140	134	125	109	150.739	807	164	146	142	138	135	132	129	124	117	106	1	33	1470.334	1493.265	0	0	0	655	0	0	0	350	0	0	0	1	37	1468.911	1493.155	0	0	0	438	0	0	0	429	0	0	0
178	178	978	1420.484	1526.356	333	176	213	185	61	202	181	296	226	53	120.921	143	130	127	125	123	121	119	117	114	111	102	119.061	137	128	126	124	122	120	118	115	112	109	101	0	0	0.000	0.000	0	0	0	0	0	0	0	0	0	0	0	0	0	0.000	0.000	0	0	0	0	0	0	0	0	0	0	0
179	179	1757	1464.422	1555.946	407	844	418	46	16	346	906	385	72	15	1074.940	1904	1502	1414	1322	1224	1123	990	870	753	535	171	106.759	120	111	109	108	107	106	106	105	104	103	98	0	0	0.000	0.000	0	0	0	0	0	0	0	0	0	0	0	0	0	0.000	0.000	0	0	0	0	0	0	0	0	0	0	0
180	180	1622	1226.961	1560.349	168	607	541	200	77	150	756	486	163	34	322.195	8033	246	178	171	165	162	158	153	147	138	109	157.442	793	163	156	152	149	146	143	140	136	128	103	1	68	1246.047	1552.355	0	0	0	3469	0	0	0	421	0	0	0	1	49	1245.701	1552.393	0	0	0	4519	0	0	0	513	0	0	0
181	181	1123	1274.608	1560.455	81	322	413	232	54	93	596	268	129	18	157.492	192	174	169	166	162	158	155	151	146	140	114	147.244	185	169	162	157	152	146	142	137	133	128	109	0	0	0.000	0.000	0	0	0	0	0	0	0	0	0	0	0	0	0	0.000	0.000	0	0	0	0	0	0	0	0	0	0	0
182	182	1672	1404.291	1574.351	785	545	235	67	18	567	597	315	122	29	117.564	143	130	126	122	119	117	114	112	109	107	100	119.120	146	133	129	125	121	118	115	112	110	107	100	0	0	0.000	0.000	0	0	0	0	0	0	0	0	0	0	0	0	0	0.000	0.000	0	0	0	0	0	0	0	0	0	0	0
183	183	1550	1293.474	1602.846	123	388	573	311	122	118	594	558	218	36	112.508	223	117	116	114	113	112	111	110	108	106	99	134.888	164	149	145	141	138	135	132	129	126	121	105	1	16	1300.510	1616.149	0	0	0	162	0	0	0	142	0	0	0	0	0	0.000	0.000	0	0	0	0	0	0	0	0	0	0	0
184	184	1641	1509.201	1609.850	296	629	463	197	31	367	881	269	78	23	116.502	183	123	120	119	117	116	115	113	112	109	99	178.146	248	210	200	193	188	182	175	168	154	136	105	1	14	1495.866	1617.013	0	0	0	170	0	0	0	221	0	0	0	0	0	0.000	0.000	0	0	0	0	0	0	0	0	0	0	0
185	185	1547	1404.026	1626.887	247	756	353	136	29	223	943	263	60	35	110.330	123	115	114	112	111	110	109	108	107	105	98	105.489	117	109	108	107	106	105	105	104	103	102	97	0	0	0.000	0.000	0	0	0	0	0	0	0	0	0	0	0	0	0	0.000	0.000	0	0	0	0	0	0	0	0	0	0	0
186	186	1525	1887.960	1625.511	556	583	280	58	27	648	610	189	33	18	156.268	207	179	168	163	159	155	152	148	144	137	111	113.687	131	121	118	117	115	113	112	110	109	107	101	0	0	0.000	0.000	0	0	0	0	0	0	0	0	0	0	0	0	0	0.000	0.000	0	0	0	0	0	0	0	0	0	0	0
187	187	1679	1235.126	1651.943	166	396	569	385	138	216	775	434	192	30	111.795	132	118	115	114	113	111	110	109	108	106	100	107.395	123	113	110	109	108	107	106	105	104	103	97	0	0	0.000	0.000	0	0	0	0	0	0	0	0	0	0	0	0	0	0.000	0.000	0	0	0	0	0	0	0	0	0	0	0
188	188	2045	1820.666	1658.584	362	600	677	315	57	332	724	661	251	35	752.467	1237	1074	971	887	827	778	729	670	565	363	119	105.889	118	110	108	107	106	106	105	104	104	102	96	0	0	0.000	0.000	0	0	0	0	0	0	0	0	0	0	0	0	0	0.000	0.000	0	0	0	0	0	0	0	0	0	0	0
189	189	1750	504.186	1663.245	181	391	650	423	71	160	559	664	276	66	445.174	9115	506	309	272	254	240	227	216	201	175	115	131.146	673	143	127	122	120	118	116	114	112	110	102	1	61	507.210	1650.715	0	0	0	4464	0	0	0	229	0	0	0	1	63	507.334	1652.262	0	0	0	2500	0	0	0	368	0	0	0
190	190	1805	1638.526	1669.248	288	563	594	251	68	250	574	661	215	76	112.743	130	118	116	115	114	113	112	111	109	107	97	134.222	165	148	144	142	139	136	133	129	124	116	102	0	0	0.000	0.000	0	0	0	0	0	0	0	0	0	0	0	0	0	0.000	0.000	0	0	0	0	0	0	0	0	0	0	0
191	191	590	94.712	1657.117	271	212	76	16	8	193	164	144	60	12	129.629	167	147	142	138	134	131	125	121	116	111	104	171.771	264	229	217	202	191	176	158	136	121	112	103	0	0	0.000	0.000	0	0	0	0	0	0	0	0	0	0	0	0	0	0.000	0.000	0	0	0	0	0	0	0	0	0	0	0
192	192	2105	135.653	1678.388	738	946	333	38	10	459	775	573	214	52	120.516	158	128	125	124	122	120	119	117	115	113	104	230.965	404	330	293	264	242	223	207	190	171	147	108	0	0	0.000	0.000	0	0	0	0	0	0	0	0	0	0	0	0	0	0.000	0.000	0	0	0	0	0	0	0	0	0	0	0
193	193	1274	1546.888	1675.421	264	336	373	216	63	250	415	434	122	29	115.809	128	122	120	119	117	116	115	113	111	109	100	137.075	295	151	145	141	138	133	130	126	122	117	102	0	0	0.000	0.000	0	0	0	0	0	0	0	0	0	0	0	0	0	0.000	0.000	0	0	0	0	0	0	0	0	0	0	0
194	194	1753	1711.674	1691.138	402	380	492	334	109	391	592	484	183	65	202.929	276	251	241	232	223	213	202	184	161	134	97	111.142	124	117	115	113	112	111	110	109	107	106	98	0	0	0.000	0.000	0	0	0	0	0	0	0	0	0	0	0	0	0	0.000	0.000	0	0	0	0	0	0	0	0	0	0	0
195	195	1053	1209.675	1693.637	154	343	327	184	24	143	430	328	104	30	111.695	125	117	115	114	113	112	111	110	108	106	98	106.075	115	109	108	107	107	106	106	105	104	103	95	0	0	0.000	0.000	0	0	0	0	0	0	0	0	0	0	0	0	0	0.000	0.000	0	0	0	0	0	0	0	0	0	0	0
196	196	1778	1925.392	1707.467	520	592	383	217	36	406	715	414	181	29	118.641	138	127	125	123	121	119	117	115	112	109	100	112.711	144	124	119	115	113	111	109	108	106	105	97	0	0	0.000	0.000	0	0	0	0	0	0	0	0	0	0	0	0	0	0.000	0.000	0	0	0	0	0	0	0	0	0	0	0
197	197	694	165.497	1706.750	249	179	129	96	28	311	169	128	55	24	188.050	669	409	221	155	135	129	126	124	121	118	106	170.125	222	203	194	187	181	172	164	156	147	133	106	0	0	0.000	0.000	0	0	0	0	0	0	0	0	0	0	0	0	0	0.000	0.000	0	0	0	0	0	0	0	0	0	0	0
198	198	1663	444.228	1719.247	317	643	527	131	16	274	751	453	118	30	144.067	183	161	155	152	149	146	142	138	132	124	108	144.411	189	164	159	154	149	144	141	137	131	123	103	0	0	0.000	0.000	0	0	0	0	0	0	0	0	0	0	0	0	0	0.000	0.000	0	0	0	0	0	0	0	0	0	0	0
199	199	734	945.393	1708.530	50	192	230	177	73	49	206	340	101	18	857.319	1268	1165	1094	1011	928	885	829	752	645	506	266	115.672	146	127	121	118	116	114	113	111	109	108	103	0	0	0.000	0.000	0	0	0	0	0	0	0	0	0	0	0	0	0	0.000	0.000	0	0	0	0	0	0	0	0	0	0	0
200	200	1860	1811.653	1715.621	217	492	601	373	147	219	900	446	221	36	859.239	1294	1119	1056	1009	967	905	826	744	655	541	201	106.257	120	111	109	107	107	106	105	104	103	102	97	0	0	0.000	0.000	0	0	0	0	0	0	0	0	0	0	0	0	0	0.000	0.000	0	0	0	0	0	0	0	0	0	0	0
201	201	2046	1631.596	1723.406	424	705	615	231	26	330	954	492	203	21	109.394	122	114	113	112	110	109	108	107	106	104	98	136.200	166	151	146	144	140	137	134	131	126	120	105	0	0	0.000	0.000	0	0	0	0	0	0	0	0	0	0	0	0	0	0.000	0.000	0	0	0	0	0	0	0	0	0	0	0
202	202	1673	1859.711	1732.954	245	588	539	230	30	187	682	524	192	50	634.492	1632	868	796	740	694	647	604	563	466	342	153	106.766	125	113	110	108	107	106	105	104	103	102	98	0	0	0.000	0.000	0	0	0	0	0	0	0	0	0	0	0	0	0	0.000	0.000	0	0	0	0	0	0	0	0	0	0	0
203	203	1346	1186.585	1733.044	410	345	298	208	62	393	526	252	133	20	112.383	132	120	117	116	114	112	111	109	107	105	99	253.449	407	356	331	308	290	268	239	205	162	130	104	0	0	0.000	0.000	0	0	0	0	0	0	0	0	0	0	0	0	0	0.000	0.000	0	0	0	0	0	0	0	0	0	0	0
204	204	2400	113.767	1743.562	661	1002	491	169	35	518	1008	583	194	56	114.026	186	121	118	116	115	113	112	111	109	107	100	308.885	518	422	402	379	352	321	284	249	214	172	113	0	0	0.000	0.000	0	0	0	0	0	0	0	0	0	0	0	0	0	0.000	0.000	0	0	0	0	0	0	0	0	0	0	0
205	205	1399	1583.622	1738.021	227	271	488	284	91	228	527	447	134	32	108.179	123	114	111	110	109	108	107	106	105	103	95	133.663	161	148	145	142	140	137	133	129	120	112	103	0	0	0.000	0.000	0	0	0	0	0	0	0	0	0	0	0	0	0	0.000	0.000	0	0	0	0	0	0	0	0	0	0	0
206	206	1413	1357.706	1740.658	154	509	412	224	86	201	712	295	141	36	372.280	587	476	438	418	398	380	358	331	302	258	150	112.130	126	117	116	114	113	112	111	110	108	107	101	0	0	0.000	0.000	0	0	0	0	0	0	0	0	0	0	0	0	0	0.000	0.000	0	0	0	0	0	0	0	0	0	0	0
207	207	963	1763.411	1735.860	162	363	293	107	21	156	409	262	81	32	163.366	207	185	177	172	168	163	159	155	150	143	120	186.946	247	221	210	202	196	189	181	171	162	153	126	0	0	0.000	0.000	0	0	0	0	0	0	0	0	0	0	0	0	0	0.000	0.000	0	0	0	0	0	0	0	0	0	0	0
208	208	1570	1717.743	1738.898	255	495	472	269	48	248	533	433	255	76	1053.247	15930	1927	591	345	257	210	183	166	155	146	108	291.438	2357	430	266	233	211	195	185	178	169	151	105	1	145	1719.095	1736.543	0	0	0	7395	0	0	0	994	0	0	0	1	107	1718.063	1735.746	0	0	0	7909	0	0	0	1255	0	0	0
209	209	1220	919.517	1740.099	145	284	338	346	85	148	403	370	222	53	114.611	131	120	118	117	116	115	114	112	111	109	102	136.972	180	154	149	145	141	138	134	131	126	117	102	0	0	0.000	0.000	0	0	0	0	0	0	0	0	0	0	0	0	0	0.000	0.000	0	0	0	0	0	0	0	0	0	0	0
210	210	1411	1904.827	1752.255	113	394	491	325	61	88	519	437	255	87	550.938	780	697	659	630	605	579	547	505	447	361	149	104.812	119	109	107	106	105	104	104	103	102	101	94	0	0	0.000	0.000	0	0	0	0	0	0	0	0	0	0	0	0	0	0.000	0.000	0	0	0	0	0	0	0	0	0	0	0
211	211	1256	1316.905	1760.298	239	369	376	207	36	191	457	380	184	19	117.268	154	129	125	122	119	116	114	111	109	106	97	313.522	547	457	425	388	349	310	271	246	214	164	108	0	0	0.000	0.000	0	0	0	0	0	0	0	0	0	0	0	0	0	0.000	0.000	0	0	0	0	0	0	0	0	0	0	0
212	212	1820	1669.468	1762.632	280	599	544	308	56	241	832	496	182	35	111.209	124	116	115	113	112	111	110	109	108	106	99	195.190	279	239	224	214	205	197	187	176	165	152	109	0	0	0.000	0.000	0	0	0	0	0	0	0	0	0	0	0	0	0	0.000	0.000	0	0	0	0	0	0	0	0	0	0	0
213	213	549	1789.228	1762.397	115	189	135	87	17	122	174	142	88	7	110.663	122	116	114	113	112	111	110	109	108	106	99	182.756	239	214	203	194	188	181	176	171	165	155	120	0	0	0.000	0.000	0	0	0	0	0	0	0	0	0	0	0	0	0	0.000	0.000	0	0	0	0	0	0	0	0	0	0	0
214	214	2376	1536.001	1787.166	258	535	946	462	123	197	639	1126	281	93	118.626	134	124	123	121	120	119	118	116	115	112	91	667.332	992	873	840	783	731	684	642	577	503	436	154	0	0	0.000	0.000	0	0	0	0	0	0	0	0	0	0	0	0	0	0.000	0.000	0	0	0	0	0	0	0	0	0	0	0
215	215	2744	1747.559	1791.912	572	1137	840	131	26	668	1439	505	73	11	114.892	136	123	120	118	116	115	113	111	110	107	97	230.079	342	295	279	265	253	238	219	201	180	155	104	0	0	0.000	0.000	0	0	0	0	0	0	0	0	0	0	0	0	0	0.000	0.000	0	0	0	0	0	0	0	0	0	0	0
216	216	1294	1616.641	1778.763	376	315	332	224	22	378	470	333	80	10	113.529	130	121	119	117	116	114	112	110	108	105	99	611.753	1099	931	841	768	700	627	548	471	382	246	125	0	0	0.000	0.000	0	0	0	0	0	0	0	0	0	0	0	0	0	0.000	0.000	0	0	0	0	0	0	0	0	0	0	0
217	217	1249	903.337	1786.827	548	351	219	89	28	633	395	159	31	13	116.383	132	124	121	119	118	116	115	113	111	109	101	291.243	456	390	366	344	320	293	267	242	218	186	120	0	0	0.000	0.000	0	0	0	0	0	0	0	0	0	0	0	0	0	0.000	0.000	0	0	0	0	0	0	0	0	0	0	0
218	218	1924	969.638	1795.302	405	764	522	185	11	197	819	589	236	45	1163.167	6696	1664	1496	1385	1265	1155	993	807	642	493	249	107.218	124	113	110	109	107	106	106	105	104	103	96	1	26	953.278	1794.066	0	0	0	4908	0	0	0	108	0	0	0	0	0	0.000	0.000	0	0	0	0	0	0	0	0	0	0	0
219	219	2005	1807.195	1798.893	424	988	507	45	18	374	1173	369	48	17	111.698	131	117	115	114	113	112	111	110	108	106	101	105.583	118	110	108	107	106	105	105	104	103	102	95	0	0	0.000	0.000	0	0	0	0	0	0	0	0	0	0	0	0	0	0.000	0.000	0	0	0	0	0	0	0	0	0	0	0
220	220	592	1679.659	1803.546	57	197	182	112	32	54	209	246	53	20	110.022	123	115	113	112	111	110	109	108	107	105	100	175.579	235	212	204	196	191	184	176	166	143	119	102	0	0	0.000	0.000	0	0	0	0	0	0	0	0	0	0	0	0	0	0.000	0.000	0	0	0	0	0	0	0	0	0	0	0
221	221	1832	1867.031	1813.480	247	648	653	227	27	224	797	644	111	17	111.360	131	117	115	113	112	111	110	109	108	106	100	103.897	115	107	106	105	104	104	103	103	102	101	94	0	0	0.000	0.000	0	0	0	0	0	0	0	0	0	0	0	0	0	0.000	0.000	0	0	0	0	0	0	0	0	0	0	0
222	222	1744	1019.910	1819.447	261	426	499	392	132	226	475	529	348	140	1034.135	1585	1417	1344	1274	1198	1099	999	872	705	536	223	107.900	124	114	111	110	108	107	106	105	104	103	99	0	0	0.000	0.000	0	0	0	0	0	0	0	0	0	0	0	0	0	0.000	0.000	0	0	0	0	0	0	0	0	0	0	0
223	223	2163	669.491	1825.595	1341	529	208	46	9	1361	504	213	59	12	392.642	8803	417	251	218	201	190	183	176	168	154	114	396.682	5329	444	365	330	308	288	266	249	229	195	115	1	82	666.885	1833.293	0	0	0	3943	0	0	0	2159	0	0	0	1	74	668.049	1833.080	0	0	0	3253	0	0	0	2693	0	0	0
224	224	986	1627.072	1820.328	298	367	199	86	18	162	337	283	152	38	117.024	151	127	123	120	118	116	115	113	110	108	100	198.666	297	240	226	217	210	201	193	182	168	150	115	0	0	0.000	0.000	0	0	0	0	0	0	0	0	0	0	0	0	0	0.000	0.000	0	0	0	0	0	0	0	0	0	0	0
225	225	1409	1708.770	1837.303	245	392	385	313	53	134	451	447	247	111	112.114	125	117	116	115	113	112	111	110	108	106	99	119.696	146	131	127	124	122	120	118	115	112	107	96	0	0	0.000	0.000	0	0	0	0	0	0	0	0	0	0	0	0	0	0.000	0.000	0	0	0	0	0	0	0	0	0	0	0
226	226	1269	198.750	1840.086	167	380	420	205	78	138	456	444	161	46	250.377	368	315	303	290	277	261	242	224	201	161	115	109.900	196	115	112	110	109	108	107	106	105	104	99	0	0	0.000	0.000	0	0	0	0	0	0	0	0	0	0	0	0	0	0.000	0.000	0	0	0	0	0	0	0	0	0	0	0
227	227	976	1663.748	1838.194	89	251	330	240	48	86	374	307	140	52	114.213	129	121	118	117	115	114	113	111	110	108	100	120.075	142	133	129	126	123	120	118	115	112	107	98	0	0	0.000	0.000	0	0	0	0	0	0	0	0	0	0	0	0	0	0.000	0.000	0	0	0	0	0	0	0	0	0	0	0
228	228	1482	548.674	1838.627	277	617	471	75	9	139	636	404	202	73	111.287	125	116	114	113	112	111	110	109	108	107	101	106.058	117	110	109	107	106	106	105	104	104	103	99	0	0	0.000	0.000	0	0	0	0	0	0	0	0	0	0	0	0	0	0.000	0.000	0	0	0	0	0	0	0	0	0	0	0
229	229	1149	106.015	1847.975	62	301	369	290	98	76	431	390	172	49	108.399	119	113	111	110	109	108	107	107	106	104	100	124.959	146	135	132	130	127	125	123	120	117	115	106	0	0	0.000	0.000	0	0	0	0	0	0	0	0	0	0	0	0	0	0.000	0.000	0	0	0	0	0	0	0	0	0	0	0
230	230	1665	644.660	1868.518	348	678	441	155	12	189	736	482	200	31	585.106	13236	742	312	231	202	188	179	171	159	145	116	169.892	1374	193	153	146	141	137	133	128	123	117	103	1	82	649.744	1872.509	0	0	0	6189	0	0	0	663	0	0	0	1	74	649.989	1872.463	0	0	0	6875	0	0	0	707	0	0	0
231	231	1803	1882.822	1871.013	256	481	581	378	76	148	726	592	245	51	845.752	1410	1209	1131	1060	993	888	765	656	542	432	186	117.885	143	129	126	123	120	117	115	112	110	107	100	0	0	0.000	0.000	0	0	0	0	0	0	0	0	0	0	0	0	0	0.000	0.000	0	0	0	0	0	0	0	0	0	0	0
232	232	955	402.591	1873.453	466	224	148	67	35	470	224	176	55	13	152.997	211	182	172	163	157	151	146	141	136	127	107	275.728	1422	359	317	283	260	246	233	216	200	169	113	0	0	0.000	0.000	0	0	0	0	0	0	0	0	0	0	0	1	29	402.137	1873.019	0	0	0	154	0	0	0	929	0	0	0
233	233	786	80.685	1877.925	85	248	231	184	25	57	214	253	167	85	134.892	158	146	142	139	137	135	133	130	128	124	108	123.775	151	133	130	128	126	124	122	120	118	115	104	0	0	0.000	0.000	0	0	0	0	0	0	0	0	0	0	0	0	0	0.000	0.000	0	0	0	0	0	0	0	0	0	0	0
234	234	1278	1746.912	1887.592	131	335	380	273	133	124	482	376	191	77	123.499	144	132	129	128	126	124	122	120	117	114	103	136.310	166	150	145	142	140	138	135	132	127	121	102	0	0	0.000	0.000	0	0	0	0	0	0	0	0	0	0	0	0	0	0.000	0.000	0	0	0	0	0	0	0	0	0	0	0
235	235	1416	330.063	1885.643	153	414	448	279	92	117	558	437	228	58	601.433	12627	833	308	220	196	186	177	169	157	144	110	180.553	1433	214	158	150	144	139	135	130	125	119	103	1	77	326.517	1873.612	0	0	0	5715	0	0	0	749	0	0	0	1	82	326.599	1873.943	0	0	0	5602	0	0	0	703	0	0	0
236	236	1708	185.568	1887.350	201	563	544	300	69	225	690	526	190	37	297.071	435	376	355	338	323	303	282	263	240	209	126	105.208	127	109	107	106	106	105	104	104	103	102	95	0	0	0.000	0.000	0	0	0	0	0	0	0	0	0	0	0	0	0	0.000	0.000	0	0	0	0	0	0	0	0	0	0	0
237	237	1378	1502.004	1890.488	330	492	327	171	36	318	609	296	103	27	793.857	1194	1046	992	942	885	824	753	686	638	485	164	146.413	181	167	163	158	153	147	143	137	131	123	100	0	0	0.000	0.000	0	0	0	0	0	0	0	0	0	0	0	0	0	0.000	0.000	0	0	0	0	0	0	0	0	0	0	0
238	238	1784	1225.601	1895.273	298	406	541	364	152	243	598	570	268	70	914.206	1466	1256	1141	1057	1001	947	885	805	677	502	253	115.782	130	123	121	119	117	116	114	113	111	108	100	0	0	0.000	0.000	0	0	0	0	0	0	0	0	0	0	0	0	0	0.000	0.000	0	0	0	0	0	0	0	0	0	0	0
239	239	1265	679.220	1901.875	196	303	390	274	87	157	398	432	179	68	174.082	761	199	189	182	176	170	163	157	149	137	107	132.020	171	149	144	140	135	131	128	124	120	116	104	1	17	682.756	1887.204	0	0	0	434	0	0	0	143	0	0	0	0	0	0.000	0.000	0	0	0	0	0	0	0	0	0	0	0
240	240	3007	1622.836	1939.203	1048	1601	254	29	20	1252	1516	124	25	13	3525.604	34386	14532	2049	779	466	345	315	286	250	190	124	1119.606	12818	3112	618	333	252	226	209	195	178	153	113	1	532	1620.235	1941.689	0	0	0	19204	0	0	0	4051	0	0	0	1	395	1620.541	1941.095	0	0	0	24660	0	0	0	6348	0	0	0
241	241	1159	1574.820	1935.316	115	287	397	263	71	115	358	446	169	56	372.186	519	455	431	414	402	384	366	346	318	264	150	108.628	127	116	112	110	109	107	107	106	105	103	98	0	0	0.000	0.000	0	0	0	0	0	0	0	0	0	0	0	0	0	0.000	0.000	0	0	0	0	0	0	0	0	0	0	0
242	242	1639	290.471	1940.704	197	722	500	169	16	134	625	532	231	91	494.968	10994	613	271	198	173	160	152	147	142	135	112	154.387	895	178	146	138	134	131	128	125	122	119	103	1	83	287.677	1944.723	0	0	0	4910	0	0	0	470	0	0	0	1	78	288.086	1944.740	0	0	0	4988	0	0	0	485	0	0	0
243	243	1104	336.748	1935.859	135	285	270	266	124	101	245	290	297	151	161.412	522	181	174	170	166	161	157	153	146	134	106	131.139	160	144	139	136	133	131	129	126	123	119	105	0	0	0.000	0.000	0	0	0	0	0	0	0	0	0	0	0	0	0	0.000	0.000	0	0	0	0	0	0	0	0	0	0	0
244	244	1366	1755.149	1938.183	212	372	380	296	87	252	583	304	183	21	248.337	1759	273	255	246	240	234	228	217	199	170	110	113.092	210	120	116	114	113	111	110	109	108	106	99	1	30	1750.174	1949.281	0	0	0	1001	0	0	0	132	0	0	0	1	30	1752.510	1949.138	0	0	0	468	0	0	0	168	0	0	0
245	245	1751	1528.560	1948.294	356	573	453	330	18	255	639	505	259	64	172.128	2677	173	145	140	137	134	132	128	125	120	107	198.372	477	232	222	213	206	200	192	184	174	157	104	1	43	1526.002	1929.683	0	0	0	1079	0	0	0	270	0	0	0	0	0	0.000	0.000	0	0	0	0	0	0	0	0	0	0	0
246	246	920	121.596	1941.899	319	467	100	10	6	97	351	302	129	27	161.215	201	182	176	172	168	163	158	152	146	137	113	144.953	176	162	158	154	151	147	143	138	132	123	106	0	0	0.000	0.000	0	0	0	0	0	0	0	0	0	0	0	0	0	0.000	0.000	0	0	0	0	0	0	0	0	0	0	0
247	247	2490	177.575	1954.990	397	1012	816	195	19	210	864	1001	301	75	545.698	12707	631	307	239	211	196	182	172	162	147	108	219.352	2367	257	195	179	166	157	148	142	136	129	105	1	117	183.252	1948.754	0	0	0	5615	0	0	0	1094	0	0	0	1	108	183.564	1948.683	0	0	0	6161	0	0	0	1215	0	0	0
248	248	2311	239.062	1967.234	541	1307	405	11	10	260	1019	740	210	30	462.970	790	661	608	556	503	450	412	375	338	283	131	116.878	143	127	124	120	118	116	114	112	110	108	100	0	0	0.000	0.000	0	0	0	0	0	0	0	0	0	0	0	0	0	0.000	0.000	0	0	0	0	0	0	0	0	0	0	0
249	249	1175	415.908	1972.752	136	322	390	259	46	150	426	357	162	50	115.104	145	123	119	117	116	115	113	112	110	108	99	126.250	157	142	137	132	129	125	122	119	117	112	104	0	0	0.000	0.000	0	0	0	0	0	0	0	0	0	0	0	0	0	0.000	0.000	0	0	0	0	0	0	0	0	0	0	0
250	250	537	1912.727	1970.224	66	132	139	144	45	44	143	153	154	35	155.006	190	175	169	165	160	155	151	147	142	134	119	225.687	291	268	259	247	240	229	219	207	195	179	141	0	0	0.000	0.000	0	0	0	0	0	0	0	0	0	0	0	0	0	0.000	0.000	0	0	0	0	0	0	0	0	0	0	0
251	251	1058	325.475	1979.648	65	469	397	99	10	17	289	446	173	111	602.424	965	764	708	672	635	605	577	546	508	436	161	124.635	150	136	132	129	127	124	122	120	117	114	103	0	0	0.000	0.000	0	0	0	0	0	0	0	0	0	0	0	0	0	0.000	0.000	0	0	0	0	0	0	0	0	0	0	0
252	252	1178	1566.725	1982.000	139	276	401	253	90	77	383	482	161	50	141.432	194	167	155	148	143	139	136	132	128	121	105	205.548	286	249	234	223	215	205	194	186	179	168	124	0	0	0.000	0.000	0	0	0	0	0	0	0	0	0	0	0	0	0	0.000	0.000	0	0	0	0	0	0	0	0	0	0	0
253	253	836	127.695	1982.210	305	368	122	12	8	70	353	235	136	25	112.133	125	118	116	115	113	112	111	110	108	107	99	120.841	140	131	129	127	124	123	120	117	113	107	99	0	0	0.000	0.000	0	0	0	0	0	0	0	0	0	0	0	0	0	0.000	0.000	0	0	0	0	0	0	0	0	0	0	0
