 	cell	area	x	y	BFI_lev_b1	BFI_lev_b2	BFI_lev_b3	BFI_lev_b4	BFI_lev_b5	BFO_lev_b1	BFO_lev_b2	BFO_lev_b3	BFO_lev_b4	BFO_lev_b5	GFP_int_mean	GFP_int_b0	GFP_int_b1	GFP_int_b2	GFP_int_b3	GFP_int_b4	GFP_int_b5	GFP_int_b6	GFP_int_b7	GFP_int_b8	GFP_int_b9	GFP_int_b10	RFP_int_mean	RFP_int_b0	RFP_int_b1	RFP_int_b2	RFP_int_b3	RFP_int_b4	RFP_int_b5	RFP_int_b6	RFP_int_b7	RFP_int_b8	RFP_int_b9	RFP_int_b10	inGFPnfoci	f1_inGFParea	f1_inGFPx	f1_inGFPy	f2_inGFParea	f2_inGFPx	f2_inGFPy	f1_inGFP_toGFPmed	f2_inGFP_toGFPmed	f2_inGFP_toGFPmean	f1_inGFP_toRFPmed	f2_inGFP_toRFPmed	f2_inGFP_toRFPmean	inRFPnfoci	f1_inRFParea	f1_inRFPx	f1_inRFPy	f2_inRFParea	f2_inRFPx	f2_inRFPy	f1_inRFP_toGFPmed	f2_inRFP_toGFPmed	f2_inRFP_toGFPmean	f1_inRFP_toRFPmed	f2_inRFP_toRFPmed	f2_inRFP_toRFPmean	f1_inGFP_toGFPmean	f1_inGFP_toRFPmean	f1_inRFP_toGFPmean	f1_inRFP_toRFPmean
1	1	1617	248.799	83.248	272	493	471	284	66	214	477	501	300	89	1156.516	21852	1965	498	294	221	187	171	159	147	133	99	222.338	2071	346	178	156	146	140	134	128	121	113	100	1	118	252.991	81.977	0	0	0	10071	0	0	1010	0	0	1	118	252.914	81.881	0	0	0	10071	0	0	1010	0	0	0	0	0	0
2	2	1047	1348.487	86.117	81	243	344	296	61	97	466	272	167	25	153.903	195	172	167	164	159	155	151	146	141	132	114	185.923	242	217	209	202	196	189	181	173	162	151	116	0	0	0.000	0.000	0	0	0	0	0	0	0	0	0	0	0	0.000	0.000	0	0	0	0	0	0	0	0	0	0	0	0	0
3	3	986	576.394	93.279	110	254	316	211	75	116	190	393	228	43	132.940	163	148	144	141	137	134	131	127	121	115	101	145.619	184	167	162	158	154	149	144	138	129	115	99	0	0	0.000	0.000	0	0	0	0	0	0	0	0	0	0	0	0.000	0.000	0	0	0	0	0	0	0	0	0	0	0	0	0
4	4	655	91.293	101.771	93	233	175	114	29	90	199	204	100	46	242.704	298	278	268	262	255	248	238	230	218	202	152	147.311	170	159	156	153	151	149	146	143	139	133	116	0	0	0.000	0.000	0	0	0	0	0	0	0	0	0	0	0	0.000	0.000	0	0	0	0	0	0	0	0	0	0	0	0	0
5	5	1835	146.784	104.686	384	852	492	61	19	395	1025	341	29	13	1303.996	22707	1952	472	342	298	274	256	237	212	181	113	231.938	2652	359	158	137	131	126	123	120	116	112	99	1	148	152.590	97.187	0	0	0	10443	0	0	1131	0	0	1	138	152.507	97.101	0	0	0	11021	0	0	1186	0	0	0	0	0	0
6	6	2186	1230.988	125.813	249	584	819	436	49	214	1071	620	215	24	1329.561	12463	1862	1612	1474	1316	1200	1084	945	779	579	205	132.545	653	145	137	132	128	124	121	117	113	108	97	1	44	1235.979	124.872	0	0	0	7059	0	0	421	0	0	1	51	1236.033	124.286	0	0	0	5309	0	0	380	0	0	0	0	0	0
7	7	1771	477.127	115.802	169	553	695	289	38	135	765	644	174	15	1273.184	21113	1350	613	553	521	482	447	392	333	257	125	228.482	3093	235	147	136	132	128	125	122	118	113	100	1	145	482.925	106.102	0	0	0	10119	0	0	1232	0	0	1	121	482.914	105.887	0	0	0	11986	0	0	1379	0	0	0	0	0	0
8	8	1868	608.521	126.254	289	350	703	427	73	229	309	790	447	56	154.896	646	174	169	165	161	156	151	145	135	120	102	146.377	190	170	164	158	153	148	143	137	130	119	99	1	18	625.179	129.772	0	0	0	353	0	0	152	0	0	0	0	0.000	0.000	0	0	0	0	0	0	0	0	0	0	0	0	0
9	9	1855	852.891	125.122	238	501	577	422	79	175	576	664	299	105	160.163	215	185	179	174	169	164	159	152	142	127	100	130.078	161	146	141	137	134	131	128	125	120	112	97	0	0	0.000	0.000	0	0	0	0	0	0	0	0	0	0	0	0.000	0.000	0	0	0	0	0	0	0	0	0	0	0	0	0
10	10	2023	1354.643	137.581	336	711	595	296	26	249	764	580	301	97	519.959	14296	520	238	203	191	182	173	165	154	141	103	223.837	1313	269	238	221	207	197	188	177	167	146	104	1	83	1349.936	147.128	0	0	0	6083	0	0	714	0	0	1	69	1349.683	146.588	0	0	0	6821	0	0	781	0	0	0	0	0	0
11	11	1576	1029.029	135.498	131	442	604	325	33	134	542	568	215	82	908.740	17298	1377	437	291	251	226	208	192	173	152	108	180.574	1442	231	157	144	137	134	129	125	118	111	100	1	110	1026.934	139.193	0	0	0	7442	0	0	627	0	0	1	97	1025.845	138.329	0	0	0	5666	0	0	711	0	0	0	0	0	0
12	12	1384	781.797	135.856	313	495	401	146	10	259	617	286	142	59	1037.457	16995	1770	576	388	330	302	279	262	238	197	113	297.275	4082	453	204	160	148	142	136	129	124	117	100	1	103	784.315	134.240	0	0	0	7754	0	0	1517	0	0	1	99	784.378	133.295	0	0	0	6611	0	0	1792	0	0	0	0	0	0
13	13	1486	653.820	142.351	183	495	493	254	40	159	472	578	208	53	1288.940	1969	1674	1577	1506	1410	1326	1240	1176	1078	830	191	144.512	183	162	158	154	150	146	142	137	132	125	100	0	0	0.000	0.000	0	0	0	0	0	0	0	0	0	0	0	0.000	0.000	0	0	0	0	0	0	0	0	0	0	0	0	0
14	14	1990	1282.553	154.992	214	482	757	402	101	137	550	850	257	143	1210.144	1826	1684	1613	1509	1407	1309	1179	1010	810	574	179	126.497	154	141	138	135	131	128	124	120	115	109	98	0	0	0.000	0.000	0	0	0	0	0	0	0	0	0	0	0	0.000	0.000	0	0	0	0	0	0	0	0	0	0	0	0	0
15	15	2077	1881.364	161.775	331	515	656	416	132	257	751	639	289	101	1500.025	24966	2747	639	351	267	225	202	184	165	144	115	240.257	2746	352	166	143	136	132	127	123	118	113	99	1	198	1886.642	163.569	0	0	0	11181	0	0	1000	0	0	1	153	1886.571	162.872	0	0	0	14721	0	0	1266	0	0	0	0	0	0
16	16	1270	1734.804	156.769	129	313	377	272	157	81	294	479	226	155	270.782	3223	279	248	239	231	222	213	200	181	155	114	142.983	292	163	156	151	146	143	139	135	128	119	103	1	37	1737.189	139.378	0	0	0	1516	0	0	183	0	0	0	0	0.000	0.000	0	0	0	0	0	0	0	0	0	0	0	0	0
17	17	1582	129.868	160.139	442	647	373	86	5	247	631	437	190	40	503.570	7036	595	454	424	401	379	360	329	280	213	125	131.500	590	141	129	126	123	120	118	116	113	109	99	1	48	122.538	154.212	0	0	0	3688	0	0	385	0	0	1	63	122.253	154.367	0	0	0	2874	0	0	330	0	0	0	0	0	0
18	18	1832	942.902	172.399	253	453	644	375	72	218	534	666	270	114	639.965	15958	787	320	237	210	197	184	172	158	139	107	417.495	2380	554	486	445	414	381	346	304	262	198	118	1	86	940.829	161.484	0	0	0	7031	0	0	1362	0	0	1	65	941.501	160.926	0	0	0	8334	0	0	1517	0	0	0	0	0	0
19	19	757	1002.374	170.088	67	217	211	173	71	86	257	232	129	41	168.388	225	199	190	182	176	170	163	156	148	136	108	125.752	147	138	135	133	130	127	125	121	116	109	100	0	0	0.000	0.000	0	0	0	0	0	0	0	0	0	0	0	0.000	0.000	0	0	0	0	0	0	0	0	0	0	0	0	0
20	20	1145	1671.320	173.810	137	476	362	133	10	73	248	490	184	120	356.981	518	463	443	422	396	370	342	310	272	226	136	111.169	129	119	116	114	112	111	109	108	106	104	99	0	0	0.000	0.000	0	0	0	0	0	0	0	0	0	0	0	0.000	0.000	0	0	0	0	0	0	0	0	0	0	0	0	0
21	21	1211	718.071	191.213	103	391	422	250	29	53	430	469	176	62	218.064	300	263	252	241	232	221	211	199	185	170	113	119.214	142	128	125	123	121	119	117	115	113	110	99	0	0	0.000	0.000	0	0	0	0	0	0	0	0	0	0	0	0.000	0.000	0	0	0	0	0	0	0	0	0	0	0	0	0
22	22	1587	1766.583	194.949	152	515	554	302	25	123	760	433	221	21	371.534	7118	458	271	230	213	201	191	180	169	156	117	165.694	1023	176	163	156	152	148	145	141	136	129	115	1	62	1764.955	193.675	0	0	0	3125	0	0	508	0	0	1	49	1764.469	192.956	0	0	0	3289	0	0	551	0	0	0	0	0	0
23	23	2149	1911.468	212.554	196	582	854	393	71	108	650	900	345	90	203.252	326	276	235	215	205	197	188	178	166	151	117	126.520	159	139	135	131	128	125	123	121	118	115	105	0	0	0.000	0.000	0	0	0	0	0	0	0	0	0	0	0	0.000	0.000	0	0	0	0	0	0	0	0	0	0	0	0	0
24	24	1677	496.532	212.704	103	329	650	359	201	77	476	723	244	125	321.324	6869	352	232	208	195	186	176	166	154	142	105	147.691	584	169	156	150	144	139	133	127	123	119	102	1	56	500.966	211.386	0	0	0	2827	0	0	347	0	0	1	51	500.184	211.370	0	0	0	2451	0	0	359	0	0	0	0	0	0
25	25	1872	980.520	216.627	179	425	743	420	57	148	615	748	239	86	196.763	281	241	228	219	211	202	189	176	163	147	110	427.650	681	592	557	520	482	440	397	351	300	236	132	0	0	0.000	0.000	0	0	0	0	0	0	0	0	0	0	0	0.000	0.000	0	0	0	0	0	0	0	0	0	0	0	0	0
26	26	1088	1695.213	212.540	106	232	392	278	68	67	325	440	192	38	814.418	12743	1263	595	475	429	396	363	329	286	196	119	130.895	638	159	124	116	112	110	108	106	105	103	97	1	66	1696.093	214.866	0	0	0	5450	0	0	355	0	0	1	68	1696.720	214.440	0	0	0	4960	0	0	352	0	0	0	0	0	0
27	27	2148	1843.336	214.103	1342	709	24	19	16	1720	366	21	12	13	2447.787	28679	7021	1123	486	320	253	212	185	166	148	108	719.696	7925	1711	489	307	271	245	227	213	197	162	108	1	310	1840.271	211.407	0	0	0	13627	0	0	2879	0	0	1	245	1840.203	211.354	0	0	0	18995	0	0	3682	0	0	0	0	0	0
28	28	1742	1145.857	229.798	170	520	693	304	16	88	411	813	293	108	118.397	147	127	124	122	120	119	116	114	112	109	100	147.646	187	172	166	160	155	149	142	136	130	122	105	0	0	0.000	0.000	0	0	0	0	0	0	0	0	0	0	0	0.000	0.000	0	0	0	0	0	0	0	0	0	0	0	0	0
29	29	602	161.354	221.653	91	138	203	134	27	57	153	202	151	31	276.395	434	384	361	330	311	281	255	227	194	155	119	102.801	109	106	104	104	103	103	102	102	101	100	97	0	0	0.000	0.000	0	0	0	0	0	0	0	0	0	0	0	0.000	0.000	0	0	0	0	0	0	0	0	0	0	0	0	0
30	30	1781	738.486	238.101	203	465	577	364	129	204	642	587	256	68	584.228	13157	687	325	283	255	236	217	199	186	165	112	149.678	1311	160	127	123	119	117	115	113	110	107	100	1	85	749.907	236.526	0	0	0	5685	0	0	631	0	0	1	86	750.304	236.310	0	0	0	5685	0	0	631	0	0	0	0	0	0
31	31	1034	1731.265	234.945	64	291	403	219	35	32	362	400	177	33	147.920	176	161	158	155	152	149	146	143	138	133	111	144.087	172	160	156	152	147	144	141	137	134	128	106	0	0	0.000	0.000	0	0	0	0	0	0	0	0	0	0	0	0.000	0.000	0	0	0	0	0	0	0	0	0	0	0	0	0
32	32	609	1064.627	238.261	67	230	153	108	34	75	234	162	76	51	409.506	8957	607	280	202	178	166	157	150	141	132	117	163.212	904	195	157	150	145	142	138	134	129	123	96	0	0	0.000	0.000	0	0	0	0	0	0	0	0	0	0	0	0.000	0.000	0	0	0	0	0	0	0	0	0	0	0	0	0
33	33	2325	1018.883	262.319	280	519	926	485	69	215	607	993	363	95	402.000	11669	329	252	239	226	212	201	187	169	146	109	163.518	1339	175	163	156	150	144	138	133	126	119	102	1	69	1030.140	249.209	0	0	0	4861	0	0	442	0	0	1	65	1030.858	249.899	0	0	0	4832	0	0	660	0	0	0	0	0	0
34	34	1093	525.398	252.283	126	348	316	242	31	80	401	400	169	22	162.639	214	187	180	174	169	164	160	154	145	133	109	137.282	167	154	148	144	142	138	135	131	126	119	104	0	0	0.000	0.000	0	0	0	0	0	0	0	0	0	0	0	0.000	0.000	0	0	0	0	0	0	0	0	0	0	0	0	0
35	35	580	1587.390	246.910	116	127	183	124	21	70	151	201	121	32	108.797	125	115	113	111	110	109	108	106	105	103	98	148.383	183	172	166	162	158	153	148	140	129	114	101	0	0	0.000	0.000	0	0	0	0	0	0	0	0	0	0	0	0.000	0.000	0	0	0	0	0	0	0	0	0	0	0	0	0
36	36	1520	878.788	258.861	248	409	439	293	91	259	502	432	252	41	325.774	3294	398	347	318	299	282	262	244	222	195	139	129.538	329	144	136	132	129	126	123	121	118	114	106	1	32	877.083	261.296	0	0	0	1821	0	0	141	0	0	1	26	877.994	256.083	0	0	0	414	0	0	224	0	0	0	0	0	0
37	37	1880	1893.675	264.566	201	320	720	431	187	171	454	864	266	97	287.720	4304	283	261	249	239	228	218	207	192	167	108	273.213	1028	335	312	297	283	271	258	244	225	179	106	1	48	1874.893	258.783	0	0	0	2072	0	0	637	0	0	1	24	1875.925	258.925	0	0	0	2987	0	0	841	0	0	0	0	0	0
38	38	1654	1446.101	269.527	136	498	623	323	42	104	622	600	246	41	111.946	126	117	115	114	113	112	111	110	109	107	100	158.221	226	195	180	171	163	156	149	142	135	127	103	0	0	0.000	0.000	0	0	0	0	0	0	0	0	0	0	0	0.000	0.000	0	0	0	0	0	0	0	0	0	0	0	0	0
39	39	1655	1689.933	266.877	154	502	639	284	51	123	693	589	186	24	236.794	5793	218	165	156	152	148	145	141	137	129	105	146.353	331	163	157	153	150	146	142	139	134	124	100	1	41	1672.929	263.000	0	0	0	2389	0	0	174	0	0	1	16	1672.422	258.543	0	0	0	417	0	0	286	0	0	0	0	0	0
40	40	825	1072.394	263.896	110	301	207	165	26	97	402	180	105	22	398.373	10329	482	272	222	202	185	170	155	143	134	108	141.710	696	155	143	138	134	131	128	125	121	117	104	0	0	0.000	0.000	0	0	0	0	0	0	0	0	0	0	0	0.000	0.000	0	0	0	0	0	0	0	0	0	0	0	0	0
41	41	2046	297.297	277.769	219	557	701	428	97	254	795	668	234	48	791.113	16493	847	563	517	477	435	395	357	314	253	133	156.466	1458	166	136	130	126	124	121	118	115	111	101	1	80	301.775	276.348	0	0	0	7690	0	0	731	0	0	1	83	301.856	276.190	0	0	0	7266	0	0	720	0	0	0	0	0	0
42	42	1643	1358.982	280.869	196	508	487	355	69	141	715	462	259	34	388.780	1830	482	458	439	420	399	378	346	301	227	131	118.809	234	129	125	122	120	118	116	114	111	108	99	0	0	0.000	0.000	0	0	0	0	0	0	0	0	0	1	17	1351.044	294.010	0	0	0	577	0	0	177	0	0	0	0	0	0
43	43	2038	1153.635	294.495	613	1267	85	17	22	1112	833	23	11	10	124.851	158	135	131	129	127	125	123	121	118	114	100	155.231	218	180	171	165	161	156	152	147	140	128	104	0	0	0.000	0.000	0	0	0	0	0	0	0	0	0	0	0	0.000	0.000	0	0	0	0	0	0	0	0	0	0	0	0	0
44	44	896	627.299	284.757	90	255	304	199	33	46	186	356	196	91	141.780	177	158	154	150	147	144	140	134	129	122	107	129.200	172	145	140	137	134	132	128	123	116	109	98	0	0	0.000	0.000	0	0	0	0	0	0	0	0	0	0	0	0.000	0.000	0	0	0	0	0	0	0	0	0	0	0	0	0
45	45	3512	459.364	290.056	770	1459	885	288	45	714	1643	778	277	36	345.815	13579	254	212	200	192	183	175	166	154	133	104	255.187	6958	215	187	180	175	169	163	155	142	124	104	1	73	457.533	277.378	0	0	0	5883	0	0	2692	0	0	1	77	458.263	277.153	0	0	0	5555	0	0	3069	0	0	0	0	0	0
46	46	1618	700.601	292.468	222	515	543	281	31	155	506	618	242	68	498.889	820	699	645	603	565	523	477	424	359	244	109	107.166	122	112	110	109	108	107	106	105	104	103	97	0	0	0.000	0.000	0	0	0	0	0	0	0	0	0	0	0	0.000	0.000	0	0	0	0	0	0	0	0	0	0	0	0	0
47	47	1639	1226.273	288.473	213	558	540	258	37	220	731	419	192	45	301.297	9164	264	221	200	189	182	176	167	155	142	113	129.528	660	134	129	125	123	121	119	116	114	111	101	1	59	1242.804	297.514	0	0	0	3604	0	0	296	0	0	1	48	1241.819	296.825	0	0	0	3196	0	0	370	0	0	0	0	0	0
48	48	1796	231.533	296.267	171	448	629	394	125	138	636	634	272	77	110.286	124	115	114	112	111	110	109	108	107	105	99	179.272	238	214	207	199	192	184	176	165	153	134	104	0	0	0.000	0.000	0	0	0	0	0	0	0	0	0	0	0	0.000	0.000	0	0	0	0	0	0	0	0	0	0	0	0	0
49	49	1342	1499.340	294.238	121	362	508	279	41	125	532	418	185	58	342.521	487	426	410	397	381	360	338	309	276	222	129	123.827	150	136	133	130	128	125	122	119	114	109	100	0	0	0.000	0.000	0	0	0	0	0	0	0	0	0	0	0	0.000	0.000	0	0	0	0	0	0	0	0	0	0	0	0	0
50	50	1016	1104.024	294.700	132	391	333	121	15	106	509	255	115	13	150.541	199	176	166	158	154	149	145	140	136	129	107	132.977	157	147	143	139	136	133	130	127	124	119	103	0	0	0.000	0.000	0	0	0	0	0	0	0	0	0	0	0	0.000	0.000	0	0	0	0	0	0	0	0	0	0	0	0	0
51	51	2347	1628.046	302.629	197	411	1017	561	114	202	723	989	324	60	196.517	270	240	230	221	213	204	192	180	164	141	104	143.267	188	168	162	156	149	144	138	132	126	116	100	0	0	0.000	0.000	0	0	0	0	0	0	0	0	0	0	0	0.000	0.000	0	0	0	0	0	0	0	0	0	0	0	0	0
52	52	1622	534.513	298.605	260	385	430	391	124	239	488	459	278	123	113.694	129	121	118	117	115	114	113	111	109	106	99	163.664	216	190	182	177	173	168	162	155	146	127	104	0	0	0.000	0.000	0	0	0	0	0	0	0	0	0	0	0	0.000	0.000	0	0	0	0	0	0	0	0	0	0	0	0	0
53	53	507	1406.581	290.818	29	109	196	132	30	59	258	140	32	6	110.645	121	115	114	113	112	111	110	109	108	106	101	161.673	206	192	185	180	175	169	161	148	137	120	103	0	0	0.000	0.000	0	0	0	0	0	0	0	0	0	0	0	0.000	0.000	0	0	0	0	0	0	0	0	0	0	0	0	0
54	54	1236	1264.065	318.659	96	270	444	333	75	125	427	430	178	47	193.138	252	230	222	214	206	199	188	176	163	148	119	121.598	143	132	128	126	123	121	120	118	115	112	100	0	0	0.000	0.000	0	0	0	0	0	0	0	0	0	0	0	0.000	0.000	0	0	0	0	0	0	0	0	0	0	0	0	0
55	55	2474	1691.992	323.001	303	700	820	447	160	326	808	791	405	84	517.823	14233	355	220	201	189	183	176	171	164	151	107	153.403	709	161	152	149	145	142	139	136	130	123	101	1	103	1715.247	321.685	0	0	0	6505	0	0	412	0	0	1	95	1714.845	321.834	0	0	0	6747	0	0	430	0	0	0	0	0	0
56	56	795	1011.354	313.481	107	259	224	158	30	88	347	228	109	12	149.597	194	173	167	162	157	151	148	142	134	118	104	125.746	151	140	137	134	132	129	126	120	112	106	98	0	0	0.000	0.000	0	0	0	0	0	0	0	0	0	0	0	0.000	0.000	0	0	0	0	0	0	0	0	0	0	0	0	0
57	57	659	1811.231	314.905	59	152	224	160	48	59	224	209	121	30	174.052	227	206	197	190	184	178	170	163	151	135	109	117.739	132	125	123	122	120	118	117	114	112	109	102	0	0	0.000	0.000	0	0	0	0	0	0	0	0	0	0	0	0.000	0.000	0	0	0	0	0	0	0	0	0	0	0	0	0
58	58	1775	1373.827	328.953	188	503	696	314	47	153	625	607	290	62	1350.004	20631	2026	713	568	508	458	413	376	327	224	121	248.607	3466	331	156	135	128	122	119	115	111	107	98	1	142	1366.585	328.969	0	0	0	9932	0	0	1282	0	0	1	119	1366.716	328.722	0	0	0	11516	0	0	1497	0	0	0	0	0	0
59	59	1362	1329.301	331.463	80	347	539	338	35	93	467	478	246	52	845.593	1268	1116	1017	939	881	824	786	752	699	616	329	104.860	115	108	107	106	105	105	104	104	103	102	95	0	0	0.000	0.000	0	0	0	0	0	0	0	0	0	0	0	0.000	0.000	0	0	0	0	0	0	0	0	0	0	0	0	0
60	60	1688	296.637	340.067	78	312	629	465	168	79	544	687	320	34	450.990	4304	521	481	462	443	418	388	355	320	270	152	129.233	325	140	135	131	129	127	125	122	119	115	100	1	35	292.812	342.022	0	0	0	2049	0	0	198	0	0	1	30	292.542	339.952	0	0	0	1083	0	0	243	0	0	0	0	0	0
61	61	1744	637.371	334.189	137	434	608	397	137	116	530	742	273	55	411.503	10654	430	228	202	193	183	172	160	149	136	110	149.425	888	170	152	145	139	133	129	123	117	108	97	1	63	637.367	340.903	0	0	0	4502	0	0	250	0	0	1	60	639.272	340.116	0	0	0	2184	0	0	480	0	0	0	0	0	0
62	62	2168	1439.926	339.515	434	721	730	219	19	333	882	582	265	70	115.012	133	123	120	118	117	115	114	112	110	107	98	106.993	126	114	110	108	107	106	105	104	103	102	95	0	0	0.000	0.000	0	0	0	0	0	0	0	0	0	0	0	0.000	0.000	0	0	0	0	0	0	0	0	0	0	0	0	0
63	63	1561	344.930	337.834	159	408	568	303	94	146	632	533	183	36	680.491	1008	877	834	801	765	716	664	603	522	420	164	104.755	120	108	107	106	105	104	104	103	103	102	97	0	0	0.000	0.000	0	0	0	0	0	0	0	0	0	0	0	0.000	0.000	0	0	0	0	0	0	0	0	0	0	0	0	0
64	64	2207	396.121	346.589	254	729	780	361	33	220	854	761	239	89	692.840	1104	929	877	836	795	756	701	604	478	340	142	106.262	121	111	109	108	107	106	105	104	104	102	96	0	0	0.000	0.000	0	0	0	0	0	0	0	0	0	0	0	0.000	0.000	0	0	0	0	0	0	0	0	0	0	0	0	0
65	65	1363	247.326	343.026	162	526	523	118	10	114	285	654	241	42	110.759	133	115	114	113	112	111	110	109	108	106	101	179.213	236	209	201	195	188	182	176	169	160	142	103	0	0	0.000	0.000	0	0	0	0	0	0	0	0	0	0	0	0.000	0.000	0	0	0	0	0	0	0	0	0	0	0	0	0
66	66	1497	498.857	345.352	204	335	546	354	35	176	512	519	225	37	171.814	223	201	193	188	181	176	170	163	152	133	103	158.870	202	185	178	171	165	159	154	150	142	130	109	0	0	0.000	0.000	0	0	0	0	0	0	0	0	0	0	0	0.000	0.000	0	0	0	0	0	0	0	0	0	0	0	0	0
67	67	1650	1496.321	344.877	285	592	486	225	41	187	572	510	286	67	573.800	9514	659	506	460	412	371	342	315	284	189	112	139.906	833	150	136	132	128	125	122	118	111	105	97	1	60	1500.941	335.669	0	0	0	4539	0	0	306	0	0	1	63	1499.394	333.992	0	0	0	1613	0	0	441	0	0	0	0	0	0
68	68	1695	1837.272	348.460	210	319	651	402	91	164	434	711	276	76	564.572	12411	662	339	280	253	236	220	202	184	167	132	141.176	813	150	136	132	128	125	121	118	114	109	100	1	80	1831.987	339.113	0	0	0	5304	0	0	281	0	0	1	74	1830.575	337.524	0	0	0	1911	0	0	429	0	0	0	0	0	0
69	69	1324	560.491	348.130	194	284	456	317	48	134	216	624	258	66	112.933	132	120	117	116	114	113	112	110	108	106	99	165.153	228	199	189	180	173	168	162	156	143	122	101	0	0	0.000	0.000	0	0	0	0	0	0	0	0	0	0	0	0.000	0.000	0	0	0	0	0	0	0	0	0	0	0	0	0
70	70	1030	1164.383	348.115	143	375	319	158	17	116	428	297	143	23	425.464	591	546	515	485	457	432	406	382	347	297	152	134.042	160	149	145	142	139	135	132	129	124	116	102	0	0	0.000	0.000	0	0	0	0	0	0	0	0	0	0	0	0.000	0.000	0	0	0	0	0	0	0	0	0	0	0	0	0
71	71	1579	1223.614	355.085	139	371	625	355	57	123	490	589	220	133	115.297	129	121	119	118	117	115	114	113	111	109	101	161.155	224	198	189	181	174	166	158	149	129	111	101	0	0	0.000	0.000	0	0	0	0	0	0	0	0	0	0	0	0.000	0.000	0	0	0	0	0	0	0	0	0	0	0	0	0
72	72	1598	895.698	369.658	156	392	543	385	85	139	399	637	271	101	463.151	11629	527	232	206	194	184	175	165	153	137	102	176.922	1609	197	157	151	146	143	139	134	128	117	101	1	68	906.231	371.167	0	0	0	4663	0	0	733	0	0	1	65	906.508	371.536	0	0	0	4743	0	0	748	0	0	0	0	0	0
73	73	1183	943.843	364.300	153	209	426	334	46	172	285	450	209	42	174.418	230	209	202	194	187	179	172	162	149	127	102	140.076	172	159	153	148	144	140	136	132	128	122	108	0	0	0.000	0.000	0	0	0	0	0	0	0	0	0	0	0	0.000	0.000	0	0	0	0	0	0	0	0	0	0	0	0	0
74	74	2318	1894.053	377.488	203	500	959	496	107	198	760	900	348	64	1577.317	2637	2248	2080	1909	1764	1624	1468	1285	1100	856	230	136.912	178	160	154	148	143	137	132	127	121	111	99	0	0	0.000	0.000	0	0	0	0	0	0	0	0	0	0	0	0.000	0.000	0	0	0	0	0	0	0	0	0	0	0	0	0
75	75	1687	1321.100	388.020	91	584	621	310	50	290	896	328	118	16	1023.591	1574	1353	1287	1224	1153	1071	966	854	739	605	297	105.894	117	110	108	107	106	106	105	104	104	103	98	0	0	0.000	0.000	0	0	0	0	0	0	0	0	0	0	0	0.000	0.000	0	0	0	0	0	0	0	0	0	0	0	0	0
76	76	1714	428.603	388.027	184	322	601	470	98	128	481	656	265	139	215.004	297	263	251	243	233	224	212	198	179	151	106	260.724	377	335	313	294	279	267	255	241	215	169	104	0	0	0.000	0.000	0	0	0	0	0	0	0	0	0	0	0	0.000	0.000	0	0	0	0	0	0	0	0	0	0	0	0	0
77	77	1760	774.813	385.356	146	464	723	310	68	239	856	447	174	17	114.314	137	120	118	117	116	115	113	112	110	108	100	282.718	402	356	334	318	302	288	275	261	237	197	117	0	0	0.000	0.000	0	0	0	0	0	0	0	0	0	0	0	0.000	0.000	0	0	0	0	0	0	0	0	0	0	0	0	0
78	78	2123	646.136	396.567	267	522	788	423	91	258	688	708	317	110	2123.144	22418	2955	1626	1407	1244	1123	1018	885	708	507	140	219.762	2323	283	166	152	142	135	129	124	117	111	101	1	178	642.507	396.829	0	0	0	12019	0	0	924	0	0	1	153	642.497	397.047	0	0	0	14175	0	0	1121	0	0	0	0	0	0
79	79	1192	1425.852	395.830	113	391	413	212	40	131	601	295	130	15	406.866	3277	510	448	407	373	345	324	303	285	256	141	137.716	628	149	137	133	130	128	126	123	120	117	108	1	32	1425.184	399.186	0	0	0	1713	0	0	342	0	0	1	31	1425.318	398.442	0	0	0	1480	0	0	342	0	0	0	0	0	0
80	80	1791	372.754	404.229	212	475	609	378	85	320	880	404	144	19	1326.576	20468	2631	599	312	246	217	202	192	178	159	116	366.121	2626	527	313	292	281	271	261	247	228	180	111	1	170	365.279	410.747	0	0	0	9943	0	0	1163	0	0	1	122	366.109	409.713	0	0	0	12400	0	0	1523	0	0	0	0	0	0
81	81	1806	1107.567	411.243	250	747	628	135	16	134	690	574	313	64	141.024	282	156	151	147	144	140	137	133	129	123	107	205.303	301	256	243	232	218	205	191	179	168	156	119	0	0	0.000	0.000	0	0	0	0	0	0	0	0	0	0	0	0.000	0.000	0	0	0	0	0	0	0	0	0	0	0	0	0
82	82	2107	1766.826	421.546	245	714	702	352	46	272	974	629	188	10	185.403	252	221	212	203	195	187	179	170	160	145	118	132.234	163	146	142	138	135	132	129	126	122	118	105	0	0	0.000	0.000	0	0	0	0	0	0	0	0	0	0	0	0.000	0.000	0	0	0	0	0	0	0	0	0	0	0	0	0
83	83	1750	1233.295	413.197	120	455	650	408	85	149	603	695	222	45	1195.144	1917	1680	1513	1403	1303	1229	1161	1074	925	631	161	105.842	115	110	108	107	106	106	105	104	103	102	97	0	0	0.000	0.000	0	0	0	0	0	0	0	0	0	0	0	0.000	0.000	0	0	0	0	0	0	0	0	0	0	0	0	0
84	84	1035	861.748	421.270	94	248	351	250	72	97	447	285	157	30	272.530	374	334	317	305	294	284	271	252	226	190	121	130.808	155	143	139	137	134	132	130	127	123	116	102	0	0	0.000	0.000	0	0	0	0	0	0	0	0	0	0	0	0.000	0.000	0	0	0	0	0	0	0	0	0	0	0	0	0
85	85	818	1926.050	419.720	113	142	292	222	31	71	237	316	154	29	1171.996	1722	1588	1511	1436	1370	1302	1189	1022	817	542	221	128.789	157	146	142	138	135	132	126	121	114	107	100	0	0	0.000	0.000	0	0	0	0	0	0	0	0	0	0	0	0.000	0.000	0	0	0	0	0	0	0	0	0	0	0	0	0
86	86	1513	755.728	433.077	135	185	551	471	135	109	219	725	321	120	132.066	164	148	143	139	136	133	130	126	121	114	102	201.356	294	256	238	225	215	206	194	182	166	135	103	0	0	0.000	0.000	0	0	0	0	0	0	0	0	0	0	0	0.000	0.000	0	0	0	0	0	0	0	0	0	0	0	0	0
87	87	1380	232.863	438.578	239	206	377	358	173	184	253	516	316	86	160.308	205	184	179	174	169	164	158	150	141	129	109	138.718	168	154	150	148	145	142	138	134	127	116	101	0	0	0.000	0.000	0	0	0	0	0	0	0	0	0	0	0	0.000	0.000	0	0	0	0	0	0	0	0	0	0	0	0	0
88	88	2221	1698.732	441.057	186	641	869	404	84	210	945	694	288	47	2660.545	28013	9090	1285	499	303	236	205	182	161	139	107	1120.199	11086	2953	824	549	465	404	352	301	246	197	113	1	360	1701.051	441.449	0	0	0	14110	0	0	4016	0	0	1	273	1701.431	441.195	0	0	0	20503	0	0	5657	0	0	0	0	0	0
89	89	1837	429.371	438.686	196	379	787	382	62	149	459	828	280	74	498.174	11742	549	359	324	296	272	249	224	195	160	115	148.588	1160	166	141	133	129	125	122	119	115	110	101	1	56	431.011	432.600	0	0	0	5934	0	0	641	0	0	1	65	431.478	432.757	0	0	0	4742	0	0	532	0	0	0	0	0	0
90	90	1688	905.934	441.956	288	536	523	272	42	299	829	343	169	27	336.489	2011	414	392	374	359	345	323	291	261	218	125	142.377	452	158	152	148	145	141	137	133	129	120	101	0	0	0.000	0.000	0	0	0	0	0	0	0	0	0	1	19	913.321	432.177	0	0	0	796	0	0	306	0	0	0	0	0	0
91	91	1538	495.447	446.247	105	278	535	444	137	74	497	670	213	56	414.557	658	567	521	482	443	411	377	350	320	273	141	135.418	163	153	148	143	139	135	132	129	125	118	103	0	0	0.000	0.000	0	0	0	0	0	0	0	0	0	0	0	0.000	0.000	0	0	0	0	0	0	0	0	0	0	0	0	0
92	92	1758	1427.745	443.765	161	479	628	367	93	133	756	475	265	97	333.492	485	422	399	377	359	340	319	295	268	235	131	125.511	148	136	132	130	128	126	124	121	119	115	102	0	0	0.000	0.000	0	0	0	0	0	0	0	0	0	0	0	0.000	0.000	0	0	0	0	0	0	0	0	0	0	0	0	0
93	93	636	1067.720	441.764	99	143	195	153	33	49	134	273	120	47	132.829	157	146	142	140	137	134	131	128	124	118	103	189.417	254	233	225	218	210	203	192	172	146	119	104	0	0	0.000	0.000	0	0	0	0	0	0	0	0	0	0	0	0.000	0.000	0	0	0	0	0	0	0	0	0	0	0	0	0
94	94	2135	1558.872	449.079	279	622	757	361	81	243	880	686	241	37	1175.195	22503	1696	420	262	214	191	176	163	149	135	105	370.297	4169	519	277	254	242	231	218	197	171	142	106	1	176	1558.357	443.411	0	0	0	10538	0	0	1285	0	0	1	140	1556.647	442.485	0	0	0	6159	0	0	2050	0	0	0	0	0	0
95	95	803	377.921	448.899	81	183	298	163	65	61	271	329	100	24	202.733	288	248	237	225	217	208	198	185	170	147	106	122.806	143	134	131	129	127	124	121	118	114	109	102	0	0	0.000	0.000	0	0	0	0	0	0	0	0	0	0	0	0.000	0.000	0	0	0	0	0	0	0	0	0	0	0	0	0
96	96	1456	1341.867	465.203	101	355	557	323	83	137	705	391	168	29	527.657	11920	681	306	233	202	186	176	169	161	150	113	166.622	1201	188	155	146	141	137	133	129	125	119	101	1	67	1346.515	462.122	0	0	0	5087	0	0	599	0	0	1	67	1346.122	462.023	0	0	0	5087	0	0	599	0	0	0	0	0	0
97	97	1401	111.435	468.654	183	179	514	386	126	144	157	701	275	110	350.247	517	456	435	416	392	363	335	309	271	216	119	102.318	111	105	104	103	103	102	102	101	101	100	93	0	0	0.000	0.000	0	0	0	0	0	0	0	0	0	0	0	0.000	0.000	0	0	0	0	0	0	0	0	0	0	0	0	0
98	98	1460	1797.159	472.309	186	463	505	249	39	176	541	479	191	43	205.525	280	243	232	224	217	210	202	191	177	161	119	384.597	585	510	479	452	429	395	359	321	286	247	172	0	0	0.000	0.000	0	0	0	0	0	0	0	0	0	0	0	0.000	0.000	0	0	0	0	0	0	0	0	0	0	0	0	0
99	99	1294	301.933	475.628	112	269	515	324	52	96	249	592	216	122	242.216	367	312	290	274	259	246	230	213	193	168	127	118.267	139	128	125	122	120	119	116	114	112	108	100	0	0	0.000	0.000	0	0	0	0	0	0	0	0	0	0	0	0.000	0.000	0	0	0	0	0	0	0	0	0	0	0	0	0
100	100	1801	1854.521	481.093	179	450	655	398	90	150	559	715	264	61	431.787	621	542	521	497	475	454	425	391	344	282	128	148.092	186	170	164	159	155	150	145	139	133	123	101	0	0	0.000	0.000	0	0	0	0	0	0	0	0	0	0	0	0.000	0.000	0	0	0	0	0	0	0	0	0	0	0	0	0
101	101	1834	376.346	494.869	202	576	609	326	88	133	753	620	232	58	111.661	128	117	115	114	113	112	111	110	108	107	99	185.205	258	227	214	202	192	183	176	168	159	146	114	0	0	0.000	0.000	0	0	0	0	0	0	0	0	0	0	0	0.000	0.000	0	0	0	0	0	0	0	0	0	0	0	0	0
102	102	2084	1909.914	501.897	306	615	719	347	65	245	922	612	245	16	397.967	610	513	478	451	427	407	381	356	325	267	126	142.877	180	161	155	150	147	144	140	136	131	123	104	0	0	0.000	0.000	0	0	0	0	0	0	0	0	0	0	0	0.000	0.000	0	0	0	0	0	0	0	0	0	0	0	0	0
103	103	932	1455.070	493.763	125	283	313	179	19	107	353	284	134	36	410.812	692	604	552	501	458	432	399	342	261	174	117	108.197	123	116	113	112	110	108	106	104	103	101	97	0	0	0.000	0.000	0	0	0	0	0	0	0	0	0	0	0	0.000	0.000	0	0	0	0	0	0	0	0	0	0	0	0	0
104	104	1810	1680.936	500.491	147	367	767	388	99	156	503	734	280	103	195.230	264	232	224	217	209	201	192	179	165	148	111	486.872	753	677	639	597	554	506	460	406	342	260	131	0	0	0.000	0.000	0	0	0	0	0	0	0	0	0	0	0	0.000	0.000	0	0	0	0	0	0	0	0	0	0	0	0	0
105	105	1863	1586.183	509.671	167	384	699	473	100	148	492	787	290	112	206.666	527	248	239	231	222	211	198	184	170	150	117	219.473	334	282	263	247	236	224	213	198	174	148	106	0	0	0.000	0.000	0	0	0	0	0	0	0	0	0	0	0	0.000	0.000	0	0	0	0	0	0	0	0	0	0	0	0	0
106	106	532	1638.361	493.989	173	133	131	80	11	150	93	147	106	28	113.400	136	123	120	117	115	113	111	109	107	104	99	245.648	415	357	320	296	272	251	227	202	163	125	106	0	0	0.000	0.000	0	0	0	0	0	0	0	0	0	0	0	0.000	0.000	0	0	0	0	0	0	0	0	0	0	0	0	0
107	107	1083	1323.908	509.744	124	334	387	180	43	99	527	256	151	35	210.310	280	251	242	234	226	218	206	191	177	159	123	132.655	160	148	143	139	136	132	129	127	123	117	103	0	0	0.000	0.000	0	0	0	0	0	0	0	0	0	0	0	0.000	0.000	0	0	0	0	0	0	0	0	0	0	0	0	0
108	108	1400	543.154	521.452	148	411	550	213	49	102	570	510	171	20	284.771	393	343	329	314	300	287	276	262	246	220	131	103.570	118	107	105	105	104	103	103	102	102	101	96	0	0	0.000	0.000	0	0	0	0	0	0	0	0	0	0	0	0.000	0.000	0	0	0	0	0	0	0	0	0	0	0	0	0
109	109	1706	301.586	524.215	128	475	567	313	190	135	715	489	237	93	514.726	11008	570	325	293	279	267	253	237	209	178	110	140.492	874	150	132	127	124	122	120	117	114	111	99	1	64	310.243	524.813	0	0	0	5228	0	0	483	0	0	1	70	309.769	524.441	0	0	0	4156	0	0	450	0	0	0	0	0	0
110	110	1514	348.169	536.283	98	272	604	381	130	97	552	587	217	39	108.618	122	114	112	111	110	108	107	106	105	104	97	174.362	243	216	206	199	191	182	170	159	141	113	100	0	0	0.000	0.000	0	0	0	0	0	0	0	0	0	0	0	0.000	0.000	0	0	0	0	0	0	0	0	0	0	0	0	0
111	111	2019	683.376	534.480	275	854	634	192	21	216	784	676	238	63	310.850	8044	336	300	279	263	249	234	215	186	135	104	123.149	699	132	127	124	121	118	116	113	110	104	97	0	0	0.000	0.000	0	0	0	0	0	0	0	0	0	0	0	0.000	0.000	0	0	0	0	0	0	0	0	0	0	0	0	0
112	112	1552	1865.745	534.040	168	420	569	276	81	159	440	623	216	85	520.957	768	658	620	603	580	548	516	483	423	321	173	130.433	160	143	139	136	134	132	129	126	122	114	98	0	0	0.000	0.000	0	0	0	0	0	0	0	0	0	0	0	0.000	0.000	0	0	0	0	0	0	0	0	0	0	0	0	0
113	113	1552	1288.600	540.263	94	438	674	301	19	68	599	602	193	61	578.726	868	753	710	674	632	596	557	509	459	369	171	108.590	126	115	112	110	109	108	107	106	105	103	98	0	0	0.000	0.000	0	0	0	0	0	0	0	0	0	0	0	0.000	0.000	0	0	0	0	0	0	0	0	0	0	0	0	0
114	114	560	727.936	540.236	67	134	234	105	11	56	71	232	156	34	170.752	227	205	196	189	183	177	170	158	141	126	107	112.782	129	121	119	117	116	114	111	109	106	104	96	0	0	0.000	0.000	0	0	0	0	0	0	0	0	0	0	0	0.000	0.000	0	0	0	0	0	0	0	0	0	0	0	0	0
115	115	1939	1916.402	564.186	224	612	618	396	41	207	676	669	279	74	608.728	5337	738	681	649	623	594	565	527	451	277	113	139.937	579	152	145	142	139	136	132	129	124	115	100	1	31	1923.753	576.312	0	0	0	2816	0	0	345	0	0	1	36	1922.835	575.371	0	0	0	1801	0	0	355	0	0	0	0	0	0
116	116	1020	1255.523	571.677	62	322	373	231	19	81	495	247	127	49	189.237	244	218	211	204	198	192	186	179	169	153	119	130.992	154	143	140	137	135	132	129	126	123	117	102	0	0	0.000	0.000	0	0	0	0	0	0	0	0	0	0	0	0.000	0.000	0	0	0	0	0	0	0	0	0	0	0	0	0
117	117	2064	308.803	591.375	242	382	685	501	218	204	505	894	284	145	2493.524	27416	7516	1228	551	361	278	230	196	169	137	105	554.825	5995	1295	360	247	213	191	175	159	144	128	106	1	322	305.091	591.857	0	0	0	12580	0	0	1975	0	0	1	251	305.261	591.724	0	0	0	18658	0	0	2778	0	0	0	0	0	0
118	118	1492	1301.782	595.269	122	344	622	324	59	72	489	613	206	89	389.369	8084	462	268	239	226	212	199	187	173	155	110	133.271	481	146	136	132	128	125	122	120	117	113	101	1	54	1313.003	592.639	0	0	0	3592	0	0	299	0	0	1	49	1313.249	592.889	0	0	0	3718	0	0	309	0	0	0	0	0	0
119	119	1874	670.337	631.045	169	264	667	547	195	146	434	861	302	93	240.748	3003	277	240	228	217	207	196	184	169	151	113	160.898	758	194	181	171	162	155	148	141	130	111	100	1	32	669.663	628.404	0	0	0	1732	0	0	291	0	0	1	42	667.592	627.414	0	0	0	502	0	0	384	0	0	0	0	0	0
120	120	1850	137.395	645.101	155	398	738	408	109	66	344	1004	291	110	524.330	782	692	646	610	574	537	491	448	407	345	160	124.414	150	136	132	129	127	125	122	120	117	112	100	0	0	0.000	0.000	0	0	0	0	0	0	0	0	0	0	0	0.000	0.000	0	0	0	0	0	0	0	0	0	0	0	0	0
121	121	1830	322.612	646.416	347	274	670	418	96	339	481	687	230	58	187.390	315	241	218	208	198	187	176	163	147	130	108	172.555	246	218	205	195	183	172	163	151	140	125	102	0	0	0.000	0.000	0	0	0	0	0	0	0	0	0	0	0	0.000	0.000	0	0	0	0	0	0	0	0	0	0	0	0	0
122	122	2254	1324.771	644.439	303	1204	607	97	9	130	862	806	302	110	569.672	10600	668	551	497	447	405	364	329	296	247	130	160.035	1174	182	165	156	149	142	136	130	124	118	100	1	57	1308.616	636.717	0	0	0	4855	0	0	484	0	0	1	58	1307.405	637.034	0	0	0	3241	0	0	609	0	0	0	0	0	0
123	123	2121	194.725	651.824	251	415	871	500	43	160	526	973	309	117	478.371	736	641	616	588	549	514	481	432	345	208	109	121.078	148	132	130	127	125	123	121	117	111	105	95	0	0	0.000	0.000	0	0	0	0	0	0	0	0	0	0	0	0.000	0.000	0	0	0	0	0	0	0	0	0	0	0	0	0
124	124	595	89.603	651.136	67	106	163	180	71	89	194	186	95	16	124.835	143	135	132	130	128	126	124	121	117	113	104	113.958	127	121	119	117	116	115	113	111	109	107	99	0	0	0.000	0.000	0	0	0	0	0	0	0	0	0	0	0	0.000	0.000	0	0	0	0	0	0	0	0	0	0	0	0	0
125	125	1542	1556.050	653.451	197	524	565	198	36	307	741	333	105	17	432.081	10761	471	249	216	194	180	169	157	143	125	103	161.663	1560	170	144	136	132	127	123	119	115	107	99	1	58	1553.695	643.723	0	0	0	4958	0	0	698	0	0	1	69	1553.691	643.207	0	0	0	4047	0	0	698	0	0	0	0	0	0
126	126	1691	1478.543	664.985	145	328	569	473	142	173	505	661	260	67	457.547	713	580	544	521	504	481	453	413	361	297	138	104.830	119	109	107	106	105	104	104	103	102	101	96	0	0	0.000	0.000	0	0	0	0	0	0	0	0	0	0	0	0.000	0.000	0	0	0	0	0	0	0	0	0	0	0	0	0
127	127	526	633.052	655.951	91	109	131	143	44	88	155	186	69	13	154.171	201	184	176	170	165	160	153	144	126	112	102	132.337	174	159	154	150	144	134	125	113	108	104	99	0	0	0.000	0.000	0	0	0	0	0	0	0	0	0	0	0	0.000	0.000	0	0	0	0	0	0	0	0	0	0	0	0	0
128	128	536	1374.869	662.904	110	110	162	116	24	81	118	193	95	42	248.562	337	307	299	288	278	266	248	230	199	152	110	129.545	154	143	140	137	135	132	128	122	119	113	102	0	0	0.000	0.000	0	0	0	0	0	0	0	0	0	0	0	0.000	0.000	0	0	0	0	0	0	0	0	0	0	0	0	0
129	129	1137	1596.876	689.104	66	403	417	197	35	70	598	254	162	35	172.631	224	200	193	187	181	174	167	161	153	143	111	137.062	171	152	148	144	141	138	135	131	126	120	104	0	0	0.000	0.000	0	0	0	0	0	0	0	0	0	0	0	0.000	0.000	0	0	0	0	0	0	0	0	0	0	0	0	0
130	130	2075	1510.907	709.655	251	512	691	502	82	200	593	792	314	129	456.578	724	603	571	544	515	483	443	406	350	256	111	106.010	128	112	108	107	106	105	104	104	103	102	95	0	0	0.000	0.000	0	0	0	0	0	0	0	0	0	0	0	0.000	0.000	0	0	0	0	0	0	0	0	0	0	0	0	0
131	131	544	1936.918	706.888	100	154	127	121	27	79	145	140	149	23	137.625	166	152	149	145	143	140	137	135	128	117	98	140.399	168	156	153	150	148	145	141	135	127	117	103	0	0	0.000	0.000	0	0	0	0	0	0	0	0	0	0	0	0.000	0.000	0	0	0	0	0	0	0	0	0	0	0	0	0
132	132	1494	1569.940	729.363	198	481	488	230	69	172	689	356	211	36	110.261	123	115	113	112	111	110	109	108	107	106	95	106.623	117	111	109	108	107	106	106	105	104	103	93	0	0	0.000	0.000	0	0	0	0	0	0	0	0	0	0	0	0.000	0.000	0	0	0	0	0	0	0	0	0	0	0	0	0
133	133	974	1619.963	736.327	120	220	294	293	28	96	299	311	165	75	111.269	124	117	115	113	112	111	110	109	108	106	101	107.315	122	112	110	109	108	107	106	105	104	103	96	0	0	0.000	0.000	0	0	0	0	0	0	0	0	0	0	0	0.000	0.000	0	0	0	0	0	0	0	0	0	0	0	0	0
134	134	1470	1255.208	751.625	243	422	506	244	24	173	425	517	259	57	182.676	802	215	203	194	186	177	168	159	150	136	104	133.330	216	150	146	141	136	132	128	124	120	116	104	1	29	1271.178	759.883	0	0	0	482	0	0	145	0	0	0	0	0.000	0.000	0	0	0	0	0	0	0	0	0	0	0	0	0
135	135	1226	1493.057	758.364	282	512	350	29	27	368	621	178	21	17	354.652	497	453	432	415	394	370	343	314	283	226	141	108.023	133	116	111	109	108	107	106	105	104	103	94	0	0	0.000	0.000	0	0	0	0	0	0	0	0	0	1	139	1488.117	763.300	0	0	0	352	0	0	119	0	0	0	0	0	0
136	136	1354	297.797	760.774	318	343	407	207	56	273	357	407	214	81	312.125	552	454	424	396	361	314	275	240	200	147	101	105.453	117	110	108	107	106	105	104	104	103	102	97	0	0	0.000	0.000	0	0	0	0	0	0	0	0	0	0	0	0.000	0.000	0	0	0	0	0	0	0	0	0	0	0	0	0
137	137	1946	1820.807	775.596	235	540	698	334	102	177	611	669	307	147	890.129	1350	1207	1113	1061	994	940	869	776	658	511	188	112.107	127	119	116	115	113	112	111	110	108	105	97	0	0	0.000	0.000	0	0	0	0	0	0	0	0	0	0	0	0.000	0.000	0	0	0	0	0	0	0	0	0	0	0	0	0
138	138	1669	1299.788	788.940	240	333	639	360	55	198	456	647	266	76	402.044	11115	366	187	168	160	154	147	140	132	124	98	154.558	1190	159	144	139	134	130	126	122	117	109	100	1	65	1312.228	794.208	0	0	0	4783	0	0	374	0	0	1	73	1312.530	792.498	0	0	0	1369	0	0	562	0	0	0	0	0	0
139	139	2003	1711.541	795.963	318	669	606	328	46	238	672	554	343	159	630.120	898	808	765	725	690	661	620	568	498	410	156	132.712	162	145	142	139	137	134	132	129	124	117	98	0	0	0.000	0.000	0	0	0	0	0	0	0	0	0	0	0	0.000	0.000	0	0	0	0	0	0	0	0	0	0	0	0	0
140	140	1482	99.915	812.536	139	362	573	325	57	88	361	680	261	65	1184.845	3410	1633	1515	1399	1293	1199	1109	1016	855	631	253	163.735	534	189	180	172	166	160	153	147	140	130	108	0	0	0.000	0.000	0	0	0	0	0	0	0	0	0	1	21	111.238	824.599	0	0	0	2459	0	0	395	0	0	0	0	0	0
141	141	601	1547.049	807.815	70	189	171	143	16	62	157	181	129	55	146.146	182	168	163	159	154	151	146	139	128	113	103	129.072	160	146	142	139	136	132	128	121	112	107	100	0	0	0.000	0.000	0	0	0	0	0	0	0	0	0	0	0	0.000	0.000	0	0	0	0	0	0	0	0	0	0	0	0	0
142	142	2385	1474.253	821.779	346	776	818	361	39	382	1291	515	138	14	726.098	19463	715	280	213	187	170	160	152	143	130	105	266.146	4731	287	185	168	160	152	146	139	132	124	105	1	117	1474.051	815.179	0	0	0	8135	0	0	1868	0	0	1	105	1474.552	814.778	0	0	0	10276	0	0	2028	0	0	0	0	0	0
143	143	1695	1345.920	821.912	140	527	611	319	64	105	564	653	254	80	256.551	5340	269	206	193	184	176	167	159	148	136	106	142.383	482	156	148	144	141	137	134	131	127	121	104	1	40	1354.242	828.385	0	0	0	2623	0	0	305	0	0	1	38	1354.461	827.611	0	0	0	1798	0	0	314	0	0	0	0	0	0
144	144	855	1836.420	819.942	77	168	256	214	130	73	298	250	162	58	490.260	903	742	665	597	556	513	475	409	291	186	120	108.604	125	116	114	112	110	108	106	104	103	102	96	0	0	0.000	0.000	0	0	0	0	0	0	0	0	0	0	0	0.000	0.000	0	0	0	0	0	0	0	0	0	0	0	0	0
145	145	1248	1599.556	833.871	152	322	343	299	114	143	475	372	173	56	964.934	1387	1244	1187	1133	1072	1002	937	861	758	604	250	110.196	125	115	113	112	111	110	109	108	107	106	100	0	0	0.000	0.000	0	0	0	0	0	0	0	0	0	0	0	0.000	0.000	0	0	0	0	0	0	0	0	0	0	0	0	0
146	146	1546	389.222	837.790	143	331	633	384	32	117	299	741	278	87	145.199	483	162	157	153	150	146	142	136	129	115	100	159.269	209	187	180	173	167	161	156	149	142	124	103	1	16	395.551	829.177	0	0	0	285	0	0	195	0	0	0	0	0.000	0.000	0	0	0	0	0	0	0	0	0	0	0	0	0
147	147	1217	853.746	836.232	91	327	466	278	30	62	274	565	190	102	272.818	372	335	325	311	297	282	265	248	226	195	125	128.728	157	144	139	135	131	128	125	122	119	114	103	0	0	0.000	0.000	0	0	0	0	0	0	0	0	0	0	0	0.000	0.000	0	0	0	0	0	0	0	0	0	0	0	0	0
148	148	1937	335.346	845.114	207	535	722	383	54	159	751	651	259	69	408.976	610	540	513	492	465	437	390	345	293	242	134	110.937	136	118	115	113	111	110	109	107	106	105	97	0	0	0.000	0.000	0	0	0	0	0	0	0	0	0	0	0	0.000	0.000	0	0	0	0	0	0	0	0	0	0	0	0	0
149	149	1900	1036.473	849.016	451	746	547	122	10	355	762	471	248	35	306.656	472	387	368	351	335	317	295	271	243	211	118	104.814	118	109	107	106	105	104	104	103	102	101	96	0	0	0.000	0.000	0	0	0	0	0	0	0	0	0	0	0	0.000	0.000	0	0	0	0	0	0	0	0	0	0	0	0	0
150	150	1425	1383.809	847.151	123	434	442	343	56	158	683	352	190	19	111.575	131	117	115	114	113	112	111	109	108	106	98	222.548	306	271	257	248	240	229	214	199	184	170	126	0	0	0.000	0.000	0	0	0	0	0	0	0	0	0	0	0	0.000	0.000	0	0	0	0	0	0	0	0	0	0	0	0	0
151	151	1392	1703.685	850.743	207	258	414	353	137	190	362	462	259	97	620.381	926	823	768	730	700	670	639	574	477	302	138	131.756	168	147	143	140	138	136	133	128	118	108	100	0	0	0.000	0.000	0	0	0	0	0	0	0	0	0	0	0	0.000	0.000	0	0	0	0	0	0	0	0	0	0	0	0	0
152	152	1852	628.154	857.085	261	380	665	417	94	274	675	588	230	56	708.752	17533	841	302	211	183	169	157	146	136	125	104	278.673	3216	350	244	218	205	193	180	166	147	128	104	1	92	632.076	854.100	0	0	0	8019	0	0	1264	0	0	1	91	632.468	852.794	0	0	0	4075	0	0	1646	0	0	0	0	0	0
153	153	758	113.804	854.288	65	165	322	156	29	41	159	333	153	64	276.394	386	332	313	301	289	279	270	260	244	214	127	122.272	143	130	128	126	124	122	121	119	117	114	104	0	0	0.000	0.000	0	0	0	0	0	0	0	0	0	0	0	0.000	0.000	0	0	0	0	0	0	0	0	0	0	0	0	0
154	154	1433	154.059	864.916	723	637	22	15	13	688	642	42	15	12	953.988	18770	1493	388	231	200	187	177	167	154	134	101	271.961	2251	371	228	212	202	194	185	174	165	153	108	1	105	146.567	871.524	0	0	0	7898	0	0	852	0	0	1	93	147.223	871.831	0	0	0	9625	0	0	1194	0	0	0	0	0	0
155	155	1574	277.333	862.635	166	334	506	383	156	148	696	461	199	37	109.112	123	114	113	111	110	109	108	107	106	104	97	149.121	186	167	163	159	155	151	147	142	136	127	103	0	0	0.000	0.000	0	0	0	0	0	0	0	0	0	0	0	0.000	0.000	0	0	0	0	0	0	0	0	0	0	0	0	0
156	156	556	1503.532	863.202	92	173	178	85	18	41	150	162	138	54	135.687	161	150	146	143	139	136	134	130	125	120	107	138.522	165	151	148	145	143	140	136	133	129	124	111	0	0	0.000	0.000	0	0	0	0	0	0	0	0	0	0	0	0.000	0.000	0	0	0	0	0	0	0	0	0	0	0	0	0
157	157	1629	1583.195	882.303	230	481	586	283	21	173	458	550	289	124	877.571	1404	1214	1132	1050	976	904	843	760	657	475	156	110.578	129	117	115	113	112	111	109	108	106	104	97	0	0	0.000	0.000	0	0	0	0	0	0	0	0	0	0	0	0.000	0.000	0	0	0	0	0	0	0	0	0	0	0	0	0
158	158	1037	1346.647	878.499	165	204	288	270	93	138	201	309	306	66	110.128	121	115	113	112	111	110	109	108	107	105	99	192.644	280	241	231	220	206	193	180	168	158	143	110	0	0	0.000	0.000	0	0	0	0	0	0	0	0	0	0	0	0.000	0.000	0	0	0	0	0	0	0	0	0	0	0	0	0
159	159	1694	371.342	886.561	230	558	595	263	19	223	634	513	249	52	176.776	2766	181	164	158	154	150	145	140	133	121	103	168.548	364	197	188	181	174	168	161	154	147	136	110	1	29	369.307	873.101	0	0	0	1110	0	0	261	0	0	0	0	0.000	0.000	0	0	0	0	0	0	0	0	0	0	0	0	0
160	160	1205	314.299	891.714	169	420	406	174	21	232	694	206	41	10	393.471	611	537	488	466	440	407	371	335	296	231	139	109.720	133	116	113	112	110	109	108	107	105	104	99	0	0	0.000	0.000	0	0	0	0	0	0	0	0	0	0	0	0.000	0.000	0	0	0	0	0	0	0	0	0	0	0	0	0
161	161	1674	119.814	894.153	267	542	631	180	26	201	595	595	233	16	1642.057	23008	3546	682	344	251	221	207	191	167	135	101	371.906	3218	677	275	244	232	218	206	190	172	150	105	1	208	116.541	885.243	0	0	0	10394	0	0	1277	0	0	1	157	116.954	885.450	0	0	0	14590	0	0	1667	0	0	0	0	0	0
162	162	1772	1095.815	903.482	687	699	310	26	21	858	684	180	15	11	3592.842	8783	6335	5582	4676	3980	3392	2815	2413	1799	1025	315	110.580	126	117	115	113	112	110	109	107	106	104	97	0	0	0.000	0.000	0	0	0	0	0	0	0	0	0	0	0	0.000	0.000	0	0	0	0	0	0	0	0	0	0	0	0	0
163	163	1207	1042.080	900.034	140	297	438	284	34	122	458	386	188	24	324.882	456	407	391	375	356	337	315	290	259	223	131	104.460	117	108	107	106	105	104	104	103	102	101	97	0	0	0.000	0.000	0	0	0	0	0	0	0	0	0	0	0	0.000	0.000	0	0	0	0	0	0	0	0	0	0	0	0	0
164	164	1230	585.947	905.083	115	233	440	355	60	78	326	554	177	59	179.672	235	216	208	203	197	189	180	167	148	125	102	117.346	141	128	125	122	120	118	115	112	109	105	100	0	0	0.000	0.000	0	0	0	0	0	0	0	0	0	0	0	0.000	0.000	0	0	0	0	0	0	0	0	0	0	0	0	0
165	165	1506	174.197	910.616	190	323	555	338	70	145	364	681	212	81	174.677	245	217	205	193	185	176	168	159	147	126	103	221.197	321	288	270	251	236	224	210	197	175	148	108	0	0	0.000	0.000	0	0	0	0	0	0	0	0	0	0	0	0.000	0.000	0	0	0	0	0	0	0	0	0	0	0	0	0
166	166	1121	635.230	908.458	119	222	334	385	45	85	326	439	184	61	138.119	170	158	154	150	146	142	136	130	122	110	99	185.905	270	244	232	220	208	193	176	156	136	115	100	0	0	0.000	0.000	0	0	0	0	0	0	0	0	0	0	0	0.000	0.000	0	0	0	0	0	0	0	0	0	0	0	0	0
167	167	1423	536.562	911.166	113	271	501	377	133	123	479	540	191	65	1202.422	18527	2299	575	327	256	226	204	183	161	130	103	205.746	2065	282	139	127	122	119	116	112	108	105	96	1	137	536.494	903.645	0	0	0	8430	0	0	840	0	0	1	118	535.961	903.003	0	0	0	8796	0	0	996	0	0	0	0	0	0
168	168	1091	1338.957	933.293	110	255	356	276	76	78	264	410	242	84	902.090	1388	1280	1185	1097	1016	940	864	762	637	439	189	122.819	146	134	130	128	126	123	121	118	115	111	102	0	0	0.000	0.000	0	0	0	0	0	0	0	0	0	0	0	0.000	0.000	0	0	0	0	0	0	0	0	0	0	0	0	0
169	169	1869	950.256	961.048	337	497	586	368	43	390	790	435	197	22	112.900	128	119	117	116	114	113	112	110	109	106	99	219.816	301	268	255	243	232	223	213	202	188	164	118	0	0	0.000	0.000	0	0	0	0	0	0	0	0	0	0	0	0.000	0.000	0	0	0	0	0	0	0	0	0	0	0	0	0
170	170	2254	1374.710	969.876	497	863	685	153	22	488	1145	475	98	13	2239.733	26518	3481	1395	1121	1019	946	885	821	733	516	178	249.585	3372	319	155	137	131	127	124	121	118	113	101	1	206	1375.746	966.916	0	0	0	12996	0	0	1103	0	0	1	152	1375.630	966.583	0	0	0	19332	0	0	1541	0	0	0	0	0	0
171	171	1857	441.326	974.498	311	485	577	393	47	334	800	454	228	16	110.528	127	116	114	113	112	111	110	108	107	105	99	143.095	188	162	157	152	147	144	139	135	130	122	106	0	0	0.000	0.000	0	0	0	0	0	0	0	0	0	0	0	0.000	0.000	0	0	0	0	0	0	0	0	0	0	0	0	0
172	172	1268	1459.670	975.172	101	437	425	240	39	130	571	369	151	14	143.965	180	162	156	152	148	145	142	138	133	123	105	144.726	187	169	162	156	151	147	143	137	127	114	102	0	0	0.000	0.000	0	0	0	0	0	0	0	0	0	0	0	0.000	0.000	0	0	0	0	0	0	0	0	0	0	0	0	0
173	173	1079	661.589	985.343	74	196	425	284	82	101	277	439	170	69	113.018	130	120	117	116	114	113	112	110	109	106	100	104.904	112	108	107	106	105	105	104	103	103	102	98	0	0	0.000	0.000	0	0	0	0	0	0	0	0	0	0	0	0.000	0.000	0	0	0	0	0	0	0	0	0	0	0	0	0
174	174	1435	488.577	992.957	185	266	444	390	116	195	431	495	233	51	110.126	124	116	114	112	111	110	109	108	106	105	98	145.403	189	167	160	155	150	145	141	136	131	124	104	0	0	0.000	0.000	0	0	0	0	0	0	0	0	0	0	0	0.000	0.000	0	0	0	0	0	0	0	0	0	0	0	0	0
175	175	1292	989.451	997.330	142	334	460	304	34	127	497	400	221	29	110.985	127	116	115	113	112	111	110	109	107	106	97	221.630	291	265	254	244	234	223	213	203	191	176	128	0	0	0.000	0.000	0	0	0	0	0	0	0	0	0	0	0	0.000	0.000	0	0	0	0	0	0	0	0	0	0	0	0	0
176	176	2761	833.106	1012.554	397	1033	909	320	40	376	1111	817	326	77	591.910	1037	852	755	696	646	591	540	498	444	330	131	107.853	124	113	111	109	108	107	107	106	105	103	97	0	0	0.000	0.000	0	0	0	0	0	0	0	0	0	0	0	0.000	0.000	0	0	0	0	0	0	0	0	0	0	0	0	0
177	177	1904	703.007	1011.323	197	531	799	309	37	100	608	792	285	78	115.863	138	125	122	119	118	116	114	112	110	107	100	105.249	117	109	107	107	106	105	104	104	103	102	97	0	0	0.000	0.000	0	0	0	0	0	0	0	0	0	0	0	0.000	0.000	0	0	0	0	0	0	0	0	0	0	0	0	0
178	178	1890	1492.354	1020.088	153	514	641	422	123	175	692	563	335	99	189.701	4660	189	163	156	151	148	144	140	135	128	102	146.727	394	172	163	157	151	145	140	135	126	112	101	1	27	1481.535	1028.302	0	0	0	1571	0	0	173	0	0	1	23	1483.696	1026.074	0	0	0	434	0	0	308	0	0	0	0	0	0
179	179	1846	371.287	1020.855	314	681	684	122	16	174	421	773	289	152	481.565	6571	574	495	462	434	408	386	354	306	198	119	146.938	886	164	151	145	140	136	130	125	120	110	100	1	35	368.743	1006.947	0	0	0	3475	0	0	344	0	0	1	47	368.379	1007.908	0	0	0	2840	0	0	492	0	0	0	0	0	0
180	180	1708	777.962	1022.683	230	531	502	328	82	233	794	412	187	48	784.372	15549	964	370	323	278	254	241	226	203	177	118	148.491	1201	161	124	120	117	115	114	112	110	108	100	1	104	788.129	1012.526	0	0	0	6855	0	0	519	0	0	1	96	787.958	1013.241	0	0	0	7185	0	0	563	0	0	0	0	0	0
181	181	1302	1267.432	1038.934	189	376	478	218	25	119	312	511	227	99	155.134	200	181	173	166	161	156	151	146	139	128	104	157.831	198	179	173	168	165	160	156	151	143	132	110	0	0	0.000	0.000	0	0	0	0	0	0	0	0	0	0	0	0.000	0.000	0	0	0	0	0	0	0	0	0	0	0	0	0
182	182	934	1008.646	1037.037	272	404	202	27	8	95	279	296	196	52	113.534	155	127	122	118	114	111	109	106	105	103	97	183.903	319	265	249	227	200	175	154	135	122	114	100	1	29	1011.992	1030.650	0	0	0	141	0	0	288	0	0	0	0	0.000	0.000	0	0	0	0	0	0	0	0	0	0	0	0	0
183	183	1070	1390.245	1049.190	93	366	363	183	40	195	504	247	88	9	149.752	179	165	161	157	154	151	148	145	139	132	105	154.838	195	176	171	167	163	159	152	146	138	128	105	0	0	0.000	0.000	0	0	0	0	0	0	0	0	0	0	0	0.000	0.000	0	0	0	0	0	0	0	0	0	0	0	0	0
184	184	684	332.801	1044.751	112	90	183	216	72	59	145	272	155	45	261.118	362	322	309	295	283	274	265	252	216	163	116	119.417	150	135	132	129	126	122	115	108	105	103	97	0	0	0.000	0.000	0	0	0	0	0	0	0	0	0	0	0	0.000	0.000	0	0	0	0	0	0	0	0	0	0	0	0	0
185	185	1708	954.701	1061.329	170	441	586	379	88	204	779	492	183	16	1189.933	21774	1941	546	316	234	197	179	164	149	132	102	335.698	3249	494	294	256	234	215	195	177	162	145	106	1	133	953.580	1057.419	0	0	0	9827	0	0	1545	0	0	1	120	953.329	1057.170	0	0	0	11160	0	0	1699	0	0	0	0	0	0
186	186	507	845.008	1055.621	48	156	180	91	27	40	187	191	58	16	578.905	803	739	704	673	647	615	568	510	450	369	197	106.278	113	110	109	108	107	106	105	105	104	103	96	0	0	0.000	0.000	0	0	0	0	0	0	0	0	0	0	0	0.000	0.000	0	0	0	0	0	0	0	0	0	0	0	0	0
187	187	1690	1833.585	1061.227	446	577	429	173	26	370	714	342	205	34	1014.015	17274	1245	625	545	491	447	405	367	313	245	120	265.770	4751	321	159	146	139	134	128	123	118	113	103	1	102	1829.393	1054.563	0	0	0	7997	0	0	1793	0	0	1	89	1828.866	1055.090	0	0	0	8082	0	0	1957	0	0	0	0	0	0
188	188	1703	1291.907	1079.981	158	423	685	353	45	184	573	626	238	46	673.233	17060	694	243	200	187	176	164	149	136	119	102	196.568	1634	215	192	181	171	161	151	142	131	119	105	1	83	1278.586	1076.894	0	0	0	7325	0	0	743	0	0	1	82	1278.251	1077.578	0	0	0	8224	0	0	806	0	0	0	0	0	0
189	189	1656	485.318	1078.290	331	361	644	256	38	287	417	527	291	96	115.864	151	128	123	120	117	115	113	111	108	105	98	1027.889	1887	1635	1468	1316	1168	1036	899	759	609	390	141	0	0	0.000	0.000	0	0	0	0	0	0	0	0	0	0	0	0.000	0.000	0	0	0	0	0	0	0	0	0	0	0	0	0
190	190	1440	1002.220	1086.272	219	248	499	407	45	150	319	613	221	113	170.917	227	200	194	188	182	176	169	160	149	131	105	244.066	339	308	296	282	269	254	239	221	197	157	110	0	0	0.000	0.000	0	0	0	0	0	0	0	0	0	0	0	0.000	0.000	0	0	0	0	0	0	0	0	0	0	0	0	0
191	191	1677	1500.712	1099.054	315	592	507	214	20	258	588	472	279	44	392.884	9213	470	265	230	213	202	192	181	170	149	112	167.148	1033	183	166	162	158	154	149	142	134	121	103	1	54	1503.660	1107.598	0	0	0	4130	0	0	574	0	0	1	46	1502.873	1107.495	0	0	0	4152	0	0	597	0	0	0	0	0	0
192	192	1327	734.953	1093.627	108	308	489	342	53	62	334	577	210	124	111.894	125	118	115	114	113	112	111	110	108	106	99	111.568	130	119	116	114	112	111	110	108	107	105	98	0	0	0.000	0.000	0	0	0	0	0	0	0	0	0	0	0	0.000	0.000	0	0	0	0	0	0	0	0	0	0	0	0	0
193	193	557	393.257	1096.308	54	173	131	138	50	58	175	175	100	41	230.124	306	271	261	252	245	235	226	211	200	181	134	105.916	117	110	108	107	106	106	105	104	103	102	96	0	0	0.000	0.000	0	0	0	0	0	0	0	0	0	0	0	0.000	0.000	0	0	0	0	0	0	0	0	0	0	0	0	0
194	194	1811	522.429	1111.463	226	564	651	295	42	185	568	666	328	35	299.440	1597	357	341	330	318	300	283	263	232	177	114	177.057	702	209	199	190	182	175	166	158	140	118	103	1	24	536.455	1099.066	0	0	0	1032	0	0	491	0	0	1	33	536.738	1098.564	0	0	0	887	0	0	480	0	0	0	0	0	0
195	195	1657	1627.437	1137.189	200	470	572	321	69	236	603	477	246	68	639.022	15055	831	325	261	230	203	189	176	165	151	109	156.934	943	176	146	141	137	134	131	128	122	114	103	1	89	1625.459	1146.511	0	0	0	5836	0	0	343	0	0	1	85	1624.618	1145.121	0	0	0	3265	0	0	489	0	0	0	0	0	0
196	196	1665	409.643	1133.985	225	339	530	413	123	211	628	508	255	45	299.629	472	384	361	345	326	307	288	268	239	197	123	105.933	118	110	108	107	106	106	105	104	104	103	98	0	0	0.000	0.000	0	0	0	0	0	0	0	0	0	0	0	0.000	0.000	0	0	0	0	0	0	0	0	0	0	0	0	0
197	197	1721	464.103	1136.911	141	351	797	349	58	140	765	534	208	27	196.274	268	232	222	214	206	200	193	182	171	155	117	268.536	373	328	314	303	291	280	262	242	220	191	136	0	0	0.000	0.000	0	0	0	0	0	0	0	0	0	0	0	0.000	0.000	0	0	0	0	0	0	0	0	0	0	0	0	0
198	198	3316	901.129	1132.277	603	840	1328	421	55	502	801	1330	484	133	2512.918	31225	6448	1005	430	294	252	229	203	174	134	101	1103.218	11201	1874	763	689	635	586	528	464	378	192	113	1	461	902.064	1126.318	0	0	0	15528	0	0	3703	0	0	1	315	902.068	1126.252	0	0	0	23799	0	0	6183	0	0	0	0	0	0
199	199	1859	608.300	1142.130	362	459	597	336	80	266	584	642	205	125	722.692	1243	1049	959	907	847	778	705	613	464	250	114	115.164	141	126	122	119	117	115	113	110	108	106	99	0	0	0.000	0.000	0	0	0	0	0	0	0	0	0	0	0	0.000	0.000	0	0	0	0	0	0	0	0	0	0	0	0	0
200	200	1552	731.181	1140.975	238	358	486	391	51	250	504	443	283	41	110.693	127	116	114	113	112	111	110	108	107	106	99	112.578	136	122	117	115	113	111	110	109	108	106	99	0	0	0.000	0.000	0	0	0	0	0	0	0	0	0	0	0	0.000	0.000	0	0	0	0	0	0	0	0	0	0	0	0	0
201	201	3430	830.255	1159.147	750	607	1220	700	105	600	765	1306	497	197	221.057	308	260	250	242	236	229	221	209	192	167	112	683.401	1059	902	855	819	783	734	662	578	494	396	175	0	0	0.000	0.000	0	0	0	0	0	0	0	0	0	0	0	0.000	0.000	0	0	0	0	0	0	0	0	0	0	0	0	0
202	202	1334	1489.098	1151.324	184	343	419	315	45	104	388	474	244	87	201.073	258	236	229	222	216	209	200	190	174	151	114	146.636	181	165	160	155	151	147	144	140	136	126	107	0	0	0.000	0.000	0	0	0	0	0	0	0	0	0	0	0	0.000	0.000	0	0	0	0	0	0	0	0	0	0	0	0	0
203	203	651	1216.902	1149.163	89	276	212	55	10	58	299	172	92	22	291.992	438	363	342	325	309	295	282	263	244	215	139	117.227	135	125	122	120	119	117	115	114	112	110	103	0	0	0.000	0.000	0	0	0	0	0	0	0	0	0	0	0	0.000	0.000	0	0	0	0	0	0	0	0	0	0	0	0	0
204	204	1615	1260.099	1158.018	222	479	560	291	22	120	627	523	250	67	396.064	570	502	469	450	433	413	388	356	320	267	146	117.602	139	126	123	121	119	117	116	114	112	109	101	0	0	0.000	0.000	0	0	0	0	0	0	0	0	0	0	0	0.000	0.000	0	0	0	0	0	0	0	0	0	0	0	0	0
205	205	1444	1377.388	1165.164	144	417	534	276	46	157	558	395	211	95	429.303	624	542	517	492	462	438	416	390	360	290	142	149.816	183	166	161	158	154	151	149	145	140	129	102	0	0	0.000	0.000	0	0	0	0	0	0	0	0	0	0	0	0.000	0.000	0	0	0	0	0	0	0	0	0	0	0	0	0
206	206	1171	1102.140	1164.147	136	149	369	353	141	128	200	520	194	105	165.454	217	195	186	179	173	166	159	153	145	136	114	141.032	176	159	153	149	146	142	138	134	129	121	106	0	0	0.000	0.000	0	0	0	0	0	0	0	0	0	0	0	0.000	0.000	0	0	0	0	0	0	0	0	0	0	0	0	0
207	207	2812	516.861	1176.377	318	680	1101	604	58	226	569	1217	536	190	460.608	12045	421	291	274	260	245	232	214	189	158	103	315.244	1968	406	361	335	315	293	266	241	219	182	114	1	89	525.237	1169.598	0	0	0	5278	0	0	1043	0	0	1	67	525.224	1168.776	0	0	0	6802	0	0	1236	0	0	0	0	0	0
208	208	1664	688.069	1174.049	126	326	648	376	163	175	648	524	213	66	616.662	9364	769	553	509	471	433	398	355	314	254	138	133.252	765	144	127	122	119	117	115	114	112	110	101	1	54	686.511	1166.562	0	0	0	4524	0	0	437	0	0	1	65	686.077	1166.213	0	0	0	4150	0	0	380	0	0	0	0	0	0
209	209	1866	1763.565	1174.773	192	372	693	455	127	169	472	769	313	104	264.993	5143	294	232	217	206	197	189	177	163	148	112	190.442	695	228	214	203	191	182	174	168	159	144	106	1	39	1767.876	1169.335	0	0	0	2326	0	0	449	0	0	1	33	1767.344	1168.764	0	0	0	1918	0	0	471	0	0	0	0	0	0
210	210	1187	1604.171	1180.633	159	295	379	268	63	126	319	432	196	94	162.913	237	208	190	181	173	167	158	145	130	113	99	120.213	146	135	131	128	125	122	118	113	107	104	98	0	0	0.000	0.000	0	0	0	0	0	0	0	0	0	0	0	0.000	0.000	0	0	0	0	0	0	0	0	0	0	0	0	0
211	211	891	630.358	1180.182	83	209	331	216	41	111	208	362	145	46	706.565	1194	1081	979	878	800	743	661	549	436	277	144	114.186	132	124	122	119	116	114	112	109	106	104	98	0	0	0.000	0.000	0	0	0	0	0	0	0	0	0	0	0	0.000	0.000	0	0	0	0	0	0	0	0	0	0	0	0	0
212	212	1734	1150.762	1186.600	160	459	716	330	31	93	474	772	284	72	331.327	7447	347	233	215	205	194	183	174	162	147	109	154.227	710	173	159	152	146	142	138	135	130	124	104	1	56	1151.723	1190.889	0	0	0	3136	0	0	371	0	0	1	48	1152.212	1190.684	0	0	0	3621	0	0	435	0	0	0	0	0	0
213	213	1976	1312.146	1196.906	333	633	576	351	48	215	546	623	317	233	178.522	239	212	204	198	190	182	172	163	152	140	114	157.531	208	186	178	171	165	160	155	148	139	121	102	0	0	0.000	0.000	0	0	0	0	0	0	0	0	0	0	0	0.000	0.000	0	0	0	0	0	0	0	0	0	0	0	0	0
214	214	1883	1403.524	1211.312	176	415	616	491	140	193	481	690	358	116	228.095	342	291	272	256	241	228	215	202	185	164	118	130.876	159	144	140	138	135	133	131	127	121	113	101	0	0	0.000	0.000	0	0	0	0	0	0	0	0	0	0	0	0.000	0.000	0	0	0	0	0	0	0	0	0	0	0	0	0
215	215	2459	118.422	1209.260	321	651	991	407	43	240	805	1029	288	54	3711.141	33282	14527	2485	1122	825	694	605	517	423	283	122	958.207	10759	3009	548	261	188	161	148	139	129	119	103	1	431	116.651	1208.113	0	0	0	18985	0	0	3878	0	0	1	343	116.779	1207.898	0	0	0	24019	0	0	5145	0	0	0	0	0	0
216	216	763	719.279	1205.861	70	169	226	194	91	90	214	242	148	57	375.718	523	448	434	422	408	392	375	350	319	274	150	117.567	133	126	123	121	119	118	116	114	112	110	103	0	0	0.000	0.000	0	0	0	0	0	0	0	0	0	0	0	0.000	0.000	0	0	0	0	0	0	0	0	0	0	0	0	0
217	217	1897	1465.424	1209.168	241	865	648	103	7	129	606	804	266	56	673.488	14970	794	375	292	247	223	207	189	176	159	112	160.420	1174	167	146	141	137	135	131	127	123	118	103	1	97	1460.609	1199.033	0	0	0	7007	0	0	452	0	0	1	84	1461.414	1198.841	0	0	0	7727	0	0	625	0	0	0	0	0	0
218	218	1822	467.742	1219.281	153	355	688	438	155	134	532	762	266	93	254.398	4208	287	230	215	205	195	184	172	160	140	104	129.878	471	141	135	132	128	125	122	119	116	112	101	1	41	460.192	1222.396	0	0	0	1921	0	0	285	0	0	1	37	459.897	1222.166	0	0	0	1921	0	0	295	0	0	0	0	0	0
219	219	1249	887.441	1220.389	393	610	189	15	16	420	630	135	16	16	175.778	3188	185	145	138	134	131	128	125	122	117	102	217.089	403	272	254	241	228	216	204	191	178	163	118	1	27	880.311	1213.155	0	0	0	1328	0	0	306	0	0	0	0	0.000	0.000	0	0	0	0	0	0	0	0	0	0	0	0	0
220	220	2059	937.104	1232.676	203	622	700	420	85	158	825	675	293	60	131.026	159	142	138	136	133	131	129	127	124	119	105	215.047	306	252	240	232	225	219	212	203	192	171	114	0	0	0.000	0.000	0	0	0	0	0	0	0	0	0	0	0	0.000	0.000	0	0	0	0	0	0	0	0	0	0	0	0	0
221	221	1863	780.679	1237.923	168	684	666	275	35	141	706	638	262	80	228.683	3901	228	199	189	182	174	169	163	156	146	118	177.681	564	207	195	185	177	172	166	161	154	145	109	1	46	777.215	1227.642	0	0	0	1548	0	0	320	0	0	1	26	775.808	1226.941	0	0	0	1502	0	0	406	0	0	0	0	0	0
222	222	1359	75.425	1241.792	142	404	458	283	42	151	470	442	205	70	601.514	867	764	735	710	686	652	606	534	448	352	219	126.718	150	138	135	132	130	129	126	123	119	111	102	0	0	0.000	0.000	0	0	0	0	0	0	0	0	0	0	0	0.000	0.000	0	0	0	0	0	0	0	0	0	0	0	0	0
223	223	1313	1737.250	1241.085	166	254	429	332	111	160	473	417	200	42	111.970	129	118	116	114	113	112	111	110	108	106	100	106.187	118	110	108	107	107	106	105	105	104	103	97	0	0	0.000	0.000	0	0	0	0	0	0	0	0	0	0	0	0.000	0.000	0	0	0	0	0	0	0	0	0	0	0	0	0
224	224	1894	1334.881	1249.588	162	453	744	413	75	186	541	679	347	100	608.436	15065	679	276	216	196	183	172	161	150	140	104	185.903	1103	216	187	176	169	164	159	153	142	122	104	1	89	1322.207	1245.614	0	0	0	6603	0	0	418	0	0	1	78	1321.448	1243.580	0	0	0	2347	0	0	645	0	0	0	0	0	0
225	225	1616	1505.030	1247.726	200	628	598	156	12	139	441	626	325	63	253.120	339	304	291	283	275	267	257	241	216	173	111	135.934	174	155	149	145	140	135	130	127	123	119	107	0	0	0.000	0.000	0	0	0	0	0	0	0	0	0	0	0	0.000	0.000	0	0	0	0	0	0	0	0	0	0	0	0	0
226	226	1684	827.350	1255.807	228	495	616	284	33	179	711	571	167	27	110.467	124	115	114	112	111	110	109	108	107	106	100	240.780	334	294	274	260	248	237	226	218	210	199	138	0	0	0.000	0.000	0	0	0	0	0	0	0	0	0	0	0	0.000	0.000	0	0	0	0	0	0	0	0	0	0	0	0	0
227	227	1640	529.787	1267.365	298	591	535	158	25	226	577	548	211	39	161.424	244	217	203	189	176	160	144	130	118	109	100	341.305	629	558	512	459	402	340	274	215	165	136	105	0	0	0.000	0.000	0	0	0	0	0	0	0	0	0	0	0	0.000	0.000	0	0	0	0	0	0	0	0	0	0	0	0	0
228	228	1448	1450.313	1262.319	166	329	496	353	75	131	417	540	266	66	285.245	418	363	342	326	312	297	278	258	227	187	127	148.845	187	169	164	161	156	152	146	140	132	124	106	0	0	0.000	0.000	0	0	0	0	0	0	0	0	0	0	0	0.000	0.000	0	0	0	0	0	0	0	0	0	0	0	0	0
229	229	1806	146.399	1269.007	237	668	743	118	12	164	712	674	200	28	183.804	2556	206	184	174	167	160	154	147	140	129	104	175.714	312	220	207	194	182	172	163	154	146	136	111	1	26	152.218	1271.107	0	0	0	1238	0	0	242	0	0	0	0	0.000	0.000	0	0	0	0	0	0	0	0	0	0	0	0	0
230	230	1833	212.742	1274.210	813	586	328	74	10	605	549	419	182	49	317.122	564	453	418	385	360	335	305	257	205	147	105	146.536	200	174	168	163	157	151	144	134	121	110	99	0	0	0.000	0.000	0	0	0	0	0	0	0	0	0	0	0	0.000	0.000	0	0	0	0	0	0	0	0	0	0	0	0	0
231	231	1730	877.698	1278.954	342	480	534	333	20	233	458	570	376	52	115.999	132	123	121	119	117	116	115	113	111	109	102	266.535	405	343	313	295	281	269	252	233	216	193	123	0	0	0.000	0.000	0	0	0	0	0	0	0	0	0	0	0	0.000	0.000	0	0	0	0	0	0	0	0	0	0	0	0	0
232	232	768	96.163	1279.338	108	138	280	187	36	65	213	261	152	58	141.996	180	160	155	151	148	145	141	136	130	117	102	161.681	204	187	181	175	169	164	157	151	143	132	113	0	0	0.000	0.000	0	0	0	0	0	0	0	0	0	0	0	0.000	0.000	0	0	0	0	0	0	0	0	0	0	0	0	0
233	233	1740	1404.752	1287.168	163	678	592	239	33	116	528	645	292	123	292.075	4476	292	271	263	255	244	233	215	197	168	116	159.728	562	181	173	168	163	158	153	147	140	126	104	1	37	1389.829	1275.968	0	0	0	2038	0	0	213	0	0	1	23	1391.355	1274.043	0	0	0	997	0	0	377	0	0	0	0	0	0
234	234	1953	1730.664	1293.216	255	699	647	289	32	345	829	529	191	22	112.937	128	119	117	115	114	113	112	111	109	107	101	107.220	125	113	110	108	107	107	106	105	104	103	96	0	0	0.000	0.000	0	0	0	0	0	0	0	0	0	0	0	0.000	0.000	0	0	0	0	0	0	0	0	0	0	0	0	0
235	235	646	743.299	1287.657	62	193	206	129	50	114	293	159	56	15	1620.834	2311	2109	2012	1889	1791	1677	1529	1381	1223	1068	639	134.907	161	148	144	141	139	136	132	130	126	121	109	0	0	0.000	0.000	0	0	0	0	0	0	0	0	0	0	0	0.000	0.000	0	0	0	0	0	0	0	0	0	0	0	0	0
236	236	1328	1302.794	1296.000	158	449	539	126	16	100	314	536	273	77	112.660	130	118	117	115	114	113	112	110	109	107	100	250.849	356	310	294	281	269	257	242	225	207	183	138	0	0	0.000	0.000	0	0	0	0	0	0	0	0	0	0	0	0.000	0.000	0	0	0	0	0	0	0	0	0	0	0	0	0
237	237	1660	790.767	1296.171	246	475	604	247	47	204	517	600	261	43	113.599	127	119	117	116	115	114	113	111	110	108	99	268.854	377	331	311	299	287	276	264	249	227	194	132	0	0	0.000	0.000	0	0	0	0	0	0	0	0	0	0	0	0.000	0.000	0	0	0	0	0	0	0	0	0	0	0	0	0
238	238	836	496.425	1303.155	265	220	162	138	40	210	147	253	151	66	130.702	169	149	144	140	135	132	128	122	116	109	101	197.789	301	255	236	223	214	203	191	175	154	132	105	0	0	0.000	0.000	0	0	0	0	0	0	0	0	0	0	0	0.000	0.000	0	0	0	0	0	0	0	0	0	0	0	0	0
239	239	1708	692.844	1314.421	176	343	595	441	109	170	668	584	233	24	869.577	19034	1220	360	222	183	172	164	155	147	133	107	314.835	3076	404	278	257	240	225	211	194	177	154	112	1	109	693.696	1321.445	0	0	0	8460	0	0	1419	0	0	1	92	693.738	1320.855	0	0	0	9658	0	0	1544	0	0	0	0	0	0
240	240	623	833.825	1299.804	99	170	199	121	16	91	204	197	99	20	109.106	120	114	112	111	110	109	108	107	106	105	97	262.565	355	323	310	299	284	269	258	240	219	187	135	0	0	0.000	0.000	0	0	0	0	0	0	0	0	0	0	0	0.000	0.000	0	0	0	0	0	0	0	0	0	0	0	0	0
241	241	2387	1456.254	1328.548	458	475	727	542	142	385	552	777	436	183	694.608	17179	705	270	198	176	166	158	151	141	126	106	351.277	4162	387	333	312	295	277	251	222	194	156	111	1	128	1448.645	1333.634	0	0	0	7576	0	0	1597	0	0	1	88	1448.390	1333.157	0	0	0	11682	0	0	2237	0	0	0	0	0	0
242	242	1762	121.068	1323.647	161	559	596	359	44	228	896	386	204	20	239.842	392	311	287	269	256	243	230	212	191	164	105	149.773	217	182	173	165	158	149	142	133	126	119	100	0	0	0.000	0.000	0	0	0	0	0	0	0	0	0	0	0	0.000	0.000	0	0	0	0	0	0	0	0	0	0	0	0	0
243	243	1315	642.414	1323.357	268	652	337	23	16	253	765	224	38	10	158.034	197	176	171	166	162	159	156	151	146	138	116	248.943	340	306	294	284	271	258	241	226	207	177	108	0	0	0.000	0.000	0	0	0	0	0	0	0	0	0	0	0	0.000	0.000	0	0	0	0	0	0	0	0	0	0	0	0	0
244	244	1458	1652.531	1340.899	293	509	428	189	17	212	514	437	236	32	251.927	352	316	303	289	277	262	245	226	202	171	121	131.032	161	146	142	139	136	133	128	124	119	114	101	0	0	0.000	0.000	0	0	0	0	0	0	0	0	0	0	0	0.000	0.000	0	0	0	0	0	0	0	0	0	0	0	0	0
245	245	2321	1278.952	1351.539	223	944	911	179	14	126	709	1014	381	49	113.099	127	118	117	116	114	113	112	111	110	108	99	229.097	327	278	264	255	246	235	221	207	192	175	110	0	0	0.000	0.000	0	0	0	0	0	0	0	0	0	0	0	0.000	0.000	0	0	0	0	0	0	0	0	0	0	0	0	0
246	246	2360	904.436	1354.596	503	780	721	277	33	431	800	745	287	69	133.012	167	150	145	141	138	135	131	128	122	112	100	106.337	119	110	109	108	107	106	105	105	104	103	97	0	0	0.000	0.000	0	0	0	0	0	0	0	0	0	0	0	0.000	0.000	0	0	0	0	0	0	0	0	0	0	0	0	0
247	247	1629	575.623	1355.795	450	617	437	92	11	487	663	376	73	9	1219.015	2218	1921	1733	1567	1398	1253	1060	892	730	468	183	107.815	120	112	111	110	108	108	107	106	105	104	99	0	0	0.000	0.000	0	0	0	0	0	0	0	0	0	0	0	0.000	0.000	0	0	0	0	0	0	0	0	0	0	0	0	0
248	248	2097	173.612	1369.209	231	429	821	455	123	144	574	872	355	121	110.466	126	117	115	113	112	111	109	108	106	104	97	215.715	314	269	255	244	234	221	210	195	175	149	102	0	0	0.000	0.000	0	0	0	0	0	0	0	0	0	0	0	0.000	0.000	0	0	0	0	0	0	0	0	0	0	0	0	0
249	249	1169	480.456	1359.660	113	322	414	247	57	72	496	366	164	44	132.748	335	145	141	138	135	133	130	126	122	118	102	230.907	316	283	271	262	252	238	223	207	188	165	126	0	0	0.000	0.000	0	0	0	0	0	0	0	0	0	0	0	0.000	0.000	0	0	0	0	0	0	0	0	0	0	0	0	0
250	250	1920	73.641	1378.239	428	504	550	331	70	324	595	563	327	62	113.040	129	121	118	116	115	113	111	110	108	106	98	126.430	158	138	134	132	129	127	125	122	118	114	99	0	0	0.000	0.000	0	0	0	0	0	0	0	0	0	0	0	0.000	0.000	0	0	0	0	0	0	0	0	0	0	0	0	0
251	251	2364	623.168	1382.922	260	521	978	447	106	200	650	986	373	115	988.717	13068	1154	1018	948	886	821	751	667	570	468	230	124.697	505	135	126	122	120	117	115	113	111	109	102	1	55	629.791	1388.480	0	0	0	6977	0	0	318	0	0	1	63	629.802	1387.734	0	0	0	5259	0	0	307	0	0	0	0	0	0
252	252	1106	126.956	1371.068	152	366	362	174	34	126	517	285	131	23	252.388	358	321	306	291	278	261	242	224	204	170	107	161.986	212	191	185	179	172	165	157	149	139	128	104	0	0	0.000	0.000	0	0	0	0	0	0	0	0	0	0	0	0.000	0.000	0	0	0	0	0	0	0	0	0	0	0	0	0
253	253	1903	1462.958	1383.613	250	392	630	459	133	236	695	632	231	76	156.524	192	176	171	167	163	159	154	148	142	133	103	267.886	382	347	332	316	293	270	248	226	207	186	120	0	0	0.000	0.000	0	0	0	0	0	0	0	0	0	0	0	0.000	0.000	0	0	0	0	0	0	0	0	0	0	0	0	0
254	254	936	833.374	1388.120	206	248	239	154	72	271	259	210	138	36	113.471	131	121	119	117	115	114	112	110	108	105	99	111.608	131	121	117	114	113	111	109	108	106	104	99	0	0	0.000	0.000	0	0	0	0	0	0	0	0	0	0	0	0.000	0.000	0	0	0	0	0	0	0	0	0	0	0	0	0
255	255	2163	1410.932	1400.934	272	540	740	464	114	267	709	759	344	36	112.033	129	118	116	114	113	112	111	110	108	106	100	144.776	183	167	163	158	152	146	140	134	126	118	103	0	0	0.000	0.000	0	0	0	0	0	0	0	0	0	0	0	0.000	0.000	0	0	0	0	0	0	0	0	0	0	0	0	0
256	256	1636	504.666	1395.513	330	571	458	219	28	351	711	388	129	33	112.667	127	119	117	115	114	113	111	110	109	107	100	223.711	297	260	251	246	240	234	225	213	194	169	114	0	0	0.000	0.000	0	0	0	0	0	0	0	0	0	0	0	0.000	0.000	0	0	0	0	0	0	0	0	0	0	0	0	0
257	257	1849	444.743	1400.834	275	615	535	348	40	175	645	557	284	136	134.910	162	149	145	142	139	136	133	129	125	119	105	234.212	357	300	278	261	246	231	218	205	192	176	133	0	0	0.000	0.000	0	0	0	0	0	0	0	0	0	0	0	0.000	0.000	0	0	0	0	0	0	0	0	0	0	0	0	0
258	258	1614	734.501	1397.711	195	482	570	310	31	116	582	535	277	78	186.444	712	210	199	193	187	183	177	171	161	149	115	247.159	340	305	289	277	262	248	233	218	206	190	144	1	21	728.084	1401.416	0	0	0	462	0	0	309	0	0	0	0	0.000	0.000	0	0	0	0	0	0	0	0	0	0	0	0	0
259	259	2271	1043.147	1413.137	221	606	853	439	101	159	666	895	380	136	644.528	14315	706	401	323	282	255	233	216	200	172	115	129.808	692	139	124	120	117	115	112	110	108	106	98	1	103	1041.261	1412.999	0	0	0	6706	0	0	346	0	0	1	98	1041.137	1412.035	0	0	0	6380	0	0	388	0	0	0	0	0	0
260	260	1321	786.545	1408.694	131	442	524	181	17	107	599	361	193	30	505.684	768	668	630	600	569	529	482	435	385	314	129	111.784	134	119	116	114	112	111	110	109	107	106	98	0	0	0.000	0.000	0	0	0	0	0	0	0	0	0	0	0	0.000	0.000	0	0	0	0	0	0	0	0	0	0	0	0	0
261	261	1502	1671.876	1424.408	221	316	450	373	113	189	358	528	311	85	172.846	1131	201	190	181	174	168	162	155	145	130	103	140.154	173	157	151	147	143	140	137	133	130	125	110	1	20	1663.703	1439.476	0	0	0	571	0	0	148	0	0	0	0	0.000	0.000	0	0	0	0	0	0	0	0	0	0	0	0	0
262	262	2128	675.251	1426.759	364	686	739	265	28	337	982	566	173	31	192.204	942	219	211	204	199	193	187	179	165	144	111	266.181	403	350	329	310	291	270	253	237	213	163	110	1	19	698.276	1432.784	0	0	0	541	0	0	199	0	0	0	0	0.000	0.000	0	0	0	0	0	0	0	0	0	0	0	0	0
263	263	1551	988.518	1433.300	248	353	540	318	56	210	497	500	248	74	239.444	350	301	281	266	255	243	229	217	197	171	126	115.493	137	124	122	119	117	115	113	112	109	107	94	0	0	0.000	0.000	0	0	0	0	0	0	0	0	0	0	0	0.000	0.000	0	0	0	0	0	0	0	0	0	0	0	0	0
264	264	981	1627.639	1436.750	362	360	201	31	9	263	365	249	79	11	112.490	131	120	117	115	113	112	111	109	107	105	99	336.964	598	472	423	387	360	336	314	290	249	196	123	0	0	0.000	0.000	0	0	0	0	0	0	0	0	0	0	0	0.000	0.000	0	0	0	0	0	0	0	0	0	0	0	0	0
265	265	2094	497.845	1450.872	511	1051	449	40	16	431	1136	420	71	15	639.004	16897	697	250	210	195	184	175	164	152	134	107	203.167	2772	218	159	151	146	141	136	132	127	119	103	1	96	504.177	1461.138	0	0	0	7219	0	0	1113	0	0	1	89	504.408	1461.116	0	0	0	7842	0	0	1190	0	0	0	0	0	0
266	266	1756	1805.618	1452.589	212	472	595	352	89	167	511	584	326	140	355.192	4110	389	367	355	342	329	309	279	247	216	138	139.245	479	153	146	142	138	134	131	128	124	119	106	1	39	1816.285	1457.037	0	0	0	1769	0	0	165	0	0	1	35	1818.820	1459.032	0	0	0	699	0	0	306	0	0	0	0	0	0
267	267	1259	600.294	1450.949	231	429	392	161	25	287	384	377	161	27	792.181	15455	1174	508	385	331	298	267	240	212	183	130	130.705	676	146	122	117	115	113	111	110	108	106	100	1	67	605.366	1451.206	0	0	0	6904	0	0	219	0	0	1	66	606.670	1451.549	0	0	0	5864	0	0	363	0	0	0	0	0	0
268	268	1636	440.706	1452.293	242	506	645	195	21	163	714	505	202	20	185.906	233	214	207	203	197	191	183	175	164	150	120	142.987	178	158	154	150	147	144	141	138	132	126	108	0	0	0.000	0.000	0	0	0	0	0	0	0	0	0	0	0	0.000	0.000	0	0	0	0	0	0	0	0	0	0	0	0	0
269	269	1671	1882.302	1457.521	210	516	650	233	35	154	591	571	286	44	162.304	208	185	180	176	172	166	161	153	144	131	104	232.184	316	286	276	268	256	241	226	210	187	160	116	0	0	0.000	0.000	0	0	0	0	0	0	0	0	0	0	0	0.000	0.000	0	0	0	0	0	0	0	0	0	0	0	0	0
270	270	945	1568.174	1458.953	172	301	272	161	23	72	346	299	145	52	198.146	271	239	229	222	214	205	197	185	170	138	105	138.073	171	157	152	148	144	140	137	132	124	112	101	0	0	0.000	0.000	0	0	0	0	0	0	0	0	0	0	0	0.000	0.000	0	0	0	0	0	0	0	0	0	0	0	0	0
271	271	1833	1092.749	1468.106	246	538	636	347	29	169	584	624	343	76	382.762	629	538	482	448	423	394	357	323	293	215	119	106.699	126	114	110	108	107	106	105	104	103	102	95	0	0	0.000	0.000	0	0	0	0	0	0	0	0	0	0	0	0.000	0.000	0	0	0	0	0	0	0	0	0	0	0	0	0
272	272	1060	1427.069	1460.014	121	336	317	231	42	85	330	412	189	27	143.636	188	161	157	153	150	146	141	136	130	122	103	346.315	488	450	429	409	386	362	333	303	271	216	129	0	0	0.000	0.000	0	0	0	0	0	0	0	0	0	0	0	0.000	0.000	0	0	0	0	0	0	0	0	0	0	0	0	0
273	273	1095	1526.298	1467.404	161	260	359	243	52	121	367	345	208	33	352.384	6381	500	271	225	206	196	186	176	166	152	116	149.073	499	164	155	151	147	144	140	136	131	122	103	1	46	1530.252	1473.182	0	0	0	2569	0	0	261	0	0	1	28	1529.526	1472.012	0	0	0	2080	0	0	339	0	0	0	0	0	0
274	274	536	1647.268	1467.645	88	132	127	130	48	89	217	143	58	15	144.384	176	160	157	153	150	146	143	139	133	124	111	135.606	160	151	147	144	141	137	134	130	124	118	106	0	0	0.000	0.000	0	0	0	0	0	0	0	0	0	0	0	0.000	0.000	0	0	0	0	0	0	0	0	0	0	0	0	0
275	275	973	707.168	1477.481	127	272	417	118	14	130	364	282	138	20	308.791	438	388	371	355	336	322	298	274	248	211	130	104.949	119	110	107	106	105	104	104	103	102	101	96	0	0	0.000	0.000	0	0	0	0	0	0	0	0	0	0	0	0.000	0.000	0	0	0	0	0	0	0	0	0	0	0	0	0
276	276	994	634.159	1482.545	170	269	284	219	40	92	249	291	267	76	310.035	1778	387	349	324	306	291	271	247	218	179	114	112.279	168	120	117	114	112	111	110	108	107	105	96	1	19	618.918	1486.380	0	0	0	1003	0	0	121	0	0	0	0	0.000	0.000	0	0	0	0	0	0	0	0	0	0	0	0	0
277	277	1896	1767.929	1493.523	287	733	647	171	20	215	750	582	284	24	377.905	557	492	463	437	411	389	362	327	290	245	138	105.466	119	109	108	107	106	105	105	104	103	102	96	0	0	0.000	0.000	0	0	0	0	0	0	0	0	0	0	0	0.000	0.000	0	0	0	0	0	0	0	0	0	0	0	0	0
278	278	1447	417.695	1500.057	411	616	312	58	17	467	721	180	40	13	564.718	10882	745	368	309	278	256	240	224	210	190	132	152.388	880	170	145	139	134	131	127	124	121	117	108	1	65	410.341	1491.900	0	0	0	5037	0	0	463	0	0	1	69	410.735	1492.383	0	0	0	4804	0	0	464	0	0	0	0	0	0
279	279	1869	470.181	1496.473	327	752	614	135	17	272	965	503	89	15	1394.414	22001	2348	665	422	350	297	253	227	208	183	117	215.638	2029	298	165	141	136	132	128	125	122	117	102	1	163	473.817	1491.897	0	0	0	10869	0	0	886	0	0	1	141	473.983	1491.302	0	0	0	12840	0	0	1001	0	0	0	0	0	0
280	280	1359	224.874	1497.467	145	342	412	301	135	159	411	425	280	49	145.257	179	160	156	152	149	146	143	140	135	129	109	120.985	139	130	127	125	123	121	119	117	115	112	102	0	0	0.000	0.000	0	0	0	0	0	0	0	0	0	0	0	0.000	0.000	0	0	0	0	0	0	0	0	0	0	0	0	0
281	281	1790	671.864	1509.327	214	519	530	423	76	185	596	605	310	56	350.264	568	462	425	400	382	364	345	322	283	201	115	106.088	123	112	109	107	106	105	104	104	103	102	94	0	0	0.000	0.000	0	0	0	0	0	0	0	0	0	0	0	0.000	0.000	0	0	0	0	0	0	0	0	0	0	0	0	0
282	282	1799	1822.693	1509.306	206	439	634	408	97	141	458	642	403	117	660.902	14881	754	369	295	264	240	220	202	181	153	109	194.929	2565	231	160	142	134	129	125	121	118	113	101	1	86	1822.957	1510.518	0	0	0	6906	0	0	976	0	0	1	79	1823.246	1511.196	0	0	0	6927	0	0	1110	0	0	0	0	0	0
283	283	1458	1872.460	1507.237	756	474	144	39	27	699	532	143	28	33	367.097	482	439	417	404	389	377	363	347	321	276	163	118.791	145	129	125	122	120	118	116	114	113	110	103	0	0	0.000	0.000	0	0	0	0	0	0	0	0	0	0	0	0.000	0.000	0	0	0	0	0	0	0	0	0	0	0	0	0
284	284	1707	1398.274	1512.823	231	588	568	231	62	150	535	583	314	98	251.996	4090	280	221	207	196	188	180	172	163	150	120	140.082	465	156	146	141	138	134	131	128	124	118	100	1	43	1397.068	1518.605	0	0	0	1811	0	0	270	0	0	1	40	1396.210	1517.931	0	0	0	1527	0	0	300	0	0	0	0	0	0
285	285	1629	318.919	1518.453	176	511	592	275	53	209	595	477	245	74	560.320	11054	697	354	298	270	252	239	223	203	177	118	130.295	690	143	122	117	115	113	111	110	108	106	98	1	76	325.425	1519.218	0	0	0	5135	0	0	395	0	0	1	85	325.299	1518.635	0	0	0	4203	0	0	346	0	0	0	0	0	0
286	286	2084	1069.858	1522.415	239	522	704	434	142	277	650	726	325	67	408.705	634	539	515	496	472	441	401	347	286	223	130	107.650	127	114	111	109	108	107	106	105	104	103	96	0	0	0.000	0.000	0	0	0	0	0	0	0	0	0	0	0	0.000	0.000	0	0	0	0	0	0	0	0	0	0	0	0	0
287	287	917	1610.421	1515.146	325	248	196	97	33	354	284	175	66	17	108.255	123	115	112	110	109	107	106	105	104	103	98	113.200	148	129	120	114	112	110	109	107	106	104	99	0	0	0.000	0.000	0	0	0	0	0	0	0	0	0	0	0	0.000	0.000	0	0	0	0	0	0	0	0	0	0	0	0	0
288	288	1317	564.087	1518.655	196	366	404	285	46	176	318	366	299	139	317.269	430	371	358	349	340	331	319	304	275	233	146	114.913	136	122	119	118	116	114	113	112	110	108	102	0	0	0.000	0.000	0	0	0	0	0	0	0	0	0	0	0	0.000	0.000	0	0	0	0	0	0	0	0	0	0	0	0	0
289	289	789	1717.080	1515.789	134	347	223	52	13	95	411	208	48	14	112.521	129	119	117	115	114	112	111	110	109	106	98	184.599	247	223	215	208	199	193	184	172	156	126	106	0	0	0.000	0.000	0	0	0	0	0	0	0	0	0	0	0	0.000	0.000	0	0	0	0	0	0	0	0	0	0	0	0	0
290	290	1834	184.952	1534.622	189	590	736	244	31	110	591	742	295	57	396.700	10703	450	247	214	200	188	177	163	151	136	112	132.027	557	144	134	129	125	122	120	117	114	111	103	1	65	183.068	1541.038	0	0	0	4208	0	0	291	0	0	1	64	183.456	1541.377	0	0	0	4308	0	0	315	0	0	0	0	0	0
291	291	1925	1675.583	1532.514	351	530	547	383	85	277	588	590	353	80	112.399	133	120	117	116	114	112	111	109	107	105	98	187.150	293	245	226	208	195	186	179	170	151	126	102	0	0	0.000	0.000	0	0	0	0	0	0	0	0	0	0	0	0.000	0.000	0	0	0	0	0	0	0	0	0	0	0	0	0
292	292	899	1510.463	1532.836	137	314	278	121	31	82	300	288	157	58	389.501	544	487	455	430	404	384	367	348	332	310	189	123.012	146	133	130	127	125	123	121	119	117	113	106	0	0	0.000	0.000	0	0	0	0	0	0	0	0	0	0	0	0.000	0.000	0	0	0	0	0	0	0	0	0	0	0	0	0
293	293	1227	250.719	1536.342	176	364	408	232	27	95	304	430	303	79	273.730	377	326	313	303	295	286	273	258	235	205	111	112.898	133	121	118	115	114	112	111	109	108	106	100	0	0	0.000	0.000	0	0	0	0	0	0	0	0	0	0	0	0.000	0.000	0	0	0	0	0	0	0	0	0	0	0	0	0
294	294	1588	1786.369	1546.186	227	438	468	379	46	179	416	522	341	103	349.959	484	446	426	407	379	355	335	312	281	233	136	107.629	120	113	111	109	108	107	106	105	104	103	98	0	0	0.000	0.000	0	0	0	0	0	0	0	0	0	0	0	0.000	0.000	0	0	0	0	0	0	0	0	0	0	0	0	0
295	295	1886	601.045	1555.454	268	570	669	308	42	196	528	722	282	132	725.294	14497	825	421	349	322	300	281	260	233	201	131	160.420	1542	168	138	132	128	126	123	120	117	113	103	1	92	604.253	1549.080	0	0	0	6935	0	0	503	0	0	1	72	605.201	1549.168	0	0	0	8962	0	0	821	0	0	0	0	0	0
296	296	1586	348.052	1562.961	258	331	575	353	42	184	325	619	338	88	109.292	125	114	112	111	110	109	108	107	106	104	98	107.794	128	114	111	109	108	107	106	105	104	103	96	0	0	0.000	0.000	0	0	0	0	0	0	0	0	0	0	0	0.000	0.000	0	0	0	0	0	0	0	0	0	0	0	0	0
297	297	1369	839.447	1559.967	236	475	342	205	87	153	602	334	179	77	1270.188	10226	1556	1406	1316	1255	1169	1062	959	849	674	236	195.749	1811	214	185	179	174	167	161	152	142	132	112	1	33	832.767	1566.456	0	0	0	6107	0	0	878	0	0	1	43	831.845	1567.099	0	0	0	4112	0	0	880	0	0	0	0	0	0
298	298	1460	1407.725	1556.689	525	435	329	116	34	460	571	278	113	21	120.971	145	132	128	125	124	121	119	117	114	109	101	490.763	865	728	663	613	558	510	467	411	309	187	123	0	0	0.000	0.000	0	0	0	0	0	0	0	0	0	0	0	0.000	0.000	0	0	0	0	0	0	0	0	0	0	0	0	0
299	299	1688	1631.125	1561.536	405	637	468	132	17	229	619	512	236	68	112.880	127	120	118	116	115	113	112	110	108	105	99	194.218	273	243	230	218	208	198	190	179	159	134	108	0	0	0.000	0.000	0	0	0	0	0	0	0	0	0	0	0	0.000	0.000	0	0	0	0	0	0	0	0	0	0	0	0	0
300	300	1282	298.442	1567.708	197	410	427	200	28	101	434	428	214	87	228.273	336	295	274	257	243	228	212	201	187	162	114	112.761	137	123	118	115	113	112	110	109	107	105	100	0	0	0.000	0.000	0	0	0	0	0	0	0	0	0	0	0	0.000	0.000	0	0	0	0	0	0	0	0	0	0	0	0	0
301	301	596	1056.772	1563.975	120	165	175	112	16	61	144	152	169	54	314.441	484	425	398	371	344	319	298	278	241	184	119	106.577	125	113	110	108	106	105	105	104	103	102	99	0	0	0.000	0.000	0	0	0	0	0	0	0	0	0	0	0	0.000	0.000	0	0	0	0	0	0	0	0	0	0	0	0	0
302	302	2179	1546.290	1578.055	421	625	697	381	26	263	516	732	505	129	119.114	139	128	125	123	121	119	117	115	113	110	102	408.750	679	575	518	485	451	412	373	333	295	254	114	0	0	0.000	0.000	0	0	0	0	0	0	0	0	0	0	0	0.000	0.000	0	0	0	0	0	0	0	0	0	0	0	0	0
303	303	2258	999.055	1579.221	403	561	721	435	103	309	521	844	391	158	2637.596	4081	3712	3506	3254	2985	2754	2535	2273	1921	1306	179	163.000	218	195	187	178	171	164	156	150	142	130	102	0	0	0.000	0.000	0	0	0	0	0	0	0	0	0	0	0	0.000	0.000	0	0	0	0	0	0	0	0	0	0	0	0	0
304	304	1190	499.145	1590.505	276	375	274	185	52	387	466	191	105	19	562.527	861	737	689	646	612	588	568	514	436	329	172	106.570	118	112	110	108	107	106	105	104	104	102	96	0	0	0.000	0.000	0	0	0	0	0	0	0	0	0	0	0	0.000	0.000	0	0	0	0	0	0	0	0	0	0	0	0	0
305	305	2417	1326.137	1600.104	441	796	785	313	30	241	604	791	525	211	3253.068	24308	16308	2537	910	536	402	329	275	228	182	115	1152.681	10888	4089	740	400	309	261	227	199	173	146	115	0	0	0.000	0.000	0	0	0	0	0	0	0	0	0	1	391	1324.461	1599.761	0	0	0	19845	0	0	5606	0	0	0	0	0	0
306	306	506	848.363	1590.746	85	133	111	100	71	98	169	111	73	42	992.196	1702	1569	1490	1352	1214	1067	891	684	475	300	170	154.387	206	189	182	176	167	156	147	138	125	115	101	0	0	0.000	0.000	0	0	0	0	0	0	0	0	0	0	0	0.000	0.000	0	0	0	0	0	0	0	0	0	0	0	0	0
307	307	2270	1255.398	1616.207	371	694	876	264	29	419	1014	686	100	11	706.026	19533	733	238	188	177	167	160	153	145	135	108	502.925	5850	545	448	424	405	389	366	333	288	245	131	1	105	1268.403	1621.654	0	0	0	8777	0	0	2742	0	0	1	91	1268.697	1621.054	0	0	0	8777	0	0	2992	0	0	0	0	0	0
308	308	1575	1615.200	1613.319	276	382	472	344	66	167	380	529	336	126	113.644	216	120	118	116	115	113	112	110	108	105	98	193.888	288	242	228	217	207	200	193	181	158	128	104	1	16	1616.502	1607.068	0	0	0	169	0	0	256	0	0	0	0	0.000	0.000	0	0	0	0	0	0	0	0	0	0	0	0	0
309	309	1249	534.218	1615.253	171	448	360	182	61	119	482	359	193	72	122.895	142	131	129	127	125	124	122	120	117	113	100	113.805	132	120	118	116	115	114	113	111	110	108	100	0	0	0.000	0.000	0	0	0	0	0	0	0	0	0	0	0	0.000	0.000	0	0	0	0	0	0	0	0	0	0	0	0	0
310	310	1860	155.549	1631.277	324	777	541	177	12	187	682	612	287	57	1105.225	1817	1609	1467	1323	1230	1154	1057	923	742	535	179	109.095	141	117	113	111	109	108	107	106	104	103	97	0	0	0.000	0.000	0	0	0	0	0	0	0	0	0	0	0	0.000	0.000	0	0	0	0	0	0	0	0	0	0	0	0	0
311	311	1835	485.058	1640.657	212	460	528	468	137	196	527	601	358	111	124.414	149	135	131	129	127	125	123	121	118	113	104	113.844	133	121	119	117	115	114	112	111	109	107	98	0	0	0.000	0.000	0	0	0	0	0	0	0	0	0	0	0	0.000	0.000	0	0	0	0	0	0	0	0	0	0	0	0	0
312	312	2183	421.928	1646.792	482	545	597	434	73	426	830	573	281	32	1387.839	22476	1960	739	535	446	395	341	293	242	190	127	278.931	4406	350	179	145	133	125	120	116	112	109	101	1	169	420.705	1645.452	0	0	0	10532	0	0	1585	0	0	1	130	420.719	1645.418	0	0	0	14637	0	0	2147	0	0	0	0	0	0
313	313	1844	581.959	1646.146	281	578	639	292	38	235	614	616	307	37	923.925	1557	1332	1189	1087	1013	953	893	813	657	455	173	113.078	143	122	119	116	114	112	110	109	107	105	100	0	0	0.000	0.000	0	0	0	0	0	0	0	0	0	0	0	0.000	0.000	0	0	0	0	0	0	0	0	0	0	0	0	0
314	314	1147	111.682	1648.585	156	320	390	222	34	142	310	409	200	57	1008.491	1597	1430	1368	1273	1171	1064	949	825	678	464	190	107.255	130	115	111	109	107	106	105	104	103	101	97	0	0	0.000	0.000	0	0	0	0	0	0	0	0	0	0	0	0.000	0.000	0	0	0	0	0	0	0	0	0	0	0	0	0
315	315	1571	370.664	1659.537	271	515	491	227	35	217	524	464	240	97	318.598	475	417	390	366	348	330	308	276	244	206	128	123.271	154	138	133	129	126	123	120	117	113	110	101	0	0	0.000	0.000	0	0	0	0	0	0	0	0	0	0	0	0.000	0.000	0	0	0	0	0	0	0	0	0	0	0	0	0
316	316	1634	1747.663	1664.012	252	441	468	352	91	173	511	510	313	98	749.984	14148	1043	562	473	424	388	351	310	270	208	119	142.864	934	163	135	128	123	120	117	115	112	109	99	1	67	1746.357	1662.366	0	0	0	6488	0	0	357	0	0	1	72	1747.323	1662.475	0	0	0	6115	0	0	484	0	0	0	0	0	0
317	317	2100	203.520	1666.404	378	702	699	240	47	274	730	750	252	52	113.480	130	120	118	116	115	114	113	111	109	106	97	234.463	378	316	289	268	251	232	214	197	181	157	116	0	0	0.000	0.000	0	0	0	0	0	0	0	0	0	0	0	0.000	0.000	0	0	0	0	0	0	0	0	0	0	0	0	0
318	318	1783	1404.729	1666.424	205	572	650	297	27	150	402	658	405	140	240.533	352	306	291	278	261	246	229	212	192	168	105	485.547	751	673	636	596	552	504	454	394	338	269	122	0	0	0.000	0.000	0	0	0	0	0	0	0	0	0	0	0	0.000	0.000	0	0	0	0	0	0	0	0	0	0	0	0	0
319	319	2031	1219.656	1671.019	353	694	669	242	32	234	633	777	286	60	552.016	14610	615	271	212	195	185	176	167	156	143	105	188.258	2407	208	155	147	141	137	133	130	126	121	105	1	83	1225.736	1676.746	0	0	0	6550	0	0	875	0	0	1	70	1225.916	1675.580	0	0	0	4611	0	0	1186	0	0	0	0	0	0
320	320	1049	537.405	1665.063	110	239	312	265	97	126	449	270	161	29	1012.586	1470	1382	1295	1207	1132	1049	965	867	758	592	228	114.228	136	123	119	117	115	114	112	111	109	107	101	0	0	0.000	0.000	0	0	0	0	0	0	0	0	0	0	0	0.000	0.000	0	0	0	0	0	0	0	0	0	0	0	0	0
321	321	1618	571.809	1696.694	298	590	496	184	23	377	803	378	22	9	113.277	128	120	118	117	115	114	112	110	108	105	99	156.829	208	186	180	175	169	163	157	147	130	112	99	0	0	0.000	0.000	0	0	0	0	0	0	0	0	0	0	0	0.000	0.000	0	0	0	0	0	0	0	0	0	0	0	0	0
322	322	1646	1133.693	1703.073	432	361	516	206	98	325	508	384	272	120	119.924	151	133	128	125	122	119	117	114	111	108	98	900.657	1724	1425	1334	1208	1070	910	754	634	483	312	156	0	0	0.000	0.000	0	0	0	0	0	0	0	0	0	0	0	0.000	0.000	0	0	0	0	0	0	0	0	0	0	0	0	0
323	323	1762	1603.375	1702.968	203	422	564	414	129	161	393	663	416	77	218.960	1009	255	244	235	226	217	205	193	177	156	111	150.230	280	168	162	159	155	152	148	142	135	128	104	1	22	1592.510	1690.046	0	0	0	692	0	0	149	0	0	0	0	0.000	0.000	0	0	0	0	0	0	0	0	0	0	0	0	0
324	324	1847	456.890	1698.709	321	580	535	343	33	306	551	513	389	63	335.256	8253	380	222	196	185	178	169	157	143	129	105	172.763	944	197	183	177	169	161	154	144	134	118	99	1	65	452.962	1688.019	0	0	0	3239	0	0	479	0	0	1	55	451.883	1687.113	0	0	0	1940	0	0	538	0	0	0	0	0	0
325	325	882	617.395	1696.517	103	277	279	186	23	64	319	300	136	46	111.274	125	117	115	113	112	111	110	109	108	106	100	159.527	202	186	179	174	169	163	155	148	140	127	105	0	0	0.000	0.000	0	0	0	0	0	0	0	0	0	0	0	0.000	0.000	0	0	0	0	0	0	0	0	0	0	0	0	0
326	326	763	391.973	1697.906	190	219	203	114	27	168	295	171	97	13	161.423	208	187	181	175	169	164	160	154	142	126	106	117.550	138	126	124	121	119	118	117	114	112	108	100	0	0	0.000	0.000	0	0	0	0	0	0	0	0	0	0	0	0.000	0.000	0	0	0	0	0	0	0	0	0	0	0	0	0
327	327	1617	345.609	1705.090	299	461	533	265	25	242	645	457	214	35	374.227	7970	458	274	236	216	200	187	174	159	140	110	130.760	618	143	129	125	122	120	117	115	113	110	100	1	60	345.819	1705.980	0	0	0	3295	0	0	317	0	0	1	54	346.108	1706.385	0	0	0	3746	0	0	345	0	0	0	0	0	0
328	328	1893	1182.850	1716.679	288	557	700	271	41	268	722	674	175	13	204.314	1712	239	223	213	203	194	185	176	165	144	106	139.921	266	157	151	148	144	140	137	133	128	120	102	1	26	1184.179	1722.105	0	0	0	730	0	0	163	0	0	0	0	0.000	0.000	0	0	0	0	0	0	0	0	0	0	0	0	0
329	329	1574	702.254	1708.535	238	423	494	327	66	169	433	526	288	129	593.241	931	778	707	673	645	623	589	543	479	376	151	106.893	119	111	109	108	107	107	106	105	104	103	99	0	0	0.000	0.000	0	0	0	0	0	0	0	0	0	0	0	0.000	0.000	0	0	0	0	0	0	0	0	0	0	0	0	0
330	330	1196	1732.941	1712.914	243	224	351	295	64	208	250	353	303	63	315.873	464	421	388	364	345	319	294	269	242	208	149	117.702	138	127	124	121	119	117	115	113	111	109	101	0	0	0.000	0.000	0	0	0	0	0	0	0	0	0	0	0	0.000	0.000	0	0	0	0	0	0	0	0	0	0	0	0	0
331	331	1686	201.486	1719.189	281	349	507	416	103	239	511	591	249	73	111.609	125	117	115	114	113	112	111	109	108	106	97	150.298	195	174	168	161	157	153	148	142	132	122	104	0	0	0.000	0.000	0	0	0	0	0	0	0	0	0	0	0	0.000	0.000	0	0	0	0	0	0	0	0	0	0	0	0	0
332	332	1400	508.289	1725.798	182	315	410	355	115	175	521	428	192	54	171.866	232	203	196	190	185	179	169	159	147	130	105	158.045	212	187	179	173	169	164	158	149	135	117	99	0	0	0.000	0.000	0	0	0	0	0	0	0	0	0	0	0	0.000	0.000	0	0	0	0	0	0	0	0	0	0	0	0	0
333	333	2033	1012.398	1735.633	312	625	655	363	41	253	590	733	340	65	1985.798	3114	2822	2668	2549	2375	2153	1896	1624	1312	816	250	147.748	200	177	169	162	156	148	141	134	127	117	101	0	0	0.000	0.000	0	0	0	0	0	0	0	0	0	0	0	0.000	0.000	0	0	0	0	0	0	0	0	0	0	0	0	0
334	334	1944	1087.549	1739.744	270	541	674	371	46	242	626	653	340	38	112.598	126	118	116	115	114	113	112	110	109	107	99	181.446	252	219	209	201	193	183	174	165	153	140	113	0	0	0.000	0.000	0	0	0	0	0	0	0	0	0	0	0	0.000	0.000	0	0	0	0	0	0	0	0	0	0	0	0	0
335	335	1696	256.590	1738.474	223	382	497	411	150	184	486	592	337	61	107.610	119	112	110	109	108	108	107	106	105	103	97	142.649	177	160	155	151	148	144	140	136	130	124	105	0	0	0.000	0.000	0	0	0	0	0	0	0	0	0	0	0	0.000	0.000	0	0	0	0	0	0	0	0	0	0	0	0	0
336	336	1743	749.055	1743.524	319	449	469	372	104	255	516	560	293	89	648.975	1141	966	866	788	716	656	610	559	450	266	132	108.824	138	117	112	110	108	107	107	106	105	103	97	0	0	0.000	0.000	0	0	0	0	0	0	0	0	0	0	0	0.000	0.000	0	0	0	0	0	0	0	0	0	0	0	0	0
337	337	1744	602.499	1759.016	288	459	491	369	105	224	438	502	379	163	852.823	1476	1226	1118	1018	920	849	786	722	630	453	167	133.638	175	153	146	143	139	136	131	126	119	110	97	0	0	0.000	0.000	0	0	0	0	0	0	0	0	0	0	0	0.000	0.000	0	0	0	0	0	0	0	0	0	0	0	0	0
338	338	1605	1469.918	1768.146	280	512	463	270	52	186	484	450	319	135	1151.103	19485	2063	443	236	195	181	173	166	157	141	106	378.407	3426	508	311	287	273	255	240	222	205	177	118	1	138	1461.116	1775.142	0	0	0	9196	0	0	1509	0	0	1	112	1461.113	1774.377	0	0	0	11818	0	0	1823	0	0	0	0	0	0
339	339	1594	1332.750	1769.695	284	435	501	314	31	273	463	471	309	44	109.566	122	114	113	111	110	110	109	108	106	105	98	192.799	266	224	213	206	201	196	189	181	172	159	114	0	0	0.000	0.000	0	0	0	0	0	0	0	0	0	0	0	0.000	0.000	0	0	0	0	0	0	0	0	0	0	0	0	0
340	340	1196	1285.264	1776.129	168	452	395	139	15	126	414	414	185	39	111.089	126	116	115	113	112	111	110	109	107	106	99	186.898	254	226	214	206	200	193	187	176	160	131	103	0	0	0.000	0.000	0	0	0	0	0	0	0	0	0	0	0	0.000	0.000	0	0	0	0	0	0	0	0	0	0	0	0	0
341	341	1297	1414.994	1783.583	217	336	344	293	87	204	335	327	298	109	430.866	10060	490	226	193	182	173	167	160	153	144	110	198.348	904	227	210	200	191	184	176	167	158	149	111	1	60	1407.906	1771.868	0	0	0	4255	0	0	502	0	0	1	41	1407.489	1771.654	0	0	0	5135	0	0	606	0	0	0	0	0	0
342	342	1376	1071.927	1789.078	214	399	423	278	39	217	430	408	258	34	109.479	121	115	113	111	110	109	108	107	106	105	99	170.339	230	200	194	188	181	174	166	156	146	135	112	0	0	0.000	0.000	0	0	0	0	0	0	0	0	0	0	0	0.000	0.000	0	0	0	0	0	0	0	0	0	0	0	0	0
343	343	1953	1236.389	1791.330	321	737	477	326	60	249	671	529	377	85	108.924	120	113	112	111	110	109	108	107	106	104	99	104.609	114	108	107	106	105	104	104	103	102	101	96	0	0	0.000	0.000	0	0	0	0	0	0	0	0	0	0	0	0.000	0.000	0	0	0	0	0	0	0	0	0	0	0	0	0
344	344	1351	1184.937	1798.099	126	408	436	275	80	159	498	456	180	32	109.619	121	115	113	112	111	110	109	107	106	105	98	105.621	126	111	108	106	105	104	104	103	102	102	97	0	0	0.000	0.000	0	0	0	0	0	0	0	0	0	0	0	0.000	0.000	0	0	0	0	0	0	0	0	0	0	0	0	0
345	345	1437	1373.550	1802.485	186	372	445	352	55	149	420	539	269	28	181.067	248	218	210	203	195	187	176	165	151	134	105	194.889	293	248	233	221	207	195	182	169	157	140	112	0	0	0.000	0.000	0	0	0	0	0	0	0	0	0	0	0	0.000	0.000	0	0	0	0	0	0	0	0	0	0	0	0	0
346	346	1215	585.882	1806.188	237	375	399	177	9	149	319	428	224	74	761.295	1256	1067	966	904	832	764	709	651	550	438	178	130.332	161	145	140	137	133	130	127	124	121	116	104	0	0	0.000	0.000	0	0	0	0	0	0	0	0	0	0	0	0.000	0.000	0	0	0	0	0	0	0	0	0	0	0	0	0
347	347	1446	1322.890	1824.029	258	385	389	314	72	166	402	450	295	104	108.612	124	114	112	111	110	109	108	106	105	104	99	111.950	143	121	116	113	112	110	109	108	107	105	99	0	0	0.000	0.000	0	0	0	0	0	0	0	0	0	0	0	0.000	0.000	0	0	0	0	0	0	0	0	0	0	0	0	0
348	348	1762	647.059	1830.909	217	478	571	401	65	163	405	643	386	135	114.052	130	122	120	118	116	114	113	111	109	105	98	106.076	120	111	109	107	106	106	105	104	103	102	96	0	0	0.000	0.000	0	0	0	0	0	0	0	0	0	0	0	0.000	0.000	0	0	0	0	0	0	0	0	0	0	0	0	0
349	349	1656	838.954	1844.153	202	419	543	386	76	186	472	568	298	96	110.654	123	116	114	113	112	111	110	108	107	105	99	118.612	147	131	126	123	120	117	115	113	111	109	100	0	0	0.000	0.000	0	0	0	0	0	0	0	0	0	0	0	0.000	0.000	0	0	0	0	0	0	0	0	0	0	0	0	0
350	350	1185	1797.244	1841.251	210	389	358	175	32	209	452	370	103	25	270.354	2480	282	264	256	248	240	227	214	196	172	126	122.731	224	136	130	126	123	120	118	116	114	111	102	1	34	1812.262	1839.548	0	0	0	1219	0	0	149	0	0	1	17	1812.530	1837.349	0	0	0	660	0	0	181	0	0	0	0	0	0
351	351	1718	1190.852	1843.105	308	491	518	285	82	279	531	565	254	47	476.291	778	644	586	548	516	480	449	412	364	296	150	106.531	119	111	109	108	107	106	106	105	104	103	95	0	0	0.000	0.000	0	0	0	0	0	0	0	0	0	0	0	0.000	0.000	0	0	0	0	0	0	0	0	0	0	0	0	0
352	352	1636	1538.452	1854.966	399	460	456	251	41	367	456	433	264	89	267.330	6595	278	199	178	169	162	155	148	139	127	103	179.896	444	217	205	197	190	181	173	161	145	127	104	1	46	1527.371	1854.324	0	0	0	2529	0	0	238	0	0	1	15	1528.634	1849.157	0	0	0	213	0	0	398	0	0	0	0	0	0
353	353	1798	684.056	1878.219	276	549	575	323	34	228	551	636	290	59	114.026	127	121	119	117	116	114	113	111	109	107	97	105.920	118	110	108	107	106	106	105	104	103	102	96	0	0	0.000	0.000	0	0	0	0	0	0	0	0	0	0	0	0.000	0.000	0	0	0	0	0	0	0	0	0	0	0	0	0
354	354	2714	1134.307	1881.039	658	701	864	362	74	597	875	850	283	50	1395.276	24004	1910	460	259	196	175	163	153	143	129	105	554.942	8648	725	341	289	256	235	221	209	190	158	112	1	244	1139.478	1881.051	0	0	0	10930	0	0	2733	0	0	1	185	1139.865	1881.107	0	0	0	16655	0	0	3888	0	0	0	0	0	0
355	355	1666	1222.408	1881.872	238	489	503	344	52	203	539	544	280	62	398.822	570	509	486	468	448	423	396	366	311	230	134	109.067	126	115	113	111	110	108	107	106	105	104	98	0	0	0.000	0.000	0	0	0	0	0	0	0	0	0	0	0	0.000	0.000	0	0	0	0	0	0	0	0	0	0	0	0	0
356	356	2052	1381.788	1883.331	489	492	600	379	66	479	649	608	248	28	209.707	7141	212	139	126	122	119	117	114	112	108	97	157.086	982	184	165	157	151	146	142	137	130	120	104	1	38	1388.172	1890.705	0	0	0	2914	0	0	502	0	0	1	35	1387.521	1890.239	0	0	0	1850	0	0	531	0	0	0	0	0	0
357	357	1800	1746.382	1884.650	185	482	537	424	126	227	698	553	248	41	710.217	15637	824	344	277	253	233	213	194	172	151	110	204.552	1587	234	187	176	167	161	155	148	140	130	107	1	96	1738.044	1877.045	0	0	0	7429	0	0	851	0	0	1	93	1738.049	1877.294	0	0	0	7595	0	0	876	0	0	0	0	0	0
358	358	1215	492.079	1886.466	168	305	371	306	38	123	400	398	220	48	164.675	217	195	186	181	175	167	159	151	141	131	107	148.341	189	170	165	160	155	149	145	139	132	123	106	0	0	0.000	0.000	0	0	0	0	0	0	0	0	0	0	0	0.000	0.000	0	0	0	0	0	0	0	0	0	0	0	0	0
359	359	1255	1868.016	1890.217	437	306	277	187	28	328	338	320	198	44	1237.198	2537	2182	1908	1649	1405	1181	984	773	586	395	161	107.643	121	113	111	109	108	107	106	106	105	103	97	0	0	0.000	0.000	0	0	0	0	0	0	0	0	0	0	0	0.000	0.000	0	0	0	0	0	0	0	0	0	0	0	0	0
360	360	986	835.350	1892.524	110	194	286	236	136	143	336	283	159	52	110.689	126	116	114	113	112	110	110	109	107	105	100	115.146	148	123	120	119	117	115	113	112	110	107	99	0	0	0.000	0.000	0	0	0	0	0	0	0	0	0	0	0	0.000	0.000	0	0	0	0	0	0	0	0	0	0	0	0	0
361	361	860	1493.514	1893.481	114	220	218	192	97	72	291	264	154	66	167.959	218	198	191	185	180	172	164	154	143	130	108	211.195	310	283	273	260	244	230	205	172	132	115	101	0	0	0.000	0.000	0	0	0	0	0	0	0	0	0	0	0	0.000	0.000	0	0	0	0	0	0	0	0	0	0	0	0	0
362	362	1588	1795.021	1907.777	305	412	430	343	67	267	456	477	306	52	279.194	3672	316	260	242	227	213	201	190	178	160	126	160.069	382	188	173	165	159	154	150	145	139	133	108	1	47	1801.090	1900.304	0	0	0	1617	0	0	210	0	0	1	24	1800.519	1896.187	0	0	0	499	0	0	324	0	0	0	0	0	0
363	363	1004	433.968	1903.850	182	252	266	235	39	148	246	334	185	77	1390.023	2244	1962	1822	1707	1568	1451	1307	1128	933	709	424	116.375	137	126	123	120	118	116	114	112	110	107	100	0	0	0.000	0.000	0	0	0	0	0	0	0	0	0	0	0	0.000	0.000	0	0	0	0	0	0	0	0	0	0	0	0	0
364	364	2434	1180.293	1915.572	359	518	884	526	87	243	431	850	616	234	206.738	2365	228	217	210	203	196	188	177	163	145	110	263.979	792	331	310	293	279	263	248	235	214	184	117	1	34	1178.350	1909.026	0	0	0	993	0	0	408	0	0	1	10	1175.967	1909.077	0	0	0	780	0	0	657	0	0	0	0	0	0
365	365	1994	1463.624	1931.978	469	674	635	164	18	373	769	616	191	14	433.218	8867	483	252	233	224	214	202	188	170	148	104	281.331	1783	350	324	298	271	248	229	209	190	158	106	1	86	1469.529	1940.067	0	0	0	4062	0	0	847	0	0	1	65	1470.107	1939.550	0	0	0	4515	0	0	1057	0	0	0	0	0	0
366	366	1938	864.405	1932.487	424	436	544	388	119	360	462	583	404	102	705.937	1195	1048	927	829	768	712	671	624	525	332	127	156.275	221	191	179	169	160	154	148	143	136	125	106	0	0	0.000	0.000	0	0	0	0	0	0	0	0	0	0	0	0.000	0.000	0	0	0	0	0	0	0	0	0	0	0	0	0
367	367	1504	506.671	1934.156	210	466	472	277	43	148	453	473	354	54	283.700	5340	310	210	195	186	179	172	165	154	135	107	151.963	439	180	166	156	149	143	139	136	132	126	105	1	52	503.609	1942.465	0	0	0	2155	0	0	205	0	0	1	36	500.971	1938.822	0	0	0	401	0	0	308	0	0	0	0	0	0
368	368	1461	556.768	1928.200	227	331	491	284	96	281	394	466	233	53	866.916	13855	1202	601	482	414	368	332	298	266	231	138	137.198	877	156	127	121	117	114	111	109	107	106	97	1	86	554.700	1919.743	0	0	0	6589	0	0	277	0	0	1	69	555.693	1917.623	0	0	0	2490	0	0	459	0	0	0	0	0	0
369	369	565	686.936	1922.982	111	135	143	119	51	90	151	153	104	63	110.002	124	116	114	112	111	110	109	108	106	105	99	107.211	127	112	110	109	107	106	106	105	104	103	99	0	0	0.000	0.000	0	0	0	0	0	0	0	0	0	0	0	0.000	0.000	0	0	0	0	0	0	0	0	0	0	0	0	0
370	370	1626	613.152	1935.195	223	407	499	413	45	155	372	483	429	163	418.149	4760	504	455	428	403	382	353	318	269	195	112	114.492	282	123	119	116	114	112	110	108	107	104	97	1	30	619.507	1931.392	0	0	0	2351	0	0	153	0	0	1	33	621.478	1930.746	0	0	0	974	0	0	191	0	0	0	0	0	0
371	371	1941	1660.458	1941.611	307	755	536	265	36	369	709	539	247	44	109.438	123	114	113	111	110	109	108	107	106	105	97	182.023	256	220	209	201	192	184	174	165	154	141	108	0	0	0.000	0.000	0	0	0	0	0	0	0	0	0	0	0	0.000	0.000	0	0	0	0	0	0	0	0	0	0	0	0	0
372	372	1847	458.334	1947.275	257	578	663	283	35	180	558	697	307	63	1545.421	2627	2228	2017	1861	1723	1573	1418	1256	1076	825	315	118.163	149	131	126	122	119	117	115	112	110	108	100	0	0	0.000	0.000	0	0	0	0	0	0	0	0	0	0	0	0.000	0.000	0	0	0	0	0	0	0	0	0	0	0	0	0
373	373	1537	1724.314	1944.638	297	497	435	250	27	274	541	432	238	26	107.588	125	113	111	110	108	107	106	105	104	103	97	181.570	254	227	215	203	192	182	171	161	149	135	106	0	0	0.000	0.000	0	0	0	0	0	0	0	0	0	0	0	0.000	0.000	0	0	0	0	0	0	0	0	0	0	0	0	0
374	374	566	1765.027	1943.892	70	181	168	99	39	57	184	181	108	26	109.945	139	118	115	112	111	109	107	106	105	103	98	182.124	223	206	201	195	191	186	179	172	163	151	125	0	0	0.000	0.000	0	0	0	0	0	0	0	0	0	0	0	0.000	0.000	0	0	0	0	0	0	0	0	0	0	0	0	0
375	375	1846	1256.099	1955.005	475	435	491	319	101	363	560	484	309	90	113.602	126	120	118	116	115	114	112	111	109	107	100	192.735	279	238	227	216	204	194	185	174	160	142	109	0	0	0.000	0.000	0	0	0	0	0	0	0	0	0	0	0	0.000	0.000	0	0	0	0	0	0	0	0	0	0	0	0	0
376	376	1924	1790.341	1975.844	293	436	529	478	149	280	624	647	305	21	376.124	9209	423	240	213	196	185	176	169	159	143	107	144.504	657	161	150	144	139	134	129	124	119	114	99	1	62	1780.249	1967.087	0	0	0	4205	0	0	348	0	0	1	60	1780.952	1966.544	0	0	0	3850	0	0	399	0	0	0	0	0	0
377	377	1029	1095.629	1972.954	205	260	274	214	59	203	343	273	158	24	113.299	132	120	118	116	115	113	112	110	108	106	99	223.957	320	291	280	263	247	232	213	194	169	140	110	0	0	0.000	0.000	0	0	0	0	0	0	0	0	0	0	0	0.000	0.000	0	0	0	0	0	0	0	0	0	0	0	0	0
378	378	977	1637.452	1985.174	121	300	329	170	43	161	362	314	113	9	108.513	120	114	112	111	110	108	107	106	105	103	97	184.522	255	226	215	206	196	186	178	168	156	138	109	0	0	0.000	0.000	0	0	0	0	0	0	0	0	0	0	0	0.000	0.000	0	0	0	0	0	0	0	0	0	0	0	0	0
