 	cell	area	x	y	BFI_lev_b1	BFI_lev_b2	BFI_lev_b3	BFI_lev_b4	BFI_lev_b5	BFO_lev_b1	BFO_lev_b2	BFO_lev_b3	BFO_lev_b4	BFO_lev_b5	GFP_int_mean	GFP_int_b0	GFP_int_b1	GFP_int_b2	GFP_int_b3	GFP_int_b4	GFP_int_b5	GFP_int_b6	GFP_int_b7	GFP_int_b8	GFP_int_b9	GFP_int_b10	RFP_int_mean	RFP_int_b0	RFP_int_b1	RFP_int_b2	RFP_int_b3	RFP_int_b4	RFP_int_b5	RFP_int_b6	RFP_int_b7	RFP_int_b8	RFP_int_b9	RFP_int_b10	inGFPnfoci	f1_inGFParea	f1_inGFPx	f1_inGFPy	f2_inGFParea	f2_inGFPx	f2_inGFPy	f1_inGFP_toGFPmed	f1_inGFP_toGFPmean	f2_inGFP_toGFPmed	f2_inGFP_toGFPmean	f1_inGFP_toRFPmed	f1_inGFP_toRFPmean	f2_inGFP_toRFPmed	f2_inGFP_toRFPmean	inRFPnfoci	f1_inRFParea	f1_inRFPx	f1_inRFPy	f2_inRFParea	f2_inRFPx	f2_inRFPy	f1_inRFP_toGFPmed	f1_inRFP_toGFPmean	f2_inRFP_toGFPmed	f2_inRFP_toGFPmean	f1_inRFP_toRFPmed	f1_inRFP_toRFPmean	f2_inRFP_toRFPmed	f2_inRFP_toRFPmean
1	1	1050	1700.442	71.599	146	237	345	225	76	92	236	455	176	76	124.184	146	134	131	128	127	125	123	120	118	114	103	111.442	127	119	116	114	112	111	110	108	107	105	99	0	0	0.000	0.000	0	0	0	0	0	0	0	0	0	0	0	0	0	0.000	0.000	0	0	0	0	0	0	0	0	0	0	0
2	2	585	369.553	69.779	80	88	157	185	68	54	106	267	127	18	305.894	439	389	367	347	325	309	293	273	253	220	136	127.868	152	139	137	134	131	129	126	123	120	114	105	0	0	0.000	0.000	0	0	0	0	0	0	0	0	0	0	0	0	0	0.000	0.000	0	0	0	0	0	0	0	0	0	0	0
3	3	529	477.709	74.430	67	204	153	72	24	52	223	148	66	29	164.251	196	184	179	175	171	167	161	157	149	141	118	137.223	162	150	146	144	142	139	136	132	128	122	109	0	0	0.000	0.000	0	0	0	0	0	0	0	0	0	0	0	0	0	0.000	0.000	0	0	0	0	0	0	0	0	0	0	0
4	4	1465	584.335	80.952	501	406	281	207	45	470	472	269	192	39	111.605	129	119	116	115	113	112	110	109	107	104	99	367.381	618	545	498	456	425	383	334	287	230	155	109	0	0	0.000	0.000	0	0	0	0	0	0	0	0	0	0	0	0	0	0.000	0.000	0	0	0	0	0	0	0	0	0	0	0
5	5	1286	1557.610	82.586	274	403	339	223	28	224	463	365	184	28	536.449	825	733	692	643	602	555	511	461	395	291	144	143.100	185	167	160	155	148	143	138	134	127	116	101	0	0	0.000	0.000	0	0	0	0	0	0	0	0	0	0	0	0	0	0.000	0.000	0	0	0	0	0	0	0	0	0	0	0
6	6	1815	693.468	92.813	373	551	517	321	29	251	501	537	384	112	108.470	120	113	112	110	110	109	108	107	105	104	97	229.819	338	286	271	257	248	239	228	215	192	152	106	0	0	0.000	0.000	0	0	0	0	0	0	0	0	0	0	0	0	0	0.000	0.000	0	0	0	0	0	0	0	0	0	0	0
7	7	781	1137.651	97.567	189	306	235	23	10	91	248	236	148	42	273.051	391	350	333	316	299	284	264	242	222	175	111	103.058	112	106	105	104	104	103	102	102	101	100	91	0	0	0.000	0.000	0	0	0	0	0	0	0	0	0	0	0	0	0	0.000	0.000	0	0	0	0	0	0	0	0	0	0	0
8	8	827	199.080	99.254	268	206	181	143	17	236	194	190	139	53	110.466	121	115	114	112	111	111	110	108	107	106	100	104.445	112	107	106	106	105	104	104	103	102	101	96	0	0	0.000	0.000	0	0	0	0	0	0	0	0	0	0	0	0	0	0.000	0.000	0	0	0	0	0	0	0	0	0	0	0
9	9	1559	978.047	111.027	308	417	425	318	64	228	505	447	279	72	108.212	125	113	112	110	109	108	107	106	105	103	97	216.711	305	270	255	241	230	221	209	198	180	157	110	0	0	0.000	0.000	0	0	0	0	0	0	0	0	0	0	0	0	0	0.000	0.000	0	0	0	0	0	0	0	0	0	0	0
10	10	1683	464.129	117.011	145	384	687	350	84	155	544	634	251	66	447.058	9349	476	256	229	218	210	202	193	181	166	119	183.496	1311	211	172	163	156	151	147	142	138	131	108	1	80	454.045	124.581	0	0	0	3676	0	0	0	616	0	0	0	1	74	454.574	124.911	0	0	0	4100	0	0	0	706	0	0	0
11	11	1906	655.235	130.350	346	630	651	218	29	299	679	636	231	24	108.893	121	114	112	111	110	109	108	107	106	104	98	221.107	327	275	260	247	236	224	212	199	184	163	111	0	0	0.000	0.000	0	0	0	0	0	0	0	0	0	0	0	0	0	0.000	0.000	0	0	0	0	0	0	0	0	0	0	0
12	12	1128	601.513	131.644	133	339	374	206	52	109	267	443	231	54	338.965	480	430	408	395	379	363	343	317	276	194	117	163.513	214	191	185	179	174	169	164	156	141	121	101	0	0	0.000	0.000	0	0	0	0	0	0	0	0	0	0	0	0	0	0.000	0.000	0	0	0	0	0	0	0	0	0	0	0
13	13	2652	1652.397	138.256	307	558	867	691	184	259	698	994	545	94	1429.897	2115	1944	1863	1739	1597	1474	1382	1270	1059	764	198	186.758	269	237	224	210	195	184	176	169	158	135	103	0	0	0.000	0.000	0	0	0	0	0	0	0	0	0	0	0	0	0	0.000	0.000	0	0	0	0	0	0	0	0	0	0	0
14	14	1296	1534.095	137.349	179	585	376	115	15	166	587	427	80	13	1220.104	2033	1710	1529	1449	1338	1237	1155	1058	923	665	203	160.806	228	190	182	176	169	164	157	149	140	126	102	0	0	0.000	0.000	0	0	0	0	0	0	0	0	0	0	0	0	0	0.000	0.000	0	0	0	0	0	0	0	0	0	0	0
15	15	1345	1145.400	139.306	295	524	398	96	12	179	520	378	181	46	140.371	175	157	152	149	146	144	141	137	130	114	98	172.479	234	211	201	190	181	174	167	161	150	126	103	0	0	0.000	0.000	0	0	0	0	0	0	0	0	0	0	0	0	0	0.000	0.000	0	0	0	0	0	0	0	0	0	0	0
16	16	918	535.521	147.958	83	290	329	181	20	109	348	317	108	22	168.027	212	193	185	180	175	170	164	158	152	141	111	151.191	195	173	166	161	156	152	147	142	136	129	115	0	0	0.000	0.000	0	0	0	0	0	0	0	0	0	0	0	0	0	0.000	0.000	0	0	0	0	0	0	0	0	0	0	0
17	17	1510	1806.144	150.785	346	738	337	35	23	243	912	279	36	23	1753.679	2721	2339	2239	2148	2036	1889	1745	1564	1271	829	301	106.774	123	112	110	108	107	106	105	105	104	103	96	0	0	0.000	0.000	0	0	0	0	0	0	0	0	0	0	0	0	0	0.000	0.000	0	0	0	0	0	0	0	0	0	0	0
18	18	1247	1006.578	152.409	220	345	372	240	40	166	348	385	265	60	107.561	119	112	111	110	108	108	107	106	104	103	97	214.796	292	261	250	242	233	225	215	201	180	147	107	0	0	0.000	0.000	0	0	0	0	0	0	0	0	0	0	0	0	0	0.000	0.000	0	0	0	0	0	0	0	0	0	0	0
19	19	1727	1759.505	160.265	96	424	692	357	132	94	675	627	225	63	133.127	169	144	141	138	136	134	131	129	126	121	106	256.675	352	314	298	285	272	260	246	233	219	193	128	0	0	0.000	0.000	0	0	0	0	0	0	0	0	0	0	0	0	0	0.000	0.000	0	0	0	0	0	0	0	0	0	0	0
20	20	1201	491.795	157.310	173	321	367	280	38	121	362	384	252	54	197.444	260	229	219	212	205	197	191	186	177	163	123	149.119	181	167	162	158	154	150	145	141	137	130	109	0	0	0.000	0.000	0	0	0	0	0	0	0	0	0	0	0	0	0	0.000	0.000	0	0	0	0	0	0	0	0	0	0	0
21	21	592	661.665	173.629	149	167	159	77	34	112	185	172	91	19	106.892	118	111	110	108	108	107	106	105	104	103	96	183.301	246	220	210	205	200	193	183	170	151	131	106	0	0	0.000	0.000	0	0	0	0	0	0	0	0	0	0	0	0	0	0.000	0.000	0	0	0	0	0	0	0	0	0	0	0
22	22	1495	520.503	196.572	193	458	474	292	52	185	528	503	214	21	230.064	3158	248	197	188	182	177	173	168	163	150	108	154.141	414	174	164	159	155	151	146	142	137	130	101	1	37	525.910	180.692	0	0	0	1508	0	0	0	226	0	0	0	1	21	527.518	179.148	0	0	0	939	0	0	0	323	0	0	0
23	23	1335	1723.210	192.660	231	338	359	298	87	170	329	420	310	89	125.006	143	134	131	129	127	125	124	121	119	115	104	221.312	302	272	259	247	235	227	217	204	188	158	114	0	0	0.000	0.000	0	0	0	0	0	0	0	0	0	0	0	0	0	0.000	0.000	0	0	0	0	0	0	0	0	0	0	0
24	24	2686	464.677	207.613	592	805	918	286	38	467	958	878	291	45	114.990	132	120	119	117	116	115	114	113	111	109	101	300.380	423	371	353	339	323	308	290	270	248	221	134	0	0	0.000	0.000	0	0	0	0	0	0	0	0	0	0	0	0	0	0.000	0.000	0	0	0	0	0	0	0	0	0	0	0
25	25	2118	208.374	200.266	513	616	659	249	45	578	978	458	37	15	819.675	1354	1196	1125	1028	923	830	753	650	532	399	175	108.256	128	115	112	110	109	107	106	106	105	103	98	0	0	0.000	0.000	0	0	0	0	0	0	0	0	0	0	0	0	0	0.000	0.000	0	0	0	0	0	0	0	0	0	0	0
26	26	2479	1824.898	209.568	457	569	829	530	53	409	886	772	312	55	1281.999	15276	1456	1215	1122	1067	1014	961	884	754	566	227	163.170	1409	171	149	143	139	136	132	128	123	117	100	1	76	1823.585	215.428	0	0	0	8369	0	0	0	809	0	0	0	1	95	1823.663	215.187	0	0	0	7135	0	0	0	675	0	0	0
27	27	1476	277.826	204.606	1102	198	90	50	26	1003	235	114	88	25	147.121	305	201	182	161	145	133	125	120	116	113	104	117.915	163	137	132	126	120	114	110	107	105	104	98	0	0	0.000	0.000	0	0	0	0	0	0	0	0	0	0	0	0	0	0.000	0.000	0	0	0	0	0	0	0	0	0	0	0
28	28	1415	1644.352	217.827	342	621	356	61	9	208	432	466	228	54	1031.469	1590	1376	1296	1232	1184	1132	1044	930	750	520	165	165.577	213	194	189	184	179	172	164	153	141	124	103	0	0	0.000	0.000	0	0	0	0	0	0	0	0	0	0	0	0	0	0.000	0.000	0	0	0	0	0	0	0	0	0	0	0
29	29	1929	1135.781	225.085	451	540	437	367	108	381	699	461	263	102	108.675	122	114	112	111	110	109	108	106	105	103	96	105.494	129	110	108	107	106	105	104	104	103	102	94	0	0	0.000	0.000	0	0	0	0	0	0	0	0	0	0	0	0	0	0.000	0.000	0	0	0	0	0	0	0	0	0	0	0
30	30	1183	1016.440	215.632	376	280	271	205	36	313	347	273	182	53	111.391	130	119	117	115	113	112	110	108	105	103	98	105.481	115	109	108	107	106	105	105	104	103	102	96	0	0	0.000	0.000	0	0	0	0	0	0	0	0	0	0	0	0	0	0.000	0.000	0	0	0	0	0	0	0	0	0	0	0
31	31	2151	1769.052	233.342	435	431	717	400	141	340	656	740	301	69	1111.368	10449	1252	1161	1090	1026	978	942	884	780	608	271	148.033	758	158	150	146	141	137	133	128	123	117	102	1	51	1769.699	213.582	0	0	0	6257	0	0	0	506	0	0	0	1	71	1769.973	213.399	0	0	0	4756	0	0	0	440	0	0	0
32	32	1140	247.690	233.414	277	294	278	201	67	208	326	345	200	44	340.396	467	425	411	396	377	358	336	314	273	213	133	106.000	122	110	109	108	107	106	105	104	103	102	98	0	0	0.000	0.000	0	0	0	0	0	0	0	0	0	0	0	0	0	0.000	0.000	0	0	0	0	0	0	0	0	0	0	0
33	33	1607	953.419	239.742	231	637	560	117	11	123	460	623	308	57	794.133	1157	1016	974	942	908	871	819	722	591	453	142	105.413	118	109	108	107	106	105	104	104	103	102	94	0	0	0.000	0.000	0	0	0	0	0	0	0	0	0	0	0	0	0	0.000	0.000	0	0	0	0	0	0	0	0	0	0	0
34	34	1706	1058.398	238.675	465	489	400	251	67	416	617	435	185	28	109.677	123	115	113	112	111	110	109	107	106	104	96	105.884	118	110	108	107	106	106	105	104	103	102	97	0	0	0.000	0.000	0	0	0	0	0	0	0	0	0	0	0	0	0	0.000	0.000	0	0	0	0	0	0	0	0	0	0	0
35	35	1469	1595.646	243.316	125	607	551	140	21	166	860	330	73	12	389.275	7592	514	223	181	174	169	165	160	154	145	109	153.300	520	169	161	156	152	148	144	138	129	119	104	1	73	1597.569	253.361	0	0	0	3417	0	0	0	278	0	0	0	1	44	1598.382	252.355	0	0	0	3451	0	0	0	370	0	0	0
36	36	1936	905.787	264.217	284	627	628	325	42	225	660	649	300	71	805.151	1374	1076	983	903	848	806	762	715	630	508	230	104.800	132	108	107	106	105	105	104	103	102	102	96	0	0	0.000	0.000	0	0	0	0	0	0	0	0	0	0	0	0	0	0.000	0.000	0	0	0	0	0	0	0	0	0	0	0
37	37	2273	1640.541	280.721	688	735	623	180	10	450	727	592	349	114	110.789	126	116	114	113	112	111	110	108	107	105	98	105.715	115	110	108	107	106	106	105	104	103	102	92	0	0	0.000	0.000	0	0	0	0	0	0	0	0	0	0	0	0	0	0.000	0.000	0	0	0	0	0	0	0	0	0	0	0
38	38	2119	239.355	284.550	345	662	718	307	37	262	742	810	225	29	3187.221	5686	4602	4097	3807	3605	3373	3121	2639	2090	1387	483	108.189	127	115	112	110	108	107	106	105	104	103	95	0	0	0.000	0.000	0	0	0	0	0	0	0	0	0	0	0	0	0	0.000	0.000	0	0	0	0	0	0	0	0	0	0	0
39	39	2069	1789.806	285.039	437	718	613	250	24	246	611	801	320	50	1012.986	15864	1130	744	703	660	618	574	517	445	360	187	139.472	784	149	131	126	123	121	119	116	113	110	100	1	99	1779.492	278.292	0	0	0	7419	0	0	0	417	0	0	0	1	100	1779.992	277.465	0	0	0	6506	0	0	0	417	0	0	0
40	40	1620	1529.398	287.537	250	300	494	359	180	213	486	530	265	90	1639.848	2716	2322	2175	2020	1896	1736	1583	1408	1135	704	194	164.321	221	201	194	188	178	169	158	148	136	115	99	0	0	0.000	0.000	0	0	0	0	0	0	0	0	0	0	0	0	0	0.000	0.000	0	0	0	0	0	0	0	0	0	0	0
41	41	836	604.828	285.214	225	218	222	145	14	160	218	233	149	64	383.892	586	497	471	453	431	412	377	340	295	224	117	107.523	124	113	111	109	108	107	106	105	104	103	96	0	0	0.000	0.000	0	0	0	0	0	0	0	0	0	0	0	0	0	0.000	0.000	0	0	0	0	0	0	0	0	0	0	0
42	42	1649	1045.116	295.671	158	521	592	295	42	133	616	608	223	30	696.577	1114	963	896	847	804	741	663	583	480	357	147	105.310	118	109	108	107	106	105	104	104	103	102	97	0	0	0.000	0.000	0	0	0	0	0	0	0	0	0	0	0	0	0	0.000	0.000	0	0	0	0	0	0	0	0	0	0	0
43	43	1559	1579.562	290.909	195	313	518	415	94	228	655	464	159	17	154.696	195	176	169	164	161	158	154	149	141	129	104	150.304	193	174	168	164	160	155	149	143	132	115	99	0	0	0.000	0.000	0	0	0	0	0	0	0	0	0	0	0	0	0	0.000	0.000	0	0	0	0	0	0	0	0	0	0	0
44	44	1782	1923.680	310.890	259	444	610	354	81	204	587	661	244	38	694.149	1096	930	878	836	792	732	657	595	508	381	189	104.903	121	109	107	106	105	104	104	103	102	101	97	0	0	0.000	0.000	0	0	0	0	0	0	0	0	0	0	0	0	0	0.000	0.000	0	0	0	0	0	0	0	0	0	0	0
45	45	1134	1873.657	313.782	132	262	322	299	102	103	317	388	214	89	357.379	512	439	418	406	393	377	361	345	315	223	117	137.243	169	156	152	148	144	140	135	131	125	111	100	0	0	0.000	0.000	0	0	0	0	0	0	0	0	0	0	0	0	0	0.000	0.000	0	0	0	0	0	0	0	0	0	0	0
46	46	1762	1195.599	318.897	225	459	541	374	123	142	550	606	282	146	111.103	126	117	115	114	112	111	110	109	107	105	97	148.355	188	172	167	162	157	150	145	138	130	119	104	0	0	0.000	0.000	0	0	0	0	0	0	0	0	0	0	0	0	0	0.000	0.000	0	0	0	0	0	0	0	0	0	0	0
47	47	2151	1252.498	356.487	436	847	579	223	24	393	1121	430	140	16	111.552	124	117	115	114	113	112	110	109	108	106	97	151.142	201	173	167	162	157	153	148	143	135	124	103	0	0	0.000	0.000	0	0	0	0	0	0	0	0	0	0	0	0	0	0.000	0.000	0	0	0	0	0	0	0	0	0	0	0
48	48	2396	1452.646	362.242	406	801	767	305	78	333	985	665	303	65	1509.315	2879	2281	1997	1846	1706	1582	1426	1204	932	624	191	105.633	120	110	108	107	106	105	105	104	103	102	94	0	0	0.000	0.000	0	0	0	0	0	0	0	0	0	0	0	0	0	0.000	0.000	0	0	0	0	0	0	0	0	0	0	0
49	49	1290	1934.042	362.846	178	319	377	312	76	179	495	345	221	24	758.878	1095	982	924	883	847	811	766	688	578	445	183	104.103	119	107	106	105	105	104	103	103	102	101	97	0	0	0.000	0.000	0	0	0	0	0	0	0	0	0	0	0	0	0	0.000	0.000	0	0	0	0	0	0	0	0	0	0	0
50	50	1136	1791.379	366.432	105	374	384	223	29	64	406	474	137	35	115.136	130	121	119	118	117	115	114	112	111	108	102	262.979	375	338	318	303	286	268	250	232	210	182	118	0	0	0.000	0.000	0	0	0	0	0	0	0	0	0	0	0	0	0	0.000	0.000	0	0	0	0	0	0	0	0	0	0	0
51	51	1285	1868.750	373.515	85	321	480	292	83	97	429	495	202	34	110.612	122	116	114	112	111	111	110	109	107	106	99	205.128	286	242	232	223	215	207	200	191	179	161	116	0	0	0.000	0.000	0	0	0	0	0	0	0	0	0	0	0	0	0	0.000	0.000	0	0	0	0	0	0	0	0	0	0	0
52	52	2510	237.276	385.256	626	883	643	274	54	611	995	696	156	10	313.843	507	414	379	354	334	313	297	280	253	205	117	105.363	121	110	108	107	106	105	104	104	103	102	91	0	0	0.000	0.000	0	0	0	0	0	0	0	0	0	0	0	0	0	0.000	0.000	0	0	0	0	0	0	0	0	0	0	0
53	53	2140	1400.465	383.963	648	938	441	61	17	347	926	549	218	59	1461.788	2717	2279	1951	1800	1676	1578	1379	1130	875	530	157	105.266	116	109	108	107	106	105	104	103	103	101	94	0	0	0.000	0.000	0	0	0	0	0	0	0	0	0	0	0	0	0	0.000	0.000	0	0	0	0	0	0	0	0	0	0	0
54	54	1099	1829.240	394.097	115	318	375	228	47	73	291	331	294	84	111.109	122	116	114	113	112	111	110	109	108	106	99	200.988	262	238	230	222	215	208	197	182	167	156	129	0	0	0.000	0.000	0	0	0	0	0	0	0	0	0	0	0	0	0	0.000	0.000	0	0	0	0	0	0	0	0	0	0	0
55	55	1585	1920.996	409.641	237	441	500	306	72	195	559	518	229	60	110.947	125	117	115	114	112	111	110	109	107	105	96	221.480	310	270	254	243	234	226	219	210	190	162	109	0	0	0.000	0.000	0	0	0	0	0	0	0	0	0	0	0	0	0	0.000	0.000	0	0	0	0	0	0	0	0	0	0	0
56	56	1962	1869.346	428.428	457	513	595	307	60	438	743	625	114	19	108.322	120	113	111	110	109	108	107	106	105	104	96	190.318	265	231	219	209	202	195	187	178	163	140	106	0	0	0.000	0.000	0	0	0	0	0	0	0	0	0	0	0	0	0	0.000	0.000	0	0	0	0	0	0	0	0	0	0	0
57	57	1080	187.322	423.108	412	236	173	186	43	405	272	181	156	58	192.959	286	240	227	218	208	200	193	179	153	126	103	104.271	117	108	107	106	105	104	103	103	102	101	96	0	0	0.000	0.000	0	0	0	0	0	0	0	0	0	0	0	0	0	0.000	0.000	0	0	0	0	0	0	0	0	0	0	0
58	58	1125	1503.018	428.277	324	381	286	88	31	213	396	342	111	38	124.564	198	140	134	129	126	124	120	117	114	109	100	108.052	130	116	113	110	108	107	106	105	104	102	96	0	0	0.000	0.000	0	0	0	0	0	0	0	0	0	0	0	0	0	0.000	0.000	0	0	0	0	0	0	0	0	0	0	0
59	59	2800	249.413	442.201	873	1071	718	73	18	764	986	787	183	26	328.025	744	562	471	396	334	281	247	223	200	174	109	105.933	117	110	108	107	107	106	105	104	103	102	96	0	0	0.000	0.000	0	0	0	0	0	0	0	0	0	0	0	0	0	0.000	0.000	0	0	0	0	0	0	0	0	0	0	0
60	60	1397	1176.791	441.283	319	380	395	233	49	326	467	380	152	40	377.471	7471	418	241	219	211	205	198	186	169	145	111	149.402	640	164	155	149	146	142	137	131	123	113	100	1	56	1167.606	446.725	0	0	0	3338	0	0	0	368	0	0	0	1	46	1167.769	446.407	0	0	0	4020	0	0	0	400	0	0	0
61	61	684	735.430	451.055	72	202	159	126	115	65	205	237	123	32	107.478	118	112	110	109	108	107	106	106	105	103	96	114.512	130	123	120	118	116	114	112	111	109	107	100	0	0	0.000	0.000	0	0	0	0	0	0	0	0	0	0	0	0	0	0.000	0.000	0	0	0	0	0	0	0	0	0	0	0
62	62	1623	1747.406	467.019	220	388	536	377	61	140	456	617	285	86	161.380	204	186	179	175	170	166	161	153	142	129	106	202.986	281	244	233	225	218	211	203	191	168	146	107	0	0	0.000	0.000	0	0	0	0	0	0	0	0	0	0	0	0	0	0.000	0.000	0	0	0	0	0	0	0	0	0	0	0
63	63	1187	443.548	472.287	217	294	299	268	85	156	297	415	232	63	299.418	413	363	350	335	320	307	294	276	256	219	140	104.141	113	107	106	105	105	104	103	103	102	101	97	0	0	0.000	0.000	0	0	0	0	0	0	0	0	0	0	0	0	0	0.000	0.000	0	0	0	0	0	0	0	0	0	0	0
64	64	1502	196.251	477.279	419	429	357	234	38	329	489	411	203	39	115.626	131	124	122	120	118	116	115	112	109	106	99	105.744	121	112	109	107	106	105	104	103	102	101	97	0	0	0.000	0.000	0	0	0	0	0	0	0	0	0	0	0	0	0	0.000	0.000	0	0	0	0	0	0	0	0	0	0	0
65	65	2278	1207.144	493.086	386	867	721	232	31	368	1108	523	218	21	596.140	1033	865	789	712	644	602	566	501	409	306	137	106.712	128	112	110	108	107	106	105	105	104	102	96	0	0	0.000	0.000	0	0	0	0	0	0	0	0	0	0	0	0	0	0.000	0.000	0	0	0	0	0	0	0	0	0	0	0
66	66	1496	1530.719	488.198	268	432	530	214	33	261	619	439	130	21	110.920	123	116	114	113	112	111	110	109	108	106	100	105.293	123	111	108	107	105	105	104	103	102	101	93	0	0	0.000	0.000	0	0	0	0	0	0	0	0	0	0	0	0	0	0.000	0.000	0	0	0	0	0	0	0	0	0	0	0
67	67	1487	813.868	504.718	740	336	255	113	31	710	378	259	99	13	108.816	124	114	112	111	110	109	108	107	105	104	97	105.247	122	109	108	107	106	105	104	104	103	102	98	0	0	0.000	0.000	0	0	0	0	0	0	0	0	0	0	0	0	0	0.000	0.000	0	0	0	0	0	0	0	0	0	0	0
68	68	628	855.813	503.539	180	148	143	112	36	150	193	139	88	44	109.830	121	115	113	112	111	110	109	108	106	105	99	104.768	114	108	107	106	105	105	104	103	103	102	95	0	0	0.000	0.000	0	0	0	0	0	0	0	0	0	0	0	0	0	0.000	0.000	0	0	0	0	0	0	0	0	0	0	0
69	69	2235	1568.538	526.601	192	495	906	476	117	226	796	825	290	48	596.544	906	790	737	691	647	599	562	523	464	387	174	138.104	173	157	151	147	142	138	134	130	126	120	102	0	0	0.000	0.000	0	0	0	0	0	0	0	0	0	0	0	0	0	0.000	0.000	0	0	0	0	0	0	0	0	0	0	0
70	70	1108	169.903	521.844	478	237	184	135	53	416	266	258	123	32	118.829	144	130	126	124	122	119	117	113	110	107	101	113.397	134	122	119	117	115	113	111	109	107	105	98	0	0	0.000	0.000	0	0	0	0	0	0	0	0	0	0	0	0	0	0.000	0.000	0	0	0	0	0	0	0	0	0	0	0
71	71	1279	775.432	531.294	394	415	290	136	24	396	397	376	76	17	108.036	124	113	111	110	109	108	107	106	105	104	99	104.641	115	108	107	106	105	104	104	103	102	102	97	0	0	0.000	0.000	0	0	0	0	0	0	0	0	0	0	0	0	0	0.000	0.000	0	0	0	0	0	0	0	0	0	0	0
72	72	1940	1246.528	541.589	367	368	531	443	195	342	618	584	254	111	709.401	1037	953	915	875	833	783	717	615	486	330	144	107.436	125	114	111	109	108	107	106	105	104	102	97	0	0	0.000	0.000	0	0	0	0	0	0	0	0	0	0	0	0	0	0.000	0.000	0	0	0	0	0	0	0	0	0	0	0
73	73	1772	1740.929	547.469	439	539	511	226	19	346	570	498	239	86	529.553	821	687	649	620	593	564	531	483	416	296	114	104.558	118	108	107	106	105	104	104	103	102	101	91	0	0	0.000	0.000	0	0	0	0	0	0	0	0	0	0	0	0	0	0.000	0.000	0	0	0	0	0	0	0	0	0	0	0
74	74	1621	481.107	558.524	271	552	471	272	31	145	595	465	307	75	112.427	128	118	116	115	114	113	111	110	109	107	98	106.988	120	112	110	108	108	107	106	105	104	103	95	0	0	0.000	0.000	0	0	0	0	0	0	0	0	0	0	0	0	0	0.000	0.000	0	0	0	0	0	0	0	0	0	0	0
75	75	1973	1675.816	568.772	315	654	639	295	27	253	884	567	201	27	112.009	127	118	116	114	113	112	111	110	108	106	99	112.798	133	121	118	116	114	112	111	109	107	106	99	0	0	0.000	0.000	0	0	0	0	0	0	0	0	0	0	0	0	0	0.000	0.000	0	0	0	0	0	0	0	0	0	0	0
76	76	1515	1526.244	561.754	120	327	576	409	54	95	350	657	304	79	526.913	718	647	614	584	562	545	527	503	454	379	171	137.139	177	156	149	144	139	136	133	130	126	121	102	0	0	0.000	0.000	0	0	0	0	0	0	0	0	0	0	0	0	0	0.000	0.000	0	0	0	0	0	0	0	0	0	0	0
77	77	1940	1467.803	576.181	176	313	672	506	245	160	600	779	295	76	111.432	126	117	115	114	113	111	110	109	108	106	100	301.296	443	379	355	335	320	307	296	283	254	206	116	0	0	0.000	0.000	0	0	0	0	0	0	0	0	0	0	0	0	0	0.000	0.000	0	0	0	0	0	0	0	0	0	0	0
78	78	596	1585.278	569.188	99	221	134	84	47	99	206	193	64	26	401.685	542	487	471	458	445	426	396	368	330	285	150	129.829	153	145	141	137	134	132	128	124	120	112	97	0	0	0.000	0.000	0	0	0	0	0	0	0	0	0	0	0	0	0	0.000	0.000	0	0	0	0	0	0	0	0	0	0	0
79	79	2352	1027.596	583.115	403	467	758	467	206	341	662	828	362	112	223.352	308	260	251	245	239	232	222	210	196	169	109	339.422	490	417	399	385	372	358	342	319	280	229	121	0	0	0.000	0.000	0	0	0	0	0	0	0	0	0	0	0	0	0	0.000	0.000	0	0	0	0	0	0	0	0	0	0	0
80	80	1445	941.046	584.953	175	326	465	370	80	163	345	662	202	50	308.595	432	388	361	339	323	309	294	278	260	230	161	153.521	193	173	168	162	157	153	148	145	141	136	111	0	0	0.000	0.000	0	0	0	0	0	0	0	0	0	0	0	0	0	0.000	0.000	0	0	0	0	0	0	0	0	0	0	0
81	81	1071	512.233	598.030	108	212	340	334	60	80	243	417	271	50	113.641	127	119	117	116	115	114	113	112	110	108	101	108.021	123	114	111	110	109	108	106	105	104	103	96	0	0	0.000	0.000	0	0	0	0	0	0	0	0	0	0	0	0	0	0.000	0.000	0	0	0	0	0	0	0	0	0	0	0
82	82	2072	1596.147	612.093	415	766	640	177	31	270	818	613	290	45	109.430	122	114	113	111	110	109	108	107	106	104	93	224.234	325	278	262	249	237	226	215	206	193	163	111	0	0	0.000	0.000	0	0	0	0	0	0	0	0	0	0	0	0	0	0.000	0.000	0	0	0	0	0	0	0	0	0	0	0
83	83	2075	1898.292	608.225	322	332	683	536	172	233	389	823	466	127	543.342	896	719	681	642	593	549	508	469	422	343	143	142.682	186	164	158	153	148	144	138	133	127	120	103	0	0	0.000	0.000	0	0	0	0	0	0	0	0	0	0	0	0	0	0.000	0.000	0	0	0	0	0	0	0	0	0	0	0
84	84	1765	981.917	617.410	195	315	501	506	203	176	391	596	442	137	1104.889	19179	1825	543	347	288	252	230	215	195	172	117	822.420	11434	1324	559	433	380	340	306	277	257	223	144	1	132	980.836	616.726	0	0	0	9298	0	0	0	5575	0	0	0	1	129	981.051	616.781	0	0	0	9331	0	0	0	5624	0	0	0
85	85	846	1464.593	620.862	376	336	75	36	8	315	284	176	41	14	355.941	748	494	447	413	386	363	328	293	249	202	134	236.887	527	323	285	261	243	228	212	193	176	156	121	0	0	0.000	0.000	0	0	0	0	0	0	0	0	0	0	0	0	0	0.000	0.000	0	0	0	0	0	0	0	0	0	0	0
86	86	1280	486.701	630.817	339	322	337	211	49	291	394	378	157	36	1382.478	2446	2030	1829	1701	1633	1523	1393	1213	871	394	128	106.705	123	111	110	109	107	106	106	105	103	102	96	0	0	0.000	0.000	0	0	0	0	0	0	0	0	0	0	0	0	0	0.000	0.000	0	0	0	0	0	0	0	0	0	0	0
87	87	1278	724.557	630.550	159	331	355	270	143	87	290	425	308	146	117.689	135	125	123	121	120	118	116	115	113	110	99	179.531	223	206	200	196	190	184	177	169	161	146	111	0	0	0.000	0.000	0	0	0	0	0	0	0	0	0	0	0	0	0	0.000	0.000	0	0	0	0	0	0	0	0	0	0	0
88	88	1014	1691.860	630.919	611	200	113	57	24	572	273	123	23	9	212.665	911	328	253	218	197	181	168	153	138	124	103	582.471	2673	986	750	654	567	507	448	384	301	214	125	3	35	1695.665	632.738	23	1681.478	632.684	544	0	506	0	1701	0	1547	0	2	16	1681.922	632.630	26	1695.584	632.076	591	0	616	0	1833	0	1856	0
89	89	1667	1053.423	637.835	201	346	524	380	173	150	516	610	283	77	111.578	124	117	115	114	112	112	111	110	108	107	99	105.509	117	109	108	107	106	105	105	104	103	102	98	0	0	0.000	0.000	0	0	0	0	0	0	0	0	0	0	0	0	0	0.000	0.000	0	0	0	0	0	0	0	0	0	0	0
90	90	1335	1736.297	646.880	859	224	183	49	14	703	266	233	90	24	291.983	3780	435	294	233	207	188	170	154	138	118	99	840.440	12572	1343	835	659	559	486	416	342	277	210	135	2	21	1750.508	654.570	59	1733.697	642.463	491	0	1687	0	1064	0	5923	0	2	17	1749.584	656.198	60	1733.351	642.623	438	0	1687	0	1445	0	5923	0
91	91	1193	1499.800	653.891	660	330	139	36	12	678	227	176	78	26	281.752	562	406	358	327	300	281	266	245	208	140	107	198.714	416	277	242	222	207	195	184	172	149	118	102	0	0	0.000	0.000	0	0	0	0	0	0	0	0	0	0	0	0	0	0.000	0.000	0	0	0	0	0	0	0	0	0	0	0
92	92	2355	669.085	673.835	278	754	863	367	50	285	880	827	257	51	828.512	20183	834	352	279	255	240	224	208	191	171	123	199.518	2078	214	166	157	152	148	144	140	134	124	102	1	123	662.826	677.704	0	0	0	8437	0	0	0	862	0	0	0	1	108	661.779	677.063	0	0	0	7394	0	0	0	1090	0	0	0
93	93	1804	522.439	667.548	686	351	472	231	40	552	535	420	214	52	114.193	131	121	119	117	116	114	113	111	109	107	99	111.357	132	120	117	115	113	110	109	107	106	104	98	0	0	0.000	0.000	0	0	0	0	0	0	0	0	0	0	0	0	0	0.000	0.000	0	0	0	0	0	0	0	0	0	0	0
94	94	1827	724.725	680.018	305	502	545	396	57	221	523	615	344	86	121.255	140	130	128	126	124	122	120	118	115	111	102	192.624	261	232	222	215	210	203	194	180	159	133	107	0	0	0.000	0.000	0	0	0	0	0	0	0	0	0	0	0	0	0	0.000	0.000	0	0	0	0	0	0	0	0	0	0	0
95	95	1483	926.918	695.371	440	397	382	208	32	448	515	309	167	19	118.401	141	128	125	122	120	118	116	114	112	109	102	712.838	1191	1039	964	915	855	767	676	562	435	270	143	0	0	0.000	0.000	0	0	0	0	0	0	0	0	0	0	0	0	0	0.000	0.000	0	0	0	0	0	0	0	0	0	0	0
96	96	1933	1919.061	713.291	304	544	545	439	71	290	645	535	308	115	685.487	13662	816	400	360	337	322	304	281	251	209	122	198.131	2055	227	166	156	150	144	139	134	129	121	102	1	94	1912.893	721.928	0	0	0	6457	0	0	0	1008	0	0	0	1	92	1913.281	721.526	0	0	0	6457	0	0	0	1042	0	0	0
97	97	643	1461.101	706.892	87	254	232	53	6	49	231	216	106	27	111.768	125	118	116	115	113	112	111	109	107	105	100	195.904	283	257	245	228	214	200	184	165	146	126	107	0	0	0.000	0.000	0	0	0	0	0	0	0	0	0	0	0	0	0	0.000	0.000	0	0	0	0	0	0	0	0	0	0	0
98	98	1591	516.562	715.782	333	557	542	112	17	335	709	461	42	12	113.610	128	119	117	116	115	114	113	111	110	108	100	105.629	128	110	108	107	106	105	105	104	103	102	97	0	0	0.000	0.000	0	0	0	0	0	0	0	0	0	0	0	0	0	0.000	0.000	0	0	0	0	0	0	0	0	0	0	0
99	99	1996	1499.928	725.420	451	418	598	381	108	529	935	404	90	13	115.788	135	124	122	120	118	116	114	112	110	107	97	299.192	457	411	389	368	341	310	277	240	205	167	120	0	0	0.000	0.000	0	0	0	0	0	0	0	0	0	0	0	0	0	0.000	0.000	0	0	0	0	0	0	0	0	0	0	0
100	100	1577	1369.135	727.699	323	437	468	286	34	298	661	384	178	30	495.363	720	641	615	581	549	519	485	442	390	300	156	107.464	119	112	110	109	108	107	106	106	105	103	97	0	0	0.000	0.000	0	0	0	0	0	0	0	0	0	0	0	0	0	0.000	0.000	0	0	0	0	0	0	0	0	0	0	0
101	101	1533	671.426	728.029	477	403	401	208	23	427	559	384	117	18	112.281	132	120	117	115	113	111	110	109	108	106	98	110.687	134	121	115	112	110	109	108	107	106	105	96	0	0	0.000	0.000	0	0	0	0	0	0	0	0	0	0	0	0	0	0.000	0.000	0	0	0	0	0	0	0	0	0	0	0
102	102	1908	574.525	732.073	205	457	556	522	141	132	417	582	563	172	685.134	13039	889	318	242	218	203	190	178	164	149	114	214.661	1474	266	202	188	178	170	164	155	145	125	101	1	120	572.954	730.036	0	0	0	6117	0	0	0	787	0	0	0	1	116	572.276	729.839	0	0	0	6247	0	0	0	806	0	0	0
103	103	1628	719.528	736.176	173	357	544	433	88	146	425	597	363	57	118.466	134	125	123	122	120	119	117	116	114	111	101	188.335	255	222	211	203	197	191	185	178	168	144	112	0	0	0.000	0.000	0	0	0	0	0	0	0	0	0	0	0	0	0	0.000	0.000	0	0	0	0	0	0	0	0	0	0	0
104	104	678	1719.314	735.914	98	167	177	162	62	67	200	173	142	91	143.655	176	159	154	151	148	145	141	137	133	126	109	103.844	112	107	105	105	104	104	103	103	102	101	97	0	0	0.000	0.000	0	0	0	0	0	0	0	0	0	0	0	0	0	0.000	0.000	0	0	0	0	0	0	0	0	0	0	0
105	105	1640	1228.805	753.421	146	532	587	308	38	130	672	508	248	52	109.723	122	114	112	111	111	110	109	108	107	105	98	139.621	172	156	151	147	144	140	136	133	129	123	105	0	0	0.000	0.000	0	0	0	0	0	0	0	0	0	0	0	0	0	0.000	0.000	0	0	0	0	0	0	0	0	0	0	0
106	106	1109	774.022	749.772	119	273	387	248	50	95	248	335	317	92	170.175	217	193	185	181	176	172	168	163	157	144	112	196.842	264	236	224	214	205	196	188	181	173	160	118	0	0	0.000	0.000	0	0	0	0	0	0	0	0	0	0	0	0	0	0.000	0.000	0	0	0	0	0	0	0	0	0	0	0
107	107	1505	533.658	764.805	175	270	475	374	180	169	430	494	324	57	192.187	1065	215	205	199	193	188	182	175	164	144	113	169.860	261	194	187	182	177	173	167	162	152	139	109	1	20	532.991	755.510	0	0	0	627	0	0	0	213	0	0	0	0	0	0.000	0.000	0	0	0	0	0	0	0	0	0	0	0
108	108	2142	212.645	774.413	435	395	627	484	154	465	632	743	230	38	110.165	126	116	114	113	112	110	109	107	106	104	98	531.900	1018	837	745	656	579	513	449	395	335	259	141	0	0	0.000	0.000	0	0	0	0	0	0	0	0	0	0	0	0	0	0.000	0.000	0	0	0	0	0	0	0	0	0	0	0
109	109	1023	1087.232	767.209	179	347	305	140	29	183	393	285	116	26	239.370	327	283	270	263	255	245	235	222	206	188	128	161.533	210	187	181	175	169	163	157	150	142	134	110	0	0	0.000	0.000	0	0	0	0	0	0	0	0	0	0	0	0	0	0.000	0.000	0	0	0	0	0	0	0	0	0	0	0
110	110	1447	1899.684	768.593	351	353	467	236	23	294	382	451	237	69	111.077	127	118	116	114	112	111	110	108	106	104	97	439.334	745	661	617	570	511	455	403	335	266	170	107	0	0	0.000	0.000	0	0	0	0	0	0	0	0	0	0	0	0	0	0.000	0.000	0	0	0	0	0	0	0	0	0	0	0
111	111	1320	1321.516	770.419	117	353	470	286	67	112	373	551	221	36	569.843	807	739	709	679	633	586	538	490	441	370	178	108.639	126	113	111	110	109	109	108	107	106	105	99	0	0	0.000	0.000	0	0	0	0	0	0	0	0	0	0	0	0	0	0.000	0.000	0	0	0	0	0	0	0	0	0	0	0
112	112	2113	1730.256	783.732	279	594	689	435	85	186	745	727	313	97	187.705	262	227	217	209	201	192	182	171	159	140	102	104.300	118	108	106	105	105	104	103	103	102	101	96	0	0	0.000	0.000	0	0	0	0	0	0	0	0	0	0	0	0	0	0.000	0.000	0	0	0	0	0	0	0	0	0	0	0
113	113	1177	685.127	773.840	155	223	361	321	97	177	269	410	225	78	118.393	134	126	124	122	121	119	118	116	113	109	98	180.624	232	212	204	198	192	185	180	173	160	135	106	0	0	0.000	0.000	0	0	0	0	0	0	0	0	0	0	0	0	0	0.000	0.000	0	0	0	0	0	0	0	0	0	0	0
114	114	1137	1502.468	774.948	394	274	219	174	63	365	394	201	131	32	114.653	131	123	120	118	117	115	113	111	109	106	100	213.853	311	275	263	252	238	222	206	187	164	133	103	0	0	0.000	0.000	0	0	0	0	0	0	0	0	0	0	0	0	0	0.000	0.000	0	0	0	0	0	0	0	0	0	0	0
115	115	1443	1373.135	780.680	162	402	496	312	40	125	543	478	201	57	645.711	954	825	776	747	722	696	644	586	499	384	181	109.225	127	115	112	111	110	109	108	107	106	104	99	0	0	0.000	0.000	0	0	0	0	0	0	0	0	0	0	0	0	0	0.000	0.000	0	0	0	0	0	0	0	0	0	0	0
116	116	1262	1190.349	789.866	222	268	337	285	132	180	361	361	229	97	108.712	121	113	112	111	110	109	108	107	106	104	95	137.639	172	157	152	147	143	138	134	130	125	116	102	0	0	0.000	0.000	0	0	0	0	0	0	0	0	0	0	0	0	0	0.000	0.000	0	0	0	0	0	0	0	0	0	0	0
117	117	1767	1259.201	795.184	157	336	647	487	100	112	302	679	469	167	106.225	117	110	109	108	107	106	105	105	104	103	97	128.612	158	142	138	135	131	128	125	122	119	116	106	0	0	0.000	0.000	0	0	0	0	0	0	0	0	0	0	0	0	0	0.000	0.000	0	0	0	0	0	0	0	0	0	0	0
118	118	1779	1930.577	809.633	259	426	635	329	100	250	727	542	189	40	208.084	1223	243	227	220	213	206	197	183	163	139	105	144.078	261	169	162	157	151	146	140	133	123	113	100	1	28	1941.267	798.406	0	0	0	634	0	0	0	204	0	0	0	0	0	0.000	0.000	0	0	0	0	0	0	0	0	0	0	0
119	119	2348	552.368	811.134	177	439	883	636	166	157	516	975	505	139	110.369	125	115	113	112	111	110	109	108	107	106	101	208.513	305	260	242	231	221	210	200	191	178	152	104	0	0	0.000	0.000	0	0	0	0	0	0	0	0	0	0	0	0	0	0.000	0.000	0	0	0	0	0	0	0	0	0	0	0
120	120	580	1530.611	803.134	208	126	132	87	21	176	152	128	98	18	111.136	123	118	116	114	113	111	110	108	107	105	98	153.693	201	185	179	172	167	161	153	140	125	111	100	0	0	0.000	0.000	0	0	0	0	0	0	0	0	0	0	0	0	0	0.000	0.000	0	0	0	0	0	0	0	0	0	0	0
121	121	1822	1079.024	811.219	155	435	636	411	146	193	542	694	263	100	117.392	141	125	122	120	119	117	116	114	113	110	102	199.993	281	250	236	224	212	201	191	179	165	148	105	0	0	0.000	0.000	0	0	0	0	0	0	0	0	0	0	0	0	0	0.000	0.000	0	0	0	0	0	0	0	0	0	0	0
122	122	1416	491.537	811.536	126	307	480	386	87	93	276	599	356	64	109.993	125	115	113	112	111	110	109	108	106	105	97	211.662	333	281	262	248	235	220	202	180	151	132	104	0	0	0.000	0.000	0	0	0	0	0	0	0	0	0	0	0	0	0	0.000	0.000	0	0	0	0	0	0	0	0	0	0	0
123	123	1643	811.035	820.855	166	427	654	322	42	123	497	706	254	42	338.261	3987	397	354	324	304	288	272	250	227	199	122	187.276	1212	217	196	186	178	171	164	158	150	140	110	1	34	826.715	824.605	0	0	0	2019	0	0	0	642	0	0	0	1	39	826.103	824.055	0	0	0	1505	0	0	0	636	0	0	0
124	124	1933	1326.523	827.171	243	696	771	163	29	181	592	751	291	74	110.876	125	116	114	113	112	111	110	109	108	106	97	134.227	169	150	144	141	137	134	131	127	123	119	100	0	0	0.000	0.000	0	0	0	0	0	0	0	0	0	0	0	0	0	0.000	0.000	0	0	0	0	0	0	0	0	0	0	0
125	125	2111	1390.345	829.663	286	681	651	376	81	261	913	606	245	50	1764.794	3014	2464	2242	2052	1924	1808	1688	1550	1284	965	333	107.426	123	112	110	109	108	107	106	106	105	104	98	0	0	0.000	0.000	0	0	0	0	0	0	0	0	0	0	0	0	0	0.000	0.000	0	0	0	0	0	0	0	0	0	0	0
126	126	1048	860.711	823.489	123	197	328	271	116	113	288	396	181	47	261.276	386	322	303	289	279	270	261	248	225	175	114	165.385	223	193	185	178	173	169	165	159	149	125	105	0	0	0.000	0.000	0	0	0	0	0	0	0	0	0	0	0	0	0	0.000	0.000	0	0	0	0	0	0	0	0	0	0	0
127	127	2016	1272.707	846.599	340	477	687	379	95	272	625	667	318	96	109.491	124	114	113	112	110	110	109	107	106	105	99	138.465	172	157	152	147	143	140	135	130	125	118	102	0	0	0.000	0.000	0	0	0	0	0	0	0	0	0	0	0	0	0	0.000	0.000	0	0	0	0	0	0	0	0	0	0	0
128	128	1066	1154.707	851.695	125	216	348	274	82	116	240	426	180	88	123.773	142	133	130	128	126	124	122	120	117	114	104	184.172	227	210	205	200	194	189	183	176	165	150	109	0	0	0.000	0.000	0	0	0	0	0	0	0	0	0	0	0	0	0	0.000	0.000	0	0	0	0	0	0	0	0	0	0	0
129	129	1916	126.825	863.932	358	584	513	380	58	347	569	517	341	108	110.050	125	115	114	112	111	110	109	108	106	105	95	105.865	117	110	108	107	106	106	105	104	103	102	94	0	0	0.000	0.000	0	0	0	0	0	0	0	0	0	0	0	0	0	0.000	0.000	0	0	0	0	0	0	0	0	0	0	0
130	130	1355	180.042	860.641	253	295	358	331	97	196	370	430	288	50	109.301	123	115	113	112	110	109	108	107	106	104	99	105.500	117	109	108	107	106	105	105	104	103	102	95	0	0	0.000	0.000	0	0	0	0	0	0	0	0	0	0	0	0	0	0.000	0.000	0	0	0	0	0	0	0	0	0	0	0
131	131	1841	1333.700	884.359	317	506	572	342	65	359	592	547	241	73	108.837	121	113	112	111	110	109	108	107	106	104	98	267.460	410	338	317	302	286	270	253	239	217	188	120	0	0	0.000	0.000	0	0	0	0	0	0	0	0	0	0	0	0	0	0.000	0.000	0	0	0	0	0	0	0	0	0	0	0
132	132	1452	637.120	892.179	121	420	520	318	46	83	395	516	347	79	354.210	7932	421	235	197	181	172	163	156	149	138	109	165.820	592	198	183	171	163	154	147	141	136	129	107	1	56	638.626	891.509	0	0	0	3282	0	0	0	357	0	0	0	1	44	638.401	891.499	0	0	0	3860	0	0	0	392	0	0	0
133	133	1349	1280.923	902.433	153	264	416	380	112	140	499	414	198	78	108.893	121	113	112	111	110	109	108	107	106	105	98	284.118	442	365	328	313	301	288	274	260	240	199	126	0	0	0.000	0.000	0	0	0	0	0	0	0	0	0	0	0	0	0	0.000	0.000	0	0	0	0	0	0	0	0	0	0	0
134	134	1198	1377.977	908.718	154	332	375	266	48	169	350	323	257	79	425.020	638	570	531	496	464	432	400	367	317	267	144	124.775	149	137	134	131	128	125	122	119	116	112	103	0	0	0.000	0.000	0	0	0	0	0	0	0	0	0	0	0	0	0	0.000	0.000	0	0	0	0	0	0	0	0	0	0	0
135	135	1063	1560.166	909.417	243	251	227	241	80	238	273	298	205	29	112.712	126	119	117	115	114	113	111	110	109	107	100	140.952	168	155	151	148	145	142	139	135	131	124	110	0	0	0.000	0.000	0	0	0	0	0	0	0	0	0	0	0	0	0	0.000	0.000	0	0	0	0	0	0	0	0	0	0	0
136	136	1887	1864.174	918.439	406	880	498	41	35	520	1028	250	36	16	211.801	2045	235	215	205	196	191	185	177	163	146	109	231.121	552	283	268	254	243	232	222	209	191	167	116	1	35	1859.534	925.740	0	0	0	1025	0	0	0	395	0	0	0	0	0	0.000	0.000	0	0	0	0	0	0	0	0	0	0	0
137	137	3281	288.530	929.895	2637	498	67	21	18	2501	616	83	28	13	436.500	1706	616	560	520	488	453	405	350	293	230	121	165.487	902	193	181	175	169	163	157	150	139	125	103	0	0	0.000	0.000	0	0	0	0	0	0	0	0	0	0	0	1	30	276.141	905.113	0	0	0	624	0	0	0	500	0	0	0
138	138	1930	519.038	934.865	601	466	467	271	87	658	541	445	224	38	116.316	137	124	122	120	118	117	115	113	110	108	98	1111.091	1819	1614	1492	1393	1279	1163	1048	902	721	502	189	0	0	0.000	0.000	0	0	0	0	0	0	0	0	0	0	0	0	0	0.000	0.000	0	0	0	0	0	0	0	0	0	0	0
139	139	1891	1425.458	933.842	110	353	737	470	182	108	573	803	279	100	433.117	648	569	531	500	466	433	407	378	343	293	139	122.396	152	135	131	128	125	122	119	116	114	111	101	0	0	0.000	0.000	0	0	0	0	0	0	0	0	0	0	0	0	0	0.000	0.000	0	0	0	0	0	0	0	0	0	0	0
140	140	1519	893.852	943.397	286	371	489	264	85	244	612	424	168	49	110.525	124	116	114	113	111	110	109	108	107	105	99	106.269	118	110	109	108	107	106	105	105	104	102	96	0	0	0.000	0.000	0	0	0	0	0	0	0	0	0	0	0	0	0	0.000	0.000	0	0	0	0	0	0	0	0	0	0	0
141	141	1500	1745.983	943.831	386	465	379	181	61	293	548	360	191	76	110.673	125	116	114	113	112	111	109	108	107	106	100	257.799	441	346	310	294	280	264	244	226	196	153	104	0	0	0.000	0.000	0	0	0	0	0	0	0	0	0	0	0	0	0	0.000	0.000	0	0	0	0	0	0	0	0	0	0	0
142	142	1709	653.759	944.531	339	623	477	199	49	310	770	433	141	26	111.728	128	117	115	114	113	112	111	110	108	106	99	140.862	181	160	154	150	146	143	138	132	126	119	105	0	0	0.000	0.000	0	0	0	0	0	0	0	0	0	0	0	0	0	0.000	0.000	0	0	0	0	0	0	0	0	0	0	0
143	143	1576	466.180	950.247	235	562	465	221	61	350	798	350	46	6	124.985	160	144	138	132	126	122	119	116	114	111	103	262.048	515	395	347	309	272	245	226	204	177	145	106	0	0	0.000	0.000	0	0	0	0	0	0	0	0	0	0	0	0	0	0.000	0.000	0	0	0	0	0	0	0	0	0	0	0
144	144	2269	1048.437	965.396	518	760	737	200	13	492	947	659	123	12	113.989	136	122	120	118	116	114	113	110	108	105	99	248.988	412	333	310	291	275	257	242	219	182	143	109	0	0	0.000	0.000	0	0	0	0	0	0	0	0	0	0	0	0	0	0.000	0.000	0	0	0	0	0	0	0	0	0	0	0
145	145	767	697.506	956.265	184	213	206	129	26	191	197	210	137	23	108.610	121	114	112	111	110	109	107	107	105	104	99	133.459	165	152	147	142	139	135	131	126	119	111	101	0	0	0.000	0.000	0	0	0	0	0	0	0	0	0	0	0	0	0	0.000	0.000	0	0	0	0	0	0	0	0	0	0	0
146	146	1648	845.614	966.909	190	502	679	235	17	144	534	658	261	19	109.495	124	115	113	111	110	109	108	107	106	105	99	104.413	114	108	106	106	105	104	104	103	102	101	97	0	0	0.000	0.000	0	0	0	0	0	0	0	0	0	0	0	0	0	0.000	0.000	0	0	0	0	0	0	0	0	0	0	0
147	147	2166	776.224	968.212	564	671	665	196	22	501	665	571	319	61	112.793	143	123	119	116	114	111	110	108	106	105	94	330.612	512	455	433	413	382	346	312	269	220	170	110	0	0	0.000	0.000	0	0	0	0	0	0	0	0	0	0	0	0	0	0.000	0.000	0	0	0	0	0	0	0	0	0	0	0
148	148	2411	1367.127	969.336	604	850	683	212	26	516	829	740	248	38	110.295	130	117	114	113	111	110	109	107	106	104	97	108.785	127	115	113	111	110	108	107	106	105	103	95	0	0	0.000	0.000	0	0	0	0	0	0	0	0	0	0	0	0	0	0.000	0.000	0	0	0	0	0	0	0	0	0	0	0
149	149	2585	1850.625	984.705	326	829	831	463	75	381	1207	700	218	23	430.309	10402	404	232	214	204	197	189	181	169	147	107	249.813	1294	289	268	256	244	233	222	209	189	160	108	1	101	1846.497	1000.156	0	0	0	4638	0	0	0	757	0	0	0	1	73	1846.512	1000.170	0	0	0	6152	0	0	0	896	0	0	0
150	150	1618	418.713	981.752	221	353	558	397	60	253	479	499	323	41	1247.153	2058	1798	1652	1499	1368	1272	1195	1042	844	621	275	106.300	118	110	109	108	107	106	105	105	104	103	98	0	0	0.000	0.000	0	0	0	0	0	0	0	0	0	0	0	0	0	0.000	0.000	0	0	0	0	0	0	0	0	0	0	0
151	151	601	514.524	977.622	182	130	126	126	30	154	157	145	112	24	111.704	127	119	116	114	113	111	110	109	107	105	99	414.000	820	637	547	505	466	424	387	319	246	174	126	0	0	0.000	0.000	0	0	0	0	0	0	0	0	0	0	0	0	0	0.000	0.000	0	0	0	0	0	0	0	0	0	0	0
152	152	1531	992.389	985.435	145	214	569	415	167	105	349	641	315	90	116.645	136	124	121	120	118	117	115	114	112	110	99	265.667	361	322	309	294	279	268	257	244	230	204	127	0	0	0.000	0.000	0	0	0	0	0	0	0	0	0	0	0	0	0	0.000	0.000	0	0	0	0	0	0	0	0	0	0	0
153	153	1585	663.407	1000.426	185	278	481	427	187	158	449	543	309	104	454.805	9230	520	328	277	256	243	231	218	200	167	111	137.098	658	149	135	131	128	125	123	119	116	112	101	1	57	668.801	1006.781	0	0	0	4517	0	0	0	357	0	0	0	1	54	668.818	1007.175	0	0	0	4668	0	0	0	387	0	0	0
154	154	1622	1615.594	1003.246	183	419	569	349	68	215	663	497	193	29	1347.330	14103	1853	1279	1175	1107	1043	946	818	665	499	222	223.969	2007	294	201	183	175	168	159	150	140	129	104	1	70	1615.330	1007.154	0	0	0	7777	0	0	0	1170	0	0	0	1	79	1614.709	1006.642	0	0	0	6507	0	0	0	1049	0	0	0
155	155	1262	712.218	999.681	61	228	405	397	155	131	340	443	218	99	234.752	326	291	280	271	257	244	228	211	190	160	112	122.799	146	135	132	129	127	124	122	118	113	107	99	0	0	0.000	0.000	0	0	0	0	0	0	0	0	0	0	0	0	0	0.000	0.000	0	0	0	0	0	0	0	0	0	0	0
156	156	1878	1184.309	1006.818	199	452	680	425	71	135	448	641	473	147	179.914	233	208	199	193	186	180	174	168	162	153	111	252.111	343	306	293	282	271	258	242	228	214	193	125	0	0	0.000	0.000	0	0	0	0	0	0	0	0	0	0	0	0	0	0.000	0.000	0	0	0	0	0	0	0	0	0	0	0
157	157	1811	211.821	1006.642	165	525	626	348	113	206	671	573	280	53	120.552	139	128	126	124	122	121	119	118	115	113	100	114.255	136	121	119	117	115	114	113	111	110	108	99	0	0	0.000	0.000	0	0	0	0	0	0	0	0	0	0	0	0	0	0.000	0.000	0	0	0	0	0	0	0	0	0	0	0
158	158	2064	465.442	1011.077	309	499	590	457	174	267	603	595	438	112	1327.888	2129	1873	1741	1609	1492	1377	1271	1137	939	663	199	106.905	120	112	110	108	107	106	106	105	104	103	96	0	0	0.000	0.000	0	0	0	0	0	0	0	0	0	0	0	0	0	0.000	0.000	0	0	0	0	0	0	0	0	0	0	0
159	159	1180	156.302	1006.086	191	231	329	277	133	179	242	366	272	97	120.510	138	129	126	124	123	121	119	117	114	111	103	113.353	129	120	118	116	115	113	112	110	109	107	99	0	0	0.000	0.000	0	0	0	0	0	0	0	0	0	0	0	0	0	0.000	0.000	0	0	0	0	0	0	0	0	0	0	0
160	160	683	826.293	1006.962	64	148	207	195	58	47	209	239	128	48	107.927	118	112	111	110	109	108	107	106	105	104	98	104.243	113	107	106	105	105	104	104	103	102	101	97	0	0	0.000	0.000	0	0	0	0	0	0	0	0	0	0	0	0	0	0.000	0.000	0	0	0	0	0	0	0	0	0	0	0
161	161	1463	867.466	1020.431	155	264	510	438	70	122	308	563	378	72	107.703	119	112	110	109	108	108	107	106	105	104	97	133.777	163	148	144	140	136	134	131	127	124	119	108	0	0	0.000	0.000	0	0	0	0	0	0	0	0	0	0	0	0	0	0.000	0.000	0	0	0	0	0	0	0	0	0	0	0
162	162	1935	1028.305	1020.728	247	529	681	349	89	231	707	674	232	54	114.048	135	121	119	117	116	114	112	111	109	107	98	252.410	382	334	315	297	279	256	234	213	192	168	109	0	0	0.000	0.000	0	0	0	0	0	0	0	0	0	0	0	0	0	0.000	0.000	0	0	0	0	0	0	0	0	0	0	0
163	163	1311	374.189	1021.346	130	332	436	328	72	142	412	467	222	47	136.830	167	152	148	145	141	138	134	130	125	119	105	137.915	168	154	149	146	142	139	135	131	126	120	104	0	0	0.000	0.000	0	0	0	0	0	0	0	0	0	0	0	0	0	0.000	0.000	0	0	0	0	0	0	0	0	0	0	0
164	164	1906	759.753	1042.103	266	432	599	425	145	235	573	647	298	113	110.743	126	116	115	113	112	111	109	108	107	105	98	138.322	175	160	154	148	143	138	133	129	124	118	103	0	0	0.000	0.000	0	0	0	0	0	0	0	0	0	0	0	0	0	0.000	0.000	0	0	0	0	0	0	0	0	0	0	0
165	165	1450	1102.737	1047.346	199	396	494	282	45	135	408	547	233	98	499.074	760	650	604	572	542	514	481	443	389	322	188	106.426	120	110	109	108	107	106	105	105	104	103	95	0	0	0.000	0.000	0	0	0	0	0	0	0	0	0	0	0	0	0	0.000	0.000	0	0	0	0	0	0	0	0	0	0	0
166	166	1856	415.472	1056.036	130	373	639	492	190	176	585	638	385	34	158.817	2964	167	147	139	135	132	129	126	123	118	102	129.385	220	144	137	133	130	127	125	123	121	117	101	1	26	412.414	1059.109	0	0	0	1190	0	0	0	147	0	0	0	1	13	414.573	1053.860	0	0	0	172	0	0	0	192	0	0	0
167	167	980	212.174	1046.572	121	259	290	225	59	123	305	344	150	36	239.246	341	301	287	273	259	246	230	213	192	164	125	349.626	519	471	442	415	389	359	324	297	261	212	132	0	0	0.000	0.000	0	0	0	0	0	0	0	0	0	0	0	0	0	0.000	0.000	0	0	0	0	0	0	0	0	0	0	0
168	168	1524	1834.860	1059.370	230	695	503	59	16	231	965	250	45	6	378.564	570	493	451	423	404	386	365	341	316	259	129	135.791	169	154	149	145	141	137	132	127	121	116	104	0	0	0.000	0.000	0	0	0	0	0	0	0	0	0	0	0	0	0	0.000	0.000	0	0	0	0	0	0	0	0	0	0	0
169	169	2296	1174.883	1066.545	258	517	812	526	146	290	775	833	320	33	807.744	20411	875	249	210	201	192	183	174	161	141	108	386.668	4355	397	341	320	302	283	261	244	223	186	118	1	117	1188.110	1068.756	0	0	0	9247	0	0	0	2133	0	0	0	1	112	1187.971	1068.648	0	0	0	10270	0	0	0	2198	0	0	0
170	170	2200	486.690	1082.748	236	451	750	544	173	187	499	878	491	84	515.830	13870	530	248	200	186	177	170	162	154	142	112	252.056	2014	284	245	233	224	215	203	189	177	163	113	1	88	479.794	1076.877	0	0	0	6460	0	0	0	1036	0	0	0	1	77	478.935	1076.099	0	0	0	5318	0	0	0	1180	0	0	0
171	171	656	1113.275	1091.660	103	187	191	125	35	124	251	172	72	22	109.037	120	113	112	111	110	109	108	107	106	104	99	146.325	191	164	160	157	154	150	146	142	131	118	103	0	0	0.000	0.000	0	0	0	0	0	0	0	0	0	0	0	0	0	0.000	0.000	0	0	0	0	0	0	0	0	0	0	0
172	172	2271	1618.597	1108.930	338	566	710	544	66	331	653	745	385	112	844.520	1278	1121	1069	1029	990	944	871	757	596	375	138	157.387	205	184	178	173	167	161	154	147	137	122	104	0	0	0.000	0.000	0	0	0	0	0	0	0	0	0	0	0	0	0	0.000	0.000	0	0	0	0	0	0	0	0	0	0	0
173	173	976	1932.390	1097.697	91	198	322	270	75	81	224	343	239	74	732.989	1113	971	893	833	793	761	714	657	576	447	243	142.783	174	160	156	153	149	146	141	136	129	120	103	0	0	0.000	0.000	0	0	0	0	0	0	0	0	0	0	0	0	0	0.000	0.000	0	0	0	0	0	0	0	0	0	0	0
174	174	2452	432.486	1113.373	259	402	871	694	184	222	492	1031	565	98	197.123	3542	194	174	166	162	158	154	149	142	133	106	219.151	952	258	243	232	222	211	201	191	180	164	116	1	46	443.432	1110.052	0	0	0	1561	0	0	0	594	0	0	0	1	35	443.593	1110.362	0	0	0	1838	0	0	0	673	0	0	0
175	175	1342	1845.553	1118.045	388	344	405	151	33	329	500	366	97	14	338.655	6909	429	222	198	186	175	164	152	143	134	107	457.031	4984	577	452	394	363	335	313	294	266	227	139	1	54	1853.657	1121.952	0	0	0	2985	0	0	0	2510	0	0	0	1	57	1853.224	1121.871	0	0	0	2489	0	0	0	2444	0	0	0
176	176	1388	1889.364	1115.596	195	503	497	133	31	194	551	396	184	33	687.138	4398	923	826	768	713	645	588	536	497	354	144	141.261	424	155	149	145	141	138	135	131	127	117	102	1	22	1877.143	1099.525	0	0	0	2842	0	0	0	336	0	0	0	1	30	1877.494	1099.044	0	0	0	2408	0	0	0	294	0	0	0
177	177	1033	318.423	1126.025	408	273	251	70	8	396	311	251	55	7	192.987	255	231	225	218	211	202	189	176	157	138	110	302.288	439	396	375	360	346	325	298	267	224	170	118	0	0	0.000	0.000	0	0	0	0	0	0	0	0	0	0	0	0	0	0.000	0.000	0	0	0	0	0	0	0	0	0	0	0
178	178	1088	891.689	1131.701	186	338	340	178	30	183	425	313	104	35	1164.909	1818	1681	1581	1472	1352	1211	1076	934	764	560	255	106.588	120	110	109	108	107	106	106	105	104	103	98	0	0	0.000	0.000	0	0	0	0	0	0	0	0	0	0	0	0	0	0.000	0.000	0	0	0	0	0	0	0	0	0	0	0
179	179	1791	937.586	1142.373	350	576	600	210	28	297	627	627	152	39	1198.453	2280	1746	1588	1460	1325	1193	1096	977	805	590	216	108.066	136	113	111	110	109	108	107	106	105	103	98	0	0	0.000	0.000	0	0	0	0	0	0	0	0	0	0	0	0	0	0.000	0.000	0	0	0	0	0	0	0	0	0	0	0
180	180	1998	1527.533	1151.527	312	850	621	149	24	281	1141	419	105	21	165.826	214	193	186	180	175	170	163	155	144	132	107	104.785	115	108	107	106	105	105	104	103	103	102	97	0	0	0.000	0.000	0	0	0	0	0	0	0	0	0	0	0	0	0	0.000	0.000	0	0	0	0	0	0	0	0	0	0	0
181	181	1280	1580.693	1151.338	149	365	445	260	35	160	602	296	159	37	459.685	660	582	553	531	509	488	464	425	362	278	132	137.716	173	158	153	149	145	141	136	131	122	109	101	0	0	0.000	0.000	0	0	0	0	0	0	0	0	0	0	0	0	0	0.000	0.000	0	0	0	0	0	0	0	0	0	0	0
182	182	1666	631.816	1190.150	413	474	443	264	47	285	543	448	269	91	114.760	134	122	120	118	117	115	113	112	109	107	97	265.305	401	343	318	297	281	268	255	240	210	180	134	0	0	0.000	0.000	0	0	0	0	0	0	0	0	0	0	0	0	0	0.000	0.000	0	0	0	0	0	0	0	0	0	0	0
183	183	576	950.189	1181.419	239	172	106	36	12	202	134	124	75	31	873.776	1362	1210	1141	1087	1017	941	840	763	624	405	151	108.639	122	113	111	110	109	108	108	107	106	104	100	0	0	0.000	0.000	0	0	0	0	0	0	0	0	0	0	0	0	0	0.000	0.000	0	0	0	0	0	0	0	0	0	0	0
184	184	765	489.669	1187.249	212	172	193	125	49	222	209	232	70	24	110.120	130	118	116	113	111	109	108	106	105	103	98	283.106	460	408	370	337	310	288	263	233	195	148	112	0	0	0.000	0.000	0	0	0	0	0	0	0	0	0	0	0	0	0	0.000	0.000	0	0	0	0	0	0	0	0	0	0	0
185	185	1929	1578.707	1198.703	271	590	547	368	119	303	709	576	256	60	682.886	9285	785	643	579	532	486	443	404	358	282	165	186.136	1988	198	163	155	149	143	138	133	127	120	102	1	69	1580.363	1193.958	0	0	0	4845	0	0	0	672	0	0	0	1	75	1580.792	1194.883	0	0	0	4045	0	0	0	998	0	0	0
186	186	1375	1522.612	1210.937	269	311	367	298	103	199	311	415	278	150	157.916	204	184	178	171	164	159	153	147	140	129	103	104.857	115	108	107	106	105	105	104	104	103	102	97	0	0	0.000	0.000	0	0	0	0	0	0	0	0	0	0	0	0	0	0.000	0.000	0	0	0	0	0	0	0	0	0	0	0
187	187	1902	543.168	1212.502	417	565	500	315	70	385	746	479	234	30	111.844	128	119	117	115	113	112	110	109	107	104	97	164.977	216	190	183	178	174	169	163	156	146	131	105	0	0	0.000	0.000	0	0	0	0	0	0	0	0	0	0	0	0	0	0.000	0.000	0	0	0	0	0	0	0	0	0	0	0
188	188	1763	593.225	1227.816	279	424	557	373	93	271	526	581	262	90	111.758	129	118	116	115	113	112	111	109	107	104	99	168.876	220	200	192	185	178	171	163	157	147	132	104	0	0	0.000	0.000	0	0	0	0	0	0	0	0	0	0	0	0	0	0.000	0.000	0	0	0	0	0	0	0	0	0	0	0
189	189	992	372.479	1228.904	109	221	280	248	110	101	309	331	160	71	108.540	120	114	112	111	110	109	107	106	105	103	97	173.596	231	210	201	194	187	179	171	158	143	127	105	0	0	0.000	0.000	0	0	0	0	0	0	0	0	0	0	0	0	0	0.000	0.000	0	0	0	0	0	0	0	0	0	0	0
190	190	1522	670.448	1232.868	158	315	448	418	155	169	491	509	266	63	109.681	123	115	113	112	111	110	109	107	106	105	95	222.373	317	278	263	248	234	222	211	199	189	165	120	0	0	0.000	0.000	0	0	0	0	0	0	0	0	0	0	0	0	0	0.000	0.000	0	0	0	0	0	0	0	0	0	0	0
191	191	1103	805.805	1264.454	136	302	365	232	49	91	287	453	173	78	119.871	140	127	125	123	122	120	119	117	115	112	102	113.888	147	120	118	116	115	114	112	111	110	108	101	0	0	0.000	0.000	0	0	0	0	0	0	0	0	0	0	0	0	0	0.000	0.000	0	0	0	0	0	0	0	0	0	0	0
192	192	1582	540.709	1265.715	269	488	495	260	43	200	544	483	268	55	108.723	121	113	112	111	110	109	108	107	106	104	100	107.009	120	112	110	108	107	107	106	105	104	103	95	0	0	0.000	0.000	0	0	0	0	0	0	0	0	0	0	0	0	0	0.000	0.000	0	0	0	0	0	0	0	0	0	0	0
193	193	1894	379.293	1278.009	282	521	522	402	124	283	526	574	349	140	110.883	124	116	115	113	112	111	110	109	107	105	98	175.257	248	212	203	196	189	181	170	160	147	129	100	0	0	0.000	0.000	0	0	0	0	0	0	0	0	0	0	0	0	0	0.000	0.000	0	0	0	0	0	0	0	0	0	0	0
194	194	1735	1794.182	1275.635	198	406	606	386	106	164	674	558	255	52	197.065	2329	215	192	184	177	171	165	158	148	136	106	174.157	382	204	195	187	181	174	167	161	152	138	102	1	35	1790.946	1270.519	0	0	0	1132	0	0	0	279	0	0	0	0	0	0.000	0.000	0	0	0	0	0	0	0	0	0	0	0
195	195	1260	160.952	1276.092	134	271	377	292	161	97	274	367	323	171	164.920	208	189	183	176	171	166	161	156	150	139	108	134.614	163	146	143	140	138	135	133	130	127	121	105	0	0	0.000	0.000	0	0	0	0	0	0	0	0	0	0	0	0	0	0.000	0.000	0	0	0	0	0	0	0	0	0	0	0
196	196	1896	653.150	1285.212	172	550	661	329	141	142	643	681	265	123	262.741	378	318	306	294	282	264	249	235	222	204	120	111.311	137	117	115	113	112	111	110	109	108	106	99	0	0	0.000	0.000	0	0	0	0	0	0	0	0	0	0	0	0	0	0.000	0.000	0	0	0	0	0	0	0	0	0	0	0
197	197	1752	486.358	1282.770	222	404	572	403	108	200	475	636	330	76	110.667	124	116	114	113	112	111	110	109	108	106	101	107.219	123	113	111	109	108	106	105	105	104	103	97	0	0	0.000	0.000	0	0	0	0	0	0	0	0	0	0	0	0	0	0.000	0.000	0	0	0	0	0	0	0	0	0	0	0
198	198	1509	1273.191	1288.269	237	375	458	324	85	198	458	478	252	96	959.637	1455	1252	1189	1136	1064	1002	936	849	750	584	218	145.848	179	161	157	154	151	148	145	141	135	126	105	0	0	0.000	0.000	0	0	0	0	0	0	0	0	0	0	0	0	0	0.000	0.000	0	0	0	0	0	0	0	0	0	0	0
199	199	1816	119.610	1313.088	185	571	509	370	142	189	713	519	310	44	322.160	7464	345	218	198	187	180	173	166	159	150	111	158.626	1022	170	154	149	145	141	137	133	129	123	106	1	56	107.702	1320.583	0	0	0	3306	0	0	0	540	0	0	0	1	56	108.108	1320.570	0	0	0	3306	0	0	0	540	0	0	0
200	200	1707	814.401	1315.177	248	440	482	394	105	231	618	507	267	51	123.967	151	135	132	129	126	124	122	119	117	113	101	115.827	136	123	121	119	117	116	114	113	111	108	101	0	0	0.000	0.000	0	0	0	0	0	0	0	0	0	0	0	0	0	0.000	0.000	0	0	0	0	0	0	0	0	0	0	0
201	201	1117	617.779	1315.051	87	299	360	276	85	53	290	340	305	98	177.019	235	206	197	188	182	176	170	166	159	149	117	149.692	193	174	167	161	154	148	143	138	133	128	114	0	0	0.000	0.000	0	0	0	0	0	0	0	0	0	0	0	0	0	0.000	0.000	0	0	0	0	0	0	0	0	0	0	0
202	202	1786	665.224	1339.001	232	338	565	411	201	202	409	652	361	122	302.053	450	387	364	341	324	308	291	271	244	206	128	113.853	130	121	118	117	115	114	112	111	109	107	98	0	0	0.000	0.000	0	0	0	0	0	0	0	0	0	0	0	0	0	0.000	0.000	0	0	0	0	0	0	0	0	0	0	0
203	203	1796	1234.725	1360.431	440	519	445	315	52	456	735	432	118	22	904.595	1659	1325	1214	1138	1062	962	864	753	575	337	137	108.503	120	113	112	110	109	108	107	106	105	104	96	0	0	0.000	0.000	0	0	0	0	0	0	0	0	0	0	0	0	0	0.000	0.000	0	0	0	0	0	0	0	0	0	0	0
204	204	2169	111.840	1368.575	592	959	393	129	55	775	985	280	63	24	397.635	628	531	494	467	439	405	371	333	299	269	121	108.685	121	114	112	111	110	108	107	106	105	104	98	0	0	0.000	0.000	0	0	0	0	0	0	0	0	0	0	0	0	0	0.000	0.000	0	0	0	0	0	0	0	0	0	0	0
205	205	1492	295.672	1365.765	178	351	509	339	89	208	546	546	155	15	262.905	372	329	314	301	286	266	250	234	217	185	127	103.594	118	107	105	105	104	103	103	102	102	101	97	0	0	0.000	0.000	0	0	0	0	0	0	0	0	0	0	0	0	0	0.000	0.000	0	0	0	0	0	0	0	0	0	0	0
206	206	1848	234.598	1372.891	285	407	627	413	92	319	427	647	345	75	260.301	409	333	314	298	283	269	252	233	204	165	109	103.593	116	107	105	105	104	103	103	102	102	101	93	0	0	0.000	0.000	0	0	0	0	0	0	0	0	0	0	0	0	0	0.000	0.000	0	0	0	0	0	0	0	0	0	0	0
207	207	751	1037.597	1374.355	280	185	113	104	53	201	256	197	61	24	150.795	213	190	179	169	162	154	145	132	116	107	100	336.944	584	493	458	418	381	351	311	262	212	156	110	0	0	0.000	0.000	0	0	0	0	0	0	0	0	0	0	0	0	0	0.000	0.000	0	0	0	0	0	0	0	0	0	0	0
208	208	1997	1477.862	1388.084	308	576	686	370	27	238	565	797	263	96	470.256	10594	481	344	324	309	295	278	256	225	182	118	186.417	1528	201	186	179	172	163	154	147	141	129	106	1	62	1468.171	1390.073	0	0	0	4667	0	0	0	756	0	0	0	1	56	1468.522	1390.003	0	0	0	5034	0	0	0	836	0	0	0
209	209	1520	996.357	1381.752	352	566	427	125	15	233	712	345	187	22	674.141	16292	627	249	201	187	176	168	158	145	125	100	231.722	1719	241	222	211	205	198	192	181	161	133	102	1	87	999.657	1367.227	0	0	0	7515	0	0	0	913	0	0	0	1	75	999.414	1366.992	0	0	0	8725	0	0	0	1017	0	0	0
210	210	1161	1812.697	1387.478	320	229	310	211	68	281	287	348	179	51	111.135	130	118	116	114	112	111	109	108	106	104	99	255.320	389	345	319	301	290	274	250	220	177	136	105	0	0	0.000	0.000	0	0	0	0	0	0	0	0	0	0	0	0	0	0.000	0.000	0	0	0	0	0	0	0	0	0	0	0
211	211	1370	948.658	1393.940	233	320	419	264	102	159	464	434	210	80	167.195	222	194	187	180	175	169	163	156	148	137	109	186.739	259	229	217	207	197	187	178	169	158	142	108	0	0	0.000	0.000	0	0	0	0	0	0	0	0	0	0	0	0	0	0.000	0.000	0	0	0	0	0	0	0	0	0	0	0
212	212	1657	1592.239	1398.917	186	327	577	418	118	236	517	603	217	48	114.740	130	122	120	118	116	115	113	111	109	107	99	167.982	230	200	190	182	176	169	162	155	145	133	111	0	0	0.000	0.000	0	0	0	0	0	0	0	0	0	0	0	0	0	0.000	0.000	0	0	0	0	0	0	0	0	0	0	0
213	213	2054	300.289	1415.493	468	599	677	258	19	359	611	717	290	23	505.231	781	680	635	589	555	514	483	441	379	311	147	122.027	143	132	129	127	125	123	121	118	115	111	101	0	0	0.000	0.000	0	0	0	0	0	0	0	0	0	0	0	0	0	0.000	0.000	0	0	0	0	0	0	0	0	0	0	0
214	214	1941	83.599	1418.084	259	496	679	412	61	210	574	667	410	52	108.400	121	113	111	110	109	108	108	107	105	104	97	186.095	252	223	215	209	202	192	180	168	155	141	109	0	0	0.000	0.000	0	0	0	0	0	0	0	0	0	0	0	0	0	0.000	0.000	0	0	0	0	0	0	0	0	0	0	0
215	215	1145	1617.416	1438.833	191	325	373	214	22	163	499	284	148	28	114.025	128	121	118	117	116	114	113	111	110	107	99	171.845	226	203	195	190	184	176	168	159	147	133	110	0	0	0.000	0.000	0	0	0	0	0	0	0	0	0	0	0	0	0	0.000	0.000	0	0	0	0	0	0	0	0	0	0	0
216	216	567	1901.424	1437.090	70	137	166	133	44	45	151	143	146	66	106.709	116	111	110	108	107	107	106	105	104	103	98	138.899	169	154	150	147	143	141	137	133	129	121	107	0	0	0.000	0.000	0	0	0	0	0	0	0	0	0	0	0	0	0	0.000	0.000	0	0	0	0	0	0	0	0	0	0	0
217	217	2037	392.482	1461.037	1167	563	199	72	18	1232	481	201	76	28	674.380	1381	1096	952	834	726	625	535	464	404	356	134	107.671	121	112	111	110	109	108	107	106	105	103	94	0	0	0.000	0.000	0	0	0	0	0	0	0	0	0	0	0	0	0	0.000	0.000	0	0	0	0	0	0	0	0	0	0	0
218	218	2315	267.160	1468.610	626	844	606	152	37	596	1036	548	72	25	505.612	823	661	611	580	553	526	494	454	398	309	148	121.797	151	133	130	127	124	122	119	117	114	110	101	0	0	0.000	0.000	0	0	0	0	0	0	0	0	0	0	0	0	0	0.000	0.000	0	0	0	0	0	0	0	0	0	0	0
219	219	1161	1832.836	1456.999	235	357	327	184	29	205	459	300	152	35	138.109	172	152	149	146	143	141	137	134	128	120	102	130.390	156	143	139	136	134	131	129	126	122	116	102	0	0	0.000	0.000	0	0	0	0	0	0	0	0	0	0	0	0	0	0.000	0.000	0	0	0	0	0	0	0	0	0	0	0
220	220	1682	686.266	1461.895	260	533	516	329	20	200	606	547	270	29	602.193	13739	766	306	223	200	189	178	168	154	137	109	221.348	1623	267	208	198	189	182	177	169	160	141	106	1	85	686.027	1451.592	0	0	0	6201	0	0	0	758	0	0	0	1	74	686.630	1451.868	0	0	0	7123	0	0	0	907	0	0	0
221	221	1146	81.594	1467.365	332	363	243	145	42	339	440	236	86	22	156.252	210	189	181	173	165	157	149	141	133	121	105	106.147	119	111	109	108	107	106	105	104	103	102	97	0	0	0.000	0.000	0	0	0	0	0	0	0	0	0	0	0	0	0	0.000	0.000	0	0	0	0	0	0	0	0	0	0	0
222	222	1333	1873.108	1472.586	246	404	410	219	32	185	379	364	289	84	182.830	2630	197	161	152	147	143	139	135	129	122	98	132.782	225	149	144	139	135	132	128	124	121	116	103	1	32	1870.217	1466.919	0	0	0	1149	0	0	0	167	0	0	0	0	0	0.000	0.000	0	0	0	0	0	0	0	0	0	0	0
223	223	2002	739.464	1483.501	204	421	633	489	216	162	571	707	426	88	3645.126	31173	17324	2866	1005	504	334	270	232	205	172	114	1174.552	9139	3938	1043	593	466	399	350	304	255	215	113	0	0	0.000	0.000	0	0	0	0	0	0	0	0	0	0	0	1	335	740.797	1485.523	0	0	0	20232	0	0	0	4826	0	0	0
224	224	2219	956.062	1486.603	1129	468	365	210	22	1312	419	368	92	8	122.096	145	132	128	126	124	122	120	118	116	113	99	575.685	913	768	724	679	637	597	544	488	438	347	165	0	0	0.000	0.000	0	0	0	0	0	0	0	0	0	0	0	0	0	0.000	0.000	0	0	0	0	0	0	0	0	0	0	0
225	225	1937	1188.577	1490.481	250	423	663	453	105	264	647	680	271	43	1021.657	1783	1555	1451	1288	1144	1035	922	789	638	440	157	107.852	124	114	111	109	108	107	106	105	104	103	97	0	0	0.000	0.000	0	0	0	0	0	0	0	0	0	0	0	0	0	0.000	0.000	0	0	0	0	0	0	0	0	0	0	0
226	226	1877	443.761	1498.366	585	576	378	256	49	462	618	470	257	39	932.723	1819	1406	1229	1135	1048	929	814	706	617	472	172	105.128	116	108	107	106	106	105	104	104	103	102	95	0	0	0.000	0.000	0	0	0	0	0	0	0	0	0	0	0	0	0	0.000	0.000	0	0	0	0	0	0	0	0	0	0	0
227	227	1705	655.090	1507.347	411	462	443	303	55	358	558	438	266	58	186.674	1289	209	194	186	179	173	166	158	147	135	112	179.188	417	222	210	198	188	179	169	159	148	133	108	1	41	655.684	1507.524	0	0	0	673	0	0	0	258	0	0	0	0	0	0.000	0.000	0	0	0	0	0	0	0	0	0	0	0
228	228	1178	1071.518	1511.966	217	281	332	256	70	191	276	385	202	94	111.035	124	117	115	113	112	111	110	109	107	105	100	138.399	173	156	151	147	143	139	136	132	127	117	102	0	0	0.000	0.000	0	0	0	0	0	0	0	0	0	0	0	0	0	0.000	0.000	0	0	0	0	0	0	0	0	0	0	0
229	229	1082	1873.781	1517.614	290	356	327	84	11	333	378	255	90	9	113.726	130	121	119	117	115	114	112	110	109	106	98	126.497	160	143	136	132	128	125	122	119	117	113	105	0	0	0.000	0.000	0	0	0	0	0	0	0	0	0	0	0	0	0	0.000	0.000	0	0	0	0	0	0	0	0	0	0	0
230	230	2089	707.899	1527.863	371	505	635	463	77	270	504	759	398	115	229.997	318	283	270	260	249	238	224	209	189	164	115	375.910	579	526	499	461	416	376	337	305	265	220	127	0	0	0.000	0.000	0	0	0	0	0	0	0	0	0	0	0	0	0	0.000	0.000	0	0	0	0	0	0	0	0	0	0	0
231	231	1380	764.670	1519.785	334	345	373	276	26	318	595	351	82	11	123.569	224	144	130	125	122	119	117	115	111	108	99	706.685	1291	1044	928	832	762	724	673	593	475	334	153	0	0	0.000	0.000	0	0	0	0	0	0	0	0	0	0	0	0	0	0.000	0.000	0	0	0	0	0	0	0	0	0	0	0
232	232	1508	1166.792	1538.227	172	333	489	349	139	141	451	600	210	78	1037.993	1752	1479	1346	1255	1168	1078	989	889	730	503	181	108.226	136	117	112	109	108	107	106	105	104	103	99	0	0	0.000	0.000	0	0	0	0	0	0	0	0	0	0	0	0	0	0.000	0.000	0	0	0	0	0	0	0	0	0	0	0
233	233	1555	1918.347	1540.783	242	462	458	286	83	227	561	520	198	26	577.291	13978	726	287	216	191	180	169	159	146	129	101	199.141	1167	240	206	197	189	181	170	155	138	118	100	1	75	1923.398	1536.579	0	0	0	6280	0	0	0	289	0	0	0	1	63	1924.714	1538.865	0	0	0	2206	0	0	0	706	0	0	0
234	234	2165	969.254	1548.783	1427	488	158	56	18	1141	607	252	101	37	123.285	171	135	130	127	124	122	120	118	116	112	99	525.772	1047	780	658	598	552	509	468	431	385	303	131	0	0	0.000	0.000	0	0	0	0	0	0	0	0	0	0	0	0	0	0.000	0.000	0	0	0	0	0	0	0	0	0	0	0
235	235	1947	1218.422	1551.450	274	640	712	228	56	215	841	609	197	48	589.339	912	790	747	701	656	615	563	508	447	334	146	107.469	118	112	110	109	108	107	107	106	105	104	96	0	0	0.000	0.000	0	0	0	0	0	0	0	0	0	0	0	0	0	0.000	0.000	0	0	0	0	0	0	0	0	0	0	0
236	236	2446	1611.587	1567.599	385	564	821	515	102	328	674	930	378	96	960.811	19507	1070	406	333	312	291	271	250	225	185	123	210.668	2253	239	162	153	147	143	138	134	129	122	106	1	151	1605.077	1555.085	0	0	0	9383	0	0	0	1049	0	0	0	1	140	1604.856	1555.080	0	0	0	9677	0	0	0	1098	0	0	0
237	237	1945	1317.281	1586.246	351	485	656	358	59	298	628	690	258	37	132.319	1635	138	131	128	125	123	120	118	114	110	98	188.443	275	233	219	209	200	191	180	169	156	140	108	1	20	1305.801	1592.556	0	0	0	754	0	0	0	260	0	0	0	0	0	0.000	0.000	0	0	0	0	0	0	0	0	0	0	0
238	238	1778	927.735	1592.546	227	471	563	370	117	224	701	530	236	62	375.197	8786	399	237	221	210	197	184	169	155	141	105	343.371	1371	465	439	406	374	336	293	252	221	188	120	1	63	926.463	1604.593	0	0	0	3699	0	0	0	830	0	0	0	1	29	926.427	1603.569	0	0	0	5337	0	0	0	1102	0	0	0
239	239	617	1183.253	1588.180	108	178	183	104	30	95	218	194	86	10	373.282	558	482	456	437	418	404	385	353	282	175	122	107.217	120	111	110	109	108	107	106	106	105	103	98	0	0	0.000	0.000	0	0	0	0	0	0	0	0	0	0	0	0	0	0.000	0.000	0	0	0	0	0	0	0	0	0	0	0
240	240	648	88.007	1590.760	93	189	188	100	63	70	192	215	126	35	372.569	525	458	439	426	412	391	368	341	304	253	145	106.083	120	111	109	108	107	106	105	104	103	102	96	0	0	0.000	0.000	0	0	0	0	0	0	0	0	0	0	0	0	0	0.000	0.000	0	0	0	0	0	0	0	0	0	0	0
241	241	1575	984.461	1598.314	226	371	519	338	96	173	564	523	197	92	183.422	261	229	215	205	195	185	174	162	151	135	111	320.422	536	468	436	399	361	323	283	244	211	166	117	0	0	0.000	0.000	0	0	0	0	0	0	0	0	0	0	0	0	0	0.000	0.000	0	0	0	0	0	0	0	0	0	0	0
242	242	2024	1668.639	1607.634	281	445	666	427	174	247	577	710	338	114	267.602	361	331	318	304	291	278	265	245	218	183	116	139.479	182	156	151	148	144	141	137	133	127	120	103	0	0	0.000	0.000	0	0	0	0	0	0	0	0	0	0	0	0	0	0.000	0.000	0	0	0	0	0	0	0	0	0	0	0
243	243	1031	1373.597	1635.417	322	259	236	174	31	281	347	232	129	30	110.878	125	117	115	113	112	111	110	108	107	105	97	283.484	525	440	384	341	298	264	238	212	189	161	114	0	0	0.000	0.000	0	0	0	0	0	0	0	0	0	0	0	0	0	0.000	0.000	0	0	0	0	0	0	0	0	0	0	0
244	244	1124	896.042	1636.984	228	374	297	172	25	230	471	285	97	21	200.950	266	235	225	219	213	207	200	190	177	155	120	145.269	179	161	156	152	149	146	143	140	135	129	108	0	0	0.000	0.000	0	0	0	0	0	0	0	0	0	0	0	0	0	0.000	0.000	0	0	0	0	0	0	0	0	0	0	0
245	245	1927	1419.859	1640.306	544	475	472	310	99	553	870	289	159	28	117.750	138	126	124	122	120	118	117	114	111	108	100	332.640	554	474	440	400	374	351	317	277	226	152	107	0	0	0.000	0.000	0	0	0	0	0	0	0	0	0	0	0	0	0	0.000	0.000	0	0	0	0	0	0	0	0	0	0	0
246	246	1556	1694.802	1656.097	344	408	470	244	64	358	747	313	101	18	118.155	138	128	125	123	121	119	116	114	110	107	98	129.121	163	144	139	136	133	130	127	124	118	111	98	0	0	0.000	0.000	0	0	0	0	0	0	0	0	0	0	0	0	0	0.000	0.000	0	0	0	0	0	0	0	0	0	0	0
247	247	1299	1882.662	1662.379	201	332	430	276	40	207	361	386	263	65	483.546	734	641	604	566	535	508	481	440	361	269	153	163.811	214	192	184	178	172	167	161	154	143	129	106	0	0	0.000	0.000	0	0	0	0	0	0	0	0	0	0	0	0	0	0.000	0.000	0	0	0	0	0	0	0	0	0	0	0
248	248	1038	948.468	1661.991	315	357	259	61	25	346	414	204	35	16	132.822	164	147	143	140	137	134	131	127	122	116	104	183.620	249	219	210	203	197	190	181	169	154	138	107	0	0	0.000	0.000	0	0	0	0	0	0	0	0	0	0	0	0	0	0.000	0.000	0	0	0	0	0	0	0	0	0	0	0
249	249	1782	1338.712	1680.814	332	564	473	285	90	206	551	573	283	132	111.447	124	117	115	114	113	112	111	109	108	105	97	147.851	185	170	164	160	156	152	147	140	132	118	103	0	0	0.000	0.000	0	0	0	0	0	0	0	0	0	0	0	0	0	0.000	0.000	0	0	0	0	0	0	0	0	0	0	0
250	250	1475	1647.294	1678.675	205	312	425	372	128	176	501	469	228	72	113.867	131	122	119	117	115	114	112	111	109	106	100	130.916	168	149	144	139	135	131	127	123	118	112	100	0	0	0.000	0.000	0	0	0	0	0	0	0	0	0	0	0	0	0	0.000	0.000	0	0	0	0	0	0	0	0	0	0	0
251	251	1551	701.514	1696.962	194	347	468	315	195	171	404	517	334	95	170.013	226	202	194	187	180	173	166	156	145	134	112	147.566	190	171	165	158	153	148	143	138	133	123	104	0	0	0.000	0.000	0	0	0	0	0	0	0	0	0	0	0	0	0	0.000	0.000	0	0	0	0	0	0	0	0	0	0	0
252	252	1972	753.953	1702.234	287	619	569	348	107	298	695	658	267	26	501.201	7751	815	334	240	215	198	186	174	161	146	115	178.736	817	223	176	166	160	154	149	143	136	128	104	2	70	748.416	1707.379	59	772.222	1695.618	3647	0	3709	0	504	0	464	0	2	69	748.800	1706.809	52	772.452	1695.469	3428	0	4123	0	504	0	487	0
253	253	1291	1814.428	1699.296	443	336	350	135	8	377	408	254	173	56	932.117	1919	1417	1221	1132	1048	964	880	720	549	367	184	106.704	118	110	109	108	107	107	106	105	104	103	97	0	0	0.000	0.000	0	0	0	0	0	0	0	0	0	0	0	0	0	0.000	0.000	0	0	0	0	0	0	0	0	0	0	0
254	254	1862	1713.451	1706.487	277	570	567	355	63	316	808	451	212	37	370.377	535	467	450	433	417	396	370	341	290	220	120	128.817	164	147	142	137	133	129	125	122	116	108	98	0	0	0.000	0.000	0	0	0	0	0	0	0	0	0	0	0	0	0	0.000	0.000	0	0	0	0	0	0	0	0	0	0	0
255	255	1438	336.611	1711.680	252	414	455	268	21	252	500	459	193	15	1026.241	1824	1406	1285	1201	1141	1059	964	872	762	579	224	133.572	182	152	145	141	138	134	130	126	122	116	101	0	0	0.000	0.000	0	0	0	0	0	0	0	0	0	0	0	0	0	0.000	0.000	0	0	0	0	0	0	0	0	0	0	0
256	256	1224	1763.156	1722.409	180	481	471	59	15	119	490	386	186	25	334.505	499	435	401	373	356	342	326	305	277	221	145	125.548	151	138	134	131	129	126	124	121	117	112	99	0	0	0.000	0.000	0	0	0	0	0	0	0	0	0	0	0	0	0	0.000	0.000	0	0	0	0	0	0	0	0	0	0	0
257	257	1324	1254.218	1723.913	223	447	399	200	38	238	633	283	124	26	894.767	1464	1252	1157	1089	1024	963	859	748	615	441	171	158.550	222	193	180	171	163	158	153	146	137	126	105	0	0	0.000	0.000	0	0	0	0	0	0	0	0	0	0	0	0	0	0.000	0.000	0	0	0	0	0	0	0	0	0	0	0
258	258	1179	131.283	1725.513	213	286	358	231	67	185	376	367	200	33	186.550	257	225	215	208	200	193	185	174	157	134	103	178.061	252	220	210	201	193	185	175	165	144	117	100	0	0	0.000	0.000	0	0	0	0	0	0	0	0	0	0	0	0	0	0.000	0.000	0	0	0	0	0	0	0	0	0	0	0
259	259	1996	1161.152	1728.744	532	976	394	32	26	585	1003	313	36	21	217.000	329	278	263	248	235	216	200	186	172	157	111	110.911	124	116	114	113	112	111	110	109	108	106	99	0	0	0.000	0.000	0	0	0	0	0	0	0	0	0	0	0	0	0	0.000	0.000	0	0	0	0	0	0	0	0	0	0	0
260	260	1177	1340.112	1727.312	145	310	317	264	121	103	382	375	208	87	111.617	124	118	116	114	113	112	110	109	107	105	99	143.121	192	170	163	157	151	146	140	132	121	110	100	0	0	0.000	0.000	0	0	0	0	0	0	0	0	0	0	0	0	0	0.000	0.000	0	0	0	0	0	0	0	0	0	0	0
261	261	1749	785.685	1744.766	298	424	496	376	121	202	430	570	372	138	989.539	17360	1492	428	259	236	225	215	202	187	164	119	264.524	2706	338	192	176	171	166	161	156	149	136	111	1	137	781.422	1752.347	0	0	0	8024	0	0	0	1165	0	0	0	1	123	781.228	1752.133	0	0	0	9408	0	0	0	1346	0	0	0
262	262	786	368.455	1739.365	130	206	200	188	50	138	259	213	136	22	853.677	1283	1135	1092	1048	987	911	853	749	629	440	132	130.043	156	146	143	140	137	133	129	124	116	108	100	0	0	0.000	0.000	0	0	0	0	0	0	0	0	0	0	0	0	0	0.000	0.000	0	0	0	0	0	0	0	0	0	0	0
263	263	1194	722.736	1748.536	188	359	307	255	64	169	391	340	219	61	868.064	1291	1138	1089	1054	1022	977	905	806	627	383	140	110.405	124	115	114	112	111	110	109	108	107	106	100	0	0	0.000	0.000	0	0	0	0	0	0	0	0	0	0	0	0	0	0.000	0.000	0	0	0	0	0	0	0	0	0	0	0
264	264	1745	674.477	1756.883	356	477	480	328	66	216	535	460	389	108	983.864	1533	1338	1252	1191	1137	1072	1002	886	693	440	145	109.615	122	114	113	112	111	110	109	108	106	105	98	0	0	0.000	0.000	0	0	0	0	0	0	0	0	0	0	0	0	0	0.000	0.000	0	0	0	0	0	0	0	0	0	0	0
265	265	2051	1729.042	1761.869	659	806	447	61	36	684	926	325	61	15	319.995	461	412	396	381	362	341	319	291	247	179	108	122.106	151	137	132	128	125	122	119	116	112	107	99	0	0	0.000	0.000	0	0	0	0	0	0	0	0	0	0	0	0	0	0.000	0.000	0	0	0	0	0	0	0	0	0	0	0
266	266	1502	1218.764	1758.092	142	427	583	274	54	131	597	501	194	47	1318.555	12110	1826	1334	1213	1116	1040	943	835	713	535	170	206.711	1665	258	196	182	173	164	155	147	138	128	104	1	62	1214.375	1758.704	0	0	0	7051	0	0	0	889	0	0	0	1	69	1214.919	1758.463	0	0	0	6372	0	0	0	863	0	0	0
267	267	1649	1027.665	1763.215	162	407	617	353	83	152	432	682	288	56	188.492	253	229	218	207	198	190	181	173	161	146	104	146.908	194	174	166	158	151	144	139	134	130	124	108	0	0	0.000	0.000	0	0	0	0	0	0	0	0	0	0	0	0	0	0.000	0.000	0	0	0	0	0	0	0	0	0	0	0
268	268	1514	1815.133	1762.494	389	380	362	277	87	351	543	333	212	34	137.957	912	151	140	136	133	130	127	123	118	112	103	150.200	256	190	170	158	151	145	140	135	127	119	104	1	29	1833.200	1761.186	0	0	0	383	0	0	0	130	0	0	0	0	0	0.000	0.000	0	0	0	0	0	0	0	0	0	0	0
269	269	1877	172.216	1769.383	298	481	578	386	104	293	583	623	311	34	378.775	607	517	466	430	402	376	349	325	298	253	134	134.117	169	151	145	141	137	134	130	127	123	118	102	0	0	0.000	0.000	0	0	0	0	0	0	0	0	0	0	0	0	0	0.000	0.000	0	0	0	0	0	0	0	0	0	0	0
270	270	1699	502.361	1779.305	194	516	591	289	83	92	566	692	242	64	425.828	8911	512	265	222	204	191	180	169	155	143	110	216.120	1662	263	213	197	184	172	162	154	147	140	109	1	77	495.693	1779.453	0	0	0	3677	0	0	0	804	0	0	0	1	75	496.559	1779.468	0	0	0	3677	0	0	0	889	0	0	0
271	271	1451	807.731	1785.426	244	323	403	358	97	244	511	436	204	26	204.314	267	244	236	228	221	213	205	191	170	147	110	160.836	205	186	178	171	167	164	159	153	144	131	110	0	0	0.000	0.000	0	0	0	0	0	0	0	0	0	0	0	0	0	0.000	0.000	0	0	0	0	0	0	0	0	0	0	0
272	272	1616	856.989	1805.473	271	595	509	162	30	229	643	446	234	31	157.337	199	182	177	171	165	158	152	146	139	130	106	112.181	126	118	116	115	114	112	111	110	108	106	98	0	0	0.000	0.000	0	0	0	0	0	0	0	0	0	0	0	0	0	0.000	0.000	0	0	0	0	0	0	0	0	0	0	0
273	273	1136	1840.908	1801.908	210	272	324	246	63	124	412	351	181	47	122.962	140	132	130	128	126	124	122	119	116	111	100	141.239	174	159	153	149	146	143	140	136	129	119	104	0	0	0.000	0.000	0	0	0	0	0	0	0	0	0	0	0	0	0	0.000	0.000	0	0	0	0	0	0	0	0	0	0	0
274	274	681	541.221	1804.562	98	232	188	120	34	116	294	154	80	27	151.822	198	173	168	163	160	156	152	145	135	121	104	161.627	203	187	181	176	171	166	160	153	141	127	109	0	0	0.000	0.000	0	0	0	0	0	0	0	0	0	0	0	0	0	0.000	0.000	0	0	0	0	0	0	0	0	0	0	0
275	275	1846	145.194	1815.875	269	395	555	469	127	221	395	600	424	169	410.122	580	511	487	469	448	427	406	383	344	270	130	136.638	169	154	149	144	140	137	133	129	125	120	103	0	0	0.000	0.000	0	0	0	0	0	0	0	0	0	0	0	0	0	0.000	0.000	0	0	0	0	0	0	0	0	0	0	0
276	276	1777	1547.640	1812.948	513	685	435	94	19	470	739	382	120	33	113.006	145	124	119	116	113	111	110	108	107	105	99	119.894	160	138	129	124	120	117	115	112	109	106	97	0	0	0.000	0.000	0	0	0	0	0	0	0	0	0	0	0	0	0	0.000	0.000	0	0	0	0	0	0	0	0	0	0	0
277	277	1973	1032.414	1826.858	317	561	637	388	38	227	680	648	321	51	185.476	245	219	211	205	198	191	183	173	159	141	110	144.461	182	168	162	156	150	144	139	133	128	121	105	0	0	0.000	0.000	0	0	0	0	0	0	0	0	0	0	0	0	0	0.000	0.000	0	0	0	0	0	0	0	0	0	0	0
278	278	1354	936.816	1828.061	163	356	422	308	82	131	428	432	274	63	334.024	5389	389	270	254	242	232	223	211	192	167	112	130.562	379	139	133	131	129	126	124	122	118	114	104	1	43	931.336	1818.224	0	0	0	2186	0	0	0	255	0	0	0	1	40	930.450	1817.478	0	0	0	1649	0	0	0	260	0	0	0
279	279	594	713.286	1825.693	10	91	202	203	71	20	132	232	185	13	102.746	110	106	104	104	103	103	102	102	101	100	95	103.746	111	106	106	105	104	104	103	103	102	101	98	0	0	0.000	0.000	0	0	0	0	0	0	0	0	0	0	0	0	0	0.000	0.000	0	0	0	0	0	0	0	0	0	0	0
280	280	1495	100.578	1842.187	131	387	466	358	122	76	377	482	360	176	481.677	687	602	575	553	523	496	468	448	407	335	130	114.851	154	127	121	117	115	113	111	110	108	106	100	0	0	0.000	0.000	0	0	0	0	0	0	0	0	0	0	0	1	20	93.723	1838.110	0	0	0	560	0	0	0	146	0	0	0
281	281	933	1583.937	1839.131	214	319	247	100	33	196	333	242	113	30	110.570	134	121	116	114	111	109	107	106	105	103	99	117.973	155	131	125	121	119	116	114	112	110	108	101	0	0	0.000	0.000	0	0	0	0	0	0	0	0	0	0	0	0	0	0.000	0.000	0	0	0	0	0	0	0	0	0	0	0
282	282	1061	186.145	1852.145	421	297	160	133	36	434	359	150	89	17	366.826	630	538	493	447	405	370	335	310	251	173	112	104.484	114	108	107	106	105	104	104	103	102	101	96	0	0	0.000	0.000	0	0	0	0	0	0	0	0	0	0	0	0	0	0.000	0.000	0	0	0	0	0	0	0	0	0	0	0
283	283	1035	866.427	1854.929	162	213	278	283	75	146	324	317	171	60	150.174	203	181	172	166	159	152	146	140	127	111	98	111.270	127	118	116	115	113	112	110	108	106	103	97	0	0	0.000	0.000	0	0	0	0	0	0	0	0	0	0	0	0	0	0.000	0.000	0	0	0	0	0	0	0	0	0	0	0
284	284	1496	964.844	1866.129	295	517	432	201	24	203	599	457	183	29	294.278	436	364	345	332	317	299	284	269	243	207	145	106.154	122	111	109	107	106	105	105	104	103	102	97	0	0	0.000	0.000	0	0	0	0	0	0	0	0	0	0	0	0	0	0.000	0.000	0	0	0	0	0	0	0	0	0	0	0
285	285	1893	1151.915	1864.538	151	506	787	366	45	71	556	783	368	74	127.401	151	137	134	132	130	128	126	124	121	117	104	188.479	254	224	214	204	195	187	180	174	166	156	110	0	0	0.000	0.000	0	0	0	0	0	0	0	0	0	0	0	0	0	0.000	0.000	0	0	0	0	0	0	0	0	0	0	0
286	286	1512	1763.579	1867.035	282	524	409	234	33	165	570	456	244	43	115.665	134	123	121	119	118	116	114	112	110	107	100	151.915	188	174	168	163	158	153	149	143	137	128	105	0	0	0.000	0.000	0	0	0	0	0	0	0	0	0	0	0	0	0	0.000	0.000	0	0	0	0	0	0	0	0	0	0	0
287	287	1972	1830.139	1874.287	256	490	644	468	82	218	634	665	365	55	318.015	514	414	377	360	343	326	311	288	250	202	116	121.896	154	139	132	128	124	121	118	115	112	107	97	0	0	0.000	0.000	0	0	0	0	0	0	0	0	0	0	0	0	0	0.000	0.000	0	0	0	0	0	0	0	0	0	0	0
288	288	1659	1520.159	1870.827	132	444	584	384	82	146	629	583	241	27	110.631	126	116	114	113	112	111	110	109	107	106	97	104.777	120	109	107	106	105	104	104	103	102	101	96	0	0	0.000	0.000	0	0	0	0	0	0	0	0	0	0	0	0	0	0.000	0.000	0	0	0	0	0	0	0	0	0	0	0
289	289	2097	1390.907	1899.328	471	493	586	403	110	429	725	640	224	53	2285.143	3469	3095	2934	2818	2681	2503	2258	2000	1567	1053	392	164.758	214	192	186	180	175	170	163	155	143	127	106	0	0	0.000	0.000	0	0	0	0	0	0	0	0	0	0	0	0	0	0.000	0.000	0	0	0	0	0	0	0	0	0	0	0
290	290	2625	1478.264	1903.545	297	561	863	606	241	349	954	798	402	59	577.461	912	762	712	679	646	610	573	516	436	315	154	116.429	138	127	123	120	118	116	114	112	110	107	98	0	0	0.000	0.000	0	0	0	0	0	0	0	0	0	0	0	0	0	0.000	0.000	0	0	0	0	0	0	0	0	0	0	0
291	291	1302	75.266	1904.516	163	352	368	310	89	124	413	409	269	63	271.214	370	337	324	313	300	283	262	242	217	187	131	139.752	170	159	154	150	146	141	136	131	125	119	104	0	0	0.000	0.000	0	0	0	0	0	0	0	0	0	0	0	0	0	0.000	0.000	0	0	0	0	0	0	0	0	0	0	0
292	292	1581	1149.369	1910.271	375	424	347	294	118	371	583	362	208	37	112.660	129	120	118	116	114	113	111	109	108	105	97	275.426	421	368	345	326	309	290	263	235	199	157	117	0	0	0.000	0.000	0	0	0	0	0	0	0	0	0	0	0	0	0	0.000	0.000	0	0	0	0	0	0	0	0	0	0	0
293	293	1720	1286.614	1917.157	1154	300	154	62	32	1049	271	204	138	40	102.597	111	105	104	104	103	103	102	101	101	100	96	103.873	112	107	106	105	104	104	103	103	102	101	94	0	0	0.000	0.000	0	0	0	0	0	0	0	0	0	0	0	0	0	0.000	0.000	0	0	0	0	0	0	0	0	0	0	0
294	294	1807	1776.394	1921.168	360	590	477	333	15	256	584	523	328	85	114.784	134	122	120	118	116	115	114	112	110	107	98	147.722	190	171	165	159	154	149	144	140	134	119	97	0	0	0.000	0.000	0	0	0	0	0	0	0	0	0	0	0	0	0	0.000	0.000	0	0	0	0	0	0	0	0	0	0	0
295	295	1605	1538.534	1925.126	106	358	531	455	120	104	464	641	296	64	548.380	863	712	663	622	583	550	524	500	461	365	172	113.761	140	121	118	117	115	114	112	111	109	107	102	0	0	0.000	0.000	0	0	0	0	0	0	0	0	0	0	0	0	0	0.000	0.000	0	0	0	0	0	0	0	0	0	0	0
296	296	2232	1434.591	1937.399	527	539	614	409	104	442	671	602	427	54	2454.595	4221	3536	3170	2855	2630	2399	2207	2003	1820	1501	506	176.349	240	208	199	192	185	179	172	164	154	140	107	0	0	0.000	0.000	0	0	0	0	0	0	0	0	0	0	0	0	0	0.000	0.000	0	0	0	0	0	0	0	0	0	0	0
297	297	1706	1495.884	1961.333	382	671	452	151	28	340	744	417	150	21	1024.066	1689	1433	1360	1290	1203	1099	972	845	666	468	191	145.522	196	175	167	160	154	147	139	130	121	115	97	0	0	0.000	0.000	0	0	0	0	0	0	0	0	0	0	0	0	0	0.000	0.000	0	0	0	0	0	0	0	0	0	0	0
298	298	1540	228.976	1962.837	371	481	482	157	19	262	492	455	257	50	110.465	125	116	114	113	112	111	109	108	107	105	99	203.549	286	252	237	224	213	203	193	183	174	156	122	0	0	0.000	0.000	0	0	0	0	0	0	0	0	0	0	0	0	0	0.000	0.000	0	0	0	0	0	0	0	0	0	0	0
299	299	2022	1123.314	1974.530	690	601	435	231	35	595	622	453	249	68	293.655	436	373	345	328	310	293	278	263	250	221	116	106.885	119	111	109	108	107	107	106	105	104	103	96	0	0	0.000	0.000	0	0	0	0	0	0	0	0	0	0	0	0	0	0.000	0.000	0	0	0	0	0	0	0	0	0	0	0
300	300	1982	1607.715	1969.341	1203	710	20	10	11	1199	722	20	11	9	111.819	126	119	116	115	113	112	110	109	107	105	99	159.762	211	189	182	176	170	164	158	149	135	120	103	0	0	0.000	0.000	0	0	0	0	0	0	0	0	0	0	0	0	0	0.000	0.000	0	0	0	0	0	0	0	0	0	0	0
301	301	1171	1397.369	1969.579	158	363	379	202	49	109	487	358	151	47	300.070	2290	327	307	294	284	271	260	244	221	192	114	136.995	327	150	146	142	138	135	132	128	124	118	103	1	35	1386.141	1974.761	0	0	0	1220	0	0	0	169	0	0	0	1	17	1387.385	1975.141	0	0	0	1445	0	0	0	253	0	0	0
302	302	1977	1546.778	1979.421	175	423	670	475	185	188	487	811	360	83	1311.166	2129	1891	1728	1611	1473	1361	1237	1083	895	656	248	161.776	230	200	191	182	172	163	155	145	133	119	98	0	0	0.000	0.000	0	0	0	0	0	0	0	0	0	0	0	0	0	0.000	0.000	0	0	0	0	0	0	0	0	0	0	0
