 	cell	area	x	y	BFI_lev_b1	BFI_lev_b2	BFI_lev_b3	BFI_lev_b4	BFI_lev_b5	BFO_lev_b1	BFO_lev_b2	BFO_lev_b3	BFO_lev_b4	BFO_lev_b5	GFP_int_mean	GFP_int_b0	GFP_int_b1	GFP_int_b2	GFP_int_b3	GFP_int_b4	GFP_int_b5	GFP_int_b6	GFP_int_b7	GFP_int_b8	GFP_int_b9	GFP_int_b10	RFP_int_mean	RFP_int_b0	RFP_int_b1	RFP_int_b2	RFP_int_b3	RFP_int_b4	RFP_int_b5	RFP_int_b6	RFP_int_b7	RFP_int_b8	RFP_int_b9	RFP_int_b10	inGFPnfoci	f1_inGFParea	f1_inGFPx	f1_inGFPy	f2_inGFParea	f2_inGFPx	f2_inGFPy	f1_inGFP_toGFPmed	f1_inGFP_toGFPmean	f2_inGFP_toGFPmed	f2_inGFP_toGFPmean	f1_inGFP_toRFPmed	f1_inGFP_toRFPmean	f2_inGFP_toRFPmed	f2_inGFP_toRFPmean	inRFPnfoci	f1_inRFParea	f1_inRFPx	f1_inRFPy	f2_inRFParea	f2_inRFPx	f2_inRFPy	f1_inRFP_toGFPmed	f1_inRFP_toGFPmean	f2_inRFP_toGFPmed	f2_inRFP_toGFPmean	f1_inRFP_toRFPmed	f1_inRFP_toRFPmean	f2_inRFP_toRFPmed	f2_inRFP_toRFPmean
1	1	1259	1258.382	74.655	109	282	404	327	112	81	362	492	215	88	171.554	213	196	190	184	180	174	169	162	154	142	113	151.361	193	176	170	165	159	153	147	140	133	125	104	0	0	0.000	0.000	0	0.000	0.000	0	0	0	0	0	0	0	0	0	0	0.000	0.000	0	0.000	0.000	0	0	0	0	0	0	0	0
2	2	856	705.965	71.359	121	234	267	196	23	50	193	305	195	97	114.921	130	122	120	118	116	115	114	112	110	107	101	105.222	116	109	108	107	106	105	104	104	103	102	92	0	0	0.000	0.000	0	0.000	0.000	0	0	0	0	0	0	0	0	0	0	0.000	0.000	0	0.000	0.000	0	0	0	0	0	0	0	0
3	3	1984	1424.416	90.202	166	568	714	394	99	162	876	633	223	55	482.778	11724	508	278	241	226	215	204	193	178	158	107	186.146	1165	198	181	175	169	165	160	155	150	139	113	1	71	1434.795	93.019	0	0.000	0.000	5262	0	0	0	619	0	0	0	1	63	1433.943	91.784	0	0.000	0.000	3525	0	0	0	705	0	0	0
4	4	1514	130.502	108.260	295	547	435	189	21	207	721	406	138	13	1691.539	2826	2545	2317	2116	1903	1703	1563	1406	1112	732	186	151.005	212	184	175	167	159	152	146	137	126	114	99	0	0	0.000	0.000	0	0.000	0.000	0	0	0	0	0	0	0	0	0	0	0.000	0.000	0	0.000	0.000	0	0	0	0	0	0	0	0
5	5	1694	678.293	114.367	152	410	684	378	41	128	462	666	343	63	123.077	143	132	129	127	125	123	121	120	117	114	104	107.628	123	113	111	109	108	107	106	105	104	103	97	0	0	0.000	0.000	0	0.000	0.000	0	0	0	0	0	0	0	0	0	0	0.000	0.000	0	0.000	0.000	0	0	0	0	0	0	0	0
6	6	1723	1171.154	120.828	293	540	465	335	55	306	691	506	171	23	533.110	5886	659	578	531	490	457	423	388	339	265	136	143.954	748	156	148	143	138	134	130	126	121	115	99	1	39	1176.348	133.120	0	0.000	0.000	3263	0	0	0	419	0	0	0	1	48	1177.183	132.742	0	0.000	0.000	2439	0	0	0	409	0	0	0
7	7	1764	631.183	126.079	159	506	641	349	75	149	607	686	224	70	376.851	8856	359	199	183	173	165	157	150	143	132	106	173.438	933	190	173	165	161	157	153	148	141	128	100	1	74	620.996	117.800	0	0.000	0.000	3788	0	0	0	526	0	0	0	1	66	621.122	117.391	0	0.000	0.000	4419	0	0	0	550	0	0	0
8	8	1255	1384.381	121.257	766	256	118	78	27	772	261	156	42	6	351.368	1873	674	427	331	278	246	227	212	198	170	123	900.679	6612	2038	1169	859	659	534	459	403	352	281	122	2	41	1395.755	127.244	56	1379.262	124.335	868	0	1075	0	2242	0	3600	0	2	42	1395.747	126.581	63	1379.253	124.006	856	0	948	0	2538	0	3368	0
9	9	927	540.486	123.544	501	334	55	8	9	560	322	16	8	9	328.567	536	438	409	385	354	330	309	285	251	211	129	130.811	216	156	144	136	130	126	122	119	115	110	101	0	0	0.000	0.000	0	0.000	0.000	0	0	0	0	0	0	0	0	0	0	0.000	0.000	0	0.000	0.000	0	0	0	0	0	0	0	0
10	10	2179	173.155	136.747	242	790	786	278	44	157	743	847	320	72	357.066	7921	383	247	217	203	191	181	171	157	140	110	200.323	1297	242	207	193	181	171	163	156	148	133	104	1	81	172.887	140.492	0	0.000	0.000	3226	0	0	0	704	0	0	0	1	80	172.751	139.995	0	0.000	0.000	3107	0	0	0	726	0	0	0
11	11	2610	385.943	154.295	500	956	879	219	17	293	748	977	451	90	2239.898	15456	2706	2506	2400	2277	2104	1888	1677	1416	1048	406	190.436	1133	209	197	190	181	172	163	153	143	132	105	1	71	381.350	168.974	0	0.000	0.000	10429	0	0	0	756	0	0	0	1	88	381.276	169.252	0	0.000	0.000	9511	0	0	0	677	0	0	0
12	12	1438	1432.124	144.527	138	402	485	314	74	152	626	436	178	18	207.805	271	243	235	229	222	214	204	193	179	161	123	157.267	206	181	174	169	165	160	155	150	143	128	103	0	0	0.000	0.000	0	0.000	0.000	0	0	0	0	0	0	0	0	0	0	0.000	0.000	0	0.000	0.000	0	0	0	0	0	0	0	0
13	13	1194	954.077	152.647	637	444	54	25	22	716	392	34	19	13	358.719	487	450	431	413	394	374	350	326	287	244	142	125.188	145	135	132	130	128	126	124	121	118	114	103	0	0	0.000	0.000	0	0.000	0.000	0	0	0	0	0	0	0	0	0	0	0.000	0.000	0	0.000	0.000	0	0	0	0	0	0	0	0
14	14	2029	1868.079	159.443	889	692	254	117	46	920	740	265	72	11	309.405	8235	321	178	150	144	139	135	130	123	115	100	256.739	2125	297	269	258	241	226	210	194	172	140	104	1	65	1873.925	155.932	0	0.000	0.000	3576	0	0	0	1153	0	0	0	1	65	1873.936	155.399	0	0.000	0.000	3429	0	0	0	1153	0	0	0
15	15	1347	124.101	177.525	253	447	407	193	29	175	591	384	154	16	199.031	278	244	233	223	214	203	192	179	164	145	113	163.782	229	200	190	180	171	163	155	146	139	129	107	0	0	0.000	0.000	0	0.000	0.000	0	0	0	0	0	0	0	0	0	0	0.000	0.000	0	0.000	0.000	0	0	0	0	0	0	0	0
16	16	1952	910.338	197.449	1231	665	11	5	7	513	1146	235	12	9	502.040	6998	523	478	452	428	406	379	349	308	237	125	140.875	807	152	140	135	131	128	124	122	118	112	101	1	55	901.921	211.429	0	0.000	0.000	3441	0	0	0	451	0	0	0	1	58	901.560	211.075	0	0.000	0.000	2851	0	0	0	447	0	0	0
17	17	1896	1242.813	193.810	416	541	560	303	32	356	608	599	256	45	362.643	531	478	451	429	405	382	355	323	273	206	117	167.302	222	200	192	185	179	173	165	155	142	124	99	0	0	0.000	0.000	0	0.000	0.000	0	0	0	0	0	0	0	0	0	0	0.000	0.000	0	0.000	0.000	0	0	0	0	0	0	0	0
18	18	2148	429.521	189.153	313	465	727	538	63	238	591	860	338	76	2857.001	22676	4632	2583	2261	2053	1874	1749	1589	1262	808	275	245.250	1789	378	213	189	179	170	161	150	138	123	104	1	172	431.985	180.982	0	0.000	0.000	13787	0	0	0	1024	0	0	0	1	181	431.961	180.781	0	0.000	0.000	13240	0	0	0	951	0	0	0
19	19	682	819.110	185.660	138	209	220	93	12	107	123	237	150	57	205.079	279	250	239	230	221	209	198	185	171	152	119	121.154	140	132	128	126	124	121	119	116	114	111	104	0	0	0.000	0.000	0	0.000	0.000	0	0	0	0	0	0	0	0	0	0	0.000	0.000	0	0.000	0.000	0	0	0	0	0	0	0	0
20	20	2478	179.300	197.653	441	1073	757	140	13	235	629	869	509	199	918.865	19348	1137	409	308	273	251	236	223	201	166	108	292.745	3008	396	244	219	203	191	181	171	160	138	103	1	148	184.802	191.538	0	0.000	0.000	9186	0	0	0	1542	0	0	0	1	157	184.710	191.366	0	0.000	0.000	8510	0	0	0	1497	0	0	0
21	21	1560	319.091	200.697	720	646	128	29	14	569	634	261	36	27	117.946	146	126	124	122	120	119	117	115	112	109	100	105.174	126	111	108	106	105	104	104	103	102	101	96	0	0	0.000	0.000	0	0.000	0.000	0	0	0	0	0	0	0	0	0	0	0.000	0.000	0	0.000	0.000	0	0	0	0	0	0	0	0
22	22	1851	958.296	204.253	437	653	506	189	28	313	699	454	246	103	662.366	11750	719	487	452	428	408	388	363	314	241	115	155.827	1131	167	143	139	136	133	130	126	122	115	101	1	71	948.557	205.006	0	0.000	0.000	5895	0	0	0	604	0	0	0	1	77	948.009	205.103	0	0.000	0.000	5099	0	0	0	573	0	0	0
23	23	895	367.541	196.419	332	318	180	38	8	246	333	220	78	7	117.673	142	126	123	121	119	117	115	114	112	110	101	169.863	246	221	204	191	180	170	160	148	133	119	104	0	0	0.000	0.000	0	0.000	0.000	0	0	0	0	0	0	0	0	0	0	0.000	0.000	0	0.000	0.000	0	0	0	0	0	0	0	0
24	24	2009	528.874	228.495	422	631	604	286	25	332	569	640	318	112	800.423	1359	1128	1056	1003	939	870	802	691	506	295	112	105.440	116	110	108	107	106	105	104	104	103	102	97	0	0	0.000	0.000	0	0.000	0.000	0	0	0	0	0	0	0	0	0	0	0.000	0.000	0	0.000	0.000	0	0	0	0	0	0	0	0
25	25	1768	846.819	224.279	190	412	726	356	41	142	324	808	336	120	553.322	9724	673	423	375	341	312	280	254	224	182	113	156.551	1121	177	152	143	137	131	126	121	117	111	99	1	75	850.594	217.616	0	0.000	0.000	4326	0	0	0	405	0	0	0	1	76	849.079	218.558	0	0.000	0.000	2366	0	0	0	563	0	0	0
26	26	1894	622.194	230.457	435	650	564	185	23	334	871	474	133	44	1556.680	21065	3955	714	371	289	262	244	224	199	172	115	308.532	2511	570	233	199	189	179	168	157	147	135	106	1	218	615.643	234.146	0	0.000	0.000	9830	0	0	0	1209	0	0	0	1	199	616.088	234.033	0	0.000	0.000	10967	0	0	0	1278	0	0	0
27	27	1144	1613.424	220.550	405	323	358	32	6	341	377	272	114	16	112.046	135	122	119	115	113	111	109	107	106	104	98	269.640	455	403	373	339	303	273	243	204	161	126	103	0	0	0.000	0.000	0	0.000	0.000	0	0	0	0	0	0	0	0	0	0	0.000	0.000	0	0.000	0.000	0	0	0	0	0	0	0	0
28	28	1421	432.819	248.787	300	533	460	106	12	196	490	475	201	26	261.093	1288	302	290	281	273	264	252	236	211	174	106	134.566	190	149	145	142	139	136	133	129	124	116	101	1	19	437.727	229.541	0	0.000	0.000	836	0	0	0	167	0	0	0	0	0	0.000	0.000	0	0.000	0.000	0	0	0	0	0	0	0	0
29	29	1240	817.744	266.394	180	404	398	216	21	158	383	480	146	42	287.565	394	360	345	333	316	300	279	256	227	193	121	129.776	162	143	139	136	133	131	128	125	120	114	101	0	0	0.000	0.000	0	0.000	0.000	0	0	0	0	0	0	0	0	0	0	0.000	0.000	0	0.000	0.000	0	0	0	0	0	0	0	0
30	30	862	391.060	262.065	101	387	294	54	10	43	350	319	117	19	134.099	165	146	143	139	136	134	132	130	126	122	107	140.157	172	157	152	148	144	140	136	133	129	124	110	0	0	0.000	0.000	0	0.000	0.000	0	0	0	0	0	0	0	0	0	0	0.000	0.000	0	0.000	0.000	0	0	0	0	0	0	0	0
31	31	610	1688.155	263.836	121	229	175	59	13	43	189	213	118	40	141.811	168	158	153	150	147	144	139	135	131	124	107	141.857	177	159	154	151	148	145	140	136	129	121	104	0	0	0.000	0.000	0	0.000	0.000	0	0	0	0	0	0	0	0	0	0	0.000	0.000	0	0.000	0.000	0	0	0	0	0	0	0	0
32	32	1778	270.020	304.202	199	703	558	233	49	114	570	716	266	80	413.978	9776	371	255	234	222	212	203	190	176	160	123	165.524	976	178	164	156	150	145	141	136	132	124	107	1	70	268.441	320.076	0	0.000	0.000	4150	0	0	0	526	0	0	0	1	70	268.920	320.109	0	0.000	0.000	4150	0	0	0	526	0	0	0
33	33	2039	1679.355	308.652	343	656	687	272	44	291	732	666	285	27	328.542	7684	338	218	201	190	180	172	163	154	142	103	181.458	988	214	196	184	172	163	156	150	143	130	103	1	68	1690.195	312.775	0	0.000	0.000	3287	0	0	0	473	0	0	0	1	57	1690.856	311.607	0	0.000	0.000	2509	0	0	0	602	0	0	0
34	34	1514	409.843	305.097	223	464	525	243	28	172	437	514	299	59	200.775	3149	198	172	163	158	153	149	144	138	131	110	145.583	323	167	160	154	148	143	139	135	130	123	104	1	37	405.313	287.705	0	0.000	0.000	1449	0	0	0	240	0	0	0	0	0	0.000	0.000	0	0.000	0.000	0	0	0	0	0	0	0	0
35	35	1298	915.296	315.172	105	402	458	246	59	127	447	509	163	29	607.619	967	862	788	704	652	619	589	539	450	337	135	152.964	190	174	169	164	161	156	151	145	136	126	103	0	0	0.000	0.000	0	0.000	0.000	0	0	0	0	0	0	0	0	0	0	0.000	0.000	0	0.000	0.000	0	0	0	0	0	0	0	0
36	36	2052	1030.991	323.133	358	565	751	300	36	243	458	809	407	99	411.931	3771	511	480	458	432	398	359	317	267	216	130	123.730	289	138	132	128	124	121	118	115	112	109	95	1	35	1027.921	310.656	0	0.000	0.000	2012	0	0	0	223	0	0	0	1	37	1027.418	310.590	0	0.000	0.000	1637	0	0	0	216	0	0	0
37	37	1869	1536.807	322.734	342	555	591	334	24	236	616	619	299	70	424.820	7980	413	342	318	303	286	268	250	232	196	121	159.973	1031	166	158	153	148	143	138	134	129	123	104	1	58	1552.973	327.440	0	0.000	0.000	3483	0	0	0	379	0	0	0	1	56	1554.078	325.966	0	0.000	0.000	1901	0	0	0	589	0	0	0
38	38	1400	1481.064	333.152	282	357	461	232	39	185	503	431	200	58	284.633	408	354	338	327	317	306	289	262	224	174	118	142.589	178	163	158	153	148	145	140	135	129	117	103	0	0	0.000	0.000	0	0.000	0.000	0	0	0	0	0	0	0	0	0	0	0.000	0.000	0	0.000	0.000	0	0	0	0	0	0	0	0
39	39	2368	214.190	340.731	881	1051	368	29	7	381	672	691	443	142	110.035	142	119	115	112	110	109	107	106	105	103	96	108.837	137	116	113	111	109	108	107	105	104	103	96	0	0	0.000	0.000	0	0.000	0.000	0	0	0	0	0	0	0	0	0	0	0.000	0.000	0	0.000	0.000	0	0	0	0	0	0	0	0
40	40	1790	470.995	358.054	368	436	535	352	71	337	612	549	226	33	363.977	524	451	434	417	399	382	364	335	295	234	132	185.018	242	218	209	202	195	189	182	174	161	142	115	0	0	0.000	0.000	0	0.000	0.000	0	0	0	0	0	0	0	0	0	0	0.000	0.000	0	0.000	0.000	0	0	0	0	0	0	0	0
41	41	2574	409.274	369.196	468	902	761	346	49	374	1013	822	296	27	1427.437	20984	1611	1052	944	876	827	776	716	600	451	164	213.266	2653	235	161	152	147	142	137	131	126	118	102	1	131	414.489	373.166	0	0.000	0.000	11049	0	0	0	1243	0	0	0	1	131	414.867	372.719	0	0.000	0.000	11049	0	0	0	1243	0	0	0
42	42	1950	1013.182	378.463	266	533	697	355	53	223	707	638	305	31	1423.523	20551	2295	648	480	442	416	392	364	320	259	122	200.554	1701	283	150	139	132	128	124	120	117	113	101	1	181	1005.619	370.409	0	0.000	0.000	9956	0	0	0	739	0	0	0	1	159	1005.727	370.129	0	0.000	0.000	11342	0	0	0	886	0	0	0
43	43	4328	585.104	397.746	4183	66	38	22	15	4147	87	38	26	26	497.874	13852	586	500	446	411	371	336	266	176	124	102	266.716	6263	289	257	238	218	199	181	157	130	111	99	1	77	599.592	402.349	0	0.000	0.000	6234	0	0	0	3166	0	0	0	1	87	599.752	401.834	0	0.000	0.000	5275	0	0	0	2731	0	0	0
44	44	2136	845.672	379.738	489	725	679	181	35	511	1031	484	67	13	3587.554	30998	15634	2408	926	621	534	455	383	307	202	113	545.994	5138	1812	357	189	155	138	127	120	116	110	100	1	421	845.508	377.206	0	0.000	0.000	15690	0	0	0	1861	0	0	0	1	334	845.625	376.574	0	0.000	0.000	21390	0	0	0	2437	0	0	0
45	45	1491	334.956	387.901	265	494	414	244	51	310	539	399	180	45	158.657	202	180	175	170	165	161	156	151	143	133	105	137.282	172	152	148	145	142	138	135	131	126	120	103	0	0	0.000	0.000	0	0.000	0.000	0	0	0	0	0	0	0	0	0	0	0.000	0.000	0	0.000	0.000	0	0	0	0	0	0	0	0
46	46	1933	1469.647	393.357	407	662	652	172	15	290	637	612	282	80	122.629	145	134	131	129	127	124	122	118	113	108	97	303.766	436	390	375	361	345	329	306	272	228	161	107	0	0	0.000	0.000	0	0.000	0.000	0	0	0	0	0	0	0	0	0	0	0.000	0.000	0	0.000	0.000	0	0	0	0	0	0	0	0
47	47	1204	1776.978	396.561	175	506	370	115	12	124	466	404	145	38	199.473	831	228	220	213	207	201	194	185	173	162	109	134.733	197	150	146	142	139	135	131	128	124	119	102	0	0	0.000	0.000	0	0.000	0.000	0	0	0	0	0	0	0	0	0	0	0.000	0.000	0	0.000	0.000	0	0	0	0	0	0	0	0
48	48	637	790.696	405.533	223	187	135	62	15	202	170	177	65	17	828.066	1343	1209	1106	1006	942	889	800	698	580	330	164	110.865	121	116	115	114	112	111	110	109	107	105	96	0	0	0.000	0.000	0	0.000	0.000	0	0	0	0	0	0	0	0	0	0	0.000	0.000	0	0.000	0.000	0	0	0	0	0	0	0	0
49	49	1480	1736.153	418.790	116	298	483	436	115	75	447	544	297	91	457.295	654	573	540	509	484	461	437	412	389	338	183	132.165	164	149	143	138	134	131	128	125	122	118	106	0	0	0.000	0.000	0	0.000	0.000	0	0	0	0	0	0	0	0	0	0	0.000	0.000	0	0.000	0.000	0	0	0	0	0	0	0	0
50	50	1538	478.345	419.052	193	502	520	286	15	140	522	550	241	66	111.592	125	117	115	114	113	112	111	110	108	106	100	140.604	175	158	153	149	145	141	137	134	129	123	103	0	0	0.000	0.000	0	0.000	0.000	0	0	0	0	0	0	0	0	0	0	0.000	0.000	0	0.000	0.000	0	0	0	0	0	0	0	0
51	51	817	521.091	425.729	98	305	277	98	16	51	408	252	70	16	510.273	729	636	592	572	554	530	494	456	414	370	205	132.103	162	144	140	137	135	133	130	128	124	119	106	0	0	0.000	0.000	0	0.000	0.000	0	0	0	0	0	0	0	0	0	0	0.000	0.000	0	0.000	0.000	0	0	0	0	0	0	0	0
52	52	2401	1008.336	449.922	698	1010	543	86	23	658	1088	478	113	12	116.870	158	125	123	121	119	117	115	113	111	108	101	666.885	1125	949	874	801	740	689	638	578	478	318	121	0	0	0.000	0.000	0	0.000	0.000	0	0	0	0	0	0	0	0	0	0	0.000	0.000	0	0.000	0.000	0	0	0	0	0	0	0	0
53	53	1456	721.854	448.494	138	614	430	225	24	142	618	406	203	69	635.292	923	805	771	739	711	680	640	588	498	378	172	133.560	164	149	144	140	138	134	130	127	123	118	102	0	0	0.000	0.000	0	0.000	0.000	0	0	0	0	0	0	0	0	0	0	0.000	0.000	0	0.000	0.000	0	0	0	0	0	0	0	0
54	54	1087	552.066	456.301	83	351	418	205	14	116	322	400	192	32	107.108	118	111	110	109	108	107	106	105	104	103	98	117.145	147	130	125	122	119	117	113	111	108	106	99	0	0	0.000	0.000	0	0.000	0.000	0	0	0	0	0	0	0	0	0	0	0.000	0.000	0	0.000	0.000	0	0	0	0	0	0	0	0
55	55	1827	93.095	460.005	277	456	526	416	123	282	785	487	221	12	110.890	128	118	115	114	112	111	109	108	106	104	98	105.288	123	111	108	107	105	105	104	103	102	101	95	0	0	0.000	0.000	0	0.000	0.000	0	0	0	0	0	0	0	0	0	0	0.000	0.000	0	0.000	0.000	0	0	0	0	0	0	0	0
56	56	1235	431.208	489.515	238	438	345	168	24	226	528	329	107	19	112.015	126	117	116	114	113	112	111	110	109	107	99	142.669	176	160	155	151	147	143	139	136	131	124	109	0	0	0.000	0.000	0	0.000	0.000	0	0	0	0	0	0	0	0	0	0	0.000	0.000	0	0.000	0.000	0	0	0	0	0	0	0	0
57	57	1193	127.012	496.287	280	190	267	332	111	252	275	331	292	25	109.712	124	116	114	113	111	110	109	107	105	103	97	103.914	114	107	106	105	104	104	103	103	102	101	95	0	0	0.000	0.000	0	0.000	0.000	0	0	0	0	0	0	0	0	0	0	0.000	0.000	0	0.000	0.000	0	0	0	0	0	0	0	0
58	58	2030	710.020	501.094	396	618	609	299	65	345	726	657	227	43	117.762	136	125	123	121	120	118	117	115	113	110	98	105.493	127	112	108	106	105	104	104	103	102	101	92	0	0	0.000	0.000	0	0.000	0.000	0	0	0	0	0	0	0	0	0	0	0.000	0.000	0	0.000	0.000	0	0	0	0	0	0	0	0
59	59	2407	1034.540	509.566	537	982	622	191	34	363	1192	592	200	30	112.934	135	120	117	116	114	113	111	110	108	106	97	690.861	1328	1035	909	830	752	696	647	570	465	321	125	0	0	0.000	0.000	0	0.000	0.000	0	0	0	0	0	0	0	0	0	0	0.000	0.000	0	0.000	0.000	0	0	0	0	0	0	0	0
60	60	1410	972.520	506.146	198	404	530	228	29	161	581	441	175	24	504.770	10591	641	296	228	209	197	185	175	165	152	115	145.765	746	168	144	137	132	127	123	120	116	112	103	1	66	977.495	499.870	0	0.000	0.000	4714	0	0	0	251	0	0	0	1	69	976.333	498.387	0	0.000	0.000	1789	0	0	0	390	0	0	0
61	61	1279	1598.635	510.138	336	306	398	191	25	285	382	404	143	35	2045.777	3994	3089	2711	2511	2356	2228	2086	1853	1205	531	159	107.780	121	113	111	110	109	108	107	105	104	103	98	0	0	0.000	0.000	0	0.000	0.000	0	0	0	0	0	0	0	0	0	0	0.000	0.000	0	0.000	0.000	0	0	0	0	0	0	0	0
62	62	1658	499.752	525.447	252	562	603	199	25	195	458	576	321	83	188.613	256	218	209	203	198	193	188	181	169	149	110	259.203	388	328	310	291	277	263	252	240	216	175	108	0	0	0.000	0.000	0	0.000	0.000	0	0	0	0	0	0	0	0	0	0	0.000	0.000	0	0.000	0.000	0	0	0	0	0	0	0	0
63	63	1893	240.588	538.639	210	502	613	431	93	98	399	821	356	186	475.915	732	626	589	565	543	521	489	427	343	239	117	106.006	118	110	108	107	106	106	105	104	103	102	96	0	0	0.000	0.000	0	0.000	0.000	0	0	0	0	0	0	0	0	0	0	0.000	0.000	0	0.000	0.000	0	0	0	0	0	0	0	0
64	64	1138	98.795	535.824	455	270	283	111	11	364	386	267	93	9	114.471	136	126	122	119	116	114	111	109	107	104	96	404.615	657	576	535	504	473	431	382	318	258	190	117	0	0	0.000	0.000	0	0.000	0.000	0	0	0	0	0	0	0	0	0	0	0.000	0.000	0	0.000	0.000	0	0	0	0	0	0	0	0
65	65	1191	1850.447	538.315	192	399	421	141	13	121	323	499	185	40	190.851	686	224	207	196	188	181	176	168	160	149	117	118.043	163	128	124	121	119	117	115	113	111	109	102	1	21	1849.512	534.093	0	0.000	0.000	503	0	0	0	129	0	0	0	0	0	0.000	0.000	0	0.000	0.000	0	0	0	0	0	0	0	0
66	66	1690	909.368	548.964	294	394	632	321	23	239	342	659	325	99	671.290	5014	868	801	745	685	639	579	519	427	317	143	148.111	636	176	163	153	143	137	132	128	123	116	99	1	28	917.601	562.183	0	0.000	0.000	3105	0	0	0	328	0	0	0	2	38	918.432	562.370	18	897.824	539.612	2480	0	1220	0	359	0	254	0
67	67	796	997.436	544.792	48	139	314	219	61	55	295	289	106	38	174.357	221	197	192	187	182	178	173	167	157	145	110	124.822	145	136	134	131	129	126	124	121	116	109	99	0	0	0.000	0.000	0	0.000	0.000	0	0	0	0	0	0	0	0	0	0	0.000	0.000	0	0.000	0.000	0	0	0	0	0	0	0	0
68	68	1291	190.862	551.465	282	463	417	106	7	202	517	342	186	28	507.884	838	729	670	612	561	510	459	408	358	286	163	104.710	115	108	107	106	105	105	104	103	103	102	96	0	0	0.000	0.000	0	0.000	0.000	0	0	0	0	0	0	0	0	0	0	0.000	0.000	0	0.000	0.000	0	0	0	0	0	0	0	0
69	69	1501	957.354	559.940	195	462	529	238	51	186	636	463	166	20	263.123	4404	317	216	195	184	176	170	164	156	144	116	136.144	526	150	139	134	130	127	125	122	119	114	102	1	46	957.500	553.305	0	0.000	0.000	1985	0	0	0	315	0	0	0	1	44	957.899	552.429	0	0.000	0.000	1469	0	0	0	323	0	0	0
70	70	2895	530.209	594.805	477	971	983	373	36	383	829	1009	501	116	473.142	13218	408	272	247	229	213	201	188	175	158	111	314.843	1713	417	370	342	313	287	265	247	228	200	117	1	102	527.591	587.154	0	0.000	0.000	5820	0	0	0	741	0	0	0	1	64	528.399	586.423	0	0.000	0.000	8472	0	0	0	1125	0	0	0
71	71	1753	1018.341	587.453	207	418	610	427	67	135	425	753	279	129	229.171	2935	242	223	215	207	199	191	182	169	151	111	171.440	630	202	192	184	174	165	158	153	146	129	103	1	32	1022.909	573.643	0	0.000	0.000	1369	0	0	0	360	0	0	0	1	33	1022.145	572.453	0	0.000	0.000	599	0	0	0	401	0	0	0
72	72	2472	291.703	591.057	469	785	807	329	37	355	728	789	490	65	1181.086	2012	1697	1524	1390	1282	1202	1104	991	842	627	241	105.696	116	109	108	107	106	105	105	104	104	103	96	0	0	0.000	0.000	0	0.000	0.000	0	0	0	0	0	0	0	0	0	0	0.000	0.000	0	0.000	0.000	0	0	0	0	0	0	0	0
73	73	1877	223.998	596.856	203	565	705	356	18	174	818	594	246	12	373.758	631	510	466	435	404	375	343	312	275	237	142	104.786	115	108	107	106	105	105	104	103	103	102	96	0	0	0.000	0.000	0	0.000	0.000	0	0	0	0	0	0	0	0	0	0	0.000	0.000	0	0.000	0.000	0	0	0	0	0	0	0	0
74	74	1498	858.742	590.530	216	512	536	160	39	191	645	442	170	24	614.559	1004	823	762	722	692	647	603	538	460	351	137	174.861	240	214	206	198	188	178	169	158	145	127	103	0	0	0.000	0.000	0	0.000	0.000	0	0	0	0	0	0	0	0	0	0	0.000	0.000	0	0.000	0.000	0	0	0	0	0	0	0	0
75	75	2110	354.927	610.951	299	537	831	355	45	304	863	637	243	17	1290.672	1914	1770	1643	1548	1439	1330	1222	1125	978	729	236	107.005	119	111	109	108	108	107	106	105	104	103	98	0	0	0.000	0.000	0	0.000	0.000	0	0	0	0	0	0	0	0	0	0	0.000	0.000	0	0.000	0.000	0	0	0	0	0	0	0	0
76	76	1724	909.066	606.843	154	553	684	281	19	76	532	715	255	114	219.088	2752	238	216	206	197	190	181	174	166	156	122	220.977	631	269	247	235	226	217	209	201	190	172	125	1	30	899.430	614.472	0	0.000	0.000	1316	0	0	0	419	0	0	0	0	0	0.000	0.000	0	0.000	0.000	0	0	0	0	0	0	0	0
77	77	1427	1880.822	611.822	381	606	360	47	5	212	405	522	207	50	958.219	1546	1372	1273	1216	1150	1048	935	768	590	377	161	172.607	230	210	203	196	187	179	168	155	140	124	98	0	0	0.000	0.000	0	0.000	0.000	0	0	0	0	0	0	0	0	0	0	0.000	0.000	0	0.000	0.000	0	0	0	0	0	0	0	0
78	78	2210	971.875	621.210	490	921	639	105	7	321	881	560	332	82	248.134	5653	241	217	207	198	191	184	176	165	152	117	222.231	809	259	246	235	226	219	209	201	189	171	120	1	33	967.587	605.664	0	0.000	0.000	2705	0	0	0	398	0	0	0	1	22	969.343	606.311	0	0.000	0.000	1404	0	0	0	644	0	0	0
79	79	1107	407.243	625.060	143	405	315	186	34	110	363	415	149	58	137.843	166	151	148	145	143	140	137	132	127	121	108	213.476	289	257	246	238	230	221	209	194	178	156	113	0	0	0.000	0.000	0	0.000	0.000	0	0	0	0	0	0	0	0	0	0	0.000	0.000	0	0.000	0.000	0	0	0	0	0	0	0	0
80	80	2459	587.927	632.112	461	416	868	594	94	385	648	952	322	104	218.995	311	267	256	247	237	226	214	202	185	151	106	311.452	467	403	386	368	349	324	297	268	241	197	114	0	0	0.000	0.000	0	0.000	0.000	0	0	0	0	0	0	0	0	0	0	0.000	0.000	0	0.000	0.000	0	0	0	0	0	0	0	0
81	81	1284	692.748	644.541	126	291	414	321	103	109	336	541	192	77	430.003	611	539	521	503	481	451	414	384	347	281	133	122.119	151	135	130	126	124	122	120	117	114	111	100	0	0	0.000	0.000	0	0.000	0.000	0	0	0	0	0	0	0	0	0	0	0.000	0.000	0	0.000	0.000	0	0	0	0	0	0	0	0
82	82	1885	757.800	651.030	216	582	706	289	64	222	919	542	139	19	923.845	9010	1056	982	918	870	820	751	681	590	470	160	229.540	1861	251	229	218	208	198	188	178	166	150	111	1	51	751.534	642.257	0	0.000	0.000	5030	0	0	0	613	0	0	0	1	59	752.331	643.556	0	0.000	0.000	3803	0	0	0	1035	0	0	0
83	83	1372	268.237	647.468	228	463	456	181	20	155	486	417	200	90	204.960	299	256	242	231	220	208	198	184	169	144	106	136.906	170	156	152	148	143	138	133	128	122	116	101	0	0	0.000	0.000	0	0.000	0.000	0	0	0	0	0	0	0	0	0	0	0.000	0.000	0	0.000	0.000	0	0	0	0	0	0	0	0
84	84	1207	930.211	653.167	118	304	420	293	52	150	488	338	149	54	181.721	247	215	202	193	186	180	174	170	163	151	113	205.196	297	254	236	225	215	206	196	188	177	154	110	0	0	0.000	0.000	0	0.000	0.000	0	0	0	0	0	0	0	0	0	0	0.000	0.000	0	0.000	0.000	0	0	0	0	0	0	0	0
85	85	1880	1364.461	663.938	279	563	652	301	36	201	540	633	363	113	124.370	152	135	132	130	127	125	122	120	117	112	102	201.527	284	251	238	228	216	203	191	179	168	149	110	0	0	0.000	0.000	0	0.000	0.000	0	0	0	0	0	0	0	0	0	0	0.000	0.000	0	0.000	0.000	0	0	0	0	0	0	0	0
86	86	1791	457.452	667.896	232	691	594	200	49	342	898	408	93	14	1136.390	17202	1624	767	614	565	515	473	419	368	304	155	207.773	1983	268	168	153	147	142	136	131	126	120	104	1	112	458.877	674.187	0	0.000	0.000	8530	0	0	0	923	0	0	0	1	106	458.633	673.529	0	0.000	0.000	8547	0	0	0	990	0	0	0
87	87	1940	1657.720	669.067	238	497	689	402	73	241	649	692	255	54	302.595	6101	284	203	194	187	180	171	161	151	137	108	162.288	1043	170	162	155	149	144	138	134	129	122	103	1	69	1669.378	677.919	0	0.000	0.000	2887	0	0	0	522	0	0	0	1	68	1669.908	676.969	0	0.000	0.000	2343	0	0	0	574	0	0	0
88	88	1470	409.122	673.165	223	566	552	94	10	95	322	505	406	110	155.680	1540	165	148	143	138	135	132	129	125	120	107	193.733	355	238	226	213	201	191	182	171	162	150	118	1	28	414.746	672.610	0	0.000	0.000	859	0	0	0	236	0	0	0	0	0	0.000	0.000	0	0.000	0.000	0	0	0	0	0	0	0	0
89	89	2128	1867.815	673.629	306	586	669	434	88	327	803	627	271	49	331.226	457	402	389	378	366	352	336	309	268	223	137	133.413	163	147	144	141	138	135	132	129	123	115	99	0	0	0.000	0.000	0	0.000	0.000	0	0	0	0	0	0	0	0	0	0	0.000	0.000	0	0.000	0.000	0	0	0	0	0	0	0	0
90	90	1709	307.784	684.847	173	559	618	293	31	124	514	717	256	58	545.443	10968	623	298	266	250	237	227	215	200	179	130	171.972	1287	194	158	151	146	141	135	129	123	117	106	1	83	317.514	693.889	0	0.000	0.000	4953	0	0	0	662	0	0	0	1	86	317.078	693.803	0	0.000	0.000	4807	0	0	0	639	0	0	0
91	91	897	1603.627	684.271	154	382	254	81	13	103	279	327	127	44	176.640	222	204	198	193	187	180	173	166	157	142	109	131.595	166	146	141	137	134	131	128	126	123	119	104	0	0	0.000	0.000	0	0.000	0.000	0	0	0	0	0	0	0	0	0	0	0.000	0.000	0	0.000	0.000	0	0	0	0	0	0	0	0
92	92	1764	808.613	697.444	303	665	582	164	11	217	672	541	219	70	1960.674	3104	2782	2603	2440	2256	2071	1842	1629	1327	949	300	160.997	211	189	183	177	171	164	156	149	139	127	106	0	0	0.000	0.000	0	0.000	0.000	0	0	0	0	0	0	0	0	0	0	0.000	0.000	0	0.000	0.000	0	0	0	0	0	0	0	0
93	93	1062	1572.763	701.871	223	271	330	206	15	200	329	314	138	63	2087.782	19326	7573	1820	803	473	333	265	225	190	156	117	381.026	2816	1000	376	236	191	175	162	152	140	127	106	1	184	1573.243	704.506	0	0.000	0.000	9145	0	0	0	1129	0	0	0	1	148	1573.245	704.077	0	0.000	0.000	11395	0	0	0	1439	0	0	0
94	94	1272	483.043	715.136	165	333	414	297	44	152	390	400	220	84	445.627	633	563	541	521	503	479	444	402	350	276	133	132.769	161	145	142	139	137	135	132	129	124	116	100	0	0	0.000	0.000	0	0.000	0.000	0	0	0	0	0	0	0	0	0	0	0.000	0.000	0	0.000	0.000	0	0	0	0	0	0	0	0
95	95	1935	1445.182	718.745	245	452	733	420	50	213	541	807	234	108	1231.158	2056	1759	1656	1560	1434	1283	1128	954	789	591	232	165.807	235	212	198	185	175	164	154	143	134	124	102	0	0	0.000	0.000	0	0.000	0.000	0	0	0	0	0	0	0	0	0	0	0.000	0.000	0	0.000	0.000	0	0	0	0	0	0	0	0
96	96	1862	1365.288	716.498	206	328	695	524	59	201	410	815	301	105	128.503	160	141	137	135	132	130	127	124	119	114	101	228.023	337	295	276	262	248	235	222	205	181	142	103	0	0	0.000	0.000	0	0.000	0.000	0	0	0	0	0	0	0	0	0	0	0.000	0.000	0	0.000	0.000	0	0	0	0	0	0	0	0
97	97	1319	436.459	717.431	165	292	406	356	72	183	389	514	175	39	136.097	167	150	146	142	140	137	134	131	128	119	104	216.291	303	262	247	237	229	221	213	204	191	157	111	0	0	0.000	0.000	0	0.000	0.000	0	0	0	0	0	0	0	0	0	0	0.000	0.000	0	0.000	0.000	0	0	0	0	0	0	0	0
98	98	1408	287.602	726.831	135	267	470	425	82	99	298	601	256	119	1120.817	1644	1475	1401	1343	1276	1182	1080	995	849	651	246	155.809	203	184	176	169	162	155	150	144	137	128	109	0	0	0.000	0.000	0	0.000	0.000	0	0	0	0	0	0	0	0	0	0	0.000	0.000	0	0.000	0.000	0	0	0	0	0	0	0	0
99	99	2392	224.587	746.477	406	831	694	353	71	372	882	787	242	64	1869.503	25298	3968	859	474	361	320	297	268	232	188	119	744.728	9357	1533	434	296	257	238	224	210	184	156	115	1	279	224.665	749.306	0	0.000	0.000	11910	0	0	0	3916	0	0	0	1	239	224.727	748.948	0	0.000	0.000	14236	0	0	0	4418	0	0	0
100	100	1139	1800.926	740.815	131	253	392	301	39	87	336	450	189	53	118.994	142	129	126	124	121	119	117	114	111	109	100	238.915	355	309	290	273	257	242	227	209	189	166	127	0	0	0.000	0.000	0	0.000	0.000	0	0	0	0	0	0	0	0	0	0	0.000	0.000	0	0.000	0.000	0	0	0	0	0	0	0	0
101	101	2142	796.786	753.795	195	517	837	465	91	249	673	758	336	79	1935.907	3199	2781	2647	2470	2228	1968	1706	1495	1251	1033	248	153.053	204	182	176	169	162	155	146	137	130	122	104	0	0	0.000	0.000	0	0.000	0.000	0	0	0	0	0	0	0	0	0	0	0.000	0.000	0	0.000	0.000	0	0	0	0	0	0	0	0
102	102	1907	1152.570	757.990	302	466	684	370	44	256	553	740	303	16	542.076	3720	734	639	589	547	498	449	408	365	308	147	167.325	888	200	185	175	166	156	148	141	133	126	106	1	35	1149.783	764.545	0	0.000	0.000	2215	0	0	0	507	0	0	0	1	35	1150.301	764.615	0	0.000	0.000	2215	0	0	0	507	0	0	0
103	103	2572	1487.515	772.235	530	607	853	467	75	460	810	868	299	81	216.409	2158	241	225	216	210	203	196	186	171	149	110	313.494	793	411	375	355	337	318	298	276	246	203	129	1	33	1482.840	784.324	0	0.000	0.000	1115	0	0	0	514	0	0	0	0	0	0.000	0.000	0	0.000	0.000	0	0	0	0	0	0	0	0
104	104	1228	1273.376	773.044	281	350	428	119	26	271	467	373	85	19	157.700	698	173	166	160	157	154	151	146	140	130	109	162.055	260	192	183	176	169	162	157	151	143	128	107	1	19	1273.832	755.836	0	0.000	0.000	359	0	0	0	176	0	0	0	0	0	0.000	0.000	0	0.000	0.000	0	0	0	0	0	0	0	0
105	105	2100	294.007	779.307	357	882	587	204	26	285	1119	462	169	24	1341.760	2178	1824	1660	1582	1495	1400	1300	1184	992	719	245	167.374	226	198	190	181	174	168	162	155	148	133	104	0	0	0.000	0.000	0	0.000	0.000	0	0	0	0	0	0	0	0	0	0	0.000	0.000	0	0.000	0.000	0	0	0	0	0	0	0	0
106	106	2631	1426.471	783.264	488	530	1040	497	38	432	566	1024	410	152	1203.836	22386	1554	454	300	252	230	211	192	171	146	111	447.134	4084	589	429	389	352	317	283	249	220	182	122	1	200	1425.721	783.941	0	0.000	0.000	10782	0	0	0	1814	0	0	0	1	158	1425.672	783.891	0	0.000	0.000	13913	0	0	0	2290	0	0	0
107	107	1687	1779.785	787.710	243	522	589	277	30	162	453	657	288	102	116.599	135	125	122	120	118	117	115	114	111	109	99	218.288	327	284	263	245	227	214	200	188	177	162	115	0	0	0.000	0.000	0	0.000	0.000	0	0	0	0	0	0	0	0	0	0	0.000	0.000	0	0.000	0.000	0	0	0	0	0	0	0	0
108	108	583	436.651	777.174	241	193	92	36	13	200	233	114	19	9	122.578	162	141	134	131	126	122	117	113	110	107	102	160.292	403	218	193	176	164	155	143	128	117	110	102	0	0	0.000	0.000	0	0.000	0.000	0	0	0	0	0	0	0	0	1	17	431.687	775.575	0	0.000	0.000	139	0	0	0	318	0	0	0
109	109	2306	825.992	804.005	311	620	810	407	120	339	786	774	306	69	1955.288	3441	2949	2712	2482	2248	2066	1811	1542	1240	742	203	154.497	209	189	180	171	163	155	147	138	131	119	102	0	0	0.000	0.000	0	0.000	0.000	0	0	0	0	0	0	0	0	0	0	0.000	0.000	0	0.000	0.000	0	0	0	0	0	0	0	0
110	110	2006	761.625	808.228	233	578	721	429	13	176	514	809	322	150	1971.479	3526	2830	2574	2437	2218	1997	1794	1570	1336	1056	288	157.257	220	188	180	174	166	158	150	142	133	123	103	0	0	0.000	0.000	0	0.000	0.000	0	0	0	0	0	0	0	0	0	0	0.000	0.000	0	0.000	0.000	0	0	0	0	0	0	0	0
111	111	1388	703.930	807.824	279	361	408	258	53	196	377	419	321	51	1788.788	2784	2598	2393	2152	1970	1848	1690	1490	1240	915	342	155.804	201	184	176	171	164	158	151	144	134	125	106	0	0	0.000	0.000	0	0.000	0.000	0	0	0	0	0	0	0	0	0	0	0.000	0.000	0	0.000	0.000	0	0	0	0	0	0	0	0
112	112	1686	879.576	816.233	227	633	634	153	16	151	650	594	198	41	2050.442	3304	3018	2781	2537	2302	2162	1974	1699	1337	913	244	159.497	219	192	183	175	166	159	153	147	138	125	102	0	0	0.000	0.000	0	0.000	0.000	0	0	0	0	0	0	0	0	0	0	0.000	0.000	0	0.000	0.000	0	0	0	0	0	0	0	0
113	113	2137	414.827	824.048	430	629	672	335	33	404	792	574	285	47	1163.178	2076	1830	1694	1516	1356	1213	1043	849	658	423	124	391.969	672	595	546	498	457	409	356	296	231	155	105	0	0	0.000	0.000	0	0.000	0.000	0	0	0	0	0	0	0	0	0	0	0.000	0.000	0	0.000	0.000	0	0	0	0	0	0	0	0
114	114	1755	113.345	837.890	247	582	631	240	29	224	651	539	257	48	445.654	2181	549	517	495	471	446	418	389	343	271	150	187.203	850	212	201	194	188	182	175	166	156	140	111	1	17	104.642	831.299	0	0.000	0.000	1551	0	0	0	557	0	0	0	1	31	106.069	830.880	0	0.000	0.000	1097	0	0	0	556	0	0	0
115	115	1484	315.199	842.589	480	665	275	32	8	582	771	97	6	5	232.621	3514	258	208	197	187	177	170	164	156	144	116	131.639	418	147	138	133	129	126	123	120	117	114	102	1	33	326.565	842.116	0	0.000	0.000	1696	0	0	0	266	0	0	0	1	34	325.773	842.263	0	0.000	0.000	1428	0	0	0	266	0	0	0
116	116	1644	214.707	871.024	211	336	608	369	88	192	507	622	242	46	198.143	1350	228	215	205	197	189	182	172	161	144	109	133.195	192	148	143	140	137	134	131	127	122	116	102	1	28	230.094	868.830	0	0.000	0.000	717	0	0	0	155	0	0	0	0	0	0.000	0.000	0	0.000	0.000	0	0	0	0	0	0	0	0
117	117	2382	163.538	873.488	505	1250	434	141	13	398	1246	466	201	32	765.871	16184	852	354	316	294	273	255	239	221	204	122	327.875	4954	379	208	191	183	178	172	168	162	152	113	1	121	170.729	867.897	0	0.000	0.000	7660	0	0	0	2441	0	0	0	1	133	170.903	867.679	0	0.000	0.000	7296	0	0	0	2200	0	0	0
118	118	2340	685.069	886.753	339	565	856	473	64	271	566	969	429	54	1963.746	3701	3035	2722	2432	2143	1912	1707	1534	1364	912	193	152.046	210	184	174	165	158	151	145	138	131	123	105	0	0	0.000	0.000	0	0.000	0.000	0	0	0	0	0	0	0	0	0	0	0.000	0.000	0	0.000	0.000	0	0	0	0	0	0	0	0
119	119	1526	104.279	885.254	618	602	210	51	27	689	601	167	28	16	437.503	729	641	602	559	520	472	420	345	256	159	112	176.471	252	223	210	200	191	183	173	156	139	118	102	0	0	0.000	0.000	0	0.000	0.000	0	0	0	0	0	0	0	0	0	0	0.000	0.000	0	0.000	0.000	0	0	0	0	0	0	0	0
120	120	1214	753.924	897.802	131	366	401	238	53	124	524	358	149	39	162.612	222	194	186	178	171	162	154	148	141	132	108	105.810	120	111	109	107	106	105	105	104	103	102	96	0	0	0.000	0.000	0	0.000	0.000	0	0	0	0	0	0	0	0	0	0	0.000	0.000	0	0.000	0.000	0	0	0	0	0	0	0	0
121	121	1709	439.939	905.616	329	623	584	115	23	199	732	471	242	39	178.744	828	204	189	183	178	173	167	158	148	134	106	170.185	247	201	192	185	178	171	165	157	148	136	116	2	22	452.022	903.635	17	433.223	889.042	488	0	438	0	189	0	194	0	0	0	0.000	0.000	0	0.000	0.000	0	0	0	0	0	0	0	0
122	122	734	294.190	903.199	178	268	197	55	19	147	240	221	88	22	183.815	231	212	204	196	189	184	179	174	167	156	123	133.617	155	144	141	138	136	134	132	129	127	123	107	0	0	0.000	0.000	0	0.000	0.000	0	0	0	0	0	0	0	0	0	0	0.000	0.000	0	0.000	0.000	0	0	0	0	0	0	0	0
123	123	1721	180.245	922.342	955	413	187	94	49	991	399	186	100	22	137.137	239	177	148	141	136	132	127	122	116	112	102	165.509	383	209	193	182	168	157	150	141	131	119	105	0	0	0.000	0.000	0	0.000	0.000	0	0	0	0	0	0	0	0	0	0	0.000	0.000	0	0.000	0.000	0	0	0	0	0	0	0	0
124	124	788	372.005	937.718	143	184	206	169	65	128	243	258	121	23	615.448	4959	982	661	566	492	446	404	356	312	263	152	457.381	5158	820	378	317	278	257	236	217	199	168	112	1	45	367.014	943.184	0	0.000	0.000	2657	0	0	0	2267	0	0	0	1	52	367.218	941.082	0	0.000	0.000	1080	0	0	0	2560	0	0	0
125	125	1870	109.466	944.677	652	814	323	36	12	455	747	412	172	45	345.706	512	443	413	393	376	357	339	314	276	223	133	139.828	178	158	152	148	144	141	137	133	127	119	105	0	0	0.000	0.000	0	0.000	0.000	0	0	0	0	0	0	0	0	0	0	0.000	0.000	0	0.000	0.000	0	0	0	0	0	0	0	0
126	126	2047	694.646	943.841	326	528	860	288	7	227	504	864	367	52	2221.477	3432	3046	2893	2749	2573	2404	2177	1917	1575	1046	317	162.068	214	192	185	180	172	164	156	148	138	128	107	0	0	0.000	0.000	0	0.000	0.000	0	0	0	0	0	0	0	0	0	0	0.000	0.000	0	0.000	0.000	0	0	0	0	0	0	0	0
127	127	2592	1444.358	990.570	313	676	918	600	48	311	895	801	444	103	1661.548	18707	1960	1416	1329	1214	1124	1052	944	763	543	164	259.468	2832	292	206	193	182	173	166	157	145	130	101	1	145	1450.212	998.840	0	0.000	0.000	10703	0	0	0	1461	0	0	0	1	150	1450.358	999.117	0	0.000	0.000	10458	0	0	0	1446	0	0	0
128	128	1332	236.170	978.644	194	370	483	213	45	162	604	387	127	28	232.470	3850	261	190	181	175	170	164	159	152	142	109	285.953	730	347	329	316	303	288	269	251	234	210	140	1	38	235.743	966.726	0	0.000	0.000	1585	0	0	0	499	0	0	0	0	0	0.000	0.000	0	0.000	0.000	0	0	0	0	0	0	0	0
129	129	1985	183.479	991.907	271	371	669	521	111	230	521	746	376	75	188.436	267	229	217	208	200	192	183	172	160	142	107	285.438	442	385	358	332	311	291	269	246	217	177	115	0	0	0.000	0.000	0	0.000	0.000	0	0	0	0	0	0	0	0	0	0	0.000	0.000	0	0.000	0.000	0	0	0	0	0	0	0	0
130	130	1360	1002.390	1016.264	162	316	478	333	52	144	392	545	205	44	108.929	124	114	112	111	110	109	108	107	106	104	97	160.733	231	200	189	177	168	161	153	147	137	117	99	0	0	0.000	0.000	0	0.000	0.000	0	0	0	0	0	0	0	0	0	0	0.000	0.000	0	0.000	0.000	0	0	0	0	0	0	0	0
131	131	2001	1795.825	1029.705	287	738	672	241	33	183	694	694	316	73	110.106	126	116	114	112	111	110	109	108	106	105	97	147.162	202	175	164	159	154	149	143	137	130	117	98	0	0	0.000	0.000	0	0.000	0.000	0	0	0	0	0	0	0	0	0	0	0.000	0.000	0	0.000	0.000	0	0	0	0	0	0	0	0
132	132	1889	231.628	1028.426	199	330	658	501	166	224	548	702	308	68	456.957	10258	455	254	228	216	207	195	183	168	147	108	320.623	1329	415	382	361	336	311	282	251	218	184	113	1	79	231.351	1012.824	0	0.000	0.000	5023	0	0	0	763	0	0	0	1	40	231.296	1013.031	0	0.000	0.000	7472	0	0	0	1045	0	0	0
133	133	1923	1503.413	1031.486	268	586	761	241	31	348	1076	422	39	9	1407.010	6590	1934	1794	1690	1573	1447	1293	1135	932	659	205	167.062	536	210	196	184	173	161	151	141	133	122	105	1	14	1485.221	1026.174	0	0.000	0.000	5447	0	0	0	375	0	0	0	1	31	1484.053	1027.038	0	0.000	0.000	3398	0	0	0	375	0	0	0
134	134	840	772.345	1047.643	64	162	287	254	53	52	235	298	150	94	264.374	351	318	305	295	282	271	259	240	222	201	144	126.852	156	141	136	132	129	126	123	120	118	114	104	0	0	0.000	0.000	0	0.000	0.000	0	0	0	0	0	0	0	0	0	0	0.000	0.000	0	0.000	0.000	0	0	0	0	0	0	0	0
135	135	1825	1454.737	1055.340	258	399	712	367	48	179	269	865	309	170	1341.972	2066	1800	1716	1631	1557	1449	1302	1139	955	706	274	159.990	219	190	182	175	168	160	153	145	137	129	109	0	0	0.000	0.000	0	0.000	0.000	0	0	0	0	0	0	0	0	0	0	0.000	0.000	0	0.000	0.000	0	0	0	0	0	0	0	0
136	136	1543	187.869	1056.201	165	459	529	308	55	211	673	422	185	31	1079.390	15691	2210	609	367	311	282	257	239	219	189	123	160.485	996	230	136	124	119	117	114	112	110	107	101	1	142	194.178	1046.933	0	0.000	0.000	7347	0	0	0	510	0	0	0	1	139	193.729	1046.267	0	0.000	0.000	7347	0	0	0	511	0	0	0
137	137	1237	727.384	1052.455	243	270	450	211	39	222	461	342	155	36	588.976	9420	830	456	376	347	329	303	278	252	210	132	150.700	908	172	141	136	131	129	125	122	118	113	102	1	60	722.754	1045.570	0	0.000	0.000	3985	0	0	0	464	0	0	0	1	56	723.343	1045.150	0	0.000	0.000	3985	0	0	0	484	0	0	0
138	138	1798	1030.878	1060.200	279	723	580	170	13	203	580	626	245	106	109.920	122	115	113	112	111	110	109	108	107	105	98	165.850	244	194	185	179	174	168	162	154	146	132	108	0	0	0.000	0.000	0	0.000	0.000	0	0	0	0	0	0	0	0	0	0	0.000	0.000	0	0.000	0.000	0	0	0	0	0	0	0	0
139	139	1169	1712.428	1079.137	165	362	369	226	30	87	329	457	195	78	185.367	233	215	208	203	198	193	184	173	160	145	115	139.382	170	156	151	148	144	140	136	132	127	121	108	0	0	0.000	0.000	0	0.000	0.000	0	0	0	0	0	0	0	0	0	0	0.000	0.000	0	0.000	0.000	0	0	0	0	0	0	0	0
140	140	1999	952.497	1080.943	631	977	296	43	15	598	940	310	76	29	344.333	9254	303	228	209	195	185	176	167	156	136	108	195.989	1815	215	193	181	171	163	156	149	143	132	106	1	63	952.482	1062.981	0	0.000	0.000	4095	0	0	0	614	0	0	0	1	60	951.043	1064.214	0	0.000	0.000	2209	0	0	0	951	0	0	0
141	141	1571	267.194	1088.094	218	351	536	403	28	133	350	624	315	129	515.428	784	693	647	604	573	536	488	442	391	310	152	159.028	216	192	183	175	167	160	152	145	137	124	102	0	0	0.000	0.000	0	0.000	0.000	0	0	0	0	0	0	0	0	0	0	0.000	0.000	0	0.000	0.000	0	0	0	0	0	0	0	0
142	142	1538	1807.178	1083.833	209	223	504	461	110	155	443	600	226	81	112.697	130	120	117	116	114	113	111	110	108	105	99	164.179	232	202	194	186	178	169	158	148	132	115	102	0	0	0.000	0.000	0	0.000	0.000	0	0	0	0	0	0	0	0	0	0	0.000	0.000	0	0.000	0.000	0	0	0	0	0	0	0	0
143	143	1615	91.872	1095.733	253	500	471	300	60	208	570	442	250	110	117.463	135	125	123	121	120	118	116	115	112	109	100	107.805	126	116	112	110	108	107	106	105	104	102	95	0	0	0.000	0.000	0	0.000	0.000	0	0	0	0	0	0	0	0	0	0	0.000	0.000	0	0.000	0.000	0	0	0	0	0	0	0	0
144	144	1575	773.565	1091.788	153	220	627	436	116	118	469	675	238	40	374.423	6617	364	288	277	270	263	255	245	227	188	112	136.081	584	147	139	134	131	128	125	123	119	113	99	1	44	758.456	1092.350	0	0.000	0.000	3125	0	0	0	318	0	0	0	1	47	759.450	1092.510	0	0.000	0.000	3125	0	0	0	336	0	0	0
145	145	2916	1656.402	1107.291	2159	503	160	38	23	2016	595	210	38	25	161.277	295	256	224	183	148	135	127	120	115	111	100	175.870	435	298	262	222	170	132	121	114	109	107	97	0	0	0.000	0.000	0	0.000	0.000	0	0	0	0	0	0	0	0	0	0	0.000	0.000	0	0.000	0.000	0	0	0	0	0	0	0	0
146	146	1360	149.893	1101.093	195	286	413	386	55	158	356	472	266	80	232.210	335	292	280	268	256	241	224	207	185	155	109	112.082	130	120	117	115	113	112	110	109	107	105	95	0	0	0.000	0.000	0	0.000	0.000	0	0	0	0	0	0	0	0	0	0	0.000	0.000	0	0.000	0.000	0	0	0	0	0	0	0	0
147	147	1086	727.851	1099.546	441	336	162	97	33	347	263	226	169	57	355.915	2920	504	395	354	318	284	258	230	199	161	119	454.009	7314	678	393	314	277	244	219	196	162	130	104	1	40	729.245	1098.095	0	0.000	0.000	1724	0	0	0	3875	0	0	0	1	52	729.478	1097.927	0	0.000	0.000	1371	0	0	0	3293	0	0	0
148	148	2030	1441.267	1104.207	424	691	713	149	14	338	756	628	248	21	119.188	144	127	124	123	121	120	118	116	114	111	103	446.970	711	590	551	519	489	461	435	403	347	261	134	0	0	0.000	0.000	0	0.000	0.000	0	0	0	0	0	0	0	0	0	0	0.000	0.000	0	0.000	0.000	0	0	0	0	0	0	0	0
149	149	2123	215.914	1114.805	367	874	599	229	21	276	722	633	330	119	753.642	1134	1008	971	929	874	811	738	655	525	380	187	142.515	182	162	157	153	149	146	141	135	127	117	104	0	0	0.000	0.000	0	0.000	0.000	0	0	0	0	0	0	0	0	0	0	0.000	0.000	0	0.000	0.000	0	0	0	0	0	0	0	0
150	150	1497	564.056	1110.451	245	358	524	310	32	206	540	481	227	14	118.097	158	125	123	121	120	118	117	115	113	110	100	169.053	223	199	189	181	176	170	166	160	152	135	105	0	0	0.000	0.000	0	0.000	0.000	0	0	0	0	0	0	0	0	0	0	0.000	0.000	0	0.000	0.000	0	0	0	0	0	0	0	0
151	151	1893	415.564	1114.987	310	687	646	171	45	394	1012	364	80	12	380.827	620	530	492	463	434	398	357	309	258	201	119	110.748	147	120	115	112	111	109	108	107	105	104	98	0	0	0.000	0.000	0	0.000	0.000	0	0	0	0	0	0	0	0	0	0	0.000	0.000	0	0.000	0.000	0	0	0	0	0	0	0	0
152	152	1891	1746.850	1118.841	238	497	682	391	41	247	496	688	310	111	366.562	7817	357	257	242	230	218	204	192	179	161	107	164.623	1017	173	163	159	155	151	148	143	136	126	102	1	62	1734.846	1127.087	0	0.000	0.000	3439	0	0	0	530	0	0	0	1	54	1734.773	1127.525	0	0.000	0.000	3902	0	0	0	564	0	0	0
153	153	1182	990.256	1121.307	174	304	450	219	12	129	371	464	149	44	195.444	259	231	221	213	205	199	192	183	172	155	110	162.368	204	186	181	175	170	165	159	153	146	135	105	0	0	0.000	0.000	0	0.000	0.000	0	0	0	0	0	0	0	0	0	0	0.000	0.000	0	0.000	0.000	0	0	0	0	0	0	0	0
154	154	1617	360.257	1126.053	249	446	549	304	31	242	518	539	241	45	409.535	640	549	518	487	458	429	397	353	296	231	132	108.882	135	115	112	110	109	108	107	106	105	104	97	0	0	0.000	0.000	0	0.000	0.000	0	0	0	0	0	0	0	0	0	0	0.000	0.000	0	0.000	0.000	0	0	0	0	0	0	0	0
155	155	2116	281.479	1138.251	471	550	682	338	32	428	840	554	233	26	1300.467	17994	1682	841	727	669	623	567	485	337	197	113	322.956	4504	391	214	188	176	166	155	145	127	112	100	1	158	287.606	1133.825	0	0.000	0.000	9393	0	0	0	1982	0	0	0	1	145	288.149	1133.741	0	0.000	0.000	10068	0	0	0	2122	0	0	0
156	156	1601	171.212	1147.693	200	360	610	341	56	155	519	640	247	7	742.795	1133	967	920	872	829	774	713	651	582	470	190	142.084	182	162	157	152	146	141	137	133	128	123	103	0	0	0.000	0.000	0	0.000	0.000	0	0	0	0	0	0	0	0	0	0	0.000	0.000	0	0.000	0.000	0	0	0	0	0	0	0	0
157	157	1772	741.321	1147.077	365	422	484	381	82	351	581	471	220	116	825.178	4862	1140	1042	916	852	797	728	654	552	396	163	261.933	2541	305	277	263	252	240	229	212	188	150	111	1	29	746.440	1131.902	0	0.000	0.000	3135	0	0	0	676	0	0	0	1	36	748.003	1130.526	0	0.000	0.000	1562	0	0	0	1319	0	0	0
158	158	2280	1649.882	1159.219	475	691	684	291	96	459	814	733	173	59	1060.413	21006	1406	409	271	231	213	197	180	164	144	111	886.761	13579	1198	664	569	500	447	409	369	299	207	121	1	167	1651.900	1161.196	0	0.000	0.000	9051	0	0	0	5053	0	0	0	1	132	1652.366	1161.109	0	0.000	0.000	12493	0	0	0	6664	0	0	0
159	159	963	123.113	1150.968	42	286	394	181	44	113	406	313	97	10	443.931	598	540	523	504	487	469	442	409	370	303	177	120.823	140	132	128	125	123	120	118	116	114	110	102	0	0	0.000	0.000	0	0.000	0.000	0	0	0	0	0	0	0	0	0	0	0.000	0.000	0	0.000	0.000	0	0	0	0	0	0	0	0
160	160	1463	662.780	1167.838	307	393	491	239	13	260	340	395	367	73	1130.964	1713	1473	1388	1325	1250	1176	1099	1003	875	684	379	105.461	115	109	108	107	106	105	105	104	103	102	92	0	0	0.000	0.000	0	0.000	0.000	0	0	0	0	0	0	0	0	0	0	0.000	0.000	0	0.000	0.000	0	0	0	0	0	0	0	0
161	161	1694	1340.624	1169.516	321	583	535	218	13	205	599	555	226	71	112.182	127	118	116	115	113	112	111	110	108	106	99	135.215	165	150	145	142	139	136	134	130	126	118	102	0	0	0.000	0.000	0	0.000	0.000	0	0	0	0	0	0	0	0	0	0	0.000	0.000	0	0.000	0.000	0	0	0	0	0	0	0	0
162	162	1268	410.248	1166.014	634	326	208	60	23	536	390	187	111	19	414.300	2016	580	495	452	423	395	347	286	217	167	117	722.440	8196	1146	632	566	524	481	418	334	256	181	116	1	43	410.645	1162.116	0	0.000	0.000	1446	0	0	0	5533	0	0	0	1	78	411.372	1162.158	0	0.000	0.000	1196	0	0	0	4054	0	0	0
163	163	1788	1605.379	1188.118	185	403	699	398	73	236	704	541	215	58	595.459	854	766	733	711	680	645	598	542	458	324	142	108.427	125	114	112	110	109	108	107	106	105	104	98	0	0	0.000	0.000	0	0.000	0.000	0	0	0	0	0	0	0	0	0	0	0.000	0.000	0	0.000	0.000	0	0	0	0	0	0	0	0
164	164	1790	92.558	1190.491	307	645	528	256	29	268	807	470	183	29	109.970	124	115	113	112	111	110	109	108	107	105	99	234.382	306	275	266	258	251	242	232	219	205	183	116	0	0	0.000	0.000	0	0.000	0.000	0	0	0	0	0	0	0	0	0	0	0.000	0.000	0	0.000	0.000	0	0	0	0	0	0	0	0
165	165	2120	489.644	1186.003	264	695	723	335	53	149	714	785	337	97	759.482	15616	907	418	343	311	290	273	250	222	183	121	172.685	1499	197	150	141	135	130	126	122	118	114	102	1	103	482.706	1182.365	0	0.000	0.000	7678	0	0	0	806	0	0	0	1	120	483.185	1182.222	0	0.000	0.000	6573	0	0	0	715	0	0	0
166	166	1151	1770.788	1181.792	487	398	209	28	14	474	444	184	22	14	112.864	132	123	119	117	114	112	110	108	106	104	97	227.805	360	308	290	274	257	238	220	196	151	121	104	0	0	0.000	0.000	0	0.000	0.000	0	0	0	0	0	0	0	0	0	0	0.000	0.000	0	0.000	0.000	0	0	0	0	0	0	0	0
167	167	1959	144.282	1198.355	165	370	762	500	129	194	714	682	298	36	471.015	745	650	594	545	506	471	436	404	368	296	134	119.591	145	132	128	124	121	118	116	114	112	109	97	0	0	0.000	0.000	0	0.000	0.000	0	0	0	0	0	0	0	0	0	0	0.000	0.000	0	0.000	0.000	0	0	0	0	0	0	0	0
168	168	1881	1394.881	1194.395	867	886	53	19	11	640	985	157	24	17	112.094	127	118	116	115	113	112	111	110	108	106	98	137.985	171	158	152	147	142	138	133	129	125	119	102	0	0	0.000	0.000	0	0.000	0.000	0	0	0	0	0	0	0	0	0	0	0.000	0.000	0	0.000	0.000	0	0	0	0	0	0	0	0
169	169	1511	1129.020	1198.812	353	464	504	157	14	255	397	531	200	104	110.351	124	116	114	113	112	110	109	108	106	104	98	331.389	490	437	404	379	352	335	316	299	269	212	131	0	0	0.000	0.000	0	0.000	0.000	0	0	0	0	0	0	0	0	0	0	0.000	0.000	0	0.000	0.000	0	0	0	0	0	0	0	0
170	170	1982	434.090	1211.856	377	722	733	97	11	256	557	784	269	83	251.472	360	312	301	291	279	265	249	229	201	160	111	128.181	158	143	139	136	133	129	126	122	117	112	98	0	0	0.000	0.000	0	0.000	0.000	0	0	0	0	0	0	0	0	0	0	0.000	0.000	0	0.000	0.000	0	0	0	0	0	0	0	0
171	171	2060	195.074	1217.803	338	588	731	319	44	250	563	719	433	62	876.412	1382	1252	1166	1086	996	902	815	699	598	464	177	147.805	192	177	170	162	155	148	140	133	127	119	100	0	0	0.000	0.000	0	0.000	0.000	0	0	0	0	0	0	0	0	0	0	0.000	0.000	0	0.000	0.000	0	0	0	0	0	0	0	0
172	172	1860	1568.732	1226.258	359	385	693	348	51	329	417	757	245	79	580.127	1028	896	819	728	656	605	532	444	351	224	117	107.519	127	114	111	109	108	107	106	105	104	103	96	0	0	0.000	0.000	0	0.000	0.000	0	0	0	0	0	0	0	0	0	0	0.000	0.000	0	0.000	0.000	0	0	0	0	0	0	0	0
173	173	882	721.755	1223.578	119	204	292	209	38	99	297	318	124	22	111.247	125	117	115	114	112	111	110	109	108	106	100	189.096	251	225	216	208	200	191	181	172	163	151	124	0	0	0.000	0.000	0	0.000	0.000	0	0	0	0	0	0	0	0	0	0	0.000	0.000	0	0.000	0.000	0	0	0	0	0	0	0	0
174	174	2262	248.608	1239.515	382	833	660	309	38	276	706	670	360	197	1017.523	7184	1301	1205	1111	1032	962	862	745	617	483	194	168.377	937	190	176	169	162	154	147	139	131	122	104	1	51	251.488	1241.426	0	0.000	0.000	4803	0	0	0	213	0	0	0	1	67	253.577	1233.501	0	0.000	0.000	1426	0	0	0	549	0	0	0
175	175	1442	117.136	1244.824	222	421	498	268	15	169	419	569	188	72	488.311	798	688	617	579	534	487	440	398	355	299	166	120.110	149	132	128	125	122	120	117	115	112	109	97	0	0	0.000	0.000	0	0.000	0.000	0	0	0	0	0	0	0	0	0	0	0.000	0.000	0	0.000	0.000	0	0	0	0	0	0	0	0
176	176	2450	1782.755	1255.767	387	586	847	518	73	338	736	873	332	100	201.958	277	244	235	227	219	210	198	184	168	146	115	245.882	369	324	300	276	260	249	236	217	192	164	121	0	0	0.000	0.000	0	0.000	0.000	0	0	0	0	0	0	0	0	0	0	0.000	0.000	0	0.000	0.000	0	0	0	0	0	0	0	0
177	177	1853	673.496	1258.864	286	444	608	395	85	160	685	681	227	55	110.958	123	116	114	113	112	111	110	109	108	106	100	192.426	266	237	225	214	204	194	185	176	162	143	108	0	0	0.000	0.000	0	0.000	0.000	0	0	0	0	0	0	0	0	0	0	0.000	0.000	0	0.000	0.000	0	0	0	0	0	0	0	0
178	178	1582	742.759	1263.854	282	440	543	229	56	234	869	329	105	24	110.426	123	115	114	113	111	110	109	108	107	105	99	178.001	256	222	208	197	188	179	168	158	149	136	102	0	0	0.000	0.000	0	0.000	0.000	0	0	0	0	0	0	0	0	0	0	0.000	0.000	0	0.000	0.000	0	0	0	0	0	0	0	0
179	179	2482	1729.810	1295.462	607	493	697	522	115	475	612	803	408	146	1495.303	20739	2541	535	318	269	245	227	208	184	149	107	465.802	4783	721	355	304	277	256	241	222	192	158	109	1	260	1728.930	1302.243	0	0.000	0.000	10984	0	0	0	1927	0	0	0	1	209	1728.968	1300.965	0	0.000	0.000	12349	0	0	0	2509	0	0	0
180	180	1778	1538.830	1285.688	232	432	617	388	75	214	467	580	375	111	1161.515	2008	1756	1581	1441	1332	1224	1102	971	764	378	146	105.238	116	109	107	107	106	105	104	104	103	102	97	0	0	0.000	0.000	0	0.000	0.000	0	0	0	0	0	0	0	0	0	0	0.000	0.000	0	0.000	0.000	0	0	0	0	0	0	0	0
181	181	1630	145.667	1287.876	287	498	553	208	58	99	384	731	320	71	580.902	920	798	739	697	636	579	538	493	431	344	165	104.048	116	108	106	105	105	104	103	103	102	101	95	0	0	0.000	0.000	0	0.000	0.000	0	0	0	0	0	0	0	0	0	0	0.000	0.000	0	0.000	0.000	0	0	0	0	0	0	0	0
182	182	2132	1129.908	1305.336	281	664	837	280	31	183	768	821	284	40	462.527	11780	509	260	221	203	188	179	171	162	150	109	289.483	2316	367	318	287	260	240	223	206	192	164	110	1	85	1134.955	1298.421	0	0.000	0.000	5114	0	0	0	1157	0	0	0	1	76	1134.305	1297.846	0	0.000	0.000	5023	0	0	0	1265	0	0	0
183	183	1431	1078.706	1298.824	124	322	522	362	63	144	415	581	227	41	1687.159	2553	2292	2133	1984	1878	1772	1646	1492	1246	929	315	109.307	125	116	113	111	110	109	108	107	106	104	100	0	0	0.000	0.000	0	0.000	0.000	0	0	0	0	0	0	0	0	0	0	0.000	0.000	0	0.000	0.000	0	0	0	0	0	0	0	0
184	184	2678	1586.980	1317.928	365	801	968	421	74	563	1351	610	93	7	1211.982	1995	1707	1568	1459	1349	1244	1139	1007	879	660	204	107.441	123	112	110	109	108	107	106	105	104	103	95	0	0	0.000	0.000	0	0.000	0.000	0	0	0	0	0	0	0	0	0	0	0.000	0.000	0	0.000	0.000	0	0	0	0	0	0	0	0
185	185	1167	1031.460	1305.903	168	294	420	229	36	114	388	409	203	33	1829.438	2853	2503	2359	2202	2036	1865	1663	1483	1320	1123	604	108.903	122	113	112	111	110	109	108	107	106	105	98	0	0	0.000	0.000	0	0.000	0.000	0	0	0	0	0	0	0	0	0	0	0.000	0.000	0	0.000	0.000	0	0	0	0	0	0	0	0
186	186	1968	629.350	1309.260	369	844	570	115	26	505	1005	364	48	12	627.126	983	834	767	718	669	636	596	547	493	410	204	107.008	121	112	110	109	108	107	106	105	104	103	97	0	0	0.000	0.000	0	0.000	0.000	0	0	0	0	0	0	0	0	0	0	0.000	0.000	0	0.000	0.000	0	0	0	0	0	0	0	0
187	187	1758	187.931	1324.772	216	433	594	394	85	150	398	755	308	101	548.536	886	734	692	647	599	553	510	464	424	345	131	104.695	118	108	107	106	105	104	104	103	102	101	95	0	0	0.000	0.000	0	0.000	0.000	0	0	0	0	0	0	0	0	0	0	0.000	0.000	0	0.000	0.000	0	0	0	0	0	0	0	0
188	188	2111	283.248	1325.319	408	545	700	352	67	388	862	580	213	22	310.241	8792	296	209	194	187	180	173	166	157	141	113	189.236	1059	218	200	191	184	178	172	166	157	138	109	1	51	297.811	1328.448	0	0.000	0.000	3679	0	0	0	576	0	0	0	1	39	298.470	1328.178	0	0.000	0.000	4497	0	0	0	653	0	0	0
189	189	1801	1867.160	1328.576	223	592	647	268	43	204	564	657	262	90	386.362	9466	442	218	187	177	170	164	157	147	128	106	190.148	1032	220	199	187	178	172	167	161	151	133	106	1	63	1869.418	1313.897	0	0.000	0.000	4295	0	0	0	588	0	0	0	1	56	1868.687	1313.635	0	0.000	0.000	3999	0	0	0	644	0	0	0
190	190	1724	1001.847	1344.218	238	423	598	357	67	274	638	499	236	43	359.467	9200	321	247	234	225	218	210	202	187	162	115	172.421	1607	184	175	169	164	160	156	151	144	132	105	1	65	1015.935	1332.925	0	0.000	0.000	3682	0	0	0	819	0	0	0	0	0	0.000	0.000	0	0.000	0.000	0	0	0	0	0	0	0	0
191	191	1415	1658.557	1345.304	144	349	526	291	80	139	565	463	183	33	738.612	1114	942	900	860	814	769	727	659	578	462	248	106.110	118	110	108	107	106	106	105	105	104	103	94	0	0	0.000	0.000	0	0.000	0.000	0	0	0	0	0	0	0	0	0	0	0.000	0.000	0	0.000	0.000	0	0	0	0	0	0	0	0
192	192	1053	1052.913	1345.596	123	296	357	227	30	83	409	349	147	50	194.116	239	219	212	207	203	199	194	188	179	162	116	151.074	178	167	163	160	156	154	151	147	142	129	105	0	0	0.000	0.000	0	0.000	0.000	0	0	0	0	0	0	0	0	0	0	0.000	0.000	0	0.000	0.000	0	0	0	0	0	0	0	0
193	193	1822	592.695	1352.435	251	580	741	171	45	268	909	500	96	12	165.441	219	195	187	181	175	170	162	154	143	128	107	172.402	244	212	198	186	178	172	165	157	147	136	110	0	0	0.000	0.000	0	0.000	0.000	0	0	0	0	0	0	0	0	0	0	0.000	0.000	0	0.000	0.000	0	0	0	0	0	0	0	0
194	194	1303	348.532	1353.607	362	380	378	135	22	279	473	338	164	27	117.650	137	127	124	122	120	118	116	114	111	108	99	260.437	388	347	330	309	289	265	239	219	194	164	118	0	0	0.000	0.000	0	0.000	0.000	0	0	0	0	0	0	0	0	0	0	0.000	0.000	0	0.000	0.000	0	0	0	0	0	0	0	0
195	195	1454	643.926	1356.683	168	422	558	247	32	142	453	530	238	67	164.909	219	189	182	177	172	166	160	154	147	139	115	173.107	231	207	200	192	183	174	164	154	146	138	118	0	0	0.000	0.000	0	0.000	0.000	0	0	0	0	0	0	0	0	0	0	0.000	0.000	0	0.000	0.000	0	0	0	0	0	0	0	0
196	196	1608	81.196	1366.428	321	456	544	220	34	461	883	216	17	8	199.869	265	242	233	226	216	207	195	183	167	146	107	141.050	179	163	157	152	147	143	137	131	125	115	101	0	0	0.000	0.000	0	0.000	0.000	0	0	0	0	0	0	0	0	0	0	0.000	0.000	0	0.000	0.000	0	0	0	0	0	0	0	0
197	197	1281	1229.112	1360.342	184	367	400	242	62	141	476	395	185	67	348.199	478	432	416	403	389	372	343	313	273	231	133	146.646	186	169	161	155	150	146	143	139	133	125	106	0	0	0.000	0.000	0	0.000	0.000	0	0	0	0	0	0	0	0	0	0	0.000	0.000	0	0.000	0.000	0	0	0	0	0	0	0	0
198	198	1437	1556.976	1364.944	506	525	293	80	11	430	629	251	71	23	887.818	1490	1279	1157	1051	952	895	846	793	676	419	173	106.566	121	110	109	108	107	106	106	105	104	103	97	0	0	0.000	0.000	0	0.000	0.000	0	0	0	0	0	0	0	0	0	0	0.000	0.000	0	0.000	0.000	0	0	0	0	0	0	0	0
199	199	720	1144.691	1356.940	153	213	209	114	17	117	207	211	132	45	161.915	208	189	181	174	170	164	158	151	143	132	108	221.778	330	289	271	258	247	232	217	200	167	130	106	0	0	0.000	0.000	0	0.000	0.000	0	0	0	0	0	0	0	0	0	0	0.000	0.000	0	0.000	0.000	0	0	0	0	0	0	0	0
200	200	1782	1617.402	1371.661	384	434	506	355	76	340	589	547	239	32	762.375	1180	1048	990	941	886	825	767	667	524	330	132	105.491	117	109	108	107	106	105	105	104	103	102	96	0	0	0.000	0.000	0	0.000	0.000	0	0	0	0	0	0	0	0	0	0	0.000	0.000	0	0.000	0.000	0	0	0	0	0	0	0	0
201	201	1207	1841.107	1366.981	327	375	390	86	13	235	342	359	198	54	159.766	216	190	181	173	167	162	156	150	139	123	102	159.940	211	191	182	175	168	162	156	150	139	122	102	0	0	0.000	0.000	0	0.000	0.000	0	0	0	0	0	0	0	0	0	0	0.000	0.000	0	0.000	0.000	0	0	0	0	0	0	0	0
202	202	1152	923.131	1368.160	122	351	356	248	57	150	439	330	151	57	516.615	825	703	628	577	544	512	476	451	420	348	173	137.639	173	155	147	143	140	137	134	131	127	122	105	0	0	0.000	0.000	0	0.000	0.000	0	0	0	0	0	0	0	0	0	0	0.000	0.000	0	0.000	0.000	0	0	0	0	0	0	0	0
203	203	2128	838.909	1388.645	407	718	663	273	25	292	693	674	332	93	173.727	1262	188	179	174	168	164	158	153	146	135	109	319.208	481	413	391	368	343	322	302	285	258	211	129	1	35	835.268	1413.332	0	0.000	0.000	681	0	0	0	274	0	0	0	0	0	0.000	0.000	0	0.000	0.000	0	0	0	0	0	0	0	0
204	204	1410	1918.423	1384.912	182	332	510	308	53	174	467	481	214	41	191.060	267	241	227	214	201	191	182	172	158	139	106	144.604	192	170	164	158	151	145	138	132	126	119	103	0	0	0.000	0.000	0	0.000	0.000	0	0	0	0	0	0	0	0	0	0	0.000	0.000	0	0.000	0.000	0	0	0	0	0	0	0	0
205	205	1714	687.288	1387.275	284	631	514	228	29	241	732	430	225	56	834.653	1273	1133	1041	981	928	875	825	741	610	454	211	199.947	286	249	233	220	210	201	192	181	168	148	112	0	0	0.000	0.000	0	0.000	0.000	0	0	0	0	0	0	0	0	0	0	0.000	0.000	0	0.000	0.000	0	0	0	0	0	0	0	0
206	206	2181	1084.272	1400.794	255	524	833	476	55	222	544	894	328	141	240.402	3352	247	234	225	217	209	199	187	173	147	105	311.749	885	421	393	364	338	314	290	269	240	175	106	1	44	1066.503	1412.089	0	0.000	0.000	1682	0	0	0	604	0	0	0	0	0	0.000	0.000	0	0.000	0.000	0	0	0	0	0	0	0	0
207	207	1239	111.767	1402.668	221	427	346	206	20	138	352	369	253	108	798.906	11288	1635	509	298	243	223	210	199	186	168	127	196.623	1194	301	175	153	147	142	139	135	131	124	109	1	114	108.448	1391.808	0	0.000	0.000	5204	0	0	0	628	0	0	0	1	110	108.099	1392.012	0	0.000	0.000	5236	0	0	0	637	0	0	0
208	208	1575	358.350	1408.619	352	437	397	248	109	419	565	401	133	38	1505.877	2478	2143	1924	1783	1678	1589	1447	1281	1055	750	243	111.943	149	122	117	114	112	110	109	108	106	105	99	0	0	0.000	0.000	0	0.000	0.000	0	0	0	0	0	0	0	0	1	32	354.040	1412.583	0	0.000	0.000	1450	0	0	0	136	0	0	0
209	209	958	1188.967	1403.359	230	237	313	135	24	191	323	278	108	45	112.638	136	121	118	116	114	112	110	109	107	105	95	625.430	1134	952	846	759	703	654	605	517	387	228	119	0	0	0.000	0.000	0	0.000	0.000	0	0	0	0	0	0	0	0	0	0	0.000	0.000	0	0.000	0.000	0	0	0	0	0	0	0	0
210	210	1480	1230.396	1413.352	191	405	512	305	35	200	511	478	213	57	519.459	7894	637	445	412	380	353	328	306	282	207	116	182.216	1448	214	171	162	157	152	148	142	137	123	101	1	56	1235.001	1419.226	0	0.000	0.000	3698	0	0	0	766	0	0	0	1	57	1234.409	1418.850	0	0.000	0.000	3125	0	0	0	741	0	0	0
211	211	632	1482.380	1403.971	263	193	81	51	33	289	209	74	41	11	371.699	501	470	449	430	411	389	367	334	293	241	152	110.033	122	115	114	112	111	110	109	108	107	105	101	0	0	0.000	0.000	0	0.000	0.000	0	0	0	0	0	0	0	0	0	0	0.000	0.000	0	0.000	0.000	0	0	0	0	0	0	0	0
212	212	1924	740.710	1413.261	302	653	603	305	22	261	632	620	272	98	1122.350	13501	1396	1057	936	851	782	733	656	555	411	188	289.454	2984	351	263	239	222	206	193	181	168	151	112	1	86	737.664	1408.707	0	0.000	0.000	7115	0	0	0	1620	0	0	0	1	92	736.992	1409.174	0	0.000	0.000	6397	0	0	0	1593	0	0	0
213	213	687	296.122	1411.668	33	146	267	152	71	50	338	192	81	10	191.684	227	212	207	203	200	196	191	185	176	165	127	145.821	176	163	159	156	151	147	142	138	134	127	109	0	0	0.000	0.000	0	0.000	0.000	0	0	0	0	0	0	0	0	0	0	0.000	0.000	0	0.000	0.000	0	0	0	0	0	0	0	0
214	214	1444	1854.558	1426.118	263	386	468	265	33	196	264	560	295	100	111.720	125	118	116	115	113	112	111	109	107	105	96	225.331	320	284	268	252	239	228	220	205	183	155	112	0	0	0.000	0.000	0	0.000	0.000	0	0	0	0	0	0	0	0	0	0	0.000	0.000	0	0.000	0.000	0	0	0	0	0	0	0	0
215	215	1394	585.052	1428.242	349	521	400	93	10	212	509	369	216	62	110.849	132	118	116	114	112	110	109	108	106	104	97	324.458	488	441	417	393	367	333	305	275	231	182	119	0	0	0.000	0.000	0	0.000	0.000	0	0	0	0	0	0	0	0	0	0	0.000	0.000	0	0.000	0.000	0	0	0	0	0	0	0	0
216	216	2089	640.016	1431.891	443	1104	450	37	17	229	822	689	260	52	770.868	14894	863	467	412	384	357	330	293	246	205	123	188.869	1529	208	174	164	156	150	145	138	130	122	105	1	103	644.343	1425.111	0	0.000	0.000	7103	0	0	0	737	0	0	0	1	103	644.077	1424.345	0	0.000	0.000	6988	0	0	0	769	0	0	0
217	217	2112	1043.041	1436.155	357	635	795	240	42	344	933	595	176	16	1660.054	24543	3325	617	346	287	262	241	220	188	149	110	535.768	4863	814	439	402	367	337	303	274	239	183	106	1	235	1035.148	1426.389	0	0.000	0.000	10990	0	0	0	1902	0	0	0	1	179	1035.137	1427.531	0	0.000	0.000	14875	0	0	0	2616	0	0	0
218	218	1810	1902.438	1436.854	254	571	607	271	74	174	757	600	215	23	113.955	132	120	118	117	116	114	113	111	110	107	96	240.603	340	294	280	268	257	246	234	222	205	177	112	0	0	0.000	0.000	0	0.000	0.000	0	0	0	0	0	0	0	0	0	0	0.000	0.000	0	0.000	0.000	0	0	0	0	0	0	0	0
219	219	1511	865.513	1444.104	352	712	387	15	11	203	595	480	181	31	189.812	1759	212	195	185	179	175	170	164	157	150	118	316.518	533	418	386	359	337	316	295	272	247	220	131	1	29	871.997	1452.241	0	0.000	0.000	628	0	0	0	471	0	0	0	0	0	0.000	0.000	0	0.000	0.000	0	0	0	0	0	0	0	0
220	220	1695	322.010	1450.164	206	431	616	382	34	204	616	569	257	16	1396.915	2036	1827	1746	1662	1592	1519	1420	1257	1060	748	248	111.270	138	121	115	113	111	110	109	108	106	105	99	0	0	0.000	0.000	0	0.000	0.000	0	0	0	0	0	0	0	0	0	0	0.000	0.000	0	0.000	0.000	0	0	0	0	0	0	0	0
221	221	1970	461.369	1489.193	706	967	218	27	16	734	963	193	36	11	2782.593	25318	5569	2042	1576	1399	1304	1217	1079	895	646	255	471.857	5125	916	307	230	201	190	180	170	157	140	105	1	215	462.308	1489.140	0	0.000	0.000	14305	0	0	0	2373	0	0	0	1	207	462.425	1489.365	0	0.000	0.000	14989	0	0	0	2471	0	0	0
222	222	1512	1144.982	1482.670	163	439	495	305	78	148	555	481	233	64	422.938	8031	515	308	273	258	245	233	215	188	162	104	301.784	1808	366	339	320	297	275	258	245	218	154	105	1	58	1146.151	1475.597	0	0.000	0.000	3515	0	0	0	701	0	0	0	1	42	1147.531	1474.871	0	0.000	0.000	3145	0	0	0	1193	0	0	0
223	223	1817	1927.552	1484.637	229	706	680	145	17	96	583	693	319	92	355.388	7974	389	227	203	194	187	180	171	160	148	118	161.542	851	178	166	159	154	149	144	140	135	128	103	1	65	1928.687	1471.844	0	0.000	0.000	3402	0	0	0	431	0	0	0	1	49	1929.474	1472.050	0	0.000	0.000	4120	0	0	0	499	0	0	0
224	224	2035	613.744	1485.027	243	502	710	466	80	236	746	748	227	34	321.016	4884	395	372	344	322	301	277	253	224	187	117	142.941	484	170	163	156	147	140	133	128	122	116	103	0	0	0.000	0.000	0	0.000	0.000	0	0	0	0	0	0	0	0	0	0	0.000	0.000	0	0.000	0.000	0	0	0	0	0	0	0	0
225	225	590	560.692	1478.873	97	204	177	81	23	72	141	220	111	33	644.851	850	773	746	724	700	676	650	612	552	462	187	133.534	156	145	142	140	137	135	131	128	125	120	108	0	0	0.000	0.000	0	0.000	0.000	0	0	0	0	0	0	0	0	0	0	0.000	0.000	0	0.000	0.000	0	0	0	0	0	0	0	0
226	226	1256	1095.789	1490.136	163	312	404	294	68	148	341	395	287	64	113.901	128	120	118	117	115	114	113	111	110	108	99	112.518	131	119	117	115	114	112	111	110	108	106	100	0	0	0.000	0.000	0	0.000	0.000	0	0	0	0	0	0	0	0	0	0	0.000	0.000	0	0.000	0.000	0	0	0	0	0	0	0	0
227	227	1870	1482.138	1496.090	683	906	211	19	16	886	824	83	19	12	203.043	3006	214	188	180	173	167	161	152	141	128	101	146.004	524	167	157	151	145	141	137	132	126	119	102	1	40	1487.013	1504.873	0	0.000	0.000	1315	0	0	0	247	0	0	0	1	39	1486.296	1505.737	0	0.000	0.000	1120	0	0	0	315	0	0	0
228	228	3082	839.745	1506.880	729	885	962	398	46	650	1123	842	337	74	4107.936	6610	5575	5241	4955	4685	4378	4009	3581	2948	2048	621	189.583	261	228	218	210	202	193	185	175	160	142	109	0	0	0.000	0.000	0	0.000	0.000	0	0	0	0	0	0	0	0	0	0	0.000	0.000	0	0.000	0.000	0	0	0	0	0	0	0	0
229	229	2459	914.433	1503.169	590	774	697	296	58	515	1085	596	193	21	1303.636	22935	1791	543	368	319	295	272	242	212	177	122	297.839	3664	364	212	193	182	174	167	156	143	129	105	1	200	920.864	1499.581	0	0.000	0.000	10800	0	0	0	1424	0	0	0	1	158	921.155	1499.629	0	0.000	0.000	14621	0	0	0	1768	0	0	0
230	230	1128	1881.054	1504.787	153	320	382	213	44	104	519	357	114	15	1400.821	2301	2062	1885	1686	1489	1330	1240	1142	1040	805	388	148.641	185	171	164	158	154	149	145	140	134	126	109	0	0	0.000	0.000	0	0.000	0.000	0	0	0	0	0	0	0	0	0	0	0.000	0.000	0	0.000	0.000	0	0	0	0	0	0	0	0
231	231	2075	1278.643	1513.376	429	495	669	356	92	477	743	557	236	23	4076.217	27808	18328	3996	1666	1127	953	841	717	583	430	184	1211.053	9930	4703	1083	443	287	231	206	188	169	150	113	0	0	0.000	0.000	0	0.000	0.000	0	0	0	0	0	0	0	0	0	0	0.000	0.000	0	0.000	0.000	0	0	0	0	0	0	0	0
232	232	1556	1835.127	1514.102	280	543	504	187	25	261	524	446	237	48	130.810	794	137	132	129	126	124	122	120	117	114	103	133.315	167	146	141	138	135	133	131	128	125	121	109	1	25	1817.227	1521.529	0	0.000	0.000	408	0	0	0	136	0	0	0	0	0	0.000	0.000	0	0.000	0.000	0	0	0	0	0	0	0	0
233	233	1907	754.797	1525.817	166	501	759	380	57	129	738	693	251	49	225.056	3863	240	201	192	186	179	172	164	156	144	105	226.922	874	277	256	238	225	215	208	198	184	166	128	1	34	753.716	1518.510	0	0.000	0.000	1867	0	0	0	587	0	0	0	1	33	752.587	1518.331	0	0.000	0.000	1181	0	0	0	604	0	0	0
234	234	2182	1333.502	1537.372	342	522	769	440	69	247	776	769	251	99	766.268	1195	1074	1008	937	879	805	735	650	532	365	154	181.412	256	225	213	203	192	183	174	165	153	132	103	0	0	0.000	0.000	0	0.000	0.000	0	0	0	0	0	0	0	0	0	0	0.000	0.000	0	0.000	0.000	0	0	0	0	0	0	0	0
235	235	1334	1929.533	1538.995	190	347	451	283	52	197	372	407	271	60	185.729	258	218	208	202	195	189	183	177	165	144	115	148.000	184	169	164	159	155	151	146	142	133	118	102	0	0	0.000	0.000	0	0.000	0.000	0	0	0	0	0	0	0	0	0	0	0.000	0.000	0	0.000	0.000	0	0	0	0	0	0	0	0
236	236	960	100.154	1542.578	122	376	308	126	16	60	398	298	152	31	131.206	152	143	140	137	134	131	129	126	123	120	106	154.708	199	178	171	165	159	153	148	144	140	134	115	0	0	0.000	0.000	0	0.000	0.000	0	0	0	0	0	0	0	0	0	0	0.000	0.000	0	0.000	0.000	0	0	0	0	0	0	0	0
237	237	1809	1068.304	1546.119	346	409	622	325	59	292	557	648	224	59	322.527	463	411	395	381	366	348	323	288	242	188	113	129.034	164	146	141	137	133	129	126	122	117	110	100	0	0	0.000	0.000	0	0.000	0.000	0	0	0	0	0	0	0	0	0	0	0.000	0.000	0	0.000	0.000	0	0	0	0	0	0	0	0
238	238	562	796.779	1542.650	153	178	154	52	16	50	129	219	118	33	149.795	176	164	160	157	154	151	148	144	141	134	115	186.867	233	213	208	202	197	191	184	176	166	155	124	0	0	0.000	0.000	0	0.000	0.000	0	0	0	0	0	0	0	0	0	0	0.000	0.000	0	0.000	0.000	0	0	0	0	0	0	0	0
239	239	2068	1863.448	1557.491	211	626	662	462	68	183	569	791	378	111	1129.769	2058	1738	1528	1378	1272	1156	1016	886	773	495	166	140.128	179	159	152	148	144	140	137	133	128	119	106	0	0	0.000	0.000	0	0.000	0.000	0	0	0	0	0	0	0	0	0	0	0.000	0.000	0	0.000	0.000	0	0	0	0	0	0	0	0
240	240	1517	405.101	1560.067	1130	305	21	19	14	1125	320	18	17	14	108.685	120	113	112	110	110	109	108	107	106	104	99	132.862	169	150	145	141	137	133	130	125	121	114	103	0	0	0.000	0.000	0	0.000	0.000	0	0	0	0	0	0	0	0	0	0	0.000	0.000	0	0.000	0.000	0	0	0	0	0	0	0	0
241	241	1913	946.512	1567.653	347	687	627	191	24	216	546	766	282	69	849.809	16337	1184	378	275	250	235	216	199	181	162	109	275.863	2261	354	251	229	212	199	190	181	166	148	115	1	129	949.641	1573.010	0	0.000	0.000	7585	0	0	0	1086	0	0	0	1	121	949.730	1572.755	0	0.000	0.000	7996	0	0	0	1196	0	0	0
242	242	2069	1693.970	1583.267	397	833	664	127	18	214	705	748	283	64	984.609	19213	1325	431	304	258	238	219	200	177	154	112	277.019	3128	351	222	201	190	182	173	162	150	132	108	1	139	1692.198	1582.697	0	0.000	0.000	9231	0	0	0	1299	0	0	0	1	121	1692.699	1582.730	0	0.000	0.000	10525	0	0	0	1532	0	0	0
243	243	1600	451.642	1592.638	344	535	433	245	13	247	694	428	156	40	109.517	122	115	113	112	110	110	108	107	106	105	98	137.287	181	154	149	145	141	137	134	130	126	120	102	0	0	0.000	0.000	0	0.000	0.000	0	0	0	0	0	0	0	0	0	0	0.000	0.000	0	0.000	0.000	0	0	0	0	0	0	0	0
244	244	817	269.938	1586.782	79	225	318	170	15	90	276	266	144	33	174.867	229	209	200	193	186	178	168	160	148	137	112	138.004	167	155	150	146	142	139	135	131	126	120	105	0	0	0.000	0.000	0	0.000	0.000	0	0	0	0	0	0	0	0	0	0	0.000	0.000	0	0.000	0.000	0	0	0	0	0	0	0	0
245	245	1491	804.400	1591.165	282	370	435	273	98	218	410	456	301	89	205.675	260	240	233	228	221	215	204	192	175	155	119	137.386	170	153	148	145	142	139	136	131	126	119	106	0	0	0.000	0.000	0	0.000	0.000	0	0	0	0	0	0	0	0	0	0	0.000	0.000	0	0.000	0.000	0	0	0	0	0	0	0	0
246	246	1249	1086.693	1591.079	253	286	321	286	75	237	416	320	196	54	308.851	445	388	371	356	339	324	307	285	249	196	118	128.924	166	145	140	136	132	129	125	122	118	113	104	0	0	0.000	0.000	0	0.000	0.000	0	0	0	0	0	0	0	0	0	0	0.000	0.000	0	0.000	0.000	0	0	0	0	0	0	0	0
247	247	1965	1919.983	1604.090	484	848	509	82	12	338	771	543	251	23	515.576	12835	577	267	226	216	207	197	183	163	139	108	193.688	1785	223	176	168	163	158	152	143	131	119	102	1	82	1915.486	1612.499	0	0.000	0.000	5960	0	0	0	792	0	0	0	1	77	1915.893	1612.742	0	0.000	0.000	5984	0	0	0	910	0	0	0
248	248	1708	1557.466	1599.258	357	504	641	155	17	250	535	553	298	50	110.012	125	116	114	112	111	110	109	108	106	104	97	142.941	176	162	157	153	149	144	139	134	128	122	101	0	0	0.000	0.000	0	0.000	0.000	0	0	0	0	0	0	0	0	0	0	0.000	0.000	0	0.000	0.000	0	0	0	0	0	0	0	0
249	249	1643	871.248	1606.635	272	436	555	289	67	226	609	538	209	35	882.408	1343	1200	1125	1046	957	882	810	754	676	550	268	116.679	143	127	122	119	117	116	114	112	111	108	101	0	0	0.000	0.000	0	0.000	0.000	0	0	0	0	0	0	0	0	0	0	0.000	0.000	0	0.000	0.000	0	0	0	0	0	0	0	0
250	250	1574	174.825	1601.436	178	447	578	301	41	142	538	567	294	16	255.933	359	309	294	281	269	258	247	235	220	197	131	131.790	162	146	142	138	135	132	129	126	122	117	102	0	0	0.000	0.000	0	0.000	0.000	0	0	0	0	0	0	0	0	0	0	0.000	0.000	0	0.000	0.000	0	0	0	0	0	0	0	0
251	251	1419	1506.174	1604.805	196	210	419	423	144	168	273	637	202	114	112.541	130	119	117	115	114	113	111	110	108	105	97	147.949	197	174	167	161	154	148	143	137	131	119	103	0	0	0.000	0.000	0	0.000	0.000	0	0	0	0	0	0	0	0	0	0	0.000	0.000	0	0.000	0.000	0	0	0	0	0	0	0	0
252	252	1405	916.882	1611.367	203	372	490	262	52	131	470	505	241	31	227.725	2595	242	212	204	197	190	184	176	165	146	114	183.893	478	222	208	197	187	180	174	166	157	142	106	1	37	918.844	1622.423	0	0.000	0.000	1313	0	0	0	297	0	0	0	0	0	0.000	0.000	0	0.000	0.000	0	0	0	0	0	0	0	0
253	253	1689	1866.491	1608.329	231	466	569	373	21	141	431	684	310	80	226.414	305	269	259	252	245	236	226	211	194	167	113	166.339	223	196	188	182	177	171	165	157	143	127	104	0	0	0.000	0.000	0	0.000	0.000	0	0	0	0	0	0	0	0	0	0	0.000	0.000	0	0.000	0.000	0	0	0	0	0	0	0	0
254	254	1307	1008.497	1632.294	243	387	410	210	29	209	539	329	160	44	145.279	177	159	154	152	149	146	143	141	137	129	103	204.291	270	235	226	219	214	207	200	193	183	169	119	0	0	0.000	0.000	0	0.000	0.000	0	0	0	0	0	0	0	0	0	0	0.000	0.000	0	0.000	0.000	0	0	0	0	0	0	0	0
255	255	1307	1394.891	1635.908	141	466	423	215	40	110	510	335	248	69	232.125	2984	271	220	201	190	181	174	164	155	136	105	130.584	303	147	140	134	130	126	124	121	118	114	103	1	39	1384.048	1633.507	0	0.000	0.000	1285	0	0	0	183	0	0	0	1	32	1385.043	1631.742	0	0.000	0.000	791	0	0	0	220	0	0	0
256	256	1867	826.451	1643.577	301	774	526	207	16	223	596	681	230	93	442.760	10053	488	280	243	232	223	213	201	186	165	123	159.097	967	178	158	149	144	140	136	132	127	120	105	1	69	835.212	1651.263	0	0.000	0.000	4504	0	0	0	500	0	0	0	1	66	835.087	1651.520	0	0.000	0.000	4819	0	0	0	544	0	0	0
257	257	1762	1135.596	1655.027	464	658	443	161	12	306	653	399	276	104	905.407	1464	1239	1160	1079	1023	956	881	789	662	453	182	107.067	124	112	110	108	107	106	106	105	104	103	96	0	0	0.000	0.000	0	0.000	0.000	0	0	0	0	0	0	0	0	0	0	0.000	0.000	0	0.000	0.000	0	0	0	0	0	0	0	0
258	258	1746	538.384	1660.864	622	520	377	150	50	696	669	274	73	11	918.506	18311	1360	461	301	246	222	204	189	174	151	111	235.938	1892	294	207	191	181	173	165	158	149	136	108	1	123	532.665	1657.739	0	0.000	0.000	7378	0	0	0	908	0	0	0	1	108	532.696	1657.561	0	0.000	0.000	8759	0	0	0	1037	0	0	0
259	259	1704	1081.735	1655.365	109	424	595	445	99	71	698	583	256	57	279.387	440	371	339	317	299	282	262	243	217	189	126	105.501	124	110	108	107	106	105	104	104	103	102	95	0	0	0.000	0.000	0	0.000	0.000	0	0	0	0	0	0	0	0	0	0	0.000	0.000	0	0.000	0.000	0	0	0	0	0	0	0	0
260	260	1595	315.380	1658.440	441	413	469	212	34	398	400	449	261	62	282.873	413	361	346	335	321	301	275	244	214	170	124	106.162	120	111	109	108	106	106	105	104	103	102	97	0	0	0.000	0.000	0	0.000	0.000	0	0	0	0	0	0	0	0	0	0	0.000	0.000	0	0.000	0.000	0	0	0	0	0	0	0	0
261	261	1507	715.770	1658.986	229	404	502	302	46	222	541	480	201	32	729.466	3098	976	878	840	813	778	716	610	492	354	188	306.082	1248	386	359	342	323	306	289	263	227	184	123	0	0	0.000	0.000	0	0.000	0.000	0	0	0	0	0	0	0	0	1	16	721.385	1647.898	0	0.000	0.000	1285	0	0	0	934	0	0	0
262	262	1810	1865.810	1657.378	229	469	647	394	39	144	439	700	357	130	1220.896	18363	2381	585	346	270	237	215	194	174	145	106	206.833	1437	305	187	166	155	146	137	131	125	114	101	1	176	1866.998	1652.372	0	0.000	0.000	8529	0	0	0	686	0	0	0	1	152	1866.518	1651.672	0	0.000	0.000	9860	0	0	0	740	0	0	0
263	263	2150	1810.436	1668.170	300	503	788	431	95	229	530	860	376	108	203.640	278	247	235	227	219	211	200	188	171	147	108	150.467	204	181	174	165	157	150	143	136	129	122	102	0	0	0.000	0.000	0	0.000	0.000	0	0	0	0	0	0	0	0	0	0	0.000	0.000	0	0.000	0.000	0	0	0	0	0	0	0	0
264	264	1415	365.966	1667.868	293	523	449	106	15	148	490	384	246	114	297.952	423	371	357	346	332	319	295	267	230	192	122	106.326	120	111	109	108	106	106	105	104	103	102	98	0	0	0.000	0.000	0	0.000	0.000	0	0	0	0	0	0	0	0	1	13	366.779	1674.950	0	0.000	0.000	329	0	0	0	116	0	0	0
265	265	1070	1042.345	1685.701	179	285	421	155	15	144	402	325	156	22	253.528	366	331	314	297	280	263	244	225	191	153	113	106.254	118	110	109	108	107	106	105	105	104	103	97	0	0	0.000	0.000	0	0.000	0.000	0	0	0	0	0	0	0	0	0	0	0.000	0.000	0	0.000	0.000	0	0	0	0	0	0	0	0
266	266	1206	1174.339	1685.774	187	416	393	165	19	234	577	259	102	13	865.095	1220	1085	1039	1003	962	919	867	805	696	531	232	107.354	125	112	110	109	108	107	106	105	104	103	97	0	0	0.000	0.000	0	0.000	0.000	0	0	0	0	0	0	0	0	0	0	0.000	0.000	0	0.000	0.000	0	0	0	0	0	0	0	0
267	267	2977	1393.215	1708.426	385	892	949	571	125	395	1239	882	353	50	1423.832	3128	2141	1850	1701	1563	1440	1288	1147	993	676	124	111.402	126	117	115	114	112	111	110	109	108	106	101	0	0	0.000	0.000	0	0.000	0.000	0	0	0	0	0	0	0	0	0	0	0.000	0.000	0	0.000	0.000	0	0	0	0	0	0	0	0
268	268	2028	964.819	1702.217	333	558	606	411	83	298	828	546	263	60	1093.417	1607	1389	1315	1259	1212	1165	1101	1010	865	666	226	166.148	212	189	183	178	174	170	164	157	149	137	110	0	0	0.000	0.000	0	0.000	0.000	0	0	0	0	0	0	0	0	0	0	0.000	0.000	0	0.000	0.000	0	0	0	0	0	0	0	0
269	269	1641	702.624	1716.293	418	413	514	233	37	324	592	445	199	45	1229.034	15677	1618	996	892	841	778	733	685	600	450	174	663.665	9989	902	462	402	376	345	318	292	266	215	135	1	86	702.752	1722.993	0	0.000	0.000	7896	0	0	0	4961	0	0	0	1	95	703.002	1722.866	0	0.000	0.000	7116	0	0	0	4566	0	0	0
270	270	2162	1095.406	1711.531	448	627	672	326	47	387	684	674	297	75	2008.637	3626	3112	2779	2466	2250	2005	1792	1540	1257	913	397	108.324	127	114	112	110	109	108	107	106	105	104	97	0	0	0.000	0.000	0	0.000	0.000	0	0	0	0	0	0	0	0	0	0	0.000	0.000	0	0.000	0.000	0	0	0	0	0	0	0	0
271	271	2469	1749.195	1711.576	387	947	764	278	40	226	871	801	442	74	118.973	139	127	125	123	121	120	118	116	113	110	99	477.704	824	663	597	561	530	492	448	389	335	277	149	0	0	0.000	0.000	0	0.000	0.000	0	0	0	0	0	0	0	0	0	0	0.000	0.000	0	0.000	0.000	0	0	0	0	0	0	0	0
272	272	2313	1821.576	1724.045	292	736	837	332	66	232	669	864	447	58	911.616	1504	1320	1245	1173	1065	954	841	711	570	404	144	149.765	200	179	171	164	156	150	143	137	130	119	104	0	0	0.000	0.000	0	0.000	0.000	0	0	0	0	0	0	0	0	0	0	0.000	0.000	0	0.000	0.000	0	0	0	0	0	0	0	0
273	273	1790	1333.249	1731.530	404	584	584	170	7	243	620	636	193	50	1000.449	1676	1416	1301	1209	1149	1087	966	822	644	479	224	108.650	127	114	112	111	109	108	107	106	105	104	99	0	0	0.000	0.000	0	0.000	0.000	0	0	0	0	0	0	0	0	0	0	0.000	0.000	0	0.000	0.000	0	0	0	0	0	0	0	0
274	274	2336	1150.626	1734.660	451	651	753	399	37	417	787	718	265	102	2053.146	3460	3086	2857	2615	2386	2158	1916	1605	1267	844	245	108.092	124	114	111	110	109	108	107	106	105	103	98	0	0	0.000	0.000	0	0.000	0.000	0	0	0	0	0	0	0	0	0	0	0.000	0.000	0	0.000	0.000	0	0	0	0	0	0	0	0
275	275	2253	88.456	1737.335	437	817	699	218	32	394	905	640	249	33	1766.484	2824	2327	2192	2093	2000	1870	1735	1549	1288	981	443	107.250	123	113	110	109	108	107	106	105	104	103	95	0	0	0.000	0.000	0	0.000	0.000	0	0	0	0	0	0	0	0	0	0	0.000	0.000	0	0.000	0.000	0	0	0	0	0	0	0	0
276	276	5331	555.951	1763.720	3658	1148	358	95	19	3431	1119	528	160	22	344.729	13080	370	277	238	219	203	189	173	153	128	103	276.301	3067	341	320	302	280	262	243	213	163	133	107	3	40	549.672	1750.594	92	531.189	1770.128	483	0	5663	0	297	0	1470	0	1	89	531.568	1769.986	0	0.000	0.000	5687	0	0	0	1550	0	0	0
277	277	1566	1867.663	1752.220	229	497	566	230	8	173	554	550	243	24	804.123	1325	1152	1070	1005	938	843	731	624	515	411	173	147.837	211	183	170	161	153	146	139	131	124	118	104	0	0	0.000	0.000	0	0.000	0.000	0	0	0	0	0	0	0	0	0	0	0.000	0.000	0	0.000	0.000	0	0	0	0	0	0	0	0
278	278	1140	141.569	1753.888	299	498	274	45	5	195	366	403	147	8	111.816	126	117	115	114	113	112	111	109	108	106	99	107.449	128	116	113	110	108	106	104	103	103	101	97	0	0	0.000	0.000	0	0.000	0.000	0	0	0	0	0	0	0	0	0	0	0.000	0.000	0	0.000	0.000	0	0	0	0	0	0	0	0
279	279	1961	1776.676	1762.999	294	693	648	260	26	225	852	542	251	56	1048.790	1556	1354	1275	1193	1124	1072	1019	961	880	687	232	156.097	197	177	171	167	162	158	153	148	142	133	105	0	0	0.000	0.000	0	0.000	0.000	0	0	0	0	0	0	0	0	0	0	0.000	0.000	0	0.000	0.000	0	0	0	0	0	0	0	0
280	280	2305	1475.428	1764.107	1511	395	254	99	18	1373	419	272	172	43	113.238	135	122	119	116	114	112	111	109	108	106	100	104.349	113	107	106	105	105	104	104	103	103	102	96	0	0	0.000	0.000	0	0.000	0.000	0	0	0	0	0	0	0	0	0	0	0.000	0.000	0	0.000	0.000	0	0	0	0	0	0	0	0
281	281	1740	419.774	1773.482	699	695	276	25	10	449	609	433	162	54	113.001	143	122	119	116	114	112	111	109	107	104	97	117.182	154	130	125	121	119	116	114	111	108	106	98	0	0	0.000	0.000	0	0.000	0.000	0	0	0	0	0	0	0	0	0	0	0.000	0.000	0	0.000	0.000	0	0	0	0	0	0	0	0
282	282	2520	788.440	1785.079	479	957	800	218	24	372	885	822	326	66	2992.096	23647	3469	2918	2669	2509	2379	2230	2011	1644	1158	359	277.948	2987	306	223	210	202	195	186	175	161	142	106	1	136	799.193	1787.091	0	0.000	0.000	15929	0	0	0	1546	0	0	0	1	142	799.739	1786.558	0	0.000	0.000	15656	0	0	0	1523	0	0	0
283	283	1266	77.860	1790.275	254	495	397	85	16	235	589	278	129	15	1761.000	2832	2554	2358	2176	1980	1817	1647	1465	1187	848	392	107.791	122	113	111	110	108	107	106	105	104	103	97	0	0	0.000	0.000	0	0.000	0.000	0	0	0	0	0	0	0	0	0	0	0.000	0.000	0	0.000	0.000	0	0	0	0	0	0	0	0
284	284	1347	666.871	1807.126	325	405	360	217	13	194	484	376	199	54	187.076	246	219	212	205	200	194	186	178	162	139	112	148.142	189	172	165	161	155	150	144	139	131	119	106	0	0	0.000	0.000	0	0.000	0.000	0	0	0	0	0	0	0	0	0	0	0.000	0.000	0	0.000	0.000	0	0	0	0	0	0	0	0
285	285	1529	1767.102	1817.537	291	543	477	171	18	207	526	443	260	62	1002.733	1613	1380	1273	1190	1116	1038	964	869	740	546	221	154.008	213	185	175	168	161	154	148	141	133	123	104	0	0	0.000	0.000	0	0.000	0.000	0	0	0	0	0	0	0	0	0	0	0.000	0.000	0	0.000	0.000	0	0	0	0	0	0	0	0
286	286	1841	1869.523	1828.550	165	570	680	327	69	107	523	773	347	46	1514.068	5166	1933	1852	1757	1642	1521	1441	1330	1135	911	367	175.745	593	207	197	189	179	170	163	157	149	137	108	0	0	0.000	0.000	0	0.000	0.000	0	0	0	0	0	0	0	0	1	26	1854.889	1813.673	0	0.000	0.000	2598	0	0	0	437	0	0	0
287	287	2705	460.334	1844.200	932	1114	556	47	15	660	993	768	216	24	110.054	126	116	114	112	111	110	109	107	106	104	95	111.968	136	120	117	115	113	111	110	108	107	105	98	0	0	0.000	0.000	0	0.000	0.000	0	0	0	0	0	0	0	0	0	0	0.000	0.000	0	0.000	0.000	0	0	0	0	0	0	0	0
288	288	1782	1813.028	1840.648	322	509	555	326	27	214	496	549	363	121	1396.973	6206	1862	1639	1557	1497	1426	1324	1202	1011	731	284	174.079	719	200	187	179	174	168	162	156	146	131	104	1	15	1824.439	1847.212	0	0.000	0.000	4806	0	0	0	449	0	0	0	1	35	1824.595	1845.324	0	0.000	0.000	2306	0	0	0	459	0	0	0
289	289	1115	1917.093	1848.037	233	295	305	216	45	140	252	295	281	129	1197.219	1901	1660	1516	1422	1356	1291	1193	1064	864	570	255	155.597	225	190	180	171	164	156	150	141	130	116	100	0	0	0.000	0.000	0	0.000	0.000	0	0	0	0	0	0	0	0	0	0	0.000	0.000	0	0.000	0.000	0	0	0	0	0	0	0	0
290	290	2066	120.081	1865.563	279	477	677	458	142	276	713	620	336	85	1781.619	2990	2524	2309	2177	2037	1924	1777	1536	1203	763	208	195.576	285	248	234	223	212	201	187	175	157	131	102	0	0	0.000	0.000	0	0.000	0.000	0	0	0	0	0	0	0	0	0	0	0.000	0.000	0	0.000	0.000	0	0	0	0	0	0	0	0
291	291	1889	291.851	1871.141	230	689	651	242	44	184	803	540	285	44	110.446	123	116	114	113	111	110	109	108	107	105	97	256.988	355	321	305	289	271	255	241	230	218	195	130	0	0	0.000	0.000	0	0.000	0.000	0	0	0	0	0	0	0	0	0	0	0.000	0.000	0	0.000	0.000	0	0	0	0	0	0	0	0
292	292	889	363.049	1860.811	149	283	297	131	14	103	369	235	128	34	259.119	390	343	321	301	281	263	242	226	201	165	118	104.066	111	107	106	105	105	104	104	103	102	101	96	0	0	0.000	0.000	0	0.000	0.000	0	0	0	0	0	0	0	0	0	0	0.000	0.000	0	0.000	0.000	0	0	0	0	0	0	0	0
293	293	2290	406.623	1879.629	230	735	836	359	89	157	700	875	392	115	261.493	440	354	327	301	276	253	233	217	202	180	112	105.793	119	110	108	107	106	105	105	104	103	102	94	0	0	0.000	0.000	0	0.000	0.000	0	0	0	0	0	0	0	0	0	0	0.000	0.000	0	0.000	0.000	0	0	0	0	0	0	0	0
294	294	1242	1853.553	1873.176	210	357	412	213	22	173	387	425	190	45	1297.881	1962	1814	1708	1602	1467	1348	1216	1091	934	677	256	158.776	216	194	184	176	167	159	151	144	135	122	104	0	0	0.000	0.000	0	0.000	0.000	0	0	0	0	0	0	0	0	0	0	0.000	0.000	0	0.000	0.000	0	0	0	0	0	0	0	0
295	295	1890	861.969	1878.658	625	613	397	188	30	593	550	503	165	47	1045.657	9137	1236	1167	1063	946	854	780	733	675	562	247	215.149	1827	241	210	197	187	176	167	159	150	141	110	1	62	871.856	1877.749	0	0.000	0.000	5369	0	0	0	1100	0	0	0	1	74	872.101	1877.517	0	0.000	0.000	4500	0	0	0	938	0	0	0
296	296	1909	1020.031	1881.277	320	649	649	221	32	142	457	800	394	92	765.351	1106	991	955	914	875	837	782	682	561	413	182	153.907	204	177	171	166	162	157	152	145	136	124	104	0	0	0.000	0.000	0	0.000	0.000	0	0	0	0	0	0	0	0	0	0	0.000	0.000	0	0.000	0.000	0	0	0	0	0	0	0	0
297	297	2263	915.804	1876.919	602	766	729	120	14	457	643	714	378	46	1665.021	3139	2412	2125	1903	1743	1615	1521	1403	1209	953	405	114.978	133	122	120	118	116	115	114	112	110	108	100	0	0	0.000	0.000	0	0.000	0.000	0	0	0	0	0	0	0	0	0	0	0.000	0.000	0	0.000	0.000	0	0	0	0	0	0	0	0
298	298	2535	653.685	1893.438	709	1197	552	29	7	484	1312	591	91	8	391.170	10304	380	232	214	203	191	181	169	156	138	107	305.124	1568	406	383	352	319	286	254	226	200	170	122	1	85	638.224	1899.379	0	0.000	0.000	4635	0	0	0	835	0	0	0	1	57	638.483	1898.747	0	0.000	0.000	6371	0	0	0	1055	0	0	0
299	299	1459	572.695	1891.063	108	361	501	388	71	61	320	624	273	147	201.074	272	236	227	219	214	208	201	192	176	150	111	156.237	201	182	175	169	163	157	152	147	140	127	103	0	0	0.000	0.000	0	0.000	0.000	0	0	0	0	0	0	0	0	0	0	0.000	0.000	0	0.000	0.000	0	0	0	0	0	0	0	0
300	300	1681	757.237	1890.639	226	513	592	265	50	240	759	444	172	31	193.172	257	222	213	206	201	196	190	184	172	158	129	150.651	200	171	164	159	155	151	147	142	137	130	109	0	0	0.000	0.000	0	0.000	0.000	0	0	0	0	0	0	0	0	0	0	0.000	0.000	0	0.000	0.000	0	0	0	0	0	0	0	0
301	301	2015	1286.322	1897.776	246	471	719	465	74	209	520	840	331	86	341.054	506	448	423	403	379	355	331	295	251	208	140	202.051	278	253	241	231	219	207	193	179	162	143	113	0	0	0.000	0.000	0	0.000	0.000	0	0	0	0	0	0	0	0	0	0	0.000	0.000	0	0.000	0.000	0	0	0	0	0	0	0	0
302	302	2123	164.748	1906.572	403	841	629	193	19	206	680	803	313	76	2299.658	15254	3064	2692	2470	2306	2117	1933	1657	1341	889	208	257.545	2110	292	255	240	225	211	198	185	169	147	110	1	63	174.920	1913.699	0	0.000	0.000	10598	0	0	0	1346	0	0	0	1	86	175.453	1912.974	0	0.000	0.000	9305	0	0	0	1136	0	0	0
303	303	1562	366.579	1917.977	251	469	583	209	22	194	446	482	353	54	241.969	325	288	277	267	256	243	232	221	209	194	138	103.659	119	106	105	105	104	104	103	103	102	101	96	0	0	0.000	0.000	0	0.000	0.000	0	0	0	0	0	0	0	0	0	0	0.000	0.000	0	0.000	0.000	0	0	0	0	0	0	0	0
304	304	621	321.548	1906.369	120	277	153	53	13	76	185	193	132	25	108.235	117	112	111	110	109	108	107	107	105	104	99	206.816	279	252	240	230	223	215	203	190	172	149	119	0	0	0.000	0.000	0	0.000	0.000	0	0	0	0	0	0	0	0	0	0	0.000	0.000	0	0.000	0.000	0	0	0	0	0	0	0	0
305	305	2138	1226.912	1916.120	344	609	665	404	73	312	900	603	234	30	779.650	17145	899	495	427	393	366	330	292	256	211	125	258.021	2917	310	240	218	204	191	175	163	152	140	105	1	85	1215.968	1915.384	0	0.000	0.000	7932	0	0	0	1417	0	0	0	1	85	1216.157	1914.567	0	0.000	0.000	7426	0	0	0	1434	0	0	0
306	306	2768	697.935	1933.519	775	899	802	241	11	574	871	802	420	51	355.010	10366	338	256	233	215	202	190	177	163	146	107	335.700	1461	470	425	387	349	313	286	256	228	198	139	1	70	686.404	1932.114	0	0.000	0.000	4432	0	0	0	807	0	0	0	1	42	687.406	1932.235	0	0.000	0.000	6262	0	0	0	1086	0	0	0
307	307	2122	228.168	1936.070	372	811	751	122	19	235	683	775	351	39	112.492	129	119	117	115	114	112	111	110	108	106	97	134.196	166	151	147	143	139	135	131	127	122	116	101	0	0	0.000	0.000	0	0.000	0.000	0	0	0	0	0	0	0	0	0	0	0.000	0.000	0	0.000	0.000	0	0	0	0	0	0	0	0
308	308	1851	1792.121	1940.530	194	596	695	286	43	199	721	669	185	33	1345.588	2236	1909	1741	1620	1499	1369	1237	1139	1021	714	210	106.886	123	112	110	108	107	106	106	105	104	103	95	0	0	0.000	0.000	0	0.000	0.000	0	0	0	0	0	0	0	0	0	0	0.000	0.000	0	0.000	0.000	0	0	0	0	0	0	0	0
309	309	2254	1158.389	1945.964	360	830	830	173	17	181	639	921	363	118	887.864	4966	1193	1084	1005	941	891	824	716	588	455	164	183.824	928	216	203	193	184	176	167	158	145	132	106	1	22	1169.362	1938.687	0	0.000	0.000	3574	0	0	0	452	0	0	0	1	39	1171.674	1936.811	0	0.000	0.000	1597	0	0	0	583	0	0	0
310	310	1020	634.414	1942.927	401	399	154	41	9	355	425	163	46	18	114.086	135	124	121	118	116	113	111	109	108	105	98	454.372	813	676	618	576	530	478	425	350	259	181	117	0	0	0.000	0.000	0	0.000	0.000	0	0	0	0	0	0	0	0	0	0	0.000	0.000	0	0.000	0.000	0	0	0	0	0	0	0	0
311	311	2044	1667.633	1959.286	248	548	676	407	125	178	584	750	346	134	108.038	125	113	111	110	109	108	107	106	105	104	96	145.162	190	163	158	154	150	146	142	138	133	126	102	0	0	0.000	0.000	0	0.000	0.000	0	0	0	0	0	0	0	0	0	0	0.000	0.000	0	0.000	0.000	0	0	0	0	0	0	0	0
312	312	2065	1739.461	1960.774	284	663	716	312	42	158	525	849	434	63	209.042	274	245	238	232	226	218	208	196	180	158	110	150.092	189	171	165	161	156	152	148	142	136	125	103	0	0	0.000	0.000	0	0.000	0.000	0	0	0	0	0	0	0	0	0	0	0.000	0.000	0	0.000	0.000	0	0	0	0	0	0	0	0
313	313	2077	313.095	1960.400	304	732	652	319	35	133	597	793	388	119	538.737	11379	643	311	260	235	217	201	186	168	150	120	188.874	1195	218	186	177	169	162	153	147	140	131	106	1	108	309.580	1949.238	0	0.000	0.000	4775	0	0	0	603	0	0	0	1	86	309.604	1949.423	0	0.000	0.000	6201	0	0	0	686	0	0	0
314	314	1978	467.780	1959.232	302	684	603	327	31	245	743	600	312	30	461.265	9803	476	308	288	276	263	245	222	197	158	107	158.680	1310	167	149	143	139	135	131	126	117	109	97	1	70	467.021	1946.115	0	0.000	0.000	4430	0	0	0	511	0	0	0	1	73	467.766	1946.017	0	0.000	0.000	3846	0	0	0	651	0	0	0
315	315	1379	524.251	1966.467	261	406	421	225	49	207	369	491	240	55	245.438	338	307	293	280	269	255	240	223	200	163	107	131.331	168	151	146	141	137	132	128	123	117	109	98	0	0	0.000	0.000	0	0.000	0.000	0	0	0	0	0	0	0	0	0	0	0.000	0.000	0	0.000	0.000	0	0	0	0	0	0	0	0
316	316	1246	372.781	1966.922	589	442	167	17	11	431	434	234	97	22	702.506	1248	1066	923	804	732	687	658	624	525	334	133	108.892	128	117	114	111	109	108	107	105	104	103	94	0	0	0.000	0.000	0	0.000	0.000	0	0	0	0	0	0	0	0	0	0	0.000	0.000	0	0.000	0.000	0	0	0	0	0	0	0	0
317	317	884	95.616	1973.513	93	318	238	167	44	92	303	252	149	71	164.270	221	194	185	179	172	167	159	152	144	131	111	129.805	160	145	141	137	134	130	127	123	119	114	101	0	0	0.000	0.000	0	0.000	0.000	0	0	0	0	0	0	0	0	0	0	0.000	0.000	0	0.000	0.000	0	0	0	0	0	0	0	0
318	318	1114	1574.154	1981.164	204	390	337	147	21	154	374	319	158	92	107.445	120	113	110	109	108	107	106	105	104	103	97	144.599	197	168	162	157	152	146	141	134	126	116	101	0	0	0.000	0.000	0	0.000	0.000	0	0	0	0	0	0	0	0	0	0	0.000	0.000	0	0.000	0.000	0	0	0	0	0	0	0	0
