 	cell	area	x	y	BFI_lev_b1	BFI_lev_b2	BFI_lev_b3	BFI_lev_b4	BFI_lev_b5	BFO_lev_b1	BFO_lev_b2	BFO_lev_b3	BFO_lev_b4	BFO_lev_b5	GFP_int_mean	GFP_int_b0	GFP_int_b1	GFP_int_b2	GFP_int_b3	GFP_int_b4	GFP_int_b5	GFP_int_b6	GFP_int_b7	GFP_int_b8	GFP_int_b9	GFP_int_b10	RFP_int_mean	RFP_int_b0	RFP_int_b1	RFP_int_b2	RFP_int_b3	RFP_int_b4	RFP_int_b5	RFP_int_b6	RFP_int_b7	RFP_int_b8	RFP_int_b9	RFP_int_b10	inGFPnfoci	f1_inGFParea	f1_inGFPx	f1_inGFPy	f2_inGFParea	f2_inGFPx	f2_inGFPy	f1_inGFP_toGFPmed	f2_inGFP_toGFPmed	f2_inGFP_toGFPmean	f1_inGFP_toRFPmed	f2_inGFP_toRFPmed	f2_inGFP_toRFPmean	inRFPnfoci	f1_inRFParea	f1_inRFPx	f1_inRFPy	f2_inRFParea	f2_inRFPx	f2_inRFPy	f1_inRFP_toGFPmed	f2_inRFP_toGFPmed	f2_inRFP_toGFPmean	f1_inRFP_toRFPmed	f2_inRFP_toRFPmed	f2_inRFP_toRFPmean	f1_inGFP_toGFPmean	f1_inGFP_toRFPmean	f1_inRFP_toGFPmean	f1_inRFP_toRFPmean
1	1	2447	172.127	79.796	573	710	741	351	28	439	995	693	235	36	1201.515	19038	1706	514	376	324	292	263	236	206	172	116	880.608	13592	1464	510	395	348	309	275	243	207	170	106	1	219	173.777	81.317	0	0	0	8431	0	0	5360	0	0	1	189	173.649	80.688	0	0	0	10671	0	0	6506	0	0	0	0	0	0
2	2	1867	1894.765	71.174	447	785	481	105	11	300	822	491	193	30	1477.352	21741	2532	670	594	564	538	502	464	419	311	115	314.603	4011	565	176	141	136	132	129	126	121	114	101	1	144	1898.349	65.636	0	0	0	10974	0	0	2004	0	0	1	159	1898.555	65.792	0	0	0	9888	0	0	1808	0	0	0	0	0	0
3	3	2427	301.336	90.306	673	831	704	166	20	509	887	646	283	52	212.577	326	273	254	241	231	223	213	193	163	133	100	107.785	353	111	109	107	106	105	104	104	103	102	96	0	0	0.000	0.000	0	0	0	0	0	0	0	0	0	0	0	0.000	0.000	0	0	0	0	0	0	0	0	0	0	0	0	0
4	4	3164	972.712	89.797	783	911	847	522	44	669	1204	843	347	44	242.170	349	310	296	281	265	249	233	216	191	160	100	236.651	357	314	296	279	258	237	218	200	180	155	98	0	0	0.000	0.000	0	0	0	0	0	0	0	0	0	0	0	0.000	0.000	0	0	0	0	0	0	0	0	0	0	0	0	0
5	5	766	479.383	78.970	96	159	282	168	41	46	140	354	178	34	189.008	262	223	212	203	196	189	183	176	169	156	116	119.709	141	130	126	124	121	119	118	116	113	111	101	0	0	0.000	0.000	0	0	0	0	0	0	0	0	0	0	0	0.000	0.000	0	0	0	0	0	0	0	0	0	0	0	0	0
6	6	1865	1604.186	95.281	306	526	609	363	18	169	368	882	263	151	231.780	352	309	290	270	252	232	213	195	175	156	110	126.537	163	145	140	135	131	126	122	118	113	109	98	0	0	0.000	0.000	0	0	0	0	0	0	0	0	0	0	0	0.000	0.000	0	0	0	0	0	0	0	0	0	0	0	0	0
7	7	2072	229.203	99.177	304	558	830	320	23	222	575	877	304	55	612.375	951	856	803	758	708	652	584	501	418	298	133	115.874	142	126	123	120	118	116	113	111	109	106	97	0	0	0.000	0.000	0	0	0	0	0	0	0	0	0	0	0	0.000	0.000	0	0	0	0	0	0	0	0	0	0	0	0	0
8	8	1741	1150.047	96.871	288	600	551	227	41	238	706	466	238	56	108.724	126	114	112	111	110	109	108	106	105	103	98	135.335	165	151	147	143	140	137	134	130	124	116	101	0	0	0.000	0.000	0	0	0	0	0	0	0	0	0	0	0	0.000	0.000	0	0	0	0	0	0	0	0	0	0	0	0	0
9	9	1616	519.941	97.400	213	367	632	316	49	129	497	707	213	36	210.819	290	261	250	239	227	215	204	192	178	150	102	187.835	261	234	223	213	203	192	180	170	154	132	100	0	0	0.000	0.000	0	0	0	0	0	0	0	0	0	0	0	0.000	0.000	0	0	0	0	0	0	0	0	0	0	0	0	0
10	10	1943	361.281	106.676	311	687	644	228	35	267	874	556	186	33	501.161	831	717	652	602	566	524	478	429	357	221	119	105.354	129	111	107	106	105	104	104	103	102	101	95	0	0	0.000	0.000	0	0	0	0	0	0	0	0	0	1	136	365.092	96.226	0	0	0	689	0	0	117	0	0	0	0	0	0
11	11	1508	644.094	98.358	333	462	356	278	58	291	449	382	250	106	118.840	140	129	126	124	122	120	118	115	112	106	97	141.918	182	165	160	155	150	145	140	134	123	110	99	0	0	0.000	0.000	0	0	0	0	0	0	0	0	0	0	0	0.000	0.000	0	0	0	0	0	0	0	0	0	0	0	0	0
12	12	1600	1415.034	98.720	276	608	543	129	8	169	636	521	205	39	2010.068	22130	3612	1449	1181	1053	950	855	742	626	397	147	369.746	4872	662	236	169	155	148	141	135	127	114	100	1	148	1410.910	95.244	0	0	0	11546	0	0	2024	0	0	1	134	1410.988	95.236	0	0	0	12678	0	0	2194	0	0	0	0	0	0
13	13	1853	109.525	107.578	226	466	650	389	93	205	731	589	247	42	774.311	1344	1066	980	923	857	785	722	648	574	450	174	106.488	124	111	110	108	107	106	105	104	103	102	96	0	0	0.000	0.000	0	0	0	0	0	0	0	0	0	0	0	0.000	0.000	0	0	0	0	0	0	0	0	0	0	0	0	0
14	14	2178	916.344	100.427	436	521	706	396	71	344	772	690	264	72	2176.051	26120	5573	904	427	320	267	232	199	165	126	103	510.778	5471	995	327	279	246	213	185	157	121	108	100	1	293	914.718	96.913	0	0	0	13221	0	0	2046	0	0	1	247	915.009	95.273	0	0	0	10802	0	0	2721	0	0	0	0	0	0
15	15	2447	1746.800	119.748	419	1057	747	147	28	479	1306	555	52	14	417.491	9734	370	294	269	251	234	220	210	197	174	116	261.120	963	332	303	282	264	245	231	219	204	180	110	1	85	1740.395	105.201	0	0	0	3799	0	0	582	0	0	1	42	1739.621	104.781	0	0	0	6108	0	0	751	0	0	0	0	0	0
16	16	1315	756.334	110.385	295	612	291	66	19	412	590	228	49	8	116.459	161	133	125	121	118	115	112	109	106	104	98	164.036	335	216	198	186	177	168	153	135	119	110	100	0	0	0.000	0.000	0	0	0	0	0	0	0	0	0	0	0	0.000	0.000	0	0	0	0	0	0	0	0	0	0	0	0	0
17	17	1602	421.346	116.750	272	488	508	266	40	183	622	489	225	55	873.185	14912	1282	437	373	358	345	330	313	292	240	115	160.844	1333	206	129	119	117	115	113	111	109	106	98	1	104	414.160	123.411	0	0	0	6970	0	0	662	0	0	1	106	414.238	123.128	0	0	0	6516	0	0	625	0	0	0	0	0	0
18	18	1571	472.876	127.164	214	425	545	299	63	152	494	607	228	70	470.708	6404	481	420	392	367	346	322	307	290	256	130	116.355	335	121	117	114	113	111	109	108	107	105	100	1	54	469.724	138.331	0	0	0	2962	0	0	227	0	0	1	60	469.355	137.575	0	0	0	2518	0	0	217	0	0	0	0	0	0
19	19	1728	1642.930	123.838	402	662	523	111	8	238	467	680	238	75	771.710	15947	1087	406	289	245	218	197	178	156	133	105	202.188	2483	270	155	136	129	124	120	115	111	107	98	1	108	1639.402	122.472	0	0	0	6671	0	0	1040	0	0	1	95	1639.732	122.248	0	0	0	7551	0	0	1126	0	0	0	0	0	0
20	20	2035	1874.016	129.348	237	617	667	405	80	217	734	678	272	97	107.643	120	112	111	110	109	108	107	106	104	103	98	212.779	326	281	258	238	221	207	196	186	174	152	108	0	0	0.000	0.000	0	0	0	0	0	0	0	0	0	0	0	0.000	0.000	0	0	0	0	0	0	0	0	0	0	0	0	0
21	21	901	717.825	131.336	451	270	127	29	9	364	359	119	36	5	137.648	196	165	157	150	146	141	133	123	114	108	100	277.098	459	399	367	344	321	297	258	212	163	129	104	0	0	0.000	0.000	0	0	0	0	0	0	0	0	0	0	0	0.000	0.000	0	0	0	0	0	0	0	0	0	0	0	0	0
22	22	2059	241.229	155.926	269	725	791	215	15	158	516	868	385	83	768.487	12071	906	638	576	522	475	431	379	329	282	121	129.572	677	141	122	118	115	112	110	109	107	105	96	1	95	252.140	147.467	0	0	0	5423	0	0	384	0	0	1	109	252.024	147.591	0	0	0	4893	0	0	349	0	0	0	0	0	0
23	23	1483	374.287	157.978	235	490	477	224	36	227	604	403	188	36	456.845	3163	586	519	489	464	442	421	394	313	203	120	139.703	611	154	144	140	136	133	129	124	113	107	100	1	32	377.621	164.343	0	0	0	1972	0	0	368	0	0	1	47	378.773	163.542	0	0	0	1008	0	0	362	0	0	0	0	0	0
24	24	1526	119.693	165.909	235	632	535	90	9	151	570	569	195	11	381.758	6491	477	247	222	212	202	192	179	166	152	115	129.657	417	142	129	127	124	122	119	117	114	111	102	1	73	114.514	166.228	0	0	0	2967	0	0	254	0	0	1	66	113.595	166.502	0	0	0	2847	0	0	270	0	0	0	0	0	0
25	25	1840	170.634	179.377	163	507	638	427	67	134	601	738	290	35	225.809	321	272	258	248	240	231	222	209	193	170	105	282.774	416	355	335	321	307	290	274	253	229	200	108	0	0	0.000	0.000	0	0	0	0	0	0	0	0	0	0	0	0.000	0.000	0	0	0	0	0	0	0	0	0	0	0	0	0
26	26	1682	977.362	178.189	213	490	535	373	42	202	654	528	206	52	381.568	537	476	449	432	415	398	381	362	324	253	118	110.066	136	118	115	112	111	109	108	107	106	104	97	0	0	0.000	0.000	0	0	0	0	0	0	0	0	0	0	0	0.000	0.000	0	0	0	0	0	0	0	0	0	0	0	0	0
27	27	722	1895.215	168.037	155	221	182	140	18	133	229	202	110	38	106.269	118	110	109	108	107	106	105	104	104	102	97	181.716	230	214	206	200	195	188	180	171	156	137	104	0	0	0.000	0.000	0	0	0	0	0	0	0	0	0	0	0	0.000	0.000	0	0	0	0	0	0	0	0	0	0	0	0	0
28	28	2137	882.689	180.239	191	583	695	543	91	199	760	708	347	79	362.079	6610	374	250	236	225	212	201	191	180	162	116	187.892	926	208	196	188	179	171	164	159	151	140	112	1	86	878.727	168.409	0	0	0	3060	0	0	523	0	0	1	68	878.686	167.577	0	0	0	3430	0	0	569	0	0	0	0	0	0
29	29	1840	1495.251	182.089	299	571	536	369	30	255	639	573	267	67	634.191	985	870	823	764	708	649	587	524	455	370	193	117.312	151	131	125	122	118	116	113	111	110	107	100	0	0	0.000	0.000	0	0	0	0	0	0	0	0	0	0	0	0.000	0.000	0	0	0	0	0	0	0	0	0	0	0	0	0
30	30	1714	819.067	184.058	158	458	645	352	68	141	593	669	233	43	567.806	9848	809	336	256	228	210	193	176	164	147	103	238.420	1321	314	248	231	217	201	185	170	158	137	103	1	110	823.902	184.135	0	0	0	4432	0	0	764	0	0	1	96	823.296	183.654	0	0	0	4837	0	0	810	0	0	0	0	0	0
31	31	1692	1032.793	186.038	332	680	465	166	21	159	550	598	267	86	334.019	502	428	407	385	366	347	328	303	273	205	115	108.741	122	113	112	110	109	109	108	107	106	104	96	0	0	0.000	0.000	0	0	0	0	0	0	0	0	0	0	0	0.000	0.000	0	0	0	0	0	0	0	0	0	0	0	0	0
32	32	2444	285.649	179.972	313	649	835	531	55	196	606	970	544	80	2186.663	27014	5370	869	469	364	318	286	264	223	175	112	343.548	3939	730	185	141	130	125	121	117	112	108	98	1	316	286.553	175.130	0	0	0	13213	0	0	1475	0	0	1	263	286.630	174.566	0	0	0	17035	0	0	1861	0	0	0	0	0	0
33	33	1541	936.352	206.761	249	295	438	348	187	196	485	510	204	115	393.303	603	532	491	461	434	407	379	347	313	222	111	112.295	148	127	117	114	111	110	108	107	105	104	99	0	0	0.000	0.000	0	0	0	0	0	0	0	0	0	0	0	0.000	0.000	0	0	0	0	0	0	0	0	0	0	0	0	0
34	34	1872	334.698	215.143	251	544	719	305	18	183	399	825	337	106	420.006	6115	501	395	355	325	293	269	246	223	182	114	122.812	506	132	122	118	115	113	111	110	108	105	98	1	69	323.145	207.217	0	0	0	2745	0	0	275	0	0	1	71	323.659	206.055	0	0	0	1720	0	0	290	0	0	0	0	0	0
35	35	3039	1663.309	220.866	809	1155	828	178	15	581	1031	952	344	76	5607.361	10246	8976	7671	7109	6289	5496	4794	4226	3446	2517	592	110.587	130	117	115	113	112	110	109	108	106	105	98	0	0	0.000	0.000	0	0	0	0	0	0	0	0	0	0	0	0.000	0.000	0	0	0	0	0	0	0	0	0	0	0	0	0
36	36	2001	1725.304	213.342	418	577	647	286	38	367	643	663	237	58	4190.487	7090	6212	5806	5340	4802	4366	3933	3308	2782	1658	272	112.618	141	124	119	115	113	111	109	108	106	105	99	0	0	0.000	0.000	0	0	0	0	0	0	0	0	0	0	0	0.000	0.000	0	0	0	0	0	0	0	0	0	0	0	0	0
37	37	1585	1537.419	216.863	177	396	582	327	69	164	412	678	270	40	110.320	127	115	113	112	111	110	109	108	107	106	100	103.281	114	106	105	104	104	103	103	102	102	101	95	0	0	0.000	0.000	0	0	0	0	0	0	0	0	0	0	0	0.000	0.000	0	0	0	0	0	0	0	0	0	0	0	0	0
38	38	1118	131.477	215.333	200	253	326	267	55	171	352	364	182	31	183.685	247	218	211	203	197	190	180	171	156	136	108	119.272	145	132	127	124	122	119	117	114	111	106	99	0	0	0.000	0.000	0	0	0	0	0	0	0	0	0	0	0	0.000	0.000	0	0	0	0	0	0	0	0	0	0	0	0	0
39	39	1232	843.721	220.016	83	357	482	240	52	76	546	378	175	36	181.220	224	205	198	193	188	184	180	174	166	153	110	157.350	198	179	172	168	162	157	153	149	144	136	107	0	0	0.000	0.000	0	0	0	0	0	0	0	0	0	0	0	0.000	0.000	0	0	0	0	0	0	0	0	0	0	0	0	0
40	40	2433	201.744	231.134	253	757	782	539	66	219	963	802	352	58	253.099	2822	290	268	254	245	235	224	207	186	161	114	284.201	434	367	345	327	310	290	270	250	223	189	118	1	39	205.730	245.446	0	0	0	1419	0	0	285	0	0	0	0	0.000	0.000	0	0	0	0	0	0	0	0	0	0	0	0	0
41	41	1824	1173.558	231.480	1086	398	209	100	17	1103	360	276	41	15	142.683	444	191	163	143	129	120	114	111	108	106	99	105.298	122	110	108	106	105	105	104	103	102	101	95	0	0	0.000	0.000	0	0	0	0	0	0	0	0	0	0	0	0.000	0.000	0	0	0	0	0	0	0	0	0	0	0	0	0
42	42	1831	1593.005	228.511	216	628	664	260	27	133	454	832	293	75	116.468	135	124	122	120	118	116	115	113	111	108	100	103.358	114	106	105	104	104	103	103	102	101	101	95	0	0	0.000	0.000	0	0	0	0	0	0	0	0	0	0	0	0.000	0.000	0	0	0	0	0	0	0	0	0	0	0	0	0
43	43	2001	1795.293	236.440	662	625	489	148	43	594	757	405	181	30	118.617	147	127	124	122	120	119	117	115	113	110	100	251.258	390	326	305	292	275	257	237	219	193	162	110	0	0	0.000	0.000	0	0	0	0	0	0	0	0	0	0	0	0.000	0.000	0	0	0	0	0	0	0	0	0	0	0	0	0
44	44	1183	1010.011	231.504	114	449	423	155	14	61	479	411	184	27	315.839	418	379	365	353	340	328	317	302	279	222	115	109.405	122	115	113	111	110	109	108	107	106	104	98	0	0	0.000	0.000	0	0	0	0	0	0	0	0	0	0	0	0.000	0.000	0	0	0	0	0	0	0	0	0	0	0	0	0
45	45	1117	891.834	231.144	167	282	359	248	44	124	262	381	266	61	116.688	155	127	122	120	118	116	114	112	110	107	100	570.360	1007	846	752	672	617	569	538	478	392	277	127	0	0	0.000	0.000	0	0	0	0	0	0	0	0	0	0	0	0.000	0.000	0	0	0	0	0	0	0	0	0	0	0	0	0
46	46	536	262.375	230.571	121	124	150	111	16	112	127	139	115	35	215.957	288	267	258	250	238	226	210	194	170	145	115	113.674	131	123	121	118	116	113	112	109	107	105	100	0	0	0.000	0.000	0	0	0	0	0	0	0	0	0	0	0	0.000	0.000	0	0	0	0	0	0	0	0	0	0	0	0	0
47	47	2151	1366.445	250.655	353	507	625	511	123	336	648	709	339	82	1312.264	14116	3185	911	567	443	372	323	287	256	215	132	331.246	3276	695	235	176	155	144	137	129	123	117	103	1	267	1364.889	250.505	0	0	0	6749	0	0	1410	0	0	1	236	1364.651	250.087	0	0	0	7770	0	0	1605	0	0	0	0	0	0
48	48	1275	1208.125	254.438	252	398	395	172	29	230	441	407	130	31	1312.653	16584	2674	890	565	473	421	383	356	308	240	138	164.765	991	244	146	129	123	119	116	114	112	108	98	1	119	1203.922	253.667	0	0	0	7777	0	0	507	0	0	1	122	1204.226	253.307	0	0	0	7675	0	0	507	0	0	0	0	0	0
49	49	1788	810.979	257.207	302	632	537	244	43	268	791	491	177	35	695.143	14349	856	383	315	274	247	231	220	205	181	118	215.522	1922	266	190	174	164	157	152	146	140	131	101	1	103	810.348	249.427	0	0	0	5793	0	0	923	0	0	1	95	810.274	249.572	0	0	0	6111	0	0	1003	0	0	0	0	0	0
50	50	1836	405.224	262.302	165	373	698	437	118	224	610	676	229	66	247.462	354	309	293	283	272	261	244	221	196	169	109	297.374	436	381	364	352	340	316	287	255	223	187	112	0	0	0.000	0.000	0	0	0	0	0	0	0	0	0	0	0	0.000	0.000	0	0	0	0	0	0	0	0	0	0	0	0	0
51	51	1584	266.697	279.828	168	430	591	330	42	78	349	677	327	122	640.706	1047	887	822	773	719	669	614	549	481	309	142	115.033	135	123	120	118	117	115	114	112	110	107	100	0	0	0.000	0.000	0	0	0	0	0	0	0	0	0	0	0	0.000	0.000	0	0	0	0	0	0	0	0	0	0	0	0	0
52	52	2040	869.332	283.277	226	568	860	310	20	159	642	901	247	38	130.858	164	144	140	137	134	132	129	125	121	116	102	258.140	395	332	311	297	282	265	246	223	198	175	117	0	0	0.000	0.000	0	0	0	0	0	0	0	0	0	0	0	0.000	0.000	0	0	0	0	0	0	0	0	0	0	0	0	0
53	53	2200	156.008	287.317	275	869	702	304	13	236	813	715	317	82	329.007	7270	345	249	230	221	213	203	192	178	159	118	218.673	842	263	239	228	220	209	198	187	174	159	122	1	58	162.710	279.524	0	0	0	3295	0	0	545	0	0	1	43	162.976	278.436	0	0	0	2773	0	0	603	0	0	0	0	0	0
54	54	2476	1323.313	289.584	552	607	784	420	74	493	1013	617	256	45	298.475	473	423	397	367	335	303	271	245	206	155	109	133.669	220	164	150	142	135	130	124	120	115	108	98	0	0	0.000	0.000	0	0	0	0	0	0	0	0	0	0	0	0.000	0.000	0	0	0	0	0	0	0	0	0	0	0	0	0
55	55	1818	1787.685	296.997	421	489	564	250	60	441	696	502	132	18	116.655	147	131	125	121	118	115	112	110	108	105	96	294.044	519	412	380	359	339	315	285	243	182	135	103	0	0	0.000	0.000	0	0	0	0	0	0	0	0	0	0	0	0.000	0.000	0	0	0	0	0	0	0	0	0	0	0	0	0
56	56	1604	208.523	294.242	235	341	506	400	91	195	404	604	266	98	364.963	4292	392	372	358	345	334	319	294	261	213	125	121.777	382	129	126	124	121	119	117	115	112	108	98	1	42	197.630	277.061	0	0	0	2016	0	0	225	0	0	0	0	0.000	0.000	0	0	0	0	0	0	0	0	0	0	0	0	0
57	57	1044	311.711	290.999	162	392	336	120	14	145	326	317	192	45	113.799	132	122	118	117	115	114	112	111	109	107	101	186.829	283	240	221	210	198	186	175	164	150	135	105	0	0	0.000	0.000	0	0	0	0	0	0	0	0	0	0	0	0.000	0.000	0	0	0	0	0	0	0	0	0	0	0	0	0
58	58	1649	759.640	298.727	218	517	623	237	27	144	628	492	277	80	242.100	2137	289	258	242	229	220	212	204	192	170	115	150.500	358	171	164	159	154	149	145	140	134	125	101	1	38	748.892	301.488	0	0	0	817	0	0	176	0	0	1	14	745.259	301.197	0	0	0	433	0	0	307	0	0	0	0	0	0
59	59	2049	381.965	312.949	189	452	802	483	95	181	552	913	279	92	641.705	15058	687	322	276	257	242	230	217	197	174	112	308.443	1524	388	344	321	302	284	266	242	215	190	118	1	95	371.515	302.664	0	0	0	6401	0	0	784	0	0	1	62	371.771	301.679	0	0	0	8752	0	0	1043	0	0	0	0	0	0
60	60	1571	1031.723	302.688	290	376	462	339	75	243	470	483	280	59	117.134	150	129	125	122	119	117	114	112	109	106	98	780.675	1257	1113	1041	978	925	850	776	659	523	281	127	0	0	0.000	0.000	0	0	0	0	0	0	0	0	0	0	0	0.000	0.000	0	0	0	0	0	0	0	0	0	0	0	0	0
61	61	1932	1213.044	330.821	323	684	639	234	24	206	722	691	251	24	322.507	463	417	400	381	361	338	311	283	248	197	125	163.319	220	196	188	182	175	167	159	148	137	124	103	0	0	0.000	0.000	0	0	0	0	0	0	0	0	0	0	0	0.000	0.000	0	0	0	0	0	0	0	0	0	0	0	0	0
62	62	648	1071.217	318.611	336	187	74	21	17	278	171	121	57	14	132.741	182	161	150	142	136	130	126	121	116	110	103	370.594	843	643	535	460	413	373	326	236	158	123	104	0	0	0.000	0.000	0	0	0	0	0	0	0	0	0	0	0	0.000	0.000	0	0	0	0	0	0	0	0	0	0	0	0	0
63	63	2140	287.618	337.529	317	738	726	272	64	329	888	645	199	44	736.470	6290	914	830	784	741	703	660	605	527	371	132	117.158	303	124	120	118	117	115	113	111	109	106	97	1	34	273.018	329.891	0	0	0	3777	0	0	160	0	0	1	44	275.431	329.222	0	0	0	1884	0	0	210	0	0	0	0	0	0
64	64	1112	1116.215	329.535	158	392	369	155	14	102	440	369	148	28	1587.382	2591	2336	2168	2004	1816	1627	1441	1215	1006	766	336	177.915	244	218	209	200	190	180	169	158	146	134	110	0	0	0.000	0.000	0	0	0	0	0	0	0	0	0	0	0	0.000	0.000	0	0	0	0	0	0	0	0	0	0	0	0	0
65	65	1393	121.202	333.346	194	394	455	277	53	98	316	602	261	84	193.187	252	228	221	216	210	204	197	185	165	135	103	187.512	247	220	212	207	201	195	187	179	164	139	104	0	0	0.000	0.000	0	0	0	0	0	0	0	0	0	0	0	0.000	0.000	0	0	0	0	0	0	0	0	0	0	0	0	0
66	66	1830	176.975	337.252	359	380	574	398	82	328	592	558	257	52	794.537	15216	943	516	462	432	411	386	346	277	182	110	167.967	1732	194	143	133	126	122	119	115	111	106	96	1	80	178.569	325.212	0	0	0	7691	0	0	903	0	0	1	91	178.226	325.334	0	0	0	6381	0	0	765	0	0	0	0	0	0
67	67	1760	1422.417	340.089	294	704	582	119	11	211	857	502	135	11	120.618	145	130	127	125	123	121	119	117	114	111	102	140.211	175	156	151	147	144	141	139	134	130	123	102	0	0	0.000	0.000	0	0	0	0	0	0	0	0	0	0	0	0.000	0.000	0	0	0	0	0	0	0	0	0	0	0	0	0
68	68	2051	730.013	351.583	306	607	783	269	46	209	596	883	291	32	293.844	443	367	352	338	321	304	286	267	239	193	114	195.633	271	241	230	217	206	196	186	177	166	149	111	0	0	0.000	0.000	0	0	0	0	0	0	0	0	0	0	0	0.000	0.000	0	0	0	0	0	0	0	0	0	0	0	0	0
69	69	2254	513.283	365.781	357	545	849	435	29	228	419	1033	413	111	328.408	6796	337	268	251	238	226	214	201	184	158	112	322.349	802	428	401	377	350	329	306	285	243	169	111	1	56	499.022	368.500	0	0	0	3049	0	0	538	0	0	0	0	0.000	0.000	0	0	0	0	0	0	0	0	0	0	0	0	0
70	70	1188	1156.590	360.973	241	352	433	128	13	195	323	385	200	68	425.093	631	559	525	495	472	448	419	388	351	231	108	119.793	142	131	127	124	122	120	118	116	113	108	100	0	0	0.000	0.000	0	0	0	0	0	0	0	0	0	0	0	0.000	0.000	0	0	0	0	0	0	0	0	0	0	0	0	0
71	71	1253	1465.464	365.831	119	229	426	343	116	124	335	474	182	112	119.361	140	128	125	123	121	120	118	116	114	111	99	136.119	169	155	149	144	141	137	134	130	124	113	100	0	0	0.000	0.000	0	0	0	0	0	0	0	0	0	0	0	0.000	0.000	0	0	0	0	0	0	0	0	0	0	0	0	0
72	72	1818	334.542	378.878	666	611	434	78	10	542	737	382	116	15	1647.023	3156	2575	2177	1998	1869	1738	1591	1330	990	588	165	110.009	133	117	115	113	111	109	108	107	105	103	91	0	0	0.000	0.000	0	0	0	0	0	0	0	0	0	0	0	0.000	0.000	0	0	0	0	0	0	0	0	0	0	0	0	0
73	73	1233	94.383	387.593	150	280	394	302	86	171	361	401	193	76	228.193	334	297	283	270	256	240	219	199	173	134	104	176.612	247	227	217	207	196	184	169	152	132	112	101	0	0	0.000	0.000	0	0	0	0	0	0	0	0	0	0	0	0.000	0.000	0	0	0	0	0	0	0	0	0	0	0	0	0
74	74	1813	563.795	397.182	327	514	604	323	20	215	483	712	259	94	227.839	319	286	270	256	245	235	225	213	188	152	104	307.902	467	417	386	360	338	320	302	278	233	164	105	0	0	0.000	0.000	0	0	0	0	0	0	0	0	0	0	0	0.000	0.000	0	0	0	0	0	0	0	0	0	0	0	0	0
75	75	1056	142.244	396.378	243	332	312	131	23	145	348	309	201	33	109.507	127	116	114	112	111	109	108	106	105	103	97	317.824	622	524	474	434	377	323	259	187	137	114	102	0	0	0.000	0.000	0	0	0	0	0	0	0	0	0	0	0	0.000	0.000	0	0	0	0	0	0	0	0	0	0	0	0	0
76	76	529	677.850	406.883	28	104	175	141	68	56	125	183	102	51	154.159	204	178	171	164	160	156	152	147	138	127	106	115.975	128	123	121	119	117	116	115	113	112	109	100	0	0	0.000	0.000	0	0	0	0	0	0	0	0	0	0	0	0.000	0.000	0	0	0	0	0	0	0	0	0	0	0	0	0
77	77	943	295.670	413.313	108	187	288	244	99	81	273	378	164	28	117.863	135	126	124	122	120	118	116	114	112	109	102	132.558	162	150	145	142	137	133	129	125	120	115	99	0	0	0.000	0.000	0	0	0	0	0	0	0	0	0	0	0	0.000	0.000	0	0	0	0	0	0	0	0	0	0	0	0	0
78	78	1372	764.489	438.046	160	333	486	301	58	112	295	491	367	83	431.620	8548	537	277	243	221	209	198	189	177	155	106	135.437	653	146	132	128	124	121	118	115	112	110	99	1	63	775.185	441.467	0	0	0	3689	0	0	315	0	0	1	59	774.512	440.570	0	0	0	2929	0	0	381	0	0	0	0	0	0
79	79	1954	658.964	449.420	177	650	772	274	44	83	427	806	437	161	803.144	14011	1104	321	252	239	229	219	208	192	163	104	283.115	2432	313	235	227	219	213	204	191	171	140	103	1	145	655.157	435.406	0	0	0	6437	0	0	1201	0	0	1	125	654.474	434.675	0	0	0	6437	0	0	1378	0	0	0	0	0	0
80	80	1801	306.757	460.659	270	556	596	319	26	171	516	709	272	93	117.280	135	126	123	121	120	118	116	114	111	108	97	131.597	162	148	144	140	136	133	129	125	120	112	100	0	0	0.000	0.000	0	0	0	0	0	0	0	0	0	0	0	0.000	0.000	0	0	0	0	0	0	0	0	0	0	0	0	0
81	81	1390	792.663	481.470	112	327	575	327	25	98	373	666	205	28	208.418	478	250	238	226	216	209	201	189	179	162	115	120.262	154	134	128	124	121	119	116	115	113	110	101	0	0	0.000	0.000	0	0	0	0	0	0	0	0	0	0	0	0.000	0.000	0	0	0	0	0	0	0	0	0	0	0	0	0
82	82	1123	1367.493	486.100	63	298	390	302	53	83	432	353	165	68	111.692	124	117	115	114	113	112	111	110	108	107	99	142.077	177	159	155	151	146	142	139	135	130	125	105	0	0	0.000	0.000	0	0	0	0	0	0	0	0	0	0	0	0.000	0.000	0	0	0	0	0	0	0	0	0	0	0	0	0
83	83	1830	1319.917	506.284	180	537	631	398	40	131	570	738	298	68	111.034	128	117	115	113	112	111	110	109	107	106	98	147.570	204	171	164	159	154	150	144	138	132	121	97	0	0	0.000	0.000	0	0	0	0	0	0	0	0	0	0	0	0.000	0.000	0	0	0	0	0	0	0	0	0	0	0	0	0
84	84	1727	679.851	511.009	217	490	661	303	27	163	535	672	274	52	202.443	286	258	244	232	221	208	193	180	160	135	102	188.240	277	250	237	223	207	191	174	157	141	118	100	0	0	0.000	0.000	0	0	0	0	0	0	0	0	0	0	0	0.000	0.000	0	0	0	0	0	0	0	0	0	0	0	0	0
85	85	1882	846.980	516.662	267	654	581	292	42	165	710	635	263	68	112.852	128	118	117	115	114	113	112	111	109	107	100	174.874	234	201	192	186	182	177	171	166	159	146	105	0	0	0.000	0.000	0	0	0	0	0	0	0	0	0	0	0	0.000	0.000	0	0	0	0	0	0	0	0	0	0	0	0	0
86	86	1323	1510.812	516.474	252	335	386	259	71	204	442	409	195	44	348.067	526	478	440	401	368	345	327	309	281	211	119	107.168	122	113	110	109	107	107	106	105	104	103	98	0	0	0.000	0.000	0	0	0	0	0	0	0	0	0	0	0	0.000	0.000	0	0	0	0	0	0	0	0	0	0	0	0	0
87	87	1939	1039.374	526.812	162	501	660	470	109	123	702	757	251	75	109.537	122	115	113	112	111	110	109	107	106	104	95	146.359	196	173	165	158	152	145	140	134	128	121	108	0	0	0.000	0.000	0	0	0	0	0	0	0	0	0	0	0	0.000	0.000	0	0	0	0	0	0	0	0	0	0	0	0	0
88	88	776	1603.956	514.028	89	185	245	202	41	112	248	261	122	14	109.296	121	114	113	111	110	109	108	107	106	104	98	196.396	261	242	233	225	213	205	195	180	161	132	104	0	0	0.000	0.000	0	0	0	0	0	0	0	0	0	0	0	0.000	0.000	0	0	0	0	0	0	0	0	0	0	0	0	0
89	89	2470	786.910	530.698	359	529	780	595	155	337	709	913	353	107	114.294	131	121	119	117	116	115	113	112	110	107	99	180.377	261	223	213	205	195	185	173	162	148	130	100	0	0	0.000	0.000	0	0	0	0	0	0	0	0	0	0	0	0.000	0.000	0	0	0	0	0	0	0	0	0	0	0	0	0
90	90	1054	1381.325	527.993	107	246	328	278	73	119	475	270	152	19	176.292	240	215	208	199	191	183	174	160	144	124	100	138.996	176	162	157	152	148	143	137	129	119	108	101	0	0	0.000	0.000	0	0	0	0	0	0	0	0	0	0	0	0.000	0.000	0	0	0	0	0	0	0	0	0	0	0	0	0
91	91	1178	737.963	547.204	447	378	201	115	25	410	411	255	64	19	1203.180	2306	1949	1747	1548	1381	1194	1020	892	752	399	125	109.550	125	115	113	112	111	110	109	107	106	104	98	0	0	0.000	0.000	0	0	0	0	0	0	0	0	0	0	0	0.000	0.000	0	0	0	0	0	0	0	0	0	0	0	0	0
92	92	1214	927.164	550.470	184	283	465	247	13	151	215	560	206	50	233.038	330	286	273	260	247	234	224	215	200	169	119	139.914	169	157	151	148	144	141	137	133	129	122	105	0	0	0.000	0.000	0	0	0	0	0	0	0	0	0	0	0	0.000	0.000	0	0	0	0	0	0	0	0	0	0	0	0	0
93	93	1643	1593.754	559.154	184	428	590	384	31	122	453	645	280	114	110.191	126	116	114	113	112	110	109	108	106	104	97	204.784	305	268	250	235	221	206	191	177	163	139	104	0	0	0.000	0.000	0	0	0	0	0	0	0	0	0	0	0	0.000	0.000	0	0	0	0	0	0	0	0	0	0	0	0	0
94	94	1671	874.578	561.225	160	371	613	400	89	141	666	537	241	50	225.955	329	278	266	256	245	234	219	206	190	157	104	134.215	166	151	146	143	140	137	133	128	123	111	100	0	0	0.000	0.000	0	0	0	0	0	0	0	0	0	0	0	0.000	0.000	0	0	0	0	0	0	0	0	0	0	0	0	0
95	95	1759	682.070	578.103	246	424	603	400	59	184	519	671	257	87	111.233	128	117	115	114	113	111	110	109	107	105	99	193.793	283	246	229	215	203	194	187	178	165	133	102	0	0	0.000	0.000	0	0	0	0	0	0	0	0	0	0	0	0.000	0.000	0	0	0	0	0	0	0	0	0	0	0	0	0
96	96	1094	1044.047	578.888	238	331	319	172	19	171	292	285	226	92	108.475	121	114	112	110	109	108	107	106	105	103	97	140.671	182	164	158	151	146	141	136	130	125	116	104	0	0	0.000	0.000	0	0	0	0	0	0	0	0	0	0	0	0.000	0.000	0	0	0	0	0	0	0	0	0	0	0	0	0
97	97	1267	429.422	591.081	127	336	490	270	17	72	252	635	220	73	111.414	126	118	115	114	113	112	110	109	107	105	97	294.024	423	383	365	348	332	312	283	254	222	178	119	0	0	0.000	0.000	0	0	0	0	0	0	0	0	0	0	0	0.000	0.000	0	0	0	0	0	0	0	0	0	0	0	0	0
98	98	1522	631.493	604.537	158	397	651	248	39	133	366	690	240	67	120.983	143	131	128	125	124	122	119	117	114	110	99	106.616	123	112	110	108	107	106	105	105	104	102	95	0	0	0.000	0.000	0	0	0	0	0	0	0	0	0	0	0	0.000	0.000	0	0	0	0	0	0	0	0	0	0	0	0	0
99	99	1048	156.650	615.229	108	232	388	243	43	111	320	401	159	37	169.239	215	192	186	181	177	173	168	162	153	138	107	185.547	257	224	215	209	204	199	191	177	148	117	102	0	0	0.000	0.000	0	0	0	0	0	0	0	0	0	0	0	0.000	0.000	0	0	0	0	0	0	0	0	0	0	0	0	0
100	100	1889	202.668	628.098	330	568	576	320	58	320	563	598	314	68	290.567	6067	323	219	200	188	179	171	160	146	127	100	216.292	777	275	252	233	220	209	197	183	165	132	107	1	62	196.173	622.144	0	0	0	2585	0	0	510	0	0	1	38	196.625	621.600	0	0	0	3721	0	0	586	0	0	0	0	0	0
101	101	1829	461.635	634.945	328	590	591	263	26	268	632	616	237	42	112.272	127	118	117	115	114	113	111	110	108	105	98	147.477	189	170	165	160	156	152	147	141	131	114	101	0	0	0.000	0.000	0	0	0	0	0	0	0	0	0	0	0	0.000	0.000	0	0	0	0	0	0	0	0	0	0	0	0	0
102	102	1991	1874.010	644.474	618	589	444	253	59	630	739	384	161	45	110.238	132	117	115	113	112	110	109	108	106	103	95	106.765	121	112	110	109	107	106	105	104	103	102	94	0	0	0.000	0.000	0	0	0	0	0	0	0	0	0	0	0	0.000	0.000	0	0	0	0	0	0	0	0	0	0	0	0	0
103	103	1224	593.714	641.858	204	395	349	217	41	116	396	432	184	77	120.924	142	129	127	124	123	121	120	118	115	111	103	105.527	116	109	108	107	106	105	105	104	103	102	98	0	0	0.000	0.000	0	0	0	0	0	0	0	0	0	0	0	0.000	0.000	0	0	0	0	0	0	0	0	0	0	0	0	0
104	104	2060	643.654	659.135	464	491	651	366	59	456	866	475	206	18	112.887	131	120	118	116	115	113	112	110	108	105	98	193.662	285	246	230	217	207	197	189	176	156	132	102	0	0	0.000	0.000	0	0	0	0	0	0	0	0	0	0	0	0.000	0.000	0	0	0	0	0	0	0	0	0	0	0	0	0
105	105	1150	505.919	656.312	171	227	384	298	53	102	255	495	181	95	111.084	126	117	115	114	113	111	110	109	107	105	99	143.044	180	165	160	155	151	147	141	135	125	113	100	0	0	0.000	0.000	0	0	0	0	0	0	0	0	0	0	0	0.000	0.000	0	0	0	0	0	0	0	0	0	0	0	0	0
106	106	1929	1060.655	670.354	632	719	458	80	16	615	956	304	22	7	112.751	128	120	118	116	115	113	112	110	108	105	96	280.954	421	359	343	330	316	301	279	248	210	168	112	0	0	0.000	0.000	0	0	0	0	0	0	0	0	0	0	0	0.000	0.000	0	0	0	0	0	0	0	0	0	0	0	0	0
107	107	1210	232.908	688.360	125	312	400	282	68	66	349	504	214	59	108.624	119	113	112	110	109	109	108	107	106	104	98	195.912	265	239	225	214	204	196	189	181	168	153	114	0	0	0.000	0.000	0	0	0	0	0	0	0	0	0	0	0	0.000	0.000	0	0	0	0	0	0	0	0	0	0	0	0	0
108	108	2285	461.772	692.958	427	567	777	422	54	336	709	838	271	89	217.847	748	262	245	233	226	219	211	201	184	160	111	239.395	387	301	277	263	254	246	236	223	202	165	108	1	12	452.331	692.924	0	0	0	579	0	0	333	0	0	0	0	0.000	0.000	0	0	0	0	0	0	0	0	0	0	0	0	0
109	109	1375	1301.626	689.975	214	528	449	140	20	169	466	426	206	80	190.036	252	225	215	209	202	195	188	178	164	143	104	172.140	230	209	199	191	184	177	170	161	146	123	102	0	0	0.000	0.000	0	0	0	0	0	0	0	0	0	0	0	0.000	0.000	0	0	0	0	0	0	0	0	0	0	0	0	0
110	110	574	639.847	704.068	158	113	145	128	26	150	158	152	94	10	110.111	129	116	114	112	111	110	109	107	106	104	95	167.977	227	211	202	194	183	174	161	147	131	116	101	0	0	0.000	0.000	0	0	0	0	0	0	0	0	0	0	0	0.000	0.000	0	0	0	0	0	0	0	0	0	0	0	0	0
111	111	1773	1349.665	717.555	365	693	468	195	20	204	803	459	219	54	342.495	7525	362	233	217	208	199	192	182	169	155	110	200.238	1014	227	214	205	197	189	181	172	162	145	109	1	59	1360.057	727.853	0	0	0	3260	0	0	545	0	0	1	42	1359.771	728.415	0	0	0	4393	0	0	665	0	0	0	0	0	0
112	112	2563	519.994	719.959	588	738	807	347	34	454	749	893	295	122	1186.540	21636	1657	458	296	249	232	218	203	181	145	105	340.901	3055	421	302	284	269	250	231	213	191	145	104	1	200	524.279	715.664	0	0	0	10836	0	0	1336	0	0	1	156	524.088	714.791	0	0	0	13393	0	0	1681	0	0	0	0	0	0
113	113	1574	704.621	722.637	254	352	552	347	40	213	417	580	221	111	431.205	727	615	558	513	476	447	410	363	301	226	116	106.938	129	114	110	108	107	106	105	104	104	102	96	0	0	0.000	0.000	0	0	0	0	0	0	0	0	0	0	0	0.000	0.000	0	0	0	0	0	0	0	0	0	0	0	0	0
114	114	1232	847.024	722.094	104	203	465	339	97	105	300	522	202	82	365.026	518	458	434	415	395	380	355	329	295	257	134	108.687	124	113	112	111	109	108	107	107	106	104	98	0	0	0.000	0.000	0	0	0	0	0	0	0	0	0	0	0	0.000	0.000	0	0	0	0	0	0	0	0	0	0	0	0	0
115	115	1304	925.963	730.143	181	306	410	310	71	168	294	358	358	102	114.599	133	121	119	117	116	115	113	112	110	108	99	174.098	243	211	200	191	184	178	171	164	153	125	102	0	0	0.000	0.000	0	0	0	0	0	0	0	0	0	0	0	0.000	0.000	0	0	0	0	0	0	0	0	0	0	0	0	0
116	116	2021	380.274	740.981	321	515	650	438	57	261	783	603	230	94	111.398	128	118	116	114	113	112	110	109	107	104	97	147.795	192	172	165	160	155	150	146	140	129	117	101	0	0	0.000	0.000	0	0	0	0	0	0	0	0	0	0	0	0.000	0.000	0	0	0	0	0	0	0	0	0	0	0	0	0
117	117	1660	129.188	763.076	229	478	501	349	74	296	777	398	144	14	114.215	131	121	118	117	116	114	113	111	110	108	100	157.986	207	185	177	170	164	159	154	148	140	128	100	0	0	0.000	0.000	0	0	0	0	0	0	0	0	0	0	0	0.000	0.000	0	0	0	0	0	0	0	0	0	0	0	0	0
118	118	1815	886.741	765.118	392	969	372	38	17	456	1105	192	16	11	116.199	135	123	121	119	118	116	115	113	112	110	100	191.112	246	222	213	206	200	194	189	181	172	155	112	0	0	0.000	0.000	0	0	0	0	0	0	0	0	0	0	0	0.000	0.000	0	0	0	0	0	0	0	0	0	0	0	0	0
119	119	1587	279.582	764.584	335	493	361	304	61	253	540	405	270	86	111.719	129	117	115	114	113	112	111	110	108	106	99	212.497	315	282	269	255	234	214	195	174	157	138	107	0	0	0.000	0.000	0	0	0	0	0	0	0	0	0	0	0	0.000	0.000	0	0	0	0	0	0	0	0	0	0	0	0	0
120	120	1682	723.843	771.146	283	406	629	303	40	196	408	719	230	101	502.503	828	734	676	617	567	513	452	396	339	262	117	105.684	122	110	108	107	106	105	105	104	103	102	97	0	0	0.000	0.000	0	0	0	0	0	0	0	0	0	0	0	0.000	0.000	0	0	0	0	0	0	0	0	0	0	0	0	0
121	121	952	1763.528	772.451	84	308	359	159	25	49	206	437	179	64	603.704	891	796	760	728	684	643	585	524	449	347	170	104.200	115	108	106	105	105	104	103	103	102	101	96	0	0	0.000	0.000	0	0	0	0	0	0	0	0	0	0	0	0.000	0.000	0	0	0	0	0	0	0	0	0	0	0	0	0
122	122	1883	1524.292	783.325	222	333	666	479	155	200	401	860	247	124	110.105	126	116	114	113	111	110	109	107	106	104	96	144.666	201	175	166	159	153	147	141	132	119	109	99	0	0	0.000	0.000	0	0	0	0	0	0	0	0	0	0	0	0.000	0.000	0	0	0	0	0	0	0	0	0	0	0	0	0
123	123	1569	982.682	792.973	239	577	520	175	28	209	567	444	244	84	377.638	619	525	472	428	391	366	338	316	295	258	130	105.886	119	110	108	107	106	105	105	104	103	102	96	0	0	0.000	0.000	0	0	0	0	0	0	0	0	0	0	0	0.000	0.000	0	0	0	0	0	0	0	0	0	0	0	0	0
124	124	914	90.249	792.259	178	201	307	162	43	110	237	331	180	41	111.030	126	117	115	113	112	111	110	109	108	106	101	219.671	348	295	276	264	248	234	218	189	145	118	103	0	0	0.000	0.000	0	0	0	0	0	0	0	0	0	0	0	0.000	0.000	0	0	0	0	0	0	0	0	0	0	0	0	0
125	125	536	1622.337	787.458	60	110	130	132	95	91	170	161	87	12	108.703	122	115	113	112	110	109	107	106	104	102	97	125.955	163	152	146	140	132	124	117	110	106	104	99	0	0	0.000	0.000	0	0	0	0	0	0	0	0	0	0	0	0.000	0.000	0	0	0	0	0	0	0	0	0	0	0	0	0
126	126	1600	1582.226	797.427	314	396	462	363	35	243	433	559	249	91	110.744	124	117	115	114	112	111	110	108	107	104	97	137.610	186	163	154	148	143	139	134	130	120	109	100	0	0	0.000	0.000	0	0	0	0	0	0	0	0	0	0	0	0.000	0.000	0	0	0	0	0	0	0	0	0	0	0	0	0
127	127	2210	501.460	801.453	280	684	828	363	24	199	600	986	314	73	1406.852	6833	1986	1784	1674	1561	1411	1235	1076	900	701	223	140.894	512	160	152	146	141	137	132	127	122	117	103	1	17	495.625	788.268	0	0	0	5283	0	0	412	0	0	1	38	495.813	788.130	0	0	0	4116	0	0	321	0	0	0	0	0	0
128	128	1665	1723.368	805.157	138	429	620	394	53	137	595	553	267	74	634.733	1069	878	819	765	700	635	583	523	458	386	134	105.196	116	109	107	106	106	105	104	104	103	102	98	0	0	0.000	0.000	0	0	0	0	0	0	0	0	0	0	0	0.000	0.000	0	0	0	0	0	0	0	0	0	0	0	0	0
129	129	1282	1030.134	803.500	207	328	441	271	13	199	301	411	253	88	538.200	3465	651	611	584	559	537	507	471	408	314	142	115.618	218	125	120	117	116	114	112	110	109	107	97	1	14	1037.739	804.976	0	0	0	2526	0	0	180	0	0	1	22	1036.989	803.733	0	0	0	1111	0	0	175	0	0	0	0	0	0
130	130	1936	129.448	817.510	563	1028	250	27	34	769	990	107	21	12	119.206	139	127	124	123	121	119	118	116	114	111	96	157.501	212	187	177	169	163	157	152	146	139	130	106	0	0	0.000	0.000	0	0	0	0	0	0	0	0	0	0	0	0.000	0.000	0	0	0	0	0	0	0	0	0	0	0	0	0
131	131	1875	1775.842	817.826	336	665	634	185	26	315	924	476	113	16	109.332	126	115	113	112	111	109	108	107	105	103	97	141.376	192	168	160	153	148	142	135	129	123	114	102	0	0	0.000	0.000	0	0	0	0	0	0	0	0	0	0	0	0.000	0.000	0	0	0	0	0	0	0	0	0	0	0	0	0
132	132	1205	1899.368	812.396	140	344	423	223	53	146	389	500	115	30	181.365	237	211	203	195	190	184	178	172	163	145	113	147.224	182	164	160	156	152	148	145	141	135	128	107	0	0	0.000	0.000	0	0	0	0	0	0	0	0	0	0	0	0.000	0.000	0	0	0	0	0	0	0	0	0	0	0	0	0
133	133	1887	690.055	822.498	307	825	644	62	10	249	780	572	227	23	266.306	4933	289	216	201	190	183	176	169	158	144	113	215.420	651	265	241	229	219	209	201	191	177	158	118	1	48	692.462	826.572	0	0	0	2394	0	0	367	0	0	1	22	694.280	825.537	0	0	0	1972	0	0	530	0	0	0	0	0	0
134	134	1561	775.023	817.721	216	416	566	299	34	190	375	670	212	81	353.292	544	471	441	414	388	363	334	302	268	222	137	438.331	660	599	569	534	496	456	413	368	317	238	121	0	0	0.000	0.000	0	0	0	0	0	0	0	0	0	0	0	0.000	0.000	0	0	0	0	0	0	0	0	0	0	0	0	0
135	135	1850	622.066	846.325	347	503	649	273	36	289	594	634	271	31	115.292	136	124	121	119	117	116	114	112	109	106	96	105.717	118	110	108	107	106	106	105	104	103	102	96	0	0	0.000	0.000	0	0	0	0	0	0	0	0	0	0	0	0.000	0.000	0	0	0	0	0	0	0	0	0	0	0	0	0
136	136	2181	825.252	843.849	214	609	814	416	82	195	1006	658	220	53	3028.420	29060	11625	1970	766	479	380	330	294	265	217	126	743.233	5024	1974	662	481	411	374	346	315	281	219	116	1	382	827.188	840.080	0	0	0	14602	0	0	2350	0	0	1	310	827.093	839.995	0	0	0	18285	0	0	2905	0	0	0	0	0	0
137	137	1521	1731.203	853.761	303	462	527	163	24	247	495	475	226	54	110.692	129	117	115	113	112	111	109	108	106	105	98	146.258	208	174	164	158	151	145	139	133	128	120	101	0	0	0.000	0.000	0	0	0	0	0	0	0	0	0	0	0	0.000	0.000	0	0	0	0	0	0	0	0	0	0	0	0	0
138	138	1231	666.301	870.658	129	510	479	79	10	102	480	407	168	42	744.690	1125	971	918	870	830	784	737	679	603	435	149	116.001	150	130	124	119	116	114	112	110	108	106	99	0	0	0.000	0.000	0	0	0	0	0	0	0	0	0	0	0	0.000	0.000	0	0	0	0	0	0	0	0	0	0	0	0	0
139	139	1813	687.905	916.091	208	416	751	340	61	191	458	762	268	103	949.886	5446	1332	1198	1086	1000	929	867	795	645	425	135	115.953	205	126	121	119	117	115	113	111	109	106	96	1	21	697.896	909.852	0	0	0	3909	0	0	140	0	0	1	23	696.952	911.600	0	0	0	2869	0	0	168	0	0	0	0	0	0
140	140	2371	1137.803	933.775	481	837	684	308	21	478	1033	542	257	19	510.454	974	704	621	579	542	513	484	445	389	307	123	107.542	127	112	110	109	108	107	106	106	105	103	96	0	0	0.000	0.000	0	0	0	0	0	0	0	0	0	0	0	0.000	0.000	0	0	0	0	0	0	0	0	0	0	0	0	0
141	141	1464	1826.366	933.990	750	560	82	31	18	889	465	47	23	17	202.646	2427	218	201	191	183	175	168	160	150	137	107	171.525	517	201	190	182	175	169	163	157	149	136	104	1	29	1832.318	951.241	0	0	0	1115	0	0	282	0	0	1	13	1831.945	949.432	0	0	0	645	0	0	393	0	0	0	0	0	0
142	142	1188	1091.184	953.011	220	226	399	283	42	208	468	331	139	20	348.178	586	466	423	387	366	347	329	310	285	230	123	106.588	119	111	109	108	107	106	106	105	104	103	97	0	0	0.000	0.000	0	0	0	0	0	0	0	0	0	0	0	0.000	0.000	0	0	0	0	0	0	0	0	0	0	0	0	0
143	143	1644	628.593	962.281	258	492	526	274	60	341	682	455	123	12	274.440	3684	308	241	226	217	207	197	188	175	156	118	158.790	516	184	175	167	161	154	147	141	134	125	101	1	47	637.458	960.437	0	0	0	1766	0	0	268	0	0	1	29	638.207	960.969	0	0	0	2358	0	0	389	0	0	0	0	0	0
144	144	1463	680.943	961.665	169	316	438	391	129	175	682	365	176	39	1809.997	19924	3125	1331	1082	1004	946	863	767	644	444	172	207.416	2103	296	161	139	130	125	122	119	115	111	102	1	118	681.975	955.931	0	0	0	10558	0	0	801	0	0	1	97	682.161	956.568	0	0	0	12517	0	0	1037	0	0	0	0	0	0
145	145	1699	1031.015	970.363	215	390	602	413	44	221	694	504	216	35	1466.586	17070	2057	1149	1023	952	890	810	723	611	468	162	206.860	2263	256	159	145	137	131	126	122	117	111	98	1	97	1028.440	967.104	0	0	0	10167	0	0	1131	0	0	1	103	1028.920	966.672	0	0	0	9398	0	0	1125	0	0	0	0	0	0
146	146	1333	1603.424	970.501	178	289	473	326	47	142	381	439	305	50	1055.266	1571	1434	1360	1306	1228	1137	1012	869	726	562	237	153.710	206	182	173	167	160	154	148	141	134	126	109	0	0	0.000	0.000	0	0	0	0	0	0	0	0	0	0	0	0.000	0.000	0	0	0	0	0	0	0	0	0	0	0	0	0
147	147	2399	335.969	983.113	328	775	891	310	44	417	1187	651	87	12	114.043	130	121	119	117	116	114	113	112	109	106	99	192.368	277	245	233	223	210	196	181	167	153	130	104	0	0	0.000	0.000	0	0	0	0	0	0	0	0	0	0	0	0.000	0.000	0	0	0	0	0	0	0	0	0	0	0	0	0
148	148	2742	1379.445	996.754	527	935	909	277	47	449	1254	717	249	27	3709.113	34118	15602	2183	830	502	387	339	302	268	221	124	2545.437	24265	8868	1717	893	716	644	562	486	419	297	135	1	519	1378.100	999.037	0	0	0	17460	0	0	9501	0	0	1	435	1378.123	998.900	0	0	0	20769	0	0	12217	0	0	0	0	0	0
149	149	2167	1540.287	983.661	195	624	883	369	46	194	810	815	262	37	6553.146	40451	27812	8194	2844	1717	1328	1066	924	757	595	170	1430.495	11313	6057	1390	485	282	205	173	154	142	131	106	0	0	0.000	0.000	0	0	0	0	0	0	0	0	0	0	0	0.000	0.000	0	0	0	0	0	0	0	0	0	0	0	0	0
150	150	1226	1227.643	983.897	181	333	434	224	31	143	344	441	213	66	336.090	559	455	418	393	369	350	333	309	254	166	113	118.336	138	127	124	122	121	119	117	115	112	108	100	0	0	0.000	0.000	0	0	0	0	0	0	0	0	0	0	0	0.000	0.000	0	0	0	0	0	0	0	0	0	0	0	0	0
151	151	1365	585.085	996.201	222	419	493	181	19	181	521	411	167	59	247.179	364	320	302	280	266	250	234	222	202	163	116	143.431	187	167	160	154	149	144	138	134	128	119	104	0	0	0.000	0.000	0	0	0	0	0	0	0	0	0	0	0	0.000	0.000	0	0	0	0	0	0	0	0	0	0	0	0	0
152	152	2063	396.279	997.586	299	369	724	509	112	273	659	786	286	28	113.249	127	120	118	116	115	114	112	111	109	106	99	183.822	248	227	220	214	205	195	181	166	144	116	99	0	0	0.000	0.000	0	0	0	0	0	0	0	0	0	0	0	0.000	0.000	0	0	0	0	0	0	0	0	0	0	0	0	0
153	153	2438	1132.118	994.053	509	591	829	388	66	514	878	612	345	44	1382.906	19350	1633	984	912	861	813	741	620	499	364	168	570.265	9688	733	305	254	239	225	208	188	168	145	111	1	141	1130.804	990.073	0	0	0	10161	0	0	5127	0	0	1	160	1131.226	989.233	0	0	0	9018	0	0	4621	0	0	0	0	0	0
154	154	796	875.464	1005.771	356	253	115	58	10	257	346	128	30	13	132.250	170	153	148	145	140	134	128	119	113	109	98	392.784	719	636	606	578	530	446	289	185	141	122	107	0	0	0.000	0.000	0	0	0	0	0	0	0	0	0	0	0	0.000	0.000	0	0	0	0	0	0	0	0	0	0	0	0	0
155	155	1770	1042.550	1022.064	179	573	741	216	22	137	550	720	268	45	116.223	135	124	121	119	118	116	115	113	111	109	100	164.196	225	200	190	181	173	164	156	149	141	129	101	0	0	0.000	0.000	0	0	0	0	0	0	0	0	0	0	0	0.000	0.000	0	0	0	0	0	0	0	0	0	0	0	0	0
156	156	2023	1639.258	1044.391	341	1058	520	46	23	336	1240	331	64	21	113.562	131	120	118	116	115	114	112	111	109	107	99	146.692	188	166	159	155	151	149	145	141	134	124	103	0	0	0.000	0.000	0	0	0	0	0	0	0	0	0	0	0	0.000	0.000	0	0	0	0	0	0	0	0	0	0	0	0	0
157	157	1762	357.968	1050.842	233	551	565	354	22	170	493	691	270	98	110.557	123	116	114	113	112	111	109	108	107	105	95	168.470	215	197	190	184	178	171	166	159	149	133	103	0	0	0.000	0.000	0	0	0	0	0	0	0	0	0	0	0	0.000	0.000	0	0	0	0	0	0	0	0	0	0	0	0	0
158	158	2090	1235.710	1046.918	349	924	643	117	16	197	952	601	254	53	271.150	401	346	328	311	297	283	264	239	211	177	116	364.552	555	489	464	441	412	381	346	307	259	211	118	0	0	0.000	0.000	0	0	0	0	0	0	0	0	0	0	0	0.000	0.000	0	0	0	0	0	0	0	0	0	0	0	0	0
159	159	1163	1146.453	1052.851	234	426	357	103	22	316	481	275	56	16	233.146	310	276	266	256	248	239	230	219	204	179	117	335.371	464	423	407	388	372	353	330	301	268	220	124	0	0	0.000	0.000	0	0	0	0	0	0	0	0	0	0	0	0.000	0.000	0	0	0	0	0	0	0	0	0	0	0	0	0
160	160	1749	258.412	1065.206	283	567	613	239	22	158	605	594	258	102	673.605	12481	884	413	349	314	293	274	258	223	177	109	225.433	3050	283	158	138	133	129	125	121	116	111	98	1	92	252.029	1062.196	0	0	0	5748	0	0	1484	0	0	1	96	252.084	1061.916	0	0	0	5416	0	0	1422	0	0	0	0	0	0
161	161	1532	309.517	1088.690	196	511	610	156	27	152	419	623	234	72	110.393	123	116	114	113	111	110	109	108	107	105	98	134.281	168	154	148	142	138	133	129	126	122	116	99	0	0	0.000	0.000	0	0	0	0	0	0	0	0	0	0	0	0.000	0.000	0	0	0	0	0	0	0	0	0	0	0	0	0
162	162	2019	156.570	1093.943	259	494	823	370	37	234	529	820	307	95	1302.498	2118	1867	1701	1551	1419	1286	1170	1080	979	746	236	106.022	117	110	108	107	107	106	105	104	104	102	96	0	0	0.000	0.000	0	0	0	0	0	0	0	0	0	0	0	0.000	0.000	0	0	0	0	0	0	0	0	0	0	0	0	0
163	163	2831	1789.255	1106.628	757	1398	563	40	16	573	1396	649	126	21	114.132	142	124	120	117	115	113	112	110	108	106	97	1118.430	1894	1707	1597	1474	1314	1151	990	822	669	462	133	0	0	0.000	0.000	0	0	0	0	0	0	0	0	0	0	0	0.000	0.000	0	0	0	0	0	0	0	0	0	0	0	0	0
164	164	1840	1435.902	1102.728	206	765	604	204	26	137	669	656	268	79	200.190	913	223	209	202	197	192	187	181	173	159	117	158.297	231	177	171	167	163	160	156	152	146	135	108	1	29	1435.513	1113.865	0	0	0	563	0	0	193	0	0	0	0	0.000	0.000	0	0	0	0	0	0	0	0	0	0	0	0	0
165	165	1441	695.657	1102.939	181	293	532	367	34	94	231	703	252	139	186.633	249	221	212	205	198	192	184	176	163	142	105	189.002	252	225	217	209	201	194	187	179	163	139	104	0	0	0.000	0.000	0	0	0	0	0	0	0	0	0	0	0	0.000	0.000	0	0	0	0	0	0	0	0	0	0	0	0	0
166	166	930	243.775	1110.046	157	176	295	253	36	166	278	259	178	35	283.299	432	377	359	335	314	297	269	242	217	161	111	122.849	151	136	132	130	127	124	120	117	113	107	99	0	0	0.000	0.000	0	0	0	0	0	0	0	0	0	0	0	0.000	0.000	0	0	0	0	0	0	0	0	0	0	0	0	0
167	167	1048	860.433	1114.340	94	251	334	277	73	68	330	392	168	54	118.188	137	127	124	122	120	118	117	115	112	109	99	163.010	232	199	190	182	176	169	162	150	135	112	100	0	0	0.000	0.000	0	0	0	0	0	0	0	0	0	0	0	0.000	0.000	0	0	0	0	0	0	0	0	0	0	0	0	0
168	168	1628	1492.385	1126.585	122	351	668	343	103	128	568	593	219	86	968.407	1442	1297	1233	1171	1090	1022	938	833	696	550	226	142.579	178	165	159	153	148	142	138	133	127	120	104	0	0	0.000	0.000	0	0	0	0	0	0	0	0	0	0	0	0.000	0.000	0	0	0	0	0	0	0	0	0	0	0	0	0
169	169	684	293.286	1127.437	86	122	207	185	72	99	162	245	135	32	109.604	123	114	113	112	111	110	109	108	106	105	99	132.035	161	150	145	141	137	133	129	124	118	113	101	0	0	0.000	0.000	0	0	0	0	0	0	0	0	0	0	0	0.000	0.000	0	0	0	0	0	0	0	0	0	0	0	0	0
170	170	852	1830.254	1140.484	168	241	256	141	32	135	329	206	144	28	111.255	126	117	116	114	113	112	110	108	107	104	96	861.526	1500	1316	1229	1123	1027	918	815	668	462	273	140	0	0	0.000	0.000	0	0	0	0	0	0	0	0	0	0	0	0.000	0.000	0	0	0	0	0	0	0	0	0	0	0	0	0
171	171	2071	1345.118	1158.241	244	563	704	420	72	239	759	647	329	62	127.290	228	141	136	132	130	127	124	120	116	112	101	438.282	786	677	593	535	495	447	394	335	275	203	105	0	0	0.000	0.000	0	0	0	0	0	0	0	0	0	0	0	0.000	0.000	0	0	0	0	0	0	0	0	0	0	0	0	0
172	172	2692	173.768	1191.760	1453	515	353	280	56	1415	482	388	266	109	103.429	113	106	105	105	104	103	103	102	102	101	94	119.085	187	142	133	126	120	115	110	107	105	103	97	0	0	0.000	0.000	0	0	0	0	0	0	0	0	0	0	0	0.000	0.000	0	0	0	0	0	0	0	0	0	0	0	0	0
173	173	1732	1821.224	1186.183	493	827	335	44	12	383	716	451	128	25	118.720	155	134	127	123	120	117	115	112	110	106	98	295.861	506	421	382	352	326	299	272	244	208	160	113	0	0	0.000	0.000	0	0	0	0	0	0	0	0	0	0	0	0.000	0.000	0	0	0	0	0	0	0	0	0	0	0	0	0
174	174	1983	288.752	1199.830	359	871	639	79	12	210	613	729	289	105	214.460	289	260	252	242	232	222	210	195	176	156	107	229.446	315	287	277	268	255	241	223	202	181	151	106	0	0	0.000	0.000	0	0	0	0	0	0	0	0	0	0	0	0.000	0.000	0	0	0	0	0	0	0	0	0	0	0	0	0
175	175	1602	1073.197	1199.319	201	481	553	280	58	124	635	525	221	65	215.266	1082	258	232	220	211	203	196	186	174	159	124	132.419	247	147	141	138	134	131	128	125	121	116	103	1	27	1081.367	1204.294	0	0	0	672	0	0	168	0	0	0	0	0.000	0.000	0	0	0	0	0	0	0	0	0	0	0	0	0
176	176	1959	97.637	1214.733	211	479	743	416	75	186	454	738	438	106	144.953	514	167	157	150	146	142	138	134	128	117	98	181.015	250	221	207	197	190	184	177	169	156	134	104	1	25	91.113	1199.102	0	0	0	312	0	0	225	0	0	0	0	0.000	0.000	0	0	0	0	0	0	0	0	0	0	0	0	0
177	177	1434	1373.820	1236.418	162	464	529	237	19	154	649	367	205	35	1145.469	1991	1611	1474	1364	1261	1160	1056	933	830	675	201	114.582	135	124	121	118	116	114	112	110	109	107	100	0	0	0.000	0.000	0	0	0	0	0	0	0	0	0	0	0	0.000	0.000	0	0	0	0	0	0	0	0	0	0	0	0	0
178	178	1758	1121.532	1238.595	304	625	606	177	20	166	693	590	214	58	446.539	9552	460	277	261	249	237	228	217	200	179	132	161.479	1187	168	151	147	143	140	136	132	127	120	105	1	67	1129.160	1249.019	0	0	0	4021	0	0	575	0	0	1	58	1129.488	1248.414	0	0	0	4225	0	0	671	0	0	0	0	0	0
179	179	2054	319.727	1243.606	403	714	654	207	34	478	1073	349	98	17	1221.841	19880	2152	531	325	268	246	220	197	174	145	104	367.435	3418	569	317	281	252	226	202	181	159	131	104	1	184	311.644	1247.521	0	0	0	9452	0	0	1636	0	0	1	160	311.736	1246.443	0	0	0	9781	0	0	1855	0	0	0	0	0	0
180	180	1183	1735.772	1238.459	243	354	331	218	20	211	400	344	133	67	113.413	130	121	118	117	115	114	112	110	108	106	100	177.347	246	218	207	197	188	178	168	158	148	135	112	0	0	0.000	0.000	0	0	0	0	0	0	0	0	0	0	0	0.000	0.000	0	0	0	0	0	0	0	0	0	0	0	0	0
181	181	2485	171.377	1246.919	469	898	795	236	42	371	904	810	308	48	109.346	124	114	113	111	110	109	108	107	106	105	97	214.642	336	269	252	239	224	213	203	194	182	159	117	0	0	0.000	0.000	0	0	0	0	0	0	0	0	0	0	0	0.000	0.000	0	0	0	0	0	0	0	0	0	0	0	0	0
182	182	1809	268.193	1248.403	252	729	546	215	27	182	606	580	348	59	254.322	353	312	299	287	273	262	252	236	211	178	119	108.208	135	117	112	109	108	107	106	105	104	103	97	0	0	0.000	0.000	0	0	0	0	0	0	0	0	0	0	0	0.000	0.000	0	0	0	0	0	0	0	0	0	0	0	0	0
183	183	857	229.872	1263.716	118	302	253	137	26	142	394	214	83	10	258.882	338	313	302	290	280	267	252	237	219	194	120	110.959	137	123	118	113	111	109	107	106	104	103	97	0	0	0.000	0.000	0	0	0	0	0	0	0	0	0	0	0	0.000	0.000	0	0	0	0	0	0	0	0	0	0	0	0	0
184	184	1687	124.530	1277.343	132	290	621	470	149	150	726	507	240	28	204.199	2115	225	199	188	181	175	168	161	152	140	107	249.140	734	316	291	274	257	243	229	217	200	174	118	1	39	133.825	1277.982	0	0	0	1036	0	0	457	0	0	0	0	0.000	0.000	0	0	0	0	0	0	0	0	0	0	0	0	0
185	185	2171	1065.375	1282.125	323	488	783	468	76	322	907	642	246	23	3004.936	14102	3906	3625	3398	3204	3003	2764	2463	2145	1484	541	196.453	1103	220	207	200	194	187	178	168	155	130	105	1	29	1079.276	1278.064	0	0	0	11148	0	0	660	0	0	1	60	1080.329	1276.324	0	0	0	6191	0	0	651	0	0	0	0	0	0
186	186	2211	1877.259	1284.642	434	778	737	202	17	238	640	762	381	142	980.777	1658	1430	1345	1235	1128	997	879	758	635	486	201	121.626	153	137	132	128	124	120	117	115	112	108	100	0	0	0.000	0.000	0	0	0	0	0	0	0	0	0	0	0	0.000	0.000	0	0	0	0	0	0	0	0	0	0	0	0	0
187	187	1807	1520.709	1285.969	223	719	697	115	14	193	543	779	214	56	132.531	162	144	141	138	136	133	131	128	125	119	105	131.324	167	144	141	138	135	132	129	126	122	117	103	0	0	0.000	0.000	0	0	0	0	0	0	0	0	0	0	0	0.000	0.000	0	0	0	0	0	0	0	0	0	0	0	0	0
188	188	1574	1367.470	1284.481	275	565	393	259	58	329	780	299	115	25	121.445	145	130	127	126	124	122	120	118	115	112	104	344.081	517	457	429	397	373	356	337	304	262	209	120	0	0	0.000	0.000	0	0	0	0	0	0	0	0	0	0	0	0.000	0.000	0	0	0	0	0	0	0	0	0	0	0	0	0
189	189	2790	1121.585	1303.029	497	679	1059	470	45	441	674	1144	379	109	3392.238	5026	4561	4292	4062	3857	3629	3330	2971	2522	1816	284	195.209	260	234	225	216	208	200	191	180	167	146	110	0	0	0.000	0.000	0	0	0	0	0	0	0	0	0	0	0	0.000	0.000	0	0	0	0	0	0	0	0	0	0	0	0	0
190	190	1133	1721.321	1289.548	143	302	410	203	54	193	603	234	69	17	109.253	123	114	113	111	110	109	108	107	106	104	98	154.605	210	181	173	168	164	159	153	144	134	119	102	0	0	0.000	0.000	0	0	0	0	0	0	0	0	0	0	0	0.000	0.000	0	0	0	0	0	0	0	0	0	0	0	0	0
191	191	2266	740.660	1300.711	265	629	888	391	42	249	840	777	297	51	675.851	1045	942	877	814	760	700	638	575	486	368	139	153.575	204	181	173	166	160	154	149	142	134	125	103	0	0	0.000	0.000	0	0	0	0	0	0	0	0	0	0	0	0.000	0.000	0	0	0	0	0	0	0	0	0	0	0	0	0
192	192	1678	1445.962	1290.304	476	760	359	44	14	658	733	233	14	10	115.958	131	122	120	119	118	116	115	113	112	109	97	149.882	190	169	164	160	155	152	148	143	138	128	102	0	0	0.000	0.000	0	0	0	0	0	0	0	0	0	0	0	0.000	0.000	0	0	0	0	0	0	0	0	0	0	0	0	0
193	193	2449	196.873	1301.016	359	716	880	406	42	336	1012	762	267	22	108.459	123	113	111	110	109	108	107	106	105	104	95	200.735	283	245	236	226	217	204	192	181	169	147	108	0	0	0.000	0.000	0	0	0	0	0	0	0	0	0	0	0	0.000	0.000	0	0	0	0	0	0	0	0	0	0	0	0	0
194	194	1584	276.944	1304.699	204	518	542	258	31	188	568	583	192	20	374.371	499	457	441	425	407	387	362	336	311	276	181	108.386	124	115	112	110	109	108	107	106	105	104	96	0	0	0.000	0.000	0	0	0	0	0	0	0	0	0	0	0	0.000	0.000	0	0	0	0	0	0	0	0	0	0	0	0	0
195	195	1873	514.324	1312.241	321	557	627	319	25	217	549	713	264	103	111.616	131	118	116	114	113	112	110	109	107	105	99	377.084	608	525	487	450	416	383	349	312	273	221	130	0	0	0.000	0.000	0	0	0	0	0	0	0	0	0	0	0	0.000	0.000	0	0	0	0	0	0	0	0	0	0	0	0	0
196	196	959	1289.648	1308.651	270	365	266	37	8	230	328	273	95	22	114.641	127	121	119	117	116	115	113	112	110	108	102	133.407	164	148	145	141	138	133	129	126	122	117	102	0	0	0.000	0.000	0	0	0	0	0	0	0	0	0	0	0	0.000	0.000	0	0	0	0	0	0	0	0	0	0	0	0	0
197	197	1876	90.322	1317.598	335	684	577	215	29	276	745	557	215	45	108.926	123	114	112	111	110	109	108	107	106	104	99	110.301	129	118	115	113	111	109	108	107	106	104	98	0	0	0.000	0.000	0	0	0	0	0	0	0	0	0	0	0	0.000	0.000	0	0	0	0	0	0	0	0	0	0	0	0	0
198	198	1673	1563.501	1325.406	234	582	572	249	8	156	604	580	219	83	135.556	164	150	146	143	140	137	135	131	125	117	100	132.851	164	148	144	141	138	135	133	129	122	111	101	0	0	0.000	0.000	0	0	0	0	0	0	0	0	0	0	0	0.000	0.000	0	0	0	0	0	0	0	0	0	0	0	0	0
199	199	1906	1833.679	1324.792	318	601	649	262	46	212	560	706	300	78	1289.518	15247	1646	1309	1187	1080	960	816	696	593	442	135	137.698	811	153	132	127	123	119	116	114	111	108	95	1	77	1843.443	1329.323	0	0	0	8258	0	0	420	0	0	1	78	1842.239	1328.934	0	0	0	6453	0	0	425	0	0	0	0	0	0
200	200	1922	1473.158	1330.411	267	675	701	221	18	211	778	658	196	32	116.566	137	125	122	120	118	117	115	113	111	109	99	148.573	192	175	168	161	153	147	141	136	130	124	108	0	0	0.000	0.000	0	0	0	0	0	0	0	0	0	0	0	0.000	0.000	0	0	0	0	0	0	0	0	0	0	0	0	0
201	201	2247	552.252	1353.439	613	889	568	110	25	456	895	594	224	44	113.397	131	120	118	116	115	114	112	111	109	106	98	401.589	660	520	486	466	444	422	396	361	306	237	131	0	0	0.000	0.000	0	0	0	0	0	0	0	0	0	0	0	0.000	0.000	0	0	0	0	0	0	0	0	0	0	0	0	0
202	202	1639	1242.366	1358.695	441	678	415	65	14	381	794	314	98	23	113.252	132	121	119	117	115	114	112	110	108	105	97	146.129	191	170	163	158	152	148	143	137	130	118	102	0	0	0.000	0.000	0	0	0	0	0	0	0	0	0	0	0	0.000	0.000	0	0	0	0	0	0	0	0	0	0	0	0	0
203	203	2068	1521.638	1373.881	601	1237	149	19	22	744	1164	77	13	16	453.058	10877	466	251	228	216	205	195	184	172	152	108	278.125	2337	320	290	268	248	234	219	205	191	169	119	1	86	1512.413	1366.537	0	0	0	4726	0	0	1163	0	0	1	69	1512.370	1366.294	0	0	0	6022	0	0	1212	0	0	0	0	0	0
204	204	2071	285.112	1375.315	234	521	761	441	88	180	432	888	364	165	235.588	348	314	295	277	258	236	217	199	182	153	105	293.240	473	414	386	356	323	289	259	231	210	178	118	0	0	0.000	0.000	0	0	0	0	0	0	0	0	0	0	0	0.000	0.000	0	0	0	0	0	0	0	0	0	0	0	0	0
205	205	1826	226.743	1383.694	257	611	674	227	20	126	487	780	327	63	106.208	118	110	109	108	107	106	105	104	103	102	96	104.247	115	107	106	105	105	104	104	103	102	101	97	0	0	0.000	0.000	0	0	0	0	0	0	0	0	0	0	0	0.000	0.000	0	0	0	0	0	0	0	0	0	0	0	0	0
206	206	1617	1052.096	1382.489	335	536	400	290	24	213	576	482	209	103	670.142	11481	802	462	418	385	361	336	311	277	236	133	127.573	643	135	120	117	115	114	112	111	110	108	99	1	80	1052.508	1394.236	0	0	0	5399	0	0	325	0	0	1	70	1051.847	1393.716	0	0	0	5486	0	0	356	0	0	0	0	0	0
207	207	1757	871.080	1393.517	408	626	509	163	21	212	635	595	244	41	1026.694	1760	1437	1339	1264	1163	1072	968	876	761	482	134	108.364	124	113	111	110	109	108	107	106	105	104	98	0	0	0.000	0.000	0	0	0	0	0	0	0	0	0	0	0	0.000	0.000	0	0	0	0	0	0	0	0	0	0	0	0	0
208	208	1147	1099.787	1399.536	271	344	363	136	11	128	301	439	181	78	337.692	508	446	416	394	371	344	321	298	271	207	123	112.580	131	120	117	115	113	112	111	110	108	106	101	0	0	0.000	0.000	0	0	0	0	0	0	0	0	0	0	0	0.000	0.000	0	0	0	0	0	0	0	0	0	0	0	0	0
209	209	1628	1358.137	1414.691	261	660	537	108	19	311	900	313	67	3	947.869	16384	1567	472	289	233	218	211	204	195	182	115	203.660	1710	259	164	149	143	140	137	135	131	127	105	1	125	1363.003	1418.609	0	0	0	7799	0	0	792	0	0	1	110	1362.998	1418.389	0	0	0	8541	0	0	887	0	0	0	0	0	0
210	210	2002	290.887	1438.438	976	851	91	24	17	1262	649	33	15	15	122.997	147	135	131	128	125	122	120	118	115	111	101	274.437	409	357	337	312	293	277	260	244	224	179	114	0	0	0.000	0.000	0	0	0	0	0	0	0	0	0	0	0	0.000	0.000	0	0	0	0	0	0	0	0	0	0	0	0	0
211	211	2295	176.551	1439.869	445	755	728	291	38	302	890	707	286	65	110.077	124	115	114	112	111	110	109	108	107	105	97	348.380	509	446	426	407	388	367	344	315	272	211	115	0	0	0.000	0.000	0	0	0	0	0	0	0	0	0	0	0	0.000	0.000	0	0	0	0	0	0	0	0	0	0	0	0	0
212	212	1736	233.215	1443.989	208	577	658	247	10	88	566	663	325	63	107.099	121	112	110	109	108	107	106	105	104	103	97	104.034	120	107	106	105	104	104	103	103	102	101	95	0	0	0.000	0.000	0	0	0	0	0	0	0	0	0	0	0	0.000	0.000	0	0	0	0	0	0	0	0	0	0	0	0	0
213	213	2354	1831.240	1454.388	277	616	995	374	41	275	814	968	236	14	243.220	620	301	283	272	262	252	240	220	198	162	103	132.655	172	147	142	139	136	134	131	128	123	115	102	0	0	0.000	0.000	0	0	0	0	0	0	0	0	0	0	0	0.000	0.000	0	0	0	0	0	0	0	0	0	0	0	0	0
214	214	1089	470.233	1447.356	173	426	326	128	17	109	453	319	142	36	131.565	156	146	142	139	136	133	129	126	122	115	100	167.500	230	201	192	185	178	170	161	153	144	128	104	0	0	0.000	0.000	0	0	0	0	0	0	0	0	0	0	0	0.000	0.000	0	0	0	0	0	0	0	0	0	0	0	0	0
215	215	934	1395.752	1449.004	206	227	276	176	32	185	316	330	82	8	112.882	132	121	118	116	114	113	111	110	108	105	94	509.923	837	741	677	613	558	505	456	411	367	295	145	0	0	0.000	0.000	0	0	0	0	0	0	0	0	0	0	0	0.000	0.000	0	0	0	0	0	0	0	0	0	0	0	0	0
216	216	2039	125.326	1459.909	319	794	708	176	7	256	915	624	183	21	462.217	683	601	572	547	525	495	449	397	347	279	126	118.378	144	127	125	123	121	119	117	114	112	109	98	0	0	0.000	0.000	0	0	0	0	0	0	0	0	0	0	0	0.000	0.000	0	0	0	0	0	0	0	0	0	0	0	0	0
217	217	1143	1353.238	1459.298	119	411	365	196	32	135	518	294	133	40	223.122	1727	246	223	210	201	196	191	184	176	158	112	410.713	889	536	482	453	430	413	391	367	332	285	137	1	34	1367.458	1452.365	0	0	0	935	0	0	606	0	0	0	0	0.000	0.000	0	0	0	0	0	0	0	0	0	0	0	0	0
218	218	1633	1607.231	1475.402	346	654	539	60	12	187	423	633	293	73	369.120	591	513	464	434	408	375	336	302	265	225	151	105.852	120	111	108	107	106	105	105	104	103	102	97	0	0	0.000	0.000	0	0	0	0	0	0	0	0	0	0	0	0.000	0.000	0	0	0	0	0	0	0	0	0	0	0	0	0
219	219	1352	547.644	1476.357	286	603	326	92	29	149	493	456	165	54	203.605	264	241	233	227	219	212	202	188	172	154	115	124.040	148	134	131	129	127	125	123	120	116	111	101	0	0	0.000	0.000	0	0	0	0	0	0	0	0	0	0	0	0.000	0.000	0	0	0	0	0	0	0	0	0	0	0	0	0
220	220	1690	709.789	1484.482	475	431	492	220	52	438	589	380	228	22	123.498	145	133	130	128	126	124	123	120	117	112	102	190.151	265	235	222	211	203	195	186	173	155	135	106	0	0	0.000	0.000	0	0	0	0	0	0	0	0	0	0	0	0.000	0.000	0	0	0	0	0	0	0	0	0	0	0	0	0
221	221	1943	490.828	1498.559	268	690	613	321	17	196	857	569	222	62	141.569	184	164	158	154	148	142	135	129	124	117	105	191.379	285	245	231	221	209	194	176	161	150	136	105	0	0	0.000	0.000	0	0	0	0	0	0	0	0	0	0	0	0.000	0.000	0	0	0	0	0	0	0	0	0	0	0	0	0
222	222	705	211.088	1487.801	85	140	213	208	40	90	204	265	114	19	106.828	118	111	110	109	108	107	106	105	104	103	98	103.868	115	107	106	105	104	104	103	103	102	101	96	0	0	0.000	0.000	0	0	0	0	0	0	0	0	0	0	0	0.000	0.000	0	0	0	0	0	0	0	0	0	0	0	0	0
223	223	1886	1322.872	1495.394	500	723	500	116	14	422	691	537	164	33	383.186	7774	400	277	256	244	232	217	199	179	150	103	478.131	2410	615	564	530	495	461	426	391	328	247	116	1	67	1324.194	1485.615	0	0	0	3665	0	0	1309	0	0	1	39	1324.757	1484.877	0	0	0	4764	0	0	1699	0	0	0	0	0	0
224	224	1224	1385.951	1492.523	353	391	347	103	16	295	308	373	191	34	113.094	134	120	118	116	114	113	112	110	108	106	96	250.370	351	315	304	293	279	267	247	227	198	151	110	0	0	0.000	0.000	0	0	0	0	0	0	0	0	0	0	0	0.000	0.000	0	0	0	0	0	0	0	0	0	0	0	0	0
225	225	2214	98.797	1511.186	330	563	732	436	111	279	740	775	312	60	761.214	11828	855	588	521	470	436	404	359	303	253	152	136.281	806	145	127	122	119	116	114	111	109	107	98	1	110	101.724	1506.372	0	0	0	6089	0	0	431	0	0	1	106	102.023	1506.273	0	0	0	6357	0	0	436	0	0	0	0	0	0
226	226	1920	1876.442	1516.872	298	747	578	226	27	174	636	632	334	101	1767.051	2977	2453	2204	2038	1900	1800	1682	1552	1373	1018	334	112.626	134	120	117	115	114	112	111	110	108	106	100	0	0	0.000	0.000	0	0	0	0	0	0	0	0	0	0	0	0.000	0.000	0	0	0	0	0	0	0	0	0	0	0	0	0
227	227	1621	413.190	1516.188	182	517	602	245	40	145	609	560	224	58	110.736	123	117	115	113	112	111	110	108	107	105	99	105.468	129	114	108	106	105	104	103	102	102	101	97	0	0	0.000	0.000	0	0	0	0	0	0	0	0	0	0	0	0.000	0.000	0	0	0	0	0	0	0	0	0	0	0	0	0
228	228	1883	581.870	1515.641	435	555	544	248	72	412	684	512	201	45	364.150	8458	399	262	241	229	218	208	197	179	158	111	137.516	735	146	137	133	130	127	124	120	116	111	101	1	50	592.450	1520.204	0	0	0	3853	0	0	426	0	0	1	56	592.578	1520.116	0	0	0	3568	0	0	401	0	0	0	0	0	0
229	229	2017	1623.366	1531.663	397	705	708	149	22	297	806	640	210	20	385.114	682	549	492	455	419	388	350	314	276	218	122	106.019	123	111	108	107	106	105	105	104	103	102	97	0	0	0.000	0.000	0	0	0	0	0	0	0	0	0	0	0	0.000	0.000	0	0	0	0	0	0	0	0	0	0	0	0	0
230	230	1376	1670.917	1533.204	147	424	474	227	73	181	666	371	115	29	734.350	1240	1050	964	886	807	747	684	633	540	362	139	110.142	130	117	114	112	111	110	108	107	106	104	100	0	0	0.000	0.000	0	0	0	0	0	0	0	0	0	0	0	0.000	0.000	0	0	0	0	0	0	0	0	0	0	0	0	0
231	231	1378	187.629	1533.227	145	285	437	345	140	164	406	522	222	39	220.705	314	281	265	251	236	222	208	193	177	156	120	199.237	275	251	239	225	214	201	188	175	161	143	111	0	0	0.000	0.000	0	0	0	0	0	0	0	0	0	0	0	0.000	0.000	0	0	0	0	0	0	0	0	0	0	0	0	0
232	232	2011	1054.173	1558.829	309	712	752	181	20	198	672	786	267	45	282.855	5524	292	238	221	210	199	189	178	166	150	114	168.294	719	198	185	175	168	161	153	147	140	130	103	1	49	1050.352	1545.109	0	0	0	2499	0	0	305	0	0	1	42	1048.374	1543.918	0	0	0	1116	0	0	422	0	0	0	0	0	0
233	233	1540	904.102	1556.630	545	351	369	216	26	392	367	461	233	58	114.164	133	122	120	118	116	115	113	111	109	106	99	487.356	792	678	637	605	572	545	500	409	296	192	121	0	0	0.000	0.000	0	0	0	0	0	0	0	0	0	0	0	0.000	0.000	0	0	0	0	0	0	0	0	0	0	0	0	0
234	234	1744	447.406	1564.829	390	568	471	256	33	364	723	379	210	34	111.938	125	118	116	115	114	112	111	109	107	105	93	108.913	132	121	117	111	107	106	105	104	103	102	95	0	0	0.000	0.000	0	0	0	0	0	0	0	0	0	0	0	0.000	0.000	0	0	0	0	0	0	0	0	0	0	0	0	0
235	235	2961	102.591	1577.098	433	1131	862	397	88	428	1453	704	278	33	1390.433	24191	1815	664	515	469	428	384	342	305	250	111	565.908	11925	703	225	168	153	146	140	134	128	119	100	1	223	99.306	1577.160	0	0	0	11438	0	0	4126	0	0	1	189	100.048	1577.238	0	0	0	14920	0	0	5423	0	0	0	0	0	0
236	236	1255	398.901	1577.082	102	327	451	267	82	100	568	386	155	18	967.978	1599	1386	1241	1123	1021	945	883	814	740	598	245	104.897	121	109	107	106	105	105	104	103	103	102	97	0	0	0.000	0.000	0	0	0	0	0	0	0	0	0	0	0	0.000	0.000	0	0	0	0	0	0	0	0	0	0	0	0	0
237	237	1444	1799.590	1583.515	120	413	585	274	22	97	446	590	238	39	1297.932	1948	1701	1607	1499	1427	1344	1251	1143	1019	816	289	113.397	140	124	119	116	114	112	111	109	107	105	98	0	0	0.000	0.000	0	0	0	0	0	0	0	0	0	0	0	0.000	0.000	0	0	0	0	0	0	0	0	0	0	0	0	0
238	238	988	945.390	1589.303	130	339	290	156	49	169	498	206	89	13	186.540	254	216	204	198	193	187	183	176	168	155	110	147.544	184	164	159	155	152	149	145	141	136	129	114	0	0	0.000	0.000	0	0	0	0	0	0	0	0	0	0	0	0.000	0.000	0	0	0	0	0	0	0	0	0	0	0	0	0
239	239	1929	1105.161	1604.769	348	502	733	276	36	235	427	767	416	55	114.075	129	120	118	117	115	114	113	112	110	108	101	246.708	346	307	293	281	270	256	241	224	201	169	113	0	0	0.000	0.000	0	0	0	0	0	0	0	0	0	0	0	0.000	0.000	0	0	0	0	0	0	0	0	0	0	0	0	0
240	240	2304	1869.318	1620.448	353	688	769	399	52	333	1025	638	248	12	189.363	1953	205	192	183	176	171	167	162	156	144	112	279.712	417	355	338	317	295	278	264	252	234	198	119	1	36	1883.376	1620.499	0	0	0	952	0	0	353	0	0	0	0	0.000	0.000	0	0	0	0	0	0	0	0	0	0	0	0	0
241	241	1739	373.764	1622.489	308	631	490	228	56	321	707	439	202	44	960.649	1683	1476	1330	1186	1065	976	891	785	667	351	165	104.401	114	108	107	106	105	104	104	103	102	101	94	0	0	0.000	0.000	0	0	0	0	0	0	0	0	0	0	0	0.000	0.000	0	0	0	0	0	0	0	0	0	0	0	0	0
242	242	2000	84.720	1624.633	403	785	605	163	14	280	644	669	316	57	237.075	4173	263	210	195	185	178	173	167	159	145	109	172.274	691	202	187	178	170	163	158	152	145	132	103	1	46	95.347	1627.146	0	0	0	1851	0	0	371	0	0	1	44	96.360	1626.331	0	0	0	1551	0	0	454	0	0	0	0	0	0
243	243	1509	191.775	1623.129	180	475	497	266	59	120	526	506	246	76	209.996	274	248	239	229	221	213	204	194	183	167	121	131.669	160	143	140	137	135	132	130	127	123	119	103	0	0	0.000	0.000	0	0	0	0	0	0	0	0	0	0	0	0.000	0.000	0	0	0	0	0	0	0	0	0	0	0	0	0
244	244	1675	1358.759	1629.786	309	650	430	215	34	233	701	410	220	78	363.100	585	493	452	431	406	371	333	304	267	220	120	107.674	136	119	112	108	106	105	104	104	103	102	97	0	0	0.000	0.000	0	0	0	0	0	0	0	0	0	0	0	0.000	0.000	0	0	0	0	0	0	0	0	0	0	0	0	0
245	245	1412	1814.427	1629.225	272	455	435	194	28	241	581	337	188	33	175.791	231	203	195	189	184	178	173	168	158	141	111	306.608	436	391	372	356	341	323	302	273	240	194	127	0	0	0.000	0.000	0	0	0	0	0	0	0	0	0	0	0	0.000	0.000	0	0	0	0	0	0	0	0	0	0	0	0	0
246	246	1564	137.895	1635.084	430	505	417	162	18	458	574	396	88	25	111.002	133	119	115	113	112	110	109	108	106	105	99	114.839	141	127	121	118	115	113	112	110	108	105	99	0	0	0.000	0.000	0	0	0	0	0	0	0	0	0	0	0	0.000	0.000	0	0	0	0	0	0	0	0	0	0	0	0	0
247	247	1914	627.798	1656.665	340	853	566	101	23	270	715	589	257	57	563.746	11580	693	353	294	270	248	232	219	203	175	113	169.896	1250	192	159	151	145	140	136	132	127	120	105	1	85	625.616	1662.711	0	0	0	5268	0	0	632	0	0	1	81	625.579	1662.096	0	0	0	5003	0	0	636	0	0	0	0	0	0
248	248	577	1317.046	1649.443	93	194	173	93	15	64	185	164	113	41	335.409	449	417	402	383	360	343	317	299	277	244	169	107.882	122	115	111	110	108	107	106	105	104	103	99	0	0	0.000	0.000	0	0	0	0	0	0	0	0	0	0	0	0.000	0.000	0	0	0	0	0	0	0	0	0	0	0	0	0
249	249	2416	1101.478	1667.715	298	651	950	416	46	222	565	1053	430	111	110.438	123	115	114	112	111	110	109	109	107	106	100	242.474	362	311	289	272	258	245	230	215	196	176	111	0	0	0.000	0.000	0	0	0	0	0	0	0	0	0	0	0	0.000	0.000	0	0	0	0	0	0	0	0	0	0	0	0	0
250	250	1627	704.841	1672.412	261	591	559	165	20	125	535	662	204	66	212.884	298	258	244	232	224	217	211	198	182	159	115	153.827	195	178	171	165	159	154	150	144	137	129	111	0	0	0.000	0.000	0	0	0	0	0	0	0	0	0	0	0	0.000	0.000	0	0	0	0	0	0	0	0	0	0	0	0	0
251	251	1590	167.677	1676.565	138	523	599	266	22	110	417	658	294	64	505.730	10205	641	319	253	231	214	198	186	174	160	113	159.619	890	189	155	146	141	136	132	128	124	120	102	1	75	162.936	1675.310	0	0	0	4750	0	0	496	0	0	1	74	163.210	1675.380	0	0	0	4755	0	0	500	0	0	0	0	0	0
252	252	841	555.514	1674.487	63	271	241	198	47	114	324	212	134	38	192.268	266	232	221	212	204	195	186	175	161	147	114	136.881	170	154	149	145	142	138	134	129	124	119	109	0	0	0.000	0.000	0	0	0	0	0	0	0	0	0	0	0	0.000	0.000	0	0	0	0	0	0	0	0	0	0	0	0	0
253	253	1106	1717.943	1690.702	94	271	353	283	75	124	540	263	127	28	388.131	555	496	471	446	422	397	365	339	308	270	156	142.319	182	164	157	150	146	141	136	132	128	123	107	0	0	0.000	0.000	0	0	0	0	0	0	0	0	0	0	0	0.000	0.000	0	0	0	0	0	0	0	0	0	0	0	0	0
254	254	1643	593.684	1698.628	256	573	494	252	32	224	601	459	300	33	376.379	8013	405	271	243	224	208	195	184	172	158	119	156.837	859	177	160	153	147	141	136	131	125	120	107	1	60	605.657	1690.393	0	0	0	3387	0	0	427	0	0	1	58	606.039	1689.299	0	0	0	2377	0	0	471	0	0	0	0	0	0
255	255	1764	1672.505	1699.553	267	672	560	200	25	187	679	542	259	60	1072.107	16455	1545	703	532	471	429	388	356	321	265	155	239.144	2748	314	186	163	153	146	139	134	128	121	104	1	120	1675.091	1702.451	0	0	0	7995	0	0	1148	0	0	1	110	1674.946	1702.381	0	0	0	8560	0	0	1226	0	0	0	0	0	0
256	256	1939	218.070	1707.036	278	559	693	345	40	183	694	653	294	66	110.673	124	116	114	113	112	111	109	108	107	105	97	150.178	203	173	165	159	154	150	146	141	136	128	103	0	0	0.000	0.000	0	0	0	0	0	0	0	0	0	0	0	0.000	0.000	0	0	0	0	0	0	0	0	0	0	0	0	0
257	257	728	1216.575	1694.892	118	271	186	102	34	147	273	181	93	21	146.048	185	165	158	153	150	147	143	140	134	126	111	229.045	304	280	269	259	249	235	221	207	189	166	130	0	0	0.000	0.000	0	0	0	0	0	0	0	0	0	0	0	0.000	0.000	0	0	0	0	0	0	0	0	0	0	0	0	0
258	258	1362	671.156	1702.103	155	641	432	104	14	118	631	472	106	15	903.483	14528	1476	517	339	282	258	244	233	219	190	123	205.504	1239	260	189	178	171	165	160	155	148	138	113	1	102	675.492	1697.413	0	0	0	7109	0	0	626	0	0	1	91	676.051	1697.175	0	0	0	7437	0	0	660	0	0	0	0	0	0
259	259	1519	1921.993	1707.616	263	462	412	258	112	210	517	433	266	62	112.036	130	118	116	114	113	112	111	110	108	107	99	153.565	197	175	169	164	159	155	150	145	139	130	105	0	0	0.000	0.000	0	0	0	0	0	0	0	0	0	0	0	0.000	0.000	0	0	0	0	0	0	0	0	0	0	0	0	0
260	260	2331	726.757	1725.444	408	769	809	274	33	239	418	1023	471	138	274.221	384	341	327	317	306	287	264	239	215	188	136	244.652	353	314	296	281	267	250	231	211	191	169	125	0	0	0.000	0.000	0	0	0	0	0	0	0	0	0	0	0	0.000	0.000	0	0	0	0	0	0	0	0	0	0	0	0	0
261	261	1663	475.840	1725.408	522	471	453	151	35	406	618	428	150	37	115.131	131	123	120	118	117	115	114	112	110	107	98	492.133	756	656	620	598	573	533	472	417	351	261	131	0	0	0.000	0.000	0	0	0	0	0	0	0	0	0	0	0	0.000	0.000	0	0	0	0	0	0	0	0	0	0	0	0	0
262	262	2400	637.051	1734.848	1091	530	469	216	58	1073	600	514	166	15	203.087	2931	238	188	161	150	141	134	128	121	114	100	154.998	1776	178	143	133	128	125	121	118	114	110	100	1	88	639.681	1743.132	0	0	0	1262	0	0	647	0	0	1	65	639.946	1742.283	0	0	0	1352	0	0	855	0	0	0	0	0	0
263	263	1408	164.471	1724.476	208	394	436	273	76	219	414	412	252	74	111.781	128	117	115	114	113	112	111	109	108	106	100	150.488	211	174	165	159	154	149	145	141	136	129	108	0	0	0.000	0.000	0	0	0	0	0	0	0	0	0	0	0	0.000	0.000	0	0	0	0	0	0	0	0	0	0	0	0	0
264	264	1908	1734.374	1735.335	360	733	560	203	21	210	687	606	271	97	345.072	5997	364	294	278	265	252	237	217	193	171	114	265.038	780	332	308	295	283	267	246	223	204	181	128	1	58	1740.503	1720.537	0	0	0	2582	0	0	436	0	0	1	16	1741.361	1721.127	0	0	0	4792	0	0	704	0	0	0	0	0	0
265	265	661	535.895	1729.848	144	240	179	63	20	140	225	205	58	21	222.584	298	268	254	243	235	227	217	205	190	171	134	120.077	138	129	126	124	122	120	118	117	114	112	104	0	0	0.000	0.000	0	0	0	0	0	0	0	0	0	0	0	0.000	0.000	0	0	0	0	0	0	0	0	0	0	0	0	0
266	266	892	1274.768	1733.688	593	141	69	54	26	564	178	85	36	20	384.698	4836	781	283	204	180	166	153	141	130	118	105	341.416	3674	619	273	218	201	188	172	158	140	124	104	1	75	1269.886	1729.805	0	0	0	1987	0	0	1624	0	0	1	69	1269.921	1729.663	0	0	0	2256	0	0	1724	0	0	0	0	0	0
267	267	1435	784.891	1744.155	130	344	446	397	87	153	384	520	240	111	363.019	518	457	437	416	391	368	347	324	299	259	140	108.580	125	115	112	110	109	108	107	106	105	104	98	0	0	0.000	0.000	0	0	0	0	0	0	0	0	0	0	0	0.000	0.000	0	0	0	0	0	0	0	0	0	0	0	0	0
268	268	871	1334.387	1741.027	65	201	279	240	73	77	359	240	130	51	210.320	292	254	244	235	227	217	207	194	176	153	116	115.259	133	123	120	118	117	115	113	112	110	108	102	0	0	0.000	0.000	0	0	0	0	0	0	0	0	0	0	0	0.000	0.000	0	0	0	0	0	0	0	0	0	0	0	0	0
269	269	1929	579.374	1752.431	278	925	557	126	8	170	752	693	218	52	563.467	11808	645	378	350	316	286	261	241	221	194	122	156.759	1335	173	141	135	131	128	124	121	119	115	103	1	77	584.706	1759.204	0	0	0	5297	0	0	613	0	0	1	74	584.818	1759.572	0	0	0	5776	0	0	692	0	0	0	0	0	0
270	270	1220	1677.557	1744.274	180	384	394	195	42	202	568	261	141	19	201.349	269	245	234	223	212	201	192	183	170	157	114	222.001	321	284	270	256	241	227	211	193	175	153	117	0	0	0.000	0.000	0	0	0	0	0	0	0	0	0	0	0	0.000	0.000	0	0	0	0	0	0	0	0	0	0	0	0	0
271	271	1298	1924.607	1755.954	868	343	62	7	7	735	415	99	25	8	122.871	190	134	129	126	123	121	119	118	116	113	105	218.713	324	273	253	238	224	214	206	200	192	172	127	0	0	0.000	0.000	0	0	0	0	0	0	0	0	0	0	0	0.000	0.000	0	0	0	0	0	0	0	0	0	0	0	0	0
272	272	959	1842.276	1753.623	542	158	144	74	28	552	216	131	32	11	166.970	217	199	192	186	179	171	161	151	140	128	109	162.221	214	195	189	182	175	169	157	147	133	118	103	0	0	0.000	0.000	0	0	0	0	0	0	0	0	0	0	0	0.000	0.000	0	0	0	0	0	0	0	0	0	0	0	0	0
273	273	2031	437.215	1774.333	115	517	822	461	65	44	373	1012	479	94	1067.850	8615	1516	1275	1131	1015	917	830	738	649	555	246	121.776	333	131	126	122	120	117	115	113	111	109	101	1	39	445.233	1765.744	0	0	0	5435	0	0	239	0	0	1	57	444.284	1765.537	0	0	0	4063	0	0	215	0	0	0	0	0	0
274	274	935	636.862	1775.920	118	253	300	199	37	88	265	383	138	38	188.332	249	217	208	201	195	191	185	179	171	158	119	130.598	153	142	139	136	134	131	129	126	122	118	107	0	0	0.000	0.000	0	0	0	0	0	0	0	0	0	0	0	0.000	0.000	0	0	0	0	0	0	0	0	0	0	0	0	0
275	275	1469	1415.126	1783.260	221	522	429	233	38	128	620	423	214	66	113.941	130	120	118	117	116	114	113	111	109	106	99	246.966	387	332	299	275	258	244	233	221	201	165	113	0	0	0.000	0.000	0	0	0	0	0	0	0	0	0	0	0	0.000	0.000	0	0	0	0	0	0	0	0	0	0	0	0	0
276	276	1256	1198.529	1788.974	224	353	364	261	34	238	504	324	143	25	226.252	302	263	252	246	240	233	227	216	203	174	120	194.870	253	229	220	212	204	197	191	184	173	155	115	0	0	0.000	0.000	0	0	0	0	0	0	0	0	0	0	0	0.000	0.000	0	0	0	0	0	0	0	0	0	0	0	0	0
277	277	1849	1642.253	1795.454	321	689	585	188	32	147	555	595	367	147	773.349	3328	1013	939	890	843	777	715	654	583	440	183	116.068	207	125	121	118	116	114	113	111	109	107	101	0	0	0.000	0.000	0	0	0	0	0	0	0	0	0	1	25	1654.942	1791.462	0	0	0	1606	0	0	167	0	0	0	0	0	0
278	278	1617	1817.806	1796.437	401	633	457	85	12	188	511	507	307	77	112.313	128	118	116	115	113	112	111	110	109	107	99	144.469	184	166	160	155	150	145	140	134	129	121	105	0	0	0.000	0.000	0	0	0	0	0	0	0	0	0	0	0	0.000	0.000	0	0	0	0	0	0	0	0	0	0	0	0	0
279	279	1006	1238.143	1805.815	225	328	280	125	30	259	375	284	56	11	230.809	314	275	264	256	248	239	229	218	201	166	118	234.095	317	280	269	260	251	243	235	221	202	167	118	0	0	0.000	0.000	0	0	0	0	0	0	0	0	0	0	0	0.000	0.000	0	0	0	0	0	0	0	0	0	0	0	0	0
280	280	1222	1864.789	1809.127	199	288	340	260	113	150	518	334	188	11	112.435	125	118	116	114	113	112	111	110	109	108	103	138.700	181	161	156	151	146	140	134	128	120	114	101	0	0	0.000	0.000	0	0	0	0	0	0	0	0	0	0	0	0.000	0.000	0	0	0	0	0	0	0	0	0	0	0	0	0
281	281	923	1476.034	1808.510	277	298	236	84	10	193	343	222	116	25	138.628	197	156	150	146	143	140	136	131	125	117	102	199.404	295	241	229	222	214	205	195	185	168	144	105	0	0	0.000	0.000	0	0	0	0	0	0	0	0	0	0	0	0.000	0.000	0	0	0	0	0	0	0	0	0	0	0	0	0
282	282	1945	149.952	1817.415	220	638	682	343	38	167	650	697	346	41	327.470	532	442	404	378	351	323	302	283	254	213	129	103.827	117	107	106	105	104	104	103	102	102	101	94	0	0	0.000	0.000	0	0	0	0	0	0	0	0	0	0	0	0.000	0.000	0	0	0	0	0	0	0	0	0	0	0	0	0
283	283	2356	1075.451	1826.712	349	663	793	438	71	299	910	729	340	37	1995.094	25236	4897	924	421	284	246	220	198	177	156	101	527.796	5829	1078	330	237	206	190	176	164	153	140	106	1	300	1072.693	1829.483	0	0	0	12838	0	0	2495	0	0	1	256	1072.850	1829.207	0	0	0	15737	0	0	2953	0	0	0	0	0	0
284	284	1794	210.801	1818.891	398	786	506	64	13	242	670	547	260	42	360.777	553	478	444	423	400	376	352	317	269	210	124	104.703	118	109	107	106	105	104	103	103	102	101	95	0	0	0.000	0.000	0	0	0	0	0	0	0	0	0	0	0	0.000	0.000	0	0	0	0	0	0	0	0	0	0	0	0	0
285	285	919	405.490	1816.991	200	242	235	193	33	186	349	227	125	11	763.375	1171	1057	984	919	846	778	723	656	563	418	193	115.496	140	125	122	120	118	116	114	111	109	106	99	0	0	0.000	0.000	0	0	0	0	0	0	0	0	0	0	0	0.000	0.000	0	0	0	0	0	0	0	0	0	0	0	0	0
286	286	1759	1289.831	1822.044	557	867	279	16	8	292	625	583	198	24	179.758	236	213	204	196	189	183	175	167	158	139	105	195.353	276	241	227	217	207	196	187	176	165	148	112	0	0	0.000	0.000	0	0	0	0	0	0	0	0	0	0	0	0.000	0.000	0	0	0	0	0	0	0	0	0	0	0	0	0
287	287	2769	668.967	1833.673	539	711	932	438	91	481	857	960	355	64	201.596	276	249	238	229	216	205	193	180	167	149	109	222.226	321	288	273	260	240	222	205	189	174	154	115	0	0	0.000	0.000	0	0	0	0	0	0	0	0	0	0	0	0.000	0.000	0	0	0	0	0	0	0	0	0	0	0	0	0
288	288	1813	1440.509	1834.144	297	672	617	176	21	161	660	582	307	72	113.630	130	120	118	116	115	114	112	111	110	107	98	251.328	380	319	296	279	267	258	246	229	210	173	113	0	0	0.000	0.000	0	0	0	0	0	0	0	0	0	0	0	0.000	0.000	0	0	0	0	0	0	0	0	0	0	0	0	0
289	289	1718	1388.221	1836.260	296	531	584	246	29	231	601	498	262	96	188.010	265	232	219	207	198	189	181	173	162	140	105	107.686	122	112	111	109	108	107	107	106	105	103	98	0	0	0.000	0.000	0	0	0	0	0	0	0	0	0	0	0	0.000	0.000	0	0	0	0	0	0	0	0	0	0	0	0	0
290	290	1701	1570.318	1836.669	252	542	558	265	48	202	614	579	242	28	247.419	2386	281	249	235	224	215	207	198	184	164	114	126.850	309	139	132	129	127	125	122	120	117	113	101	1	36	1577.959	1834.586	0	0	0	1287	0	0	199	0	0	1	28	1578.123	1833.953	0	0	0	1307	0	0	228	0	0	0	0	0	0
291	291	1534	1681.887	1841.065	316	528	478	163	26	202	456	510	243	97	237.005	340	293	277	262	252	242	230	216	197	173	122	452.096	673	600	564	529	500	474	432	383	334	282	156	0	0	0.000	0.000	0	0	0	0	0	0	0	0	0	0	0	0.000	0.000	0	0	0	0	0	0	0	0	0	0	0	0	0
292	292	1326	732.022	1839.675	558	590	140	3	2	252	417	370	186	81	863.713	1456	1243	1121	1046	969	883	803	730	629	432	133	112.321	136	122	117	114	113	111	110	108	107	105	100	0	0	0.000	0.000	0	0	0	0	0	0	0	0	0	0	0	0.000	0.000	0	0	0	0	0	0	0	0	0	0	0	0	0
293	293	2024	1624.927	1845.336	284	855	606	193	39	265	1106	467	122	27	1027.950	18980	1499	457	316	269	244	228	218	205	183	128	165.511	1007	195	147	139	134	130	127	125	122	117	104	1	146	1630.365	1839.555	0	0	0	8452	0	0	532	0	0	1	137	1630.384	1839.074	0	0	0	9329	0	0	542	0	0	0	0	0	0
294	294	1787	782.582	1859.823	395	811	465	69	14	205	620	575	288	71	929.231	1467	1284	1205	1122	1049	973	877	781	700	521	125	111.912	152	122	116	113	111	110	108	107	106	105	94	0	0	0.000	0.000	0	0	0	0	0	0	0	0	0	1	68	784.716	1847.550	0	0	0	1066	0	0	137	0	0	0	0	0	0
295	295	1747	1125.587	1861.166	297	617	503	261	43	197	600	569	294	56	378.864	7628	431	259	228	217	212	204	196	184	165	122	191.334	1385	212	184	176	171	166	161	155	149	138	111	1	66	1135.185	1856.031	0	0	0	3382	0	0	697	0	0	1	55	1135.051	1855.796	0	0	0	3716	0	0	787	0	0	0	0	0	0
296	296	1471	1506.720	1863.878	176	348	427	404	93	150	431	450	293	123	111.892	127	118	116	115	113	112	111	109	108	106	100	152.625	195	176	170	164	158	153	149	145	138	125	106	0	0	0.000	0.000	0	0	0	0	0	0	0	0	0	0	0	0.000	0.000	0	0	0	0	0	0	0	0	0	0	0	0	0
297	297	1052	1240.124	1867.357	393	239	198	164	36	403	290	189	132	17	477.180	754	654	614	579	536	489	438	387	351	280	170	106.936	116	112	110	109	108	107	106	105	104	103	97	0	0	0.000	0.000	0	0	0	0	0	0	0	0	0	0	0	0.000	0.000	0	0	0	0	0	0	0	0	0	0	0	0	0
298	298	1354	709.114	1877.342	183	444	466	192	42	194	721	343	64	11	564.993	11243	803	348	266	243	232	221	207	190	166	113	178.380	1683	212	150	143	139	135	131	127	123	118	108	1	61	712.177	1869.929	0	0	0	5380	0	0	726	0	0	1	63	712.824	1869.789	0	0	0	5232	0	0	817	0	0	0	0	0	0
299	299	1789	974.598	1899.065	462	656	483	136	10	297	624	542	237	69	953.830	19503	1072	371	279	261	249	238	229	216	193	130	313.664	2554	344	270	257	247	238	228	216	203	178	120	1	117	962.126	1903.621	0	0	0	8944	0	0	1325	0	0	1	106	962.396	1902.655	0	0	0	8770	0	0	1421	0	0	0	0	0	0
300	300	1354	1809.814	1902.769	276	509	411	98	36	208	463	469	169	24	590.932	5112	701	631	588	561	532	511	485	446	399	256	151.795	693	163	155	150	145	141	138	135	131	125	97	0	0	0.000	0.000	0	0	0	0	0	0	0	0	0	1	48	1828.836	1905.632	0	0	0	2479	0	0	429	0	0	0	0	0	0
301	301	1247	606.054	1917.433	182	470	434	129	10	142	675	292	99	15	111.756	151	118	115	113	112	111	110	109	108	106	98	234.082	320	282	267	256	245	235	224	215	204	186	122	0	0	0.000	0.000	0	0	0	0	0	0	0	0	0	0	0	0.000	0.000	0	0	0	0	0	0	0	0	0	0	0	0	0
302	302	1074	734.182	1914.508	253	288	241	214	51	191	486	232	141	11	206.526	274	245	234	226	219	212	206	197	179	155	116	125.042	150	137	132	130	127	125	123	121	117	113	104	0	0	0.000	0.000	0	0	0	0	0	0	0	0	0	0	0	0.000	0.000	0	0	0	0	0	0	0	0	0	0	0	0	0
303	303	1124	1644.412	1921.109	142	343	360	210	48	144	500	271	166	23	540.646	834	737	682	633	587	537	495	465	424	337	149	111.816	131	119	116	114	113	112	110	109	107	105	98	0	0	0.000	0.000	0	0	0	0	0	0	0	0	0	0	0	0.000	0.000	0	0	0	0	0	0	0	0	0	0	0	0	0
304	304	718	1012.247	1940.404	115	314	193	66	8	85	244	276	77	19	376.779	547	475	443	422	407	388	368	340	305	275	150	114.170	129	121	118	117	115	114	113	111	110	108	100	0	0	0.000	0.000	0	0	0	0	0	0	0	0	0	0	0	0.000	0.000	0	0	0	0	0	0	0	0	0	0	0	0	0
305	305	1722	571.599	1961.114	402	803	427	51	13	145	719	487	253	94	115.948	136	124	121	119	117	116	114	113	111	108	101	191.600	282	239	222	208	199	190	181	172	163	149	112	0	0	0.000	0.000	0	0	0	0	0	0	0	0	0	0	0	0.000	0.000	0	0	0	0	0	0	0	0	0	0	0	0	0
306	306	1800	629.632	1960.902	191	549	630	292	90	166	729	582	209	82	113.839	137	120	118	116	115	113	112	111	110	108	99	262.900	394	332	314	299	283	268	251	231	216	191	112	0	0	0.000	0.000	0	0	0	0	0	0	0	0	0	0	0	0.000	0.000	0	0	0	0	0	0	0	0	0	0	0	0	0
307	307	2339	1133.665	1968.454	1871	321	77	43	17	1648	439	141	57	31	188.102	538	282	240	217	203	184	165	141	118	109	98	124.830	194	146	137	132	128	124	119	113	109	107	96	0	0	0.000	0.000	0	0	0	0	0	0	0	0	0	0	0	0.000	0.000	0	0	0	0	0	0	0	0	0	0	0	0	0
308	308	1776	1665.999	1965.935	342	658	525	204	10	255	733	514	207	25	118.328	136	127	124	122	120	119	117	115	113	109	99	104.586	119	108	107	106	105	104	104	103	102	101	96	0	0	0.000	0.000	0	0	0	0	0	0	0	0	0	0	0	0.000	0.000	0	0	0	0	0	0	0	0	0	0	0	0	0
309	309	2125	1796.126	1978.166	364	749	661	271	49	293	710	662	328	78	2116.915	25163	4318	1167	692	590	543	501	463	407	342	140	515.115	7568	931	286	181	158	149	144	138	130	121	103	1	241	1796.970	1981.432	0	0	0	12336	0	0	2550	0	0	1	187	1797.181	1981.086	0	0	0	16777	0	0	3561	0	0	0	0	0	0
310	310	1717	684.684	1969.103	287	653	514	193	29	255	762	465	155	36	1806.182	2943	2561	2354	2187	2040	1845	1679	1505	1285	942	283	106.624	120	111	109	108	107	106	106	105	104	102	96	0	0	0.000	0.000	0	0	0	0	0	0	0	0	0	0	0	0.000	0.000	0	0	0	0	0	0	0	0	0	0	0	0	0
311	311	1931	1931.167	1968.701	289	717	634	228	32	272	986	538	98	11	3285.973	29359	12148	2696	1194	743	588	519	461	397	314	156	618.076	6047	1916	482	246	178	156	143	133	125	117	103	0	0	0.000	0.000	0	0	0	0	0	0	0	0	0	1	287	1932.041	1967.497	0	0	0	17560	0	0	2793	0	0	0	0	0	0
312	312	931	940.138	1973.207	517	216	109	67	9	372	255	156	105	29	131.972	211	151	142	136	133	130	127	123	119	114	102	294.785	411	372	356	337	325	311	297	267	233	188	127	0	0	0.000	0.000	0	0	0	0	0	0	0	0	0	0	0	0.000	0.000	0	0	0	0	0	0	0	0	0	0	0	0	0
313	313	1450	889.724	1978.030	260	416	415	304	29	167	502	487	200	66	113.810	129	120	118	117	115	114	113	111	109	107	96	213.949	295	266	253	240	227	216	206	195	180	154	110	0	0	0.000	0.000	0	0	0	0	0	0	0	0	0	0	0	0.000	0.000	0	0	0	0	0	0	0	0	0	0	0	0	0
314	314	1541	116.641	1981.989	218	485	483	267	62	168	436	485	294	129	111.234	128	117	115	113	112	111	110	109	108	106	99	271.404	376	336	322	308	296	280	261	247	231	188	123	0	0	0.000	0.000	0	0	0	0	0	0	0	0	0	0	0	0.000	0.000	0	0	0	0	0	0	0	0	0	0	0	0	0
