 	cell	area	x	y	BFI_lev_b1	BFI_lev_b2	BFI_lev_b3	BFI_lev_b4	BFI_lev_b5	BFO_lev_b1	BFO_lev_b2	BFO_lev_b3	BFO_lev_b4	BFO_lev_b5	GFP_int_mean	GFP_int_b0	GFP_int_b1	GFP_int_b2	GFP_int_b3	GFP_int_b4	GFP_int_b5	GFP_int_b6	GFP_int_b7	GFP_int_b8	GFP_int_b9	GFP_int_b10	RFP_int_mean	RFP_int_b0	RFP_int_b1	RFP_int_b2	RFP_int_b3	RFP_int_b4	RFP_int_b5	RFP_int_b6	RFP_int_b7	RFP_int_b8	RFP_int_b9	RFP_int_b10	inGFPnfoci	f1_inGFParea	f1_inGFPx	f1_inGFPy	f2_inGFParea	f2_inGFPx	f2_inGFPy	f1_inGFP_toGFPmed	f1_inGFP_toGFPmean	f2_inGFP_toGFPmed	f2_inGFP_toGFPmean	f1_inGFP_toRFPmed	f1_inGFP_toRFPmean	f2_inGFP_toRFPmed	f2_inGFP_toRFPmean	inRFPnfoci	f1_inRFParea	f1_inRFPx	f1_inRFPy	f2_inRFParea	f2_inRFPx	f2_inRFPy	f1_inRFP_toGFPmed	f1_inRFP_toGFPmean	f2_inRFP_toGFPmed	f2_inRFP_toGFPmean	f1_inRFP_toRFPmed	f1_inRFP_toRFPmean	f2_inRFP_toRFPmed	f2_inRFP_toRFPmean
1	1	3109	1628.135	89.700	905	936	780	394	53	786	872	796	524	82	385.295	619	523	474	450	427	401	369	330	281	230	130	744.840	1242	1065	955	895	837	775	702	615	521	390	152	0	0	0.000	0.000	0	0	0	0	0	0	0	0	0	0	0	0	0	0.000	0.000	0	0	0	0	0	0	0	0	0	0	0
2	2	1884	317.363	94.641	706	493	429	178	46	618	628	444	139	25	134.737	174	148	143	140	138	135	133	130	126	120	103	370.988	566	486	453	428	405	385	364	339	291	221	127	0	0	0.000	0.000	0	0	0	0	0	0	0	0	0	0	0	0	0	0.000	0.000	0	0	0	0	0	0	0	0	0	0	0
3	3	1465	1024.566	94.224	192	501	539	184	30	99	475	588	249	22	2137.628	3149	2772	2607	2496	2385	2252	2101	1912	1669	1297	554	109.278	124	116	113	111	110	109	108	107	106	104	98	0	0	0.000	0.000	0	0	0	0	0	0	0	0	0	0	0	0	0	0.000	0.000	0	0	0	0	0	0	0	0	0	0	0
4	4	1781	1242.500	87.584	298	479	595	327	47	278	614	614	216	37	6569.401	35592	27238	12280	3700	1685	1074	823	701	598	398	164	1172.901	7098	4683	1944	619	294	196	164	148	137	122	103	0	0	0.000	0.000	0	0	0	0	0	0	0	0	0	0	0	0	0	0.000	0.000	0	0	0	0	0	0	0	0	0	0	0
5	5	2419	1148.615	103.461	426	944	686	271	42	363	1029	668	281	34	2416.545	4011	3400	3060	2834	2663	2509	2345	2107	1758	1312	301	108.874	123	114	112	111	109	109	108	107	106	105	98	0	0	0.000	0.000	0	0	0	0	0	0	0	0	0	0	0	0	0	0.000	0.000	0	0	0	0	0	0	0	0	0	0	0
6	6	1685	1088.959	104.898	314	636	539	140	31	174	597	557	275	58	2214.544	3631	3031	2853	2694	2542	2361	2220	1983	1631	925	277	109.757	127	116	114	112	110	109	108	107	106	104	97	0	0	0.000	0.000	0	0	0	0	0	0	0	0	0	0	0	0	0	0.000	0.000	0	0	0	0	0	0	0	0	0	0	0
7	7	1167	1518.426	124.237	222	419	337	150	17	111	440	369	206	19	123.307	146	133	130	128	126	124	122	119	117	113	104	160.021	210	186	179	173	167	161	156	150	143	131	104	0	0	0.000	0.000	0	0	0	0	0	0	0	0	0	0	0	0	0	0.000	0.000	0	0	0	0	0	0	0	0	0	0	0
8	8	651	120.065	122.421	347	154	98	31	12	286	227	88	34	8	125.081	161	140	136	131	127	124	121	118	115	111	105	147.705	214	187	174	163	154	144	136	129	122	115	104	0	0	0.000	0.000	0	0	0	0	0	0	0	0	0	0	0	0	0	0.000	0.000	0	0	0	0	0	0	0	0	0	0	0
9	9	1789	1047.585	142.870	443	757	421	113	18	316	771	491	159	17	2318.368	3793	3018	2748	2617	2491	2348	2197	2061	1916	1555	674	109.654	121	115	113	112	110	109	108	108	107	105	98	0	0	0.000	0.000	0	0	0	0	0	0	0	0	0	0	0	0	0	0.000	0.000	0	0	0	0	0	0	0	0	0	0	0
10	10	1819	1602.303	149.328	252	628	610	273	34	261	837	565	114	11	378.473	8180	436	246	208	194	184	176	167	157	146	112	154.723	1117	170	144	138	134	130	127	125	121	117	105	1	70	1602.560	149.084	0	0	0	3522	0	0	0	569	0	0	0	1	76	1602.575	149.035	0	0	0	3424	0	0	0	548	0	0	0
11	11	1167	1475.562	141.474	130	505	407	94	11	109	584	320	113	16	273.308	371	331	317	304	291	278	265	248	232	209	142	116.556	140	126	122	120	118	116	114	112	110	109	102	0	0	0.000	0.000	0	0	0	0	0	0	0	0	0	0	0	0	0	0.000	0.000	0	0	0	0	0	0	0	0	0	0	0
12	12	1607	1557.863	154.646	117	466	634	286	50	99	474	607	331	60	307.490	6016	257	225	215	207	202	196	189	181	168	123	149.213	847	154	146	142	138	135	131	129	126	122	108	1	57	1571.655	140.301	0	0	0	2677	0	0	0	474	0	0	0	1	54	1571.131	139.933	0	0	0	2677	0	0	0	493	0	0	0
13	13	1716	1283.781	148.897	214	619	502	289	49	189	587	548	311	53	2440.536	24135	9280	1619	639	385	292	244	219	200	182	137	325.048	2377	890	271	178	151	142	136	132	127	123	104	1	289	1285.434	149.602	0	0	0	11594	0	0	0	1081	0	0	0	1	263	1285.597	149.038	0	0	0	13106	0	0	0	1195	0	0	0
14	14	1268	996.172	149.958	209	385	401	214	35	156	406	403	232	47	197.506	271	235	227	220	213	205	195	182	167	145	113	127.282	154	142	138	134	130	127	124	121	118	113	101	0	0	0.000	0.000	0	0	0	0	0	0	0	0	0	0	0	0	0	0.000	0.000	0	0	0	0	0	0	0	0	0	0	0
15	15	1871	1223.108	158.169	488	837	424	64	17	372	938	436	79	14	327.642	499	417	389	370	351	333	316	295	266	225	140	107.088	127	113	110	108	107	106	105	104	104	103	96	0	0	0.000	0.000	0	0	0	0	0	0	0	0	0	0	0	0	0	0.000	0.000	0	0	0	0	0	0	0	0	0	0	0
16	16	1780	260.139	158.407	343	660	511	214	16	308	833	429	162	12	309.503	3445	345	285	271	261	251	236	221	202	177	127	146.445	732	156	145	141	137	134	130	126	122	117	104	1	59	250.885	161.953	0	0	0	1639	0	0	0	434	0	0	0	1	61	250.762	161.524	0	0	0	1623	0	0	0	431	0	0	0
17	17	2639	1891.285	172.955	646	1050	743	146	10	450	979	785	342	34	113.078	128	119	117	115	114	113	112	111	109	107	99	603.396	951	794	753	715	683	646	607	540	439	326	127	0	0	0.000	0.000	0	0	0	0	0	0	0	0	0	0	0	0	0	0.000	0.000	0	0	0	0	0	0	0	0	0	0	0
18	18	860	115.749	163.168	408	402	17	7	5	418	393	21	7	5	119.378	151	134	128	124	120	117	115	113	111	109	101	128.584	190	164	149	140	130	122	115	111	108	106	99	0	0	0.000	0.000	0	0	0	0	0	0	0	0	0	0	0	0	0	0.000	0.000	0	0	0	0	0	0	0	0	0	0	0
19	19	1395	1507.864	172.128	305	449	382	189	43	226	445	382	220	96	124.897	144	132	129	127	126	125	124	122	121	118	107	166.003	206	184	179	175	171	167	164	159	153	146	119	0	0	0.000	0.000	0	0	0	0	0	0	0	0	0	0	0	0	0	0.000	0.000	0	0	0	0	0	0	0	0	0	0	0
20	20	1691	1450.228	187.206	198	553	592	279	35	233	624	571	195	22	581.759	7803	690	575	516	450	398	362	329	298	255	184	158.909	1135	174	153	145	139	133	129	125	122	117	105	1	62	1449.234	194.796	0	0	0	3854	0	0	0	614	0	0	0	1	67	1449.090	194.917	0	0	0	3704	0	0	0	578	0	0	0
21	21	2154	151.727	197.457	512	973	509	91	23	497	944	565	82	27	108.220	129	113	111	110	109	108	107	106	105	104	99	110.786	155	121	116	113	110	109	107	106	105	103	97	0	0	0.000	0.000	0	0	0	0	0	0	0	0	0	0	0	0	0	0.000	0.000	0	0	0	0	0	0	0	0	0	0	0
22	22	1699	1029.328	187.457	356	617	541	142	9	224	599	602	216	23	1288.726	20062	2443	601	344	257	216	201	188	174	156	115	248.278	2548	384	177	149	139	135	130	127	122	117	104	1	154	1029.119	182.844	0	0	0	9863	0	0	0	1180	0	0	0	1	150	1028.965	182.415	0	0	0	10300	0	0	0	1195	0	0	0
23	23	1655	1124.172	188.587	305	513	515	234	57	308	695	438	168	18	131.257	160	141	138	136	134	132	130	127	124	119	103	169.666	227	198	191	184	178	172	165	158	150	136	105	0	0	0.000	0.000	0	0	0	0	0	0	0	0	0	0	0	0	0	0.000	0.000	0	0	0	0	0	0	0	0	0	0	0
24	24	1813	295.335	187.155	350	542	548	293	51	214	490	623	353	97	1955.309	23528	6084	904	391	295	256	228	204	176	144	110	503.606	5160	1432	316	191	164	153	145	137	129	118	103	1	251	290.719	184.550	0	0	0	11290	0	0	0	2333	0	0	0	1	244	290.646	184.315	0	0	0	11558	0	0	0	2385	0	0	0
25	25	1555	370.542	194.573	522	540	305	138	24	379	562	386	178	23	116.655	132	123	121	119	118	117	116	114	113	111	103	137.411	175	154	149	145	142	139	136	132	126	117	101	0	0	0.000	0.000	0	0	0	0	0	0	0	0	0	0	0	0	0	0.000	0.000	0	0	0	0	0	0	0	0	0	0	0
26	26	1693	942.980	200.706	291	661	573	121	22	178	737	528	198	14	173.797	226	200	192	186	181	176	170	164	155	145	116	144.518	186	166	159	153	150	145	141	135	130	123	104	0	0	0.000	0.000	0	0	0	0	0	0	0	0	0	0	0	0	0	0.000	0.000	0	0	0	0	0	0	0	0	0	0	0
27	27	1702	1177.924	207.874	284	547	489	320	37	153	546	515	342	117	125.533	143	133	131	129	128	126	125	123	120	117	105	160.625	197	180	176	172	168	164	160	155	146	134	104	0	0	0.000	0.000	0	0	0	0	0	0	0	0	0	0	0	0	0	0.000	0.000	0	0	0	0	0	0	0	0	0	0	0
28	28	1866	103.783	210.197	203	619	668	263	68	187	658	698	238	38	276.061	3820	285	222	210	201	191	182	173	161	145	107	153.673	602	178	162	151	146	141	137	133	127	120	103	1	78	117.394	206.420	0	0	0	1867	0	0	0	375	0	0	0	1	75	117.213	206.037	0	0	0	1895	0	0	0	380	0	0	0
29	29	687	1533.603	202.229	145	254	180	67	26	139	284	184	52	18	183.779	239	212	200	192	187	183	178	173	168	160	130	132.608	154	144	140	137	135	133	131	128	125	121	109	0	0	0.000	0.000	0	0	0	0	0	0	0	0	0	0	0	0	0	0.000	0.000	0	0	0	0	0	0	0	0	0	0	0
30	30	1492	1299.462	224.479	320	425	424	226	65	344	598	360	150	15	631.848	1025	815	773	733	689	653	625	586	521	382	133	131.535	165	147	142	139	135	132	129	126	122	114	100	0	0	0.000	0.000	0	0	0	0	0	0	0	0	0	0	0	0	0	0.000	0.000	0	0	0	0	0	0	0	0	0	0	0
31	31	1516	1570.969	218.556	294	426	477	260	34	264	525	497	186	17	502.436	833	638	582	554	531	508	489	464	426	347	171	106.875	116	111	109	108	107	107	106	105	104	103	97	0	0	0.000	0.000	0	0	0	0	0	0	0	0	0	0	0	0	0	0.000	0.000	0	0	0	0	0	0	0	0	0	0	0
32	32	2131	895.521	223.519	308	992	653	123	20	175	613	840	408	59	342.511	6444	346	253	239	228	215	205	191	176	158	113	330.935	2325	407	377	355	331	302	271	238	212	183	117	1	74	896.101	208.969	0	0	0	2879	0	0	0	1203	0	0	0	1	60	896.366	208.753	0	0	0	3651	0	0	0	1380	0	0	0
33	33	1851	991.119	222.966	704	701	338	70	8	595	712	393	106	17	428.372	9783	435	222	190	180	174	167	160	150	134	107	159.346	783	172	157	152	149	145	141	137	130	120	103	1	84	984.649	217.021	0	0	0	4215	0	0	0	453	0	0	0	1	75	984.568	217.047	0	0	0	4795	0	0	0	482	0	0	0
34	34	1488	345.023	245.096	146	465	479	294	75	69	492	526	293	76	229.278	3572	240	187	177	172	168	164	160	153	142	114	299.068	663	358	337	321	309	298	288	277	256	226	150	1	41	347.447	261.930	0	0	0	1543	0	0	0	477	0	0	0	0	0	0.000	0.000	0	0	0	0	0	0	0	0	0	0	0
35	35	1631	1424.442	239.175	229	602	456	267	44	206	693	457	222	23	632.996	1008	871	777	713	660	621	590	554	504	415	243	106.937	122	112	110	108	107	107	106	105	104	103	98	0	0	0.000	0.000	0	0	0	0	0	0	0	0	0	0	0	0	0	0.000	0.000	0	0	0	0	0	0	0	0	0	0	0
36	36	797	1191.969	252.778	128	332	241	62	17	94	258	306	109	19	127.427	152	139	134	131	129	127	125	123	121	117	107	162.159	206	187	179	173	168	163	157	151	146	138	114	0	0	0.000	0.000	0	0	0	0	0	0	0	0	0	0	0	0	0	0.000	0.000	0	0	0	0	0	0	0	0	0	0	0
37	37	1781	135.791	265.525	332	540	491	325	58	303	602	500	304	37	375.977	7051	417	241	220	209	199	191	182	172	158	123	144.118	768	155	137	133	130	127	125	122	119	115	103	1	83	141.433	273.318	0	0	0	2966	0	0	0	398	0	0	0	1	72	140.394	272.650	0	0	0	2452	0	0	0	438	0	0	0
38	38	775	1476.036	258.265	140	225	191	157	42	130	284	227	102	20	570.364	809	748	721	683	642	594	553	507	440	345	143	106.428	114	110	109	108	107	106	106	105	104	103	100	0	0	0.000	0.000	0	0	0	0	0	0	0	0	0	0	0	0	0	0.000	0.000	0	0	0	0	0	0	0	0	0	0	0
39	39	1689	299.267	271.395	242	643	530	211	34	203	815	462	154	9	538.300	12642	653	301	231	209	194	183	172	165	154	117	207.643	1033	252	218	203	191	181	172	164	157	150	121	1	82	295.685	271.459	0	0	0	5289	0	0	0	585	0	0	0	1	65	294.889	271.209	0	0	0	5925	0	0	0	645	0	0	0
40	40	2213	1574.445	272.485	452	674	721	302	15	266	603	796	386	113	1124.068	1798	1513	1419	1338	1270	1209	1136	1023	840	562	159	151.315	202	177	170	163	158	154	148	141	133	121	101	0	0	0.000	0.000	0	0	0	0	0	0	0	0	0	0	0	0	0	0.000	0.000	0	0	0	0	0	0	0	0	0	0	0
41	41	1275	851.487	268.234	313	377	331	204	38	173	331	379	288	85	166.504	231	193	185	179	173	166	161	155	147	139	109	162.591	224	183	176	172	168	165	161	156	148	137	107	0	0	0.000	0.000	0	0	0	0	0	0	0	0	0	0	0	0	0	0.000	0.000	0	0	0	0	0	0	0	0	0	0	0
42	42	796	1220.774	280.389	402	205	123	39	11	271	245	158	88	20	153.984	236	179	168	163	158	154	149	144	138	129	106	206.417	332	250	237	226	216	207	198	189	174	157	117	0	0	0.000	0.000	0	0	0	0	0	0	0	0	0	0	0	0	0	0.000	0.000	0	0	0	0	0	0	0	0	0	0	0
43	43	728	819.325	291.968	95	242	245	115	12	68	258	303	63	15	439.842	676	580	547	517	488	462	420	373	332	267	148	133.948	160	148	145	142	139	136	133	128	123	115	105	0	0	0.000	0.000	0	0	0	0	0	0	0	0	0	0	0	0	0	0.000	0.000	0	0	0	0	0	0	0	0	0	0	0
44	44	2323	1513.550	298.852	364	890	783	204	38	287	1063	713	182	26	329.278	461	405	387	371	358	345	330	310	280	225	113	137.686	179	156	150	145	141	137	134	130	126	120	101	0	0	0.000	0.000	0	0	0	0	0	0	0	0	0	0	0	0	0	0.000	0.000	0	0	0	0	0	0	0	0	0	0	0
45	45	1721	1903.765	303.545	295	576	574	224	19	137	519	656	318	57	854.360	1526	1231	1108	1019	932	844	764	688	600	495	195	151.521	204	179	170	163	157	151	145	139	134	125	104	0	0	0.000	0.000	0	0	0	0	0	0	0	0	0	0	0	0	0	0.000	0.000	0	0	0	0	0	0	0	0	0	0	0
46	46	2185	876.131	314.377	499	931	578	121	16	279	894	637	280	59	917.598	18409	1197	342	233	201	187	179	170	160	144	109	255.978	2399	318	212	191	181	174	167	161	153	141	107	1	151	869.235	318.256	0	0	0	8577	0	0	0	1166	0	0	0	1	137	869.275	318.175	0	0	0	9276	0	0	0	1221	0	0	0
47	47	1936	1841.654	318.994	494	676	562	138	26	499	695	569	107	29	112.560	127	119	117	115	114	113	111	110	108	106	99	111.112	125	117	115	113	112	111	110	109	108	106	99	0	0	0.000	0.000	0	0	0	0	0	0	0	0	0	0	0	0	0	0.000	0.000	0	0	0	0	0	0	0	0	0	0	0
48	48	1438	368.811	320.133	334	582	424	63	17	228	521	473	161	28	337.818	4078	344	309	296	282	271	260	248	226	188	128	137.827	537	149	143	139	134	130	127	124	120	114	102	1	44	366.442	304.376	0	0	0	2152	0	0	0	319	0	0	0	1	38	366.105	303.641	0	0	0	1770	0	0	0	364	0	0	0
49	49	963	1204.014	325.635	688	179	66	15	11	693	137	86	30	10	190.427	844	263	207	193	181	170	162	154	145	135	107	191.655	600	257	215	198	187	178	168	160	149	135	104	3	18	1198.242	329.062	16	1193.801	335.913	418	0	374	0	378	0	369	0	2	10	1198.420	329.200	14	1212.926	316.228	441	0	351	0	427	0	439	0
50	50	1311	101.075	333.989	203	403	432	193	52	157	419	474	181	56	121.641	142	130	128	125	124	122	120	118	116	113	99	128.905	157	143	139	135	132	129	125	122	119	115	105	0	0	0.000	0.000	0	0	0	0	0	0	0	0	0	0	0	0	0	0.000	0.000	0	0	0	0	0	0	0	0	0	0	0
51	51	1879	1088.457	349.730	353	758	581	141	9	155	576	690	354	73	628.982	1032	810	766	731	694	663	631	575	484	368	164	109.173	129	117	113	111	109	108	107	106	105	104	98	0	0	0.000	0.000	0	0	0	0	0	0	0	0	0	0	0	0	0	0.000	0.000	0	0	0	0	0	0	0	0	0	0	0
52	52	2029	1683.916	356.727	426	559	629	324	48	335	795	581	264	16	1414.398	2116	1906	1808	1751	1691	1578	1418	1208	959	631	237	146.021	193	169	164	159	155	149	143	136	128	116	101	0	0	0.000	0.000	0	0	0	0	0	0	0	0	0	0	0	0	0	0.000	0.000	0	0	0	0	0	0	0	0	0	0	0
53	53	1124	1904.369	348.227	215	425	316	127	23	222	333	339	162	42	117.737	134	124	122	121	119	118	116	115	114	112	103	133.253	164	149	144	140	136	133	130	127	124	119	102	0	0	0.000	0.000	0	0	0	0	0	0	0	0	0	0	0	0	0	0.000	0.000	0	0	0	0	0	0	0	0	0	0	0
54	54	1923	849.616	377.787	276	673	648	254	35	143	589	744	330	89	401.707	9821	308	222	212	205	198	190	181	170	156	115	183.855	1457	190	181	173	165	159	153	147	141	134	107	1	76	837.388	387.150	0	0	0	4527	0	0	0	650	0	0	0	1	67	836.795	386.486	0	0	0	4331	0	0	0	723	0	0	0
55	55	1597	1220.855	377.780	229	554	530	213	46	192	493	541	299	43	212.374	3108	234	196	184	177	170	163	155	147	138	113	145.402	424	164	153	148	144	141	137	134	130	124	107	1	35	1225.916	386.838	0	0	0	1472	0	0	0	282	0	0	0	1	33	1225.580	385.726	0	0	0	874	0	0	0	304	0	0	0
56	56	1806	1374.583	389.732	498	704	429	118	28	317	666	538	186	62	118.978	143	126	124	122	121	119	118	116	114	112	96	445.411	650	566	538	518	495	472	442	400	342	278	142	0	0	0.000	0.000	0	0	0	0	0	0	0	0	0	0	0	0	0	0.000	0.000	0	0	0	0	0	0	0	0	0	0	0
57	57	1444	904.210	391.038	308	439	457	199	17	140	377	453	322	131	185.168	885	216	200	192	185	180	175	169	161	145	118	152.785	220	177	169	163	159	155	150	145	138	122	101	1	19	906.669	396.560	0	0	0	504	0	0	0	188	0	0	0	0	0	0.000	0.000	0	0	0	0	0	0	0	0	0	0	0
58	58	2370	1928.275	407.051	371	790	724	379	63	322	848	749	351	53	1797.648	2858	2481	2287	2083	1934	1827	1737	1642	1449	977	334	147.250	187	168	163	159	154	149	144	139	132	122	102	0	0	0.000	0.000	0	0	0	0	0	0	0	0	0	0	0	0	0	0.000	0.000	0	0	0	0	0	0	0	0	0	0	0
59	59	2509	983.442	408.357	1175	590	415	209	99	1097	635	418	252	74	179.701	773	218	198	185	171	156	144	132	123	116	101	111.178	147	119	116	114	112	110	109	107	106	104	96	0	0	0.000	0.000	0	0	0	0	0	0	0	0	0	0	0	0	0	0.000	0.000	0	0	0	0	0	0	0	0	0	0	0
60	60	1302	1075.551	403.410	221	508	394	139	15	174	624	307	152	24	609.308	898	802	758	707	677	651	615	547	459	354	172	107.951	124	114	111	109	108	107	106	105	105	103	98	0	0	0.000	0.000	0	0	0	0	0	0	0	0	0	0	0	0	0	0.000	0.000	0	0	0	0	0	0	0	0	0	0	0
61	61	1336	100.018	421.444	728	298	199	83	12	637	337	251	79	15	201.275	2229	244	165	153	147	142	136	130	124	117	103	292.910	2041	351	300	287	272	257	236	204	177	153	120	1	63	104.158	429.888	0	0	0	1070	0	0	0	1097	0	0	0	1	57	104.506	429.765	0	0	0	1117	0	0	0	1200	0	0	0
62	62	1679	1114.717	429.122	300	615	524	151	45	205	695	508	199	42	425.899	7349	360	298	276	259	247	237	225	209	192	117	167.326	1122	173	159	152	147	143	139	135	131	125	104	1	74	1119.750	443.422	0	0	0	3493	0	0	0	554	0	0	0	1	71	1120.087	442.926	0	0	0	3493	0	0	0	573	0	0	0
63	63	1022	1240.642	420.284	112	380	297	165	45	158	422	286	104	29	153.137	189	172	166	162	158	154	150	146	140	133	107	134.895	161	149	145	142	138	135	132	128	125	120	105	0	0	0.000	0.000	0	0	0	0	0	0	0	0	0	0	0	0	0	0.000	0.000	0	0	0	0	0	0	0	0	0	0	0
64	64	598	868.575	418.747	115	241	150	53	22	99	210	171	91	13	158.567	194	178	173	169	164	160	157	152	146	137	110	141.363	169	156	154	151	148	143	140	136	130	120	106	0	0	0.000	0.000	0	0	0	0	0	0	0	0	0	0	0	0	0	0.000	0.000	0	0	0	0	0	0	0	0	0	0	0
65	65	2002	1278.770	463.080	459	677	574	221	29	292	704	624	303	50	111.309	123	116	115	114	112	111	110	109	108	106	100	176.690	234	206	198	191	185	180	173	165	155	142	112	0	0	0.000	0.000	0	0	0	0	0	0	0	0	0	0	0	0	0	0.000	0.000	0	0	0	0	0	0	0	0	0	0	0
66	66	1081	829.292	454.141	267	392	330	64	11	124	339	329	199	65	117.263	144	126	123	121	119	117	115	114	112	109	102	233.014	338	294	281	268	254	240	225	209	185	158	109	0	0	0.000	0.000	0	0	0	0	0	0	0	0	0	0	0	0	0	0.000	0.000	0	0	0	0	0	0	0	0	0	0	0
67	67	689	1334.969	451.442	104	272	213	73	11	67	214	213	147	30	119.158	135	126	124	122	121	119	118	116	115	112	102	138.974	163	153	148	145	142	139	136	134	131	126	114	0	0	0.000	0.000	0	0	0	0	0	0	0	0	0	0	0	0	0	0.000	0.000	0	0	0	0	0	0	0	0	0	0	0
68	68	1011	1365.572	475.159	74	365	335	173	34	49	427	320	146	51	114.667	131	120	118	117	116	115	114	113	111	109	100	108.864	122	114	112	111	110	109	108	107	106	105	99	0	0	0.000	0.000	0	0	0	0	0	0	0	0	0	0	0	0	0	0.000	0.000	0	0	0	0	0	0	0	0	0	0	0
69	69	1765	1321.523	499.128	248	710	575	181	18	242	693	510	238	42	122.985	144	132	130	127	125	123	121	119	117	113	104	146.042	187	165	160	155	151	146	142	138	133	126	103	0	0	0.000	0.000	0	0	0	0	0	0	0	0	0	0	0	0	0	0.000	0.000	0	0	0	0	0	0	0	0	0	0	0
70	70	993	978.517	491.884	181	385	270	123	19	122	429	232	131	54	232.907	321	280	267	259	249	241	231	216	197	170	122	130.047	156	142	139	136	134	131	128	125	121	116	103	0	0	0.000	0.000	0	0	0	0	0	0	0	0	0	0	0	0	0	0.000	0.000	0	0	0	0	0	0	0	0	0	0	0
71	71	1528	1890.679	509.285	270	643	481	89	11	219	589	560	111	21	172.851	2185	184	157	150	146	142	139	136	132	126	106	165.734	287	196	184	175	169	164	159	154	148	137	102	1	34	1895.964	513.443	0	0	0	1032	0	0	0	217	0	0	0	0	0	0.000	0.000	0	0	0	0	0	0	0	0	0	0	0
72	72	903	1257.665	511.385	185	258	258	152	36	184	262	248	162	37	110.914	122	116	114	113	112	111	110	109	108	106	99	157.958	195	181	176	170	165	159	153	147	142	134	110	0	0	0.000	0.000	0	0	0	0	0	0	0	0	0	0	0	0	0	0.000	0.000	0	0	0	0	0	0	0	0	0	0	0
73	73	1822	1366.741	526.953	271	779	467	224	45	205	831	426	269	62	115.519	146	122	120	118	117	116	114	113	111	109	102	108.819	119	113	112	111	110	109	108	107	106	105	97	0	0	0.000	0.000	0	0	0	0	0	0	0	0	0	0	0	0	0	0.000	0.000	0	0	0	0	0	0	0	0	0	0	0
74	74	1964	996.509	534.075	317	742	627	229	26	291	887	577	163	12	236.256	342	299	278	261	249	238	227	215	200	171	116	127.960	151	141	138	134	131	129	126	122	119	113	102	0	0	0.000	0.000	0	0	0	0	0	0	0	0	0	0	0	0	0	0.000	0.000	0	0	0	0	0	0	0	0	0	0	0
75	75	1339	1745.664	539.273	196	575	440	88	12	129	569	491	105	15	207.898	275	246	237	228	220	210	200	192	183	166	116	130.727	154	142	139	136	134	132	129	127	123	118	104	0	0	0.000	0.000	0	0	0	0	0	0	0	0	0	0	0	0	0	0.000	0.000	0	0	0	0	0	0	0	0	0	0	0
76	76	1112	1288.263	540.186	148	437	337	144	21	89	477	287	175	64	289.877	394	351	329	315	305	294	282	271	253	224	144	109.833	127	115	113	111	110	109	109	107	106	105	98	0	0	0.000	0.000	0	0	0	0	0	0	0	0	0	0	0	0	0	0.000	0.000	0	0	0	0	0	0	0	0	0	0	0
77	77	927	1205.230	555.019	307	282	225	73	20	213	215	329	117	32	584.663	811	732	704	680	657	627	594	542	467	359	158	129.314	158	143	138	135	132	130	127	124	120	115	103	0	0	0.000	0.000	0	0	0	0	0	0	0	0	0	0	0	0	0	0.000	0.000	0	0	0	0	0	0	0	0	0	0	0
78	78	1520	1465.399	563.245	882	525	42	24	17	1133	304	25	17	12	112.542	131	118	116	114	113	112	111	110	109	107	100	125.906	153	138	134	131	129	126	124	121	118	114	103	0	0	0.000	0.000	0	0	0	0	0	0	0	0	0	0	0	0	0	0.000	0.000	0	0	0	0	0	0	0	0	0	0	0
79	79	1604	1328.761	565.588	380	672	433	81	14	224	625	466	202	58	282.300	417	343	317	305	296	287	277	266	247	210	140	109.988	128	118	114	112	111	109	108	107	106	104	98	0	0	0.000	0.000	0	0	0	0	0	0	0	0	0	0	0	0	0	0.000	0.000	0	0	0	0	0	0	0	0	0	0	0
80	80	2327	645.232	588.276	467	659	737	357	69	343	634	844	372	98	203.114	719	228	221	214	209	203	198	190	178	160	119	215.378	327	263	248	236	226	218	209	199	184	163	110	1	13	638.191	605.170	0	0	0	595	0	0	0	301	0	0	0	0	0	0.000	0.000	0	0	0	0	0	0	0	0	0	0	0
81	81	1256	1851.062	585.044	463	480	178	97	17	336	537	222	110	27	200.601	1533	230	193	184	177	172	166	161	152	139	114	139.725	310	158	152	147	142	136	133	129	124	119	108	1	42	1853.059	593.025	0	0	0	791	0	0	0	209	0	0	0	1	19	1852.034	593.313	0	0	0	910	0	0	0	251	0	0	0
82	82	1104	701.614	594.742	156	364	328	207	30	80	312	425	186	78	126.232	144	134	132	130	128	126	125	123	121	118	109	108.496	122	113	111	110	109	108	108	107	106	105	100	0	0	0.000	0.000	0	0	0	0	0	0	0	0	0	0	0	0	0	0.000	0.000	0	0	0	0	0	0	0	0	0	0	0
83	83	892	796.851	609.227	177	296	305	87	12	113	255	275	190	39	203.987	863	228	219	212	207	201	194	187	177	155	113	121.714	161	131	128	125	124	122	120	118	116	112	102	1	12	796.845	620.055	0	0	0	624	0	0	0	148	0	0	0	0	0	0.000	0.000	0	0	0	0	0	0	0	0	0	0	0
84	84	1752	1821.186	634.973	978	467	156	81	48	1063	393	145	96	27	477.533	10280	559	268	226	215	207	199	189	180	167	111	290.701	2119	346	282	266	254	244	235	222	209	179	108	1	77	1812.776	646.526	0	0	0	4603	0	0	0	1028	0	0	0	1	70	1813.238	645.377	0	0	0	3295	0	0	0	1204	0	0	0
85	85	1479	920.693	637.115	190	442	490	286	39	138	436	540	240	95	839.764	1202	1073	1031	982	929	873	816	758	674	532	223	194.303	252	226	219	212	205	199	191	181	170	155	121	0	0	0.000	0.000	0	0	0	0	0	0	0	0	0	0	0	0	0	0.000	0.000	0	0	0	0	0	0	0	0	0	0	0
86	86	1188	699.762	637.900	494	513	126	17	8	233	428	302	157	41	118.808	135	125	123	121	120	119	118	116	115	112	103	162.400	208	186	180	174	169	164	158	153	147	136	105	0	0	0.000	0.000	0	0	0	0	0	0	0	0	0	0	0	0	0	0.000	0.000	0	0	0	0	0	0	0	0	0	0	0
87	87	1937	966.911	656.630	383	735	558	203	30	314	750	563	240	38	1868.339	21396	3109	1308	1123	974	851	761	658	524	395	205	565.625	7884	943	330	250	222	200	184	168	152	135	107	1	176	965.026	656.689	0	0	0	10626	0	0	0	3482	0	0	0	1	161	964.885	656.379	0	0	0	11961	0	0	0	3899	0	0	0
88	88	1660	1432.936	667.472	393	652	447	115	14	294	678	452	174	25	110.807	123	116	114	113	112	111	110	109	108	106	101	180.808	254	224	210	201	192	182	171	160	152	139	106	0	0	0.000	0.000	0	0	0	0	0	0	0	0	0	0	0	0	0	0.000	0.000	0	0	0	0	0	0	0	0	0	0	0
89	89	699	792.203	655.216	91	254	216	87	34	110	306	192	70	11	131.857	149	140	138	136	134	133	131	129	126	122	104	189.808	233	214	207	202	195	191	187	182	175	162	121	0	0	0.000	0.000	0	0	0	0	0	0	0	0	0	0	0	0	0	0.000	0.000	0	0	0	0	0	0	0	0	0	0	0
90	90	2012	1114.001	666.827	420	684	666	158	48	410	1001	456	102	13	423.922	11369	403	207	182	174	169	164	157	148	131	102	154.252	1225	159	146	141	137	132	128	122	116	109	100	1	76	1114.367	676.624	0	0	0	5029	0	0	0	636	0	0	0	1	72	1114.310	676.652	0	0	0	5528	0	0	0	651	0	0	0
91	91	2590	743.038	669.523	710	996	614	164	54	717	978	622	203	29	665.580	991	878	828	779	738	695	651	610	548	368	134	110.727	129	117	114	113	111	110	109	108	107	105	100	0	0	0.000	0.000	0	0	0	0	0	0	0	0	0	0	0	0	0	0.000	0.000	0	0	0	0	0	0	0	0	0	0	0
92	92	995	884.865	664.548	208	302	373	88	9	182	336	342	100	16	283.716	379	335	321	311	299	286	274	260	248	232	131	136.422	163	149	145	142	139	137	134	131	129	124	109	0	0	0.000	0.000	0	0	0	0	0	0	0	0	0	0	0	0	0	0.000	0.000	0	0	0	0	0	0	0	0	0	0	0
93	93	1840	1503.136	696.380	257	511	654	327	54	223	606	658	290	25	943.067	4519	1332	1181	1084	1007	927	859	771	651	439	139	151.567	583	176	165	159	153	148	142	136	130	121	103	1	15	1506.924	707.062	0	0	0	3483	0	0	0	437	0	0	0	1	31	1506.617	707.062	0	0	0	2758	0	0	0	357	0	0	0
94	94	1745	1353.363	694.919	219	699	604	167	21	192	636	610	242	35	123.825	146	134	131	128	126	124	122	120	117	113	101	150.116	193	173	166	159	154	151	146	142	135	126	102	0	0	0.000	0.000	0	0	0	0	0	0	0	0	0	0	0	0	0	0.000	0.000	0	0	0	0	0	0	0	0	0	0	0
95	95	676	581.070	686.963	140	238	214	57	12	116	207	206	112	18	292.567	390	346	333	323	312	301	288	271	250	230	169	109.756	123	115	112	111	110	109	109	108	107	106	100	0	0	0.000	0.000	0	0	0	0	0	0	0	0	0	0	0	0	0	0.000	0.000	0	0	0	0	0	0	0	0	0	0	0
96	96	2290	807.231	702.522	328	788	852	243	36	223	831	807	357	31	184.102	3881	179	149	143	139	136	134	131	127	120	103	201.467	534	249	233	220	209	199	189	179	168	148	108	1	49	797.238	715.102	0	0	0	1546	0	0	0	357	0	0	0	1	14	797.178	715.240	0	0	0	3161	0	0	0	462	0	0	0
97	97	1827	1250.199	704.541	325	611	575	242	47	201	568	615	319	88	286.525	419	368	349	330	308	290	272	252	225	196	125	128.726	158	141	136	133	131	129	127	124	121	116	103	0	0	0.000	0.000	0	0	0	0	0	0	0	0	0	0	0	0	0	0.000	0.000	0	0	0	0	0	0	0	0	0	0	0
98	98	1286	1303.709	696.945	283	450	373	131	31	239	473	374	169	14	119.344	141	129	125	123	121	119	118	116	113	110	102	142.790	189	163	157	151	147	143	140	135	129	121	106	0	0	0.000	0.000	0	0	0	0	0	0	0	0	0	0	0	0	0	0.000	0.000	0	0	0	0	0	0	0	0	0	0	0
99	99	871	868.413	700.195	356	308	138	39	17	331	288	170	40	33	179.619	227	206	199	194	189	181	176	170	162	149	111	123.907	156	133	130	128	126	124	122	120	117	114	102	0	0	0.000	0.000	0	0	0	0	0	0	0	0	0	0	0	0	0	0.000	0.000	0	0	0	0	0	0	0	0	0	0	0
100	100	1773	1192.268	714.021	236	575	593	292	37	164	720	538	268	55	1608.587	10346	2076	1907	1787	1671	1547	1371	1123	900	715	159	184.895	1028	212	198	190	183	173	160	145	133	121	101	1	44	1197.345	724.174	0	0	0	7182	0	0	0	678	0	0	0	1	57	1198.351	723.703	0	0	0	6646	0	0	0	632	0	0	0
101	101	1506	340.077	713.865	430	663	301	64	22	431	680	296	47	20	449.932	9181	559	248	207	187	175	165	157	152	141	116	196.469	1041	236	202	189	178	169	162	156	149	137	107	1	81	337.760	718.208	0	0	0	4003	0	0	0	542	0	0	0	1	70	337.981	717.093	0	0	0	3246	0	0	0	624	0	0	0
102	102	1454	1403.021	710.576	215	392	458	310	43	138	413	546	264	65	112.334	127	118	116	114	113	112	111	110	109	107	100	199.257	278	238	229	220	213	204	194	184	172	151	109	0	0	0.000	0.000	0	0	0	0	0	0	0	0	0	0	0	0	0	0.000	0.000	0	0	0	0	0	0	0	0	0	0	0
103	103	1560	760.278	723.271	448	600	409	67	9	286	516	438	231	61	626.529	1009	843	782	743	699	655	604	556	483	344	133	109.702	130	115	113	111	110	109	108	107	106	105	98	0	0	0.000	0.000	0	0	0	0	0	0	0	0	0	0	0	0	0	0.000	0.000	0	0	0	0	0	0	0	0	0	0	0
104	104	1880	1465.787	736.685	418	746	549	110	22	232	521	659	344	87	931.714	1616	1386	1249	1150	1059	984	855	728	598	433	186	148.525	196	176	169	161	155	149	143	136	129	119	102	0	0	0.000	0.000	0	0	0	0	0	0	0	0	0	0	0	0	0	0.000	0.000	0	0	0	0	0	0	0	0	0	0	0
105	105	1869	1929.762	736.275	649	499	459	188	43	664	646	401	112	16	120.467	139	128	125	124	122	121	119	118	116	113	102	158.163	214	186	179	171	164	158	151	146	139	129	110	0	0	0.000	0.000	0	0	0	0	0	0	0	0	0	0	0	0	0	0.000	0.000	0	0	0	0	0	0	0	0	0	0	0
106	106	683	1350.098	742.777	98	254	201	83	30	33	249	224	135	31	227.956	310	265	250	244	235	230	223	214	205	188	148	111.126	123	116	114	113	112	111	110	109	108	106	101	0	0	0.000	0.000	0	0	0	0	0	0	0	0	0	0	0	0	0	0.000	0.000	0	0	0	0	0	0	0	0	0	0	0
107	107	647	88.624	743.841	98	241	198	71	29	121	278	163	60	14	281.708	366	335	323	311	302	293	279	264	239	215	148	133.586	154	144	141	139	137	134	132	129	126	122	111	0	0	0.000	0.000	0	0	0	0	0	0	0	0	0	0	0	0	0	0.000	0.000	0	0	0	0	0	0	0	0	0	0	0
108	108	1422	1154.194	750.367	230	319	532	255	53	209	378	466	274	66	1428.277	2445	2005	1871	1765	1651	1538	1401	1213	1007	600	152	164.192	222	196	188	182	175	169	161	150	141	122	102	0	0	0.000	0.000	0	0	0	0	0	0	0	0	0	0	0	0	0	0.000	0.000	0	0	0	0	0	0	0	0	0	0	0
109	109	924	1221.653	747.091	129	263	281	187	46	107	289	283	198	30	276.115	418	361	337	317	301	284	264	242	215	175	125	129.427	157	145	141	138	134	131	127	123	118	112	102	0	0	0.000	0.000	0	0	0	0	0	0	0	0	0	0	0	0	0	0.000	0.000	0	0	0	0	0	0	0	0	0	0	0
110	110	1274	392.679	756.238	596	569	63	13	9	349	579	240	49	25	132.664	247	157	135	130	127	125	123	122	120	117	108	354.684	596	507	468	426	380	348	325	288	247	200	129	0	0	0.000	0.000	0	0	0	0	0	0	0	0	0	0	0	0	0	0.000	0.000	0	0	0	0	0	0	0	0	0	0	0
111	111	1570	1320.385	774.258	155	579	500	241	67	83	452	531	336	132	213.548	309	269	246	231	221	213	203	192	180	165	118	108.757	122	114	112	111	110	108	108	106	105	104	99	0	0	0.000	0.000	0	0	0	0	0	0	0	0	0	0	0	0	0	0.000	0.000	0	0	0	0	0	0	0	0	0	0	0
112	112	2074	312.364	778.104	750	829	345	76	31	745	910	314	42	28	303.147	460	402	364	338	320	306	291	272	241	203	130	183.373	254	222	207	198	191	185	179	171	159	143	114	0	0	0.000	0.000	0	0	0	0	0	0	0	0	0	0	0	0	0	0.000	0.000	0	0	0	0	0	0	0	0	0	0	0
113	113	1386	1630.679	794.592	224	537	441	125	38	172	508	456	170	55	1208.575	1959	1763	1591	1482	1359	1219	1095	977	819	641	201	158.942	207	187	181	175	168	161	153	146	138	127	106	0	0	0.000	0.000	0	0	0	0	0	0	0	0	0	0	0	0	0	0.000	0.000	0	0	0	0	0	0	0	0	0	0	0
114	114	1233	375.639	795.479	204	414	355	186	49	175	529	306	149	46	192.233	1781	210	181	173	168	163	158	153	148	139	110	151.134	425	165	157	152	150	146	144	141	137	131	106	1	31	380.433	785.087	0	0	0	896	0	0	0	301	0	0	0	1	25	380.237	784.941	0	0	0	1019	0	0	0	311	0	0	0
115	115	620	1154.207	793.277	168	174	153	86	23	123	146	214	81	38	149.563	210	181	172	164	158	151	143	135	124	114	105	292.044	552	421	379	350	326	296	260	225	195	162	113	0	0	0.000	0.000	0	0	0	0	0	0	0	0	0	0	0	0	0	0.000	0.000	0	0	0	0	0	0	0	0	0	0	0
116	116	1453	984.274	807.025	234	452	477	230	31	128	428	540	232	89	164.062	209	185	179	176	172	167	163	157	149	136	110	130.798	159	141	138	136	134	132	130	127	123	118	103	0	0	0.000	0.000	0	0	0	0	0	0	0	0	0	0	0	0	0	0.000	0.000	0	0	0	0	0	0	0	0	0	0	0
117	117	2061	422.385	815.039	626	790	474	115	21	497	857	531	131	19	121.346	183	133	127	124	121	120	118	116	114	112	103	254.046	397	341	317	294	269	251	238	222	197	160	113	0	0	0.000	0.000	0	0	0	0	0	0	0	0	0	0	0	0	0	0.000	0.000	0	0	0	0	0	0	0	0	0	0	0
118	118	1776	1813.041	810.372	324	796	471	134	26	248	794	538	138	21	267.947	374	333	316	301	286	274	258	241	223	193	131	106.333	116	110	109	108	107	106	106	105	104	103	96	0	0	0.000	0.000	0	0	0	0	0	0	0	0	0	0	0	0	0	0.000	0.000	0	0	0	0	0	0	0	0	0	0	0
119	119	648	195.737	811.888	153	164	122	122	76	145	150	120	137	84	234.986	315	282	263	245	234	227	222	217	210	204	173	457.035	703	623	552	489	460	438	412	391	371	352	277	0	0	0.000	0.000	0	0	0	0	0	0	0	0	0	0	0	0	0	0.000	0.000	0	0	0	0	0	0	0	0	0	0	0
120	120	1324	298.517	824.605	238	404	406	227	25	194	462	413	173	65	279.035	422	352	331	317	304	291	274	258	230	178	121	177.244	242	209	201	193	186	181	174	167	156	137	112	0	0	0.000	0.000	0	0	0	0	0	0	0	0	0	0	0	0	0	0.000	0.000	0	0	0	0	0	0	0	0	0	0	0
121	121	2065	1901.793	831.696	291	466	724	464	90	286	668	758	289	15	217.105	2974	218	191	182	175	169	163	155	146	135	110	134.628	387	152	142	137	133	130	127	124	119	115	102	1	54	1888.955	821.643	0	0	0	1541	0	0	0	252	0	0	0	1	47	1889.190	820.793	0	0	0	1430	0	0	0	263	0	0	0
122	122	1086	136.051	827.659	784	168	60	37	25	776	175	56	40	28	300.422	893	486	456	425	349	246	195	173	159	148	122	155.041	199	180	174	171	163	155	147	141	136	131	114	0	0	0.000	0.000	0	0	0	0	0	0	0	0	0	0	0	0	0	0.000	0.000	0	0	0	0	0	0	0	0	0	0	0
123	123	1919	1158.202	837.751	470	679	553	176	12	337	558	555	338	96	183.854	241	213	205	200	194	188	182	175	165	145	108	108.597	125	114	112	110	109	108	107	106	105	104	97	0	0	0.000	0.000	0	0	0	0	0	0	0	0	0	0	0	1	28	1172.380	826.249	0	0	0	211	0	0	0	113	0	0	0
124	124	2006	1751.029	837.035	529	714	567	147	21	420	671	586	253	41	189.169	259	229	222	215	207	198	185	171	154	134	108	134.800	176	153	149	144	140	137	133	127	119	112	101	0	0	0.000	0.000	0	0	0	0	0	0	0	0	0	0	0	0	0	0.000	0.000	0	0	0	0	0	0	0	0	0	0	0
125	125	1858	357.525	841.949	309	601	601	277	32	234	603	629	320	37	570.604	12639	584	241	197	185	175	168	161	154	145	112	208.025	1908	227	177	165	159	154	150	146	142	135	109	1	100	349.419	849.105	0	0	0	5964	0	0	0	943	0	0	0	1	101	349.723	848.950	0	0	0	5897	0	0	0	914	0	0	0
126	126	1251	1603.020	839.311	219	433	428	119	23	216	538	391	76	14	1827.514	2629	2437	2292	2168	2060	1949	1816	1602	1335	1028	397	163.856	204	189	183	178	172	166	159	152	145	136	106	0	0	0.000	0.000	0	0	0	0	0	0	0	0	0	0	0	0	0	0.000	0.000	0	0	0	0	0	0	0	0	0	0	0
127	127	676	1699.205	836.392	103	299	173	68	11	47	361	178	59	20	388.956	506	453	440	429	419	409	394	371	340	291	162	119.300	143	132	126	123	120	118	116	114	112	110	102	0	0	0.000	0.000	0	0	0	0	0	0	0	0	0	0	0	0	0	0.000	0.000	0	0	0	0	0	0	0	0	0	0	0
128	128	803	470.846	859.282	102	273	235	137	38	161	354	171	85	21	128.208	149	137	135	133	131	129	127	125	122	117	105	109.139	122	114	112	111	110	109	108	107	106	105	101	0	0	0.000	0.000	0	0	0	0	0	0	0	0	0	0	0	0	0	0.000	0.000	0	0	0	0	0	0	0	0	0	0	0
129	129	1159	1120.553	873.114	186	345	367	205	32	138	405	374	194	26	187.901	325	213	207	202	197	192	186	179	167	151	121	108.350	123	113	111	110	109	108	107	106	105	104	98	0	0	0.000	0.000	0	0	0	0	0	0	0	0	0	0	0	0	0	0.000	0.000	0	0	0	0	0	0	0	0	0	0	0
130	130	2147	1688.546	879.636	841	839	383	45	7	451	746	617	244	45	157.528	191	175	170	167	163	160	156	151	144	136	110	181.283	285	228	208	198	190	180	170	160	150	137	104	0	0	0.000	0.000	0	0	0	0	0	0	0	0	0	0	0	0	0	0.000	0.000	0	0	0	0	0	0	0	0	0	0	0
131	131	1133	1741.359	894.671	124	338	400	191	57	126	562	316	92	11	187.678	234	214	208	203	197	191	185	178	168	155	120	158.356	205	182	174	167	162	158	154	149	143	137	106	0	0	0.000	0.000	0	0	0	0	0	0	0	0	0	0	0	0	0	0.000	0.000	0	0	0	0	0	0	0	0	0	0	0
132	132	1303	522.146	898.494	224	482	430	126	23	137	505	420	195	23	317.037	468	394	371	355	342	327	311	291	263	221	143	142.279	183	161	156	150	145	141	138	134	130	125	103	0	0	0.000	0.000	0	0	0	0	0	0	0	0	0	0	0	0	0	0.000	0.000	0	0	0	0	0	0	0	0	0	0	0
133	133	743	224.282	898.440	476	135	59	42	19	459	150	62	34	36	194.747	257	233	219	207	199	193	185	179	172	163	136	157.012	205	177	168	164	161	157	154	150	143	137	122	0	0	0.000	0.000	0	0	0	0	0	0	0	0	0	0	0	0	0	0.000	0.000	0	0	0	0	0	0	0	0	0	0	0
134	134	1840	1913.479	917.430	216	529	650	345	62	199	696	676	209	23	146.109	190	167	160	154	150	145	141	137	133	127	105	148.383	197	174	166	159	153	147	142	137	131	125	110	0	0	0.000	0.000	0	0	0	0	0	0	0	0	0	0	0	0	0	0.000	0.000	0	0	0	0	0	0	0	0	0	0	0
135	135	1700	721.501	1009.487	318	528	492	252	78	303	570	509	235	56	120.975	151	128	126	124	122	121	120	118	116	114	104	156.432	198	177	172	168	164	160	154	149	142	131	104	0	0	0.000	0.000	0	0	0	0	0	0	0	0	0	0	0	0	0	0.000	0.000	0	0	0	0	0	0	0	0	0	0	0
136	136	1460	1678.067	1007.285	204	624	450	142	12	167	652	458	124	25	117.253	130	123	121	120	118	117	116	115	114	112	104	139.339	180	153	149	145	141	138	136	133	130	127	113	0	0	0.000	0.000	0	0	0	0	0	0	0	0	0	0	0	0	0	0.000	0.000	0	0	0	0	0	0	0	0	0	0	0
137	137	684	801.157	1010.558	382	177	88	22	6	277	187	107	81	23	181.918	243	215	205	199	194	188	180	170	155	137	112	442.110	678	576	541	518	502	482	446	395	327	240	126	0	0	0.000	0.000	0	0	0	0	0	0	0	0	0	0	0	0	0	0.000	0.000	0	0	0	0	0	0	0	0	0	0	0
138	138	1542	854.115	1022.367	272	545	557	126	12	167	586	471	236	49	202.052	2786	213	193	184	179	173	168	161	152	141	112	336.870	479	436	414	394	373	351	324	291	259	214	140	1	27	855.322	1008.144	0	0	0	1175	0	0	0	368	0	0	0	0	0	0.000	0.000	0	0	0	0	0	0	0	0	0	0	0
139	139	1076	900.790	1023.924	70	305	401	239	42	43	359	430	189	30	188.967	246	219	211	204	199	191	185	178	169	152	114	325.704	454	408	390	372	356	335	315	294	267	225	128	0	0	0.000	0.000	0	0	0	0	0	0	0	0	0	0	0	0	0	0.000	0.000	0	0	0	0	0	0	0	0	0	0	0
140	140	1415	1716.683	1034.129	171	382	456	324	58	225	537	447	156	17	116.076	131	122	120	119	117	116	115	113	112	110	103	140.377	174	156	151	146	143	141	138	134	131	125	103	0	0	0.000	0.000	0	0	0	0	0	0	0	0	0	0	0	0	0	0.000	0.000	0	0	0	0	0	0	0	0	0	0	0
141	141	1347	815.563	1048.276	238	515	459	96	13	144	541	433	178	27	164.452	927	178	168	163	159	156	152	149	144	137	114	297.670	435	368	344	326	312	298	285	272	257	229	134	1	25	825.977	1049.071	0	0	0	465	0	0	0	406	0	0	0	0	0	0.000	0.000	0	0	0	0	0	0	0	0	0	0	0
142	142	1053	1805.329	1048.554	108	271	333	243	71	125	428	373	91	20	116.314	132	122	120	118	117	116	115	114	113	111	105	136.929	161	149	146	144	141	138	136	132	128	122	105	0	0	0.000	0.000	0	0	0	0	0	0	0	0	0	0	0	0	0	0.000	0.000	0	0	0	0	0	0	0	0	0	0	0
143	143	2638	1237.738	1063.220	411	909	905	335	36	295	791	1004	423	79	160.752	214	186	180	175	171	165	158	150	140	128	104	535.759	819	736	693	653	614	566	509	438	364	287	154	0	0	0.000	0.000	0	0	0	0	0	0	0	0	0	0	0	0	0	0.000	0.000	0	0	0	0	0	0	0	0	0	0	0
144	144	579	1303.746	1049.754	63	186	189	109	23	53	157	214	106	43	159.910	202	181	174	170	166	161	155	150	145	137	120	131.603	154	143	140	137	134	131	129	127	124	121	108	0	0	0.000	0.000	0	0	0	0	0	0	0	0	0	0	0	0	0	0.000	0.000	0	0	0	0	0	0	0	0	0	0	0
145	145	1469	1756.917	1059.733	209	681	408	127	18	246	724	366	95	14	115.568	133	122	120	118	117	115	114	113	111	110	100	132.174	165	144	141	138	135	133	130	127	124	118	107	0	0	0.000	0.000	0	0	0	0	0	0	0	0	0	0	0	0	0	0.000	0.000	0	0	0	0	0	0	0	0	0	0	0
146	146	1701	888.165	1072.462	178	458	609	394	26	154	500	603	332	82	334.480	6762	385	249	217	200	188	178	169	161	148	110	321.698	1101	450	395	352	321	293	274	254	233	206	134	1	62	893.861	1073.830	0	0	0	3053	0	0	0	753	0	0	0	1	35	893.067	1073.178	0	0	0	3467	0	0	0	849	0	0	0
147	147	751	1848.059	1070.133	200	221	166	117	40	217	218	167	110	23	145.067	173	160	156	153	150	147	144	140	134	127	106	107.346	122	112	110	109	108	107	106	105	104	103	99	0	0	0.000	0.000	0	0	0	0	0	0	0	0	0	0	0	0	0	0.000	0.000	0	0	0	0	0	0	0	0	0	0	0
148	148	4177	996.796	1114.045	2600	962	345	159	54	2425	1073	368	204	56	399.690	3428	1024	662	438	282	204	177	165	154	140	111	136.351	483	162	152	146	141	135	128	120	112	108	100	0	0	0.000	0.000	0	0	0	0	0	0	0	0	0	0	0	1	34	984.112	1118.197	0	0	0	638	0	0	0	310	0	0	0
149	149	1876	1072.053	1095.237	358	564	594	305	22	165	467	659	382	149	152.335	1802	153	145	141	138	135	132	128	124	118	95	222.193	559	276	258	248	239	229	218	201	178	152	111	1	31	1067.811	1088.004	0	0	0	795	0	0	0	259	0	0	0	0	0	0.000	0.000	0	0	0	0	0	0	0	0	0	0	0
150	150	1650	1786.375	1095.828	118	430	551	399	118	146	708	498	220	40	372.308	562	459	423	403	387	372	359	345	327	287	137	113.948	130	121	118	116	115	113	112	111	109	108	101	0	0	0.000	0.000	0	0	0	0	0	0	0	0	0	0	0	0	0	0.000	0.000	0	0	0	0	0	0	0	0	0	0	0
151	151	1136	1189.450	1093.193	119	359	417	190	24	88	360	418	202	55	271.876	371	328	315	305	294	282	266	249	228	198	131	123.240	144	132	129	127	125	123	121	120	117	114	105	0	0	0.000	0.000	0	0	0	0	0	0	0	0	0	0	0	0	0	0.000	0.000	0	0	0	0	0	0	0	0	0	0	0
152	152	1920	838.661	1112.014	407	700	648	127	9	252	447	692	378	101	124.977	148	133	130	128	127	125	123	122	120	116	107	150.956	201	172	164	159	155	151	147	142	137	130	108	0	0	0.000	0.000	0	0	0	0	0	0	0	0	0	0	0	0	0	0.000	0.000	0	0	0	0	0	0	0	0	0	0	0
153	153	1338	1864.090	1110.827	188	456	490	157	19	107	601	415	158	20	152.759	197	170	165	161	158	155	152	148	141	128	107	142.002	171	160	156	153	150	146	142	136	128	114	101	0	0	0.000	0.000	0	0	0	0	0	0	0	0	0	0	0	0	0	0.000	0.000	0	0	0	0	0	0	0	0	0	0	0
154	154	2300	1232.727	1130.208	322	1018	733	164	27	222	922	837	258	10	155.905	213	182	173	167	162	156	151	146	138	128	106	488.859	783	682	627	588	542	492	448	400	353	288	158	0	0	0.000	0.000	0	0	0	0	0	0	0	0	0	0	0	0	0	0.000	0.000	0	0	0	0	0	0	0	0	0	0	0
155	155	658	1901.878	1124.820	66	252	165	118	45	63	276	151	107	44	671.453	1008	881	836	776	710	663	630	596	545	437	256	112.269	131	119	116	115	113	112	111	109	108	106	100	0	0	0.000	0.000	0	0	0	0	0	0	0	0	0	0	0	0	0	0.000	0.000	0	0	0	0	0	0	0	0	0	0	0
156	156	998	1747.751	1130.079	161	329	312	145	32	142	377	280	153	31	355.596	524	462	440	417	396	369	343	315	278	212	125	112.442	127	120	117	115	114	112	111	109	108	106	100	0	0	0.000	0.000	0	0	0	0	0	0	0	0	0	0	0	0	0	0.000	0.000	0	0	0	0	0	0	0	0	0	0	0
157	157	1152	886.886	1130.372	190	425	393	114	8	152	343	404	194	40	150.838	193	169	163	159	155	152	148	144	139	131	113	143.029	183	164	158	154	149	144	139	133	128	121	104	0	0	0.000	0.000	0	0	0	0	0	0	0	0	0	0	0	0	0	0.000	0.000	0	0	0	0	0	0	0	0	0	0	0
158	158	1589	918.532	1161.436	224	373	561	323	72	161	335	571	389	94	486.296	10464	611	280	211	192	182	173	160	145	126	105	176.904	1551	201	159	150	145	140	134	126	119	113	103	1	80	923.389	1158.617	0	0	0	4664	0	0	0	750	0	0	0	1	71	923.498	1157.833	0	0	0	5080	0	0	0	843	0	0	0
159	159	1784	1865.404	1168.587	232	545	617	288	70	230	679	578	241	26	194.120	3081	202	164	158	154	151	148	144	139	133	110	151.279	329	169	164	159	155	151	147	143	137	127	107	1	45	1875.187	1174.050	0	0	0	1186	0	0	0	215	0	0	0	0	0	0.000	0.000	0	0	0	0	0	0	0	0	0	0	0
160	160	1222	833.008	1168.202	140	342	414	243	59	151	328	470	211	36	132.204	153	141	138	136	134	132	130	128	126	123	111	149.928	184	166	162	158	155	152	148	144	139	130	109	0	0	0.000	0.000	0	0	0	0	0	0	0	0	0	0	0	0	0	0.000	0.000	0	0	0	0	0	0	0	0	0	0	0
161	161	1782	964.637	1177.814	280	418	559	387	103	212	492	645	276	119	163.469	207	185	179	175	171	167	162	157	149	135	107	141.051	181	162	156	150	145	141	137	132	127	119	105	0	0	0.000	0.000	0	0	0	0	0	0	0	0	0	0	0	0	0	0.000	0.000	0	0	0	0	0	0	0	0	0	0	0
162	162	1253	1443.598	1179.482	230	376	367	207	43	195	451	399	173	15	121.010	148	128	126	124	123	121	120	118	116	113	104	142.637	182	158	154	151	147	143	140	136	132	125	107	0	0	0.000	0.000	0	0	0	0	0	0	0	0	0	0	0	0	0	0.000	0.000	0	0	0	0	0	0	0	0	0	0	0
163	163	3187	1695.130	1196.487	658	996	1062	361	55	485	766	1225	467	194	223.028	655	269	252	240	231	222	214	205	194	177	126	420.012	950	554	511	479	450	422	392	367	331	280	154	0	0	0.000	0.000	0	0	0	0	0	0	0	0	0	0	0	0	0	0.000	0.000	0	0	0	0	0	0	0	0	0	0	0
164	164	634	1238.762	1176.583	73	177	285	74	16	51	189	314	61	12	229.899	306	276	266	257	248	238	227	215	195	174	108	121.650	140	130	127	125	124	122	120	118	116	113	104	0	0	0.000	0.000	0	0	0	0	0	0	0	0	0	0	0	0	0	0.000	0.000	0	0	0	0	0	0	0	0	0	0	0
165	165	2257	1769.479	1196.814	447	715	740	254	52	304	681	786	375	67	212.748	287	256	247	238	230	221	211	196	177	155	110	148.701	192	168	163	160	156	152	147	141	134	124	104	0	0	0.000	0.000	0	0	0	0	0	0	0	0	0	0	0	0	0	0.000	0.000	0	0	0	0	0	0	0	0	0	0	0
166	166	1603	1539.185	1197.708	118	463	560	354	75	85	701	513	240	38	243.138	4248	245	184	176	170	164	158	152	145	137	113	193.595	883	227	208	196	187	180	172	166	159	149	112	1	50	1550.455	1203.811	0	0	0	2040	0	0	0	524	0	0	0	1	39	1550.569	1202.975	0	0	0	1934	0	0	0	568	0	0	0
167	167	1103	1066.980	1197.241	177	329	400	148	23	116	295	408	204	66	118.677	136	126	123	122	120	119	117	116	114	111	103	237.315	335	300	286	271	257	238	223	206	191	175	114	0	0	0.000	0.000	0	0	0	0	0	0	0	0	0	0	0	0	0	0.000	0.000	0	0	0	0	0	0	0	0	0	0	0
168	168	1777	1018.840	1208.181	450	572	448	247	28	389	571	468	264	57	120.538	137	127	125	124	122	121	119	118	116	113	99	240.409	336	292	279	268	258	247	235	221	203	173	121	0	0	0.000	0.000	0	0	0	0	0	0	0	0	0	0	0	0	0	0.000	0.000	0	0	0	0	0	0	0	0	0	0	0
169	169	1524	1312.631	1217.068	450	633	306	95	9	251	581	438	172	46	1374.465	18954	3319	744	394	273	228	202	187	174	159	120	266.450	2284	457	214	172	160	151	144	139	134	128	110	1	170	1311.528	1220.828	0	0	0	8793	0	0	0	991	0	0	0	1	150	1311.553	1220.536	0	0	0	10114	0	0	0	1138	0	0	0
170	170	704	1496.167	1215.186	110	231	253	75	25	88	236	255	88	24	148.655	184	168	161	155	151	148	144	141	138	132	112	167.771	222	196	184	176	171	167	163	159	153	143	111	0	0	0.000	0.000	0	0	0	0	0	0	0	0	0	0	0	0	0	0.000	0.000	0	0	0	0	0	0	0	0	0	0	0
171	171	1670	1453.521	1229.891	298	529	591	196	31	203	354	695	279	109	122.665	141	131	128	126	125	123	122	120	117	114	101	145.550	179	161	156	152	149	147	144	140	135	128	109	0	0	0.000	0.000	0	0	0	0	0	0	0	0	0	0	0	0	0	0.000	0.000	0	0	0	0	0	0	0	0	0	0	0
172	172	1290	1096.185	1230.919	185	590	443	29	11	110	550	421	166	13	245.235	336	300	285	271	258	247	237	224	208	186	138	107.466	121	112	110	109	108	107	106	106	105	103	96	0	0	0.000	0.000	0	0	0	0	0	0	0	0	0	0	0	0	0	0.000	0.000	0	0	0	0	0	0	0	0	0	0	0
173	173	1894	964.169	1250.819	210	611	699	301	40	143	659	740	254	51	348.959	477	416	402	388	378	367	353	329	294	248	153	124.149	144	133	130	128	126	124	122	121	119	116	104	0	0	0.000	0.000	0	0	0	0	0	0	0	0	0	0	0	0	0	0.000	0.000	0	0	0	0	0	0	0	0	0	0	0
174	174	1733	1186.855	1266.602	292	701	565	136	19	236	578	613	212	63	156.852	1685	173	157	147	141	137	134	131	128	123	106	229.267	364	297	267	245	231	222	215	207	197	182	119	1	25	1199.281	1267.298	0	0	0	701	0	0	0	318	0	0	0	0	0	0.000	0.000	0	0	0	0	0	0	0	0	0	0	0
175	175	1596	1020.511	1257.721	194	470	602	258	34	134	430	679	260	67	341.520	500	433	409	389	372	353	332	308	275	227	131	133.496	193	156	148	141	134	130	126	123	120	116	106	0	0	0.000	0.000	0	0	0	0	0	0	0	0	0	0	0	0	0	0.000	0.000	0	0	0	0	0	0	0	0	0	0	0
176	176	1750	1348.280	1264.924	260	720	442	239	54	349	810	368	148	35	916.099	14401	1271	582	462	426	400	372	346	316	268	161	183.375	1603	230	149	137	132	128	125	123	120	115	105	1	118	1352.608	1257.004	0	0	0	6602	0	0	0	654	0	0	0	1	117	1353.267	1257.183	0	0	0	6545	0	0	0	781	0	0	0
177	177	1452	1431.779	1274.138	276	518	474	132	24	182	455	524	192	66	195.899	263	233	223	214	206	199	191	183	171	154	112	297.083	416	375	359	340	323	307	288	265	239	205	122	0	0	0.000	0.000	0	0	0	0	0	0	0	0	0	0	0	0	0	0.000	0.000	0	0	0	0	0	0	0	0	0	0	0
178	178	890	1673.906	1269.785	540	146	116	62	15	529	175	121	46	10	193.846	913	252	213	194	183	175	166	154	144	131	112	291.604	1769	441	334	295	272	252	229	207	183	155	121	1	27	1674.897	1258.135	0	0	0	528	0	0	0	1031	0	0	0	2	12	1664.107	1278.233	29	1674.618	1257.984	388	0	501	0	769	0	975	0
179	179	2166	1759.306	1279.903	429	720	668	277	36	304	783	653	342	36	654.072	939	832	802	768	734	693	647	600	515	400	175	111.851	128	118	116	114	113	111	110	109	108	106	100	0	0	0.000	0.000	0	0	0	0	0	0	0	0	0	0	0	0	0	0.000	0.000	0	0	0	0	0	0	0	0	0	0	0
180	180	1827	1503.231	1289.212	515	858	369	49	8	369	671	578	139	28	980.454	17853	1577	471	318	263	238	223	211	194	172	110	349.191	3957	510	256	213	194	184	175	168	159	145	107	1	142	1504.323	1287.204	0	0	0	7496	0	0	0	1901	0	0	0	1	142	1504.626	1286.904	0	0	0	7496	0	0	0	1901	0	0	0
181	181	1273	1388.996	1292.002	105	307	422	335	76	113	432	470	219	21	384.501	2650	450	421	398	378	362	345	328	305	265	156	127.373	295	137	133	131	128	126	123	120	118	115	105	1	21	1390.340	1308.770	0	0	0	1501	0	0	0	164	0	0	0	1	16	1391.488	1310.035	0	0	0	1435	0	0	0	243	0	0	0
182	182	2039	1815.942	1304.458	337	781	627	197	60	358	854	544	194	56	638.292	944	798	756	723	688	656	622	587	530	447	177	111.162	129	117	115	113	112	111	110	109	107	106	99	0	0	0.000	0.000	0	0	0	0	0	0	0	0	0	0	0	0	0	0.000	0.000	0	0	0	0	0	0	0	0	0	0	0
183	183	517	1030.129	1297.672	65	118	167	131	30	37	128	163	154	24	273.859	384	343	323	312	299	279	263	242	222	197	144	137.602	185	166	156	149	142	134	128	123	119	115	108	0	0	0.000	0.000	0	0	0	0	0	0	0	0	0	0	0	0	0	0.000	0.000	0	0	0	0	0	0	0	0	0	0	0
184	184	1183	1221.821	1307.955	129	370	386	212	65	181	369	343	218	51	119.188	139	126	124	122	121	119	118	116	114	112	104	109.143	120	113	112	111	110	109	108	107	107	105	100	0	0	0.000	0.000	0	0	0	0	0	0	0	0	0	0	0	0	0	0.000	0.000	0	0	0	0	0	0	0	0	0	0	0
185	185	1571	1569.617	1327.571	291	477	448	275	47	211	530	515	242	41	116.804	139	124	121	120	118	117	115	114	112	110	100	349.896	563	453	409	381	362	348	337	324	298	245	123	0	0	0.000	0.000	0	0	0	0	0	0	0	0	0	0	0	0	0	0.000	0.000	0	0	0	0	0	0	0	0	0	0	0
186	186	1522	1729.813	1328.130	361	552	437	129	16	298	502	446	217	42	113.350	129	120	118	116	115	113	112	111	109	107	101	132.228	163	148	143	139	136	133	130	126	122	115	103	0	0	0.000	0.000	0	0	0	0	0	0	0	0	0	0	0	0	0	0.000	0.000	0	0	0	0	0	0	0	0	0	0	0
187	187	2261	1889.515	1335.858	640	1116	411	52	8	347	932	648	259	39	522.403	11257	487	245	229	219	210	199	188	176	161	114	169.902	1362	178	146	141	138	136	133	129	125	120	104	1	117	1901.699	1341.675	0	0	0	4985	0	0	0	669	0	0	0	1	113	1901.689	1341.254	0	0	0	5422	0	0	0	707	0	0	0
188	188	749	1368.233	1329.610	83	276	282	78	15	43	281	273	103	32	421.421	595	510	476	459	443	428	412	392	371	334	190	110.156	121	115	113	112	111	110	109	108	107	106	100	0	0	0.000	0.000	0	0	0	0	0	0	0	0	0	0	0	0	0	0.000	0.000	0	0	0	0	0	0	0	0	0	0	0
189	189	1629	1410.777	1346.625	182	454	585	313	54	111	350	643	369	119	453.649	687	596	544	514	486	460	431	409	367	299	176	108.828	126	113	111	110	109	109	108	107	106	105	99	0	0	0.000	0.000	0	0	0	0	0	0	0	0	0	0	0	0	0	0.000	0.000	0	0	0	0	0	0	0	0	0	0	0
190	190	1125	1830.091	1349.649	109	347	388	222	33	95	419	393	164	42	115.543	133	122	119	118	117	116	115	113	112	109	101	134.183	164	148	143	140	137	134	131	128	125	121	110	0	0	0.000	0.000	0	0	0	0	0	0	0	0	0	0	0	0	0	0.000	0.000	0	0	0	0	0	0	0	0	0	0	0
191	191	1328	1462.594	1368.102	419	429	343	104	13	300	469	329	184	17	116.601	135	124	121	119	118	116	115	114	112	110	103	252.378	383	320	303	291	276	259	242	224	202	169	117	0	0	0.000	0.000	0	0	0	0	0	0	0	0	0	0	0	0	0	0.000	0.000	0	0	0	0	0	0	0	0	0	0	0
192	192	990	1751.917	1367.583	139	324	339	137	36	90	327	400	123	36	113.344	126	119	117	116	114	113	112	111	110	108	95	139.270	175	156	150	145	141	138	135	133	129	125	109	0	0	0.000	0.000	0	0	0	0	0	0	0	0	0	0	0	0	0	0.000	0.000	0	0	0	0	0	0	0	0	0	0	0
193	193	1160	1554.742	1372.322	217	429	323	141	13	193	495	330	101	20	182.371	1404	203	184	176	169	165	160	153	146	137	109	184.522	416	219	206	198	192	184	177	169	160	143	111	1	35	1559.774	1368.289	0	0	0	607	0	0	0	280	0	0	0	0	0	0.000	0.000	0	0	0	0	0	0	0	0	0	0	0
194	194	1621	1931.934	1377.682	332	636	401	184	50	347	614	439	157	33	186.563	2865	198	159	151	147	143	141	137	134	129	111	155.925	327	178	168	163	158	154	151	147	140	132	106	1	42	1930.934	1365.388	0	0	0	1020	0	0	0	228	0	0	0	0	0	0.000	0.000	0	0	0	0	0	0	0	0	0	0	0
195	195	2631	1862.187	1396.633	365	798	1039	353	34	226	697	1061	523	88	213.118	283	252	241	232	224	217	209	200	187	166	116	137.335	167	151	147	144	142	139	136	132	128	121	99	0	0	0.000	0.000	0	0	0	0	0	0	0	0	0	0	0	0	0	0.000	0.000	0	0	0	0	0	0	0	0	0	0	0
196	196	1741	1394.772	1393.442	459	450	438	276	95	354	489	516	281	69	115.171	127	121	119	117	116	115	114	113	112	110	102	222.289	302	270	257	247	235	224	212	200	189	175	121	0	0	0.000	0.000	0	0	0	0	0	0	0	0	0	0	0	0	0	0.000	0.000	0	0	0	0	0	0	0	0	0	0	0
197	197	1394	1217.165	1394.208	336	452	419	141	19	448	505	376	37	7	119.372	146	129	126	124	122	120	117	115	112	109	102	509.140	824	729	694	647	594	545	494	426	309	189	123	0	0	0.000	0.000	0	0	0	0	0	0	0	0	0	0	0	0	0	0.000	0.000	0	0	0	0	0	0	0	0	0	0	0
198	198	1272	1771.456	1405.140	301	696	226	20	5	165	615	340	112	17	111.956	125	117	115	114	113	112	111	110	109	107	100	207.387	280	251	243	234	225	212	199	184	170	155	119	0	0	0.000	0.000	0	0	0	0	0	0	0	0	0	0	0	0	0	0.000	0.000	0	0	0	0	0	0	0	0	0	0	0
199	199	1405	1346.372	1411.653	167	351	465	292	104	151	540	477	192	28	122.405	147	133	129	126	124	122	120	118	116	112	101	228.147	318	285	272	259	243	230	214	201	186	168	122	0	0	0.000	0.000	0	0	0	0	0	0	0	0	0	0	0	0	0	0.000	0.000	0	0	0	0	0	0	0	0	0	0	0
200	200	834	239.959	1411.875	132	297	242	126	28	97	247	308	123	37	364.199	563	471	448	428	405	379	354	316	282	233	132	127.349	152	138	135	133	130	128	126	123	119	115	102	0	0	0.000	0.000	0	0	0	0	0	0	0	0	0	0	0	0	0	0.000	0.000	0	0	0	0	0	0	0	0	0	0	0
201	201	1158	1908.955	1419.321	221	418	371	112	18	162	419	354	163	42	142.727	204	158	151	148	145	142	140	137	134	128	104	149.456	187	166	161	157	153	150	147	143	138	131	110	0	0	0.000	0.000	0	0	0	0	0	0	0	0	0	0	0	0	0	0.000	0.000	0	0	0	0	0	0	0	0	0	0	0
202	202	1918	1602.976	1431.871	271	589	652	303	61	261	630	644	297	46	122.240	141	130	127	125	124	123	121	119	117	115	106	330.062	458	417	397	380	361	343	323	302	270	220	126	0	0	0.000	0.000	0	0	0	0	0	0	0	0	0	0	0	0	0	0.000	0.000	0	0	0	0	0	0	0	0	0	0	0
203	203	1863	1538.909	1434.124	292	728	562	209	31	257	660	597	239	69	744.901	12725	903	535	487	449	415	388	357	323	287	155	187.623	1968	211	155	147	142	138	135	131	128	123	106	1	83	1536.486	1433.844	0	0	0	5770	0	0	0	941	0	0	0	1	83	1536.054	1433.723	0	0	0	5612	0	0	0	941	0	0	0
204	204	1577	566.437	1441.607	129	464	556	356	49	64	415	646	365	55	187.866	249	214	205	199	194	189	184	178	170	161	126	130.107	149	139	136	134	132	131	129	127	124	120	108	0	0	0.000	0.000	0	0	0	0	0	0	0	0	0	0	0	0	0	0.000	0.000	0	0	0	0	0	0	0	0	0	0	0
205	205	5224	183.837	1456.070	3650	1330	118	38	25	3448	1435	188	52	26	172.834	5710	182	166	149	127	121	118	116	114	111	100	303.826	638	529	437	361	319	287	251	209	162	137	104	1	63	169.720	1451.140	0	0	0	2357	0	0	0	424	0	0	0	0	0	0.000	0.000	0	0	0	0	0	0	0	0	0	0	0
206	206	647	1793.082	1438.495	158	208	207	55	11	158	246	155	66	11	112.578	127	118	116	115	114	113	112	110	109	107	102	207.790	289	257	244	233	223	210	198	186	174	153	117	0	0	0.000	0.000	0	0	0	0	0	0	0	0	0	0	0	0	0	0.000	0.000	0	0	0	0	0	0	0	0	0	0	0
207	207	833	255.497	1443.982	230	228	194	122	39	306	263	177	59	12	165.694	332	202	189	179	168	160	154	149	141	129	110	162.487	275	199	185	174	166	159	152	147	139	131	107	0	0	0.000	0.000	0	0	0	0	0	0	0	0	0	0	0	0	0	0.000	0.000	0	0	0	0	0	0	0	0	0	0	0
208	208	2011	1198.864	1458.829	157	696	669	389	60	105	707	749	354	62	523.142	9929	478	381	354	336	318	300	283	260	222	126	171.043	1640	171	148	144	140	137	134	131	127	122	107	1	77	1190.166	1469.307	0	0	0	4752	0	0	0	791	0	0	0	1	80	1190.343	1468.798	0	0	0	4750	0	0	0	791	0	0	0
209	209	2125	1836.200	1455.745	420	682	634	295	67	327	774	689	237	54	115.364	131	122	120	118	117	116	114	113	111	109	102	228.085	329	281	268	256	244	233	219	203	184	168	130	0	0	0.000	0.000	0	0	0	0	0	0	0	0	0	0	0	0	0	0.000	0.000	0	0	0	0	0	0	0	0	0	0	0
210	210	1691	1330.860	1455.758	411	556	482	190	18	323	590	514	188	36	1388.171	2055	1843	1716	1625	1559	1488	1416	1313	1065	715	186	181.170	235	208	201	197	192	187	181	174	161	141	109	0	0	0.000	0.000	0	0	0	0	0	0	0	0	0	0	0	0	0	0.000	0.000	0	0	0	0	0	0	0	0	0	0	0
211	211	1744	100.877	1466.335	130	464	678	381	54	96	451	749	329	86	157.512	207	183	174	168	162	156	152	147	142	133	107	258.409	392	334	310	291	271	254	240	226	210	189	120	0	0	0.000	0.000	0	0	0	0	0	0	0	0	0	0	0	0	0	0.000	0.000	0	0	0	0	0	0	0	0	0	0	0
212	212	1554	1563.789	1478.229	188	722	469	133	17	98	478	629	257	68	390.046	4575	459	377	354	334	318	300	284	260	234	148	133.467	506	143	137	135	132	129	126	123	119	115	104	1	35	1553.936	1479.000	0	0	0	2526	0	0	0	255	0	0	0	1	37	1554.972	1479.690	0	0	0	2549	0	0	0	307	0	0	0
213	213	1558	1630.097	1478.958	278	471	539	203	35	193	357	574	303	97	1309.972	2097	1743	1615	1536	1473	1401	1295	1153	960	715	289	164.823	216	191	181	176	172	167	162	156	147	135	110	0	0	0.000	0.000	0	0	0	0	0	0	0	0	0	0	0	0	0	0.000	0.000	0	0	0	0	0	0	0	0	0	0	0
214	214	597	592.120	1474.232	156	181	179	57	12	142	158	172	91	25	137.059	167	145	142	140	138	137	135	134	132	129	116	122.184	138	130	128	126	124	122	121	119	117	114	104	0	0	0.000	0.000	0	0	0	0	0	0	0	0	0	0	0	0	0	0.000	0.000	0	0	0	0	0	0	0	0	0	0	0
215	215	926	1159.943	1477.217	240	343	253	60	12	149	288	307	119	44	128.928	157	141	137	134	131	128	126	123	121	118	107	432.589	681	615	557	509	463	425	389	357	314	271	141	0	0	0.000	0.000	0	0	0	0	0	0	0	0	0	0	0	0	0	0.000	0.000	0	0	0	0	0	0	0	0	0	0	0
216	216	1080	1290.948	1480.962	199	381	359	111	12	101	344	386	181	46	663.791	875	795	771	751	724	695	670	620	557	477	238	161.663	199	181	175	171	167	163	160	155	149	139	113	0	0	0.000	0.000	0	0	0	0	0	0	0	0	0	0	0	0	0	0.000	0.000	0	0	0	0	0	0	0	0	0	0	0
217	217	3030	917.860	1499.319	2924	61	21	13	8	2846	100	34	25	19	273.898	12163	279	216	196	184	174	163	152	144	137	116	272.479	1871	619	492	305	162	144	137	132	127	121	107	0	0	0.000	0.000	0	0	0	0	0	0	0	0	0	0	0	0	0	0.000	0.000	0	0	0	0	0	0	0	0	0	0	0
218	218	1647	1424.052	1500.454	300	522	511	240	36	265	598	546	166	34	430.988	9657	476	212	183	173	167	162	157	150	142	112	184.953	985	207	185	176	169	164	159	154	148	140	116	1	72	1409.621	1497.580	0	0	0	4347	0	0	0	534	0	0	0	1	67	1410.471	1497.322	0	0	0	4281	0	0	0	576	0	0	0
219	219	1525	1685.403	1497.449	161	342	509	402	81	193	490	607	187	18	217.788	315	267	249	237	228	216	207	197	187	171	115	108.256	131	113	111	110	109	108	107	106	105	104	97	0	0	0.000	0.000	0	0	0	0	0	0	0	0	0	0	0	0	0	0.000	0.000	0	0	0	0	0	0	0	0	0	0	0
220	220	521	1746.872	1492.498	99	149	137	95	29	69	175	148	84	33	190.006	247	221	211	204	197	190	183	177	171	161	120	107.357	121	112	110	109	108	107	106	106	105	104	99	0	0	0.000	0.000	0	0	0	0	0	0	0	0	0	0	0	0	0	0.000	0.000	0	0	0	0	0	0	0	0	0	0	0
221	221	1392	1852.098	1503.045	185	321	451	334	68	192	490	454	188	36	116.673	132	124	122	120	118	117	115	114	112	109	101	109.534	130	116	113	111	110	109	108	107	106	104	100	0	0	0.000	0.000	0	0	0	0	0	0	0	0	0	0	0	0	0	0.000	0.000	0	0	0	0	0	0	0	0	0	0	0
222	222	1555	863.599	1508.530	270	602	496	130	31	149	643	573	121	42	839.520	16424	799	665	630	605	580	551	518	463	382	178	172.394	1991	176	159	154	150	146	142	138	133	128	105	0	0	0.000	0.000	0	0	0	0	0	0	0	0	0	0	0	0	0	0.000	0.000	0	0	0	0	0	0	0	0	0	0	0
223	223	1021	1922.051	1503.863	148	308	282	206	57	129	318	288	209	62	124.412	147	133	130	128	126	124	123	121	119	116	105	147.747	187	168	162	158	153	148	144	139	135	126	104	0	0	0.000	0.000	0	0	0	0	0	0	0	0	0	0	0	0	0	0.000	0.000	0	0	0	0	0	0	0	0	0	0	0
224	224	1013	1189.253	1505.206	128	331	315	184	30	113	288	303	224	63	320.515	414	374	360	349	337	327	317	304	282	253	162	135.510	162	146	143	141	138	136	134	131	128	124	109	0	0	0.000	0.000	0	0	0	0	0	0	0	0	0	0	0	0	0	0.000	0.000	0	0	0	0	0	0	0	0	0	0	0
225	225	1539	1596.584	1517.558	229	479	490	265	49	187	505	520	234	69	292.288	4419	305	272	261	251	239	228	215	198	178	124	130.107	407	147	138	132	128	125	122	119	117	114	103	1	31	1607.737	1526.188	0	0	0	2170	0	0	0	209	0	0	0	1	29	1607.891	1524.035	0	0	0	609	0	0	0	243	0	0	0
226	226	1358	1778.993	1522.792	304	422	365	183	64	270	403	381	247	37	113.052	129	118	117	115	114	113	112	111	109	108	100	108.002	130	115	112	109	108	107	106	105	104	103	99	0	0	0.000	0.000	0	0	0	0	0	0	0	0	0	0	0	0	0	0.000	0.000	0	0	0	0	0	0	0	0	0	0	0
227	227	870	784.667	1521.176	196	387	212	47	11	129	404	220	81	25	463.555	667	592	567	535	498	464	439	407	375	326	184	113.710	130	120	117	116	115	113	112	111	110	108	104	0	0	0.000	0.000	0	0	0	0	0	0	0	0	0	0	0	0	0	0.000	0.000	0	0	0	0	0	0	0	0	0	0	0
228	228	1650	1730.836	1529.225	248	536	540	256	42	148	558	554	287	77	218.062	304	265	250	238	230	221	213	203	188	164	116	107.559	121	112	110	109	108	107	107	106	105	104	98	0	0	0.000	0.000	0	0	0	0	0	0	0	0	0	0	0	0	0	0.000	0.000	0	0	0	0	0	0	0	0	0	0	0
229	229	668	1154.679	1524.590	274	217	108	48	11	298	255	80	13	9	141.337	176	157	153	149	146	144	140	134	129	122	110	227.484	348	279	268	259	247	235	224	207	183	159	112	0	0	0.000	0.000	0	0	0	0	0	0	0	0	0	0	0	0	0	0.000	0.000	0	0	0	0	0	0	0	0	0	0	0
230	230	1426	1520.411	1536.144	244	532	408	191	31	291	635	334	118	23	270.086	5246	298	198	187	177	171	165	159	153	141	112	128.284	433	134	129	126	125	123	121	119	117	114	102	1	44	1521.989	1546.340	0	0	0	2328	0	0	0	254	0	0	0	1	38	1521.664	1546.123	0	0	0	2463	0	0	0	274	0	0	0
231	231	1087	825.224	1537.481	164	394	334	147	31	121	396	354	155	35	430.664	609	534	497	470	451	436	423	406	371	314	203	134.699	164	148	144	141	138	135	132	129	125	121	109	0	0	0.000	0.000	0	0	0	0	0	0	0	0	0	0	0	0	0	0.000	0.000	0	0	0	0	0	0	0	0	0	0	0
232	232	2098	1878.960	1546.349	561	854	451	163	33	536	805	486	184	49	118.034	141	125	123	121	120	118	117	115	113	110	101	113.333	130	120	117	116	114	113	112	110	109	107	102	0	0	0.000	0.000	0	0	0	0	0	0	0	0	0	0	0	0	0	0.000	0.000	0	0	0	0	0	0	0	0	0	0	0
233	233	1730	1821.648	1549.852	444	785	405	63	11	252	557	538	283	66	116.884	132	123	121	120	118	117	116	114	113	110	94	114.695	136	123	120	117	115	114	112	111	109	108	100	0	0	0.000	0.000	0	0	0	0	0	0	0	0	0	0	0	0	0	0.000	0.000	0	0	0	0	0	0	0	0	0	0	0
234	234	1879	1275.060	1552.046	401	822	508	101	13	300	759	527	221	39	674.970	12912	864	410	324	290	262	245	227	213	193	131	181.060	1703	211	154	143	137	133	131	127	124	119	106	1	102	1281.497	1551.290	0	0	0	5714	0	0	0	808	0	0	0	1	96	1281.482	1550.722	0	0	0	6266	0	0	0	824	0	0	0
235	235	954	1220.352	1547.589	209	412	267	43	9	58	418	272	141	44	707.393	1019	903	835	790	760	731	694	642	575	486	262	153.209	188	171	166	162	159	155	151	146	140	133	111	0	0	0.000	0.000	0	0	0	0	0	0	0	0	0	0	0	0	0	0.000	0.000	0	0	0	0	0	0	0	0	0	0	0
236	236	1577	1410.187	1549.769	171	463	579	259	78	125	522	574	274	54	180.826	1756	188	179	173	167	162	156	150	143	132	106	160.032	371	188	181	174	167	160	153	145	137	125	104	1	33	1400.603	1535.518	0	0	0	849	0	0	0	254	0	0	0	0	0	0.000	0.000	0	0	0	0	0	0	0	0	0	0	0
237	237	695	1320.664	1546.972	367	195	95	25	8	361	205	65	41	17	577.033	799	723	678	649	624	594	556	526	487	421	193	158.414	199	176	172	168	164	160	156	151	145	137	115	0	0	0.000	0.000	0	0	0	0	0	0	0	0	0	0	0	0	0	0.000	0.000	0	0	0	0	0	0	0	0	0	0	0
238	238	1724	617.202	1564.382	285	602	586	200	23	257	634	571	193	30	2784.583	4600	3832	3556	3351	3159	2962	2679	2357	1962	1451	442	220.393	307	273	258	248	238	225	212	196	180	160	117	0	0	0.000	0.000	0	0	0	0	0	0	0	0	0	0	0	0	0	0.000	0.000	0	0	0	0	0	0	0	0	0	0	0
239	239	1839	1582.751	1571.538	208	666	629	261	44	96	465	733	394	115	623.168	7983	773	519	472	446	416	380	347	311	275	155	159.318	1060	179	150	143	138	133	130	126	123	119	107	1	85	1585.864	1571.246	0	0	0	4016	0	0	0	533	0	0	0	1	87	1584.704	1570.281	0	0	0	2448	0	0	0	533	0	0	0
240	240	1405	862.163	1572.583	164	502	523	154	28	68	279	634	313	86	124.858	139	131	129	128	126	125	124	123	121	119	109	242.201	351	311	292	274	255	238	223	210	198	181	131	0	0	0.000	0.000	0	0	0	0	0	0	0	0	0	0	0	0	0	0.000	0.000	0	0	0	0	0	0	0	0	0	0	0
241	241	2321	1727.869	1585.756	706	560	603	368	45	622	725	584	299	55	115.385	134	123	121	119	117	116	114	112	110	107	98	301.782	457	395	369	348	329	314	295	267	231	184	122	0	0	0.000	0.000	0	0	0	0	0	0	0	0	0	0	0	0	0	0.000	0.000	0	0	0	0	0	0	0	0	0	0	0
242	242	1090	1534.117	1576.952	201	357	321	141	52	178	503	271	97	26	165.890	863	180	172	167	163	160	156	151	143	129	107	120.123	168	130	126	123	121	119	118	116	114	111	101	1	23	1534.200	1567.712	0	0	0	476	0	0	0	139	0	0	0	0	0	0.000	0.000	0	0	0	0	0	0	0	0	0	0	0
243	243	1598	261.619	1587.356	334	368	419	369	82	252	405	417	390	110	112.541	125	118	116	114	114	113	112	111	109	108	101	138.054	163	150	147	144	142	139	136	133	130	124	106	0	0	0.000	0.000	0	0	0	0	0	0	0	0	0	0	0	0	0	0.000	0.000	0	0	0	0	0	0	0	0	0	0	0
244	244	1810	1452.721	1591.312	258	630	568	283	46	188	619	645	275	53	114.557	130	121	119	117	116	115	113	112	110	108	98	120.554	148	132	129	125	122	120	118	115	113	109	100	0	0	0.000	0.000	0	0	0	0	0	0	0	0	0	0	0	0	0	0.000	0.000	0	0	0	0	0	0	0	0	0	0	0
245	245	1027	1316.988	1586.096	107	280	375	206	41	112	343	354	166	31	245.562	336	298	284	274	265	253	239	225	208	181	120	138.812	171	155	150	146	143	140	136	133	128	121	104	0	0	0.000	0.000	0	0	0	0	0	0	0	0	0	0	0	0	0	0.000	0.000	0	0	0	0	0	0	0	0	0	0	0
246	246	1980	317.115	1598.451	217	654	586	376	112	266	791	579	240	63	112.217	125	117	116	114	113	112	111	110	109	107	99	145.144	190	164	158	153	149	145	142	137	132	125	109	0	0	0.000	0.000	0	0	0	0	0	0	0	0	0	0	0	0	0	0.000	0.000	0	0	0	0	0	0	0	0	0	0	0
247	247	1644	1394.370	1596.349	180	465	575	318	67	214	678	549	141	28	113.471	126	119	117	116	115	114	113	111	110	108	98	120.765	146	133	129	125	122	120	117	115	113	110	101	0	0	0.000	0.000	0	0	0	0	0	0	0	0	0	0	0	0	0	0.000	0.000	0	0	0	0	0	0	0	0	0	0	0
248	248	1235	94.316	1597.760	147	328	389	253	96	169	512	399	105	15	302.179	461	393	362	341	315	298	284	269	248	217	111	133.062	178	147	143	139	136	133	130	127	123	118	107	0	0	0.000	0.000	0	0	0	0	0	0	0	0	0	0	0	0	0	0.000	0.000	0	0	0	0	0	0	0	0	0	0	0
249	249	3179	580.488	1610.851	2266	657	160	34	18	2140	785	133	54	24	174.000	540	213	197	187	179	170	155	133	123	118	101	140.369	204	179	168	158	149	138	126	118	112	108	97	0	0	0.000	0.000	0	0	0	0	0	0	0	0	0	0	0	0	0	0.000	0.000	0	0	0	0	0	0	0	0	0	0	0
250	250	1293	1086.958	1610.854	242	424	448	142	14	162	432	421	196	53	115.094	130	121	119	117	116	115	114	113	111	109	102	137.116	176	153	150	146	143	140	135	130	124	116	99	0	0	0.000	0.000	0	0	0	0	0	0	0	0	0	0	0	0	0	0.000	0.000	0	0	0	0	0	0	0	0	0	0	0
251	251	1295	484.497	1618.186	191	506	413	142	24	109	502	422	205	30	619.081	995	847	785	723	678	629	579	520	460	389	188	107.202	121	111	110	109	108	107	106	105	105	104	99	0	0	0.000	0.000	0	0	0	0	0	0	0	0	0	0	0	0	0	0.000	0.000	0	0	0	0	0	0	0	0	0	0	0
252	252	2726	215.224	1629.798	539	977	842	297	24	410	1156	797	301	23	3613.181	33825	16334	2344	711	372	266	222	199	179	152	105	1134.898	11139	4030	745	345	250	212	192	179	168	148	110	0	0	0.000	0.000	0	0	0	0	0	0	0	0	0	0	0	1	436	212.327	1629.807	0	0	0	22540	0	0	0	5524	0	0	0
253	253	2020	1035.220	1631.610	1296	389	186	90	44	1246	385	205	134	29	117.904	177	130	124	120	117	115	114	112	111	109	99	117.181	185	135	127	121	116	113	110	109	107	105	100	0	0	0.000	0.000	0	0	0	0	0	0	0	0	0	0	0	0	0	0.000	0.000	0	0	0	0	0	0	0	0	0	0	0
254	254	879	1590.656	1617.454	460	292	65	31	20	497	235	94	24	20	396.863	587	502	469	445	420	399	380	359	324	286	173	144.166	201	176	157	149	144	141	137	133	128	123	110	0	0	0.000	0.000	0	0	0	0	0	0	0	0	0	0	0	0	0	0.000	0.000	0	0	0	0	0	0	0	0	0	0	0
255	255	2386	1279.558	1635.247	392	708	755	446	39	304	738	750	443	102	1272.352	21131	1899	603	411	347	320	295	272	240	197	129	311.656	4254	396	196	169	158	152	146	140	132	124	105	1	195	1275.934	1634.299	0	0	0	10417	0	0	0	1673	0	0	0	1	163	1275.855	1634.085	0	0	0	12558	0	0	0	2118	0	0	0
256	256	876	352.949	1627.171	123	232	240	197	66	178	359	227	82	14	111.863	125	117	115	114	113	112	111	110	109	107	101	139.120	171	157	151	146	142	139	135	132	128	122	106	0	0	0.000	0.000	0	0	0	0	0	0	0	0	0	0	0	0	0	0.000	0.000	0	0	0	0	0	0	0	0	0	0	0
257	257	1470	1486.480	1639.744	170	543	478	215	35	107	465	453	359	50	258.906	3027	276	261	253	242	231	218	205	186	166	119	118.178	235	125	122	120	118	116	115	113	112	109	102	1	42	1473.978	1652.403	0	0	0	1443	0	0	0	163	0	0	0	1	33	1474.587	1651.169	0	0	0	1123	0	0	0	175	0	0	0
258	258	1906	289.446	1646.121	195	450	680	459	92	162	520	585	473	142	225.676	2689	232	195	188	181	174	166	157	147	134	108	209.904	1289	230	215	206	199	192	184	173	159	144	113	1	68	275.042	1644.417	0	0	0	1444	0	0	0	688	0	0	0	1	59	275.362	1644.266	0	0	0	1526	0	0	0	787	0	0	0
259	259	1198	388.327	1642.983	120	312	395	258	92	124	405	468	145	29	160.224	205	179	174	169	165	161	157	153	148	141	108	151.608	192	171	166	161	156	152	149	143	138	131	109	0	0	0.000	0.000	0	0	0	0	0	0	0	0	0	0	0	0	0	0.000	0.000	0	0	0	0	0	0	0	0	0	0	0
260	260	750	1122.742	1639.063	117	330	237	39	11	86	243	219	137	52	115.463	128	121	119	117	116	115	114	113	112	110	99	108.716	121	114	112	110	109	108	107	106	105	104	98	0	0	0.000	0.000	0	0	0	0	0	0	0	0	0	0	0	0	0	0.000	0.000	0	0	0	0	0	0	0	0	0	0	0
261	261	1515	1538.819	1640.461	336	550	389	175	38	284	592	429	149	34	1187.741	17130	2481	617	383	324	301	285	268	244	206	141	181.605	1287	269	141	128	125	122	120	118	116	112	101	1	148	1532.532	1634.158	0	0	0	7658	0	0	0	604	0	0	0	1	140	1532.345	1633.718	0	0	0	7867	0	0	0	641	0	0	0
262	262	1560	1164.252	1647.449	415	612	380	110	22	389	803	245	66	19	115.901	140	122	120	119	117	116	115	113	111	109	100	109.076	134	116	112	110	109	108	107	106	105	104	99	0	0	0.000	0.000	0	0	0	0	0	0	0	0	0	0	0	0	0	0.000	0.000	0	0	0	0	0	0	0	0	0	0	0
263	263	967	1210.181	1647.711	262	464	168	45	12	199	415	253	61	21	186.518	241	216	208	201	193	188	182	174	167	157	114	126.971	146	136	133	131	129	127	125	123	121	118	104	0	0	0.000	0.000	0	0	0	0	0	0	0	0	0	0	0	0	0	0.000	0.000	0	0	0	0	0	0	0	0	0	0	0
264	264	1294	1876.046	1648.241	153	420	390	275	35	119	471	436	227	24	281.522	377	343	329	317	308	297	282	260	230	196	127	107.672	126	114	112	109	108	107	106	105	104	103	99	0	0	0.000	0.000	0	0	0	0	0	0	0	0	0	0	0	0	0	0.000	0.000	0	0	0	0	0	0	0	0	0	0	0
265	265	1651	433.679	1651.570	158	373	579	409	104	146	547	636	215	70	708.401	1132	943	842	793	758	724	695	654	580	428	152	107.196	119	112	110	109	108	107	106	105	104	103	97	0	0	0.000	0.000	0	0	0	0	0	0	0	0	0	0	0	0	0	0.000	0.000	0	0	0	0	0	0	0	0	0	0	0
266	266	748	1921.718	1648.901	144	288	218	72	11	57	229	284	147	23	124.283	149	135	131	128	126	124	122	120	118	113	105	156.798	196	179	173	168	165	160	156	148	141	127	106	0	0	0.000	0.000	0	0	0	0	0	0	0	0	0	0	0	0	0	0.000	0.000	0	0	0	0	0	0	0	0	0	0	0
267	267	1798	1815.012	1663.444	454	687	438	145	43	335	683	446	238	67	126.121	150	138	134	131	129	127	125	122	119	113	98	147.382	190	168	163	159	155	151	147	142	133	116	101	0	0	0.000	0.000	0	0	0	0	0	0	0	0	0	0	0	0	0	0.000	0.000	0	0	0	0	0	0	0	0	0	0	0
268	268	1170	705.928	1655.622	139	357	417	192	40	70	244	460	311	61	287.554	4314	384	225	190	176	168	162	157	152	145	119	207.381	754	250	221	209	200	193	184	176	168	157	122	1	52	705.928	1663.340	0	0	0	1787	0	0	0	397	0	0	0	1	36	706.501	1661.769	0	0	0	1527	0	0	0	541	0	0	0
269	269	2048	504.494	1670.470	363	735	640	245	33	245	723	751	276	14	582.005	894	776	734	700	661	617	563	494	421	322	162	134.499	165	152	149	144	140	135	130	126	121	115	101	0	0	0.000	0.000	0	0	0	0	0	0	0	0	0	0	0	0	0	0.000	0.000	0	0	0	0	0	0	0	0	0	0	0
270	270	1332	1062.794	1671.376	191	395	489	209	22	126	479	533	152	14	300.004	442	376	357	340	323	308	287	267	244	209	141	112.186	129	119	116	114	113	112	110	109	108	107	101	0	0	0.000	0.000	0	0	0	0	0	0	0	0	0	0	0	0	0	0.000	0.000	0	0	0	0	0	0	0	0	0	0	0
271	271	1439	667.704	1679.439	226	541	481	150	14	205	551	431	169	46	207.176	1253	230	211	201	195	190	185	181	174	162	120	144.153	335	157	152	148	145	143	141	138	134	128	108	1	32	686.617	1679.326	0	0	0	725	0	0	0	202	0	0	0	0	0	0.000	0.000	0	0	0	0	0	0	0	0	0	0	0
272	272	2085	807.885	1690.787	476	640	559	323	55	342	671	556	377	98	2587.670	4035	3428	3142	2918	2747	2592	2461	2326	2148	1704	560	141.073	171	158	153	149	146	141	138	133	129	124	109	0	0	0.000	0.000	0	0	0	0	0	0	0	0	0	0	0	0	0	0.000	0.000	0	0	0	0	0	0	0	0	0	0	0
273	273	2094	866.743	1691.678	343	784	671	234	20	229	723	685	336	69	3016.117	4445	3863	3684	3496	3335	3181	2990	2743	2377	1854	699	145.202	203	167	158	151	147	143	139	136	132	127	107	0	0	0.000	0.000	0	0	0	0	0	0	0	0	0	0	0	0	0	0.000	0.000	0	0	0	0	0	0	0	0	0	0	0
274	274	2006	923.289	1693.865	1631	284	34	21	17	1643	278	40	14	13	145.410	573	182	140	133	129	127	125	123	121	118	107	114.724	137	124	121	118	116	114	112	111	109	107	101	0	0	0.000	0.000	0	0	0	0	0	0	0	0	0	0	0	0	0	0.000	0.000	0	0	0	0	0	0	0	0	0	0	0
275	275	1598	392.189	1692.937	195	438	473	354	100	143	520	532	271	93	298.041	6056	336	197	178	167	161	154	149	145	137	110	160.465	564	179	169	163	158	154	150	145	139	131	106	1	62	403.107	1693.186	0	0	0	2564	0	0	0	278	0	0	0	1	40	404.283	1692.328	0	0	0	2466	0	0	0	383	0	0	0
276	276	1704	1008.220	1688.966	207	462	549	356	89	261	702	470	196	39	602.749	929	807	748	689	635	594	560	531	482	408	198	118.320	137	126	123	121	120	118	117	115	113	111	103	0	0	0.000	0.000	0	0	0	0	0	0	0	0	0	0	0	0	0	0.000	0.000	0	0	0	0	0	0	0	0	0	0	0
277	277	1239	1764.968	1689.452	277	381	380	163	23	196	468	341	179	34	119.196	136	127	124	123	121	120	118	116	114	111	102	186.151	242	213	205	199	194	189	183	177	169	154	119	0	0	0.000	0.000	0	0	0	0	0	0	0	0	0	0	0	0	0	0.000	0.000	0	0	0	0	0	0	0	0	0	0	0
278	278	1958	450.060	1700.399	291	756	638	218	18	195	741	657	266	59	663.197	6900	758	681	643	616	582	534	479	426	369	168	141.291	653	150	142	139	136	132	129	125	121	117	103	1	45	448.158	1711.954	0	0	0	3990	0	0	0	374	0	0	0	1	56	448.829	1711.721	0	0	0	3411	0	0	0	374	0	0	0
279	279	1330	1882.076	1695.409	118	364	440	279	104	171	535	380	187	34	433.971	7462	605	234	200	188	180	173	167	159	148	112	163.284	858	191	159	151	145	139	134	129	126	121	111	1	77	1873.392	1705.573	0	0	0	3409	0	0	0	455	0	0	0	1	74	1873.398	1704.979	0	0	0	3216	0	0	0	470	0	0	0
280	280	981	1928.907	1697.169	154	409	271	101	24	100	508	268	80	14	166.489	206	189	183	178	174	169	164	158	151	139	109	139.370	167	153	149	146	143	141	138	134	130	125	108	0	0	0.000	0.000	0	0	0	0	0	0	0	0	0	0	0	0	0	0.000	0.000	0	0	0	0	0	0	0	0	0	0	0
281	281	547	1850.932	1695.827	82	167	183	82	24	74	207	149	87	21	160.912	201	181	176	171	168	164	159	155	146	135	117	135.455	157	147	144	142	139	137	135	130	126	121	109	0	0	0.000	0.000	0	0	0	0	0	0	0	0	0	0	0	0	0	0.000	0.000	0	0	0	0	0	0	0	0	0	0	0
282	282	886	713.069	1700.210	82	236	221	224	104	53	244	242	241	87	159.383	188	172	168	165	162	160	158	155	151	145	125	171.236	226	203	194	186	179	171	165	159	150	137	114	0	0	0.000	0.000	0	0	0	0	0	0	0	0	0	0	0	0	0	0.000	0.000	0	0	0	0	0	0	0	0	0	0	0
283	283	1107	1818.933	1713.325	225	435	359	55	10	109	428	347	194	12	127.209	148	138	135	132	130	128	125	123	120	117	102	148.491	184	166	160	156	152	148	145	142	137	131	105	0	0	0.000	0.000	0	0	0	0	0	0	0	0	0	0	0	0	0	0.000	0.000	0	0	0	0	0	0	0	0	0	0	0
284	284	1641	1245.988	1718.855	204	554	685	149	13	149	535	664	240	18	204.901	2583	218	199	189	181	174	167	160	153	144	119	148.977	423	169	162	156	150	144	140	135	131	125	103	1	30	1233.671	1706.605	0	0	0	1337	0	0	0	255	0	0	0	1	30	1234.497	1706.967	0	0	0	987	0	0	0	312	0	0	0
285	285	1559	1054.741	1717.510	358	572	433	148	23	221	660	433	185	31	260.894	358	317	301	286	274	263	251	241	226	201	115	111.891	139	118	116	114	113	112	110	109	108	107	100	0	0	0.000	0.000	0	0	0	0	0	0	0	0	0	0	0	0	0	0.000	0.000	0	0	0	0	0	0	0	0	0	0	0
286	286	2256	504.114	1734.308	398	568	665	440	143	384	716	723	308	77	246.396	3316	255	234	226	218	210	198	183	165	146	112	127.636	455	147	133	127	124	121	119	117	114	111	102	1	48	519.545	1727.391	0	0	0	1628	0	0	0	280	0	0	0	1	51	519.869	1727.510	0	0	0	1598	0	0	0	273	0	0	0
287	287	869	752.541	1732.804	124	375	271	81	9	112	435	215	79	14	122.388	138	129	127	125	124	123	121	119	118	115	107	219.338	290	258	245	234	224	217	211	206	199	184	141	0	0	0.000	0.000	0	0	0	0	0	0	0	0	0	0	0	0	0	0.000	0.000	0	0	0	0	0	0	0	0	0	0	0
288	288	1139	1006.828	1736.273	259	459	321	77	8	149	484	283	166	35	267.130	364	328	307	292	283	271	258	244	226	202	147	111.879	127	118	116	114	113	111	110	109	108	106	101	0	0	0.000	0.000	0	0	0	0	0	0	0	0	0	0	0	0	0	0.000	0.000	0	0	0	0	0	0	0	0	0	0	0
289	289	891	854.185	1735.990	258	347	227	32	7	218	311	271	57	11	127.650	166	143	134	131	128	126	124	122	120	117	106	207.832	256	236	231	227	221	216	208	198	185	167	107	0	0	0.000	0.000	0	0	0	0	0	0	0	0	0	0	0	0	0	0.000	0.000	0	0	0	0	0	0	0	0	0	0	0
290	290	2343	1108.620	1746.638	411	640	782	396	74	379	743	850	294	30	197.603	260	238	228	219	210	201	191	181	169	151	113	194.528	269	242	232	222	208	196	184	174	162	144	107	0	0	0.000	0.000	0	0	0	0	0	0	0	0	0	0	0	0	0	0.000	0.000	0	0	0	0	0	0	0	0	0	0	0
291	291	1506	365.814	1742.248	209	455	446	295	70	174	536	497	243	36	180.179	232	209	201	196	190	185	178	170	159	143	109	201.705	283	247	237	227	217	206	197	186	167	144	111	0	0	0.000	0.000	0	0	0	0	0	0	0	0	0	0	0	0	0	0.000	0.000	0	0	0	0	0	0	0	0	0	0	0
292	292	1854	807.625	1742.794	351	673	565	197	45	323	771	591	111	19	126.951	194	138	132	129	127	125	123	122	120	118	105	202.841	275	241	229	221	212	204	195	186	176	165	121	0	0	0.000	0.000	0	0	0	0	0	0	0	0	0	0	0	0	0	0.000	0.000	0	0	0	0	0	0	0	0	0	0	0
293	293	1645	1362.546	1753.607	330	558	508	192	31	273	540	511	264	31	551.412	12232	759	279	199	183	175	169	164	158	147	107	222.015	2018	261	196	182	174	167	161	154	147	136	111	1	80	1368.962	1759.429	0	0	0	5868	0	0	0	669	0	0	0	1	83	1370.373	1758.050	0	0	0	1991	0	0	0	1012	0	0	0
294	294	1301	422.638	1745.019	396	502	280	102	14	292	555	284	128	18	119.014	137	126	124	122	121	119	118	116	114	112	101	114.298	140	122	119	117	115	113	112	111	109	108	100	0	0	0.000	0.000	0	0	0	0	0	0	0	0	0	0	0	0	0	0.000	0.000	0	0	0	0	0	0	0	0	0	0	0
295	295	1118	1459.079	1747.829	172	329	409	148	40	119	348	415	178	34	534.391	761	687	662	626	589	556	519	487	435	328	142	136.250	169	152	147	143	140	136	134	130	127	121	101	0	0	0.000	0.000	0	0	0	0	0	0	0	0	0	0	0	0	0	0.000	0.000	0	0	0	0	0	0	0	0	0	0	0
296	296	2574	718.843	1775.322	814	972	613	115	16	663	1110	635	98	22	2584.159	28728	6825	1469	832	688	605	548	502	446	372	148	436.044	4705	988	260	178	157	149	143	137	132	127	108	1	337	720.479	1778.379	0	0	0	15665	0	0	0	2054	0	0	0	1	305	720.623	1778.161	0	0	0	16576	0	0	0	2319	0	0	0
297	297	1581	1159.526	1763.819	399	583	406	142	20	238	656	408	194	51	581.679	12872	813	313	219	194	182	174	166	157	144	108	170.186	1053	197	158	152	147	143	139	134	129	123	105	1	85	1152.545	1770.632	0	0	0	5199	0	0	0	556	0	0	0	1	78	1152.950	1770.075	0	0	0	5250	0	0	0	584	0	0	0
298	298	1327	1540.529	1760.240	168	420	432	232	49	120	524	454	184	18	185.018	233	211	204	197	192	187	182	175	169	156	114	202.626	269	235	226	219	214	207	199	192	180	163	116	0	0	0.000	0.000	0	0	0	0	0	0	0	0	0	0	0	0	0	0.000	0.000	0	0	0	0	0	0	0	0	0	0	0
299	299	858	1269.732	1761.278	130	265	256	154	35	105	263	251	185	37	175.978	234	205	195	189	184	178	172	164	155	141	119	140.172	171	156	152	149	146	143	139	134	128	121	106	0	0	0.000	0.000	0	0	0	0	0	0	0	0	0	0	0	0	0	0.000	0.000	0	0	0	0	0	0	0	0	0	0	0
300	300	2338	1046.901	1762.265	373	790	739	364	33	341	795	754	334	66	1105.492	19203	1612	377	246	221	206	195	183	168	150	104	311.568	3010	398	230	209	198	190	181	172	160	138	105	1	204	1046.834	1752.868	0	0	0	9327	0	0	0	1532	0	0	0	1	196	1047.138	1752.485	0	0	0	9667	0	0	0	1590	0	0	0
301	301	1394	765.807	1775.640	265	427	417	210	53	204	434	515	188	26	131.843	195	146	139	135	133	130	128	125	123	119	107	211.834	282	242	232	223	217	212	207	202	195	180	131	0	0	0.000	0.000	0	0	0	0	0	0	0	0	0	0	0	0	0	0.000	0.000	0	0	0	0	0	0	0	0	0	0	0
302	302	1982	1497.265	1782.669	432	754	553	178	18	297	757	542	260	82	805.325	7978	972	852	780	721	676	633	590	550	453	162	167.506	1137	185	167	159	154	149	144	139	134	128	105	1	51	1493.262	1789.880	0	0	0	4479	0	0	0	622	0	0	0	1	57	1493.401	1788.644	0	0	0	3044	0	0	0	609	0	0	0
303	303	1260	1316.760	1780.313	194	499	366	153	29	159	441	366	205	63	177.551	1536	190	178	172	168	164	161	157	152	142	113	159.979	346	180	173	168	165	161	157	152	146	133	110	1	28	1299.713	1776.309	0	0	0	602	0	0	0	162	0	0	0	0	0	0.000	0.000	0	0	0	0	0	0	0	0	0	0	0
304	304	1273	1440.800	1787.076	240	584	361	63	12	100	623	351	159	12	172.109	218	198	190	184	179	174	168	162	154	145	115	171.636	224	203	195	188	181	174	167	159	150	136	111	0	0	0.000	0.000	0	0	0	0	0	0	0	0	0	0	0	0	0	0.000	0.000	0	0	0	0	0	0	0	0	0	0	0
305	305	2049	972.357	1795.382	729	985	235	38	18	880	977	124	16	10	617.454	1015	826	763	720	683	637	585	534	473	371	141	115.138	139	123	120	118	116	115	113	111	110	108	101	0	0	0.000	0.000	0	0	0	0	0	0	0	0	0	0	0	0	0	0.000	0.000	0	0	0	0	0	0	0	0	0	0	0
306	306	2034	878.737	1797.722	418	724	618	213	28	292	808	661	181	58	126.956	147	135	133	131	129	128	126	124	121	117	106	118.900	136	126	124	122	120	119	118	116	114	111	101	0	0	0.000	0.000	0	0	0	0	0	0	0	0	0	0	0	0	0	0.000	0.000	0	0	0	0	0	0	0	0	0	0	0
307	307	1104	827.372	1788.246	106	332	403	200	50	57	389	416	153	72	131.267	152	139	137	135	133	132	130	128	126	122	105	121.815	143	130	127	125	123	122	120	118	117	114	105	0	0	0.000	0.000	0	0	0	0	0	0	0	0	0	0	0	0	0	0.000	0.000	0	0	0	0	0	0	0	0	0	0	0
308	308	1295	1880.492	1809.918	316	429	419	94	16	250	478	353	173	12	110.402	123	116	114	112	111	110	109	108	107	105	95	127.041	153	140	136	133	130	127	125	121	118	113	100	0	0	0.000	0.000	0	0	0	0	0	0	0	0	0	0	0	0	0	0.000	0.000	0	0	0	0	0	0	0	0	0	0	0
309	309	1133	924.226	1821.511	183	331	322	198	74	246	346	354	123	37	382.604	5671	490	297	266	251	238	227	215	203	188	131	156.324	796	186	156	147	142	138	135	131	127	122	105	1	51	927.440	1830.177	0	0	0	2382	0	0	0	339	0	0	0	1	41	926.191	1830.499	0	0	0	1987	0	0	0	463	0	0	0
310	310	1240	1071.068	1820.035	186	336	353	286	56	90	349	460	199	124	422.913	601	539	509	485	465	443	416	381	333	272	169	106.227	116	110	109	107	107	106	105	105	104	103	95	0	0	0.000	0.000	0	0	0	0	0	0	0	0	0	0	0	0	0	0.000	0.000	0	0	0	0	0	0	0	0	0	0	0
311	311	1486	844.355	1831.494	251	476	504	194	42	187	473	560	206	25	573.024	945	811	713	639	593	553	525	491	454	370	197	139.844	177	158	152	146	142	139	136	132	128	124	108	0	0	0.000	0.000	0	0	0	0	0	0	0	0	0	0	0	0	0	0.000	0.000	0	0	0	0	0	0	0	0	0	0	0
312	312	1915	1201.076	1860.314	352	697	633	195	21	298	867	510	191	20	1468.894	2581	2175	2015	1867	1674	1484	1293	1118	942	707	297	110.037	126	115	113	112	111	110	109	108	107	106	100	0	0	0.000	0.000	0	0	0	0	0	0	0	0	0	0	0	0	0	0.000	0.000	0	0	0	0	0	0	0	0	0	0	0
313	313	1723	1308.413	1868.123	195	541	605	313	37	133	486	664	324	75	922.704	1432	1264	1151	1055	983	934	883	819	732	560	240	180.114	250	216	203	195	188	181	174	166	157	144	105	0	0	0.000	0.000	0	0	0	0	0	0	0	0	0	0	0	0	0	0.000	0.000	0	0	0	0	0	0	0	0	0	0	0
314	314	1800	1356.195	1881.442	384	685	448	228	19	272	608	507	331	42	602.888	998	851	777	695	640	587	545	502	447	389	131	154.289	202	181	171	164	157	152	148	143	139	133	107	0	0	0.000	0.000	0	0	0	0	0	0	0	0	0	0	0	0	0	0.000	0.000	0	0	0	0	0	0	0	0	0	0	0
315	315	2143	988.082	1882.509	204	737	791	305	85	138	636	814	395	101	787.817	11260	987	716	623	579	532	500	468	417	328	169	170.230	1712	183	153	146	140	135	131	127	123	119	105	1	78	999.651	1884.618	0	0	0	5540	0	0	0	807	0	0	0	1	72	999.640	1884.555	0	0	0	5825	0	0	0	856	0	0	0
316	316	1488	1102.401	1883.579	197	415	506	291	53	131	362	575	256	135	589.993	3754	767	698	641	596	551	515	471	420	347	188	177.944	550	225	205	192	182	170	159	151	144	135	110	1	26	1116.170	1877.894	0	0	0	2245	0	0	0	247	0	0	0	1	21	1117.836	1879.381	0	0	0	1469	0	0	0	432	0	0	0
317	317	1514	851.898	1884.937	283	583	442	146	31	162	518	546	198	58	160.720	197	180	174	170	166	163	158	154	148	139	112	228.681	303	270	259	250	243	234	225	216	197	178	121	0	0	0.000	0.000	0	0	0	0	0	0	0	0	0	0	0	0	0	0.000	0.000	0	0	0	0	0	0	0	0	0	0	0
318	318	1890	1047.737	1893.480	567	854	377	41	18	621	995	221	17	16	974.065	11900	1252	813	733	644	583	530	477	415	337	195	234.558	2130	290	204	190	180	170	159	149	142	133	108	1	112	1039.545	1897.510	0	0	0	5944	0	0	0	1025	0	0	0	1	105	1039.444	1896.988	0	0	0	6229	0	0	0	1120	0	0	0
319	319	2349	391.940	1899.750	425	472	754	575	83	335	477	903	455	146	2766.064	27239	10144	1679	665	384	289	250	230	209	180	128	435.164	3731	1272	319	193	161	149	140	133	126	119	104	1	408	394.926	1897.394	0	0	0	13359	0	0	0	1579	0	0	0	1	353	394.969	1897.289	0	0	0	15771	0	0	0	1869	0	0	0
320	320	3182	1240.491	1912.863	825	1030	895	329	44	579	725	1084	594	151	288.345	5180	322	293	277	261	245	231	220	200	172	122	543.676	1565	768	704	639	582	540	501	457	383	294	172	1	40	1220.927	1918.688	0	0	0	2519	0	0	0	883	0	0	0	0	0	0.000	0.000	0	0	0	0	0	0	0	0	0	0	0
321	321	1313	808.757	1913.536	235	402	361	232	70	204	424	408	180	64	544.157	10887	770	311	215	188	179	173	167	158	142	115	325.419	2434	380	308	294	283	274	259	244	215	178	131	1	73	810.423	1902.947	0	0	0	5054	0	0	0	1165	0	0	0	1	62	810.186	1902.827	0	0	0	5728	0	0	0	1413	0	0	0
322	322	1389	1740.327	1925.484	183	464	473	216	29	120	383	490	288	77	200.951	1370	229	216	208	198	188	179	170	160	141	106	127.737	227	139	135	132	129	127	124	122	119	115	103	1	36	1729.820	1921.500	0	0	0	647	0	0	0	132	0	0	0	0	0	0.000	0.000	0	0	0	0	0	0	0	0	0	0	0
323	323	1548	1518.092	1932.112	292	603	462	154	12	272	545	449	197	54	700.897	1087	936	871	821	768	715	668	613	535	447	169	121.582	142	130	127	125	123	121	120	118	116	113	104	0	0	0.000	0.000	0	0	0	0	0	0	0	0	0	0	0	0	0	0.000	0.000	0	0	0	0	0	0	0	0	0	0	0
324	324	1830	967.946	1933.782	438	594	561	182	21	254	458	635	382	71	489.857	2541	626	570	542	514	485	455	419	374	306	128	137.636	394	150	145	141	139	136	134	131	126	120	104	1	17	970.066	1920.359	0	0	0	1688	0	0	0	292	0	0	0	1	19	969.474	1920.513	0	0	0	1533	0	0	0	292	0	0	0
325	325	539	1077.265	1935.668	78	254	165	27	8	46	171	177	105	26	110.913	121	115	114	112	112	111	110	109	108	107	101	110.442	129	115	113	112	111	110	109	109	108	106	100	0	0	0.000	0.000	0	0	0	0	0	0	0	0	0	0	0	0	0	0.000	0.000	0	0	0	0	0	0	0	0	0	0	0
326	326	1269	1304.263	1939.370	163	411	451	187	32	135	382	432	249	48	116.300	128	122	120	119	117	116	115	114	113	111	104	383.914	566	491	461	445	424	402	375	340	296	253	141	0	0	0.000	0.000	0	0	0	0	0	0	0	0	0	0	0	0	0	0.000	0.000	0	0	0	0	0	0	0	0	0	0	0
327	327	1672	1454.704	1941.779	177	491	564	325	87	199	718	513	193	18	636.606	12666	920	334	247	218	199	187	175	165	152	122	189.183	1508	237	169	156	147	141	135	130	123	118	107	1	101	1456.339	1938.062	0	0	0	5454	0	0	0	593	0	0	0	1	99	1457.049	1938.396	0	0	0	5454	0	0	0	752	0	0	0
328	328	1954	1191.618	1943.168	398	624	605	215	70	359	781	530	217	35	1870.861	23102	4697	1019	538	378	300	252	218	190	169	128	757.993	5762	1481	724	593	504	435	379	333	293	257	144	1	236	1192.636	1940.252	0	0	0	11431	0	0	0	2770	0	0	0	1	199	1192.712	1940.055	0	0	0	13566	0	0	0	3216	0	0	0
329	329	1854	1383.359	1948.063	445	632	515	210	18	275	702	566	245	26	233.946	344	295	270	256	248	240	229	214	193	164	121	174.570	251	213	198	188	182	176	170	161	149	134	106	0	0	0.000	0.000	0	0	0	0	0	0	0	0	0	0	0	0	0	0.000	0.000	0	0	0	0	0	0	0	0	0	0	0
330	330	1314	1568.115	1959.181	153	472	505	148	16	144	440	523	154	27	645.031	895	799	764	737	707	671	631	580	538	447	227	121.199	144	130	127	125	123	121	119	117	115	112	103	0	0	0.000	0.000	0	0	0	0	0	0	0	0	0	0	0	0	0	0.000	0.000	0	0	0	0	0	0	0	0	0	0	0
331	331	2191	1328.277	1980.605	339	540	808	406	53	260	656	745	432	61	431.989	7466	471	281	260	248	239	230	219	206	176	113	234.907	2572	264	193	185	179	174	169	163	155	143	116	1	105	1321.380	1988.421	0	0	0	3312	0	0	0	1161	0	0	0	1	94	1321.490	1987.739	0	0	0	3312	0	0	0	1292	0	0	0
332	332	1031	1528.989	1978.980	92	299	384	218	21	38	231	344	280	119	602.370	904	761	693	663	636	610	586	555	503	425	278	121.072	146	132	128	125	123	121	118	116	114	111	103	0	0	0.000	0.000	0	0	0	0	0	0	0	0	0	0	0	0	0	0.000	0.000	0	0	0	0	0	0	0	0	0	0	0
