 	cell	area	x	y	BFI_lev_b1	BFI_lev_b2	BFI_lev_b3	BFI_lev_b4	BFI_lev_b5	BFO_lev_b1	BFO_lev_b2	BFO_lev_b3	BFO_lev_b4	BFO_lev_b5	GFP_int_mean	GFP_int_b0	GFP_int_b1	GFP_int_b2	GFP_int_b3	GFP_int_b4	GFP_int_b5	GFP_int_b6	GFP_int_b7	GFP_int_b8	GFP_int_b9	GFP_int_b10	RFP_int_mean	RFP_int_b0	RFP_int_b1	RFP_int_b2	RFP_int_b3	RFP_int_b4	RFP_int_b5	RFP_int_b6	RFP_int_b7	RFP_int_b8	RFP_int_b9	RFP_int_b10	inGFPnfoci	f1_inGFParea	f1_inGFPx	f1_inGFPy	f2_inGFParea	f2_inGFPx	f2_inGFPy	f1_inGFP_toGFPmed	f1_inGFP_toGFPmean	f2_inGFP_toGFPmed	f2_inGFP_toGFPmean	f1_inGFP_toRFPmed	f1_inGFP_toRFPmean	f2_inGFP_toRFPmed	f2_inGFP_toRFPmean	inRFPnfoci	f1_inRFParea	f1_inRFPx	f1_inRFPy	f2_inRFParea	f2_inRFPx	f2_inRFPy	f1_inRFP_toGFPmed	f1_inRFP_toGFPmean	f2_inRFP_toGFPmed	f2_inRFP_toGFPmean	f1_inRFP_toRFPmed	f1_inRFP_toRFPmean	f2_inRFP_toRFPmed	f2_inRFP_toRFPmean
1	1	1177	1420.807	84.242	132	320	399	258	44	118	399	403	184	62	112.256	128	118	116	115	114	112	111	110	108	106	98	137.364	170	157	152	148	143	139	134	129	123	114	101	0	0	0.000	0.000	0	0	0	0	0	0	0	0	0	0	0	0	0	0.000	0.000	0	0	0	0	0	0	0	0	0	0	0
2	2	1248	545.407	111.433	257	359	433	151	30	265	398	431	100	23	237.735	345	306	289	274	259	246	234	217	190	145	105	143.767	178	163	158	153	150	146	142	137	130	121	104	0	0	0.000	0.000	0	0	0	0	0	0	0	0	0	0	0	0	0	0.000	0.000	0	0	0	0	0	0	0	0	0	0	0
3	3	713	863.781	108.834	113	193	162	168	64	110	273	185	95	36	156.468	200	177	171	166	161	158	153	148	142	134	108	168.128	223	197	187	181	176	171	166	160	150	133	105	0	0	0.000	0.000	0	0	0	0	0	0	0	0	0	0	0	0	0	0.000	0.000	0	0	0	0	0	0	0	0	0	0	0
4	4	1513	611.107	126.336	453	430	403	178	27	320	476	377	260	45	727.360	1340	1090	985	904	836	774	719	608	437	225	117	107.336	120	113	111	109	108	107	106	105	104	102	95	0	0	0.000	0.000	0	0	0	0	0	0	0	0	0	0	0	0	0	0.000	0.000	0	0	0	0	0	0	0	0	0	0	0
5	5	1867	1405.574	129.015	408	653	576	164	25	346	932	413	119	23	113.509	184	119	117	116	114	113	112	111	109	107	99	142.590	181	162	157	153	148	144	139	134	129	121	105	1	13	1399.622	107.569	0	0	0	149	0	0	0	127	0	0	0	0	0	0.000	0.000	0	0	0	0	0	0	0	0	0	0	0
6	6	1155	140.394	132.417	235	505	336	44	12	140	338	409	222	31	113.569	133	120	118	117	115	114	112	110	109	107	101	149.597	184	170	164	160	156	153	148	143	135	124	99	0	0	0.000	0.000	0	0	0	0	0	0	0	0	0	0	0	0	0	0.000	0.000	0	0	0	0	0	0	0	0	0	0	0
7	7	2150	821.422	138.288	404	805	618	238	43	333	863	575	300	42	338.155	8359	363	221	198	188	181	173	166	154	137	102	214.577	1110	274	234	219	209	198	186	175	164	147	103	1	71	808.123	132.982	0	0	0	3244	0	0	0	399	0	0	0	1	51	807.977	134.808	0	0	0	2355	0	0	0	712	0	0	0
8	8	1383	1591.602	153.275	355	359	384	223	33	312	363	381	223	75	111.271	129	118	116	114	113	111	110	108	107	105	100	108.498	126	115	113	111	109	108	107	105	104	103	98	0	0	0.000	0.000	0	0	0	0	0	0	0	0	0	0	0	0	0	0.000	0.000	0	0	0	0	0	0	0	0	0	0	0
9	9	1868	1855.681	159.754	316	737	614	156	20	175	468	793	288	104	279.637	5700	289	207	188	177	168	160	155	149	139	106	133.893	490	146	139	134	130	127	123	121	118	114	103	1	65	1854.100	170.933	0	0	0	2361	0	0	0	265	0	0	0	1	52	1852.946	171.255	0	0	0	1615	0	0	0	307	0	0	0
10	10	1727	1778.430	203.866	252	470	639	274	53	246	566	572	259	50	2086.088	23355	4539	1463	1009	838	727	638	580	495	338	123	255.446	2549	478	185	148	135	129	123	120	117	113	101	1	192	1776.552	204.350	0	0	0	11479	0	0	0	1003	0	0	0	1	159	1776.483	204.094	0	0	0	13579	0	0	0	1209	0	0	0
11	11	1643	1469.368	203.955	232	489	592	275	25	225	676	476	198	35	429.732	10348	482	232	197	186	178	173	166	158	144	111	197.062	1061	227	206	195	187	181	174	165	155	130	102	1	65	1471.428	193.559	0	0	0	4582	0	0	0	370	0	0	0	1	55	1471.428	190.976	0	0	0	1186	0	0	0	656	0	0	0
12	12	1873	453.744	243.894	369	762	572	126	17	167	647	776	207	38	1090.340	5819	1392	1232	1157	1093	1029	972	918	835	664	261	261.211	2066	299	263	248	238	229	220	209	197	178	129	1	28	445.442	254.239	0	0	0	4130	0	0	0	1455	0	0	0	1	50	445.454	254.298	0	0	0	3284	0	0	0	1137	0	0	0
13	13	1429	325.634	266.416	361	421	372	210	37	317	463	405	189	32	115.488	134	123	121	119	118	116	114	112	110	106	99	494.642	788	703	670	626	579	526	476	410	329	196	112	0	0	0.000	0.000	0	0	0	0	0	0	0	0	0	0	0	0	0	0.000	0.000	0	0	0	0	0	0	0	0	0	0	0
14	14	1935	1504.472	273.363	183	443	701	429	144	156	684	721	248	92	216.446	3327	228	212	200	189	179	171	163	155	145	109	150.789	393	178	168	160	153	147	141	136	131	123	103	1	31	1491.728	279.232	0	0	0	1616	0	0	0	195	0	0	0	1	27	1492.207	276.015	0	0	0	399	0	0	0	293	0	0	0
15	15	1231	1593.482	278.031	244	312	296	262	92	228	321	400	227	28	112.100	182	117	115	114	112	112	110	109	108	106	101	160.619	206	181	175	170	166	162	158	154	148	136	108	1	13	1608.664	289.487	0	0	0	153	0	0	0	153	0	0	0	0	0	0.000	0.000	0	0	0	0	0	0	0	0	0	0	0
16	16	605	1549.210	276.229	94	228	173	74	27	61	219	188	96	31	153.203	195	176	170	165	160	155	150	145	137	126	104	134.612	163	152	148	143	140	137	132	127	122	114	103	0	0	0.000	0.000	0	0	0	0	0	0	0	0	0	0	0	0	0	0.000	0.000	0	0	0	0	0	0	0	0	0	0	0
17	17	1115	467.550	292.088	92	242	445	261	57	58	303	526	164	44	829.047	1237	1094	1042	989	918	841	788	731	664	527	187	201.508	269	243	233	225	215	205	194	185	173	155	112	0	0	0.000	0.000	0	0	0	0	0	0	0	0	0	0	0	0	0	0.000	0.000	0	0	0	0	0	0	0	0	0	0	0
18	18	1446	1846.213	301.784	187	591	497	131	18	109	434	540	246	79	167.577	212	193	187	181	175	169	163	156	149	140	115	206.723	290	259	246	234	220	206	192	181	169	156	119	0	0	0.000	0.000	0	0	0	0	0	0	0	0	0	0	0	0	0	0.000	0.000	0	0	0	0	0	0	0	0	0	0	0
19	19	2277	241.558	324.379	284	770	672	390	121	277	878	726	278	71	1700.435	21941	2024	1198	1089	1017	946	871	776	649	488	142	209.024	1838	240	170	163	158	153	148	142	134	126	106	1	148	249.853	332.321	0	0	0	11984	0	0	0	887	0	0	0	1	140	250.091	332.346	0	0	0	12260	0	0	0	933	0	0	0
20	20	2139	309.667	316.692	231	542	678	515	126	284	729	745	280	57	115.240	134	123	120	119	117	115	114	112	110	107	99	349.712	527	458	429	406	386	369	344	315	269	208	112	0	0	0.000	0.000	0	0	0	0	0	0	0	0	0	0	0	0	0	0.000	0.000	0	0	0	0	0	0	0	0	0	0	0
21	21	1479	1528.356	320.237	198	425	485	302	37	164	487	545	218	31	515.110	744	646	616	589	564	535	507	473	422	335	173	132.267	163	145	142	139	137	134	131	127	122	116	104	0	0	0.000	0.000	0	0	0	0	0	0	0	0	0	0	0	0	0	0.000	0.000	0	0	0	0	0	0	0	0	0	0	0
22	22	1941	391.081	331.974	323	631	611	289	51	336	826	504	204	46	113.614	127	120	118	116	115	114	113	111	109	107	99	229.185	311	279	266	257	249	241	229	211	189	159	114	0	0	0.000	0.000	0	0	0	0	0	0	0	0	0	0	0	0	0	0.000	0.000	0	0	0	0	0	0	0	0	0	0	0
23	23	560	985.878	319.475	36	162	196	140	16	37	205	156	112	31	113.827	128	120	118	116	115	114	113	111	110	108	101	165.930	202	189	183	178	172	167	162	157	150	141	113	0	0	0.000	0.000	0	0	0	0	0	0	0	0	0	0	0	0	0	0.000	0.000	0	0	0	0	0	0	0	0	0	0	0
24	24	2147	446.069	335.395	382	608	744	350	35	365	804	638	244	55	115.448	130	122	120	118	117	116	115	113	111	108	99	238.267	349	309	292	277	258	241	225	210	192	159	107	0	0	0.000	0.000	0	0	0	0	0	0	0	0	0	0	0	0	0	0.000	0.000	0	0	0	0	0	0	0	0	0	0	0
25	25	2559	151.575	350.035	600	862	794	227	35	511	1182	624	174	34	197.658	262	233	224	218	211	205	198	187	171	147	107	172.004	240	206	196	188	181	175	168	160	148	132	105	0	0	0.000	0.000	0	0	0	0	0	0	0	0	0	0	0	0	0	0.000	0.000	0	0	0	0	0	0	0	0	0	0	0
26	26	1845	341.408	362.450	350	592	565	246	42	274	708	565	212	56	113.554	131	120	118	117	115	114	112	111	109	106	98	386.274	612	542	513	477	435	393	355	318	276	200	117	0	0	0.000	0.000	0	0	0	0	0	0	0	0	0	0	0	0	0	0.000	0.000	0	0	0	0	0	0	0	0	0	0	0
27	27	1482	208.603	372.414	98	233	511	437	175	169	358	617	263	48	648.465	998	855	809	766	728	691	645	597	515	335	128	138.786	175	159	152	147	143	139	135	132	126	117	101	0	0	0.000	0.000	0	0	0	0	0	0	0	0	0	0	0	0	0	0.000	0.000	0	0	0	0	0	0	0	0	0	0	0
28	28	1487	289.424	380.180	103	389	532	343	94	140	680	445	159	21	468.866	3110	590	534	499	472	448	419	389	342	283	138	136.163	255	151	146	142	139	135	132	128	124	119	104	1	26	281.130	384.909	0	0	0	1816	0	0	0	211	0	0	0	0	0	0.000	0.000	0	0	0	0	0	0	0	0	0	0	0
29	29	2928	106.484	388.886	643	1051	871	298	24	565	1355	690	252	20	778.631	18620	689	303	239	208	190	179	170	159	144	106	211.350	1547	245	209	192	179	170	164	157	147	134	106	1	162	109.222	381.892	0	0	0	9183	0	0	0	766	0	0	0	1	140	109.074	381.712	0	0	0	10315	0	0	0	833	0	0	0
30	30	1607	243.978	403.542	181	392	569	353	80	139	684	567	168	25	175.816	225	201	194	189	184	178	173	167	159	145	111	223.565	307	272	260	248	238	228	218	205	192	168	113	0	0	0.000	0.000	0	0	0	0	0	0	0	0	0	0	0	0	0	0.000	0.000	0	0	0	0	0	0	0	0	0	0	0
31	31	1013	1060.568	398.266	92	193	314	287	103	94	260	326	253	51	113.361	128	119	117	116	115	114	112	111	110	107	99	152.612	196	175	169	165	160	156	149	142	136	125	108	0	0	0.000	0.000	0	0	0	0	0	0	0	0	0	0	0	0	0	0.000	0.000	0	0	0	0	0	0	0	0	0	0	0
32	32	1473	422.555	416.313	214	582	510	118	22	155	428	530	266	69	239.612	335	290	275	264	255	244	234	223	208	181	117	153.132	202	181	172	165	159	154	148	142	136	124	103	0	0	0.000	0.000	0	0	0	0	0	0	0	0	0	0	0	0	0	0.000	0.000	0	0	0	0	0	0	0	0	0	0	0
33	33	1857	967.714	428.865	180	475	701	426	48	115	448	854	303	100	3049.302	4893	4498	4310	3993	3594	3209	2762	2264	1790	1366	542	191.186	269	246	235	223	209	196	179	163	149	129	104	0	0	0.000	0.000	0	0	0	0	0	0	0	0	0	0	0	0	0	0.000	0.000	0	0	0	0	0	0	0	0	0	0	0
34	34	2390	283.333	435.358	303	662	740	532	106	185	686	832	479	155	2310.510	26842	5307	1116	659	559	508	474	433	353	263	124	320.454	3558	586	189	154	147	142	138	132	124	115	100	1	304	278.895	431.977	0	0	0	13318	0	0	0	1267	0	0	0	1	232	278.163	431.353	0	0	0	17474	0	0	0	1700	0	0	0
35	35	2492	205.307	446.678	524	911	767	237	19	619	1188	495	128	12	919.815	22098	1006	298	190	166	153	144	138	130	121	97	321.555	3938	367	267	247	231	219	206	190	168	140	103	1	144	198.428	438.395	0	0	0	9506	0	0	0	1676	0	0	0	1	125	198.315	438.198	0	0	0	12200	0	0	0	2016	0	0	0
36	36	1702	1053.828	448.703	201	496	634	310	37	138	430	654	355	93	343.196	500	453	423	399	380	358	327	297	259	214	135	168.254	227	201	193	185	178	169	162	153	144	133	107	0	0	0.000	0.000	0	0	0	0	0	0	0	0	0	0	0	0	0	0.000	0.000	0	0	0	0	0	0	0	0	0	0	0
37	37	1529	1534.868	449.480	183	461	533	274	58	181	656	487	142	37	111.037	124	116	115	113	112	111	110	109	107	106	99	111.101	129	118	116	114	113	111	110	108	106	104	99	0	0	0.000	0.000	0	0	0	0	0	0	0	0	0	0	0	0	0	0.000	0.000	0	0	0	0	0	0	0	0	0	0	0
38	38	954	1132.972	446.115	381	203	167	137	55	284	204	227	178	48	203.744	2060	271	177	162	152	146	140	133	125	117	106	447.562	2149	605	542	510	476	442	400	338	258	170	111	1	46	1135.101	444.613	0	0	0	994	0	0	0	1022	0	0	0	1	23	1136.659	443.139	0	0	0	617	0	0	0	1593	0	0	0
39	39	1092	1441.296	450.268	74	279	388	270	56	101	470	326	147	31	154.129	192	174	168	164	160	155	151	147	140	132	103	154.839	198	181	173	166	161	154	150	143	137	129	111	0	0	0.000	0.000	0	0	0	0	0	0	0	0	0	0	0	0	0	0.000	0.000	0	0	0	0	0	0	0	0	0	0	0
40	40	1330	1395.517	453.554	114	338	459	310	87	124	385	497	234	71	115.456	131	122	120	118	117	116	114	113	111	108	101	122.954	148	133	130	127	125	124	122	119	116	112	102	0	0	0.000	0.000	0	0	0	0	0	0	0	0	0	0	0	0	0	0.000	0.000	0	0	0	0	0	0	0	0	0	0	0
41	41	1788	416.892	467.142	1367	327	37	21	12	1348	354	34	26	14	1787.845	17781	2433	1622	1475	1350	1259	1141	961	740	497	185	206.815	1946	268	175	162	154	147	140	131	122	115	105	1	109	416.757	472.197	0	0	0	9587	0	0	0	910	0	0	0	1	105	416.941	471.271	0	0	0	9523	0	0	0	923	0	0	0
42	42	1535	472.278	465.755	265	416	559	232	37	342	567	440	122	36	1153.465	4805	1538	1390	1326	1252	1186	1102	987	838	626	191	145.019	522	165	157	151	147	142	137	132	126	118	102	1	12	480.996	454.028	0	0	0	3844	0	0	0	172	0	0	0	1	17	480.857	456.029	0	0	0	2513	0	0	0	285	0	0	0
43	43	1357	1858.671	466.027	137	344	436	301	97	118	515	456	190	51	108.302	119	113	111	110	109	108	107	106	106	104	99	157.839	203	180	175	170	165	160	155	149	142	131	107	0	0	0.000	0.000	0	0	0	0	0	0	0	0	0	0	0	0	0	0.000	0.000	0	0	0	0	0	0	0	0	0	0	0
44	44	2204	1170.457	488.929	323	905	700	213	16	252	799	699	337	82	1697.343	23431	2467	934	786	718	659	594	520	455	368	158	192.472	1796	241	145	132	127	124	121	118	115	112	102	1	173	1160.569	489.106	0	0	0	11927	0	0	0	767	0	0	0	1	157	1161.098	488.594	0	0	0	13657	0	0	0	888	0	0	0
45	45	909	995.459	477.488	107	138	253	346	57	96	248	390	135	22	636.685	898	818	779	747	717	680	626	562	483	402	169	108.701	125	115	112	111	109	108	107	106	105	104	98	0	0	0.000	0.000	0	0	0	0	0	0	0	0	0	0	0	0	0	0.000	0.000	0	0	0	0	0	0	0	0	0	0	0
46	46	1594	1480.466	483.618	111	316	616	405	119	131	481	623	253	77	281.439	5813	254	159	150	144	139	136	133	128	122	103	150.390	662	159	152	148	145	141	137	133	127	119	103	1	75	1490.208	472.943	0	0	0	2452	0	0	0	353	0	0	0	1	56	1490.008	472.763	0	0	0	3376	0	0	0	419	0	0	0
47	47	1573	919.535	488.825	205	395	451	357	131	216	655	407	224	51	371.637	568	493	461	437	410	383	354	319	285	239	110	125.066	161	140	135	131	128	125	122	118	115	111	97	0	0	0.000	0.000	0	0	0	0	0	0	0	0	0	0	0	0	0	0.000	0.000	0	0	0	0	0	0	0	0	0	0	0
48	48	1732	1352.403	492.476	342	649	498	177	36	420	855	336	89	10	117.325	134	125	122	120	119	118	116	114	112	109	95	197.835	279	237	224	216	208	201	194	184	172	153	115	0	0	0.000	0.000	0	0	0	0	0	0	0	0	0	0	0	0	0	0.000	0.000	0	0	0	0	0	0	0	0	0	0	0
49	49	1689	1749.247	498.681	232	566	588	214	55	211	591	547	257	56	115.249	132	122	119	118	116	115	114	113	111	109	101	181.689	252	221	209	200	192	184	176	166	157	138	101	0	0	0.000	0.000	0	0	0	0	0	0	0	0	0	0	0	0	0	0.000	0.000	0	0	0	0	0	0	0	0	0	0	0
50	50	2174	1079.826	500.951	390	803	642	287	12	239	735	706	325	127	1812.865	25546	3545	858	499	401	354	315	280	243	198	114	368.376	4223	634	234	187	174	163	153	145	136	125	102	1	233	1078.647	499.967	0	0	0	12194	0	0	0	1764	0	0	0	1	207	1078.798	499.847	0	0	0	14064	0	0	0	1990	0	0	0
51	51	1345	1417.318	493.963	214	467	435	199	13	104	367	444	261	147	681.908	12530	1061	226	170	160	153	147	140	133	123	102	184.854	1161	208	168	160	154	148	143	136	128	116	98	1	120	1422.611	482.634	0	0	0	5454	0	0	0	611	0	0	0	1	118	1422.956	482.318	0	0	0	5454	0	0	0	613	0	0	0
52	52	1522	384.377	506.457	323	398	460	271	39	286	507	428	218	56	151.684	191	172	166	161	156	153	149	144	137	129	110	471.501	736	653	606	554	508	474	447	418	351	267	138	0	0	0.000	0.000	0	0	0	0	0	0	0	0	0	0	0	0	0	0.000	0.000	0	0	0	0	0	0	0	0	0	0	0
53	53	525	1520.864	498.483	111	102	144	134	25	100	145	146	111	18	136.800	164	152	148	145	142	139	136	131	125	116	103	139.916	177	161	154	150	145	140	136	130	126	118	104	0	0	0.000	0.000	0	0	0	0	0	0	0	0	0	0	0	0	0	0.000	0.000	0	0	0	0	0	0	0	0	0	0	0
54	54	1801	1860.259	522.817	203	626	686	221	39	150	674	703	203	36	355.509	591	474	437	402	376	351	328	307	286	249	117	105.161	119	109	108	106	106	105	104	103	103	102	97	0	0	0.000	0.000	0	0	0	0	0	0	0	0	0	0	0	0	0	0.000	0.000	0	0	0	0	0	0	0	0	0	0	0
55	55	1915	1699.239	523.734	256	584	618	348	70	306	853	407	243	67	1560.975	16591	1825	1539	1405	1279	1148	1042	936	856	568	129	197.779	1883	219	170	161	155	150	144	138	132	122	101	1	89	1699.798	513.925	0	0	0	9212	0	0	0	939	0	0	0	1	85	1699.893	513.704	0	0	0	9460	0	0	0	996	0	0	0
56	56	935	1221.865	530.345	149	385	290	80	17	80	370	271	159	41	174.764	220	199	193	189	184	180	174	167	156	141	111	148.381	186	170	165	160	156	150	145	139	132	122	101	0	0	0.000	0.000	0	0	0	0	0	0	0	0	0	0	0	0	0	0.000	0.000	0	0	0	0	0	0	0	0	0	0	0
57	57	1640	933.312	543.110	288	579	566	171	16	321	665	447	155	27	778.140	14141	971	479	422	396	366	343	316	271	214	123	169.200	1632	195	139	133	130	127	124	121	117	111	101	1	86	940.528	537.011	0	0	0	6438	0	0	0	715	0	0	0	1	75	939.915	537.243	0	0	0	7821	0	0	0	846	0	0	0
58	58	1452	1171.191	544.862	237	338	514	307	22	249	578	370	187	45	749.091	1203	1073	997	931	867	816	734	620	488	317	134	126.218	155	142	138	134	131	128	124	119	114	108	98	0	0	0.000	0.000	0	0	0	0	0	0	0	0	0	0	0	0	0	0.000	0.000	0	0	0	0	0	0	0	0	0	0	0
59	59	1488	428.682	550.525	262	501	517	146	38	265	727	383	74	14	1467.649	2293	2079	1908	1771	1682	1580	1453	1272	1057	665	196	153.468	201	181	175	169	163	156	150	142	132	118	102	0	0	0.000	0.000	0	0	0	0	0	0	0	0	0	0	0	0	0	0.000	0.000	0	0	0	0	0	0	0	0	0	0	0
60	60	1833	988.596	553.856	445	518	535	278	30	363	610	537	232	55	550.888	935	763	714	663	619	584	550	483	377	251	123	106.495	122	112	109	108	107	106	105	104	103	102	95	0	0	0.000	0.000	0	0	0	0	0	0	0	0	0	0	0	0	0	0.000	0.000	0	0	0	0	0	0	0	0	0	0	0
61	61	1473	1423.369	549.751	198	440	445	306	63	206	634	396	154	46	419.451	8132	553	253	221	205	191	176	164	152	139	107	144.185	789	164	139	135	130	126	123	119	116	112	103	1	72	1432.643	551.467	0	0	0	3497	0	0	0	393	0	0	0	1	68	1431.928	551.445	0	0	0	3214	0	0	0	423	0	0	0
62	62	1191	1741.352	553.468	126	356	402	255	30	83	384	379	250	71	983.688	1444	1292	1241	1191	1124	1057	967	865	771	553	156	139.339	168	154	150	147	144	140	137	133	129	123	106	0	0	0.000	0.000	0	0	0	0	0	0	0	0	0	0	0	0	0	0.000	0.000	0	0	0	0	0	0	0	0	0	0	0
63	63	2250	579.718	574.426	305	766	716	364	57	375	1067	546	184	27	401.311	659	527	487	462	441	421	393	358	308	241	125	107.981	133	115	112	110	108	107	106	105	104	103	97	0	0	0.000	0.000	0	0	0	0	0	0	0	0	0	0	0	0	0	0.000	0.000	0	0	0	0	0	0	0	0	0	0	0
64	64	1554	142.247	572.976	241	535	490	211	41	194	539	554	184	51	1129.833	1849	1638	1438	1289	1190	1112	1033	963	881	663	282	107.427	120	112	110	109	108	107	106	105	104	103	96	0	0	0.000	0.000	0	0	0	0	0	0	0	0	0	0	0	0	0	0.000	0.000	0	0	0	0	0	0	0	0	0	0	0
65	65	1850	1096.942	569.340	202	697	708	190	23	204	786	544	244	35	177.236	3150	179	164	159	154	150	145	140	134	128	110	253.709	370	331	315	298	282	265	245	222	197	150	105	1	26	1096.368	564.143	0	0	0	1319	0	0	0	314	0	0	0	0	0	0.000	0.000	0	0	0	0	0	0	0	0	0	0	0
66	66	1325	1377.067	570.649	126	429	505	208	33	116	448	496	184	50	297.325	438	386	365	343	322	299	276	255	236	208	128	126.535	152	139	135	132	129	127	123	121	118	115	103	0	0	0.000	0.000	0	0	0	0	0	0	0	0	0	0	0	0	0	0.000	0.000	0	0	0	0	0	0	0	0	0	0	0
67	67	1766	1516.304	574.126	452	794	426	54	9	277	586	555	246	65	896.749	1465	1261	1196	1098	1008	907	812	706	602	493	274	134.224	167	152	148	144	139	135	131	125	120	115	101	0	0	0.000	0.000	0	0	0	0	0	0	0	0	0	0	0	0	0	0.000	0.000	0	0	0	0	0	0	0	0	0	0	0
68	68	3151	296.237	583.542	365	1270	1152	269	29	360	1478	935	311	18	722.589	20232	635	262	206	185	171	159	148	137	127	103	599.357	4870	815	743	657	582	506	434	359	301	248	124	1	141	286.531	572.620	0	0	0	9537	0	0	0	2412	0	0	0	1	110	286.304	572.737	0	0	0	12554	0	0	0	2836	0	0	0
69	69	1901	821.536	585.395	305	470	632	405	47	387	1024	354	88	9	117.937	142	126	124	122	120	118	116	114	112	109	97	112.505	134	122	118	115	113	112	110	108	106	105	98	0	0	0.000	0.000	0	0	0	0	0	0	0	0	0	0	0	0	0	0.000	0.000	0	0	0	0	0	0	0	0	0	0	0
70	70	811	462.688	577.738	86	330	229	131	24	88	334	226	123	29	715.790	1052	937	875	819	776	737	700	647	597	466	154	134.263	158	147	144	141	138	135	132	129	125	119	107	0	0	0.000	0.000	0	0	0	0	0	0	0	0	0	0	0	0	0	0.000	0.000	0	0	0	0	0	0	0	0	0	0	0
71	71	1799	510.337	581.691	231	565	593	357	19	106	451	844	272	99	888.084	8698	1200	1095	983	874	777	696	645	563	343	134	136.642	608	152	144	138	133	128	124	121	116	109	96	1	32	508.853	568.763	0	0	0	5237	0	0	0	377	0	0	0	1	50	508.428	567.169	0	0	0	2083	0	0	0	341	0	0	0
72	72	1671	1256.784	592.400	213	407	571	386	64	217	487	589	245	110	1050.029	18326	1137	579	505	465	439	418	395	362	310	147	187.105	1926	198	146	139	134	130	127	124	120	114	99	1	100	1268.318	598.787	0	0	0	9092	0	0	0	876	0	0	0	1	95	1268.151	597.953	0	0	0	8531	0	0	0	893	0	0	0
73	73	955	1449.569	587.388	417	387	104	25	11	470	327	98	22	15	184.237	250	217	208	201	195	187	180	171	160	147	111	128.368	179	140	136	133	131	128	126	123	120	116	105	0	0	0.000	0.000	0	0	0	0	0	0	0	0	0	0	0	0	0	0.000	0.000	0	0	0	0	0	0	0	0	0	0	0
74	74	1636	1303.479	597.115	1437	139	23	18	11	1366	191	26	20	14	817.439	14247	899	573	533	503	472	439	397	355	297	133	163.940	1447	176	142	138	135	132	129	127	122	116	101	1	69	1293.533	587.915	0	0	0	6808	0	0	0	623	0	0	0	1	72	1294.420	587.556	0	0	0	6185	0	0	0	692	0	0	0
75	75	1895	245.870	613.009	264	885	612	95	9	189	734	731	183	31	182.414	235	207	201	195	190	184	178	173	166	154	116	161.174	201	182	176	171	167	163	159	154	146	138	113	0	0	0.000	0.000	0	0	0	0	0	0	0	0	0	0	0	0	0	0.000	0.000	0	0	0	0	0	0	0	0	0	0	0
76	76	1145	115.719	613.201	159	298	401	204	65	151	331	490	120	35	181.492	232	208	200	194	190	184	179	173	165	150	112	118.245	145	127	124	121	119	118	116	114	113	110	103	0	0	0.000	0.000	0	0	0	0	0	0	0	0	0	0	0	0	0	0.000	0.000	0	0	0	0	0	0	0	0	0	0	0
77	77	1099	1545.048	614.601	107	337	347	240	39	111	505	272	129	58	763.875	1216	1074	995	937	859	774	686	596	530	461	168	131.396	165	148	143	138	134	131	127	123	120	117	104	0	0	0.000	0.000	0	0	0	0	0	0	0	0	0	0	0	0	0	0.000	0.000	0	0	0	0	0	0	0	0	0	0	0
78	78	1321	470.410	619.607	332	342	371	211	38	298	449	362	168	28	1568.018	17434	2642	1164	952	895	836	775	714	676	628	358	200.653	1557	278	162	149	145	142	139	136	131	126	108	1	95	479.353	624.051	0	0	0	8864	0	0	0	478	0	0	0	1	91	480.613	622.542	0	0	0	5139	0	0	0	806	0	0	0
79	79	1847	1487.014	623.976	228	1015	517	49	8	189	1019	478	108	20	114.519	130	120	118	117	115	114	113	112	111	109	101	219.638	306	271	257	245	233	222	210	198	187	166	106	0	0	0.000	0.000	0	0	0	0	0	0	0	0	0	0	0	0	0	0.000	0.000	0	0	0	0	0	0	0	0	0	0	0
80	80	1263	158.807	636.021	201	407	487	143	9	180	524	432	93	8	472.227	9933	647	260	213	199	193	187	181	171	159	119	136.509	673	154	129	124	122	120	118	117	114	112	100	1	62	165.681	627.147	0	0	0	4142	0	0	0	307	0	0	0	1	58	164.135	626.811	0	0	0	2296	0	0	0	369	0	0	0
81	81	1062	1272.034	639.843	217	247	288	264	28	191	266	357	167	60	327.990	488	442	417	396	369	339	309	287	249	181	116	119.867	156	136	130	124	121	118	116	113	111	107	101	0	0	0.000	0.000	0	0	0	0	0	0	0	0	0	0	0	0	0	0.000	0.000	0	0	0	0	0	0	0	0	0	0	0
82	82	1895	202.956	654.900	320	806	529	192	21	325	980	397	129	21	1163.386	20028	1925	458	265	215	195	185	176	165	150	110	231.899	1779	307	194	180	172	167	162	156	149	137	106	1	161	192.367	652.342	0	0	0	9503	0	0	0	800	0	0	0	1	140	192.477	652.418	0	0	0	10462	0	0	0	915	0	0	0
83	83	1030	1419.237	657.982	118	328	332	216	21	120	368	364	133	31	357.304	508	439	417	403	388	370	355	332	306	250	124	115.791	160	121	120	118	117	116	115	113	112	110	102	0	0	0.000	0.000	0	0	0	0	0	0	0	0	0	0	0	0	0	0.000	0.000	0	0	0	0	0	0	0	0	0	0	0
84	84	1835	1840.782	673.702	270	490	612	356	84	225	541	622	302	84	1180.716	1974	1594	1486	1423	1357	1259	1147	1004	839	631	165	141.412	180	159	154	150	146	143	139	134	129	121	103	0	0	0.000	0.000	0	0	0	0	0	0	0	0	0	0	0	0	0	0.000	0.000	0	0	0	0	0	0	0	0	0	0	0
85	85	1882	1784.805	677.795	438	769	494	141	15	330	774	391	280	81	1340.278	13612	1616	1409	1246	1153	1057	992	899	770	536	182	165.481	1265	176	151	146	141	138	134	130	125	115	103	1	69	1781.383	687.178	0	0	0	7746	0	0	0	571	0	0	0	1	86	1781.502	685.772	0	0	0	5384	0	0	0	630	0	0	0
86	86	1403	1341.755	674.322	140	469	479	250	40	141	712	333	166	23	690.418	1149	950	870	805	757	697	651	606	527	376	165	105.976	116	110	108	107	107	106	105	104	104	103	95	0	0	0.000	0.000	0	0	0	0	0	0	0	0	0	0	0	0	0	0.000	0.000	0	0	0	0	0	0	0	0	0	0	0
87	87	2203	432.684	681.882	376	606	747	351	79	357	879	679	187	61	299.094	6947	273	241	226	214	205	198	189	177	153	114	213.862	490	269	248	235	224	214	206	194	178	152	104	1	55	416.376	674.652	0	0	0	3010	0	0	0	333	0	0	0	0	0	0.000	0.000	0	0	0	0	0	0	0	0	0	0	0
88	88	579	338.290	673.398	84	175	211	83	16	76	177	213	78	26	139.684	168	151	148	145	142	140	137	135	132	129	114	267.592	402	342	314	292	278	268	258	243	226	195	130	0	0	0.000	0.000	0	0	0	0	0	0	0	0	0	0	0	0	0	0.000	0.000	0	0	0	0	0	0	0	0	0	0	0
89	89	1654	1104.044	684.423	819	495	231	75	13	1009	395	156	61	12	127.388	467	136	131	129	126	125	123	120	118	115	101	163.958	253	186	179	174	171	167	162	156	148	136	106	1	25	1101.103	671.953	0	0	0	234	0	0	0	216	0	0	0	0	0	0.000	0.000	0	0	0	0	0	0	0	0	0	0	0
90	90	1925	125.697	686.412	276	873	570	145	16	251	756	683	177	28	1125.390	19526	1901	501	269	213	201	191	181	170	155	120	302.544	2507	426	250	232	221	212	200	187	174	161	113	1	157	135.917	684.538	0	0	0	9362	0	0	0	1130	0	0	0	1	133	135.708	684.411	0	0	0	10829	0	0	0	1314	0	0	0
91	91	1486	1158.271	684.861	711	329	271	118	40	957	261	168	71	10	133.026	703	149	140	135	130	127	123	119	116	113	104	168.849	379	211	200	190	180	168	156	145	136	125	102	1	26	1160.946	676.509	0	0	0	338	0	0	0	268	0	0	0	0	0	0.000	0.000	0	0	0	0	0	0	0	0	0	0	0
92	92	1311	1442.077	702.303	88	278	566	278	81	63	405	651	129	40	462.150	681	576	540	515	490	463	445	421	392	337	186	120.341	138	128	126	124	122	121	119	117	115	112	104	0	0	0.000	0.000	0	0	0	0	0	0	0	0	0	0	0	0	0	0.000	0.000	0	0	0	0	0	0	0	0	0	0	0
93	93	1379	1367.124	715.825	77	372	528	327	46	115	549	443	189	61	903.265	1492	1242	1117	1026	945	877	825	768	714	610	243	108.243	119	113	111	110	109	108	107	107	106	104	97	0	0	0.000	0.000	0	0	0	0	0	0	0	0	0	0	0	0	0	0.000	0.000	0	0	0	0	0	0	0	0	0	0	0
94	94	1431	619.411	713.663	87	264	697	306	57	84	343	735	204	38	633.999	989	841	785	742	704	665	608	552	498	381	133	140.741	174	159	153	149	145	140	137	133	128	123	106	0	0	0.000	0.000	0	0	0	0	0	0	0	0	0	0	0	0	0	0.000	0.000	0	0	0	0	0	0	0	0	0	0	0
95	95	2554	1004.504	720.372	529	834	822	255	71	568	1048	706	177	18	275.175	512	389	340	308	284	265	248	231	207	172	128	109.373	130	116	113	111	110	109	108	107	106	104	98	0	0	0.000	0.000	0	0	0	0	0	0	0	0	0	0	0	0	0	0.000	0.000	0	0	0	0	0	0	0	0	0	0	0
96	96	1839	501.930	720.911	332	503	644	283	42	290	604	605	229	77	2495.868	4100	3697	3371	3038	2808	2584	2351	2146	1675	1083	213	190.201	272	238	225	213	204	195	186	174	154	132	100	0	0	0.000	0.000	0	0	0	0	0	0	0	0	0	0	0	0	0	0.000	0.000	0	0	0	0	0	0	0	0	0	0	0
97	97	2200	561.558	719.235	228	622	797	438	70	215	629	851	400	68	2087.257	25381	3440	1157	960	857	802	753	692	594	436	160	283.981	3236	412	183	163	156	150	145	139	132	121	103	1	210	558.801	712.865	0	0	0	13712	0	0	0	1294	0	0	0	1	176	558.545	712.240	0	0	0	15922	0	0	0	1559	0	0	0
98	98	2107	1912.689	733.418	521	728	607	191	22	446	667	600	296	65	123.244	151	136	132	128	126	123	120	117	115	111	99	556.137	1018	861	754	671	608	564	514	444	362	233	122	0	0	0.000	0.000	0	0	0	0	0	0	0	0	0	0	0	0	0	0.000	0.000	0	0	0	0	0	0	0	0	0	0	0
99	99	1843	1312.453	742.420	1110	409	208	71	21	1148	320	249	85	19	1405.127	2686	2109	1938	1766	1595	1425	1253	1086	885	648	196	112.457	144	118	116	115	114	112	111	110	108	106	100	0	0	0.000	0.000	0	0	0	0	0	0	0	0	0	0	0	0	0	0.000	0.000	0	0	0	0	0	0	0	0	0	0	0
100	100	1003	1867.112	747.879	342	334	224	79	8	277	374	224	96	15	123.764	147	134	130	128	125	123	121	120	118	115	105	269.483	485	391	348	326	303	282	254	214	168	130	107	0	0	0.000	0.000	0	0	0	0	0	0	0	0	0	0	0	0	0	0.000	0.000	0	0	0	0	0	0	0	0	0	0	0
101	101	2206	429.062	754.698	335	702	739	342	41	226	852	754	296	30	1118.189	15661	1250	1013	915	842	776	717	626	528	398	167	155.484	1225	161	142	138	134	131	127	124	120	115	101	1	82	432.005	747.562	0	0	0	8594	0	0	0	637	0	0	0	1	86	432.384	747.375	0	0	0	8399	0	0	0	629	0	0	0
102	102	960	1039.725	757.163	682	170	53	31	10	573	245	64	37	29	289.271	446	371	348	327	313	298	286	270	243	173	115	113.625	136	124	120	117	114	113	111	109	108	106	99	0	0	0.000	0.000	0	0	0	0	0	0	0	0	0	0	0	0	0	0.000	0.000	0	0	0	0	0	0	0	0	0	0	0
103	103	2111	899.587	765.523	237	646	903	266	17	180	513	933	334	118	1662.035	25013	3333	686	358	291	272	250	230	212	185	119	283.761	2572	433	215	194	180	169	159	152	144	133	106	1	212	908.431	764.795	0	0	0	12233	0	0	0	1088	0	0	0	1	176	908.000	764.162	0	0	0	15221	0	0	0	1358	0	0	0
104	104	542	308.538	754.516	196	205	124	9	2	95	165	169	84	16	116.059	136	127	123	120	117	115	113	111	109	107	103	165.196	250	217	203	189	170	158	147	139	131	124	111	0	0	0.000	0.000	0	0	0	0	0	0	0	0	0	0	0	0	0	0.000	0.000	0	0	0	0	0	0	0	0	0	0	0
105	105	2677	1705.489	782.141	2112	414	96	26	10	1816	611	157	50	13	176.553	343	274	251	223	177	154	135	124	114	108	100	181.903	316	262	236	215	195	175	160	143	124	110	99	1	13	1724.816	771.422	0	0	0	273	0	0	0	229	0	0	0	0	0	0.000	0.000	0	0	0	0	0	0	0	0	0	0	0
106	106	2137	554.435	790.721	136	422	822	597	132	140	696	869	329	67	1170.856	18818	1558	868	721	658	591	528	462	393	318	177	188.704	1864	220	162	151	144	137	132	127	122	116	103	1	120	561.120	794.591	0	0	0	8605	0	0	0	837	0	0	0	1	108	560.756	794.008	0	0	0	8985	0	0	0	867	0	0	0
107	107	2009	187.851	784.244	244	596	686	378	67	241	723	710	257	40	354.989	8594	384	231	209	196	186	177	167	154	143	114	201.698	954	238	222	214	204	192	179	166	155	144	110	1	67	190.696	774.070	0	0	0	3597	0	0	0	538	0	0	0	1	47	191.489	773.726	0	0	0	4536	0	0	0	605	0	0	0
108	108	1918	478.922	792.924	239	543	630	361	106	249	730	643	201	70	883.962	11622	968	867	809	754	706	655	597	520	382	151	145.008	1026	149	137	134	131	128	126	123	120	114	102	1	56	479.093	785.911	0	0	0	5956	0	0	0	525	0	0	0	1	60	479.588	785.990	0	0	0	5882	0	0	0	525	0	0	0
109	109	1315	1328.787	795.388	844	348	77	22	10	762	278	201	44	15	981.938	1745	1419	1285	1172	1067	985	915	844	766	476	127	111.653	125	117	115	114	113	112	111	109	108	106	100	0	0	0.000	0.000	0	0	0	0	0	0	0	0	0	0	0	0	0	0.000	0.000	0	0	0	0	0	0	0	0	0	0	0
110	110	1440	216.753	828.508	190	251	560	318	97	167	378	585	188	94	168.523	217	199	190	184	179	173	166	159	147	129	102	186.589	263	239	224	210	197	186	178	168	153	130	102	0	0	0.000	0.000	0	0	0	0	0	0	0	0	0	0	0	0	0	0.000	0.000	0	0	0	0	0	0	0	0	0	0	0
111	111	1305	430.749	842.019	119	280	481	283	106	111	351	607	179	37	154.803	197	179	172	166	160	156	152	146	139	128	105	147.011	189	170	163	157	151	147	142	137	132	125	108	0	0	0.000	0.000	0	0	0	0	0	0	0	0	0	0	0	0	0	0.000	0.000	0	0	0	0	0	0	0	0	0	0	0
112	112	2039	489.548	845.489	250	465	833	396	52	238	625	825	235	72	200.613	273	240	228	218	212	206	198	188	173	152	116	532.460	824	749	684	621	578	540	507	456	384	304	157	0	0	0.000	0.000	0	0	0	0	0	0	0	0	0	0	0	0	0	0.000	0.000	0	0	0	0	0	0	0	0	0	0	0
113	113	1458	568.327	841.742	260	418	431	289	36	232	369	466	269	97	564.632	1007	790	736	683	631	570	513	468	403	311	148	138.039	196	156	152	148	144	140	135	130	124	116	101	0	0	0.000	0.000	0	0	0	0	0	0	0	0	0	0	0	0	0	0.000	0.000	0	0	0	0	0	0	0	0	0	0	0
114	114	705	157.551	843.145	25	198	253	174	37	16	181	283	138	71	350.895	474	415	398	382	370	361	350	333	307	265	156	125.194	140	133	131	129	127	126	124	122	120	117	105	0	0	0.000	0.000	0	0	0	0	0	0	0	0	0	0	0	0	0	0.000	0.000	0	0	0	0	0	0	0	0	0	0	0
115	115	1635	1757.567	867.824	318	472	591	206	18	270	589	530	203	20	381.897	670	570	513	458	407	368	326	292	257	223	148	111.876	132	119	117	115	113	111	110	108	107	105	96	0	0	0.000	0.000	0	0	0	0	0	0	0	0	0	0	0	0	0	0.000	0.000	0	0	0	0	0	0	0	0	0	0	0
116	116	2126	185.155	876.971	337	595	693	407	57	320	765	698	261	50	117.438	136	125	123	121	119	118	116	114	112	110	99	311.322	483	425	398	373	349	327	299	266	223	169	110	0	0	0.000	0.000	0	0	0	0	0	0	0	0	0	0	0	0	0	0.000	0.000	0	0	0	0	0	0	0	0	0	0	0
117	117	1475	1811.910	875.841	138	314	456	419	124	163	402	526	280	64	335.715	542	439	414	396	377	356	322	285	248	202	123	110.434	130	118	115	113	111	110	108	107	106	104	98	0	0	0.000	0.000	0	0	0	0	0	0	0	0	0	0	0	0	0	0.000	0.000	0	0	0	0	0	0	0	0	0	0	0
118	118	2004	1032.267	890.296	448	500	598	384	45	490	887	420	161	11	118.567	135	125	123	121	120	119	117	116	114	111	103	735.884	1128	983	933	887	841	794	740	676	553	340	143	0	0	0.000	0.000	0	0	0	0	0	0	0	0	0	0	0	0	0	0.000	0.000	0	0	0	0	0	0	0	0	0	0	0
119	119	1563	1635.353	893.392	159	598	546	187	49	152	694	463	178	36	114.691	139	121	119	117	116	114	113	112	111	109	101	168.143	212	189	183	178	174	170	165	160	153	145	112	0	0	0.000	0.000	0	0	0	0	0	0	0	0	0	0	0	0	0	0.000	0.000	0	0	0	0	0	0	0	0	0	0	0
120	120	1750	1428.265	900.037	134	329	701	424	119	128	416	797	288	87	921.603	1540	1339	1216	1122	1024	935	849	771	641	443	175	108.607	127	116	112	110	109	108	107	106	105	103	98	0	0	0.000	0.000	0	0	0	0	0	0	0	0	0	0	0	0	0	0.000	0.000	0	0	0	0	0	0	0	0	0	0	0
121	121	1406	883.202	902.092	226	349	578	194	42	222	472	522	140	17	115.691	130	122	120	118	117	116	114	113	112	110	103	105.595	119	111	108	107	106	105	104	103	103	102	97	0	0	0.000	0.000	0	0	0	0	0	0	0	0	0	0	0	0	0	0.000	0.000	0	0	0	0	0	0	0	0	0	0	0
122	122	2111	1704.813	899.932	401	767	756	147	6	284	685	661	352	79	1413.582	24583	2097	509	289	220	197	183	171	157	140	111	387.304	4556	518	306	274	255	236	214	192	171	151	116	1	181	1705.821	891.634	0	0	0	11373	0	0	0	1549	0	0	0	1	133	1705.711	891.564	0	0	0	17232	0	0	0	2282	0	0	0
123	123	926	1075.664	903.325	267	346	200	91	9	188	256	293	157	17	117.959	139	124	122	121	119	118	117	115	113	111	103	194.344	276	242	227	217	209	201	191	176	157	135	107	0	0	0.000	0.000	0	0	0	0	0	0	0	0	0	0	0	0	0	0.000	0.000	0	0	0	0	0	0	0	0	0	0	0
124	124	1063	1378.465	903.609	172	306	363	179	26	168	383	349	123	25	393.415	615	530	491	458	424	392	365	334	303	264	138	108.225	156	116	110	109	107	106	105	105	104	103	98	0	0	0.000	0.000	0	0	0	0	0	0	0	0	0	0	0	0	0	0.000	0.000	0	0	0	0	0	0	0	0	0	0	0
125	125	1107	147.396	916.608	233	305	291	201	51	266	293	288	171	70	117.202	138	123	121	120	119	117	116	114	113	111	101	328.042	448	405	392	376	359	343	326	300	265	221	128	0	0	0.000	0.000	0	0	0	0	0	0	0	0	0	0	0	0	0	0.000	0.000	0	0	0	0	0	0	0	0	0	0	0
126	126	1734	1791.778	925.326	191	629	610	244	28	125	667	576	288	50	281.161	3466	301	259	247	239	233	225	215	199	173	118	154.295	563	171	162	157	152	149	145	140	133	122	103	1	40	1777.317	916.041	0	0	0	1970	0	0	0	394	0	0	0	1	44	1777.497	916.061	0	0	0	1591	0	0	0	390	0	0	0
127	127	1783	434.702	935.349	886	639	138	48	24	1001	616	91	33	16	620.507	15469	758	281	200	177	167	159	154	148	140	115	187.150	887	217	191	183	174	167	160	155	147	135	108	1	86	422.959	936.961	0	0	0	6836	0	0	0	522	0	0	0	1	78	423.315	936.824	0	0	0	7616	0	0	0	542	0	0	0
128	128	998	1653.095	938.373	33	253	408	251	45	38	514	289	117	19	113.188	125	118	116	115	114	113	112	111	110	108	103	169.245	208	191	184	179	175	171	167	161	156	146	112	0	0	0.000	0.000	0	0	0	0	0	0	0	0	0	0	0	0	0	0.000	0.000	0	0	0	0	0	0	0	0	0	0	0
129	129	1934	1744.997	947.336	517	636	549	147	38	456	709	493	193	46	181.896	730	221	208	198	189	181	173	163	152	133	105	204.781	310	266	248	236	222	207	192	179	164	134	103	0	0	0.000	0.000	0	0	0	0	0	0	0	0	0	0	0	0	0	0.000	0.000	0	0	0	0	0	0	0	0	0	0	0
130	130	1521	1425.063	949.438	154	352	656	310	17	92	273	740	317	76	1016.824	1609	1399	1274	1170	1092	1036	971	889	782	636	244	110.026	129	119	115	112	110	109	107	106	105	104	99	0	0	0.000	0.000	0	0	0	0	0	0	0	0	0	0	0	0	0	0.000	0.000	0	0	0	0	0	0	0	0	0	0	0
131	131	1179	738.736	949.357	348	393	295	89	29	281	267	301	226	77	113.501	134	122	119	117	115	113	111	109	108	106	100	432.876	714	642	606	560	505	446	383	329	262	197	110	0	0	0.000	0.000	0	0	0	0	0	0	0	0	0	0	0	0	0	0.000	0.000	0	0	0	0	0	0	0	0	0	0	0
132	132	1841	166.051	958.999	114	551	919	213	8	62	309	933	370	128	119.684	516	124	121	119	118	116	115	113	112	109	100	139.688	223	158	153	149	145	142	137	132	126	118	101	1	30	162.746	940.657	0	0	0	279	0	0	0	145	0	0	0	0	0	0.000	0.000	0	0	0	0	0	0	0	0	0	0	0
133	133	843	1618.495	959.887	451	265	84	14	13	435	278	96	14	7	152.331	219	182	168	160	155	152	148	143	136	121	104	323.473	536	456	396	370	347	330	310	292	250	171	115	0	0	0.000	0.000	0	0	0	0	0	0	0	0	0	0	0	0	0	0.000	0.000	0	0	0	0	0	0	0	0	0	0	0
134	134	1276	367.886	965.457	149	396	389	270	48	271	552	304	113	16	163.442	208	185	180	174	170	165	161	155	148	139	112	201.513	279	251	234	222	212	201	192	181	170	155	113	0	0	0.000	0.000	0	0	0	0	0	0	0	0	0	0	0	0	0	0.000	0.000	0	0	0	0	0	0	0	0	0	0	0
135	135	1862	1805.166	977.128	183	535	749	326	39	158	680	646	279	65	3169.745	29370	12438	2333	843	472	332	260	219	192	161	110	651.087	6337	2035	457	245	186	164	152	144	135	123	103	1	331	1804.855	977.103	0	0	0	14744	0	0	0	2411	0	0	0	1	273	1804.379	976.638	0	0	0	19560	0	0	0	3073	0	0	0
136	136	1459	465.114	984.366	999	324	61	30	28	957	353	81	24	20	1075.606	1950	1660	1429	1254	1122	1027	931	855	777	610	179	165.792	227	199	188	178	171	164	158	152	145	135	109	0	0	0.000	0.000	0	0	0	0	0	0	0	0	0	0	0	0	0	0.000	0.000	0	0	0	0	0	0	0	0	0	0	0
137	137	878	1654.531	980.840	118	236	321	150	35	143	297	259	147	13	118.936	147	131	128	124	120	117	115	113	111	109	99	425.228	713	624	576	532	490	450	398	342	262	174	118	0	0	0.000	0.000	0	0	0	0	0	0	0	0	0	0	0	0	0	0.000	0.000	0	0	0	0	0	0	0	0	0	0	0
138	138	2194	196.959	1000.965	321	591	842	370	19	228	633	883	287	115	135.709	170	150	147	143	141	138	134	131	125	116	102	275.528	391	349	330	316	304	291	273	248	217	179	121	0	0	0.000	0.000	0	0	0	0	0	0	0	0	0	0	0	0	0	0.000	0.000	0	0	0	0	0	0	0	0	0	0	0
139	139	1193	1717.823	998.276	276	394	371	101	32	353	532	237	38	15	170.809	374	208	193	184	178	172	164	157	144	128	104	164.169	239	200	186	177	171	165	159	151	140	124	106	0	0	0.000	0.000	0	0	0	0	0	0	0	0	0	0	0	0	0	0.000	0.000	0	0	0	0	0	0	0	0	0	0	0
140	140	1164	1619.194	1010.329	162	528	347	83	24	142	660	240	98	12	118.209	134	125	122	121	119	118	117	116	114	112	103	179.013	226	203	197	194	189	184	180	173	163	144	106	0	0	0.000	0.000	0	0	0	0	0	0	0	0	0	0	0	0	0	0.000	0.000	0	0	0	0	0	0	0	0	0	0	0
141	141	2039	139.568	1021.388	147	463	958	369	56	127	670	899	266	34	236.850	7492	225	159	151	145	140	136	132	127	122	107	251.836	438	327	311	292	272	250	231	216	197	174	120	1	39	133.388	1033.165	0	0	0	3425	0	0	0	327	0	0	0	0	0	0.000	0.000	0	0	0	0	0	0	0	0	0	0	0
142	142	964	566.710	1020.681	81	290	382	171	31	91	246	433	132	38	1232.452	2104	1790	1636	1499	1401	1310	1177	1043	835	541	183	159.353	205	188	181	176	170	164	156	148	137	123	98	0	0	0.000	0.000	0	0	0	0	0	0	0	0	0	0	0	0	0	0.000	0.000	0	0	0	0	0	0	0	0	0	0	0
143	143	1636	1668.691	1029.486	325	422	600	224	39	264	349	650	261	84	141.241	1487	145	129	125	122	120	118	117	115	112	103	184.546	512	219	207	199	192	186	179	168	155	142	112	1	39	1682.721	1016.952	0	0	0	662	0	0	0	224	0	0	0	0	0	0.000	0.000	0	0	0	0	0	0	0	0	0	0	0
144	144	2170	458.137	1040.578	124	465	848	585	109	183	768	862	266	43	1168.698	6544	1720	1504	1321	1215	1127	1012	895	756	535	143	173.887	821	209	192	181	174	168	160	151	141	128	100	1	26	464.399	1024.127	0	0	0	4473	0	0	0	415	0	0	0	1	35	462.377	1024.316	0	0	0	2985	0	0	0	493	0	0	0
145	145	1088	1338.246	1034.706	122	333	371	210	28	99	312	324	258	76	119.160	135	127	124	122	121	119	118	116	114	112	105	201.212	287	252	234	220	210	199	191	182	173	154	112	0	0	0.000	0.000	0	0	0	0	0	0	0	0	0	0	0	0	0	0.000	0.000	0	0	0	0	0	0	0	0	0	0	0
146	146	1452	76.248	1037.475	378	482	458	86	19	398	616	323	60	16	111.649	125	117	115	114	112	112	110	109	108	107	101	173.645	226	200	192	186	181	176	171	164	156	143	106	0	0	0.000	0.000	0	0	0	0	0	0	0	0	0	0	0	0	0	0.000	0.000	0	0	0	0	0	0	0	0	0	0	0
147	147	1920	1514.384	1045.329	206	692	647	324	25	144	768	628	243	98	631.117	14567	763	310	227	210	200	192	184	176	161	119	287.040	1577	347	314	294	275	263	248	236	218	189	124	1	94	1504.784	1052.406	0	0	0	6358	0	0	0	697	0	0	0	1	49	1505.052	1051.774	0	0	0	11728	0	0	0	979	0	0	0
148	148	1688	533.289	1052.966	111	463	701	321	54	125	678	646	196	17	1218.387	1905	1650	1537	1460	1390	1274	1151	1032	852	705	238	152.329	201	178	171	166	159	152	146	141	134	126	104	0	0	0.000	0.000	0	0	0	0	0	0	0	0	0	0	0	0	0	0.000	0.000	0	0	0	0	0	0	0	0	0	0	0
149	149	1409	358.189	1073.424	147	256	540	347	93	133	351	619	221	62	112.339	125	117	116	114	113	112	111	110	109	107	99	149.857	194	172	165	160	155	151	146	141	135	125	105	0	0	0.000	0.000	0	0	0	0	0	0	0	0	0	0	0	0	0	0.000	0.000	0	0	0	0	0	0	0	0	0	0	0
150	150	1255	1188.663	1075.251	93	267	449	327	92	93	568	380	162	29	790.539	1167	1060	995	937	884	831	756	684	589	462	216	145.088	177	164	160	156	153	149	144	137	129	118	102	0	0	0.000	0.000	0	0	0	0	0	0	0	0	0	0	0	0	0	0.000	0.000	0	0	0	0	0	0	0	0	0	0	0
151	151	2297	91.670	1097.360	402	842	742	244	30	368	966	684	192	51	112.338	129	118	116	114	113	112	111	110	109	107	100	224.517	321	280	260	248	237	226	217	206	190	165	110	0	0	0.000	0.000	0	0	0	0	0	0	0	0	0	0	0	0	0	0.000	0.000	0	0	0	0	0	0	0	0	0	0	0
152	152	1651	504.715	1100.949	188	485	645	263	40	219	740	528	121	11	135.170	163	149	145	142	139	136	133	129	126	120	104	104.800	122	109	107	106	105	104	104	103	102	101	96	0	0	0.000	0.000	0	0	0	0	0	0	0	0	0	0	0	0	0	0.000	0.000	0	0	0	0	0	0	0	0	0	0	0
153	153	2015	246.112	1109.865	146	365	757	590	125	141	570	893	288	70	2798.183	27251	8580	1825	1024	780	653	566	484	408	326	136	233.826	1752	488	177	140	128	123	119	115	112	109	100	1	299	241.238	1109.722	0	0	0	14007	0	0	0	758	0	0	0	1	252	241.330	1109.989	0	0	0	17100	0	0	0	895	0	0	0
154	154	554	1365.083	1102.606	46	147	180	137	31	69	138	176	118	40	121.025	139	128	126	124	122	121	120	118	117	114	104	173.060	212	198	191	185	179	175	171	165	157	146	117	0	0	0.000	0.000	0	0	0	0	0	0	0	0	0	0	0	0	0	0.000	0.000	0	0	0	0	0	0	0	0	0	0	0
155	155	1841	380.830	1124.978	279	505	662	310	56	254	679	612	224	24	139.917	169	155	151	148	145	142	139	134	128	120	104	201.609	273	243	235	228	220	210	197	182	166	147	105	0	0	0.000	0.000	0	0	0	0	0	0	0	0	0	0	0	0	0	0.000	0.000	0	0	0	0	0	0	0	0	0	0	0
156	156	1092	459.343	1120.108	133	258	382	237	62	157	452	278	162	25	114.724	132	121	119	117	116	115	113	112	110	109	101	186.277	260	230	217	206	197	188	178	168	156	144	107	0	0	0.000	0.000	0	0	0	0	0	0	0	0	0	0	0	0	0	0.000	0.000	0	0	0	0	0	0	0	0	0	0	0
157	157	2165	159.066	1137.860	1510	427	115	71	26	1497	484	106	36	21	490.241	901	688	643	600	568	530	476	411	320	208	119	106.713	122	112	110	108	107	106	105	104	103	102	95	0	0	0.000	0.000	0	0	0	0	0	0	0	0	0	0	0	0	0	0.000	0.000	0	0	0	0	0	0	0	0	0	0	0
158	158	2010	349.063	1170.390	330	704	679	234	29	282	786	627	237	44	175.041	4051	176	152	146	142	138	135	131	127	120	102	181.749	357	222	210	199	190	181	172	164	155	139	105	1	29	338.490	1158.413	0	0	0	1545	0	0	0	284	0	0	0	0	0	0.000	0.000	0	0	0	0	0	0	0	0	0	0	0
159	159	1308	551.461	1165.751	193	379	417	266	32	160	543	373	176	28	130.451	155	142	139	136	134	131	129	126	122	116	100	105.599	121	112	109	107	105	104	104	103	102	101	96	0	0	0.000	0.000	0	0	0	0	0	0	0	0	0	0	0	0	0	0.000	0.000	0	0	0	0	0	0	0	0	0	0	0
160	160	873	1392.049	1162.189	178	386	213	74	7	144	260	282	139	26	1687.380	14971	2992	1521	1164	1071	989	929	873	809	722	390	170.923	882	234	161	144	140	137	135	132	129	125	110	1	67	1396.284	1156.902	0	0	0	8138	0	0	0	433	0	0	0	1	67	1397.041	1156.421	0	0	0	7202	0	0	0	460	0	0	0
161	161	1742	1640.727	1174.207	184	509	609	327	86	134	761	540	236	35	625.696	1001	845	768	710	670	635	588	530	476	406	240	112.096	134	119	116	114	113	112	110	109	108	106	99	0	0	0.000	0.000	0	0	0	0	0	0	0	0	0	0	0	0	0	0.000	0.000	0	0	0	0	0	0	0	0	0	0	0
162	162	1906	1481.311	1194.555	291	729	605	220	24	193	690	639	283	65	1960.432	23792	3819	876	775	735	701	661	619	567	488	210	201.837	1451	301	151	142	139	136	133	130	127	122	106	1	189	1490.242	1200.049	0	0	0	12045	0	0	0	720	0	0	0	1	173	1489.727	1199.785	0	0	0	13617	0	0	0	775	0	0	0
163	163	1557	1526.272	1208.947	155	402	549	351	67	120	628	532	196	35	861.071	1349	1154	1041	975	914	866	822	765	690	554	230	111.662	136	118	116	114	112	111	110	109	107	106	99	0	0	0.000	0.000	0	0	0	0	0	0	0	0	0	0	0	0	0	0.000	0.000	0	0	0	0	0	0	0	0	0	0	0
164	164	1600	606.637	1215.409	554	781	176	44	21	456	664	403	48	7	111.569	136	121	115	113	111	110	109	108	107	106	100	117.623	204	155	131	116	109	107	106	105	104	102	97	0	0	0.000	0.000	0	0	0	0	0	0	0	0	0	0	0	1	378	604.980	1213.575	0	0	0	119	0	0	0	150	0	0	0
165	165	2056	514.091	1226.855	407	585	640	328	51	417	1057	374	145	27	116.635	135	123	121	119	118	117	116	114	113	110	101	326.293	510	441	415	389	362	335	306	273	238	194	121	0	0	0.000	0.000	0	0	0	0	0	0	0	0	0	0	0	0	0	0.000	0.000	0	0	0	0	0	0	0	0	0	0	0
166	166	1444	404.334	1230.105	1069	297	42	14	10	850	344	161	57	12	401.534	621	509	477	453	436	414	392	363	328	264	135	108.706	130	117	113	110	108	107	106	105	104	103	97	0	0	0.000	0.000	0	0	0	0	0	0	0	0	0	0	0	0	0	0.000	0.000	0	0	0	0	0	0	0	0	0	0	0
167	167	1121	1255.768	1225.550	144	440	359	139	23	148	451	334	115	50	213.686	672	247	236	229	220	212	204	195	185	174	133	224.843	311	282	266	252	238	224	209	197	187	175	124	0	0	0.000	0.000	0	0	0	0	0	0	0	0	0	0	0	0	0	0.000	0.000	0	0	0	0	0	0	0	0	0	0	0
168	168	1610	158.645	1240.447	120	281	547	462	163	119	480	635	242	108	864.480	1477	1217	1118	1035	950	872	796	717	625	498	193	120.168	152	134	129	125	122	119	117	114	112	108	95	0	0	0.000	0.000	0	0	0	0	0	0	0	0	0	0	0	0	0	0.000	0.000	0	0	0	0	0	0	0	0	0	0	0
169	169	597	316.723	1249.316	81	205	130	111	60	43	180	177	141	46	113.893	129	120	118	116	115	114	113	111	110	108	102	111.328	126	118	116	114	112	111	110	109	107	105	100	0	0	0.000	0.000	0	0	0	0	0	0	0	0	0	0	0	0	0	0.000	0.000	0	0	0	0	0	0	0	0	0	0	0
170	170	1631	1480.035	1276.264	520	481	337	216	51	494	639	301	132	37	135.441	155	144	141	139	137	135	134	132	130	127	112	520.841	855	773	716	652	591	529	481	420	339	230	123	0	0	0.000	0.000	0	0	0	0	0	0	0	0	0	0	0	0	0	0.000	0.000	0	0	0	0	0	0	0	0	0	0	0
171	171	1948	340.192	1289.777	135	419	814	483	58	190	811	644	241	20	116.512	134	123	121	119	118	116	115	114	112	110	102	111.144	127	118	115	114	112	111	110	109	107	105	98	0	0	0.000	0.000	0	0	0	0	0	0	0	0	0	0	0	0	0	0.000	0.000	0	0	0	0	0	0	0	0	0	0	0
172	172	1651	941.020	1283.560	295	405	665	234	15	250	503	603	206	50	119.478	139	126	124	122	121	119	118	117	115	113	102	225.322	317	284	270	254	241	229	217	203	187	157	111	0	0	0.000	0.000	0	0	0	0	0	0	0	0	0	0	0	0	0	0.000	0.000	0	0	0	0	0	0	0	0	0	0	0
173	173	1130	894.261	1300.420	185	308	419	175	20	84	302	506	155	53	117.376	137	124	121	120	118	117	116	115	113	111	104	217.297	287	264	253	245	237	227	218	205	182	148	111	0	0	0.000	0.000	0	0	0	0	0	0	0	0	0	0	0	0	0	0.000	0.000	0	0	0	0	0	0	0	0	0	0	0
174	174	2176	1123.634	1323.838	258	764	743	322	56	241	1046	614	201	44	990.483	19532	1285	399	272	232	219	207	194	182	168	117	352.014	3707	429	304	283	267	243	219	198	178	158	115	1	159	1125.196	1313.126	0	0	0	8716	0	0	0	1518	0	0	0	1	122	1125.163	1313.073	0	0	0	11734	0	0	0	2041	0	0	0
175	175	2155	857.531	1351.432	555	687	591	211	69	607	923	453	125	17	663.581	1242	1080	996	866	748	629	516	436	396	306	137	112.082	141	123	118	114	112	111	109	108	106	105	97	0	0	0.000	0.000	0	0	0	0	0	0	0	0	0	0	0	0	0	0.000	0.000	0	0	0	0	0	0	0	0	0	0	0
176	176	1467	1602.748	1339.765	349	518	452	100	16	264	439	449	244	50	117.853	134	125	122	121	120	118	117	115	113	111	103	147.780	207	171	164	159	155	150	146	141	132	118	101	0	0	0.000	0.000	0	0	0	0	0	0	0	0	0	0	0	0	0	0.000	0.000	0	0	0	0	0	0	0	0	0	0	0
177	177	1727	368.599	1345.608	233	549	529	300	85	187	576	596	287	51	119.713	142	127	124	123	121	120	119	117	115	112	105	112.391	133	122	119	116	113	111	110	108	107	104	98	0	0	0.000	0.000	0	0	0	0	0	0	0	0	0	0	0	0	0	0.000	0.000	0	0	0	0	0	0	0	0	0	0	0
178	178	1914	1651.157	1360.662	254	564	669	336	55	213	559	749	272	92	130.240	1299	131	125	122	120	119	117	116	114	111	101	151.859	323	174	167	161	157	153	148	143	135	123	98	1	23	1656.890	1360.668	0	0	0	709	0	0	0	184	0	0	0	0	0	0.000	0.000	0	0	0	0	0	0	0	0	0	0	0
179	179	1468	486.440	1367.028	375	375	401	265	26	384	511	351	166	32	700.398	9335	1276	587	424	378	359	343	323	276	222	142	164.191	1248	218	150	138	132	127	122	118	114	109	100	1	59	494.447	1365.553	0	0	0	3139	0	0	0	264	0	0	0	1	67	495.110	1365.485	0	0	0	2854	0	0	0	360	0	0	0
180	180	3384	1426.516	1384.158	2482	469	259	109	40	2389	486	295	152	31	818.667	3686	1712	1262	1061	909	682	374	195	164	150	117	110.340	157	120	117	114	111	109	107	105	104	102	97	1	14	1406.290	1363.452	0	0	0	1874	0	0	0	119	0	0	0	0	0	0.000	0.000	0	0	0	0	0	0	0	0	0	0	0
181	181	1549	1213.870	1390.655	252	520	515	200	27	382	725	289	112	16	121.045	137	128	126	124	123	121	120	118	116	114	106	157.238	203	183	175	169	164	159	153	147	140	130	106	0	0	0.000	0.000	0	0	0	0	0	0	0	0	0	0	0	0	0	0.000	0.000	0	0	0	0	0	0	0	0	0	0	0
182	182	939	1170.006	1409.256	69	238	424	170	22	58	345	351	141	24	118.114	131	124	122	121	119	118	117	116	114	112	104	147.876	182	165	160	157	153	150	146	141	135	128	108	0	0	0.000	0.000	0	0	0	0	0	0	0	0	0	0	0	0	0	0.000	0.000	0	0	0	0	0	0	0	0	0	0	0
183	183	1683	490.677	1426.170	596	553	360	134	17	455	677	401	104	26	1024.093	19079	1310	617	533	494	460	419	369	308	233	128	210.228	2861	241	153	143	138	134	130	125	120	113	102	1	85	488.117	1432.518	0	0	0	9416	0	0	0	1270	0	0	0	1	80	488.222	1432.208	0	0	0	9887	0	0	0	1384	0	0	0
184	184	1904	216.488	1446.315	262	537	759	276	31	172	572	856	223	47	111.690	127	117	115	114	113	112	111	110	108	107	99	104.141	120	108	106	105	104	104	103	102	102	101	96	0	0	0.000	0.000	0	0	0	0	0	0	0	0	0	0	0	0	0	0.000	0.000	0	0	0	0	0	0	0	0	0	0	0
185	185	1148	312.885	1440.993	765	215	111	40	11	555	309	143	97	29	116.793	137	126	122	120	118	116	115	113	111	109	101	135.733	189	164	153	144	138	133	129	124	119	113	102	0	0	0.000	0.000	0	0	0	0	0	0	0	0	0	0	0	0	0	0.000	0.000	0	0	0	0	0	0	0	0	0	0	0
186	186	1289	1164.240	1454.093	295	517	352	89	15	184	429	407	183	66	156.652	373	171	162	158	154	151	148	145	140	134	106	160.928	213	189	183	177	171	163	155	149	142	126	102	0	0	0.000	0.000	0	0	0	0	0	0	0	0	0	0	0	0	0	0.000	0.000	0	0	0	0	0	0	0	0	0	0	0
187	187	2674	1576.002	1473.924	1016	933	521	142	21	898	1051	473	176	42	118.148	147	126	124	122	120	118	116	115	113	110	95	114.319	143	126	121	117	115	113	111	109	108	105	99	0	0	0.000	0.000	0	0	0	0	0	0	0	0	0	0	0	0	0	0.000	0.000	0	0	0	0	0	0	0	0	0	0	0
188	188	1871	1062.529	1469.935	575	934	290	27	9	802	902	121	6	4	645.656	16313	749	267	211	199	188	180	173	164	151	107	283.255	2063	332	279	263	250	238	227	216	201	173	116	1	88	1073.852	1466.895	0	0	0	7426	0	0	0	985	0	0	0	1	75	1074.081	1465.656	0	0	0	4888	0	0	0	1238	0	0	0
189	189	2764	540.571	1475.018	572	766	923	375	83	582	1082	806	220	31	696.772	15617	676	287	232	205	189	174	162	152	138	109	298.139	2563	363	311	282	255	234	217	204	185	157	110	1	156	542.052	1474.787	0	0	0	7859	0	0	0	1087	0	0	0	1	121	541.952	1474.713	0	0	0	9766	0	0	0	1404	0	0	0
190	190	1687	1787.208	1476.799	148	471	699	283	52	153	562	653	237	55	564.658	12768	740	301	230	212	198	184	174	164	150	113	261.567	1315	328	299	275	255	233	216	200	185	169	119	1	81	1794.995	1481.791	0	0	0	5579	0	0	0	697	0	0	0	1	53	1794.559	1481.696	0	0	0	7500	0	0	0	876	0	0	0
191	191	568	1848.786	1470.784	61	110	155	155	80	31	100	221	153	58	264.803	350	325	309	294	282	270	254	238	222	200	146	114.391	129	123	120	118	116	114	112	111	109	107	100	0	0	0.000	0.000	0	0	0	0	0	0	0	0	0	0	0	0	0	0.000	0.000	0	0	0	0	0	0	0	0	0	0	0
192	192	1180	340.718	1486.438	610	250	185	90	24	557	259	218	107	29	116.821	133	124	122	120	119	117	115	114	112	109	101	148.231	190	171	165	160	156	153	147	139	128	118	105	0	0	0.000	0.000	0	0	0	0	0	0	0	0	0	0	0	0	0	0.000	0.000	0	0	0	0	0	0	0	0	0	0	0
193	193	947	122.470	1510.882	143	258	288	201	41	212	284	303	112	20	3101.725	5303	4750	4332	4063	3686	3298	2844	2314	1752	1148	440	245.633	356	324	307	291	274	252	230	206	182	156	111	0	0	0.000	0.000	0	0	0	0	0	0	0	0	0	0	0	0	0	0.000	0.000	0	0	0	0	0	0	0	0	0	0	0
194	194	1178	843.978	1518.200	229	394	428	91	16	152	368	335	226	82	115.126	128	121	119	118	117	115	114	113	111	109	102	184.110	239	213	205	200	195	189	184	175	163	144	110	0	0	0.000	0.000	0	0	0	0	0	0	0	0	0	0	0	0	0	0.000	0.000	0	0	0	0	0	0	0	0	0	0	0
195	195	1783	1672.448	1527.400	376	676	496	182	18	276	695	537	196	50	1181.029	21057	1211	699	651	604	566	532	494	422	323	140	193.910	1954	202	156	149	146	142	138	134	128	119	101	1	95	1668.878	1515.710	0	0	0	10682	0	0	0	922	0	0	0	1	94	1668.846	1515.647	0	0	0	10687	0	0	0	954	0	0	0
196	196	1904	245.945	1539.119	358	537	646	289	41	257	631	671	254	60	1324.204	2091	1829	1700	1591	1485	1391	1306	1216	966	622	197	137.735	180	158	153	148	144	140	136	131	123	110	95	0	0	0.000	0.000	0	0	0	0	0	0	0	0	0	0	0	0	0	0.000	0.000	0	0	0	0	0	0	0	0	0	0	0
197	197	1364	1077.742	1542.239	253	449	409	195	32	157	541	386	160	106	145.125	180	163	158	153	150	147	144	140	134	125	105	182.443	250	224	212	202	191	182	174	168	155	137	102	0	0	0.000	0.000	0	0	0	0	0	0	0	0	0	0	0	0	0	0.000	0.000	0	0	0	0	0	0	0	0	0	0	0
198	198	1860	403.332	1553.694	276	709	618	206	11	203	630	633	253	110	210.477	4796	224	169	156	148	142	137	132	126	116	100	202.193	821	259	240	223	207	194	182	169	157	141	104	1	49	399.054	1538.920	0	0	0	1792	0	0	0	433	0	0	0	1	28	399.234	1538.480	0	0	0	2572	0	0	0	559	0	0	0
199	199	1238	1024.840	1552.121	145	464	438	160	12	128	598	312	153	22	166.036	216	194	187	179	173	167	161	155	147	134	111	214.176	294	267	254	242	229	216	203	189	176	158	124	0	0	0.000	0.000	0	0	0	0	0	0	0	0	0	0	0	0	0	0.000	0.000	0	0	0	0	0	0	0	0	0	0	0
200	200	1009	195.834	1564.073	129	386	280	151	45	152	474	268	80	12	118.907	136	127	124	122	121	119	117	116	114	111	104	123.459	148	134	131	129	126	123	121	119	116	112	101	0	0	0.000	0.000	0	0	0	0	0	0	0	0	0	0	0	0	0	0.000	0.000	0	0	0	0	0	0	0	0	0	0	0
201	201	878	393.575	1600.045	142	300	237	128	59	119	300	283	130	35	107.909	121	113	111	110	109	108	107	106	105	103	100	220.814	297	268	255	244	234	225	215	202	186	165	130	0	0	0.000	0.000	0	0	0	0	0	0	0	0	0	0	0	0	0	0.000	0.000	0	0	0	0	0	0	0	0	0	0	0
202	202	1748	194.291	1613.897	216	716	595	169	20	130	537	763	224	61	126.542	249	136	132	130	128	126	125	122	119	115	102	137.381	189	150	147	144	141	139	136	133	128	121	103	0	0	0.000	0.000	0	0	0	0	0	0	0	0	0	0	0	0	0	0.000	0.000	0	0	0	0	0	0	0	0	0	0	0
203	203	1542	76.485	1612.577	380	768	339	21	11	237	699	417	142	22	223.366	610	286	250	235	222	212	204	197	190	175	116	127.634	151	139	136	133	131	129	126	124	120	113	100	0	0	0.000	0.000	0	0	0	0	0	0	0	0	0	0	0	0	0	0.000	0.000	0	0	0	0	0	0	0	0	0	0	0
204	204	1886	324.931	1620.019	179	450	658	443	124	218	792	526	251	67	175.896	230	209	198	190	183	178	171	163	153	141	114	218.142	307	274	259	247	235	222	207	193	177	158	114	0	0	0.000	0.000	0	0	0	0	0	0	0	0	0	0	0	0	0	0.000	0.000	0	0	0	0	0	0	0	0	0	0	0
205	205	1501	1679.758	1620.401	282	637	457	84	10	146	530	511	222	69	110.343	130	116	114	112	111	110	109	108	107	105	98	162.139	214	187	180	173	168	163	157	151	145	137	109	0	0	0.000	0.000	0	0	0	0	0	0	0	0	0	0	0	0	0	0.000	0.000	0	0	0	0	0	0	0	0	0	0	0
206	206	1742	432.399	1627.313	296	551	528	300	34	239	584	531	262	82	107.443	119	112	110	109	108	107	107	105	104	103	98	219.987	332	286	269	251	234	219	204	188	172	154	109	0	0	0.000	0.000	0	0	0	0	0	0	0	0	0	0	0	0	0	0.000	0.000	0	0	0	0	0	0	0	0	0	0	0
207	207	992	241.977	1622.580	65	267	371	229	40	85	423	315	126	22	115.965	137	123	120	119	117	116	115	113	112	109	101	246.686	336	298	281	269	258	250	241	231	213	188	141	0	0	0.000	0.000	0	0	0	0	0	0	0	0	0	0	0	0	0	0.000	0.000	0	0	0	0	0	0	0	0	0	0	0
208	208	1789	378.860	1643.185	133	492	618	399	107	215	763	513	205	53	128.104	1287	131	122	120	118	116	115	113	111	109	100	156.884	222	180	173	167	162	158	153	149	143	131	105	1	31	371.996	1644.901	0	0	0	464	0	0	0	174	0	0	0	0	0	0.000	0.000	0	0	0	0	0	0	0	0	0	0	0
209	209	1767	795.656	1637.734	383	732	497	109	11	228	578	642	214	62	726.500	1262	1055	941	864	770	699	626	577	533	451	247	153.244	212	182	173	165	157	151	145	141	136	128	107	0	0	0.000	0.000	0	0	0	0	0	0	0	0	0	0	0	0	0	0.000	0.000	0	0	0	0	0	0	0	0	0	0	0
210	210	1840	644.737	1655.087	273	646	594	268	29	239	719	572	243	39	602.032	965	847	785	726	670	611	542	487	427	353	183	107.542	121	112	110	109	108	107	106	106	105	104	99	0	0	0.000	0.000	0	0	0	0	0	0	0	0	0	0	0	0	0	0.000	0.000	0	0	0	0	0	0	0	0	0	0	0
211	211	846	1708.500	1651.371	253	274	203	83	20	233	269	213	104	15	114.532	142	125	120	117	115	114	112	110	109	106	100	273.929	439	369	339	316	295	274	252	229	205	181	138	0	0	0.000	0.000	0	0	0	0	0	0	0	0	0	0	0	0	0	0.000	0.000	0	0	0	0	0	0	0	0	0	0	0
212	212	1682	1879.256	1655.376	181	520	610	297	40	62	388	673	389	132	1726.729	15135	2091	1871	1723	1613	1484	1343	1186	997	789	382	179.418	1261	189	178	172	166	159	153	146	138	130	110	1	55	1868.565	1641.412	0	0	0	8813	0	0	0	778	0	0	0	1	62	1868.893	1640.702	0	0	0	7179	0	0	0	712	0	0	0
213	213	2264	279.350	1661.473	417	962	680	148	17	260	733	893	271	56	117.454	142	124	122	120	119	118	116	115	113	110	101	285.883	422	355	333	317	304	291	282	266	238	204	116	0	0	0.000	0.000	0	0	0	0	0	0	0	0	0	0	0	0	0	0.000	0.000	0	0	0	0	0	0	0	0	0	0	0
214	214	1917	213.912	1663.491	845	866	132	26	16	789	947	96	33	18	129.531	180	157	143	135	129	125	122	119	116	112	103	306.131	491	411	385	364	343	321	295	263	222	167	111	0	0	0.000	0.000	0	0	0	0	0	0	0	0	0	0	0	0	0	0.000	0.000	0	0	0	0	0	0	0	0	0	0	0
215	215	1705	1627.441	1664.886	143	581	651	272	22	102	534	635	312	86	184.876	5021	149	127	125	123	121	119	118	116	112	101	186.806	386	216	207	199	194	187	181	174	166	153	120	1	35	1642.860	1676.835	0	0	0	1958	0	0	0	267	0	0	0	0	0	0.000	0.000	0	0	0	0	0	0	0	0	0	0	0
216	216	2069	875.613	1673.970	792	994	237	12	6	553	1218	246	10	5	1666.886	23284	3379	783	394	296	259	236	217	202	170	115	223.871	2104	323	167	144	136	130	127	123	120	115	100	1	222	868.227	1673.841	0	0	0	10769	0	0	0	795	0	0	0	1	180	868.465	1673.479	0	0	0	13948	0	0	0	994	0	0	0
217	217	615	1670.212	1662.647	100	183	208	86	30	91	310	159	36	5	110.218	124	116	113	112	111	110	109	108	107	105	98	150.940	184	170	166	162	159	155	150	145	137	122	106	0	0	0.000	0.000	0	0	0	0	0	0	0	0	0	0	0	0	0	0.000	0.000	0	0	0	0	0	0	0	0	0	0	0
218	218	975	330.815	1667.806	127	344	323	141	28	112	438	313	89	8	117.737	136	126	123	121	119	117	116	115	113	110	101	265.231	371	328	311	298	282	268	259	246	225	191	127	0	0	0.000	0.000	0	0	0	0	0	0	0	0	0	0	0	0	0	0.000	0.000	0	0	0	0	0	0	0	0	0	0	0
219	219	717	412.811	1673.732	115	269	206	95	18	89	271	222	104	21	112.310	128	119	117	115	114	112	111	109	108	106	100	149.040	189	173	168	163	157	152	146	138	129	119	105	0	0	0.000	0.000	0	0	0	0	0	0	0	0	0	0	0	0	0	0.000	0.000	0	0	0	0	0	0	0	0	0	0	0
220	220	2365	706.573	1685.176	601	1218	451	40	12	484	1397	388	38	14	1264.351	23004	1825	495	292	216	181	166	155	143	130	107	504.600	7346	665	351	292	265	244	225	205	181	156	114	1	195	704.757	1678.510	0	0	0	11025	0	0	0	2694	0	0	0	1	154	705.162	1678.514	0	0	0	14777	0	0	0	3511	0	0	0
221	221	787	98.684	1678.540	123	232	248	155	18	101	239	232	162	40	572.989	905	769	724	680	632	565	522	470	426	378	189	131.971	160	146	141	137	134	131	129	126	123	119	109	0	0	0.000	0.000	0	0	0	0	0	0	0	0	0	0	0	0	0	0.000	0.000	0	0	0	0	0	0	0	0	0	0	0
222	222	2195	822.844	1689.966	281	514	818	458	89	290	919	675	222	43	192.548	262	230	218	210	202	195	186	176	166	152	120	150.066	191	174	168	163	157	152	145	139	132	124	107	0	0	0.000	0.000	0	0	0	0	0	0	0	0	0	0	0	0	0	0.000	0.000	0	0	0	0	0	0	0	0	0	0	0
223	223	603	1921.584	1687.790	70	235	205	71	10	68	224	180	95	26	162.904	201	184	178	174	170	165	160	154	148	138	112	126.159	147	138	135	132	130	128	125	122	117	110	101	0	0	0.000	0.000	0	0	0	0	0	0	0	0	0	0	0	0	0	0.000	0.000	0	0	0	0	0	0	0	0	0	0	0
224	224	723	1872.188	1698.962	207	166	200	105	29	152	236	197	104	22	122.689	153	135	132	129	126	123	120	116	113	110	101	906.611	1857	1573	1383	1220	1087	931	796	592	367	219	118	0	0	0.000	0.000	0	0	0	0	0	0	0	0	0	0	0	0	0	0.000	0.000	0	0	0	0	0	0	0	0	0	0	0
225	225	1216	658.187	1709.040	201	358	391	223	23	169	329	390	238	69	620.834	945	795	754	713	671	635	598	559	505	403	208	107.911	119	112	111	110	108	108	107	106	105	104	99	0	0	0.000	0.000	0	0	0	0	0	0	0	0	0	0	0	0	0	0.000	0.000	0	0	0	0	0	0	0	0	0	0	0
226	226	1970	313.946	1712.361	398	857	583	85	10	277	827	567	222	38	653.611	1147	974	896	812	727	648	577	518	432	322	145	104.836	120	109	107	106	105	105	104	103	103	102	96	0	0	0.000	0.000	0	0	0	0	0	0	0	0	0	0	0	0	0	0.000	0.000	0	0	0	0	0	0	0	0	0	0	0
227	227	961	365.571	1708.857	186	349	266	109	33	179	395	251	104	18	521.465	825	725	680	647	606	566	512	441	351	238	121	105.142	115	109	108	106	106	105	104	104	103	102	96	0	0	0.000	0.000	0	0	0	0	0	0	0	0	0	0	0	0	0	0.000	0.000	0	0	0	0	0	0	0	0	0	0	0
228	228	1505	1792.884	1722.187	496	643	289	44	10	342	676	356	95	14	1482.215	2201	1927	1839	1737	1640	1543	1420	1296	1174	978	366	130.273	157	141	138	135	133	131	129	126	123	118	105	0	0	0.000	0.000	0	0	0	0	0	0	0	0	0	0	0	0	0	0.000	0.000	0	0	0	0	0	0	0	0	0	0	0
229	229	1509	1046.610	1723.889	233	392	500	307	43	119	456	549	255	100	965.132	1506	1296	1185	1103	1040	982	920	851	780	613	229	146.742	189	166	160	156	153	149	145	140	134	124	103	0	0	0.000	0.000	0	0	0	0	0	0	0	0	0	0	0	0	0	0.000	0.000	0	0	0	0	0	0	0	0	0	0	0
230	230	763	1629.121	1726.214	144	251	295	45	8	66	179	252	158	88	113.587	129	119	117	116	115	113	112	111	110	108	100	297.510	429	387	360	341	323	306	290	269	242	186	117	0	0	0.000	0.000	0	0	0	0	0	0	0	0	0	0	0	0	0	0.000	0.000	0	0	0	0	0	0	0	0	0	0	0
231	231	1825	1290.314	1739.270	1236	317	148	73	36	1273	266	183	67	22	202.161	959	482	231	150	126	119	115	113	110	108	100	106.527	131	113	109	107	106	106	105	104	103	102	97	0	0	0.000	0.000	0	0	0	0	0	0	0	0	0	0	0	0	0	0.000	0.000	0	0	0	0	0	0	0	0	0	0	0
232	232	1089	1248.548	1741.827	629	309	83	36	23	673	282	99	14	10	840.763	1245	1141	1048	988	929	874	801	749	656	485	150	119.892	142	129	127	124	122	120	118	116	113	109	100	0	0	0.000	0.000	0	0	0	0	0	0	0	0	0	0	0	0	0	0.000	0.000	0	0	0	0	0	0	0	0	0	0	0
233	233	2104	823.111	1749.017	534	788	557	174	15	368	649	671	278	98	1184.247	21149	1673	464	306	259	228	210	196	181	153	107	227.398	2021	282	186	175	167	161	154	147	139	126	104	1	161	816.941	1747.038	0	0	0	10549	0	0	0	880	0	0	0	1	137	817.365	1747.117	0	0	0	12483	0	0	0	1071	0	0	0
234	234	637	1876.029	1736.877	142	223	179	66	12	75	184	159	137	70	116.914	137	124	121	119	118	117	115	114	112	110	104	151.466	182	169	165	162	157	154	149	144	138	129	110	0	0	0.000	0.000	0	0	0	0	0	0	0	0	0	0	0	0	0	0.000	0.000	0	0	0	0	0	0	0	0	0	0	0
235	235	1940	158.717	1747.594	294	493	642	420	60	230	853	603	204	23	2203.727	3600	3082	2831	2634	2432	2240	2073	1928	1607	1219	253	117.907	144	129	125	122	120	118	115	113	110	107	97	0	0	0.000	0.000	0	0	0	0	0	0	0	0	0	0	0	0	0	0.000	0.000	0	0	0	0	0	0	0	0	0	0	0
236	236	2000	1494.008	1751.077	290	804	596	252	20	145	862	609	294	50	184.679	237	211	203	198	193	188	182	175	166	154	114	205.535	288	245	235	227	218	210	200	188	175	158	108	0	0	0.000	0.000	0	0	0	0	0	0	0	0	0	0	0	0	0	0.000	0.000	0	0	0	0	0	0	0	0	0	0	0
237	237	1640	585.515	1753.469	204	616	563	208	18	97	498	675	226	112	113.558	129	119	117	116	115	114	113	111	110	108	101	215.828	312	262	250	237	226	216	206	197	186	167	122	0	0	0.000	0.000	0	0	0	0	0	0	0	0	0	0	0	0	0	0.000	0.000	0	0	0	0	0	0	0	0	0	0	0
238	238	1925	536.649	1759.708	707	976	166	32	14	808	948	105	16	12	113.476	133	120	118	116	115	114	112	111	109	107	100	206.862	313	274	257	236	218	202	188	176	163	147	106	0	0	0.000	0.000	0	0	0	0	0	0	0	0	0	0	0	0	0	0.000	0.000	0	0	0	0	0	0	0	0	0	0	0
239	239	1419	1564.060	1753.479	175	529	500	162	15	156	591	482	135	25	1073.541	1819	1529	1392	1294	1204	1107	996	863	744	575	159	108.714	124	113	112	110	109	109	108	107	106	104	96	0	0	0.000	0.000	0	0	0	0	0	0	0	0	0	0	0	0	0	0.000	0.000	0	0	0	0	0	0	0	0	0	0	0
240	240	1985	1833.417	1758.484	336	816	601	165	21	182	682	651	346	75	1386.070	2116	1813	1667	1531	1452	1381	1316	1222	1114	1008	466	125.960	155	137	134	131	129	126	124	122	119	113	100	0	0	0.000	0.000	0	0	0	0	0	0	0	0	0	0	0	0	0	0.000	0.000	0	0	0	0	0	0	0	0	0	0	0
241	241	1358	296.237	1761.793	211	298	425	353	49	168	493	414	176	76	309.468	483	412	381	352	327	307	291	275	253	206	114	104.281	116	108	106	106	105	104	104	103	102	101	95	0	0	0.000	0.000	0	0	0	0	0	0	0	0	0	0	0	0	0	0.000	0.000	0	0	0	0	0	0	0	0	0	0	0
242	242	1751	1659.156	1767.212	272	829	527	77	9	124	670	570	280	62	114.453	128	119	118	117	115	114	113	112	111	109	102	311.949	490	436	403	367	334	301	279	254	230	208	123	0	0	0.000	0.000	0	0	0	0	0	0	0	0	0	0	0	0	0	0.000	0.000	0	0	0	0	0	0	0	0	0	0	0
243	243	1883	1055.834	1774.583	498	717	504	113	22	486	882	348	110	29	887.171	1392	1218	1109	1046	977	907	853	798	680	492	188	141.470	189	159	155	151	147	144	139	135	129	119	102	0	0	0.000	0.000	0	0	0	0	0	0	0	0	0	0	0	0	0	0.000	0.000	0	0	0	0	0	0	0	0	0	0	0
244	244	994	1371.946	1770.709	570	260	117	22	11	358	298	174	112	35	266.108	865	400	323	283	261	244	231	207	185	161	125	279.643	1082	446	350	305	274	250	227	197	172	145	113	0	0	0.000	0.000	0	0	0	0	0	0	0	0	0	0	0	2	13	1362.508	1771.872	16	1375.416	1759.330	599	0	466	0	758	0	774	0
245	245	2224	1453.703	1789.705	326	813	681	330	42	219	819	777	296	55	1302.495	23164	1844	410	271	234	217	204	188	171	152	116	313.082	3174	356	248	236	225	214	203	189	173	153	107	1	187	1446.392	1779.539	0	0	0	11874	0	0	0	1245	0	0	0	1	140	1446.334	1779.554	0	0	0	15393	0	0	0	1649	0	0	0
246	246	2264	1527.011	1796.097	492	939	654	124	13	293	704	759	366	100	2360.980	29245	5136	1343	835	679	604	557	515	439	340	151	335.249	4071	531	210	166	156	149	142	135	128	119	103	1	261	1523.106	1797.518	0	0	0	15160	0	0	0	1364	0	0	0	1	207	1523.400	1797.222	0	0	0	18237	0	0	0	1819	0	0	0
247	247	1939	1292.417	1782.962	692	719	394	77	24	883	821	181	17	10	917.250	1374	1191	1126	1072	1022	964	900	833	737	531	165	120.821	142	131	127	125	123	121	119	117	114	110	102	0	0	0.000	0.000	0	0	0	0	0	0	0	0	0	0	0	0	0	0.000	0.000	0	0	0	0	0	0	0	0	0	0	0
248	248	1774	1799.439	1798.997	210	726	573	201	25	192	947	473	123	14	1396.741	2170	1912	1778	1649	1509	1392	1294	1191	1042	848	475	127.014	152	138	135	133	130	128	125	123	120	113	100	0	0	0.000	0.000	0	0	0	0	0	0	0	0	0	0	0	0	0	0.000	0.000	0	0	0	0	0	0	0	0	0	0	0
249	249	2085	141.524	1798.723	307	959	603	167	8	241	888	649	237	24	2204.647	4012	3378	3025	2694	2420	2180	1932	1691	1441	1181	218	117.627	140	128	124	122	120	118	115	113	111	107	96	0	0	0.000	0.000	0	0	0	0	0	0	0	0	0	0	0	0	0	0.000	0.000	0	0	0	0	0	0	0	0	0	0	0
250	250	575	591.151	1796.036	104	199	158	86	21	67	170	203	96	31	181.115	229	206	198	193	189	184	179	173	164	149	117	119.885	137	128	125	124	122	120	119	117	114	111	102	0	0	0.000	0.000	0	0	0	0	0	0	0	0	0	0	0	0	0	0.000	0.000	0	0	0	0	0	0	0	0	0	0	0
251	251	1433	625.776	1809.765	205	502	454	186	62	368	607	350	62	24	509.135	10392	663	307	248	233	219	207	198	187	167	111	139.121	750	155	133	128	124	122	119	117	115	112	98	1	66	615.472	1812.841	0	0	0	4448	0	0	0	312	0	0	0	1	62	616.838	1812.175	0	0	0	3498	0	0	0	395	0	0	0
252	252	1768	1705.570	1812.401	250	660	553	246	31	175	551	629	314	67	116.775	142	123	121	119	118	117	116	114	113	110	104	288.213	459	371	352	336	318	291	267	245	221	198	126	0	0	0.000	0.000	0	0	0	0	0	0	0	0	0	0	0	0	0	0.000	0.000	0	0	0	0	0	0	0	0	0	0	0
253	253	1115	1404.898	1811.623	548	213	176	131	31	449	245	181	176	49	269.913	2328	355	282	254	238	221	204	184	156	132	107	292.656	2861	406	291	256	236	218	200	180	156	132	106	1	43	1407.117	1810.058	0	0	0	1185	0	0	0	1631	0	0	0	1	55	1407.492	1810.309	0	0	0	989	0	0	0	1286	0	0	0
254	254	1063	1657.148	1816.276	183	462	299	91	17	129	461	269	154	34	115.507	129	122	120	118	117	116	115	113	111	108	100	306.182	448	397	377	363	346	326	308	281	230	163	113	0	0	0.000	0.000	0	0	0	0	0	0	0	0	0	0	0	0	0	0.000	0.000	0	0	0	0	0	0	0	0	0	0	0
255	255	1912	1170.750	1821.987	387	795	543	132	22	364	919	417	160	29	2830.960	28090	5507	2153	1668	1425	1287	1132	1022	886	621	190	397.798	4978	689	251	188	170	159	151	144	136	122	102	1	196	1173.563	1818.097	0	0	0	16609	0	0	0	2087	0	0	0	1	167	1173.590	1817.842	0	0	0	17930	0	0	0	2445	0	0	0
256	256	2506	1583.314	1833.823	513	807	805	304	31	313	714	921	412	104	577.076	5429	735	622	575	551	523	495	461	404	300	155	135.374	395	155	144	139	135	131	128	124	120	113	101	2	36	1590.774	1828.587	23	1585.197	1812.961	2947	0	2117	0	273	0	230	0	2	37	1591.348	1828.886	18	1585.777	1811.859	2945	0	2046	0	273	0	238	0
257	257	1249	891.876	1826.958	171	436	412	195	15	84	487	351	222	81	280.481	402	346	323	307	294	280	267	253	238	217	157	105.553	118	109	108	107	106	105	105	104	103	102	97	0	0	0.000	0.000	0	0	0	0	0	0	0	0	0	0	0	0	0	0.000	0.000	0	0	0	0	0	0	0	0	0	0	0
258	258	2753	177.325	1845.585	346	754	1029	477	106	208	759	1163	485	87	829.163	18099	947	401	316	286	260	241	221	201	168	113	411.979	2203	550	469	433	408	385	355	319	256	183	116	1	160	173.510	1840.033	0	0	0	7741	0	0	0	1068	0	0	0	1	105	173.114	1837.880	0	0	0	6179	0	0	0	1514	0	0	0
259	259	1841	299.501	1839.953	229	598	583	321	81	284	960	416	127	23	150.162	1556	157	147	142	139	136	133	128	124	117	101	206.725	301	263	249	235	224	212	200	188	170	131	104	1	28	309.376	1838.466	0	0	0	742	0	0	0	251	0	0	0	0	0	0.000	0.000	0	0	0	0	0	0	0	0	0	0	0
260	260	1721	852.708	1863.569	521	581	422	149	31	569	618	441	56	13	276.533	441	354	327	305	290	276	264	250	231	199	127	107.733	134	116	111	109	107	106	106	105	104	103	97	0	0	0.000	0.000	0	0	0	0	0	0	0	0	0	0	0	0	0	0.000	0.000	0	0	0	0	0	0	0	0	0	0	0
261	261	1297	1451.376	1861.594	124	389	449	226	85	124	582	391	157	16	141.194	185	153	149	147	145	142	139	136	133	128	113	167.156	228	200	190	184	177	169	160	154	145	127	105	0	0	0.000	0.000	0	0	0	0	0	0	0	0	0	0	0	0	0	0.000	0.000	0	0	0	0	0	0	0	0	0	0	0
262	262	2090	1498.848	1871.369	328	902	580	214	23	368	1099	482	96	7	154.161	1726	160	149	145	142	140	137	134	130	126	109	173.593	528	208	200	194	187	178	166	152	138	114	98	1	28	1499.170	1880.463	0	0	0	814	0	0	0	241	0	0	0	1	18	1503.333	1876.874	0	0	0	156	0	0	0	425	0	0	0
263	263	1537	1855.115	1868.026	352	451	469	202	31	286	663	396	154	23	117.044	135	124	122	120	119	117	116	114	112	109	100	105.554	119	110	108	107	106	105	105	104	103	102	97	0	0	0.000	0.000	0	0	0	0	0	0	0	0	0	0	0	0	0	0.000	0.000	0	0	0	0	0	0	0	0	0	0	0
264	264	2090	542.967	1876.914	592	926	461	51	24	572	1025	371	55	15	114.343	144	121	118	116	115	114	113	111	110	108	100	288.078	414	370	346	328	310	298	284	262	229	189	115	0	0	0.000	0.000	0	0	0	0	0	0	0	0	0	0	0	0	0	0.000	0.000	0	0	0	0	0	0	0	0	0	0	0
265	265	2716	118.626	1885.768	505	723	912	426	104	371	845	998	367	91	261.984	357	325	313	301	290	277	261	235	207	174	110	420.822	636	568	543	518	490	457	408	351	295	213	107	0	0	0.000	0.000	0	0	0	0	0	0	0	0	0	0	0	0	0	0.000	0.000	0	0	0	0	0	0	0	0	0	0	0
266	266	1169	338.126	1875.044	114	377	373	211	62	145	600	302	90	15	130.080	152	142	138	135	133	131	128	126	122	118	106	199.548	262	236	227	218	209	199	191	184	177	160	128	0	0	0.000	0.000	0	0	0	0	0	0	0	0	0	0	0	0	0	0.000	0.000	0	0	0	0	0	0	0	0	0	0	0
267	267	1972	1026.771	1890.751	460	617	507	297	55	366	746	591	169	60	273.217	6398	277	211	197	190	184	177	169	161	147	108	188.187	593	222	210	203	195	187	178	168	157	141	110	1	48	1018.219	1900.298	0	0	0	2453	0	0	0	373	0	0	0	1	21	1018.232	1899.925	0	0	0	3877	0	0	0	455	0	0	0
268	268	784	379.589	1886.439	105	275	211	151	26	98	355	181	120	19	109.754	120	114	113	112	111	110	109	108	106	105	100	161.907	214	187	181	174	169	162	156	150	143	135	110	0	0	0.000	0.000	0	0	0	0	0	0	0	0	0	0	0	0	0	0.000	0.000	0	0	0	0	0	0	0	0	0	0	0
269	269	1489	622.423	1899.567	475	602	333	27	19	508	651	250	39	11	456.734	692	619	580	543	501	458	412	382	358	298	155	108.628	123	114	112	111	109	108	107	106	105	104	99	0	0	0.000	0.000	0	0	0	0	0	0	0	0	0	0	0	0	0	0.000	0.000	0	0	0	0	0	0	0	0	0	0	0
270	270	1564	1660.599	1925.835	506	608	377	47	8	266	565	375	273	50	3574.355	26950	13969	3043	1422	938	714	613	537	455	352	173	392.605	3526	1086	310	193	151	137	129	123	118	112	102	1	328	1660.918	1927.090	0	0	0	12487	0	0	0	1001	0	0	0	1	229	1661.347	1926.999	0	0	0	22435	0	0	0	1578	0	0	0
271	271	1631	346.625	1922.989	259	640	505	164	23	159	709	460	238	37	112.141	129	117	115	114	113	112	111	110	109	107	101	167.028	217	191	185	180	175	169	165	159	151	137	107	0	0	0.000	0.000	0	0	0	0	0	0	0	0	0	0	0	0	0	0.000	0.000	0	0	0	0	0	0	0	0	0	0	0
272	272	1342	848.513	1926.237	195	361	451	265	46	132	366	551	189	82	167.399	218	194	189	183	178	170	163	155	147	135	108	127.586	155	143	139	135	132	128	125	121	116	111	102	0	0	0.000	0.000	0	0	0	0	0	0	0	0	0	0	0	0	0	0.000	0.000	0	0	0	0	0	0	0	0	0	0	0
273	273	1964	262.561	1945.529	467	789	507	126	37	593	1017	274	32	11	389.804	7831	533	240	184	165	158	153	147	142	132	107	285.477	1854	345	309	292	273	254	236	219	189	148	113	1	98	261.493	1950.461	0	0	0	3310	0	0	0	897	0	0	0	1	69	260.791	1949.200	0	0	0	3148	0	0	0	1142	0	0	0
274	274	1613	1028.892	1944.582	309	680	502	81	12	214	748	430	164	27	116.366	132	122	120	119	118	117	115	114	112	110	103	181.130	248	211	203	196	190	184	178	171	162	144	108	0	0	0.000	0.000	0	0	0	0	0	0	0	0	0	0	0	0	0	0.000	0.000	0	0	0	0	0	0	0	0	0	0	0
275	275	1852	1516.470	1945.954	412	716	494	166	30	304	656	497	291	67	393.659	580	507	482	456	440	416	394	362	317	222	123	116.632	144	128	123	120	118	116	114	112	109	106	96	0	0	0.000	0.000	0	0	0	0	0	0	0	0	0	0	0	0	0	0.000	0.000	0	0	0	0	0	0	0	0	0	0	0
276	276	1466	556.037	1954.009	187	519	518	192	21	49	433	606	279	64	184.648	249	213	203	197	192	187	181	175	165	151	115	203.396	283	243	227	217	210	204	197	189	179	164	121	0	0	0.000	0.000	0	0	0	0	0	0	0	0	0	0	0	0	0	0.000	0.000	0	0	0	0	0	0	0	0	0	0	0
277	277	1014	1911.398	1951.319	276	366	285	58	14	131	434	310	101	20	111.822	127	118	116	114	113	112	110	109	107	106	100	108.402	142	114	112	110	108	107	106	106	105	103	97	0	0	0.000	0.000	0	0	0	0	0	0	0	0	0	0	0	0	0	0.000	0.000	0	0	0	0	0	0	0	0	0	0	0
278	278	1328	884.723	1957.496	335	631	288	32	16	202	486	462	107	46	868.963	12688	1950	550	332	238	185	166	159	150	142	113	168.247	949	238	155	138	130	125	122	118	115	112	102	1	124	884.084	1963.472	0	0	0	5804	0	0	0	478	0	0	0	1	113	884.185	1962.912	0	0	0	6259	0	0	0	526	0	0	0
279	279	2139	923.271	1977.737	1671	315	97	26	19	1718	266	98	24	17	234.452	661	383	317	259	229	208	188	169	144	117	99	118.281	165	133	128	124	120	116	114	111	108	105	95	0	0	0.000	0.000	0	0	0	0	0	0	0	0	0	0	0	0	0	0.000	0.000	0	0	0	0	0	0	0	0	0	0	0
