 	cell	area	x	y	BFI_lev_b1	BFI_lev_b2	BFI_lev_b3	BFI_lev_b4	BFI_lev_b5	BFO_lev_b1	BFO_lev_b2	BFO_lev_b3	BFO_lev_b4	BFO_lev_b5	GFP_int_mean	GFP_int_b0	GFP_int_b1	GFP_int_b2	GFP_int_b3	GFP_int_b4	GFP_int_b5	GFP_int_b6	GFP_int_b7	GFP_int_b8	GFP_int_b9	GFP_int_b10	RFP_int_mean	RFP_int_b0	RFP_int_b1	RFP_int_b2	RFP_int_b3	RFP_int_b4	RFP_int_b5	RFP_int_b6	RFP_int_b7	RFP_int_b8	RFP_int_b9	RFP_int_b10	inGFPnfoci	f1_inGFParea	f1_inGFPx	f1_inGFPy	f2_inGFParea	f2_inGFPx	f2_inGFPy	f1_inGFP_toGFPmed	f2_inGFP_toGFPmed	f2_inGFP_toGFPmean	f1_inGFP_toRFPmed	f2_inGFP_toRFPmed	f2_inGFP_toRFPmean	inRFPnfoci	f1_inRFParea	f1_inRFPx	f1_inRFPy	f2_inRFParea	f2_inRFPx	f2_inRFPy	f1_inRFP_toGFPmed	f1_inRFP_toGFPmean	f2_inRFP_toGFPmed	f2_inRFP_toGFPmean	f1_inRFP_toRFPmed	f1_inRFP_toRFPmean	f2_inRFP_toRFPmed	f2_inRFP_toRFPmean	f1_inGFP_toGFPmean	f1_inGFP_toRFPmean
1	1	1730	737.605	80.332	286	539	543	302	33	255	516	524	322	79	223.475	2475	238	214	204	197	192	185	177	168	153	111	181.875	418	215	206	197	188	181	173	166	156	140	106	1	41	734.421	68.911	0	0	0	1198	0	0	270	0	0	0	0	0.000	0.000	0	0	0	0	0	0	0	0	0	0	0	0	0
2	2	817	1261.021	80.413	400	186	120	76	24	327	222	155	73	27	186.094	237	214	207	201	196	190	184	176	164	152	117	293.480	484	380	361	336	316	300	282	257	227	191	128	0	0	0.000	0.000	0	0	0	0	0	0	0	0	0	0	0	0.000	0.000	0	0	0	0	0	0	0	0	0	0	0	0	0
3	3	525	605.471	78.377	84	137	148	106	38	97	202	115	79	22	122.998	141	132	129	127	125	124	121	120	117	113	102	117.472	136	126	124	121	120	118	116	114	111	108	101	0	0	0.000	0.000	0	0	0	0	0	0	0	0	0	0	0	0.000	0.000	0	0	0	0	0	0	0	0	0	0	0	0	0
4	4	1389	1048.207	88.091	593	384	302	71	15	452	374	272	201	66	131.055	167	149	144	141	136	131	127	122	116	111	101	105.049	115	108	107	106	106	105	104	104	103	102	95	0	0	0.000	0.000	0	0	0	0	0	0	0	0	0	0	0	0.000	0.000	0	0	0	0	0	0	0	0	0	0	0	0	0
5	5	2033	483.403	119.480	447	680	573	244	63	383	823	603	168	28	1256.065	21348	2296	663	374	293	259	232	214	191	158	115	908.686	11421	1599	730	541	486	429	391	359	292	209	118	1	161	484.810	122.604	0	0	0	10279	0	0	5212	0	0	1	140	484.685	122.469	0	0	0	11857	0	0	0	5796	0	0	0	0	0
6	6	1368	1812.051	114.173	292	421	417	187	32	255	533	429	112	14	330.471	501	409	385	368	353	339	324	307	278	228	129	106.277	120	111	109	108	107	106	105	104	103	102	95	0	0	0.000	0.000	0	0	0	0	0	0	0	0	0	0	0	0.000	0.000	0	0	0	0	0	0	0	0	0	0	0	0	0
7	7	1487	743.396	134.750	256	444	423	271	67	197	406	496	275	71	501.627	15304	437	239	215	207	201	194	184	167	144	114	177.722	1414	186	172	167	162	157	152	145	138	126	105	0	0	0.000	0.000	0	0	0	0	0	0	0	0	0	0	0	0.000	0.000	0	0	0	0	0	0	0	0	0	0	0	0	0
8	8	1799	1372.097	134.750	970	743	49	7	6	774	779	207	6	4	2979.704	27912	11663	2045	766	464	344	284	261	235	203	123	582.250	4943	1508	458	295	263	251	240	227	207	162	110	1	316	1367.169	133.025	0	0	0	13798	0	0	1851	0	0	1	241	1367.293	132.906	0	0	0	18941	0	0	0	2499	0	0	0	0	0
9	9	2277	1473.563	140.445	413	679	733	333	70	315	653	780	376	117	1931.305	20651	4946	1033	650	541	483	444	391	344	279	155	333.686	3214	662	218	170	158	152	145	138	131	123	105	1	315	1475.236	139.506	0	0	0	10145	0	0	1219	0	0	1	256	1475.174	139.233	0	0	0	13622	0	0	0	1591	0	0	0	0	0
10	10	2027	1403.356	189.432	406	725	586	252	32	311	687	580	296	115	1502.704	23747	2875	620	335	250	216	195	181	165	148	109	350.655	3569	556	264	220	203	191	180	169	156	140	108	1	212	1401.396	188.478	0	0	0	10363	0	0	1371	0	0	1	170	1401.097	188.576	0	0	0	14087	0	0	0	1774	0	0	0	0	0
11	11	2311	448.255	190.663	1727	372	111	47	40	1623	360	195	84	32	113.079	304	126	114	110	108	107	106	105	104	103	97	107.842	165	116	110	108	107	106	105	104	104	102	96	0	0	0.000	0.000	0	0	0	0	0	0	0	0	0	0	0	0.000	0.000	0	0	0	0	0	0	0	0	0	0	0	0	0
12	12	1018	202.035	184.476	156	280	251	196	118	128	441	217	166	44	763.781	1150	1065	996	913	850	785	725	653	566	411	181	106.443	121	114	110	108	106	105	105	104	103	102	97	0	0	0.000	0.000	0	0	0	0	0	0	0	0	0	0	0	0.000	0.000	0	0	0	0	0	0	0	0	0	0	0	0	0
13	13	1346	1699.289	186.739	234	372	366	276	70	174	372	371	324	77	127.880	151	139	136	134	132	130	128	124	119	112	102	119.092	137	128	125	123	121	119	117	116	113	111	102	0	0	0.000	0.000	0	0	0	0	0	0	0	0	0	0	0	0.000	0.000	0	0	0	0	0	0	0	0	0	0	0	0	0
14	14	551	1146.782	184.731	195	130	114	80	16	134	174	142	77	12	111.325	126	119	117	115	113	111	109	107	105	104	96	140.225	198	181	173	165	154	139	123	112	107	104	99	0	0	0.000	0.000	0	0	0	0	0	0	0	0	0	0	0	0.000	0.000	0	0	0	0	0	0	0	0	0	0	0	0	0
15	15	774	550.805	204.975	300	205	121	101	45	279	258	103	73	49	125.023	447	144	131	124	120	117	113	110	108	105	98	166.873	304	215	201	189	178	169	156	141	129	116	102	1	29	546.612	202.696	0	0	0	255	0	0	237	0	0	0	0	0.000	0.000	0	0	0	0	0	0	0	0	0	0	0	0	0
16	16	1732	1651.982	218.255	312	468	474	369	83	331	590	493	257	28	201.272	4562	198	146	141	138	135	133	130	127	122	106	121.573	248	130	127	125	123	121	119	117	114	108	100	1	38	1640.046	232.268	0	0	0	2144	0	0	174	0	0	1	21	1640.314	231.225	0	0	0	2041	0	0	0	208	0	0	0	0	0
17	17	2150	159.193	222.299	684	568	450	328	81	569	628	498	330	95	109.462	123	115	114	112	111	110	108	107	105	103	95	105.132	120	109	107	106	106	105	104	104	103	102	97	0	0	0.000	0.000	0	0	0	0	0	0	0	0	0	0	0	0.000	0.000	0	0	0	0	0	0	0	0	0	0	0	0	0
18	18	2019	381.357	219.226	435	603	549	338	56	371	680	559	316	52	173.707	660	193	186	182	178	173	169	162	151	139	110	208.771	291	254	243	233	221	211	200	190	177	159	118	1	20	382.526	236.721	0	0	0	449	0	0	252	0	0	0	0	0.000	0.000	0	0	0	0	0	0	0	0	0	0	0	0	0
19	19	1382	1364.549	222.099	209	392	365	296	84	144	341	414	334	122	168.582	221	198	191	185	177	170	163	156	147	135	110	180.718	251	227	215	204	194	182	169	156	146	135	108	0	0	0.000	0.000	0	0	0	0	0	0	0	0	0	0	0	0.000	0.000	0	0	0	0	0	0	0	0	0	0	0	0	0
20	20	1329	1162.773	217.758	410	323	338	193	44	307	405	365	170	63	115.120	135	122	120	119	117	116	114	112	110	107	98	175.184	271	239	225	212	199	184	165	135	111	105	98	0	0	0.000	0.000	0	0	0	0	0	0	0	0	0	0	0	0.000	0.000	0	0	0	0	0	0	0	0	0	0	0	0	0
21	21	706	1540.249	216.690	415	135	102	37	10	306	187	109	71	25	165.888	231	202	194	183	175	168	159	150	138	126	105	249.924	383	341	321	301	286	269	248	211	162	126	106	0	0	0.000	0.000	0	0	0	0	0	0	0	0	0	0	0	0.000	0.000	0	0	0	0	0	0	0	0	0	0	0	0	0
22	22	929	1062.265	226.158	168	216	249	212	70	106	230	245	230	89	240.293	331	303	287	274	262	249	236	217	195	160	114	109.543	128	117	114	112	110	109	108	106	105	104	97	0	0	0.000	0.000	0	0	0	0	0	0	0	0	0	0	0	0.000	0.000	0	0	0	0	0	0	0	0	0	0	0	0	0
23	23	1541	1496.087	233.995	335	809	342	23	7	302	762	402	39	10	174.717	229	203	194	187	182	176	170	163	155	146	112	178.799	246	222	209	198	187	177	168	160	151	138	108	0	0	0.000	0.000	0	0	0	0	0	0	0	0	0	0	0	0.000	0.000	0	0	0	0	0	0	0	0	0	0	0	0	0
24	24	1119	754.269	229.942	494	242	211	115	42	549	272	162	94	26	232.160	2513	301	174	161	154	150	145	141	137	130	108	459.542	2658	611	469	428	404	383	364	344	325	284	135	1	69	764.623	233.990	0	0	0	1109	0	0	1424	0	0	1	51	764.702	233.019	0	0	0	1258	0	0	0	1715	0	0	0	0	0
25	25	1384	1729.488	235.341	375	408	348	199	31	393	469	383	104	8	111.693	131	118	116	114	113	112	111	109	108	106	99	105.257	115	108	107	107	106	105	105	104	103	102	94	0	0	0.000	0.000	0	0	0	0	0	0	0	0	0	0	0	0.000	0.000	0	0	0	0	0	0	0	0	0	0	0	0	0
26	26	1573	664.275	243.139	209	477	414	332	123	228	595	434	257	31	1086.107	1610	1370	1299	1235	1182	1122	1053	970	896	755	250	106.496	120	110	109	108	107	106	106	105	104	103	94	0	0	0.000	0.000	0	0	0	0	0	0	0	0	0	0	0	0.000	0.000	0	0	0	0	0	0	0	0	0	0	0	0	0
27	27	869	279.777	243.081	327	204	183	120	27	264	259	186	118	29	109.718	126	117	114	112	111	109	108	107	105	103	98	110.374	126	117	115	113	111	110	109	108	106	104	99	0	0	0.000	0.000	0	0	0	0	0	0	0	0	0	0	0	0.000	0.000	0	0	0	0	0	0	0	0	0	0	0	0	0
28	28	988	1452.577	248.309	322	260	268	103	15	266	323	236	107	32	338.599	573	483	445	406	370	344	314	280	237	175	118	106.723	117	111	109	108	107	107	106	105	104	103	97	0	0	0.000	0.000	0	0	0	0	0	0	0	0	0	0	0	0.000	0.000	0	0	0	0	0	0	0	0	0	0	0	0	0
29	29	1218	1397.587	253.065	424	285	252	187	55	357	377	281	153	36	115.077	130	122	119	118	116	115	114	112	111	109	97	143.805	194	169	162	156	150	143	138	131	125	118	103	0	0	0.000	0.000	0	0	0	0	0	0	0	0	0	0	0	0.000	0.000	0	0	0	0	0	0	0	0	0	0	0	0	0
30	30	1611	1593.139	260.051	325	529	502	187	36	337	646	504	83	17	654.259	11208	1013	338	241	214	195	186	176	166	155	118	152.684	904	195	137	126	122	119	117	115	112	110	102	1	117	1590.647	267.303	0	0	0	5126	0	0	463	0	0	1	121	1590.638	266.582	0	0	0	4914	0	0	0	464	0	0	0	0	0
31	31	1173	711.437	254.850	751	247	101	39	21	698	223	122	99	19	154.735	623	176	166	159	153	148	144	139	134	125	109	434.370	1126	647	589	541	483	432	382	339	293	198	116	1	21	710.452	267.801	0	0	0	398	0	0	885	0	0	0	0	0.000	0.000	0	0	0	0	0	0	0	0	0	0	0	0	0
32	32	1859	1679.086	256.873	355	612	554	267	38	263	692	590	261	26	831.016	16265	941	408	364	322	292	269	252	231	197	127	194.376	2132	217	138	132	128	124	121	118	115	111	102	1	115	1680.815	245.229	0	0	0	7136	0	0	1046	0	0	1	111	1680.431	244.940	0	0	0	7362	0	0	0	1091	0	0	0	0	0
33	33	1478	365.003	266.459	267	394	456	310	25	213	420	433	333	56	146.823	1095	151	144	140	137	135	132	128	124	117	102	539.338	785	701	654	617	585	552	523	492	438	337	194	1	32	360.800	285.083	0	0	0	567	0	0	552	0	0	0	0	0.000	0.000	0	0	0	0	0	0	0	0	0	0	0	0	0
34	34	1522	1046.849	271.824	181	317	525	394	74	102	277	530	405	180	268.647	401	351	329	305	284	268	248	231	212	194	123	108.477	127	114	112	110	109	108	107	106	105	104	97	0	0	0.000	0.000	0	0	0	0	0	0	0	0	0	0	0	0.000	0.000	0	0	0	0	0	0	0	0	0	0	0	0	0
35	35	2112	1840.105	276.113	1395	329	232	102	30	1389	334	217	130	24	209.984	9715	192	168	128	115	111	108	106	105	103	95	132.688	1069	152	137	117	111	108	106	105	104	102	94	0	0	0.000	0.000	0	0	0	0	0	0	0	0	0	1	71	1818.731	276.563	0	0	0	2296	0	0	0	571	0	0	0	0	0
36	36	1955	1311.097	277.868	636	754	416	98	23	431	745	522	175	40	201.563	283	248	235	224	215	205	196	184	169	149	106	110.623	127	117	115	113	111	110	109	108	106	105	99	0	0	0.000	0.000	0	0	0	0	0	0	0	0	0	0	0	0.000	0.000	0	0	0	0	0	0	0	0	0	0	0	0	0
37	37	1351	1361.254	279.706	236	441	369	197	77	273	610	313	120	15	174.603	241	217	205	193	182	173	164	157	147	135	108	106.266	119	110	109	108	107	106	105	105	104	103	99	0	0	0.000	0.000	0	0	0	0	0	0	0	0	0	0	0	0.000	0.000	0	0	0	0	0	0	0	0	0	0	0	0	0
38	38	1212	1507.173	281.683	146	291	386	292	69	114	331	446	237	61	375.053	588	511	478	445	414	379	344	309	271	231	158	120.107	143	132	128	125	122	120	117	115	112	110	103	0	0	0.000	0.000	0	0	0	0	0	0	0	0	0	0	0	0.000	0.000	0	0	0	0	0	0	0	0	0	0	0	0	0
39	39	1954	657.072	297.189	337	363	562	495	162	307	414	646	437	121	1106.381	1876	1550	1447	1360	1266	1164	1049	910	767	552	224	108.145	130	116	112	110	108	107	106	105	104	103	98	0	0	0.000	0.000	0	0	0	0	0	0	0	0	0	0	0	0.000	0.000	0	0	0	0	0	0	0	0	0	0	0	0	0
40	40	1173	1557.446	291.765	348	383	304	98	14	209	347	333	199	59	187.368	955	214	197	188	181	174	168	163	156	145	115	117.693	187	125	122	120	119	117	115	114	112	109	102	1	29	1554.250	276.461	0	0	0	495	0	0	144	0	0	0	0	0.000	0.000	0	0	0	0	0	0	0	0	0	0	0	0	0
41	41	1477	223.828	309.822	168	403	509	276	92	207	525	437	205	67	159.678	209	186	179	173	169	163	156	148	139	128	105	121.560	141	132	129	126	124	122	120	117	114	111	100	0	0	0.000	0.000	0	0	0	0	0	0	0	0	0	0	0	0.000	0.000	0	0	0	0	0	0	0	0	0	0	0	0	0
42	42	1478	1276.096	313.128	259	526	407	222	32	187	572	467	188	34	1161.030	18428	2215	511	278	215	201	194	187	176	162	125	281.476	1633	407	270	244	230	219	207	197	186	167	117	1	136	1284.434	310.086	0	0	0	8403	0	0	826	0	0	1	103	1284.404	309.689	0	0	0	11292	0	0	0	951	0	0	0	0	0
43	43	2173	404.146	317.916	361	628	658	427	69	345	613	766	377	34	138.671	179	155	151	148	145	142	138	133	126	115	101	588.309	996	820	767	722	665	611	565	521	432	247	126	0	0	0.000	0.000	0	0	0	0	0	0	0	0	0	0	0	0.000	0.000	0	0	0	0	0	0	0	0	0	0	0	0	0
44	44	1449	1024.731	319.350	243	521	462	152	57	219	418	514	206	72	280.605	425	365	337	322	308	294	278	257	226	164	107	112.284	147	125	118	115	112	110	108	107	105	104	98	0	0	0.000	0.000	0	0	0	0	0	0	0	0	0	0	0	0.000	0.000	0	0	0	0	0	0	0	0	0	0	0	0	0
45	45	1166	1068.566	317.316	111	186	384	326	128	105	257	448	253	75	280.415	375	334	319	308	299	290	279	266	245	207	138	109.165	126	115	112	111	110	109	108	107	106	104	98	0	0	0.000	0.000	0	0	0	0	0	0	0	0	0	0	0	0.000	0.000	0	0	0	0	0	0	0	0	0	0	0	0	0
46	46	2139	983.037	327.379	1387	413	259	37	14	1204	376	352	155	31	115.062	311	127	113	109	107	106	106	105	104	103	97	103.861	117	107	106	105	104	104	103	103	102	101	93	0	0	0.000	0.000	0	0	0	0	0	0	0	0	0	0	0	0.000	0.000	0	0	0	0	0	0	0	0	0	0	0	0	0
47	47	2244	1121.742	328.401	458	643	657	415	30	354	685	611	492	60	112.908	127	119	117	115	114	113	112	111	109	107	97	374.807	621	525	470	435	404	375	350	314	271	232	130	0	0	0.000	0.000	0	0	0	0	0	0	0	0	0	0	0	0.000	0.000	0	0	0	0	0	0	0	0	0	0	0	0	0
48	48	1941	171.871	329.361	538	612	545	194	18	433	613	568	262	36	397.696	10578	404	217	197	184	175	169	163	153	138	104	142.963	821	151	138	134	131	128	125	122	118	112	99	1	67	158.462	329.256	0	0	0	4445	0	0	430	0	0	1	73	158.893	329.285	0	0	0	4389	0	0	0	432	0	0	0	0	0
49	49	1758	1365.425	346.990	266	498	587	328	53	204	536	600	333	56	153.802	196	177	170	165	161	157	151	146	138	126	102	170.170	227	206	198	190	181	172	164	154	144	130	104	0	0	0.000	0.000	0	0	0	0	0	0	0	0	0	0	0	0.000	0.000	0	0	0	0	0	0	0	0	0	0	0	0	0
50	50	1334	1627.373	353.722	656	557	71	14	9	389	639	216	46	15	307.611	456	403	370	346	326	308	287	272	252	223	117	125.705	147	137	133	131	128	126	124	122	118	114	101	0	0	0.000	0.000	0	0	0	0	0	0	0	0	0	0	0	0.000	0.000	0	0	0	0	0	0	0	0	0	0	0	0	0
51	51	1965	1324.758	375.993	353	728	594	227	18	263	630	576	397	57	791.359	19174	933	252	187	173	166	160	152	143	132	106	233.859	2322	251	204	194	185	173	160	149	138	125	104	1	110	1334.710	385.202	0	0	0	8555	0	0	1140	0	0	1	106	1334.827	384.841	0	0	0	8755	0	0	0	1201	0	0	0	0	0
52	52	535	1276.940	356.491	159	167	143	56	7	111	176	151	72	17	149.649	178	165	161	158	156	153	149	144	138	128	110	170.690	220	204	196	189	185	178	169	156	141	125	111	0	0	0.000	0.000	0	0	0	0	0	0	0	0	0	0	0	0.000	0.000	0	0	0	0	0	0	0	0	0	0	0	0	0
53	53	1192	698.705	372.541	642	433	81	13	10	606	448	102	11	13	150.254	197	176	171	165	160	154	148	139	127	116	102	123.421	152	138	133	130	127	125	121	117	113	107	97	0	0	0.000	0.000	0	0	0	0	0	0	0	0	0	0	0	0.000	0.000	0	0	0	0	0	0	0	0	0	0	0	0	0
54	54	1289	1587.088	373.548	203	413	327	246	82	221	474	396	159	14	299.979	432	378	359	344	327	307	291	272	246	192	129	124.128	150	135	132	129	127	125	123	120	117	111	102	0	0	0.000	0.000	0	0	0	0	0	0	0	0	0	0	0	0.000	0.000	0	0	0	0	0	0	0	0	0	0	0	0	0
55	55	1705	276.129	382.417	287	496	473	361	62	217	623	487	290	58	381.534	5633	425	336	311	299	289	277	262	240	206	136	140.170	898	148	138	133	129	125	122	119	117	113	103	1	47	266.660	394.869	0	0	0	2628	0	0	425	0	0	1	48	267.102	394.583	0	0	0	2628	0	0	0	463	0	0	0	0	0
56	56	1709	1110.993	383.854	352	402	512	332	74	331	511	497	295	46	112.630	127	119	117	116	115	113	112	110	108	105	97	436.613	662	602	573	545	515	475	423	359	290	204	123	0	0	0.000	0.000	0	0	0	0	0	0	0	0	0	0	0	0.000	0.000	0	0	0	0	0	0	0	0	0	0	0	0	0
57	57	2105	501.153	390.742	365	586	578	426	107	358	676	625	370	35	110.778	125	117	115	113	112	111	110	108	107	105	99	108.481	145	124	114	108	106	105	104	103	103	102	97	0	0	0.000	0.000	0	0	0	0	0	0	0	0	0	1	295	491.666	390.078	0	0	0	115	0	0	0	125	0	0	0	0	0
58	58	1798	1715.997	403.163	231	581	587	316	49	184	665	603	282	29	111.696	123	117	115	114	113	112	111	110	108	107	101	325.814	471	420	399	375	350	326	303	280	257	236	135	0	0	0.000	0.000	0	0	0	0	0	0	0	0	0	0	0	0.000	0.000	0	0	0	0	0	0	0	0	0	0	0	0	0
59	59	1614	319.059	409.751	228	430	476	352	95	141	499	547	310	89	224.814	327	275	262	249	237	226	216	204	189	167	130	118.875	140	129	125	123	121	118	117	114	112	110	102	0	0	0.000	0.000	0	0	0	0	0	0	0	0	0	0	0	0.000	0.000	0	0	0	0	0	0	0	0	0	0	0	0	0
60	60	1228	455.061	410.318	177	464	372	166	28	173	522	333	140	30	237.267	319	283	272	261	252	243	233	220	205	181	129	117.385	145	128	123	121	118	117	115	113	111	109	102	0	0	0.000	0.000	0	0	0	0	0	0	0	0	0	0	0	0.000	0.000	0	0	0	0	0	0	0	0	0	0	0	0	0
61	61	1618	219.212	417.355	310	470	452	301	46	259	589	447	251	39	324.554	519	451	426	391	363	333	302	269	223	177	118	103.519	116	107	106	104	104	103	103	102	101	100	96	0	0	0.000	0.000	0	0	0	0	0	0	0	0	0	0	0	0.000	0.000	0	0	0	0	0	0	0	0	0	0	0	0	0
62	62	1707	1595.490	428.931	233	573	540	290	48	254	707	473	218	22	110.482	129	116	114	112	111	110	109	108	107	105	95	127.560	151	138	135	133	131	128	126	123	120	116	102	0	0	0.000	0.000	0	0	0	0	0	0	0	0	0	0	0	0.000	0.000	0	0	0	0	0	0	0	0	0	0	0	0	0
63	63	1355	1668.202	432.308	293	490	389	138	23	221	436	394	235	45	110.979	126	116	114	113	112	111	110	109	108	106	99	312.669	435	379	363	349	337	327	314	301	270	217	112	0	0	0.000	0.000	0	0	0	0	0	0	0	0	0	0	0	0.000	0.000	0	0	0	0	0	0	0	0	0	0	0	0	0
64	64	2022	270.384	439.541	336	588	586	404	74	461	783	631	100	10	281.808	468	405	361	326	294	270	252	235	219	171	107	104.666	123	110	107	106	105	104	103	102	102	101	95	0	0	0.000	0.000	0	0	0	0	0	0	0	0	0	0	0	0.000	0.000	0	0	0	0	0	0	0	0	0	0	0	0	0
65	65	790	490.548	435.374	174	237	206	127	38	134	294	218	112	25	108.919	122	114	112	111	110	109	108	107	105	104	97	104.194	116	108	106	105	104	104	103	103	102	101	98	0	0	0.000	0.000	0	0	0	0	0	0	0	0	0	0	0	0.000	0.000	0	0	0	0	0	0	0	0	0	0	0	0	0
66	66	1690	915.172	439.732	211	412	569	398	73	167	499	633	328	28	109.606	124	114	113	111	110	110	109	108	107	105	99	105.609	119	110	108	107	106	105	104	104	103	102	95	0	0	0.000	0.000	0	0	0	0	0	0	0	0	0	0	0	0.000	0.000	0	0	0	0	0	0	0	0	0	0	0	0	0
67	67	2227	430.212	463.784	376	579	690	426	103	254	704	732	418	63	1242.414	20866	1778	530	343	312	294	277	257	234	200	121	224.419	2715	297	149	131	126	123	121	118	115	112	100	1	196	424.704	470.087	0	0	0	9053	0	0	985	0	0	1	160	425.109	469.855	0	0	0	12108	0	0	0	1239	0	0	0	0	0
68	68	1937	811.384	453.126	690	1005	136	34	29	696	1025	129	43	13	112.153	149	127	121	116	112	109	107	105	104	103	98	115.489	161	139	129	120	114	109	107	105	104	103	96	0	0	0.000	0.000	0	0	0	0	0	0	0	0	0	0	0	0.000	0.000	0	0	0	0	0	0	0	0	0	0	0	0	0
69	69	872	955.726	465.535	92	192	237	227	113	69	197	281	230	83	109.245	119	114	112	111	110	109	108	107	106	105	98	104.446	118	108	106	106	105	104	104	103	102	102	97	0	0	0.000	0.000	0	0	0	0	0	0	0	0	0	0	0	0.000	0.000	0	0	0	0	0	0	0	0	0	0	0	0	0
70	70	1729	564.595	477.000	339	484	435	349	97	291	609	448	283	67	107.369	120	112	110	109	108	107	106	106	105	103	98	104.009	120	108	106	105	104	104	103	102	102	101	92	0	0	0.000	0.000	0	0	0	0	0	0	0	0	0	0	0	0.000	0.000	0	0	0	0	0	0	0	0	0	0	0	0	0
71	71	1740	1318.953	489.869	177	482	504	429	110	136	479	546	423	123	107.595	121	112	110	109	108	107	107	106	105	104	99	130.756	165	146	141	137	133	130	127	125	121	117	104	0	0	0.000	0.000	0	0	0	0	0	0	0	0	0	0	0	0.000	0.000	0	0	0	0	0	0	0	0	0	0	0	0	0
72	72	1507	771.813	492.350	135	453	496	348	51	98	456	492	363	62	325.972	490	426	400	382	365	344	313	275	242	208	124	106.877	123	113	110	108	107	106	105	104	104	103	96	0	0	0.000	0.000	0	0	0	0	0	0	0	0	0	0	0	0.000	0.000	0	0	0	0	0	0	0	0	0	0	0	0	0
73	73	1819	1850.827	510.704	270	577	607	306	32	222	575	639	306	47	109.764	121	115	113	112	111	110	109	108	106	105	99	133.528	172	148	143	140	137	134	131	128	124	117	102	0	0	0.000	0.000	0	0	0	0	0	0	0	0	0	0	0	0.000	0.000	0	0	0	0	0	0	0	0	0	0	0	0	0
74	74	738	390.654	498.734	130	158	191	190	58	111	207	197	167	43	248.661	361	326	301	283	269	255	238	216	196	165	117	113.738	130	121	119	117	116	114	113	111	108	106	97	0	0	0.000	0.000	0	0	0	0	0	0	0	0	0	0	0	0.000	0.000	0	0	0	0	0	0	0	0	0	0	0	0	0
75	75	1943	982.488	510.743	170	467	651	454	164	121	478	733	440	142	254.340	2401	302	272	254	240	230	221	209	194	169	121	180.901	459	222	209	199	189	180	170	160	151	135	105	1	27	972.340	502.303	0	0	0	1272	0	0	316	0	0	0	0	0.000	0.000	0	0	0	0	0	0	0	0	0	0	0	0	0
76	76	1841	1053.222	512.349	364	706	581	147	13	235	689	595	271	27	284.360	1469	345	323	304	292	281	269	251	230	203	127	130.426	306	141	137	134	132	130	127	124	121	115	102	1	12	1040.001	502.057	0	0	0	985	0	0	265	0	0	1	17	1039.909	501.015	0	0	0	642	0	0	0	227	0	0	0	0	0
77	77	1857	428.073	520.684	351	662	515	249	48	229	675	528	302	80	391.327	4732	493	386	347	315	299	284	269	255	230	143	128.170	591	136	128	124	121	118	116	114	112	110	101	1	53	431.949	518.443	0	0	0	2245	0	0	333	0	0	1	56	432.429	518.209	0	0	0	2180	0	0	0	336	0	0	0	0	0
78	78	1068	1106.465	521.550	64	235	351	290	98	63	280	426	212	70	282.746	395	341	321	307	296	284	273	262	247	223	152	129.346	163	143	138	134	131	128	126	124	121	118	105	0	0	0.000	0.000	0	0	0	0	0	0	0	0	0	0	0	0.000	0.000	0	0	0	0	0	0	0	0	0	0	0	0	0
79	79	1061	96.588	525.135	137	297	263	248	96	97	309	267	252	118	447.837	607	536	514	497	482	467	453	430	388	330	145	105.458	121	110	108	107	106	105	104	104	103	102	95	0	0	0.000	0.000	0	0	0	0	0	0	0	0	0	0	0	0.000	0.000	0	0	0	0	0	0	0	0	0	0	0	0	0
80	80	745	1290.297	526.914	157	182	219	131	35	149	170	228	152	36	106.950	123	111	110	108	108	107	106	105	104	103	95	127.012	156	140	136	133	130	128	126	123	118	113	101	1	12	1296.001	536.095	0	0	0	114	0	0	127	0	0	0	0	0.000	0.000	0	0	0	0	0	0	0	0	0	0	0	0	0
81	81	1315	360.917	547.850	160	314	400	321	98	133	366	490	230	77	256.452	390	332	311	293	275	259	241	223	204	176	116	165.265	235	202	190	180	173	164	157	150	143	130	105	0	0	0.000	0.000	0	0	0	0	0	0	0	0	0	0	0	0.000	0.000	0	0	0	0	0	0	0	0	0	0	0	0	0
82	82	1178	679.305	548.819	264	321	312	199	58	268	389	286	165	48	124.125	146	135	132	130	127	125	123	120	116	112	100	104.486	115	108	107	106	105	104	104	103	102	101	96	0	0	0.000	0.000	0	0	0	0	0	0	0	0	0	0	0	0.000	0.000	0	0	0	0	0	0	0	0	0	0	0	0	0
83	83	1879	728.447	560.110	346	537	539	325	91	357	689	473	292	32	126.804	149	137	134	132	130	128	126	123	119	114	103	105.549	119	110	108	107	106	105	104	103	103	102	95	0	0	0.000	0.000	0	0	0	0	0	0	0	0	0	0	0	0.000	0.000	0	0	0	0	0	0	0	0	0	0	0	0	0
84	84	1138	835.012	558.009	212	248	289	274	89	196	315	360	196	53	174.539	222	202	196	192	187	181	174	164	152	135	108	139.852	174	159	155	151	147	142	136	131	125	117	105	0	0	0.000	0.000	0	0	0	0	0	0	0	0	0	0	0	0.000	0.000	0	0	0	0	0	0	0	0	0	0	0	0	0
85	85	1907	962.305	562.283	293	445	660	365	102	307	663	652	237	11	2956.743	28081	11553	1917	772	476	354	290	250	215	180	116	588.288	5261	1682	436	269	221	199	183	168	153	135	107	1	328	962.199	562.913	0	0	0	14778	0	0	2135	0	0	1	281	962.227	562.664	0	0	0	17964	0	0	0	2563	0	0	0	0	0
86	86	1739	1091.511	569.601	167	555	593	338	57	181	584	613	292	38	299.754	649	366	350	335	320	305	291	274	255	220	113	130.818	276	142	138	136	133	131	129	126	122	117	105	0	0	0.000	0.000	0	0	0	0	0	0	0	0	0	0	0	0.000	0.000	0	0	0	0	0	0	0	0	0	0	0	0	0
87	87	1638	99.296	573.785	113	409	597	398	86	126	501	616	302	52	442.584	681	555	518	493	474	456	435	405	366	314	155	105.789	118	110	108	107	106	106	105	104	103	102	97	0	0	0.000	0.000	0	0	0	0	0	0	0	0	0	0	0	0.000	0.000	0	0	0	0	0	0	0	0	0	0	0	0	0
88	88	2819	1038.469	586.802	576	985	783	357	69	514	947	745	464	106	111.895	137	119	116	114	113	112	110	109	108	106	99	169.272	237	208	200	191	182	172	161	150	140	124	104	0	0	0.000	0.000	0	0	0	0	0	0	0	0	0	0	0	0.000	0.000	0	0	0	0	0	0	0	0	0	0	0	0	0
89	89	1515	869.589	589.293	118	328	528	384	128	109	308	623	349	103	516.156	9517	704	307	231	212	197	183	173	163	148	116	157.877	807	189	153	146	140	135	130	125	120	115	101	1	91	870.239	595.360	0	0	0	4265	0	0	299	0	0	1	88	871.140	594.069	0	0	0	2249	0	0	0	463	0	0	0	0	0
90	90	1888	353.716	597.152	254	583	520	406	92	261	805	465	285	39	386.292	7016	441	338	304	283	269	257	243	225	189	114	216.613	2585	249	197	186	179	172	166	159	150	136	107	1	49	343.778	595.463	0	0	0	3357	0	0	1029	0	0	1	54	344.716	595.806	0	0	0	2894	0	0	0	1213	0	0	0	0	0
91	91	2135	936.649	618.815	507	791	598	186	25	473	839	580	179	37	115.856	131	122	120	119	118	116	115	113	112	109	101	176.916	233	203	195	190	185	180	176	169	160	144	107	0	0	0.000	0.000	0	0	0	0	0	0	0	0	0	0	0	0.000	0.000	0	0	0	0	0	0	0	0	0	0	0	0	0
92	92	1588	1635.568	625.184	247	479	507	255	72	213	514	504	243	78	134.747	174	150	145	141	138	135	132	128	125	119	102	104.191	117	107	106	105	105	104	103	103	102	101	95	0	0	0.000	0.000	0	0	0	0	0	0	0	0	0	0	0	0.000	0.000	0	0	0	0	0	0	0	0	0	0	0	0	0
93	93	1288	989.422	620.034	290	422	442	89	24	286	470	349	129	31	114.737	135	122	120	118	116	115	113	111	110	107	100	175.246	240	211	200	191	184	175	169	161	153	139	112	0	0	0.000	0.000	0	0	0	0	0	0	0	0	0	0	0	0.000	0.000	0	0	0	0	0	0	0	0	0	0	0	0	0
94	94	1751	1691.387	622.101	282	551	661	199	22	263	747	581	122	4	399.664	10827	291	204	194	188	182	176	167	157	142	113	140.664	834	142	136	133	130	127	125	122	119	115	103	1	69	1709.312	626.484	0	0	0	5094	0	0	468	0	0	1	65	1709.139	626.393	0	0	0	5193	0	0	0	469	0	0	0	0	0
95	95	1801	841.701	634.945	260	434	562	411	107	222	465	599	394	87	191.170	252	224	217	211	205	197	188	176	164	148	113	221.494	305	275	261	251	240	228	213	196	180	160	119	0	0	0.000	0.000	0	0	0	0	0	0	0	0	0	0	0	0.000	0.000	0	0	0	0	0	0	0	0	0	0	0	0	0
96	96	1924	1056.483	644.212	342	525	572	374	75	319	583	529	366	80	112.676	128	119	117	115	114	113	112	110	108	106	100	171.448	239	213	201	190	181	172	163	156	144	127	104	0	0	0.000	0.000	0	0	0	0	0	0	0	0	0	0	0	0.000	0.000	0	0	0	0	0	0	0	0	0	0	0	0	0
97	97	1732	691.883	642.832	258	498	626	286	37	174	438	664	339	86	112.008	126	117	115	114	113	112	111	110	109	107	100	138.908	165	153	149	145	142	140	137	134	130	124	100	0	0	0.000	0.000	0	0	0	0	0	0	0	0	0	0	0	0.000	0.000	0	0	0	0	0	0	0	0	0	0	0	0	0
98	98	1576	1727.205	653.371	175	458	469	364	71	173	490	537	297	55	181.069	2152	192	176	168	163	159	154	149	142	132	108	121.887	257	131	127	125	123	121	119	116	114	111	101	1	28	1740.612	658.370	0	0	0	1067	0	0	158	0	0	1	20	1741.059	659.247	0	0	0	1336	0	0	0	199	0	0	0	0	0
99	99	1570	1124.460	654.107	257	403	492	329	67	185	420	536	297	99	116.609	138	125	122	120	118	116	115	113	111	109	100	191.256	256	232	220	210	201	194	185	174	162	148	109	0	0	0.000	0.000	0	0	0	0	0	0	0	0	0	0	0	0.000	0.000	0	0	0	0	0	0	0	0	0	0	0	0	0
100	100	2182	445.311	666.664	231	473	711	501	232	227	803	721	350	46	113.016	125	119	117	116	114	113	112	111	109	106	98	249.525	412	347	319	292	266	244	223	206	189	165	102	0	0	0.000	0.000	0	0	0	0	0	0	0	0	0	0	0	0.000	0.000	0	0	0	0	0	0	0	0	0	0	0	0	0
101	101	1531	883.306	674.767	238	425	442	333	78	189	500	474	272	78	1249.225	18959	2599	530	274	230	218	207	193	180	163	129	289.937	1631	401	271	257	247	236	223	206	187	168	122	1	150	887.699	684.620	0	0	0	9253	0	0	804	0	0	1	105	887.454	684.541	0	0	0	12184	0	0	0	1016	0	0	0	0	0
102	102	1235	653.279	672.342	262	320	357	238	41	167	400	394	221	36	111.646	128	118	116	114	113	111	110	109	107	106	96	137.318	171	156	150	145	142	138	134	130	125	118	104	0	0	0.000	0.000	0	0	0	0	0	0	0	0	0	0	0	0.000	0.000	0	0	0	0	0	0	0	0	0	0	0	0	0
103	103	1773	1662.087	676.179	164	448	541	444	147	191	626	586	314	30	135.889	169	150	146	142	139	137	134	130	126	121	106	105.071	116	110	107	106	105	104	104	103	102	101	97	0	0	0.000	0.000	0	0	0	0	0	0	0	0	0	0	0	0.000	0.000	0	0	0	0	0	0	0	0	0	0	0	0	0
104	104	817	390.911	671.926	164	239	211	153	32	119	329	210	124	26	109.744	119	115	113	112	111	110	109	108	106	105	98	209.225	293	260	245	236	225	212	201	187	173	151	121	0	0	0.000	0.000	0	0	0	0	0	0	0	0	0	0	0	0.000	0.000	0	0	0	0	0	0	0	0	0	0	0	0	0
105	105	607	1620.136	673.357	90	171	185	111	41	125	178	162	91	40	129.290	158	141	137	134	132	130	127	124	122	117	104	105.224	117	110	108	106	106	105	104	103	103	102	96	0	0	0.000	0.000	0	0	0	0	0	0	0	0	0	0	0	0.000	0.000	0	0	0	0	0	0	0	0	0	0	0	0	0
106	106	1516	291.073	682.944	106	399	389	390	202	118	456	530	302	75	107.681	120	112	110	109	108	108	107	106	105	104	98	103.661	114	107	105	105	104	104	103	102	102	101	94	0	0	0.000	0.000	0	0	0	0	0	0	0	0	0	0	0	0.000	0.000	0	0	0	0	0	0	0	0	0	0	0	0	0
107	107	825	837.660	683.454	569	178	43	16	9	539	173	63	32	9	142.371	230	160	155	151	146	143	139	134	130	121	106	152.002	199	171	166	161	157	153	149	145	139	131	107	0	0	0.000	0.000	0	0	0	0	0	0	0	0	0	0	0	0.000	0.000	0	0	0	0	0	0	0	0	0	0	0	0	0
108	108	1568	1087.144	696.707	163	419	595	302	56	144	464	584	298	41	112.767	127	118	116	115	114	113	112	110	109	107	101	174.651	234	201	193	188	183	178	171	162	154	144	114	0	0	0.000	0.000	0	0	0	0	0	0	0	0	0	0	0	0.000	0.000	0	0	0	0	0	0	0	0	0	0	0	0	0
109	109	815	799.273	702.029	442	202	116	34	12	384	254	139	18	9	179.931	1085	217	175	166	160	154	148	143	137	131	112	161.166	594	178	169	163	159	154	148	143	137	128	109	1	33	788.949	701.709	0	0	0	603	0	0	286	0	0	1	26	790.107	701.349	0	0	0	657	0	0	0	357	0	0	0	0	0
110	110	2300	897.519	725.390	396	649	670	437	88	370	785	671	386	48	879.627	16520	1019	499	386	353	326	301	279	259	219	123	563.716	2099	761	686	624	571	532	492	456	413	321	152	1	135	906.094	711.029	0	0	0	7943	0	0	1171	0	0	1	44	906.271	710.735	0	0	0	13901	0	0	0	1772	0	0	0	0	0
111	111	1044	1048.568	726.791	207	249	318	199	45	164	367	313	141	30	119.922	317	129	124	121	119	117	115	113	111	109	102	179.736	235	213	204	198	191	184	176	166	156	141	111	1	25	1051.614	732.033	0	0	0	187	0	0	208	0	0	0	0	0.000	0.000	0	0	0	0	0	0	0	0	0	0	0	0	0
112	112	2123	834.166	734.730	429	614	574	385	77	480	742	563	270	30	1973.132	21789	5532	1194	634	481	414	382	348	290	223	124	1191.340	8150	2285	1046	920	876	832	760	644	498	311	147	1	283	832.322	737.530	0	0	0	10488	0	0	4003	0	0	1	205	832.387	737.070	0	0	0	14596	0	0	0	5192	0	0	0	0	0
113	113	1436	1110.017	737.777	460	394	370	157	41	367	501	364	140	36	251.071	3835	292	219	203	191	181	172	164	154	141	108	211.838	893	252	233	220	210	201	193	182	172	156	110	2	22	1112.362	736.613	42	1097.114	729.875	475	1731	0	224	425	0	1	31	1097.836	730.570	0	0	0	1894	0	0	0	593	0	0	0	0	0
114	114	873	84.280	735.125	204	286	296	62	5	178	320	249	103	7	137.742	182	162	155	150	143	137	133	126	120	113	101	103.793	115	107	106	105	104	104	103	103	102	101	96	0	0	0.000	0.000	0	0	0	0	0	0	0	0	0	0	0	0.000	0.000	0	0	0	0	0	0	0	0	0	0	0	0	0
115	115	932	1349.382	743.423	125	221	273	230	71	124	230	244	208	100	138.900	177	159	154	150	146	142	138	131	121	111	101	134.662	165	151	146	142	139	136	132	128	123	117	105	0	0	0.000	0.000	0	0	0	0	0	0	0	0	0	0	0	0.000	0.000	0	0	0	0	0	0	0	0	0	0	0	0	0
116	116	2027	1624.798	755.696	358	691	676	232	27	350	709	631	265	37	935.208	17048	1230	400	297	271	259	248	234	210	181	110	182.804	1731	216	141	134	130	127	124	121	117	113	99	1	140	1617.335	760.443	0	0	0	8185	0	0	768	0	0	1	125	1617.581	760.216	0	0	0	9469	0	0	0	871	0	0	0	0	0
117	117	1782	1396.291	760.254	304	682	580	147	21	284	724	516	213	20	453.772	11733	386	170	162	157	152	148	143	135	121	102	154.045	708	166	154	149	144	141	137	133	128	121	102	1	81	1414.740	769.947	0	0	0	5240	0	0	392	0	0	1	72	1413.623	769.372	0	0	0	3404	0	0	0	430	0	0	0	0	0
118	118	1489	1685.072	763.726	184	371	471	313	120	169	433	519	259	86	228.453	318	273	259	249	239	233	225	214	201	174	118	124.372	145	136	133	130	127	124	122	120	117	112	102	0	0	0.000	0.000	0	0	0	0	0	0	0	0	0	0	0	0.000	0.000	0	0	0	0	0	0	0	0	0	0	0	0	0
119	119	2778	961.938	776.856	486	838	931	433	41	371	851	921	525	59	1646.395	16938	2160	1902	1701	1496	1257	1083	951	777	516	193	168.145	1390	176	159	151	146	140	134	128	122	114	102	1	107	973.239	769.270	0	0	0	9798	0	0	751	0	0	1	107	973.472	768.731	0	0	0	9798	0	0	0	751	0	0	0	0	0
120	120	1072	423.829	762.199	163	389	324	155	24	160	503	264	110	22	109.450	120	114	112	111	110	109	109	108	106	105	100	156.058	194	175	170	165	161	157	152	148	144	136	111	0	0	0.000	0.000	0	0	0	0	0	0	0	0	0	0	0	0.000	0.000	0	0	0	0	0	0	0	0	0	0	0	0	0
121	121	773	360.855	771.089	245	293	163	39	19	164	385	160	29	12	137.461	179	161	153	148	143	138	133	126	120	114	103	119.075	152	133	128	124	121	118	116	113	110	107	100	0	0	0.000	0.000	0	0	0	0	0	0	0	0	0	0	0	0.000	0.000	0	0	0	0	0	0	0	0	0	0	0	0	0
122	122	1790	1891.634	782.499	308	515	497	369	68	273	570	528	333	57	149.970	184	168	162	158	155	152	148	144	139	129	103	131.869	168	146	142	138	135	132	129	127	123	117	102	0	0	0.000	0.000	0	0	0	0	0	0	0	0	0	0	0	0.000	0.000	0	0	0	0	0	0	0	0	0	0	0	0	0
123	123	2238	1059.841	793.323	360	594	727	402	107	318	689	665	396	123	866.101	18818	1081	343	242	213	193	179	170	156	137	105	265.473	3792	319	188	169	157	147	138	132	127	119	104	1	144	1065.288	800.476	0	0	0	8471	0	0	1526	0	0	1	123	1065.552	799.381	0	0	0	7075	0	0	0	1830	0	0	0	0	0
124	124	2251	509.999	796.545	374	665	767	343	54	355	806	747	266	41	346.253	9539	310	201	190	183	177	171	163	152	135	106	304.789	1072	402	359	334	316	299	282	260	233	193	127	1	68	510.440	776.081	0	0	0	4313	0	0	650	0	0	1	25	509.579	775.893	0	0	0	7143	0	0	0	897	0	0	0	0	0
125	125	1250	1934.911	798.205	119	300	365	363	76	157	393	421	224	25	154.369	204	177	169	163	158	153	150	146	141	133	109	110.478	127	117	114	113	111	110	109	108	107	105	96	0	0	0.000	0.000	0	0	0	0	0	0	0	0	0	0	0	0.000	0.000	0	0	0	0	0	0	0	0	0	0	0	0	0
126	126	1780	401.074	804.369	436	530	485	269	34	375	569	502	267	44	113.513	130	120	118	116	115	114	112	111	109	107	99	324.844	528	466	425	383	350	321	292	264	234	192	115	0	0	0.000	0.000	0	0	0	0	0	0	0	0	0	0	0	0.000	0.000	0	0	0	0	0	0	0	0	0	0	0	0	0
127	127	1573	1688.058	818.546	306	437	469	294	43	276	463	486	261	53	2330.207	19135	3645	2133	1897	1764	1674	1574	1415	1140	678	162	296.292	3783	431	211	182	172	164	158	151	142	126	102	1	111	1688.501	823.587	0	0	0	11056	0	0	1590	0	0	1	94	1689.112	822.945	0	0	0	12446	0	0	0	1875	0	0	0	0	0
128	128	753	1449.428	811.172	247	185	155	116	33	194	218	188	113	31	216.721	291	264	251	241	229	219	209	199	183	163	125	127.999	166	144	138	134	130	126	124	121	118	114	103	0	0	0.000	0.000	0	0	0	0	0	0	0	0	0	0	0	0.000	0.000	0	0	0	0	0	0	0	0	0	0	0	0	0
129	129	2090	1019.247	832.712	562	733	584	170	17	432	758	546	281	28	115.451	135	122	120	118	117	116	114	113	111	108	101	106.276	120	111	109	108	107	106	105	104	103	102	97	0	0	0.000	0.000	0	0	0	0	0	0	0	0	0	0	0	0.000	0.000	0	0	0	0	0	0	0	0	0	0	0	0	0
130	130	1736	1337.785	830.469	237	401	602	376	82	234	585	621	230	30	110.846	122	116	114	113	112	111	110	109	108	106	99	193.236	269	236	222	214	205	195	186	176	165	149	107	0	0	0.000	0.000	0	0	0	0	0	0	0	0	0	0	0	0.000	0.000	0	0	0	0	0	0	0	0	0	0	0	0	0
131	131	1447	1782.570	831.557	188	465	446	278	49	146	454	514	253	60	1046.419	1737	1481	1324	1234	1158	1086	1012	909	754	544	211	142.612	187	163	158	153	148	144	139	134	128	118	102	0	0	0.000	0.000	0	0	0	0	0	0	0	0	0	0	0	0.000	0.000	0	0	0	0	0	0	0	0	0	0	0	0	0
132	132	2514	966.631	845.835	468	867	790	308	27	438	1027	713	277	16	1172.526	2140	1805	1632	1401	1251	1158	1053	950	797	530	175	136.527	182	158	152	147	142	137	132	127	121	113	101	0	0	0.000	0.000	0	0	0	0	0	0	0	0	0	0	0	0.000	0.000	0	0	0	0	0	0	0	0	0	0	0	0	0
133	133	1598	1085.111	841.129	236	384	460	377	95	222	447	520	290	86	254.146	4385	268	199	188	181	176	169	161	155	143	106	149.679	655	165	157	151	145	141	137	134	129	122	101	1	49	1081.367	853.312	0	0	0	1802	0	0	314	0	0	1	39	1080.457	852.423	0	0	0	1510	0	0	0	389	0	0	0	0	0
134	134	2791	369.924	850.178	734	824	672	369	131	813	944	717	237	22	114.042	133	120	118	117	116	114	113	112	110	107	100	321.556	515	424	399	380	359	332	301	275	241	192	119	0	0	0.000	0.000	0	0	0	0	0	0	0	0	0	0	0	0.000	0.000	0	0	0	0	0	0	0	0	0	0	0	0	0
135	135	1228	1475.241	841.991	389	484	202	110	13	384	477	216	132	4	564.923	17867	473	225	202	195	190	183	175	165	151	109	177.067	1550	192	166	158	152	147	142	136	131	124	103	0	0	0.000	0.000	0	0	0	0	0	0	0	0	0	0	0	0.000	0.000	0	0	0	0	0	0	0	0	0	0	0	0	0
136	136	1786	510.385	856.017	306	382	487	390	190	267	487	537	321	131	176.060	237	209	199	192	187	182	175	166	151	133	103	309.014	485	405	379	355	336	318	300	282	243	185	113	0	0	0.000	0.000	0	0	0	0	0	0	0	0	0	0	0	0.000	0.000	0	0	0	0	0	0	0	0	0	0	0	0	0
137	137	1371	1662.314	862.566	293	310	312	301	135	436	515	348	40	5	1232.812	9205	1502	1398	1333	1214	1075	968	871	766	618	260	184.281	1718	209	162	156	151	148	144	139	133	124	107	1	42	1659.215	871.867	0	0	0	5545	0	0	1004	0	0	1	52	1658.938	871.744	0	0	0	4584	0	0	0	819	0	0	0	0	0
138	138	1886	863.225	869.666	225	527	599	380	110	163	548	608	415	117	137.343	168	153	149	145	141	137	134	131	127	121	103	103.527	115	106	105	105	104	103	103	102	102	101	93	0	0	0.000	0.000	0	0	0	0	0	0	0	0	0	0	0	0.000	0.000	0	0	0	0	0	0	0	0	0	0	0	0	0
139	139	1553	177.026	871.026	1143	334	26	16	9	1159	322	31	13	10	113.001	148	123	118	115	113	112	110	109	107	105	99	113.585	163	124	119	116	114	112	111	109	107	105	98	1	20	166.708	885.754	0	0	0	141	0	0	148	0	0	1	26	167.898	884.622	0	0	0	139	0	0	0	147	0	0	0	0	0
140	140	1442	80.341	880.552	351	292	354	311	119	312	352	387	278	87	108.780	122	114	112	111	110	109	108	107	105	103	97	107.289	122	113	111	109	108	107	106	105	104	103	93	0	0	0.000	0.000	0	0	0	0	0	0	0	0	0	0	0	0.000	0.000	0	0	0	0	0	0	0	0	0	0	0	0	0
141	141	1744	580.100	890.948	171	537	732	264	14	79	365	758	443	67	107.572	118	112	110	109	108	107	107	106	105	104	99	149.150	190	172	166	159	154	149	143	138	133	128	110	0	0	0.000	0.000	0	0	0	0	0	0	0	0	0	0	0	0.000	0.000	0	0	0	0	0	0	0	0	0	0	0	0	0
142	142	742	339.803	887.795	149	296	158	76	50	207	262	178	62	22	112.883	159	120	116	114	113	111	110	109	108	106	99	184.822	252	221	210	202	193	185	178	171	163	146	112	0	0	0.000	0.000	0	0	0	0	0	0	0	0	0	0	0	0.000	0.000	0	0	0	0	0	0	0	0	0	0	0	0	0
143	143	1291	1381.017	897.166	233	301	413	266	51	222	315	422	246	70	194.495	252	231	222	214	206	198	188	179	168	153	112	303.164	476	396	373	350	328	303	282	260	240	210	123	0	0	0.000	0.000	0	0	0	0	0	0	0	0	0	0	0	0.000	0.000	0	0	0	0	0	0	0	0	0	0	0	0	0
144	144	1058	902.870	898.261	126	251	311	253	102	108	386	331	142	72	141.680	168	155	152	149	146	143	140	136	132	126	101	104.910	122	109	107	106	105	104	104	103	102	101	97	0	0	0.000	0.000	0	0	0	0	0	0	0	0	0	0	0	0.000	0.000	0	0	0	0	0	0	0	0	0	0	0	0	0
145	145	1332	1648.506	906.227	144	395	415	273	76	181	452	401	245	32	115.265	148	122	120	118	117	115	114	112	110	108	98	187.035	255	223	212	202	195	188	182	175	166	151	104	0	0	0.000	0.000	0	0	0	0	0	0	0	0	0	0	0	0.000	0.000	0	0	0	0	0	0	0	0	0	0	0	0	0
146	146	562	538.747	902.082	102	145	166	101	40	90	148	154	116	45	108.879	121	113	112	111	110	109	108	107	106	105	98	199.657	262	241	232	224	218	211	203	190	164	134	113	0	0	0.000	0.000	0	0	0	0	0	0	0	0	0	0	0	0.000	0.000	0	0	0	0	0	0	0	0	0	0	0	0	0
147	147	1165	1422.984	912.990	284	443	252	105	56	363	419	261	71	33	166.842	204	187	180	177	173	169	165	160	152	143	119	160.541	195	181	176	171	168	163	158	153	146	136	110	0	0	0.000	0.000	0	0	0	0	0	0	0	0	0	0	0	0.000	0.000	0	0	0	0	0	0	0	0	0	0	0	0	0
148	148	1978	635.842	917.517	313	557	662	364	46	248	587	615	423	72	109.155	122	114	112	111	110	109	108	107	106	105	99	147.157	195	169	162	158	153	149	143	137	131	123	104	0	0	0.000	0.000	0	0	0	0	0	0	0	0	0	0	0	0.000	0.000	0	0	0	0	0	0	0	0	0	0	0	0	0
149	149	931	682.423	912.724	124	328	240	168	56	190	356	216	125	30	108.967	121	114	112	111	110	109	108	107	106	105	99	149.377	184	170	165	161	157	152	146	140	134	125	108	0	0	0.000	0.000	0	0	0	0	0	0	0	0	0	0	0	0.000	0.000	0	0	0	0	0	0	0	0	0	0	0	0	0
150	150	1816	863.100	932.782	159	352	614	476	183	189	484	680	335	92	148.699	185	167	162	158	154	150	146	141	135	128	109	104.020	113	107	106	105	105	104	103	103	102	101	93	0	0	0.000	0.000	0	0	0	0	0	0	0	0	0	0	0	0.000	0.000	0	0	0	0	0	0	0	0	0	0	0	0	0
151	151	1591	1512.078	924.039	187	496	550	297	34	157	481	538	329	61	114.492	130	120	118	117	116	115	113	112	110	108	101	106.562	120	112	110	108	107	106	105	104	103	102	96	0	0	0.000	0.000	0	0	0	0	0	0	0	0	0	0	0	0.000	0.000	0	0	0	0	0	0	0	0	0	0	0	0	0
152	152	936	1303.241	921.505	135	211	241	232	99	149	232	286	179	70	109.746	125	114	113	111	110	110	109	108	107	105	100	174.804	232	210	200	192	185	178	171	163	149	132	111	0	0	0.000	0.000	0	0	0	0	0	0	0	0	0	0	0	0.000	0.000	0	0	0	0	0	0	0	0	0	0	0	0	0
153	153	1140	378.566	926.381	251	336	249	188	92	292	416	224	138	53	116.266	191	129	121	118	116	114	112	110	108	106	99	142.013	177	162	157	153	149	144	139	133	126	118	104	0	0	0.000	0.000	0	0	0	0	0	0	0	0	0	0	0	0.000	0.000	0	0	0	0	0	0	0	0	0	0	0	0	0
154	154	2307	565.111	943.349	583	772	584	294	38	578	898	573	191	30	114.725	130	121	119	118	116	115	113	112	110	108	100	275.620	411	365	347	327	303	276	248	227	211	185	121	0	0	0.000	0.000	0	0	0	0	0	0	0	0	0	0	0	0.000	0.000	0	0	0	0	0	0	0	0	0	0	0	0	0
155	155	1267	87.908	941.573	196	338	393	253	64	172	415	392	231	41	107.410	122	113	110	109	108	107	106	105	104	103	96	170.676	233	204	193	186	180	174	167	157	145	132	107	0	0	0.000	0.000	0	0	0	0	0	0	0	0	0	0	0	0.000	0.000	0	0	0	0	0	0	0	0	0	0	0	0	0
156	156	1267	1694.562	968.249	140	403	420	218	70	158	412	429	188	49	273.134	427	356	327	304	287	270	256	242	222	191	128	106.504	121	111	109	108	107	106	105	105	104	103	97	0	0	0.000	0.000	0	0	0	0	0	0	0	0	0	0	0	0.000	0.000	0	0	0	0	0	0	0	0	0	0	0	0	0
157	157	2204	790.100	983.669	856	819	382	100	5	620	905	462	163	7	116.332	140	123	121	119	118	117	115	113	111	109	101	164.332	206	189	184	179	175	169	163	154	144	131	106	0	0	0.000	0.000	0	0	0	0	0	0	0	0	0	0	0	0.000	0.000	0	0	0	0	0	0	0	0	0	0	0	0	0
158	158	955	1215.294	988.434	162	190	285	255	42	119	250	303	190	76	189.216	990	214	200	193	188	182	175	168	156	139	106	118.988	173	130	125	122	120	118	116	114	112	109	99	1	20	1225.677	994.824	0	0	0	585	0	0	145	0	0	0	0	0.000	0.000	0	0	0	0	0	0	0	0	0	0	0	0	0
159	159	2083	126.735	1016.020	285	544	602	470	137	330	767	621	305	16	108.632	121	113	112	110	109	108	108	107	106	104	99	104.214	113	108	106	105	105	104	103	103	102	101	95	0	0	0.000	0.000	0	0	0	0	0	0	0	0	0	0	0	0.000	0.000	0	0	0	0	0	0	0	0	0	0	0	0	0
160	160	1974	327.669	1021.954	377	560	586	324	79	317	515	535	390	182	118.013	136	126	124	122	120	118	117	115	112	109	99	106.033	126	112	108	107	106	105	104	104	103	102	95	0	0	0.000	0.000	0	0	0	0	0	0	0	0	0	0	0	0.000	0.000	0	0	0	0	0	0	0	0	0	0	0	0	0
161	161	1182	672.650	1045.479	119	374	413	214	42	105	540	375	112	30	294.296	398	354	336	324	310	298	283	269	253	235	150	124.551	144	133	130	128	126	125	123	121	119	116	105	0	0	0.000	0.000	0	0	0	0	0	0	0	0	0	0	0	0.000	0.000	0	0	0	0	0	0	0	0	0	0	0	0	0
162	162	1710	449.278	1052.724	261	558	448	305	105	192	647	490	280	71	112.050	128	117	115	114	113	112	111	110	109	107	100	225.396	331	283	268	255	242	230	214	198	180	163	116	0	0	0.000	0.000	0	0	0	0	0	0	0	0	0	0	0	0.000	0.000	0	0	0	0	0	0	0	0	0	0	0	0	0
163	163	2131	170.578	1052.924	308	718	683	338	40	290	723	708	320	46	280.757	7339	273	181	167	160	154	149	143	137	129	104	199.046	589	242	227	213	202	191	180	171	161	148	113	1	65	156.622	1054.115	0	0	0	3098	0	0	400	0	0	1	39	157.284	1054.664	0	0	0	4382	0	0	0	467	0	0	0	0	0
164	164	2805	1396.762	1061.924	422	1087	1025	189	27	404	1172	1009	166	14	109.045	121	113	112	111	110	109	108	107	106	105	99	166.002	252	206	195	185	175	166	157	148	137	125	103	0	0	0.000	0.000	0	0	0	0	0	0	0	0	0	0	0	0.000	0.000	0	0	0	0	0	0	0	0	0	0	0	0	0
165	165	1804	1462.957	1058.277	159	455	680	425	49	155	520	700	359	38	110.301	122	115	113	112	111	110	109	108	107	106	99	174.849	230	205	197	188	181	175	168	163	155	144	112	0	0	0.000	0.000	0	0	0	0	0	0	0	0	0	0	0	0.000	0.000	0	0	0	0	0	0	0	0	0	0	0	0	0
166	166	1148	1318.453	1063.492	106	292	396	244	75	100	298	404	252	70	149.888	187	166	162	158	155	152	149	144	138	130	106	142.090	181	163	158	154	149	146	140	134	126	114	99	0	0	0.000	0.000	0	0	0	0	0	0	0	0	0	0	0	0.000	0.000	0	0	0	0	0	0	0	0	0	0	0	0	0
167	167	1493	117.911	1070.616	237	378	485	317	57	194	391	455	314	102	151.147	191	173	166	162	158	153	149	143	135	126	107	187.695	264	227	216	207	198	189	181	172	158	143	114	0	0	0.000	0.000	0	0	0	0	0	0	0	0	0	0	0	0.000	0.000	0	0	0	0	0	0	0	0	0	0	0	0	0
168	168	1539	340.406	1075.295	224	407	443	351	81	167	514	483	268	80	125.733	159	134	131	129	127	125	124	122	120	117	106	104.715	121	108	107	106	105	104	104	103	102	102	95	0	0	0.000	0.000	0	0	0	0	0	0	0	0	0	0	0	0.000	0.000	0	0	0	0	0	0	0	0	0	0	0	0	0
169	169	506	1507.552	1064.091	76	167	143	87	24	43	176	168	97	17	110.257	123	115	113	112	111	110	109	108	107	106	101	162.273	194	183	178	174	169	165	159	153	146	139	117	0	0	0.000	0.000	0	0	0	0	0	0	0	0	0	0	0	0.000	0.000	0	0	0	0	0	0	0	0	0	0	0	0	0
170	170	1471	642.896	1078.616	220	458	406	268	90	203	531	421	223	68	126.261	811	129	123	121	119	118	116	115	113	111	99	135.618	164	150	146	142	140	138	134	130	125	119	104	1	31	655.228	1086.529	0	0	0	385	0	0	152	0	0	0	0	0.000	0.000	0	0	0	0	0	0	0	0	0	0	0	0	0
171	171	816	706.780	1075.507	101	283	192	163	55	161	282	234	103	21	153.428	184	171	166	162	159	156	151	146	140	133	109	182.950	238	217	210	201	194	186	176	168	157	144	112	0	0	0.000	0.000	0	0	0	0	0	0	0	0	0	0	0	0.000	0.000	0	0	0	0	0	0	0	0	0	0	0	0	0
172	172	920	486.686	1082.833	181	276	257	150	35	177	246	246	191	48	110.491	121	115	114	113	111	110	109	108	107	106	101	203.949	278	252	245	237	226	215	202	184	161	132	107	0	0	0.000	0.000	0	0	0	0	0	0	0	0	0	0	0	0.000	0.000	0	0	0	0	0	0	0	0	0	0	0	0	0
173	173	1634	564.297	1094.015	270	415	521	344	58	212	400	598	294	92	630.663	1846	847	788	723	673	632	599	559	470	361	179	110.979	133	119	115	113	111	110	109	108	107	105	100	0	0	0.000	0.000	0	0	0	0	0	0	0	0	0	0	0	0.000	0.000	0	0	0	0	0	0	0	0	0	0	0	0	0
174	174	1290	218.380	1092.395	123	255	369	370	144	181	370	432	231	49	446.315	705	603	565	526	489	455	419	380	346	272	151	109.737	123	116	114	112	111	109	108	107	106	104	97	0	0	0.000	0.000	0	0	0	0	0	0	0	0	0	0	0	0.000	0.000	0	0	0	0	0	0	0	0	0	0	0	0	0
175	175	1001	175.617	1099.617	286	281	241	139	35	259	327	236	115	43	467.374	679	620	582	547	518	484	450	411	361	288	138	105.265	114	109	108	107	106	105	104	104	103	102	93	0	0	0.000	0.000	0	0	0	0	0	0	0	0	0	0	0	0.000	0.000	0	0	0	0	0	0	0	0	0	0	0	0	0
176	176	1269	76.420	1106.718	130	379	355	313	58	155	438	379	249	21	540.354	784	717	682	642	607	574	527	476	409	304	157	119.767	150	133	128	124	122	119	116	114	111	109	100	0	0	0.000	0.000	0	0	0	0	0	0	0	0	0	0	0	0.000	0.000	0	0	0	0	0	0	0	0	0	0	0	0	0
177	177	1413	1627.971	1113.382	178	449	440	257	50	164	464	439	277	45	183.996	2559	179	170	165	162	158	154	150	142	132	110	117.909	226	126	122	120	118	117	115	113	111	109	101	1	27	1635.356	1130.305	0	0	0	1031	0	0	165	0	0	1	19	1635.582	1129.977	0	0	0	1118	0	0	0	184	0	0	0	0	0
178	178	1595	1323.382	1110.227	204	477	502	319	59	158	443	530	316	107	223.754	2373	288	200	182	174	169	164	160	155	144	111	153.487	283	171	165	161	158	155	151	147	140	126	104	2	36	1332.426	1123.887	36	1305.478	1103.919	806	1118	0	206	202	0	0	0	0.000	0.000	0	0	0	0	0	0	0	0	0	0	0	0	0
179	179	1060	1416.871	1109.961	247	312	282	140	54	229	353	286	139	26	110.732	125	116	114	113	112	111	109	108	107	105	100	176.999	229	210	203	196	187	178	169	160	152	142	111	0	0	0.000	0.000	0	0	0	0	0	0	0	0	0	0	0	0.000	0.000	0	0	0	0	0	0	0	0	0	0	0	0	0
180	180	1628	612.999	1120.408	184	434	543	359	77	151	605	553	246	51	115.522	132	122	120	118	117	116	114	113	111	109	103	137.034	174	155	150	146	141	137	132	128	124	120	106	0	0	0.000	0.000	0	0	0	0	0	0	0	0	0	0	0	0.000	0.000	0	0	0	0	0	0	0	0	0	0	0	0	0
181	181	1547	571.422	1148.455	175	419	496	312	118	189	602	466	228	41	608.719	926	744	709	682	658	629	592	559	519	425	233	111.129	151	120	115	112	111	110	109	108	106	105	99	0	0	0.000	0.000	0	0	0	0	0	0	0	0	0	1	21	573.259	1136.445	0	0	0	653	0	0	0	134	0	0	0	0	0
182	182	1641	96.720	1150.950	310	461	482	313	49	305	531	465	273	40	1429.615	19083	2475	1041	772	637	565	494	426	363	313	161	198.688	1832	297	153	132	124	120	116	113	111	108	100	1	129	97.640	1156.056	0	0	0	9383	0	0	888	0	0	1	140	97.103	1156.087	0	0	0	9127	0	0	0	845	0	0	0	0	0
183	183	2183	641.506	1164.924	244	461	703	634	106	173	509	773	525	143	398.727	9025	389	224	201	190	180	171	161	149	136	109	385.963	1266	529	490	445	409	371	337	305	273	228	137	1	90	651.660	1160.217	0	0	0	4435	0	0	671	0	0	1	23	653.781	1159.499	0	0	0	5973	0	0	0	1141	0	0	0	0	0
184	184	1474	1712.716	1158.730	259	468	555	150	10	164	339	447	366	132	169.056	1538	191	172	164	158	155	149	143	135	123	100	155.537	310	182	173	166	159	155	150	145	136	124	103	1	22	1716.536	1168.739	0	0	0	882	0	0	196	0	0	0	0	0.000	0.000	0	0	0	0	0	0	0	0	0	0	0	0	0
185	185	1491	1633.251	1168.904	183	518	461	276	22	205	623	471	145	15	302.129	7441	280	179	167	161	155	150	144	137	131	110	126.134	481	133	128	125	122	120	117	115	112	110	102	1	46	1635.752	1187.478	0	0	0	3551	0	0	237	0	0	1	40	1636.622	1187.313	0	0	0	3332	0	0	0	298	0	0	0	0	0
186	186	782	480.266	1163.607	83	208	217	184	75	65	268	247	137	47	241.801	360	312	285	269	253	244	233	216	197	170	129	126.804	151	139	136	133	130	127	124	121	118	114	103	0	0	0.000	0.000	0	0	0	0	0	0	0	0	0	0	0	0.000	0.000	0	0	0	0	0	0	0	0	0	0	0	0	0
187	187	1851	1081.882	1179.259	251	611	569	350	34	229	548	512	374	143	195.298	260	231	223	217	210	201	190	178	165	152	116	140.089	175	159	154	150	146	141	136	131	125	120	103	0	0	0.000	0.000	0	0	0	0	0	0	0	0	0	0	0	0.000	0.000	0	0	0	0	0	0	0	0	0	0	0	0	0
188	188	2061	1329.455	1185.933	309	559	764	359	33	287	632	753	339	24	118.476	142	127	124	122	120	118	117	115	113	110	95	219.892	323	284	266	249	235	219	204	188	173	161	108	0	0	0.000	0.000	0	0	0	0	0	0	0	0	0	0	0	0.000	0.000	0	0	0	0	0	0	0	0	0	0	0	0	0
189	189	1612	533.921	1184.464	221	382	492	402	84	242	580	453	262	45	108.912	122	114	112	111	110	109	108	107	106	104	99	104.157	116	107	106	105	105	104	103	103	102	101	96	0	0	0.000	0.000	0	0	0	0	0	0	0	0	0	0	0	0.000	0.000	0	0	0	0	0	0	0	0	0	0	0	0	0
190	190	1794	741.388	1188.572	166	478	637	395	84	166	613	629	296	51	110.822	128	116	114	113	112	111	110	109	108	106	99	104.321	122	108	106	105	104	104	103	103	102	101	94	0	0	0.000	0.000	0	0	0	0	0	0	0	0	0	0	0	0.000	0.000	0	0	0	0	0	0	0	0	0	0	0	0	0
191	191	1273	457.893	1197.699	193	418	364	221	52	244	431	347	187	40	295.999	468	403	371	340	312	288	267	248	225	199	145	131.486	167	149	143	138	134	130	127	123	120	117	105	0	0	0.000	0.000	0	0	0	0	0	0	0	0	0	0	0	0.000	0.000	0	0	0	0	0	0	0	0	0	0	0	0	0
192	192	1807	695.035	1205.538	366	444	599	308	61	403	614	528	202	25	109.226	120	114	112	111	110	109	108	107	106	105	99	105.161	116	109	108	106	106	105	104	103	103	102	96	0	0	0.000	0.000	0	0	0	0	0	0	0	0	0	0	0	0.000	0.000	0	0	0	0	0	0	0	0	0	0	0	0	0
193	193	2174	90.244	1209.315	657	634	463	302	86	679	720	423	250	49	116.997	141	126	123	121	120	118	116	113	110	107	97	104.086	120	108	107	105	105	104	103	102	102	101	93	0	0	0.000	0.000	0	0	0	0	0	0	0	0	0	0	0	0.000	0.000	0	0	0	0	0	0	0	0	0	0	0	0	0
194	194	1981	1599.278	1209.705	724	919	240	35	25	797	982	109	29	18	109.626	123	114	113	112	111	110	109	108	106	105	100	144.284	189	171	163	155	149	143	139	135	129	116	98	0	0	0.000	0.000	0	0	0	0	0	0	0	0	0	0	0	0.000	0.000	0	0	0	0	0	0	0	0	0	0	0	0	0
195	195	1636	607.815	1210.938	350	418	471	313	55	274	450	514	296	64	187.490	1973	209	181	172	166	162	157	152	144	130	103	355.327	781	498	434	403	372	349	326	307	280	216	118	1	35	618.896	1200.784	0	0	0	921	0	0	606	0	0	0	0	0.000	0.000	0	0	0	0	0	0	0	0	0	0	0	0	0
196	196	1982	1674.177	1212.965	180	573	762	387	39	211	801	698	216	12	884.311	1663	1311	1153	1028	926	850	788	715	636	532	158	114.823	133	122	120	118	116	115	113	111	110	107	99	0	0	0.000	0.000	0	0	0	0	0	0	0	0	0	0	0	0.000	0.000	0	0	0	0	0	0	0	0	0	0	0	0	0
197	197	1856	1198.911	1221.848	198	398	643	458	127	152	434	681	439	126	108.189	121	112	111	110	109	108	107	107	106	104	99	141.827	182	162	155	149	144	141	137	134	130	123	108	0	0	0.000	0.000	0	0	0	0	0	0	0	0	0	0	0	0.000	0.000	0	0	0	0	0	0	0	0	0	0	0	0	0
198	198	940	1727.611	1217.268	102	246	299	208	73	104	291	296	177	53	892.736	1474	1216	1097	1020	951	893	824	761	675	557	338	115.084	130	122	119	118	117	115	114	112	111	109	101	0	0	0.000	0.000	0	0	0	0	0	0	0	0	0	0	0	0.000	0.000	0	0	0	0	0	0	0	0	0	0	0	0	0
199	199	1307	375.224	1232.316	198	376	443	217	54	197	447	435	165	38	334.910	7739	397	197	162	151	144	140	136	132	127	111	144.153	679	164	145	139	134	130	127	124	120	116	103	1	54	366.627	1230.505	0	0	0	3205	0	0	347	0	0	1	46	366.884	1230.905	0	0	0	3773	0	0	0	397	0	0	0	0	0
200	200	1284	554.149	1234.498	246	356	286	282	86	295	370	363	192	35	107.410	118	112	110	109	108	107	106	105	104	103	95	135.488	167	152	147	144	140	137	134	130	124	116	99	0	0	0.000	0.000	0	0	0	0	0	0	0	0	0	0	0	0.000	0.000	0	0	0	0	0	0	0	0	0	0	0	0	0
201	201	851	1894.904	1230.712	124	242	279	169	28	125	292	254	135	28	111.535	124	116	115	114	113	112	111	110	108	107	102	167.858	224	199	190	182	175	169	163	156	146	134	108	0	0	0.000	0.000	0	0	0	0	0	0	0	0	0	0	0	0.000	0.000	0	0	0	0	0	0	0	0	0	0	0	0	0
202	202	2494	1036.690	1248.009	357	483	815	610	182	308	656	843	572	63	115.754	131	122	120	118	117	116	114	113	112	110	101	801.241	1277	1070	990	938	883	820	748	679	613	528	198	0	0	0.000	0.000	0	0	0	0	0	0	0	0	0	0	0	0.000	0.000	0	0	0	0	0	0	0	0	0	0	0	0	0
203	203	1017	1152.796	1242.075	78	276	317	239	89	62	278	403	183	60	108.287	128	113	111	110	109	108	107	106	105	104	97	136.588	167	152	146	142	139	137	134	131	127	121	106	0	0	0.000	0.000	0	0	0	0	0	0	0	0	0	0	0	0.000	0.000	0	0	0	0	0	0	0	0	0	0	0	0	0
204	204	1848	415.521	1254.592	350	435	518	374	128	310	520	502	379	105	733.430	10366	1079	499	409	372	344	323	305	279	214	117	243.110	3016	304	168	147	140	135	131	128	123	116	102	1	125	409.032	1253.873	0	0	0	4804	0	0	1375	0	0	1	122	409.308	1253.879	0	0	0	4932	0	0	0	1412	0	0	0	0	0
205	205	1181	930.206	1268.766	142	294	338	275	115	126	378	429	189	41	111.213	122	116	114	113	112	111	110	109	108	107	101	141.880	171	157	152	149	146	143	140	136	133	124	104	0	0	0.000	0.000	0	0	0	0	0	0	0	0	0	0	0	0.000	0.000	0	0	0	0	0	0	0	0	0	0	0	0	0
206	206	2013	613.421	1276.492	404	606	541	397	40	319	584	537	436	93	109.676	123	115	113	112	111	110	109	108	107	105	97	197.099	264	234	225	217	210	202	194	183	168	149	107	0	0	0.000	0.000	0	0	0	0	0	0	0	0	0	0	0	0.000	0.000	0	0	0	0	0	0	0	0	0	0	0	0	0
207	207	1714	186.710	1280.127	383	566	506	208	22	333	661	485	193	23	112.391	126	119	116	115	114	113	111	110	108	106	101	106.369	127	113	109	107	106	105	104	104	103	102	94	0	0	0.000	0.000	0	0	0	0	0	0	0	0	0	0	0	0.000	0.000	0	0	0	0	0	0	0	0	0	0	0	0	0
208	208	962	660.816	1273.901	83	221	284	223	126	64	268	395	146	74	108.913	122	114	112	111	110	109	108	107	106	104	98	182.297	232	214	206	199	192	186	179	169	158	144	116	0	0	0.000	0.000	0	0	0	0	0	0	0	0	0	0	0	0.000	0.000	0	0	0	0	0	0	0	0	0	0	0	0	0
209	209	2088	367.177	1290.427	489	840	573	135	6	351	635	629	369	67	112.002	126	118	116	114	113	112	111	110	108	106	98	143.229	190	167	160	154	149	144	138	133	126	118	101	0	0	0.000	0.000	0	0	0	0	0	0	0	0	0	0	0	0.000	0.000	0	0	0	0	0	0	0	0	0	0	0	0	0
210	210	1843	492.480	1295.412	408	498	652	215	26	342	619	618	195	26	108.730	123	114	112	111	109	108	108	107	106	104	98	138.112	174	156	151	147	143	139	134	130	125	119	102	0	0	0.000	0.000	0	0	0	0	0	0	0	0	0	0	0	0.000	0.000	0	0	0	0	0	0	0	0	0	0	0	0	0
211	211	1770	724.077	1306.812	205	263	523	507	235	212	270	634	489	128	108.711	119	113	111	110	109	109	108	107	106	105	95	186.142	262	227	215	206	198	190	182	173	160	133	105	0	0	0.000	0.000	0	0	0	0	0	0	0	0	0	0	0	0.000	0.000	0	0	0	0	0	0	0	0	0	0	0	0	0
212	212	1508	963.067	1312.071	261	398	442	306	68	248	550	425	236	29	112.249	125	117	116	114	113	112	111	110	109	107	99	146.834	194	168	161	155	151	147	143	138	133	126	109	0	0	0.000	0.000	0	0	0	0	0	0	0	0	0	0	0	0.000	0.000	0	0	0	0	0	0	0	0	0	0	0	0	0
213	213	1057	678.735	1323.187	196	252	287	243	56	135	264	300	288	50	110.173	125	115	114	112	111	110	109	108	107	105	100	170.588	224	203	196	188	180	171	164	156	146	135	113	0	0	0.000	0.000	0	0	0	0	0	0	0	0	0	0	0	0.000	0.000	0	0	0	0	0	0	0	0	0	0	0	0	0
214	214	1735	628.081	1330.451	323	495	405	321	160	209	584	491	301	128	111.507	126	117	115	114	113	112	110	109	108	106	100	187.373	258	227	214	206	197	188	180	170	160	148	111	0	0	0.000	0.000	0	0	0	0	0	0	0	0	0	0	0	0.000	0.000	0	0	0	0	0	0	0	0	0	0	0	0	0
215	215	1604	189.789	1340.028	152	340	575	361	150	146	461	516	309	132	109.142	122	114	112	111	110	109	108	107	106	105	99	107.105	122	113	110	109	107	106	106	105	104	103	96	0	0	0.000	0.000	0	0	0	0	0	0	0	0	0	0	0	0.000	0.000	0	0	0	0	0	0	0	0	0	0	0	0	0
216	216	2148	1058.849	1347.077	481	529	652	387	54	436	719	631	290	31	934.477	18436	1155	423	326	293	265	241	222	204	178	118	250.891	3541	292	180	163	149	140	133	128	123	118	102	1	130	1051.126	1350.029	0	0	0	9180	0	0	1500	0	0	1	114	1050.924	1349.720	0	0	0	10073	0	0	0	1743	0	0	0	0	0
217	217	1057	1725.772	1345.890	263	346	296	118	12	201	288	307	183	64	578.169	4075	728	666	620	583	542	496	448	386	270	145	131.648	543	143	134	130	127	125	122	119	116	110	103	1	24	1725.434	1334.332	0	0	0	2414	0	0	318	0	0	1	31	1724.651	1334.957	0	0	0	1978	0	0	0	312	0	0	0	0	0
218	218	1462	140.473	1357.926	144	397	534	319	37	73	334	564	394	66	178.087	230	207	199	192	186	181	175	168	158	143	103	135.449	170	151	146	143	139	136	133	129	125	118	104	0	0	0.000	0.000	0	0	0	0	0	0	0	0	0	0	0	0.000	0.000	0	0	0	0	0	0	0	0	0	0	0	0	0
219	219	1530	1252.104	1361.349	177	458	619	231	22	124	488	588	279	31	210.996	2927	216	182	176	171	167	163	159	151	142	117	142.578	525	157	151	146	142	138	135	132	128	123	103	1	40	1239.932	1350.673	0	0	0	1254	0	0	223	0	0	1	27	1240.879	1349.722	0	0	0	1155	0	0	0	318	0	0	0	0	0
220	220	1161	586.391	1365.063	139	290	336	254	122	144	355	414	205	26	138.591	1820	147	123	118	116	114	113	111	110	108	99	145.220	233	167	159	153	148	144	139	135	130	126	106	1	23	595.464	1373.705	0	0	0	728	0	0	185	0	0	0	0	0.000	0.000	0	0	0	0	0	0	0	0	0	0	0	0	0
221	221	2158	249.822	1376.830	565	764	466	280	37	682	869	460	110	10	174.696	248	209	197	190	183	177	170	163	152	134	106	105.234	115	109	108	106	106	105	104	104	103	102	97	0	0	0.000	0.000	0	0	0	0	0	0	0	0	0	0	0	0.000	0.000	0	0	0	0	0	0	0	0	0	0	0	0	0
222	222	1831	1545.270	1385.699	403	460	589	296	63	298	462	614	324	102	368.209	1061	500	459	420	393	372	357	338	293	179	105	142.605	346	162	155	149	145	141	138	134	129	121	104	0	0	0.000	0.000	0	0	0	0	0	0	0	0	0	1	13	1557.632	1390.474	0	0	0	601	0	0	0	269	0	0	0	0	0
223	223	1366	1005.438	1378.146	539	394	303	82	22	560	484	224	62	15	110.719	122	115	114	113	112	111	110	109	108	106	99	107.126	123	111	110	109	108	107	106	105	104	103	99	0	0	0.000	0.000	0	0	0	0	0	0	0	0	0	0	0	0.000	0.000	0	0	0	0	0	0	0	0	0	0	0	0	0
224	224	658	1301.754	1378.222	88	238	207	94	18	59	318	193	63	11	160.609	199	179	173	169	165	161	158	154	148	141	121	141.315	167	155	152	148	145	142	139	135	131	127	110	0	0	0.000	0.000	0	0	0	0	0	0	0	0	0	0	0	0.000	0.000	0	0	0	0	0	0	0	0	0	0	0	0	0
225	225	2174	104.061	1393.356	456	655	551	403	77	406	677	562	418	72	612.891	13872	717	276	211	200	192	186	179	168	153	114	183.888	1753	205	152	145	141	138	135	131	127	120	103	1	115	115.628	1391.576	0	0	0	6571	0	0	775	0	0	1	113	116.013	1391.560	0	0	0	6719	0	0	0	806	0	0	0	0	0
226	226	1806	552.813	1404.070	236	434	574	412	118	179	460	677	353	103	114.027	131	121	119	117	115	114	113	111	109	107	100	152.905	201	180	172	165	159	152	146	141	134	127	101	0	0	0.000	0.000	0	0	0	0	0	0	0	0	0	0	0	0.000	0.000	0	0	0	0	0	0	0	0	0	0	0	0	0
227	227	2236	628.353	1407.222	524	748	684	196	34	431	801	634	284	48	138.784	2615	137	122	118	116	114	112	110	108	106	99	169.839	505	198	189	184	179	172	164	155	143	129	109	1	36	626.037	1399.319	0	0	0	1071	0	0	303	0	0	1	18	626.493	1398.128	0	0	0	919	0	0	0	416	0	0	0	0	0
228	228	1144	690.164	1403.423	120	257	326	234	190	86	260	353	263	157	110.420	125	115	114	112	111	110	109	109	107	106	100	177.097	235	204	197	190	184	178	173	167	160	147	108	0	0	0.000	0.000	0	0	0	0	0	0	0	0	0	0	0	0.000	0.000	0	0	0	0	0	0	0	0	0	0	0	0	0
229	229	743	214.718	1404.025	171	220	174	124	46	182	201	200	116	33	132.680	159	147	142	139	136	134	131	128	123	117	102	135.036	163	149	144	141	138	136	133	129	126	120	105	0	0	0.000	0.000	0	0	0	0	0	0	0	0	0	0	0	0.000	0.000	0	0	0	0	0	0	0	0	0	0	0	0	0
230	230	1468	1275.027	1412.484	181	475	469	265	47	154	488	436	273	93	448.316	10128	556	246	198	187	181	174	168	162	153	118	164.041	1082	182	154	147	143	140	137	134	131	126	109	1	66	1275.081	1423.607	0	0	0	4244	0	0	524	0	0	1	54	1274.414	1423.057	0	0	0	4503	0	0	0	598	0	0	0	0	0
231	231	1471	973.078	1415.798	229	435	424	284	79	188	432	416	330	74	323.746	7389	269	215	209	205	201	196	191	182	165	118	150.430	636	168	160	153	148	143	139	135	130	122	104	1	45	957.468	1422.228	0	0	0	3057	0	0	324	0	0	1	31	956.718	1421.690	0	0	0	3057	0	0	0	396	0	0	0	0	0
232	232	1363	1474.429	1417.016	326	310	338	283	84	282	399	344	244	71	442.757	11047	531	282	217	196	183	172	162	150	133	109	206.461	1395	249	210	198	189	180	172	164	152	133	106	1	55	1474.852	1422.564	0	0	0	4705	0	0	649	0	0	1	48	1475.087	1422.942	0	0	0	5197	0	0	0	790	0	0	0	0	0
233	233	1367	1162.124	1417.154	165	378	371	314	120	171	496	396	228	62	1206.078	1820	1560	1484	1414	1341	1270	1176	1057	935	756	331	115.124	133	122	119	118	116	115	114	112	111	109	103	0	0	0.000	0.000	0	0	0	0	0	0	0	0	0	0	0	0.000	0.000	0	0	0	0	0	0	0	0	0	0	0	0	0
234	234	1199	1584.042	1417.111	193	358	358	215	50	141	292	399	247	98	343.603	501	429	406	384	363	347	328	314	292	252	131	139.201	168	156	151	147	143	139	136	133	129	122	105	0	0	0.000	0.000	0	0	0	0	0	0	0	0	0	0	0	0.000	0.000	0	0	0	0	0	0	0	0	0	0	0	0	0
235	235	570	1514.664	1415.734	71	116	189	148	40	65	134	247	85	28	168.193	203	186	182	177	174	170	165	161	156	148	125	189.633	244	218	210	203	197	191	184	178	169	160	124	0	0	0.000	0.000	0	0	0	0	0	0	0	0	0	0	0	0.000	0.000	0	0	0	0	0	0	0	0	0	0	0	0	0
236	236	2249	1217.632	1430.278	404	438	778	505	85	315	441	756	497	201	1690.282	20396	2524	1028	859	789	727	670	610	553	488	192	286.775	3093	412	201	175	167	160	154	145	137	130	108	1	207	1210.830	1434.572	0	0	0	10013	0	0	1326	0	0	1	181	1210.930	1433.962	0	0	0	11984	0	0	0	1451	0	0	0	0	0
237	237	1870	476.342	1426.256	312	517	531	381	91	211	590	551	385	101	111.489	125	117	115	114	113	112	110	109	108	106	99	150.410	192	171	165	161	157	152	148	143	136	127	105	0	0	0.000	0.000	0	0	0	0	0	0	0	0	0	0	0	0.000	0.000	0	0	0	0	0	0	0	0	0	0	0	0	0
238	238	1341	280.341	1438.844	245	412	382	249	27	190	411	406	238	72	220.360	331	281	255	238	225	217	207	197	187	169	127	103.033	112	106	105	104	103	103	102	102	101	100	95	0	0	0.000	0.000	0	0	0	0	0	0	0	0	0	0	0	0.000	0.000	0	0	0	0	0	0	0	0	0	0	0	0	0
239	239	1470	580.474	1444.471	203	326	378	377	154	234	379	429	324	76	113.246	145	119	117	115	114	113	112	110	109	107	101	165.003	215	194	186	179	172	167	159	152	144	135	105	0	0	0.000	0.000	0	0	0	0	0	0	0	0	0	0	0	0.000	0.000	0	0	0	0	0	0	0	0	0	0	0	0	0
240	240	1465	684.936	1454.385	301	454	321	216	156	217	556	344	217	99	110.618	123	116	114	113	111	110	110	109	107	106	100	187.630	245	219	212	205	197	190	183	173	163	153	115	0	0	0.000	0.000	0	0	0	0	0	0	0	0	0	0	0	0.000	0.000	0	0	0	0	0	0	0	0	0	0	0	0	0
241	241	868	517.660	1449.912	152	288	249	129	31	197	310	247	82	11	111.230	122	117	115	113	112	111	110	109	108	106	101	146.501	181	165	161	156	151	147	143	138	133	127	107	0	0	0.000	0.000	0	0	0	0	0	0	0	0	0	0	0	0.000	0.000	0	0	0	0	0	0	0	0	0	0	0	0	0
242	242	707	623.834	1454.328	95	187	200	144	69	92	220	209	136	34	111.822	124	117	115	114	113	112	111	110	109	107	102	166.629	206	189	184	180	175	170	163	157	149	137	116	0	0	0.000	0.000	0	0	0	0	0	0	0	0	0	0	0	0.000	0.000	0	0	0	0	0	0	0	0	0	0	0	0	0
243	243	1353	1187.139	1463.349	197	356	409	281	89	229	495	447	130	26	1800.709	10823	2388	1943	1787	1669	1536	1403	1277	1121	932	294	132.360	543	147	130	126	123	120	118	116	114	111	101	1	49	1186.285	1454.939	0	0	0	7558	0	0	349	0	0	1	56	1186.694	1454.811	0	0	0	7341	0	0	0	322	0	0	0	0	0
244	244	1871	1134.908	1466.958	584	714	430	94	10	344	727	538	170	57	125.942	159	139	135	132	128	126	123	120	117	113	105	106.826	124	111	109	108	107	107	106	105	104	103	97	0	0	0.000	0.000	0	0	0	0	0	0	0	0	0	0	0	0.000	0.000	0	0	0	0	0	0	0	0	0	0	0	0	0
245	245	2264	1260.814	1471.452	420	408	699	528	166	342	528	780	489	82	895.386	8828	1069	998	950	884	800	724	670	610	468	222	163.938	991	189	175	165	158	151	145	139	132	123	102	1	41	1268.163	1456.116	0	0	0	5512	0	0	616	0	0	1	51	1267.715	1454.950	0	0	0	3133	0	0	0	563	0	0	0	0	0
246	246	855	1090.777	1475.094	381	202	136	103	24	311	238	161	104	30	115.739	133	122	120	119	117	116	114	113	111	109	100	108.864	119	113	112	111	110	109	108	107	106	105	100	0	0	0.000	0.000	0	0	0	0	0	0	0	0	0	0	0	0.000	0.000	0	0	0	0	0	0	0	0	0	0	0	0	0
247	247	1798	538.048	1492.060	303	631	595	204	41	239	718	511	261	41	111.832	126	117	115	114	113	112	111	109	108	106	101	194.378	263	238	227	215	202	191	182	174	167	155	121	0	0	0.000	0.000	0	0	0	0	0	0	0	0	0	0	0	0.000	0.000	0	0	0	0	0	0	0	0	0	0	0	0	0
248	248	1735	645.402	1501.644	236	510	582	323	57	194	523	646	277	70	114.900	285	121	118	116	115	113	112	110	109	107	100	138.169	187	160	151	146	142	137	133	129	125	120	104	1	25	648.201	1502.706	0	0	0	180	0	0	148	0	0	0	0	0.000	0.000	0	0	0	0	0	0	0	0	0	0	0	0	0
249	249	802	755.065	1496.381	100	211	239	187	42	113	205	214	180	77	106.653	117	111	109	108	107	106	106	105	104	103	99	168.971	218	199	193	188	183	178	171	159	141	121	104	0	0	0.000	0.000	0	0	0	0	0	0	0	0	0	0	0	0.000	0.000	0	0	0	0	0	0	0	0	0	0	0	0	0
250	250	2008	1204.639	1513.910	219	675	742	308	25	171	599	737	413	41	1965.985	14079	2932	2325	2126	1906	1704	1509	1286	1074	735	259	192.562	1493	239	202	188	178	168	158	146	137	125	106	1	60	1212.236	1505.264	0	0	0	9107	0	0	758	0	0	1	56	1211.803	1505.496	0	0	0	9448	0	0	0	780	0	0	0	0	0
251	251	2542	1403.875	1529.568	361	530	928	563	112	298	592	950	558	110	156.834	195	175	171	167	163	160	156	150	143	133	105	253.326	367	320	304	290	276	263	248	233	205	165	106	0	0	0.000	0.000	0	0	0	0	0	0	0	0	0	0	0	0.000	0.000	0	0	0	0	0	0	0	0	0	0	0	0	0
252	252	788	573.388	1521.476	97	254	201	149	74	80	288	232	140	34	108.608	118	113	112	110	110	109	108	107	106	104	99	172.115	222	201	193	187	181	176	169	161	151	139	107	0	0	0.000	0.000	0	0	0	0	0	0	0	0	0	0	0	0.000	0.000	0	0	0	0	0	0	0	0	0	0	0	0	0
253	253	1059	1161.380	1530.540	201	294	324	175	44	173	391	341	121	18	2043.035	3280	2845	2710	2558	2373	2206	1964	1692	1335	949	390	176.015	236	213	205	197	190	183	171	159	145	128	107	0	0	0.000	0.000	0	0	0	0	0	0	0	0	0	0	0	0.000	0.000	0	0	0	0	0	0	0	0	0	0	0	0	0
254	254	1745	534.165	1549.731	400	510	514	242	50	334	549	569	217	38	107.853	122	112	111	110	109	108	107	106	105	103	95	188.207	261	232	220	209	200	191	182	173	162	135	106	0	0	0.000	0.000	0	0	0	0	0	0	0	0	0	0	0	0.000	0.000	0	0	0	0	0	0	0	0	0	0	0	0	0
255	255	1016	769.402	1540.237	185	293	282	188	52	139	374	306	152	31	113.643	157	126	121	117	114	111	109	108	106	104	99	126.643	169	146	139	134	129	125	121	117	114	111	101	1	28	774.645	1533.586	0	0	0	139	0	0	155	0	0	0	0	0.000	0.000	0	0	0	0	0	0	0	0	0	0	0	0	0
256	256	1392	114.449	1546.550	247	375	330	302	111	257	405	377	282	47	189.211	251	227	217	209	201	192	184	173	161	145	120	144.644	186	168	162	156	151	146	140	134	128	120	103	0	0	0.000	0.000	0	0	0	0	0	0	0	0	0	0	0	0.000	0.000	0	0	0	0	0	0	0	0	0	0	0	0	0
257	257	529	663.437	1541.720	94	159	118	103	46	74	179	147	94	25	110.391	124	116	114	113	111	111	109	108	107	105	101	130.301	158	145	141	138	135	132	128	124	120	113	104	0	0	0.000	0.000	0	0	0	0	0	0	0	0	0	0	0	0.000	0.000	0	0	0	0	0	0	0	0	0	0	0	0	0
258	258	1034	1250.218	1570.647	106	315	397	174	30	85	346	370	164	42	175.877	228	204	196	190	184	177	172	165	156	144	109	106.368	124	114	109	107	106	105	104	104	103	102	98	0	0	0.000	0.000	0	0	0	0	0	0	0	0	0	0	0	0.000	0.000	0	0	0	0	0	0	0	0	0	0	0	0	0
259	259	1050	388.452	1578.259	395	286	227	104	20	329	355	224	111	16	111.498	141	122	117	114	112	110	108	107	105	104	96	219.376	351	298	277	261	242	228	209	187	154	124	98	0	0	0.000	0.000	0	0	0	0	0	0	0	0	0	0	0	0.000	0.000	0	0	0	0	0	0	0	0	0	0	0	0	0
260	260	2124	147.126	1593.946	271	623	684	402	108	208	774	753	296	45	562.520	11964	641	301	240	221	209	198	188	176	157	119	169.844	1037	192	163	155	149	144	139	134	128	122	104	1	110	152.937	1605.180	0	0	0	5341	0	0	553	0	0	1	101	153.487	1605.121	0	0	0	6040	0	0	0	572	0	0	0	0	0
261	261	1990	1323.560	1605.959	511	451	509	391	96	498	564	526	338	33	165.258	221	199	189	178	170	163	158	153	146	135	107	106.580	129	111	109	108	107	106	106	105	104	103	96	0	0	0.000	0.000	0	0	0	0	0	0	0	0	0	0	0	0.000	0.000	0	0	0	0	0	0	0	0	0	0	0	0	0
262	262	960	1685.189	1612.639	115	260	319	195	54	129	319	345	135	13	218.108	284	255	247	240	233	227	219	210	190	165	119	135.671	161	149	146	143	141	138	135	131	126	118	104	0	0	0.000	0.000	0	0	0	0	0	0	0	0	0	0	0	0.000	0.000	0	0	0	0	0	0	0	0	0	0	0	0	0
263	263	1373	237.511	1630.185	137	525	423	202	59	121	530	439	203	52	188.582	251	218	210	203	198	191	185	178	170	155	109	161.907	207	185	178	173	168	163	158	153	148	137	110	0	0	0.000	0.000	0	0	0	0	0	0	0	0	0	0	0	0.000	0.000	0	0	0	0	0	0	0	0	0	0	0	0	0
264	264	1855	193.988	1643.519	267	491	569	384	122	233	505	542	418	132	1559.320	23587	2871	571	282	226	203	192	184	175	157	116	256.382	2137	347	198	184	174	166	158	151	144	133	106	1	210	204.259	1647.074	0	0	0	11636	0	0	893	0	0	1	174	204.609	1647.085	0	0	0	14189	0	0	0	1070	0	0	0	0	0
265	265	1876	1368.973	1641.256	1536	265	42	6	7	1036	627	127	57	10	188.877	335	267	242	218	199	182	168	154	136	116	101	110.148	128	115	113	112	111	110	109	108	107	105	100	0	0	0.000	0.000	0	0	0	0	0	0	0	0	0	0	0	0.000	0.000	0	0	0	0	0	0	0	0	0	0	0	0	0
266	266	1655	1810.447	1653.554	305	516	449	307	53	257	536	458	291	72	907.796	1524	1293	1179	1083	1002	915	832	746	654	522	215	117.347	134	125	123	121	119	118	116	114	112	109	102	0	0	0.000	0.000	0	0	0	0	0	0	0	0	0	0	0	0.000	0.000	0	0	0	0	0	0	0	0	0	0	0	0	0
267	267	2151	256.495	1671.997	1144	385	272	207	114	1123	368	278	265	91	109.421	131	118	115	113	111	108	107	105	104	102	96	109.494	127	118	115	113	111	109	107	105	104	103	92	0	0	0.000	0.000	0	0	0	0	0	0	0	0	0	0	0	0.000	0.000	0	0	0	0	0	0	0	0	0	0	0	0	0
268	268	2189	459.558	1682.209	1646	307	111	71	35	1664	292	119	71	28	104.370	122	110	107	105	104	103	103	102	101	100	94	113.989	182	144	131	114	106	105	104	103	102	102	94	0	0	0.000	0.000	0	0	0	0	0	0	0	0	0	0	0	0.000	0.000	0	0	0	0	0	0	0	0	0	0	0	0	0
269	269	1474	101.132	1679.577	123	373	491	362	87	97	457	563	264	53	116.799	204	128	119	117	115	114	113	111	110	108	100	164.717	224	192	181	174	168	164	160	154	148	139	113	0	0	0.000	0.000	0	0	0	0	0	0	0	0	0	0	0	0.000	0.000	0	0	0	0	0	0	0	0	0	0	0	0	0
270	270	775	548.442	1675.672	171	226	207	138	23	118	334	189	108	11	108.876	123	114	112	111	110	109	108	107	106	104	100	193.915	266	235	226	216	208	199	187	177	164	144	114	0	0	0.000	0.000	0	0	0	0	0	0	0	0	0	0	0	0.000	0.000	0	0	0	0	0	0	0	0	0	0	0	0	0
271	271	1833	591.724	1690.898	225	763	539	244	27	205	798	497	271	28	111.838	130	117	115	114	113	112	111	110	108	107	99	209.614	284	253	245	236	225	213	199	187	175	163	119	0	0	0.000	0.000	0	0	0	0	0	0	0	0	0	0	0	0.000	0.000	0	0	0	0	0	0	0	0	0	0	0	0	0
272	272	1101	703.491	1682.953	263	339	264	170	48	186	370	285	156	76	114.953	129	122	120	118	116	115	114	112	110	108	102	687.242	1094	986	907	845	790	717	651	566	461	334	162	0	0	0.000	0.000	0	0	0	0	0	0	0	0	0	0	0	0.000	0.000	0	0	0	0	0	0	0	0	0	0	0	0	0
273	273	1403	211.658	1691.857	383	649	281	49	18	341	721	255	39	16	476.506	10512	561	255	195	178	171	167	161	154	143	116	157.557	542	174	164	158	152	148	144	140	134	126	104	1	70	218.300	1695.933	0	0	0	4767	0	0	336	0	0	1	49	218.401	1695.636	0	0	0	6428	0	0	0	400	0	0	0	0	0
274	274	2002	1826.496	1706.333	304	600	618	390	45	235	610	696	368	56	950.955	1876	1297	1171	1079	995	930	877	819	747	643	318	116.788	133	125	122	120	118	116	115	113	112	110	99	0	0	0.000	0.000	0	0	0	0	0	0	0	0	0	0	0	0.000	0.000	0	0	0	0	0	0	0	0	0	0	0	0	0
275	275	2291	158.273	1712.683	531	565	618	444	89	412	777	647	383	35	608.045	12322	703	262	183	170	165	159	153	146	133	105	268.819	1661	309	272	259	247	234	220	205	186	154	118	1	143	148.668	1723.757	0	0	0	5994	0	0	829	0	0	1	105	149.550	1723.535	0	0	0	7402	0	0	0	1030	0	0	0	0	0
276	276	727	847.193	1711.702	422	150	95	36	18	368	155	95	69	33	123.220	150	136	133	129	127	124	121	118	113	108	102	375.043	600	516	476	444	410	383	352	327	277	213	135	0	0	0.000	0.000	0	0	0	0	0	0	0	0	0	0	0	0.000	0.000	0	0	0	0	0	0	0	0	0	0	0	0	0
277	277	1744	1725.309	1728.702	223	459	598	377	59	172	475	612	393	62	840.151	1409	1137	1026	963	902	846	793	739	656	530	191	118.598	139	127	124	122	120	118	117	115	113	110	102	0	0	0.000	0.000	0	0	0	0	0	0	0	0	0	0	0	0.000	0.000	0	0	0	0	0	0	0	0	0	0	0	0	0
278	278	2558	1043.537	1736.925	622	522	722	496	163	569	614	753	447	131	1860.694	25618	3456	799	448	344	302	275	246	216	186	120	304.168	3599	435	189	161	147	138	130	123	118	112	102	1	292	1047.440	1736.134	0	0	0	11829	0	0	1275	0	0	1	235	1048.038	1735.807	0	0	0	16262	0	0	0	1696	0	0	0	0	0
279	279	2038	1100.784	1741.560	784	721	426	72	10	562	541	537	303	61	115.749	137	125	122	119	117	115	113	111	110	107	100	361.817	588	508	466	430	392	364	340	308	260	202	135	0	0	0.000	0.000	0	0	0	0	0	0	0	0	0	0	0	0.000	0.000	0	0	0	0	0	0	0	0	0	0	0	0	0
280	280	1211	1875.600	1737.280	205	398	367	184	31	127	377	440	187	51	194.821	242	222	215	210	205	200	195	188	176	156	116	128.886	152	141	138	135	132	129	127	125	121	115	104	0	0	0.000	0.000	0	0	0	0	0	0	0	0	0	0	0	0.000	0.000	0	0	0	0	0	0	0	0	0	0	0	0	0
281	281	2093	1922.899	1745.805	405	613	575	387	71	337	655	601	402	59	190.109	3896	185	142	137	134	132	129	127	123	119	106	235.790	368	284	271	259	249	238	229	219	203	179	121	1	53	1933.432	1758.101	0	0	0	1582	0	0	270	0	0	0	0	0.000	0.000	0	0	0	0	0	0	0	0	0	0	0	0	0
282	282	1996	526.578	1747.784	212	498	599	486	163	179	525	649	456	162	108.901	122	114	112	111	110	109	108	107	106	104	98	140.312	182	161	154	148	144	139	135	131	127	122	106	0	0	0.000	0.000	0	0	0	0	0	0	0	0	0	0	0	0.000	0.000	0	0	0	0	0	0	0	0	0	0	0	0	0
283	283	1190	813.829	1743.748	722	269	140	29	17	438	320	266	121	29	159.266	1153	187	157	149	144	139	134	128	122	114	100	483.529	2239	711	639	574	518	456	404	353	298	210	118	1	38	806.726	1735.692	0	0	0	563	0	0	1323	0	0	1	21	807.168	1734.953	0	0	0	650	0	0	0	1752	0	0	0	0	0
284	284	1549	183.293	1757.619	285	358	396	339	141	242	408	485	300	85	146.158	183	161	158	154	152	149	146	141	135	125	108	214.744	305	259	248	238	229	221	212	200	186	156	113	0	0	0.000	0.000	0	0	0	0	0	0	0	0	0	0	0	0.000	0.000	0	0	0	0	0	0	0	0	0	0	0	0	0
285	285	2175	239.816	1774.466	636	966	467	39	23	593	1035	469	21	15	112.697	139	123	119	116	114	111	109	108	106	104	98	110.186	134	121	116	112	110	108	107	106	105	103	97	0	0	0.000	0.000	0	0	0	0	0	0	0	0	0	0	0	0.000	0.000	0	0	0	0	0	0	0	0	0	0	0	0	0
286	286	863	562.810	1781.005	96	269	274	184	25	73	311	274	140	43	109.433	122	115	112	111	110	109	108	107	106	105	97	141.727	172	157	152	148	145	142	139	135	132	126	110	0	0	0.000	0.000	0	0	0	0	0	0	0	0	0	0	0	0.000	0.000	0	0	0	0	0	0	0	0	0	0	0	0	0
287	287	2764	1059.797	1797.374	600	516	874	589	127	530	597	866	637	82	647.581	15173	630	331	299	283	267	249	230	207	176	115	167.024	1624	173	150	141	136	132	128	124	120	115	102	1	120	1069.175	1800.641	0	0	0	7736	0	0	741	0	0	1	107	1069.298	1800.548	0	0	0	8111	0	0	0	823	0	0	0	0	0
288	288	2304	97.857	1799.927	646	794	596	210	19	707	960	513	70	12	118.308	148	131	126	123	120	117	115	113	110	108	100	340.470	613	508	451	400	361	332	306	269	230	188	118	0	0	0.000	0.000	0	0	0	0	0	0	0	0	0	0	0	0.000	0.000	0	0	0	0	0	0	0	0	0	0	0	0	0
289	289	1296	498.260	1793.307	212	428	372	212	43	203	496	415	149	14	178.618	226	202	195	191	187	182	177	170	161	148	114	126.548	147	136	134	132	130	128	126	123	120	113	102	0	0	0.000	0.000	0	0	0	0	0	0	0	0	0	0	0	0.000	0.000	0	0	0	0	0	0	0	0	0	0	0	0	0
290	290	1812	1796.880	1824.008	415	619	566	180	4	247	462	625	398	49	637.442	969	881	840	798	739	665	586	519	432	342	148	107.750	127	113	111	109	108	107	106	105	105	103	95	0	0	0.000	0.000	0	0	0	0	0	0	0	0	0	0	0	0.000	0.000	0	0	0	0	0	0	0	0	0	0	0	0	0
291	291	2849	1296.686	1839.402	633	767	884	475	40	508	710	984	549	53	1562.757	9181	1961	1897	1835	1743	1655	1529	1324	1063	754	279	146.575	812	161	155	151	146	142	137	132	124	113	98	1	21	1299.385	1844.894	0	0	0	7500	0	0	624	0	0	1	45	1298.812	1844.971	0	0	0	5073	0	0	0	454	0	0	0	0	0
292	292	2001	245.140	1832.878	427	629	654	237	18	327	541	586	421	80	292.454	7174	297	182	166	158	153	148	144	138	130	105	210.693	709	260	238	225	214	204	194	182	170	152	104	1	65	231.109	1845.942	0	0	0	3034	0	0	426	0	0	1	33	230.320	1844.339	0	0	0	2195	0	0	0	559	0	0	0	0	0
293	293	1407	192.593	1833.834	238	356	375	310	96	195	362	451	290	82	144.670	181	163	158	154	151	147	142	137	131	121	103	189.032	273	235	225	215	204	195	180	167	154	131	106	0	0	0.000	0.000	0	0	0	0	0	0	0	0	0	0	0	0.000	0.000	0	0	0	0	0	0	0	0	0	0	0	0	0
294	294	869	1620.346	1831.739	340	247	183	49	28	384	220	141	79	30	499.894	785	695	620	568	523	487	462	430	387	323	176	135.285	166	152	147	144	140	136	132	128	122	117	102	0	0	0.000	0.000	0	0	0	0	0	0	0	0	0	0	0	0.000	0.000	0	0	0	0	0	0	0	0	0	0	0	0	0
295	295	2000	483.064	1841.425	260	569	601	416	116	198	679	676	344	62	582.617	14962	640	273	225	214	206	198	188	177	160	115	168.575	1471	176	149	144	139	136	131	127	123	118	103	1	89	469.691	1841.661	0	0	0	6202	0	0	589	0	0	1	85	470.233	1840.751	0	0	0	4788	0	0	0	724	0	0	0	0	0
296	296	905	1021.094	1836.952	292	309	270	15	6	234	312	241	95	7	124.693	158	138	133	130	127	124	121	119	116	112	103	878.949	1623	1274	1134	1012	923	862	790	733	645	504	207	0	0	0.000	0.000	0	0	0	0	0	0	0	0	0	0	0	0.000	0.000	0	0	0	0	0	0	0	0	0	0	0	0	0
297	297	1698	303.624	1843.947	392	428	479	293	75	371	498	420	319	62	108.978	136	116	112	111	109	108	107	106	105	103	95	112.212	148	121	116	114	113	111	110	108	107	105	96	1	57	307.906	1854.472	0	0	0	120	0	0	127	0	0	1	13	309.629	1855.958	0	0	0	124	0	0	0	138	0	0	0	0	0
298	298	1559	685.387	1865.188	201	470	446	301	115	189	509	518	239	71	194.901	1102	219	202	194	189	183	177	170	159	147	112	395.244	793	526	495	467	432	397	363	335	302	253	125	2	11	702.275	1876.680	31	685.410	1868.431	431	609	0	322	491	0	0	0	0.000	0.000	0	0	0	0	0	0	0	0	0	0	0	0	0
299	299	883	730.196	1865.345	131	243	266	166	62	145	291	276	122	32	112.599	127	118	116	115	114	113	111	110	109	108	102	109.093	121	114	112	111	110	109	108	107	106	105	100	0	0	0.000	0.000	0	0	0	0	0	0	0	0	0	0	0	0.000	0.000	0	0	0	0	0	0	0	0	0	0	0	0	0
300	300	1854	180.666	1893.363	283	537	563	388	47	240	483	659	377	62	111.327	127	117	115	114	112	111	110	109	108	106	99	109.340	128	115	113	111	110	109	108	107	106	104	99	0	0	0.000	0.000	0	0	0	0	0	0	0	0	0	0	0	0.000	0.000	0	0	0	0	0	0	0	0	0	0	0	0	0
301	301	1782	476.766	1894.625	471	364	404	320	190	363	425	483	322	152	908.123	3331	1294	1113	1024	939	874	801	725	633	528	170	107.543	127	112	110	109	108	107	106	105	105	103	94	0	0	0.000	0.000	0	0	0	0	0	0	0	0	0	0	0	0.000	0.000	0	0	0	0	0	0	0	0	0	0	0	0	0
302	302	2637	1299.040	1911.954	895	733	673	247	49	688	758	716	357	80	3071.860	16800	10337	3362	1965	1687	1569	1388	1236	928	610	172	408.035	3395	1159	313	195	165	155	149	141	133	121	102	1	529	1296.641	1915.589	0	0	0	10257	0	0	1122	0	0	1	386	1296.615	1914.569	0	0	0	12874	0	0	0	1755	0	0	0	0	0
303	303	2204	115.811	1914.544	354	738	646	386	56	368	860	672	243	22	110.822	125	117	115	113	112	111	109	108	107	105	99	108.479	121	114	112	110	109	108	107	106	105	104	96	0	0	0.000	0.000	0	0	0	0	0	0	0	0	0	0	0	0.000	0.000	0	0	0	0	0	0	0	0	0	0	0	0	0
304	304	1899	1920.657	1919.281	345	507	493	394	131	430	680	569	167	20	1115.949	19253	1799	634	408	323	278	255	232	203	165	112	230.326	2748	332	173	141	130	125	122	118	114	109	100	1	141	1917.959	1917.616	0	0	0	8894	0	0	1155	0	0	1	133	1917.823	1917.232	0	0	0	9346	0	0	0	1223	0	0	0	0	0
305	305	1654	1485.969	1918.985	250	456	445	375	99	215	444	452	368	143	419.654	693	572	528	486	447	411	387	366	330	273	139	131.484	165	147	142	138	135	132	129	126	121	115	101	0	0	0.000	0.000	0	0	0	0	0	0	0	0	0	0	0	0.000	0.000	0	0	0	0	0	0	0	0	0	0	0	0	0
306	306	2612	1595.956	1940.445	577	649	748	479	108	475	719	822	465	82	1714.699	21111	2949	853	622	539	485	444	393	335	273	141	248.328	2762	340	159	135	128	123	119	115	112	109	98	1	279	1596.254	1948.094	0	0	0	10780	0	0	1028	0	0	1	216	1596.516	1947.683	0	0	0	14687	0	0	0	1394	0	0	0	0	0
307	307	780	1030.600	1920.977	365	193	117	61	33	399	200	115	36	15	126.701	165	146	140	136	131	126	122	116	112	109	99	193.629	312	262	248	231	216	197	174	152	134	122	106	0	0	0.000	0.000	0	0	0	0	0	0	0	0	0	0	0	0.000	0.000	0	0	0	0	0	0	0	0	0	0	0	0	0
308	308	1900	524.544	1941.066	241	424	576	450	175	263	681	544	309	58	807.394	1373	1129	1038	966	906	834	750	645	531	473	262	106.717	126	114	110	108	107	106	105	104	103	102	96	0	0	0.000	0.000	0	0	0	0	0	0	0	0	0	0	0	0.000	0.000	0	0	0	0	0	0	0	0	0	0	0	0	0
309	309	1045	1543.710	1935.236	156	298	317	191	65	103	415	320	153	37	353.212	537	447	420	395	371	348	328	314	293	265	156	125.656	149	136	133	130	128	126	124	121	119	115	102	0	0	0.000	0.000	0	0	0	0	0	0	0	0	0	0	0	0.000	0.000	0	0	0	0	0	0	0	0	0	0	0	0	0
310	310	2368	1657.961	1945.539	267	587	775	544	146	249	670	801	527	77	179.243	239	208	200	194	189	183	176	169	158	144	112	306.348	458	405	379	357	335	313	291	269	234	192	116	0	0	0.000	0.000	0	0	0	0	0	0	0	0	0	0	0	0.000	0.000	0	0	0	0	0	0	0	0	0	0	0	0	0
311	311	1376	97.488	1964.738	175	293	383	349	148	163	383	487	273	43	151.376	386	172	163	158	152	148	143	139	133	124	100	121.789	169	134	129	126	123	121	119	117	114	111	101	2	13	86.837	1974.957	13	81.447	1965.972	287	299	0	126	117	0	0	0	0.000	0.000	0	0	0	0	0	0	0	0	0	0	0	0	0
312	312	704	555.862	1975.937	138	176	159	178	38	129	176	161	158	66	544.839	783	690	652	616	583	556	530	501	447	366	214	106.530	119	113	110	108	107	106	105	104	103	102	98	0	0	0.000	0.000	0	0	0	0	0	0	0	0	0	0	0	0.000	0.000	0	0	0	0	0	0	0	0	0	0	0	0	0
313	313	894	308.566	1979.156	255	309	215	85	15	176	342	234	111	16	110.828	126	117	115	114	112	111	109	108	106	104	98	160.935	246	217	201	186	171	158	145	134	119	109	96	0	0	0.000	0.000	0	0	0	0	0	0	0	0	0	0	0	0.000	0.000	0	0	0	0	0	0	0	0	0	0	0	0	0
