 	cell	area	x	y	BFI_lev_b1	BFI_lev_b2	BFI_lev_b3	BFI_lev_b4	BFI_lev_b5	BFO_lev_b1	BFO_lev_b2	BFO_lev_b3	BFO_lev_b4	BFO_lev_b5	GFP_int_mean	GFP_int_b0	GFP_int_b1	GFP_int_b2	GFP_int_b3	GFP_int_b4	GFP_int_b5	GFP_int_b6	GFP_int_b7	GFP_int_b8	GFP_int_b9	GFP_int_b10	RFP_int_mean	RFP_int_b0	RFP_int_b1	RFP_int_b2	RFP_int_b3	RFP_int_b4	RFP_int_b5	RFP_int_b6	RFP_int_b7	RFP_int_b8	RFP_int_b9	RFP_int_b10	inGFPnfoci	f1_inGFParea	f1_inGFPx	f1_inGFPy	f2_inGFParea	f2_inGFPx	f2_inGFPy	f1_inGFP_toGFPmed	f1_inGFP_toGFPmean	f2_inGFP_toGFPmed	f2_inGFP_toGFPmean	f1_inGFP_toRFPmed	f1_inGFP_toRFPmean	f2_inGFP_toRFPmed	f2_inGFP_toRFPmean	inRFPnfoci	f1_inRFParea	f1_inRFPx	f1_inRFPy	f2_inRFParea	f2_inRFPx	f2_inRFPy	f1_inRFP_toGFPmed	f1_inRFP_toGFPmean	f2_inRFP_toGFPmed	f2_inRFP_toGFPmean	f1_inRFP_toRFPmed	f1_inRFP_toRFPmean	f2_inRFP_toRFPmed	f2_inRFP_toRFPmean
1	1	2263	1033.664	86.162	317	576	844	415	65	287	858	797	230	49	1883.893	3197	2779	2618	2431	2178	1916	1647	1370	1145	965	321	106.651	121	111	109	108	107	106	106	105	104	103	95	0	0	0.000	0.000	0	0	0	0	0	0	0	0	0	0	0	0	0	0.000	0.000	0	0	0	0	0	0	0	0	0	0	0
2	2	2630	530.916	89.899	384	847	969	348	33	302	943	944	349	33	1808.825	27637	3337	524	297	247	222	203	186	169	146	108	647.616	9994	1112	297	209	187	174	160	149	139	125	101	1	287	526.635	91.006	0	0	0	12696	0	0	0	3618	0	0	0	1	240	526.637	90.805	0	0	0	16872	0	0	0	4369	0	0	0
3	3	1531	346.857	83.435	179	470	497	282	65	119	559	549	226	53	567.495	966	828	732	658	605	546	505	470	422	342	142	104.567	114	108	107	106	105	104	104	103	103	102	95	0	0	0.000	0.000	0	0	0	0	0	0	0	0	0	0	0	0	0	0.000	0.000	0	0	0	0	0	0	0	0	0	0	0
4	4	1200	482.545	89.125	253	478	386	47	16	181	467	386	119	18	119.812	134	126	124	122	121	120	119	117	116	114	101	135.185	171	151	147	143	140	136	133	128	124	117	101	0	0	0.000	0.000	0	0	0	0	0	0	0	0	0	0	0	0	0	0.000	0.000	0	0	0	0	0	0	0	0	0	0	0
5	5	1753	1101.518	97.303	552	732	369	36	32	557	898	219	31	20	117.783	133	124	122	121	119	118	117	115	113	110	103	114.061	133	121	119	117	115	114	113	111	109	107	99	0	0	0.000	0.000	0	0	0	0	0	0	0	0	0	0	0	0	0	0.000	0.000	0	0	0	0	0	0	0	0	0	0	0
6	6	1784	1248.612	94.753	358	608	612	157	24	236	517	599	285	111	1210.678	1916	1741	1640	1535	1424	1297	1142	965	768	542	162	106.040	128	112	109	107	106	105	104	104	103	102	95	0	0	0.000	0.000	0	0	0	0	0	0	0	0	0	0	0	0	0	0.000	0.000	0	0	0	0	0	0	0	0	0	0	0
7	7	1883	163.844	100.465	359	475	597	344	69	306	476	713	246	100	2018.997	26024	5277	1001	433	267	198	168	149	135	122	104	451.835	5424	1082	295	181	150	138	130	124	117	112	101	1	239	165.548	100.424	0	0	0	12224	0	0	0	2035	0	0	0	1	209	165.553	100.240	0	0	0	13816	0	0	0	2342	0	0	0
8	8	586	972.190	92.567	153	306	79	24	12	40	176	242	101	12	106.428	117	110	109	108	107	106	106	105	104	103	98	103.135	116	106	105	104	103	103	102	102	102	101	96	0	0	0.000	0.000	0	0	0	0	0	0	0	0	0	0	0	0	0	0.000	0.000	0	0	0	0	0	0	0	0	0	0	0
9	9	3650	781.857	122.851	818	1195	1153	370	43	732	1330	1131	358	40	1341.992	27513	1402	314	211	195	184	174	164	151	127	104	720.418	4821	900	816	742	667	605	549	486	387	254	113	1	281	791.141	111.997	0	0	0	13481	0	0	0	2308	0	0	0	1	176	790.628	111.563	0	0	0	20278	0	0	0	3261	0	0	0
10	10	939	1515.881	107.846	218	258	296	137	18	157	214	240	248	65	339.614	485	436	411	386	367	352	334	306	273	224	123	105.384	115	109	108	107	106	105	104	104	103	102	96	0	0	0.000	0.000	0	0	0	0	0	0	0	0	0	0	0	0	0	0.000	0.000	0	0	0	0	0	0	0	0	0	0	0
11	11	1582	1392.482	115.877	345	577	469	149	14	239	582	427	261	31	107.594	118	112	110	109	108	108	107	106	105	103	99	104.022	116	108	106	105	104	104	103	103	102	101	97	0	0	0.000	0.000	0	0	0	0	0	0	0	0	0	0	0	0	0	0.000	0.000	0	0	0	0	0	0	0	0	0	0	0
12	12	1124	299.715	113.387	149	339	433	167	14	65	287	474	210	63	113.483	126	119	117	116	115	113	112	111	110	107	101	203.355	274	240	229	220	214	207	201	194	183	157	112	0	0	0.000	0.000	0	0	0	0	0	0	0	0	0	0	0	0	0	0.000	0.000	0	0	0	0	0	0	0	0	0	0	0
13	13	1643	247.694	124.660	148	430	651	323	49	99	463	706	307	39	313.567	6532	387	190	154	142	137	133	129	125	119	101	181.886	806	210	186	177	171	165	160	154	147	138	104	1	76	239.504	128.996	0	0	0	2930	0	0	0	458	0	0	0	1	56	239.629	129.194	0	0	0	3617	0	0	0	549	0	0	0
14	14	2293	117.994	136.997	532	537	765	381	45	350	459	970	365	114	140.296	172	157	154	151	148	144	140	134	127	115	101	128.724	162	147	141	136	132	128	124	121	117	112	101	0	0	0.000	0.000	0	0	0	0	0	0	0	0	0	0	0	0	0	0.000	0.000	0	0	0	0	0	0	0	0	0	0	0
15	15	1580	953.482	135.655	135	499	554	295	60	158	589	484	263	50	950.828	1495	1309	1215	1148	1076	1024	956	838	667	469	151	128.782	157	145	141	137	133	129	125	121	117	112	100	0	0	0.000	0.000	0	0	0	0	0	0	0	0	0	0	0	0	0	0.000	0.000	0	0	0	0	0	0	0	0	0	0	0
16	16	1652	340.908	138.120	184	503	666	227	29	105	361	744	342	67	116.473	132	122	120	119	118	116	115	114	113	110	103	189.363	262	232	218	208	199	190	183	172	161	145	110	0	0	0.000	0.000	0	0	0	0	0	0	0	0	0	0	0	0	0	0.000	0.000	0	0	0	0	0	0	0	0	0	0	0
17	17	2334	1054.034	143.130	546	732	737	241	39	386	818	726	310	43	1675.956	3255	2483	2169	1994	1865	1719	1570	1429	1157	724	173	109.868	131	119	115	112	110	109	107	106	105	104	99	0	0	0.000	0.000	0	0	0	0	0	0	0	0	0	0	0	0	0	0.000	0.000	0	0	0	0	0	0	0	0	0	0	0
18	18	1117	522.149	139.166	93	258	326	273	138	156	325	376	198	39	137.500	155	148	145	142	141	138	136	134	130	126	109	189.338	253	229	218	206	196	188	179	172	164	154	124	0	0	0.000	0.000	0	0	0	0	0	0	0	0	0	0	0	0	0	0.000	0.000	0	0	0	0	0	0	0	0	0	0	0
19	19	2710	191.221	159.354	457	624	998	537	50	331	473	1265	403	198	174.577	1291	197	185	177	171	165	158	150	140	128	105	274.003	643	355	335	318	297	276	257	236	206	174	110	1	34	182.667	156.581	0	0	0	761	0	0	0	511	0	0	0	0	0	0.000	0.000	0	0	0	0	0	0	0	0	0	0	0
20	20	996	1001.017	145.022	82	288	352	219	34	44	338	375	190	31	114.704	130	120	118	117	116	115	114	112	111	109	100	134.325	161	146	143	140	138	136	133	130	126	119	101	0	0	0.000	0.000	0	0	0	0	0	0	0	0	0	0	0	0	0	0.000	0.000	0	0	0	0	0	0	0	0	0	0	0
21	21	1762	1506.921	154.344	232	595	644	207	51	258	786	523	153	12	422.260	698	566	519	488	460	429	397	355	319	281	110	106.106	123	111	109	107	106	105	105	104	103	102	96	0	0	0.000	0.000	0	0	0	0	0	0	0	0	0	0	0	0	0	0.000	0.000	0	0	0	0	0	0	0	0	0	0	0
22	22	1383	568.401	154.125	186	370	510	251	38	133	379	614	197	31	165.325	1324	172	159	154	150	147	144	141	139	133	113	119.874	201	128	125	123	120	119	117	115	113	111	104	1	29	579.584	166.051	0	0	0	709	0	0	0	130	0	0	0	1	14	577.997	163.256	0	0	0	314	0	0	0	185	0	0	0
23	23	595	729.148	146.959	183	155	140	81	27	130	154	140	105	60	525.303	765	658	619	592	564	533	506	478	437	369	214	107.057	120	112	110	109	108	107	106	105	104	103	99	0	0	0.000	0.000	0	0	0	0	0	0	0	0	0	0	0	0	0	0.000	0.000	0	0	0	0	0	0	0	0	0	0	0
24	24	3157	836.970	162.963	841	830	934	472	26	689	719	1143	414	144	177.536	240	212	204	197	191	183	175	165	151	130	106	591.937	933	853	808	753	687	620	559	495	396	236	112	0	0	0.000	0.000	0	0	0	0	0	0	0	0	0	0	0	0	0	0.000	0.000	0	0	0	0	0	0	0	0	0	0	0
25	25	1822	1765.924	165.222	1077	444	173	70	29	1310	325	105	53	9	219.023	3366	282	179	164	152	142	136	132	129	124	108	488.102	2551	887	622	512	448	391	350	321	296	259	160	2	36	1776.794	179.801	47	1752.698	176.768	690	0	1516	0	1138	0	1457	0	2	29	1777.191	178.466	37	1752.814	176.355	494	0	1828	0	1225	0	1617	0
26	26	1932	1892.456	166.199	422	823	456	181	18	240	670	554	319	118	128.318	1172	126	120	118	116	115	113	112	110	108	100	140.424	181	157	152	147	144	140	137	133	130	124	106	1	39	1905.277	156.909	0	0	0	515	0	0	0	151	0	0	0	0	0	0.000	0.000	0	0	0	0	0	0	0	0	0	0	0
27	27	2013	1170.464	167.310	255	832	618	231	28	152	792	568	360	112	1298.114	2266	1863	1707	1587	1459	1345	1215	1041	866	668	156	142.239	182	164	158	153	148	144	138	133	127	119	102	0	0	0.000	0.000	0	0	0	0	0	0	0	0	0	0	0	0	0	0.000	0.000	0	0	0	0	0	0	0	0	0	0	0
28	28	1429	1552.682	167.907	179	370	565	252	35	133	418	536	276	36	481.251	724	622	586	551	523	499	463	426	377	316	154	106.653	119	111	109	108	107	106	105	105	104	103	97	0	0	0.000	0.000	0	0	0	0	0	0	0	0	0	0	0	0	0	0.000	0.000	0	0	0	0	0	0	0	0	0	0	0
29	29	2071	929.199	185.361	217	535	792	444	42	222	606	749	366	90	1470.093	14565	2037	1712	1514	1362	1178	989	797	620	454	137	147.822	757	172	150	142	135	130	125	120	115	109	100	1	80	924.490	181.922	0	0	0	8183	0	0	0	455	0	0	0	1	93	923.822	180.898	0	0	0	6059	0	0	0	425	0	0	0
30	30	1255	1841.162	185.352	290	482	281	166	13	223	527	297	153	38	1264.461	19179	3223	748	319	206	162	145	140	135	128	108	371.188	1955	599	362	331	312	294	272	251	228	202	125	1	120	1847.126	178.839	0	0	0	8688	0	0	0	1117	0	0	0	1	96	1847.136	177.973	0	0	0	10072	0	0	0	1206	0	0	0
31	31	2173	537.352	190.417	251	888	736	232	22	180	844	773	285	55	637.864	15476	752	264	185	163	155	150	145	140	133	108	276.451	2264	311	271	250	234	219	205	193	181	160	107	1	113	546.374	192.080	0	0	0	7385	0	0	0	1120	0	0	0	1	108	546.564	191.649	0	0	0	7668	0	0	0	1169	0	0	0
32	32	1961	715.321	188.440	516	637	580	160	33	332	587	638	281	81	574.406	960	798	750	707	657	621	580	504	388	231	122	105.649	127	111	108	107	106	105	104	104	103	102	94	0	0	0.000	0.000	0	0	0	0	0	0	0	0	0	0	0	0	0	0.000	0.000	0	0	0	0	0	0	0	0	0	0	0
33	33	1643	980.441	189.369	313	524	532	214	28	251	570	485	257	40	113.122	129	119	117	116	114	113	112	111	109	107	100	138.679	172	156	150	147	144	140	137	132	127	119	96	0	0	0.000	0.000	0	0	0	0	0	0	0	0	0	0	0	0	0	0.000	0.000	0	0	0	0	0	0	0	0	0	0	0
34	34	1724	604.954	194.286	424	704	463	83	16	401	951	287	42	10	553.694	14028	641	239	178	159	150	144	138	133	124	106	143.887	934	160	131	125	122	119	117	114	112	108	99	1	86	605.651	200.987	0	0	0	6179	0	0	0	428	0	0	0	1	86	604.724	201.717	0	0	0	4656	0	0	0	497	0	0	0
35	35	1572	316.845	198.947	256	597	489	175	28	126	293	671	301	148	539.447	826	701	640	606	577	555	530	499	452	347	141	109.324	128	115	113	111	110	109	108	107	106	104	99	0	0	0.000	0.000	0	0	0	0	0	0	0	0	0	0	0	0	0	0.000	0.000	0	0	0	0	0	0	0	0	0	0	0
36	36	1664	770.497	192.125	224	444	659	259	41	108	343	825	305	58	643.926	1073	928	860	777	700	652	575	505	438	371	182	106.303	117	111	109	108	107	106	105	104	104	103	95	0	0	0.000	0.000	0	0	0	0	0	0	0	0	0	0	0	0	0	0.000	0.000	0	0	0	0	0	0	0	0	0	0	0
37	37	1094	1290.900	190.892	215	240	308	257	62	141	259	294	292	82	108.420	122	113	112	110	109	108	107	107	105	104	96	105.624	121	110	108	107	106	105	104	104	103	102	96	0	0	0.000	0.000	0	0	0	0	0	0	0	0	0	0	0	0	0	0.000	0.000	0	0	0	0	0	0	0	0	0	0	0
38	38	1749	1211.520	209.700	484	794	361	60	25	453	896	294	50	25	159.619	2778	154	139	134	131	129	126	123	120	116	104	172.199	243	209	198	188	179	172	165	158	150	136	103	1	37	1226.275	209.222	0	0	0	1054	0	0	0	197	0	0	0	0	0	0.000	0.000	0	0	0	0	0	0	0	0	0	0	0
39	39	1932	1789.391	213.527	417	719	515	202	41	299	824	485	246	43	505.823	769	641	612	582	553	522	489	450	402	338	158	146.784	178	162	158	155	152	149	145	141	135	127	107	0	0	0.000	0.000	0	0	0	0	0	0	0	0	0	0	0	0	0	0.000	0.000	0	0	0	0	0	0	0	0	0	0	0
40	40	2389	179.938	216.675	413	539	905	412	73	301	574	1048	347	70	2586.396	32190	7740	1144	454	275	207	182	167	153	136	103	619.029	5870	1393	456	348	308	283	263	243	213	172	107	1	334	183.166	214.448	0	0	0	16057	0	0	0	2316	0	0	0	1	265	183.780	214.234	0	0	0	20295	0	0	0	2988	0	0	0
41	41	2327	1634.423	217.743	606	903	614	140	31	352	739	792	307	101	2025.197	8815	2855	2617	2467	2302	2121	1952	1716	1246	702	189	250.618	2242	289	270	257	246	234	222	199	169	137	99	1	14	1618.818	210.918	0	0	0	7815	0	0	0	1614	0	0	0	1	54	1619.501	209.848	0	0	0	4760	0	0	0	1132	0	0	0
42	42	1142	1158.542	218.162	202	455	343	111	21	102	372	358	218	67	1174.165	2058	1720	1542	1402	1317	1220	1095	964	806	565	185	139.012	180	161	155	150	146	142	135	129	123	113	97	0	0	0.000	0.000	0	0	0	0	0	0	0	0	0	0	0	0	0	0.000	0.000	0	0	0	0	0	0	0	0	0	0	0
43	43	1089	1889.556	213.974	234	388	314	120	10	134	301	290	231	116	110.984	127	116	114	113	112	111	110	109	107	106	100	135.243	159	148	144	141	139	136	134	132	127	120	104	0	0	0.000	0.000	0	0	0	0	0	0	0	0	0	0	0	0	0	0.000	0.000	0	0	0	0	0	0	0	0	0	0	0
44	44	1933	1440.838	226.183	414	792	560	114	27	230	745	557	304	61	897.977	1665	1276	1158	1071	973	884	804	724	637	516	184	123.764	151	136	132	129	126	124	121	118	115	111	102	0	0	0.000	0.000	0	0	0	0	0	0	0	0	0	0	0	0	0	0.000	0.000	0	0	0	0	0	0	0	0	0	0	0
45	45	1900	1331.555	223.515	416	714	565	151	15	264	746	530	260	63	112.178	128	118	116	115	114	113	111	110	108	106	96	107.085	123	113	111	109	107	106	105	104	103	102	94	0	0	0.000	0.000	0	0	0	0	0	0	0	0	0	0	0	0	0	0.000	0.000	0	0	0	0	0	0	0	0	0	0	0
46	46	965	245.964	219.438	295	340	267	44	7	182	211	309	193	42	117.527	264	123	120	118	117	116	114	113	111	109	100	172.669	233	210	201	195	185	177	169	158	143	125	106	1	23	248.156	231.350	0	0	0	182	0	0	0	182	0	0	0	0	0	0.000	0.000	0	0	0	0	0	0	0	0	0	0	0
47	47	1197	117.461	234.512	399	331	275	162	15	237	314	305	232	87	111.821	128	119	117	115	113	112	110	108	107	105	99	106.232	122	111	109	108	107	106	105	104	103	102	98	0	0	0.000	0.000	0	0	0	0	0	0	0	0	0	0	0	0	0	0.000	0.000	0	0	0	0	0	0	0	0	0	0	0
48	48	1748	1843.044	239.149	399	565	490	211	55	292	560	440	314	113	461.732	676	610	573	542	511	482	447	411	367	276	126	142.149	175	160	155	152	148	144	140	136	130	121	103	0	0	0.000	0.000	0	0	0	0	0	0	0	0	0	0	0	0	0	0.000	0.000	0	0	0	0	0	0	0	0	0	0	0
49	49	2243	776.580	243.049	754	764	535	142	17	606	962	395	197	38	112.817	126	119	117	115	114	113	112	111	109	107	96	281.033	411	360	343	328	315	298	278	251	220	163	110	0	0	0.000	0.000	0	0	0	0	0	0	0	0	0	0	0	0	0	0.000	0.000	0	0	0	0	0	0	0	0	0	0	0
50	50	2470	1037.172	246.386	443	811	762	363	52	373	1075	655	271	65	110.319	126	115	114	112	111	110	109	108	107	105	99	106.236	125	112	109	108	107	106	105	104	103	102	96	0	0	0.000	0.000	0	0	0	0	0	0	0	0	0	0	0	0	0	0.000	0.000	0	0	0	0	0	0	0	0	0	0	0
51	51	2022	492.993	252.714	353	521	703	361	57	224	583	813	279	84	820.857	1294	1140	1068	1002	939	878	796	687	557	427	160	118.785	148	130	126	123	121	119	116	114	111	108	95	0	0	0.000	0.000	0	0	0	0	0	0	0	0	0	0	0	0	0	0.000	0.000	0	0	0	0	0	0	0	0	0	0	0
52	52	1162	304.250	245.674	249	411	351	117	14	161	260	442	221	59	612.469	979	866	803	755	702	648	589	516	442	270	120	109.928	125	116	114	112	111	110	108	107	106	104	99	0	0	0.000	0.000	0	0	0	0	0	0	0	0	0	0	0	0	0	0.000	0.000	0	0	0	0	0	0	0	0	0	0	0
53	53	664	1484.975	241.865	170	205	169	92	20	100	183	191	125	53	640.489	969	836	761	728	700	668	629	586	534	397	171	118.372	135	126	123	122	120	119	118	116	113	110	99	0	0	0.000	0.000	0	0	0	0	0	0	0	0	0	0	0	0	0	0.000	0.000	0	0	0	0	0	0	0	0	0	0	0
54	54	1250	1090.933	249.457	319	495	335	60	17	216	507	313	156	26	110.018	122	115	113	112	111	110	109	108	106	104	99	105.096	116	109	107	106	105	105	104	103	103	102	96	0	0	0.000	0.000	0	0	0	0	0	0	0	0	0	0	0	0	0	0.000	0.000	0	0	0	0	0	0	0	0	0	0	0
55	55	1460	653.718	251.444	261	592	449	124	11	167	588	443	200	43	178.911	247	216	206	198	189	181	173	164	152	136	108	114.314	132	122	120	118	116	114	113	111	109	106	100	0	0	0.000	0.000	0	0	0	0	0	0	0	0	0	0	0	0	0	0.000	0.000	0	0	0	0	0	0	0	0	0	0	0
56	56	1427	213.633	252.418	268	499	428	189	18	189	388	508	272	47	901.921	16732	916	532	495	465	433	403	377	340	226	111	131.211	680	141	119	115	113	111	110	108	107	105	98	1	82	210.563	235.620	0	0	0	8004	0	0	0	379	0	0	0	1	102	210.968	235.806	0	0	0	6291	0	0	0	368	0	0	0
57	57	1265	984.127	259.940	184	414	427	198	19	188	635	286	114	16	109.697	122	115	113	112	111	110	109	107	106	105	98	208.623	289	251	238	231	222	213	204	194	180	158	111	0	0	0.000	0.000	0	0	0	0	0	0	0	0	0	0	0	0	0	0.000	0.000	0	0	0	0	0	0	0	0	0	0	0
58	58	1894	1257.236	269.050	288	740	616	180	41	148	525	790	304	93	275.486	6335	291	170	148	140	135	131	126	122	116	104	154.998	1204	169	149	142	136	131	126	123	118	114	101	1	70	1256.490	264.452	0	0	0	2739	0	0	0	593	0	0	0	1	69	1257.009	263.786	0	0	0	2224	0	0	0	593	0	0	0
59	59	711	782.838	287.031	151	232	199	83	32	132	223	232	87	22	123.872	141	134	132	130	127	125	123	120	117	111	103	195.605	260	238	232	225	216	206	193	179	158	133	104	0	0	0.000	0.000	0	0	0	0	0	0	0	0	0	0	0	0	0	0.000	0.000	0	0	0	0	0	0	0	0	0	0	0
60	60	1197	184.693	301.514	184	307	353	255	84	129	417	409	190	28	336.659	529	440	414	391	371	345	328	302	267	204	113	108.503	123	114	112	111	109	108	107	106	105	104	97	0	0	0.000	0.000	0	0	0	0	0	0	0	0	0	0	0	0	0	0.000	0.000	0	0	0	0	0	0	0	0	0	0	0
61	61	2030	1468.529	311.298	268	751	585	359	30	245	802	545	304	94	817.418	1391	1118	1034	974	914	833	757	673	592	483	172	108.127	121	113	111	110	109	108	107	106	105	104	97	0	0	0.000	0.000	0	0	0	0	0	0	0	0	0	0	0	0	0	0.000	0.000	0	0	0	0	0	0	0	0	0	0	0
62	62	1772	1288.297	313.325	355	576	519	247	34	330	834	383	178	14	1184.846	20596	2157	424	227	167	148	139	134	128	121	103	258.837	2656	384	183	162	154	147	142	136	128	119	97	1	157	1286.919	318.298	0	0	0	9489	0	0	0	1135	0	0	0	1	138	1286.359	318.159	0	0	0	11192	0	0	0	1349	0	0	0
63	63	1447	527.227	307.702	678	473	214	50	13	584	531	230	64	15	114.416	139	121	119	117	116	115	113	112	110	107	100	191.686	260	226	218	212	206	199	191	180	165	139	108	0	0	0.000	0.000	0	0	0	0	0	0	0	0	0	0	0	0	0	0.000	0.000	0	0	0	0	0	0	0	0	0	0	0
64	64	1818	747.592	317.658	187	461	734	349	55	241	581	673	228	54	163.712	2949	164	143	138	134	132	129	127	124	120	103	208.196	310	264	245	231	218	205	195	186	175	160	106	1	30	733.650	333.439	0	0	0	1224	0	0	0	267	0	0	0	0	0	0.000	0.000	0	0	0	0	0	0	0	0	0	0	0
65	65	1679	926.312	324.511	291	641	555	139	16	170	457	655	279	84	810.257	5143	1211	1076	931	845	765	671	577	509	389	121	124.623	309	135	130	128	125	123	121	118	115	110	100	1	25	922.226	323.637	0	0	0	3420	0	0	0	209	0	0	0	1	33	922.548	322.243	0	0	0	1839	0	0	0	219	0	0	0
66	66	2152	1410.149	349.648	403	757	754	195	17	235	521	846	411	98	185.127	2360	193	178	172	167	162	158	153	147	134	107	171.713	679	201	189	181	174	168	162	156	149	135	105	1	35	1409.054	364.338	0	0	0	1023	0	0	0	391	0	0	0	1	26	1409.467	364.205	0	0	0	1319	0	0	0	407	0	0	0
67	67	1106	1493.739	360.641	197	482	288	96	18	136	420	304	195	29	658.855	1054	899	837	785	738	687	634	575	497	355	134	109.296	128	117	113	111	110	109	107	106	105	104	99	0	0	0.000	0.000	0	0	0	0	0	0	0	0	0	0	0	0	0	0.000	0.000	0	0	0	0	0	0	0	0	0	0	0
68	68	2447	1340.502	371.141	622	897	660	187	30	551	924	667	232	21	1208.124	23321	1533	397	229	179	160	153	147	138	125	104	648.333	12417	830	286	208	186	176	166	155	143	128	100	1	188	1337.378	373.388	0	0	0	11606	0	0	0	5105	0	0	0	1	169	1337.619	372.868	0	0	0	13307	0	0	0	5696	0	0	0
69	69	2248	756.401	372.157	622	1114	450	21	9	246	752	708	402	108	137.496	2394	131	121	118	116	115	114	112	111	108	102	151.615	553	173	164	158	153	147	143	137	131	121	99	1	26	747.572	376.712	0	0	0	1182	0	0	0	341	0	0	0	1	29	748.173	377.136	0	0	0	1127	0	0	0	384	0	0	0
70	70	1211	809.270	364.174	142	336	439	237	38	130	405	441	176	35	1490.202	2404	2015	1886	1775	1653	1538	1450	1367	1152	814	227	137.262	175	156	151	146	143	139	135	131	125	113	99	0	0	0.000	0.000	0	0	0	0	0	0	0	0	0	0	0	0	0	0.000	0.000	0	0	0	0	0	0	0	0	0	0	0
71	71	2059	853.676	384.585	310	464	810	396	42	289	721	728	256	21	1878.860	5975	2546	2378	2242	2103	1983	1840	1634	1351	900	235	147.688	425	166	159	155	151	147	143	137	129	119	101	0	0	0.000	0.000	0	0	0	0	0	0	0	0	0	0	0	1	28	857.875	377.162	0	0	0	3775	0	0	0	313	0	0	0
72	72	1175	1562.241	381.039	688	242	166	50	12	552	252	188	97	76	120.279	360	131	122	119	117	115	113	111	109	106	97	174.474	237	204	197	192	187	183	176	165	147	128	105	0	0	0.000	0.000	0	0	0	0	0	0	0	0	0	0	0	0	0	0.000	0.000	0	0	0	0	0	0	0	0	0	0	0
73	73	1955	996.405	381.121	217	554	774	341	30	154	411	876	349	124	111.482	125	116	115	114	113	111	110	109	108	107	99	244.975	345	303	289	279	268	255	241	223	201	166	113	0	0	0.000	0.000	0	0	0	0	0	0	0	0	0	0	0	0	0	0.000	0.000	0	0	0	0	0	0	0	0	0	0	0
74	74	1230	905.606	399.319	134	344	446	256	27	83	333	533	215	42	356.388	554	456	420	398	376	358	341	321	297	249	140	115.200	137	125	121	118	116	114	113	111	110	108	102	0	0	0.000	0.000	0	0	0	0	0	0	0	0	0	0	0	0	0	0.000	0.000	0	0	0	0	0	0	0	0	0	0	0
75	75	1606	1049.592	413.391	355	688	441	88	12	265	555	416	304	39	113.441	127	119	117	116	115	114	112	111	110	107	100	241.902	353	299	284	272	260	250	239	226	206	166	107	0	0	0.000	0.000	0	0	0	0	0	0	0	0	0	0	0	0	0	0.000	0.000	0	0	0	0	0	0	0	0	0	0	0
76	76	1731	814.674	417.267	379	743	495	64	15	296	780	479	117	23	2119.987	3474	3100	2901	2676	2474	2281	2031	1748	1404	820	186	154.018	204	185	178	171	166	159	152	142	128	111	100	0	0	0.000	0.000	0	0	0	0	0	0	0	0	0	0	0	0	0	0.000	0.000	0	0	0	0	0	0	0	0	0	0	0
77	77	1794	717.689	421.606	269	625	700	156	14	154	486	810	278	34	113.915	292	121	117	115	114	112	111	109	108	106	98	148.600	193	176	168	161	154	148	142	136	130	123	105	1	24	720.658	418.105	0	0	0	195	0	0	0	177	0	0	0	0	0	0.000	0.000	0	0	0	0	0	0	0	0	0	0	0
78	78	1239	1383.247	431.042	303	394	375	129	18	228	283	304	310	94	177.569	234	207	199	192	185	179	174	167	157	143	108	115.777	154	126	122	119	117	115	113	111	110	107	98	0	0	0.000	0.000	0	0	0	0	0	0	0	0	0	0	0	0	0	0.000	0.000	0	0	0	0	0	0	0	0	0	0	0
79	79	1615	1719.650	443.441	265	537	495	262	27	235	457	491	288	114	955.303	1754	1479	1245	1116	1026	951	890	825	678	415	130	105.341	119	109	107	107	106	105	104	104	103	102	96	0	0	0.000	0.000	0	0	0	0	0	0	0	0	0	0	0	0	0	0.000	0.000	0	0	0	0	0	0	0	0	0	0	0
80	80	2142	1220.108	448.369	339	644	655	357	101	384	882	580	208	44	601.386	10017	723	441	385	352	327	298	265	230	192	112	198.070	2105	223	169	155	147	141	134	128	122	117	98	1	104	1219.879	446.832	0	0	0	5218	0	0	0	1042	0	0	0	1	103	1220.157	446.646	0	0	0	5218	0	0	0	1042	0	0	0
81	81	1753	866.624	446.195	171	323	733	432	59	152	270	870	290	147	1371.052	7055	1931	1801	1703	1570	1383	1202	988	791	595	209	144.811	617	162	155	149	144	139	132	126	120	114	101	1	19	855.802	444.391	0	0	0	5488	0	0	0	425	0	0	0	1	41	856.102	443.228	0	0	0	3307	0	0	0	380	0	0	0
82	82	941	654.647	465.374	202	235	317	109	59	200	385	262	56	23	709.261	12813	1171	352	231	210	198	188	175	163	144	112	524.592	8795	883	277	197	184	177	171	163	151	135	112	1	73	652.621	469.117	0	0	0	5508	0	0	0	3779	0	0	0	1	76	652.830	469.065	0	0	0	5376	0	0	0	3738	0	0	0
83	83	834	694.338	460.680	185	338	203	77	11	58	359	227	125	42	111.507	125	116	115	113	112	112	111	110	108	107	102	144.990	179	165	160	156	152	148	143	136	129	121	105	0	0	0.000	0.000	0	0	0	0	0	0	0	0	0	0	0	0	0	0.000	0.000	0	0	0	0	0	0	0	0	0	0	0
84	84	2180	1302.691	465.754	424	918	606	153	46	204	631	861	363	86	1777.694	24923	3453	809	499	417	364	315	287	254	197	123	580.024	8818	1075	285	188	161	148	139	133	126	118	102	1	226	1303.463	465.125	0	0	0	12217	0	0	0	3565	0	0	0	1	194	1303.611	464.829	0	0	0	14908	0	0	0	4099	0	0	0
85	85	672	905.628	461.228	172	189	154	109	36	144	218	145	89	66	369.704	600	531	470	426	395	365	329	300	273	241	142	107.638	118	112	111	109	108	107	106	106	105	103	97	0	0	0.000	0.000	0	0	0	0	0	0	0	0	0	0	0	0	0	0.000	0.000	0	0	0	0	0	0	0	0	0	0	0
86	86	1709	973.201	466.439	133	524	750	227	26	81	406	848	246	88	359.098	570	489	446	413	382	356	333	305	278	241	126	130.669	161	147	142	137	133	130	127	123	120	116	104	0	0	0.000	0.000	0	0	0	0	0	0	0	0	0	0	0	0	0	0.000	0.000	0	0	0	0	0	0	0	0	0	0	0
87	87	1905	812.673	476.873	153	322	867	480	47	127	396	980	330	38	1331.319	2193	1925	1785	1662	1534	1422	1311	1116	860	557	148	140.622	177	161	156	152	147	143	138	131	125	115	101	0	0	0.000	0.000	0	0	0	0	0	0	0	0	0	0	0	0	0	0.000	0.000	0	0	0	0	0	0	0	0	0	0	0
88	88	796	1109.121	469.453	92	253	274	143	19	104	308	256	87	20	821.629	1293	1166	1064	975	899	819	756	701	621	476	186	164.574	211	193	184	177	170	164	160	154	147	136	113	0	0	0.000	0.000	0	0	0	0	0	0	0	0	0	0	0	0	0	0.000	0.000	0	0	0	0	0	0	0	0	0	0	0
89	89	876	1032.395	476.406	558	256	29	15	10	481	290	51	22	11	317.866	436	396	374	357	341	325	312	292	265	226	133	129.572	156	141	138	135	132	130	128	125	121	117	107	0	0	0.000	0.000	0	0	0	0	0	0	0	0	0	0	0	0	0	0.000	0.000	0	0	0	0	0	0	0	0	0	0	0
90	90	1732	1681.690	484.438	422	524	499	235	24	359	644	406	238	54	842.783	1437	1205	1091	1014	952	872	793	722	576	401	180	105.538	117	110	108	107	106	105	104	104	103	102	96	0	0	0.000	0.000	0	0	0	0	0	0	0	0	0	0	0	1	14	1673.947	484.988	0	0	0	948	0	0	0	113	0	0	0
91	91	1707	1152.523	492.899	264	655	621	133	18	175	727	530	212	32	1146.397	15577	1426	951	803	708	654	614	567	498	390	133	308.013	4580	406	199	181	166	157	151	147	141	132	102	1	95	1153.709	499.505	0	0	0	7536	0	0	0	2163	0	0	0	1	99	1153.463	498.941	0	0	0	7223	0	0	0	2141	0	0	0
92	92	1767	1076.724	495.010	293	899	494	34	13	179	646	726	161	13	422.512	11486	401	184	156	149	145	142	139	134	127	103	201.371	2049	204	174	166	161	156	151	147	142	133	104	1	82	1069.560	481.300	0	0	0	4337	0	0	0	888	0	0	0	1	72	1069.818	480.889	0	0	0	5354	0	0	0	1042	0	0	0
93	93	1744	518.839	506.433	413	570	568	133	25	298	603	539	222	43	183.096	3212	184	167	156	149	144	140	135	131	125	108	182.252	287	215	206	197	189	180	173	167	161	153	114	1	31	512.923	501.244	0	0	0	1575	0	0	0	228	0	0	0	0	0	0.000	0.000	0	0	0	0	0	0	0	0	0	0	0
94	94	1779	1000.064	509.774	241	640	598	237	30	161	533	630	330	92	350.242	501	438	413	391	374	362	349	330	292	241	112	130.778	159	145	140	137	134	132	129	126	122	116	101	0	0	0.000	0.000	0	0	0	0	0	0	0	0	0	0	0	0	0	0.000	0.000	0	0	0	0	0	0	0	0	0	0	0
95	95	2097	904.094	505.223	381	591	615	360	110	371	839	582	235	25	310.868	519	431	386	349	326	309	290	268	242	197	115	107.624	133	113	111	109	108	107	106	105	104	103	97	0	0	0.000	0.000	0	0	0	0	0	0	0	0	0	0	0	1	175	901.621	492.134	0	0	0	405	0	0	0	117	0	0	0
96	96	1272	852.583	507.440	158	377	518	180	20	86	273	616	207	57	109.840	122	115	113	112	111	110	109	108	107	105	100	128.939	156	143	140	137	133	130	127	124	119	109	100	0	0	0.000	0.000	0	0	0	0	0	0	0	0	0	0	0	0	0	0.000	0.000	0	0	0	0	0	0	0	0	0	0	0
97	97	2085	444.334	516.845	401	899	619	111	14	249	835	757	197	25	575.898	15828	611	244	181	163	154	147	141	135	126	106	159.876	1305	173	141	136	133	129	126	123	119	113	102	1	95	443.517	524.210	0	0	0	6675	0	0	0	659	0	0	0	1	93	443.850	524.592	0	0	0	6786	0	0	0	681	0	0	0
98	98	967	1277.601	511.250	218	332	279	101	22	185	336	301	105	27	266.086	346	311	301	291	280	270	259	250	240	218	131	131.974	154	143	140	138	136	134	131	128	124	117	102	0	0	0.000	0.000	0	0	0	0	0	0	0	0	0	0	0	0	0	0.000	0.000	0	0	0	0	0	0	0	0	0	0	0
99	99	2265	1184.650	529.485	613	581	702	278	60	522	700	597	316	113	120.017	172	128	126	124	122	120	118	116	114	110	100	610.534	932	847	795	749	698	647	593	527	426	291	122	0	0	0.000	0.000	0	0	0	0	0	0	0	0	0	0	0	0	0	0.000	0.000	0	0	0	0	0	0	0	0	0	0	0
100	100	1295	954.402	526.692	190	467	359	219	32	165	516	312	203	72	260.811	361	323	308	295	283	272	259	245	227	170	108	106.653	121	111	109	108	107	106	106	105	104	103	96	0	0	0.000	0.000	0	0	0	0	0	0	0	0	0	0	0	0	0	0.000	0.000	0	0	0	0	0	0	0	0	0	0	0
101	101	1867	1045.774	540.923	408	763	540	97	20	250	593	638	259	95	112.723	127	119	117	115	114	113	112	110	109	107	97	139.560	181	161	155	149	144	139	135	131	125	119	103	0	0	0.000	0.000	0	0	0	0	0	0	0	0	0	0	0	0	0	0.000	0.000	0	0	0	0	0	0	0	0	0	0	0
102	102	1984	693.594	543.188	656	1053	194	27	24	762	1018	127	24	21	130.526	156	142	138	136	133	132	129	127	123	117	103	427.248	661	569	519	492	469	440	411	388	338	250	131	0	0	0.000	0.000	0	0	0	0	0	0	0	0	0	0	0	0	0	0.000	0.000	0	0	0	0	0	0	0	0	0	0	0
103	103	654	1251.034	541.539	57	118	235	176	56	68	212	266	81	14	122.774	138	131	129	127	125	123	122	120	116	113	103	165.630	219	199	190	183	177	169	162	151	138	124	108	0	0	0.000	0.000	0	0	0	0	0	0	0	0	0	0	0	0	0	0.000	0.000	0	0	0	0	0	0	0	0	0	0	0
104	104	1397	533.739	561.075	161	287	472	375	56	156	397	545	237	41	139.041	184	153	148	145	142	139	137	133	129	124	106	185.589	249	221	211	205	197	189	182	171	162	143	108	0	0	0.000	0.000	0	0	0	0	0	0	0	0	0	0	0	0	0	0.000	0.000	0	0	0	0	0	0	0	0	0	0	0
105	105	2974	1293.470	569.960	590	1576	689	53	11	396	1194	948	359	25	1303.065	20168	2161	437	266	213	188	174	162	150	136	100	381.624	2496	525	357	329	305	283	261	240	220	183	118	1	302	1285.474	569.475	0	0	0	9678	0	0	0	1231	0	0	0	1	226	1285.757	569.591	0	0	0	13479	0	0	0	1591	0	0	0
106	106	1341	1824.167	570.420	462	358	344	143	12	369	403	346	156	38	148.403	192	167	162	157	153	150	146	142	136	126	104	118.560	137	127	124	122	120	119	117	115	113	110	102	0	0	0.000	0.000	0	0	0	0	0	0	0	0	0	0	0	0	0	0.000	0.000	0	0	0	0	0	0	0	0	0	0	0
107	107	2146	1091.723	579.029	749	850	397	113	11	470	759	609	212	56	117.002	140	125	122	120	118	117	115	114	112	109	102	293.969	432	387	369	351	332	314	290	257	215	162	106	0	0	0.000	0.000	0	0	0	0	0	0	0	0	0	0	0	0	0	0.000	0.000	0	0	0	0	0	0	0	0	0	0	0
108	108	2144	579.291	589.153	322	752	731	262	40	199	580	776	399	138	127.520	215	155	141	129	123	120	117	115	113	111	101	115.196	142	124	121	118	116	114	113	111	110	108	99	1	152	569.922	569.671	0	0	0	184	0	0	0	126	0	0	0	0	0	0.000	0.000	0	0	0	0	0	0	0	0	0	0	0
109	109	533	1234.908	575.687	91	187	140	83	22	84	229	173	26	7	127.088	171	152	142	135	128	124	120	115	112	109	101	182.674	309	273	237	214	189	173	158	140	127	117	105	0	0	0.000	0.000	0	0	0	0	0	0	0	0	0	0	0	0	0	0.000	0.000	0	0	0	0	0	0	0	0	0	0	0
110	110	829	828.975	593.538	115	192	249	203	52	142	303	257	102	12	495.772	772	649	595	559	528	500	475	445	401	333	186	114.875	132	122	119	118	116	115	113	112	110	109	102	0	0	0.000	0.000	0	0	0	0	0	0	0	0	0	0	0	0	0	0.000	0.000	0	0	0	0	0	0	0	0	0	0	0
111	111	2032	433.297	616.773	296	745	711	226	22	187	437	834	416	113	215.574	287	253	243	235	230	223	215	202	185	166	116	180.863	233	213	205	199	193	186	177	166	155	142	116	0	0	0.000	0.000	0	0	0	0	0	0	0	0	0	0	0	0	0	0.000	0.000	0	0	0	0	0	0	0	0	0	0	0
112	112	1626	778.579	621.041	169	474	638	288	21	151	604	553	236	37	1043.102	18977	1788	419	221	166	145	135	129	124	118	104	255.726	2662	376	205	171	160	153	145	138	131	123	106	1	133	772.727	623.869	0	0	0	8831	0	0	0	1118	0	0	0	1	113	772.786	623.580	0	0	0	9961	0	0	0	1284	0	0	0
113	113	841	369.597	615.883	164	258	228	147	27	86	243	266	187	39	113.900	127	120	118	116	115	114	113	112	110	108	101	145.610	179	164	160	156	151	148	143	138	131	122	106	0	0	0.000	0.000	0	0	0	0	0	0	0	0	0	0	0	0	0	0.000	0.000	0	0	0	0	0	0	0	0	0	0	0
114	114	1124	920.304	622.012	75	208	445	303	70	66	280	540	191	24	238.186	328	299	287	272	256	240	227	209	194	175	111	118.385	146	128	124	122	119	118	116	114	112	110	101	0	0	0.000	0.000	0	0	0	0	0	0	0	0	0	0	0	0	0	0.000	0.000	0	0	0	0	0	0	0	0	0	0	0
115	115	1079	874.365	626.500	292	389	299	72	13	212	458	326	55	13	448.267	695	581	537	504	479	461	444	410	369	295	126	115.335	197	123	119	117	115	114	112	111	110	108	102	0	0	0.000	0.000	0	0	0	0	0	0	0	0	0	0	0	0	0	0.000	0.000	0	0	0	0	0	0	0	0	0	0	0
116	116	1089	1541.884	630.911	263	305	310	167	33	208	415	236	174	36	109.203	124	114	112	111	110	109	108	107	106	105	100	173.040	230	206	196	190	184	177	169	160	150	133	105	0	0	0.000	0.000	0	0	0	0	0	0	0	0	0	0	0	0	0	0.000	0.000	0	0	0	0	0	0	0	0	0	0	0
117	117	1811	1349.890	634.918	229	518	660	336	35	93	473	745	339	129	1233.340	2126	1749	1538	1448	1355	1242	1116	1014	925	709	304	110.363	132	117	114	112	111	110	109	108	106	105	98	0	0	0.000	0.000	0	0	0	0	0	0	0	0	0	0	0	0	0	0.000	0.000	0	0	0	0	0	0	0	0	0	0	0
118	118	1258	828.379	637.568	182	386	429	216	26	76	256	448	317	139	121.981	138	130	127	126	124	122	121	119	117	113	103	153.007	193	175	169	165	161	156	151	145	137	125	107	0	0	0.000	0.000	0	0	0	0	0	0	0	0	0	0	0	0	0	0.000	0.000	0	0	0	0	0	0	0	0	0	0	0
119	119	1420	586.176	645.807	184	289	485	388	50	136	260	620	270	115	114.266	136	121	118	117	115	114	113	112	110	108	100	113.546	137	122	118	115	114	112	111	110	108	107	98	0	0	0.000	0.000	0	0	0	0	0	0	0	0	0	0	0	0	0	0.000	0.000	0	0	0	0	0	0	0	0	0	0	0
120	120	1292	475.177	645.328	157	313	479	254	51	146	423	433	204	51	160.930	212	182	175	170	166	161	157	153	149	140	107	106.628	119	111	109	108	107	106	106	105	104	103	98	0	0	0.000	0.000	0	0	0	0	0	0	0	0	0	0	0	0	0	0.000	0.000	0	0	0	0	0	0	0	0	0	0	0
121	121	2537	377.798	666.245	463	688	757	537	41	461	771	795	398	60	113.511	134	120	118	116	115	114	112	111	109	107	98	151.311	207	180	173	167	160	152	145	139	131	117	102	0	0	0.000	0.000	0	0	0	0	0	0	0	0	0	0	0	0	0	0.000	0.000	0	0	0	0	0	0	0	0	0	0	0
122	122	1542	84.511	668.685	460	570	401	70	16	279	564	444	185	29	119.434	140	129	127	124	123	120	118	115	112	108	99	165.319	231	206	195	184	175	168	160	150	137	117	98	0	0	0.000	0.000	0	0	0	0	0	0	0	0	0	0	0	0	0	0.000	0.000	0	0	0	0	0	0	0	0	0	0	0
123	123	1516	542.648	669.995	214	406	516	307	42	112	606	482	221	63	982.629	18095	1858	458	235	166	146	139	134	129	123	103	192.984	1462	271	157	147	141	136	132	127	124	119	102	1	125	548.903	661.690	0	0	0	7637	0	0	0	687	0	0	0	1	117	548.909	661.623	0	0	0	8104	0	0	0	720	0	0	0
124	124	736	624.904	678.820	122	320	164	93	21	104	304	212	95	6	110.766	124	117	115	113	112	110	109	108	107	105	101	107.832	123	114	111	109	108	107	106	106	105	104	100	0	0	0.000	0.000	0	0	0	0	0	0	0	0	0	0	0	0	0	0.000	0.000	0	0	0	0	0	0	0	0	0	0	0
125	125	1318	830.937	685.790	624	517	116	27	18	727	451	80	25	14	300.726	430	374	353	339	326	309	293	277	253	211	112	112.291	147	124	117	114	112	110	109	108	107	105	100	0	0	0.000	0.000	0	0	0	0	0	0	0	0	0	0	0	0	0	0.000	0.000	0	0	0	0	0	0	0	0	0	0	0
126	126	2268	1399.707	694.015	476	743	712	252	49	374	718	767	286	64	117.578	141	125	123	121	120	118	116	115	112	108	99	233.793	344	308	289	271	254	235	220	204	188	152	103	0	0	0.000	0.000	0	0	0	0	0	0	0	0	0	0	0	0	0	0.000	0.000	0	0	0	0	0	0	0	0	0	0	0
127	127	1788	1098.067	690.599	308	569	663	174	38	193	498	675	312	76	565.721	857	754	707	671	635	595	553	496	425	327	136	150.955	200	176	169	164	159	154	148	140	132	122	102	0	0	0.000	0.000	0	0	0	0	0	0	0	0	0	0	0	0	0	0.000	0.000	0	0	0	0	0	0	0	0	0	0	0
128	128	2389	432.774	700.995	457	813	811	217	44	299	761	779	406	85	113.306	139	121	117	115	114	113	111	110	109	107	98	144.777	192	164	157	153	149	145	142	138	133	123	104	0	0	0.000	0.000	0	0	0	0	0	0	0	0	0	0	0	0	0	0.000	0.000	0	0	0	0	0	0	0	0	0	0	0
129	129	1382	992.833	699.639	883	418	30	20	11	1019	301	24	17	7	534.780	13348	593	199	153	143	139	136	132	127	121	105	151.251	1172	177	128	122	119	118	116	114	112	109	101	1	75	982.491	708.464	0	0	0	5807	0	0	0	298	0	0	0	1	76	983.055	706.400	0	0	0	1647	0	0	0	563	0	0	0
130	130	2232	254.396	701.365	403	805	789	172	23	244	488	924	391	152	1744.700	24157	2909	975	696	606	549	499	436	353	256	123	224.516	2287	323	159	139	130	124	120	116	112	108	100	1	201	249.129	698.797	0	0	0	12543	0	0	0	1010	0	0	0	1	184	249.243	698.953	0	0	0	13840	0	0	0	1108	0	0	0
131	131	2285	941.969	706.156	494	667	782	264	43	392	601	815	347	85	119.111	142	127	125	123	121	120	118	116	114	110	100	1418.846	2297	2045	1873	1749	1653	1552	1393	1162	907	617	207	0	0	0.000	0.000	0	0	0	0	0	0	0	0	0	0	0	0	0	0.000	0.000	0	0	0	0	0	0	0	0	0	0	0
132	132	1630	519.640	719.268	171	536	547	283	60	171	712	452	229	33	188.490	2894	190	147	141	138	135	132	129	124	119	103	129.236	384	138	133	130	127	125	123	120	118	114	102	1	49	533.456	713.258	0	0	0	1289	0	0	0	249	0	0	0	1	35	532.995	712.936	0	0	0	1771	0	0	0	273	0	0	0
133	133	1180	1163.373	711.575	234	398	424	81	13	125	330	397	273	32	278.195	395	352	335	317	301	287	271	250	225	188	125	105.310	119	109	108	107	106	105	104	104	103	102	97	0	0	0.000	0.000	0	0	0	0	0	0	0	0	0	0	0	0	0	0.000	0.000	0	0	0	0	0	0	0	0	0	0	0
134	134	2002	210.495	737.847	224	587	948	197	8	159	385	899	430	87	496.127	759	665	625	596	566	531	481	420	353	276	133	117.485	138	128	125	122	120	118	115	112	110	107	99	0	0	0.000	0.000	0	0	0	0	0	0	0	0	0	0	0	0	0	0.000	0.000	0	0	0	0	0	0	0	0	0	0	0
135	135	1765	1204.471	736.768	535	476	476	230	33	380	476	515	272	82	284.928	443	381	340	319	306	292	280	264	231	173	107	106.963	120	111	110	109	108	107	106	105	104	103	95	0	0	0.000	0.000	0	0	0	0	0	0	0	0	0	0	0	0	0	0.000	0.000	0	0	0	0	0	0	0	0	0	0	0
136	136	923	1830.149	737.202	440	310	116	25	19	490	342	47	15	12	122.449	160	141	134	128	124	121	118	114	110	106	97	193.667	342	268	243	221	203	193	183	166	136	115	101	0	0	0.000	0.000	0	0	0	0	0	0	0	0	0	0	0	0	0	0.000	0.000	0	0	0	0	0	0	0	0	0	0	0
137	137	1517	462.081	748.367	179	436	607	227	30	170	553	520	222	21	112.051	126	118	116	114	113	112	111	110	108	106	98	144.148	177	163	158	154	150	146	141	137	131	122	103	0	0	0.000	0.000	0	0	0	0	0	0	0	0	0	0	0	0	0	0.000	0.000	0	0	0	0	0	0	0	0	0	0	0
138	138	1199	122.117	744.658	217	297	382	259	29	143	267	411	262	97	108.977	124	114	112	111	110	109	108	107	106	104	99	152.150	208	183	175	168	161	153	146	139	130	119	101	0	0	0.000	0.000	0	0	0	0	0	0	0	0	0	0	0	0	0	0.000	0.000	0	0	0	0	0	0	0	0	0	0	0
139	139	1984	1428.217	749.643	377	568	737	212	42	342	677	674	202	56	116.945	135	124	122	120	119	117	116	114	112	110	101	250.286	358	317	299	285	270	255	241	227	205	170	114	0	0	0.000	0.000	0	0	0	0	0	0	0	0	0	0	0	0	0	0.000	0.000	0	0	0	0	0	0	0	0	0	0	0
140	140	1610	570.233	760.791	287	494	471	279	41	279	517	472	244	64	487.350	6184	622	523	479	443	415	375	316	246	160	110	166.209	2173	183	149	140	135	131	127	122	115	108	97	1	43	569.081	760.741	0	0	0	3094	0	0	0	1011	0	0	0	1	47	569.807	759.854	0	0	0	1940	0	0	0	981	0	0	0
141	141	835	1170.019	762.076	111	228	314	134	25	100	283	324	99	24	310.775	421	382	366	352	339	326	310	287	259	220	121	106.630	118	111	109	108	107	106	105	105	104	103	97	0	0	0.000	0.000	0	0	0	0	0	0	0	0	0	0	0	0	0	0.000	0.000	0	0	0	0	0	0	0	0	0	0	0
142	142	1747	504.582	777.031	226	714	541	199	34	99	418	775	294	112	111.146	125	116	115	113	112	111	110	109	108	106	96	121.724	146	133	129	126	124	121	119	117	115	111	101	0	0	0.000	0.000	0	0	0	0	0	0	0	0	0	0	0	0	0	0.000	0.000	0	0	0	0	0	0	0	0	0	0	0
143	143	2379	236.683	787.248	354	562	948	415	46	280	531	1005	446	82	711.351	1120	988	922	873	830	764	679	576	470	358	160	115.585	140	126	122	120	117	115	113	110	109	106	99	0	0	0.000	0.000	0	0	0	0	0	0	0	0	0	0	0	0	0	0.000	0.000	0	0	0	0	0	0	0	0	0	0	0
144	144	1638	463.349	808.516	191	497	514	362	49	138	471	573	315	109	109.438	121	114	113	111	110	109	108	108	106	105	100	118.629	137	127	124	122	121	119	117	115	113	109	101	0	0	0.000	0.000	0	0	0	0	0	0	0	0	0	0	0	0	0	0.000	0.000	0	0	0	0	0	0	0	0	0	0	0
145	145	696	1785.394	800.159	442	123	63	44	17	381	145	108	33	17	139.911	181	164	155	150	144	140	135	129	123	116	102	224.501	318	283	269	256	242	227	214	196	179	158	128	0	0	0.000	0.000	0	0	0	0	0	0	0	0	0	0	0	0	0	0.000	0.000	0	0	0	0	0	0	0	0	0	0	0
146	146	809	154.009	806.322	103	171	212	199	102	88	198	323	149	32	185.460	256	226	218	210	204	195	183	169	149	127	108	113.497	129	122	120	118	116	114	112	110	107	104	99	0	0	0.000	0.000	0	0	0	0	0	0	0	0	0	0	0	0	0	0.000	0.000	0	0	0	0	0	0	0	0	0	0	0
147	147	1519	1489.842	815.311	318	486	433	180	76	351	542	340	190	67	428.725	10491	444	183	150	143	138	134	129	124	116	103	149.047	985	159	137	133	130	127	125	122	118	112	102	1	72	1499.641	806.008	0	0	0	4648	0	0	0	486	0	0	0	1	69	1499.473	805.607	0	0	0	4745	0	0	0	508	0	0	0
148	148	958	711.216	815.738	591	212	78	47	24	471	185	148	94	46	115.617	140	125	122	120	118	116	113	111	109	106	100	231.047	349	299	281	269	256	237	222	204	180	145	105	0	0	0.000	0.000	0	0	0	0	0	0	0	0	0	0	0	0	0	0.000	0.000	0	0	0	0	0	0	0	0	0	0	0
149	149	2051	1662.777	826.018	343	858	624	171	25	183	700	670	364	95	1016.350	1598	1379	1286	1205	1119	1046	960	867	763	606	198	159.362	205	183	177	172	166	161	156	149	142	133	106	0	0	0.000	0.000	0	0	0	0	0	0	0	0	0	0	0	0	0	0.000	0.000	0	0	0	0	0	0	0	0	0	0	0
150	150	1039	667.416	830.533	476	214	161	110	62	384	259	193	138	44	116.824	138	126	123	121	120	117	115	113	110	107	100	255.451	401	337	319	307	293	268	242	219	190	143	111	0	0	0.000	0.000	0	0	0	0	0	0	0	0	0	0	0	0	0	0.000	0.000	0	0	0	0	0	0	0	0	0	0	0
151	151	1945	126.271	838.861	360	690	702	146	12	262	508	711	342	90	2470.483	27526	7876	1353	635	409	304	253	220	188	156	116	774.456	9785	2113	442	219	163	141	128	121	115	109	101	1	281	126.291	839.086	0	0	0	13449	0	0	0	3643	0	0	0	1	230	126.031	838.720	0	0	0	17811	0	0	0	4628	0	0	0
152	152	1232	1606.927	838.941	143	407	402	234	29	108	424	382	223	68	922.274	1474	1199	1091	1025	987	946	895	836	755	610	266	156.249	209	178	169	164	161	157	153	149	143	133	104	0	0	0.000	0.000	0	0	0	0	0	0	0	0	0	0	0	0	0	0.000	0.000	0	0	0	0	0	0	0	0	0	0	0
153	153	1784	182.499	846.504	376	353	573	377	71	286	474	655	277	65	559.428	4859	785	660	587	541	496	454	411	329	190	112	139.388	904	152	139	133	129	126	122	118	111	105	99	1	44	179.979	845.181	0	0	0	2682	0	0	0	310	0	0	0	1	50	179.473	842.701	0	0	0	1379	0	0	0	476	0	0	0
154	154	1057	1387.346	844.341	166	394	338	122	21	109	445	332	136	18	108.670	120	113	112	111	110	109	108	107	106	104	97	138.027	169	154	149	145	141	138	135	131	128	123	105	0	0	0.000	0.000	0	0	0	0	0	0	0	0	0	0	0	0	0	0.000	0.000	0	0	0	0	0	0	0	0	0	0	0
155	155	1025	1344.565	851.412	111	324	318	211	42	150	433	249	143	31	129.162	150	139	136	134	132	130	128	125	122	117	105	136.152	160	149	146	143	140	137	134	130	126	122	102	0	0	0.000	0.000	0	0	0	0	0	0	0	0	0	0	0	0	0	0.000	0.000	0	0	0	0	0	0	0	0	0	0	0
156	156	2490	90.785	881.778	411	688	921	348	70	387	896	832	283	35	3219.883	5230	4537	4194	3947	3648	3347	3050	2771	2383	1555	433	203.544	298	257	241	228	216	206	194	183	167	146	106	0	0	0.000	0.000	0	0	0	0	0	0	0	0	0	0	0	0	0	0.000	0.000	0	0	0	0	0	0	0	0	0	0	0
157	157	1748	1559.293	877.486	369	583	553	180	38	302	585	492	259	73	110.465	127	116	114	112	111	110	109	108	107	105	100	136.875	170	157	151	147	142	138	134	129	123	113	101	0	0	0.000	0.000	0	0	0	0	0	0	0	0	0	0	0	0	0	0.000	0.000	0	0	0	0	0	0	0	0	0	0	0
158	158	1596	1885.151	888.633	364	593	484	120	16	275	511	493	233	49	139.506	168	156	152	148	144	140	136	132	128	123	105	409.192	603	543	510	475	449	419	387	349	307	271	145	0	0	0.000	0.000	0	0	0	0	0	0	0	0	0	0	0	0	0	0.000	0.000	0	0	0	0	0	0	0	0	0	0	0
159	159	2116	725.752	893.844	393	476	702	447	37	350	537	741	352	101	256.272	9614	186	130	123	121	119	116	114	111	108	99	221.915	835	284	269	251	234	218	202	187	168	142	106	1	54	735.576	875.330	0	0	0	3794	0	0	0	340	0	0	0	1	27	733.830	876.701	0	0	0	3023	0	0	0	633	0	0	0
160	160	1629	1320.349	889.084	187	584	604	183	34	163	590	576	238	41	449.646	10453	588	231	167	146	135	130	126	122	117	105	193.841	924	213	196	189	184	178	171	163	155	145	113	1	89	1312.570	885.515	0	0	0	4315	0	0	0	474	0	0	0	1	55	1312.054	884.801	0	0	0	5698	0	0	0	613	0	0	0
161	161	1870	1430.630	892.480	216	495	669	344	105	219	689	576	273	76	117.274	135	124	122	121	119	118	116	115	112	110	97	189.671	251	224	216	209	202	196	186	175	162	147	105	0	0	0.000	0.000	0	0	0	0	0	0	0	0	0	0	0	0	0	0.000	0.000	0	0	0	0	0	0	0	0	0	0	0
162	162	1871	1378.430	893.859	190	767	716	139	27	249	1073	438	67	20	319.376	7869	322	187	163	153	147	142	137	132	126	105	156.970	829	174	158	152	147	143	138	133	127	122	107	1	65	1375.278	891.002	0	0	0	3676	0	0	0	450	0	0	0	1	57	1375.550	890.316	0	0	0	3824	0	0	0	508	0	0	0
163	163	1998	244.582	896.326	471	616	625	226	28	353	724	530	290	66	113.327	135	122	119	117	114	113	111	109	107	106	99	247.034	382	338	316	294	274	254	231	207	175	143	109	0	0	0.000	0.000	0	0	0	0	0	0	0	0	0	0	0	0	0	0.000	0.000	0	0	0	0	0	0	0	0	0	0	0
164	164	1285	1689.873	893.453	210	495	487	67	9	133	430	486	194	8	120.116	137	128	126	124	122	121	119	117	115	111	101	148.169	187	169	163	158	154	149	144	139	134	127	107	0	0	0.000	0.000	0	0	0	0	0	0	0	0	0	0	0	0	0	0.000	0.000	0	0	0	0	0	0	0	0	0	0	0
165	165	1582	783.401	898.579	158	374	583	398	43	123	300	683	306	133	110.956	124	117	115	113	112	111	110	109	107	105	95	185.437	239	217	209	203	198	191	184	176	162	141	105	0	0	0.000	0.000	0	0	0	0	0	0	0	0	0	0	0	0	0	0.000	0.000	0	0	0	0	0	0	0	0	0	0	0
166	166	1543	993.289	905.480	208	595	529	160	26	144	440	567	253	99	244.697	3025	270	238	223	211	200	188	178	166	151	119	134.629	891	146	136	132	128	124	121	118	115	112	100	1	41	990.223	912.643	0	0	0	1384	0	0	0	268	0	0	0	1	35	990.542	911.439	0	0	0	1033	0	0	0	444	0	0	0
167	167	2301	130.597	929.451	394	561	812	461	28	333	542	794	469	124	2552.299	4282	3742	3511	3269	2974	2731	2457	2103	1639	895	240	194.620	280	246	234	223	210	199	187	173	154	133	106	0	0	0.000	0.000	0	0	0	0	0	0	0	0	0	0	0	0	0	0.000	0.000	0	0	0	0	0	0	0	0	0	0	0
168	168	784	1252.730	939.827	162	231	294	69	8	108	247	207	162	39	115.096	131	123	121	118	117	115	114	112	110	107	101	154.680	208	187	180	173	167	158	149	140	128	115	102	0	0	0.000	0.000	0	0	0	0	0	0	0	0	0	0	0	0	0	0.000	0.000	0	0	0	0	0	0	0	0	0	0	0
169	169	2673	237.449	955.396	301	822	1081	351	73	283	970	1003	314	57	305.036	433	378	361	346	332	316	295	272	250	216	126	108.346	126	114	112	110	109	108	107	106	105	104	97	0	0	0.000	0.000	0	0	0	0	0	0	0	0	0	0	0	0	0	0.000	0.000	0	0	0	0	0	0	0	0	0	0	0
170	170	929	1702.229	939.621	150	348	272	128	16	120	414	251	117	13	126.297	148	137	134	132	129	127	125	122	118	113	104	141.259	176	162	155	151	147	143	138	133	128	118	105	0	0	0.000	0.000	0	0	0	0	0	0	0	0	0	0	0	0	0	0.000	0.000	0	0	0	0	0	0	0	0	0	0	0
171	171	1796	763.316	955.204	293	528	672	235	32	226	449	743	275	76	857.421	1528	1220	1074	1000	919	847	799	742	629	475	208	125.893	166	142	136	131	127	125	122	120	116	112	101	0	0	0.000	0.000	0	0	0	0	0	0	0	0	0	0	0	0	0	0.000	0.000	0	0	0	0	0	0	0	0	0	0	0
172	172	2750	1800.711	967.639	741	1028	848	87	11	558	923	793	379	46	146.253	176	160	156	153	150	148	145	142	137	129	110	393.151	581	514	487	466	447	420	380	332	293	241	125	0	0	0.000	0.000	0	0	0	0	0	0	0	0	0	0	0	0	0	0.000	0.000	0	0	0	0	0	0	0	0	0	0	0
173	173	2179	177.529	967.346	259	580	872	403	27	223	626	861	354	67	2881.445	4478	3965	3748	3534	3346	3092	2801	2526	2023	1324	354	203.892	278	248	238	229	220	210	201	188	168	145	108	0	0	0.000	0.000	0	0	0	0	0	0	0	0	0	0	0	0	0	0.000	0.000	0	0	0	0	0	0	0	0	0	0	0
174	174	1638	1458.117	980.444	246	644	544	157	21	182	685	501	214	25	392.479	648	531	478	447	415	386	363	338	312	268	131	107.143	125	113	110	109	107	106	106	105	104	103	96	0	0	0.000	0.000	0	0	0	0	0	0	0	0	0	0	0	0	0	0.000	0.000	0	0	0	0	0	0	0	0	0	0	0
175	175	1984	802.676	995.383	330	402	806	401	15	358	606	679	228	72	915.199	1471	1298	1221	1152	1082	987	875	742	604	394	136	132.777	171	152	147	142	137	132	128	123	119	113	102	0	0	0.000	0.000	0	0	0	0	0	0	0	0	0	0	0	0	0	0.000	0.000	0	0	0	0	0	0	0	0	0	0	0
176	176	2545	1628.148	1003.070	1562	754	139	38	11	1394	823	183	81	22	119.721	313	129	120	117	115	114	112	110	109	107	100	126.875	189	158	148	139	131	125	116	109	106	103	97	0	0	0.000	0.000	0	0	0	0	0	0	0	0	0	0	0	0	0	0.000	0.000	0	0	0	0	0	0	0	0	0	0	0
177	177	1820	1714.371	1004.766	451	829	422	82	13	298	711	527	233	27	749.972	1327	1051	967	904	849	774	677	617	545	391	158	126.695	156	141	137	133	129	126	123	121	117	113	103	0	0	0.000	0.000	0	0	0	0	0	0	0	0	0	0	0	0	0	0.000	0.000	0	0	0	0	0	0	0	0	0	0	0
178	178	2589	257.009	1022.661	335	486	1047	581	84	253	540	1142	439	156	753.510	16170	778	368	326	308	293	279	261	235	203	116	134.994	958	140	117	114	112	110	109	108	106	105	98	1	136	243.540	1027.475	0	0	0	7105	0	0	0	494	0	0	0	1	140	243.858	1027.145	0	0	0	6779	0	0	0	490	0	0	0
179	179	1094	193.223	1020.436	460	243	266	78	31	369	190	251	209	56	114.542	137	123	120	117	115	113	112	111	109	107	102	237.878	422	359	310	279	263	249	228	191	140	116	99	0	0	0.000	0.000	0	0	0	0	0	0	0	0	0	0	0	0	0	0.000	0.000	0	0	0	0	0	0	0	0	0	0	0
180	180	2022	1755.842	1037.322	583	876	494	28	8	460	795	522	197	11	901.235	1483	1263	1177	1091	1005	928	859	784	653	438	154	133.088	172	150	146	142	138	134	130	126	120	113	102	0	0	0.000	0.000	0	0	0	0	0	0	0	0	0	0	0	0	0	0.000	0.000	0	0	0	0	0	0	0	0	0	0	0
181	181	1345	1613.552	1047.311	206	457	415	204	48	307	567	326	127	9	870.538	15313	1255	453	364	339	311	292	269	241	208	147	165.029	1456	214	135	125	121	117	115	113	111	108	100	1	86	1620.654	1055.906	0	0	0	6644	0	0	0	633	0	0	0	1	82	1620.626	1054.882	0	0	0	5374	0	0	0	681	0	0	0
182	182	2241	820.176	1065.812	1451	418	240	78	32	1493	395	213	82	27	572.225	10051	923	294	192	160	147	141	135	128	120	103	1282.741	18493	2102	796	637	587	541	489	438	368	275	126	1	159	818.583	1069.103	0	0	0	4584	0	0	0	9206	0	0	0	1	164	819.300	1068.768	0	0	0	4005	0	0	0	8863	0	0	0
183	183	1854	143.793	1069.463	329	485	687	280	51	346	748	516	199	14	847.162	18908	1270	328	179	142	135	130	127	122	116	103	242.112	2256	297	205	194	184	174	164	155	145	129	104	1	119	141.075	1079.732	0	0	0	8298	0	0	0	1073	0	0	0	1	110	140.825	1079.318	0	0	0	8840	0	0	0	1163	0	0	0
184	184	2183	1351.509	1071.041	204	594	897	403	42	202	710	776	360	86	1077.022	22051	1324	468	339	304	274	250	230	211	181	118	139.890	1008	156	119	113	111	109	108	107	106	104	98	1	137	1348.231	1063.327	0	0	0	9888	0	0	0	491	0	0	0	1	118	1348.039	1063.214	0	0	0	11952	0	0	0	545	0	0	0
185	185	1699	306.441	1070.832	168	462	611	352	73	163	538	679	233	57	109.111	122	114	112	111	110	109	108	107	106	105	99	131.470	155	143	140	137	135	133	130	127	124	118	101	0	0	0.000	0.000	0	0	0	0	0	0	0	0	0	0	0	0	0	0.000	0.000	0	0	0	0	0	0	0	0	0	0	0
186	186	2764	1242.173	1084.157	1561	742	292	102	26	1756	671	252	34	14	168.173	253	210	194	181	172	165	157	149	142	134	108	120.800	155	138	133	128	123	119	115	112	109	106	95	0	0	0.000	0.000	0	0	0	0	0	0	0	0	0	0	0	0	0	0.000	0.000	0	0	0	0	0	0	0	0	0	0	0
187	187	1242	260.569	1080.665	139	381	466	209	24	119	473	427	171	24	108.509	119	112	111	110	109	108	108	107	106	105	98	125.279	152	138	134	131	128	125	122	120	117	113	99	0	0	0.000	0.000	0	0	0	0	0	0	0	0	0	0	0	0	0	0.000	0.000	0	0	0	0	0	0	0	0	0	0	0
188	188	1655	1685.192	1110.744	477	653	384	90	30	324	626	399	227	46	401.602	3413	490	445	423	409	392	371	340	296	228	135	122.097	309	133	128	125	122	120	118	115	112	109	99	1	24	1677.341	1120.192	0	0	0	1616	0	0	0	209	0	0	0	1	28	1678.186	1118.877	0	0	0	895	0	0	0	228	0	0	0
189	189	1115	807.646	1112.717	554	211	178	118	40	469	278	252	88	14	146.495	615	161	155	151	148	145	141	135	127	116	102	632.517	1467	869	835	799	748	697	625	528	402	260	139	1	17	794.085	1119.643	0	0	0	383	0	0	0	844	0	0	0	0	0	0.000	0.000	0	0	0	0	0	0	0	0	0	0	0
190	190	2041	276.790	1126.744	369	549	677	349	66	359	564	652	333	103	113.186	129	119	117	116	114	113	112	111	109	107	98	156.263	219	190	179	172	166	159	152	145	131	113	98	0	0	0.000	0.000	0	0	0	0	0	0	0	0	0	0	0	0	0	0.000	0.000	0	0	0	0	0	0	0	0	0	0	0
191	191	2456	1357.239	1137.842	466	793	864	257	20	347	709	842	397	111	244.058	368	320	290	269	254	242	233	220	203	172	114	108.640	127	114	112	111	109	108	107	106	105	104	98	0	0	0.000	0.000	0	0	0	0	0	0	0	0	0	0	0	0	0	0.000	0.000	0	0	0	0	0	0	0	0	0	0	0
192	192	1403	987.368	1151.833	206	362	480	244	82	230	405	491	215	44	367.190	561	495	461	434	404	371	337	308	280	241	118	107.516	127	115	111	109	108	107	105	105	103	102	97	0	0	0.000	0.000	0	0	0	0	0	0	0	0	0	0	0	0	0	0.000	0.000	0	0	0	0	0	0	0	0	0	0	0
193	193	1473	1191.257	1159.103	373	530	387	130	26	261	556	370	195	66	961.393	11911	1182	876	809	746	677	624	567	489	349	141	137.874	825	151	129	126	123	120	117	114	111	107	100	1	66	1181.009	1148.986	0	0	0	5728	0	0	0	427	0	0	0	1	63	1181.092	1148.869	0	0	0	6068	0	0	0	435	0	0	0
194	194	1377	1773.721	1172.473	244	595	414	84	17	160	552	439	176	28	749.874	8134	867	800	754	706	655	601	537	459	364	136	132.171	653	137	129	127	125	123	120	118	116	112	102	1	41	1787.092	1167.508	0	0	0	4461	0	0	0	354	0	0	0	1	43	1786.725	1166.976	0	0	0	3200	0	0	0	348	0	0	0
195	195	1221	223.952	1172.348	163	341	458	211	26	158	342	449	208	44	394.009	594	527	503	483	455	417	374	332	289	211	119	104.118	114	107	106	105	105	104	103	103	102	101	97	0	0	0.000	0.000	0	0	0	0	0	0	0	0	0	0	0	0	0	0.000	0.000	0	0	0	0	0	0	0	0	0	0	0
196	196	2693	275.338	1191.972	431	796	1002	356	57	341	917	907	389	73	410.309	679	567	523	494	465	431	384	344	294	212	121	105.041	116	109	107	106	106	105	104	103	103	102	96	0	0	0.000	0.000	0	0	0	0	0	0	0	0	0	0	0	0	0	0.000	0.000	0	0	0	0	0	0	0	0	0	0	0
197	197	1656	693.239	1202.591	266	547	637	166	24	209	545	527	258	79	138.344	480	158	149	144	139	135	132	128	124	117	101	237.537	360	313	290	268	250	233	219	202	188	171	129	1	18	694.777	1205.597	0	0	0	298	0	0	0	312	0	0	0	0	0	0.000	0.000	0	0	0	0	0	0	0	0	0	0	0
198	198	1822	1335.131	1207.704	369	773	570	66	12	233	546	591	362	65	760.753	1276	1033	936	874	823	780	739	682	592	422	174	126.807	149	138	135	132	130	128	125	122	118	113	102	0	0	0.000	0.000	0	0	0	0	0	0	0	0	0	0	0	0	0	0.000	0.000	0	0	0	0	0	0	0	0	0	0	0
199	199	2002	1126.715	1215.955	262	709	666	280	46	249	649	570	321	169	111.724	129	117	116	114	113	112	111	109	108	106	100	106.030	122	111	109	107	106	105	105	104	103	102	96	0	0	0.000	0.000	0	0	0	0	0	0	0	0	0	0	0	0	0	0.000	0.000	0	0	0	0	0	0	0	0	0	0	0
200	200	1862	1764.758	1220.157	449	835	455	64	21	310	600	636	224	54	2582.777	25438	6381	1828	1156	893	754	650	554	476	337	138	493.966	5827	1090	326	204	168	149	139	130	124	117	105	1	252	1765.019	1218.875	0	0	0	11936	0	0	0	2104	0	0	0	1	199	1765.314	1219.226	0	0	0	16518	0	0	0	2779	0	0	0
201	201	1282	1178.994	1220.741	210	462	415	147	27	88	312	484	260	107	112.197	125	118	116	114	114	112	111	110	109	106	99	104.526	114	108	107	106	105	104	104	103	102	102	94	0	0	0.000	0.000	0	0	0	0	0	0	0	0	0	0	0	0	0	0.000	0.000	0	0	0	0	0	0	0	0	0	0	0
202	202	1643	302.175	1244.469	255	477	517	302	58	197	506	533	290	82	733.397	1232	1093	968	854	768	707	663	611	542	416	147	105.887	118	110	108	107	106	105	105	104	103	102	95	0	0	0.000	0.000	0	0	0	0	0	0	0	0	0	0	0	0	0	0.000	0.000	0	0	0	0	0	0	0	0	0	0	0
203	203	1533	85.133	1245.275	289	446	575	175	17	233	388	594	233	54	586.502	13550	755	281	192	162	151	146	140	134	126	106	151.317	1290	176	127	121	118	115	113	112	110	107	97	1	82	92.554	1246.367	0	0	0	6085	0	0	0	606	0	0	0	1	79	92.471	1246.435	0	0	0	6151	0	0	0	616	0	0	0
204	204	1942	1835.604	1274.588	341	819	633	96	23	180	693	619	366	40	405.314	701	585	507	457	415	387	362	337	313	258	142	107.970	124	113	111	110	109	108	107	106	105	104	96	0	0	0.000	0.000	0	0	0	0	0	0	0	0	0	0	0	0	0	0.000	0.000	0	0	0	0	0	0	0	0	0	0	0
205	205	1721	492.071	1281.083	367	550	482	253	33	315	488	558	243	84	362.082	579	474	448	423	401	376	350	327	291	207	115	107.248	127	112	110	109	108	107	106	105	104	103	98	0	0	0.000	0.000	0	0	0	0	0	0	0	0	0	0	0	0	0	0.000	0.000	0	0	0	0	0	0	0	0	0	0	0
206	206	1689	872.569	1279.310	263	436	549	349	55	214	446	539	380	68	128.339	155	141	137	134	131	129	126	123	120	115	104	177.009	248	212	203	196	188	179	171	160	149	137	111	0	0	0.000	0.000	0	0	0	0	0	0	0	0	0	0	0	0	0	0.000	0.000	0	0	0	0	0	0	0	0	0	0	0
207	207	1876	1155.052	1284.142	270	607	670	250	48	274	653	608	261	43	345.467	628	483	430	391	352	326	306	288	267	237	135	130.265	161	146	140	137	132	129	127	124	120	116	103	0	0	0.000	0.000	0	0	0	0	0	0	0	0	0	0	0	0	0	0.000	0.000	0	0	0	0	0	0	0	0	0	0	0
208	208	1141	1206.871	1282.616	277	353	330	147	17	171	317	302	224	102	336.087	529	448	408	379	361	339	316	290	265	227	137	127.971	156	141	137	134	131	128	125	122	119	115	103	0	0	0.000	0.000	0	0	0	0	0	0	0	0	0	0	0	0	0	0.000	0.000	0	0	0	0	0	0	0	0	0	0	0
209	209	1364	1300.564	1296.441	717	271	196	135	31	707	310	192	104	38	1463.894	14732	4888	1177	589	405	344	308	278	244	196	117	1362.907	14745	4556	1081	484	286	218	190	173	158	144	112	1	195	1299.322	1297.630	0	0	0	7140	0	0	0	7062	0	0	0	1	196	1299.765	1297.563	0	0	0	7140	0	0	0	7062	0	0	0
210	210	2130	922.025	1310.326	343	757	713	242	35	248	802	618	318	102	310.400	9024	289	164	146	139	134	130	127	122	116	100	198.565	922	234	217	205	196	189	181	172	164	147	108	1	74	921.265	1300.075	0	0	0	3706	0	0	0	468	0	0	0	1	46	921.139	1299.419	0	0	0	5169	0	0	0	622	0	0	0
211	211	1966	450.129	1319.858	504	620	475	253	75	441	726	471	260	43	310.604	468	418	392	363	332	310	293	273	242	196	117	106.065	120	111	109	107	106	106	105	104	103	102	96	0	0	0.000	0.000	0	0	0	0	0	0	0	0	0	0	0	0	0	0.000	0.000	0	0	0	0	0	0	0	0	0	0	0
212	212	1070	729.597	1316.353	114	377	374	171	10	54	319	442	160	72	319.713	407	367	354	345	337	327	318	306	289	263	146	130.022	150	139	136	134	132	131	129	127	124	120	108	0	0	0.000	0.000	0	0	0	0	0	0	0	0	0	0	0	0	0	0.000	0.000	0	0	0	0	0	0	0	0	0	0	0
213	213	1432	670.937	1332.235	192	384	469	307	50	74	318	581	295	132	129.352	869	135	130	127	125	124	121	119	117	113	104	175.235	230	202	193	187	181	177	172	167	158	146	113	1	30	664.558	1344.413	0	0	0	342	0	0	0	176	0	0	0	0	0	0.000	0.000	0	0	0	0	0	0	0	0	0	0	0
214	214	1155	1288.386	1332.683	166	308	405	229	32	146	350	413	188	34	146.785	177	162	158	155	152	149	146	142	135	126	108	121.967	144	133	129	127	124	122	120	118	115	111	101	0	0	0.000	0.000	0	0	0	0	0	0	0	0	0	0	0	0	0	0.000	0.000	0	0	0	0	0	0	0	0	0	0	0
215	215	2049	1072.020	1339.733	758	624	456	167	9	576	694	474	207	63	118.992	141	130	127	124	122	120	117	114	111	107	97	300.095	493	412	382	361	340	315	285	249	208	160	108	0	0	0.000	0.000	0	0	0	0	0	0	0	0	0	0	0	0	0	0.000	0.000	0	0	0	0	0	0	0	0	0	0	0
216	216	1085	753.666	1351.913	127	381	345	175	36	54	412	361	196	40	129.345	158	140	137	134	133	130	128	125	122	117	105	206.416	269	243	234	227	219	211	203	194	180	160	122	0	0	0.000	0.000	0	0	0	0	0	0	0	0	0	0	0	0	0	0.000	0.000	0	0	0	0	0	0	0	0	0	0	0
217	217	1039	705.738	1359.662	271	417	228	79	23	247	401	286	75	18	119.403	149	131	125	123	121	118	117	114	112	109	101	650.106	1019	889	836	789	735	686	620	545	465	350	155	0	0	0.000	0.000	0	0	0	0	0	0	0	0	0	0	0	0	0	0.000	0.000	0	0	0	0	0	0	0	0	0	0	0
218	218	1731	1580.522	1369.213	202	448	592	383	78	231	542	564	324	32	108.849	123	114	112	111	110	109	108	107	106	104	99	230.352	328	283	272	258	245	234	224	210	193	167	114	0	0	0.000	0.000	0	0	0	0	0	0	0	0	0	0	0	0	0	0.000	0.000	0	0	0	0	0	0	0	0	0	0	0
219	219	1436	1628.657	1388.383	326	507	456	112	10	280	547	407	172	10	109.552	132	114	113	111	110	109	108	107	106	105	99	219.104	315	280	264	251	238	224	213	199	174	142	107	0	0	0.000	0.000	0	0	0	0	0	0	0	0	0	0	0	0	0	0.000	0.000	0	0	0	0	0	0	0	0	0	0	0
220	220	1955	702.653	1409.316	254	684	629	267	86	180	719	629	282	99	1488.169	22205	2991	690	360	259	210	185	171	162	148	109	175.657	1286	241	140	126	121	117	114	112	110	108	101	1	200	706.801	1406.970	0	0	0	10934	0	0	0	586	0	0	0	1	176	706.975	1407.118	0	0	0	12712	0	0	0	667	0	0	0
221	221	1750	757.474	1424.271	291	597	568	227	33	238	626	561	230	50	163.853	216	188	183	178	174	169	163	155	144	130	103	115.098	136	124	120	118	116	114	113	111	109	107	101	0	0	0.000	0.000	0	0	0	0	0	0	0	0	0	0	0	0	0	0.000	0.000	0	0	0	0	0	0	0	0	0	0	0
222	222	1737	648.632	1435.393	322	766	490	98	24	212	724	516	198	44	672.923	985	881	811	764	719	680	645	613	560	443	208	107.617	120	112	110	109	108	107	106	106	105	103	97	0	0	0.000	0.000	0	0	0	0	0	0	0	0	0	0	0	0	0	0.000	0.000	0	0	0	0	0	0	0	0	0	0	0
223	223	1897	280.405	1439.478	353	809	540	153	24	301	862	447	223	35	1066.100	11529	1405	944	854	792	747	690	611	509	399	224	163.215	1181	202	141	133	130	126	123	120	116	112	101	1	102	289.828	1444.402	0	0	0	6266	0	0	0	669	0	0	0	1	114	289.663	1444.168	0	0	0	5581	0	0	0	602	0	0	0
224	224	1369	1367.752	1436.088	349	511	362	112	18	289	582	307	132	25	459.383	11635	549	189	154	144	137	132	127	122	115	101	272.742	3823	314	218	200	184	170	161	153	146	134	109	1	59	1358.718	1433.816	0	0	0	5618	0	0	0	1882	0	0	0	1	62	1358.763	1433.415	0	0	0	5159	0	0	0	1854	0	0	0
225	225	1225	1563.650	1441.291	182	482	426	97	11	107	365	467	220	46	304.159	444	377	352	337	323	310	296	279	256	217	133	115.592	137	124	121	118	116	115	113	112	110	108	99	0	0	0.000	0.000	0	0	0	0	0	0	0	0	0	0	0	0	0	0.000	0.000	0	0	0	0	0	0	0	0	0	0	0
226	226	1997	1520.132	1457.481	348	855	653	98	14	215	631	662	349	96	994.278	17502	1313	499	388	341	306	283	264	243	208	116	177.097	1906	204	135	125	122	119	116	114	111	108	99	1	138	1530.824	1464.139	0	0	0	8393	0	0	0	729	0	0	0	1	110	1530.256	1463.728	0	0	0	9958	0	0	0	950	0	0	0
227	227	1858	540.112	1467.590	265	464	685	305	102	270	745	644	142	12	111.516	142	117	115	114	112	111	110	109	108	106	98	159.424	195	179	173	169	166	162	158	154	146	134	107	0	0	0.000	0.000	0	0	0	0	0	0	0	0	0	0	0	0	0	0.000	0.000	0	0	0	0	0	0	0	0	0	0	0
228	228	1424	1604.840	1460.762	490	609	252	25	18	355	606	348	69	18	129.291	152	140	137	134	132	130	128	125	122	116	104	107.532	121	113	111	109	108	107	106	105	104	103	98	0	0	0.000	0.000	0	0	0	0	0	0	0	0	0	0	0	0	0	0.000	0.000	0	0	0	0	0	0	0	0	0	0	0
229	229	1677	237.555	1472.789	278	659	542	149	18	195	487	594	329	42	859.003	1427	1219	1137	1066	980	906	838	728	579	394	134	129.623	160	146	142	138	135	131	127	122	117	111	100	0	0	0.000	0.000	0	0	0	0	0	0	0	0	0	0	0	0	0	0.000	0.000	0	0	0	0	0	0	0	0	0	0	0
230	230	631	1354.042	1471.558	213	130	163	97	21	196	158	151	96	16	119.496	137	130	127	125	122	120	117	115	112	108	101	153.778	207	179	173	168	162	156	149	143	133	122	107	0	0	0.000	0.000	0	0	0	0	0	0	0	0	0	0	0	0	0	0.000	0.000	0	0	0	0	0	0	0	0	0	0	0
231	231	1080	663.348	1492.323	126	387	308	197	41	133	413	331	143	47	129.184	154	142	138	135	133	130	127	124	120	115	101	144.936	180	165	161	156	151	146	142	136	129	122	102	0	0	0.000	0.000	0	0	0	0	0	0	0	0	0	0	0	0	0	0.000	0.000	0	0	0	0	0	0	0	0	0	0	0
232	232	899	1204.307	1491.668	304	262	206	87	31	264	401	153	57	12	112.927	129	121	118	117	115	113	111	109	107	105	98	257.180	366	328	310	295	286	272	257	236	201	155	112	0	0	0.000	0.000	0	0	0	0	0	0	0	0	0	0	0	0	0	0.000	0.000	0	0	0	0	0	0	0	0	0	0	0
233	233	523	894.751	1492.295	130	136	162	63	21	101	150	124	104	31	247.663	1123	300	270	259	252	244	235	220	183	141	115	117.184	217	128	124	120	118	115	114	112	109	107	102	1	14	882.836	1491.008	0	0	0	764	0	0	0	146	0	0	0	0	0	0.000	0.000	0	0	0	0	0	0	0	0	0	0	0
234	234	1164	1625.379	1510.706	438	432	189	77	8	277	479	245	110	23	961.282	1509	1352	1264	1163	1059	963	878	789	700	561	161	159.705	201	183	177	172	165	161	156	151	143	133	109	0	0	0.000	0.000	0	0	0	0	0	0	0	0	0	0	0	0	0	0.000	0.000	0	0	0	0	0	0	0	0	0	0	0
235	235	1620	616.276	1530.924	313	550	550	159	21	277	391	483	355	85	152.494	2039	158	137	132	129	126	124	121	118	114	101	133.572	240	153	145	139	135	132	128	125	121	116	103	1	36	620.952	1536.039	0	0	0	886	0	0	0	172	0	0	0	0	0	0.000	0.000	0	0	0	0	0	0	0	0	0	0	0
236	236	1355	1409.924	1530.712	141	337	429	329	91	109	362	443	337	80	126.767	151	136	134	132	129	128	125	123	120	116	103	146.725	189	168	163	158	153	148	143	137	131	121	102	0	0	0.000	0.000	0	0	0	0	0	0	0	0	0	0	0	0	0	0.000	0.000	0	0	0	0	0	0	0	0	0	0	0
237	237	2208	679.480	1542.620	548	858	661	91	10	324	585	674	492	85	877.436	18157	1131	335	204	162	146	138	132	126	121	102	346.096	5937	428	203	168	154	145	139	133	127	121	107	1	142	681.258	1544.886	0	0	0	9449	0	0	0	2498	0	0	0	1	136	681.717	1544.635	0	0	0	9531	0	0	0	2708	0	0	0
238	238	1998	485.325	1563.911	315	653	676	299	16	161	602	820	302	70	201.178	4547	181	143	136	132	129	126	122	117	112	101	131.061	516	139	134	131	129	127	124	120	116	111	100	1	56	491.552	1549.125	0	0	0	1931	0	0	0	296	0	0	0	1	41	491.835	1548.444	0	0	0	2042	0	0	0	322	0	0	0
239	239	1749	1443.362	1574.829	211	661	654	170	26	153	633	636	216	75	752.913	15131	991	417	329	294	271	253	237	223	198	115	167.676	1642	194	134	128	125	123	120	117	114	111	101	1	95	1447.921	1583.216	0	0	0	6586	0	0	0	737	0	0	0	1	85	1447.442	1583.049	0	0	0	7658	0	0	0	794	0	0	0
240	240	1757	572.987	1581.525	420	513	439	274	83	415	733	405	148	36	117.442	163	127	122	120	118	116	115	113	111	108	99	237.027	322	288	278	268	258	246	233	217	195	167	118	0	0	0.000	0.000	0	0	0	0	0	0	0	0	0	0	0	0	0	0.000	0.000	0	0	0	0	0	0	0	0	0	0	0
241	241	2121	592.276	1625.512	523	870	578	93	18	363	844	544	293	42	2771.864	27329	9945	1674	576	314	222	184	165	150	135	104	576.397	5877	1557	364	217	181	167	159	149	140	128	106	1	373	589.044	1623.534	0	0	0	13027	0	0	0	1953	0	0	0	1	287	589.443	1623.408	0	0	0	19475	0	0	0	2788	0	0	0
242	242	758	426.623	1623.774	86	175	233	180	66	50	161	311	139	81	118.516	136	127	125	123	121	119	117	115	113	109	96	147.467	190	170	165	159	155	151	146	140	131	116	103	0	0	0.000	0.000	0	0	0	0	0	0	0	0	0	0	0	0	0	0.000	0.000	0	0	0	0	0	0	0	0	0	0	0
243	243	1847	1179.876	1641.166	501	765	405	112	30	399	687	452	227	55	118.176	792	119	116	114	113	112	111	110	108	106	100	149.743	194	171	164	159	153	149	145	141	136	129	108	1	26	1168.123	1621.841	0	0	0	402	0	0	0	141	0	0	0	0	0	0.000	0.000	0	0	0	0	0	0	0	0	0	0	0
244	244	1070	262.495	1645.979	210	494	276	55	13	106	475	315	140	18	141.934	179	162	156	151	146	142	138	134	129	122	105	107.537	126	113	111	109	108	107	106	105	104	103	98	0	0	0.000	0.000	0	0	0	0	0	0	0	0	0	0	0	0	0	0.000	0.000	0	0	0	0	0	0	0	0	0	0	0
245	245	1331	147.778	1654.594	284	382	431	187	30	175	344	433	294	56	616.338	1039	882	806	740	677	613	550	495	440	355	153	162.974	226	200	188	179	170	162	155	147	139	127	97	0	0	0.000	0.000	0	0	0	0	0	0	0	0	0	0	0	0	0	0.000	0.000	0	0	0	0	0	0	0	0	0	0	0
246	246	693	301.474	1651.640	243	280	110	31	20	251	301	89	25	17	121.134	154	136	131	129	125	121	118	114	110	106	98	185.095	333	240	223	210	198	183	170	158	147	127	103	0	0	0.000	0.000	0	0	0	0	0	0	0	0	0	0	0	0	0	0.000	0.000	0	0	0	0	0	0	0	0	0	0	0
247	247	1961	547.196	1661.026	369	793	602	146	21	168	490	732	392	145	146.665	178	163	158	155	152	149	145	141	135	127	106	147.419	201	170	164	159	153	148	143	138	131	123	106	0	0	0.000	0.000	0	0	0	0	0	0	0	0	0	0	0	0	0	0.000	0.000	0	0	0	0	0	0	0	0	0	0	0
248	248	1403	1552.665	1674.237	326	598	375	58	13	189	486	519	162	22	1790.972	2828	2481	2323	2167	2032	1856	1653	1477	1279	995	336	166.544	229	200	191	183	174	167	160	153	144	130	108	0	0	0.000	0.000	0	0	0	0	0	0	0	0	0	0	0	0	0	0.000	0.000	0	0	0	0	0	0	0	0	0	0	0
249	249	1484	245.595	1690.364	191	479	492	260	42	119	447	508	305	73	146.798	195	168	161	156	152	148	144	139	132	123	104	107.987	130	115	111	109	108	107	106	105	104	103	99	0	0	0.000	0.000	0	0	0	0	0	0	0	0	0	0	0	0	0	0.000	0.000	0	0	0	0	0	0	0	0	0	0	0
250	250	1088	327.945	1683.075	259	484	278	34	18	152	453	288	150	28	122.046	141	131	128	126	125	123	121	118	116	112	102	133.604	161	148	144	141	138	135	132	128	123	116	104	0	0	0.000	0.000	0	0	0	0	0	0	0	0	0	0	0	0	0	0.000	0.000	0	0	0	0	0	0	0	0	0	0	0
251	251	2035	1601.546	1695.812	319	610	645	368	57	172	586	677	452	103	697.058	16290	823	278	182	156	150	145	140	135	128	111	231.926	2015	265	206	196	189	183	177	170	160	144	110	1	116	1607.059	1704.378	0	0	0	7570	0	0	0	855	0	0	0	1	95	1607.545	1704.244	0	0	0	8680	0	0	0	1036	0	0	0
252	252	718	1173.696	1686.697	291	253	123	33	8	179	303	141	62	16	111.577	124	117	115	114	113	112	111	109	108	107	100	144.953	179	162	157	154	152	149	146	140	131	121	106	0	0	0.000	0.000	0	0	0	0	0	0	0	0	0	0	0	0	0	0.000	0.000	0	0	0	0	0	0	0	0	0	0	0
253	253	3320	1035.210	1723.372	801	1128	1054	254	30	555	1150	1126	388	35	219.943	9093	184	139	131	127	124	121	119	115	111	97	287.755	5876	336	291	259	238	224	210	196	184	166	108	1	54	1030.997	1729.447	0	0	0	3866	0	0	0	2576	0	0	0	1	52	1031.338	1729.058	0	0	0	4116	0	0	0	2681	0	0	0
254	254	1075	855.427	1726.914	225	484	285	49	12	105	365	372	181	31	128.985	152	142	140	137	135	132	128	123	117	110	102	182.940	255	229	221	213	202	189	176	162	141	121	102	0	0	0.000	0.000	0	0	0	0	0	0	0	0	0	0	0	0	0	0.000	0.000	0	0	0	0	0	0	0	0	0	0	0
255	255	1257	108.782	1739.903	184	341	342	300	62	113	371	408	268	82	483.086	748	638	599	563	525	491	459	431	385	299	153	119.638	146	132	128	125	122	120	117	115	111	107	97	0	0	0.000	0.000	0	0	0	0	0	0	0	0	0	0	0	0	0	0.000	0.000	0	0	0	0	0	0	0	0	0	0	0
256	256	1992	1582.979	1748.363	446	623	649	215	14	360	541	655	329	75	129.055	157	141	138	135	133	131	129	125	119	113	101	170.855	247	210	197	189	180	173	167	159	144	121	101	0	0	0.000	0.000	0	0	0	0	0	0	0	0	0	0	0	0	0	0.000	0.000	0	0	0	0	0	0	0	0	0	0	0
257	257	2081	1898.747	1749.621	481	813	555	180	22	276	774	632	295	62	1500.141	22918	2869	630	331	240	202	184	169	158	144	114	215.704	2122	335	153	127	118	115	113	111	109	106	101	1	196	1898.278	1743.655	0	0	0	11432	0	0	0	962	0	0	0	1	190	1898.269	1743.589	0	0	0	12015	0	0	0	994	0	0	0
258	258	1772	1416.033	1768.732	506	572	436	196	32	524	577	399	198	34	127.029	156	138	135	132	129	127	124	122	119	116	107	273.138	434	375	350	328	309	290	266	230	187	141	106	0	0	0.000	0.000	0	0	0	0	0	0	0	0	0	0	0	0	0	0.000	0.000	0	0	0	0	0	0	0	0	0	0	0
259	259	1534	816.808	1777.756	152	555	560	208	29	101	432	559	332	79	681.656	1073	910	837	788	735	675	622	585	544	467	214	137.319	168	151	145	142	140	137	135	133	130	125	106	0	0	0.000	0.000	0	0	0	0	0	0	0	0	0	0	0	0	0	0.000	0.000	0	0	0	0	0	0	0	0	0	0	0
260	260	2354	557.548	1801.908	589	618	676	376	61	513	660	726	320	91	112.947	128	119	117	116	114	113	112	110	108	106	97	360.411	573	489	457	434	411	379	340	298	255	207	113	0	0	0.000	0.000	0	0	0	0	0	0	0	0	0	0	0	0	0	0.000	0.000	0	0	0	0	0	0	0	0	0	0	0
261	261	742	1903.388	1801.125	76	289	271	81	13	47	244	293	120	24	146.178	178	163	159	155	152	149	145	140	134	124	110	111.194	124	117	115	114	112	111	110	109	107	106	101	0	0	0.000	0.000	0	0	0	0	0	0	0	0	0	0	0	0	0	0.000	0.000	0	0	0	0	0	0	0	0	0	0	0
262	262	689	892.835	1803.284	181	231	196	55	18	171	296	151	54	7	516.495	812	663	620	594	575	553	514	474	422	294	166	126.505	154	140	137	134	131	129	126	121	115	108	100	0	0	0.000	0.000	0	0	0	0	0	0	0	0	0	0	0	0	0	0.000	0.000	0	0	0	0	0	0	0	0	0	0	0
263	263	1370	608.657	1813.835	377	341	332	249	44	344	471	287	197	42	110.982	126	117	115	113	112	111	110	109	107	106	99	221.114	312	271	256	245	236	229	222	208	186	152	113	0	0	0.000	0.000	0	0	0	0	0	0	0	0	0	0	0	0	0	0.000	0.000	0	0	0	0	0	0	0	0	0	0	0
264	264	1963	847.083	1816.137	321	674	518	343	77	308	750	504	314	36	674.630	1082	916	859	806	750	691	631	567	500	420	149	134.132	172	152	147	142	137	134	130	127	122	116	103	0	0	0.000	0.000	0	0	0	0	0	0	0	0	0	0	0	0	0	0.000	0.000	0	0	0	0	0	0	0	0	0	0	0
265	265	1861	1374.740	1824.232	427	835	461	96	13	252	807	578	168	23	2629.310	4479	3901	3473	3163	2867	2593	2331	2116	1846	1484	388	112.381	133	119	117	115	113	112	111	109	108	106	100	0	0	0.000	0.000	0	0	0	0	0	0	0	0	0	0	0	0	0	0.000	0.000	0	0	0	0	0	0	0	0	0	0	0
266	266	2062	978.098	1837.453	489	758	404	330	52	430	807	385	307	101	755.051	1288	1116	1041	958	868	772	677	570	462	367	169	105.980	121	110	108	107	106	106	105	104	103	102	97	0	0	0.000	0.000	0	0	0	0	0	0	0	0	0	0	0	0	0	0.000	0.000	0	0	0	0	0	0	0	0	0	0	0
267	267	2107	321.457	1848.949	440	781	672	158	25	324	686	649	358	50	377.068	560	499	474	450	429	393	357	317	277	226	140	104.871	120	110	107	106	105	104	104	103	102	101	93	0	0	0.000	0.000	0	0	0	0	0	0	0	0	0	0	0	0	0	0.000	0.000	0	0	0	0	0	0	0	0	0	0	0
268	268	1980	1594.282	1848.677	471	837	526	95	11	230	791	576	294	60	736.697	1162	1037	967	888	802	721	644	576	534	482	221	109.011	126	115	112	111	110	108	107	107	106	104	98	0	0	0.000	0.000	0	0	0	0	0	0	0	0	0	0	0	0	0	0.000	0.000	0	0	0	0	0	0	0	0	0	0	0
269	269	1523	201.839	1852.455	483	720	249	29	12	211	660	462	154	17	153.548	1120	165	155	150	147	144	141	137	132	123	102	133.323	213	148	143	140	137	133	130	127	122	117	104	1	21	185.206	1850.512	0	0	0	606	0	0	0	143	0	0	0	0	0	0.000	0.000	0	0	0	0	0	0	0	0	0	0	0
270	270	2105	792.537	1856.516	705	1054	266	24	19	487	1225	316	27	21	228.006	5238	239	172	158	152	146	142	137	133	128	109	176.438	1294	200	181	170	163	158	152	146	138	131	105	1	51	790.916	1856.672	0	0	0	2321	0	0	0	608	0	0	0	1	52	790.822	1857.068	0	0	0	2321	0	0	0	695	0	0	0
271	271	851	1341.469	1853.167	160	286	290	79	9	106	309	235	152	37	114.343	160	120	118	116	115	114	113	112	110	108	101	107.428	124	114	111	109	108	106	106	105	104	103	96	0	0	0.000	0.000	0	0	0	0	0	0	0	0	0	0	0	0	0	0.000	0.000	0	0	0	0	0	0	0	0	0	0	0
272	272	1341	1249.880	1863.825	385	294	268	251	114	313	328	340	275	64	113.704	135	122	119	117	115	113	112	110	108	106	98	111.046	126	118	115	114	112	111	109	108	107	105	96	0	0	0.000	0.000	0	0	0	0	0	0	0	0	0	0	0	0	0	0.000	0.000	0	0	0	0	0	0	0	0	0	0	0
273	273	1463	622.214	1867.567	419	542	414	49	8	271	556	388	201	22	142.178	927	150	143	140	137	134	131	128	124	117	101	146.781	236	164	158	154	150	147	143	140	134	127	106	1	24	626.389	1879.846	0	0	0	523	0	0	0	189	0	0	0	0	0	0.000	0.000	0	0	0	0	0	0	0	0	0	0	0
274	274	1338	1011.583	1882.415	300	433	402	165	11	210	397	397	244	57	783.061	1198	1059	1009	963	904	829	744	648	557	417	198	105.563	118	109	108	107	106	105	105	104	103	102	98	0	0	0.000	0.000	0	0	0	0	0	0	0	0	0	0	0	0	0	0.000	0.000	0	0	0	0	0	0	0	0	0	0	0
275	275	1591	1080.524	1894.102	517	528	422	85	18	317	487	453	249	55	115.758	145	127	122	119	117	115	113	111	109	106	99	347.563	590	511	458	417	378	345	310	281	243	188	122	0	0	0.000	0.000	0	0	0	0	0	0	0	0	0	0	0	0	0	0.000	0.000	0	0	0	0	0	0	0	0	0	0	0
276	276	1573	1307.902	1897.411	309	519	487	197	35	270	623	480	163	11	110.295	122	115	113	112	111	110	109	108	107	106	100	107.538	123	113	111	109	108	107	106	105	104	103	97	0	0	0.000	0.000	0	0	0	0	0	0	0	0	0	0	0	0	0	0.000	0.000	0	0	0	0	0	0	0	0	0	0	0
277	277	2022	1370.069	1908.702	295	1035	599	43	17	183	717	788	270	28	112.766	132	119	117	115	114	113	112	110	109	107	100	194.021	293	249	229	212	199	189	180	173	163	149	103	0	0	0.000	0.000	0	0	0	0	0	0	0	0	0	0	0	0	0	0.000	0.000	0	0	0	0	0	0	0	0	0	0	0
278	278	1140	1565.504	1898.496	166	413	296	179	66	193	440	308	158	26	111.272	127	117	115	114	113	111	110	109	107	105	99	184.864	252	224	215	207	199	190	179	168	154	138	109	0	0	0.000	0.000	0	0	0	0	0	0	0	0	0	0	0	0	0	0.000	0.000	0	0	0	0	0	0	0	0	0	0	0
279	279	1524	785.839	1915.472	825	433	152	57	36	867	411	152	45	22	566.575	3539	764	673	615	576	534	491	453	413	337	137	118.262	226	127	124	120	118	116	114	113	111	109	101	1	20	783.238	1911.726	0	0	0	2150	0	0	0	170	0	0	0	1	29	784.023	1912.171	0	0	0	1953	0	0	0	178	0	0	0
280	280	1836	388.553	1920.274	399	573	613	176	36	266	560	555	352	58	165.555	2651	156	141	138	135	133	130	126	122	115	101	172.267	455	205	194	186	179	171	163	156	146	134	109	1	42	400.037	1908.874	0	0	0	1188	0	0	0	287	0	0	0	0	0	0.000	0.000	0	0	0	0	0	0	0	0	0	0	0
281	281	1351	619.190	1920.106	584	286	266	153	44	488	381	316	116	38	123.415	161	139	134	129	125	122	120	117	113	110	99	134.468	168	151	147	143	139	136	132	127	121	115	103	0	0	0.000	0.000	0	0	0	0	0	0	0	0	0	0	0	0	0	0.000	0.000	0	0	0	0	0	0	0	0	0	0	0
282	282	1941	1605.442	1929.673	373	686	567	227	41	204	773	638	263	34	112.431	131	118	116	115	114	112	111	110	108	106	99	202.324	267	240	231	224	217	209	198	186	173	155	117	0	0	0.000	0.000	0	0	0	0	0	0	0	0	0	0	0	0	0	0.000	0.000	0	0	0	0	0	0	0	0	0	0	0
283	283	1232	1415.879	1922.307	217	524	347	109	14	135	540	353	155	26	135.873	163	148	144	142	140	137	135	132	127	121	103	127.518	152	138	135	133	130	128	126	123	120	116	105	0	0	0.000	0.000	0	0	0	0	0	0	0	0	0	0	0	0	0	0.000	0.000	0	0	0	0	0	0	0	0	0	0	0
284	284	1594	277.917	1929.036	345	598	475	130	11	223	594	478	245	24	815.770	1285	1113	1048	999	942	878	812	702	574	405	146	129.174	158	143	139	136	134	131	128	125	119	109	97	0	0	0.000	0.000	0	0	0	0	0	0	0	0	0	0	0	0	0	0.000	0.000	0	0	0	0	0	0	0	0	0	0	0
285	285	739	1059.347	1930.350	145	277	211	75	17	67	237	217	156	44	121.878	140	130	128	126	124	122	121	119	116	113	102	151.398	185	172	167	163	159	155	150	144	137	123	106	0	0	0.000	0.000	0	0	0	0	0	0	0	0	0	0	0	0	0	0.000	0.000	0	0	0	0	0	0	0	0	0	0	0
286	286	1831	739.831	1949.783	356	580	585	262	23	192	425	672	358	144	329.137	5035	346	303	286	270	255	241	229	209	172	105	116.728	347	125	119	116	114	112	110	109	107	106	99	1	51	721.675	1956.233	0	0	0	2272	0	0	0	224	0	0	0	1	46	721.017	1955.037	0	0	0	1508	0	0	0	233	0	0	0
287	287	929	654.939	1946.796	288	229	245	117	33	222	333	243	92	33	114.117	133	123	120	118	116	114	112	110	108	106	100	237.388	379	323	298	274	255	234	217	198	180	154	117	0	0	0.000	0.000	0	0	0	0	0	0	0	0	0	0	0	0	0	0.000	0.000	0	0	0	0	0	0	0	0	0	0	0
288	288	1912	1023.193	1952.911	246	541	568	416	103	263	578	540	329	167	458.694	11924	561	225	159	140	132	127	123	119	114	101	178.933	1254	203	175	164	156	150	145	141	135	125	107	1	86	1024.732	1941.627	0	0	0	5297	0	0	0	622	0	0	0	1	80	1024.799	1941.475	0	0	0	5708	0	0	0	672	0	0	0
289	289	1263	1564.787	1958.541	445	384	276	112	27	462	438	258	59	21	113.377	133	121	119	117	115	113	112	110	107	105	100	108.963	125	115	113	111	110	109	107	106	105	104	98	0	0	0.000	0.000	0	0	0	0	0	0	0	0	0	0	0	0	0	0.000	0.000	0	0	0	0	0	0	0	0	0	0	0
290	290	1115	242.121	1960.915	189	405	342	126	30	114	427	338	196	18	778.161	1349	1157	1039	968	867	767	684	609	518	405	174	126.085	156	143	137	133	128	125	121	119	115	111	100	0	0	0.000	0.000	0	0	0	0	0	0	0	0	0	0	0	0	0	0.000	0.000	0	0	0	0	0	0	0	0	0	0	0
291	291	1271	615.156	1971.840	303	423	358	133	22	193	408	379	217	53	120.360	140	129	126	124	123	121	119	117	114	111	102	106.388	123	111	109	108	107	106	105	104	104	103	97	0	0	0.000	0.000	0	0	0	0	0	0	0	0	0	0	0	0	0	0.000	0.000	0	0	0	0	0	0	0	0	0	0	0
292	292	1921	1079.594	1979.829	286	486	609	415	95	205	398	764	461	59	158.809	1895	155	147	143	140	137	134	130	125	117	102	159.842	382	184	177	171	167	160	155	149	140	127	100	1	43	1063.836	1985.736	0	0	0	849	0	0	0	227	0	0	0	1	13	1065.265	1984.888	0	0	0	968	0	0	0	324	0	0	0
293	293	973	970.912	1980.611	134	281	322	185	34	97	333	294	179	57	372.151	550	499	470	442	410	380	348	323	288	232	120	116.474	135	125	122	120	118	117	115	113	110	108	99	0	0	0.000	0.000	0	0	0	0	0	0	0	0	0	0	0	0	0	0.000	0.000	0	0	0	0	0	0	0	0	0	0	0
