 	cell	area	x	y	BFI_lev_b1	BFI_lev_b2	BFI_lev_b3	BFI_lev_b4	BFI_lev_b5	BFO_lev_b1	BFO_lev_b2	BFO_lev_b3	BFO_lev_b4	BFO_lev_b5	GFP_int_mean	GFP_int_b0	GFP_int_b1	GFP_int_b2	GFP_int_b3	GFP_int_b4	GFP_int_b5	GFP_int_b6	GFP_int_b7	GFP_int_b8	GFP_int_b9	GFP_int_b10	RFP_int_mean	RFP_int_b0	RFP_int_b1	RFP_int_b2	RFP_int_b3	RFP_int_b4	RFP_int_b5	RFP_int_b6	RFP_int_b7	RFP_int_b8	RFP_int_b9	RFP_int_b10	inGFPnfoci	f1_inGFParea	f1_inGFPx	f1_inGFPy	f2_inGFParea	f2_inGFPx	f2_inGFPy	f1_inGFP_toGFPmed	f1_inGFP_toGFPmean	f2_inGFP_toGFPmed	f2_inGFP_toGFPmean	f1_inGFP_toRFPmed	f1_inGFP_toRFPmean	f2_inGFP_toRFPmed	f2_inGFP_toRFPmean	inRFPnfoci	f1_inRFParea	f1_inRFPx	f1_inRFPy	f2_inRFParea	f2_inRFPx	f2_inRFPy	f1_inRFP_toGFPmed	f1_inRFP_toGFPmean	f2_inRFP_toGFPmed	f2_inRFP_toGFPmean	f1_inRFP_toRFPmed	f1_inRFP_toRFPmean	f2_inRFP_toRFPmed	f2_inRFP_toRFPmean
1	1	2039	466.070	81.733	308	567	612	375	133	282	758	644	285	52	711.240	1161	972	904	844	787	723	659	591	512	426	235	104.481	123	109	107	105	105	104	103	103	102	101	96	0	0	0.000	0.000	0	0	0	0	0	0	0	0	0	0	0	0	0	0.000	0.000	0	0	0	0	0	0	0	0	0	0	0
2	2	1306	609.286	77.514	165	346	424	260	89	120	538	406	179	38	1839.230	3006	2619	2415	2237	2073	1904	1712	1493	1267	992	373	140.326	173	160	155	151	146	141	137	131	126	119	101	0	0	0.000	0.000	0	0	0	0	0	0	0	0	0	0	0	0	0	0.000	0.000	0	0	0	0	0	0	0	0	0	0	0
3	3	1192	1779.703	81.360	299	432	375	55	10	164	402	364	190	51	186.689	1090	208	191	186	180	173	167	160	152	139	107	135.701	214	155	149	145	140	136	132	128	122	112	99	1	29	1785.560	68.151	0	0	0	628	0	0	0	153	0	0	0	0	0	0.000	0.000	0	0	0	0	0	0	0	0	0	0	0
4	4	2055	705.368	88.125	363	613	707	290	39	292	737	706	231	43	2344.138	17477	3328	2915	2674	2417	2122	1822	1517	1274	881	231	174.213	1194	202	179	168	160	152	143	135	128	118	100	1	51	703.456	96.160	0	0	0	10878	0	0	0	791	0	0	0	1	70	703.444	96.251	0	0	0	9327	0	0	0	651	0	0	0
5	5	1654	1523.713	94.230	294	700	552	65	11	163	733	494	215	17	442.323	708	597	540	506	473	448	420	394	348	275	140	103.495	116	106	105	105	104	103	103	102	102	101	95	0	0	0.000	0.000	0	0	0	0	0	0	0	0	0	0	0	0	0	0.000	0.000	0	0	0	0	0	0	0	0	0	0	0
6	6	1803	1262.493	94.977	606	497	492	173	11	391	554	488	266	79	112.325	132	121	118	116	114	113	111	109	106	104	97	217.477	304	272	262	253	244	232	219	198	168	131	103	0	0	0.000	0.000	0	0	0	0	0	0	0	0	0	0	0	0	0	0.000	0.000	0	0	0	0	0	0	0	0	0	0	0
7	7	1962	823.851	99.865	238	578	556	475	80	193	579	642	377	134	698.511	16348	803	276	197	186	178	170	163	155	146	110	244.145	1711	265	237	226	216	209	201	190	176	159	118	1	105	830.750	111.039	0	0	0	7313	0	0	0	817	0	0	0	1	79	830.696	110.715	0	0	0	9328	0	0	0	994	0	0	0
8	8	1189	1713.611	98.604	183	400	330	202	45	80	340	424	236	91	152.913	191	173	168	164	160	155	151	146	139	129	105	148.781	188	173	167	162	157	152	146	140	130	118	103	0	0	0.000	0.000	0	0	0	0	0	0	0	0	0	0	0	0	0	0.000	0.000	0	0	0	0	0	0	0	0	0	0	0
9	9	2605	1924.578	123.278	572	1024	738	201	19	424	853	835	403	41	114.959	140	122	120	118	116	115	114	112	110	108	97	448.137	687	612	572	541	516	477	422	368	327	245	124	0	0	0.000	0.000	0	0	0	0	0	0	0	0	0	0	0	0	0	0.000	0.000	0	0	0	0	0	0	0	0	0	0	0
10	10	1481	1754.962	120.159	284	506	477	159	14	168	368	484	356	76	247.093	4339	276	194	182	171	164	157	150	141	129	105	153.594	332	182	173	166	161	155	149	142	130	112	99	1	46	1749.853	115.111	0	0	0	2067	0	0	0	224	0	0	0	1	13	1748.036	114.260	0	0	0	1630	0	0	0	308	0	0	0
11	11	1362	623.309	122.590	1002	238	70	19	21	1195	135	13	10	6	600.807	3022	796	727	691	649	607	544	463	387	290	143	186.898	981	211	198	191	185	177	168	157	144	129	105	1	20	620.345	136.355	0	0	0	2331	0	0	0	715	0	0	0	1	37	620.806	136.020	0	0	0	1879	0	0	0	586	0	0	0
12	12	1733	490.032	133.614	233	578	583	252	43	220	984	384	106	10	732.104	1184	1022	969	917	863	780	672	556	492	391	160	104.215	117	108	106	105	104	104	103	102	102	101	95	0	0	0.000	0.000	0	0	0	0	0	0	0	0	0	0	0	0	0	0.000	0.000	0	0	0	0	0	0	0	0	0	0	0
13	13	814	781.809	128.741	423	215	115	36	15	547	231	14	5	5	158.586	235	188	178	173	167	159	151	143	136	128	112	268.206	677	374	327	304	284	262	237	211	189	165	107	0	0	0.000	0.000	0	0	0	0	0	0	0	0	0	0	0	0	0	0.000	0.000	0	0	0	0	0	0	0	0	0	0	0
14	14	1680	319.269	137.747	289	461	441	350	112	154	476	587	287	138	1406.971	2110	1886	1775	1657	1552	1450	1309	1176	1087	894	418	151.616	191	174	169	164	159	154	147	142	135	124	106	0	0	0.000	0.000	0	0	0	0	0	0	0	0	0	0	0	0	0	0.000	0.000	0	0	0	0	0	0	0	0	0	0	0
15	15	1776	861.180	138.758	342	748	528	106	24	345	926	384	66	26	390.190	8820	420	253	228	212	201	191	178	163	143	107	244.418	1531	290	265	248	232	220	208	193	177	157	115	1	64	863.632	142.148	0	0	0	3847	0	0	0	733	0	0	0	1	54	864.275	142.880	0	0	0	4002	0	0	0	877	0	0	0
16	16	1700	436.886	141.453	167	414	578	391	113	134	576	598	325	32	1322.686	2096	1744	1649	1539	1465	1406	1342	1220	1022	725	217	104.751	118	108	107	106	105	105	104	103	102	101	98	0	0	0.000	0.000	0	0	0	0	0	0	0	0	0	0	0	0	0	0.000	0.000	0	0	0	0	0	0	0	0	0	0	0
17	17	551	1657.487	137.339	304	195	29	12	7	162	248	92	30	9	127.307	162	148	141	135	131	127	124	117	113	107	100	159.802	223	203	187	174	166	160	153	144	132	117	103	0	0	0.000	0.000	0	0	0	0	0	0	0	0	0	0	0	0	0	0.000	0.000	0	0	0	0	0	0	0	0	0	0	0
18	18	2282	1498.728	165.276	847	873	411	103	10	455	849	706	196	37	117.574	156	130	125	122	120	117	114	112	109	106	99	206.229	301	264	251	239	227	213	196	178	158	137	103	0	0	0.000	0.000	0	0	0	0	0	0	0	0	0	0	0	0	0	0.000	0.000	0	0	0	0	0	0	0	0	0	0	0
19	19	1826	367.744	163.276	172	447	538	473	164	171	570	608	359	80	1664.266	18628	2199	1651	1468	1317	1206	1108	1008	887	682	189	189.173	1626	221	172	160	152	146	142	138	132	116	96	1	77	358.564	170.432	0	0	0	9614	0	0	0	864	0	0	0	1	86	358.440	169.648	0	0	0	8622	0	0	0	852	0	0	0
20	20	1527	1576.202	163.559	294	403	413	320	73	186	421	547	216	124	997.605	19346	897	490	456	408	369	331	304	270	225	135	181.933	2135	206	133	122	118	116	113	111	109	107	99	1	105	1572.925	175.029	0	0	0	9070	0	0	0	878	0	0	0	1	96	1573.110	174.424	0	0	0	10284	0	0	0	953	0	0	0
21	21	2256	669.785	176.457	331	436	847	494	106	333	1046	650	165	17	1069.659	18061	1253	800	715	669	640	603	555	467	342	157	269.617	4031	294	209	193	184	176	167	158	147	132	103	1	97	659.082	179.239	0	0	0	8935	0	0	0	1836	0	0	0	1	96	659.041	178.973	0	0	0	8940	0	0	0	1947	0	0	0
22	22	1173	1657.883	172.928	251	543	321	32	8	131	472	323	195	24	779.407	1079	972	929	896	857	818	769	721	653	509	200	138.203	165	151	148	145	143	140	138	134	129	121	103	0	0	0.000	0.000	0	0	0	0	0	0	0	0	0	0	0	0	0	0.000	0.000	0	0	0	0	0	0	0	0	0	0	0
23	23	1837	324.526	195.295	116	456	732	341	151	91	700	694	259	57	1915.905	18150	2202	1822	1707	1590	1492	1402	1312	1155	931	368	201.545	1605	234	179	171	165	159	154	148	139	127	99	1	77	327.967	204.173	0	0	0	10475	0	0	0	853	0	0	0	1	91	328.494	203.090	0	0	0	6906	0	0	0	859	0	0	0
24	24	1580	1611.161	195.146	283	547	411	259	60	182	607	452	244	69	1287.037	15541	1622	1026	942	886	827	776	723	661	550	196	202.293	1905	251	161	152	147	143	139	135	131	125	102	1	83	1609.856	200.570	0	0	0	8181	0	0	0	982	0	0	0	1	93	1609.460	200.605	0	0	0	6983	0	0	0	875	0	0	0
25	25	1438	624.040	193.873	990	236	112	45	41	934	255	113	93	32	409.645	8658	562	290	241	220	205	193	182	167	155	117	232.686	2385	278	224	208	192	180	169	157	146	137	107	2	33	608.358	205.394	49	624.505	201.425	701	0	3737	0	194	0	1271	0	1	53	624.521	201.018	0	0	0	3363	0	0	0	1173	0	0	0
26	26	1797	498.711	194.818	248	329	541	403	239	306	608	596	229	27	725.006	17616	844	302	224	200	186	174	161	149	136	110	215.320	3168	243	161	147	138	132	126	121	117	112	99	1	98	494.441	194.821	0	0	0	7317	0	0	0	1239	0	0	0	1	86	494.485	194.016	0	0	0	7050	0	0	0	1431	0	0	0
27	27	1363	1562.019	203.521	322	372	400	211	41	254	441	403	209	31	703.151	11217	882	498	459	433	411	387	356	316	251	109	138.663	889	150	127	120	116	114	111	110	107	105	97	1	67	1573.168	196.994	0	0	0	4884	0	0	0	466	0	0	0	1	78	1572.935	196.741	0	0	0	4456	0	0	0	428	0	0	0
28	28	1147	1782.787	210.325	326	331	263	175	31	209	335	307	199	73	849.991	3132	1082	1024	977	924	864	802	725	636	513	256	136.943	275	151	146	143	140	137	134	129	125	117	101	0	0	0.000	0.000	0	0	0	0	0	0	0	0	0	0	0	0	0	0.000	0.000	0	0	0	0	0	0	0	0	0	0	0
29	29	1904	710.904	230.325	1686	95	53	41	22	1638	142	54	36	30	268.943	525	408	339	305	279	256	229	209	190	164	114	107.990	128	113	111	109	108	108	107	106	105	104	98	0	0	0.000	0.000	0	0	0	0	0	0	0	0	0	0	0	0	0	0.000	0.000	0	0	0	0	0	0	0	0	0	0	0
30	30	1689	660.412	230.018	229	445	676	283	23	257	745	568	87	7	744.672	11714	721	667	629	593	563	529	493	455	357	150	248.947	3451	238	219	211	204	198	192	184	170	144	106	1	56	674.049	220.934	0	0	0	6140	0	0	0	1632	0	0	0	1	60	673.928	221.452	0	0	0	5555	0	0	0	1664	0	0	0
31	31	1690	1357.963	233.529	262	435	545	352	66	217	611	508	260	60	359.463	603	502	446	409	381	353	331	304	270	226	155	145.092	192	168	161	156	152	146	140	134	127	120	104	0	0	0.000	0.000	0	0	0	0	0	0	0	0	0	0	0	0	0	0.000	0.000	0	0	0	0	0	0	0	0	0	0	0
32	32	1209	1635.823	234.443	158	300	344	261	123	67	331	481	196	114	349.163	506	450	426	404	381	355	328	306	271	233	160	144.523	181	167	161	155	150	145	141	135	129	121	99	0	0	0.000	0.000	0	0	0	0	0	0	0	0	0	0	0	0	0	0.000	0.000	0	0	0	0	0	0	0	0	0	0	0
33	33	3192	987.202	246.826	759	853	904	539	76	628	968	912	508	119	107.883	124	113	111	110	109	108	107	106	104	103	95	107.467	122	112	110	109	108	107	106	106	104	103	95	0	0	0.000	0.000	0	0	0	0	0	0	0	0	0	0	0	0	0	0.000	0.000	0	0	0	0	0	0	0	0	0	0	0
34	34	1443	511.763	244.855	224	270	441	337	158	199	315	539	233	126	389.277	7691	478	273	241	230	221	212	198	178	151	114	151.852	883	168	146	141	138	135	132	127	120	112	100	1	52	519.055	236.620	0	0	0	3463	0	0	0	503	0	0	0	1	56	518.503	236.175	0	0	0	2499	0	0	0	497	0	0	0
35	35	1866	1685.527	247.494	405	668	542	202	18	295	614	541	348	31	488.528	4533	572	539	507	479	452	427	398	347	279	151	168.449	1021	181	171	166	162	158	152	146	138	127	103	1	38	1684.736	249.683	0	0	0	2249	0	0	0	643	0	0	0	1	46	1684.733	249.310	0	0	0	1962	0	0	0	582	0	0	0
36	36	2141	316.043	248.894	390	625	723	329	38	357	882	604	224	35	2717.453	24871	3530	2418	2247	2082	1955	1815	1620	1265	774	193	259.902	2855	356	202	185	177	169	162	151	134	113	94	1	140	307.570	244.237	0	0	0	14638	0	0	0	1320	0	0	0	1	132	307.838	243.143	0	0	0	13913	0	0	0	1368	0	0	0
37	37	1546	602.387	256.207	1231	218	38	26	26	1247	188	55	25	20	489.881	784	675	624	591	564	535	493	425	328	223	124	149.312	214	181	169	163	157	151	145	137	125	114	98	0	0	0.000	0.000	0	0	0	0	0	0	0	0	0	0	0	0	0	0.000	0.000	0	0	0	0	0	0	0	0	0	0	0
38	38	1625	90.091	254.454	248	515	511	268	56	213	530	545	267	35	1031.086	15820	1333	722	642	589	550	508	461	401	290	137	176.711	1486	220	147	139	135	131	128	124	120	113	99	1	86	98.860	247.852	0	0	0	7997	0	0	0	756	0	0	0	1	92	98.482	247.871	0	0	0	7603	0	0	0	732	0	0	0
39	39	886	132.104	250.087	139	353	246	114	20	83	300	290	163	33	349.582	1624	455	410	387	368	348	328	302	226	148	105	114.967	185	126	121	119	116	114	112	109	105	102	94	1	19	124.624	248.311	0	0	0	1166	0	0	0	153	0	0	0	1	26	123.658	246.342	0	0	0	592	0	0	0	155	0	0	0
40	40	3229	1168.667	273.175	934	1295	758	167	21	973	1395	699	87	14	176.134	1159	207	177	166	158	152	147	141	134	122	102	384.140	2141	544	465	426	395	362	334	302	257	202	112	1	100	1169.980	263.063	0	0	0	557	0	0	0	701	0	0	0	1	43	1173.378	260.985	0	0	0	362	0	0	0	1433	0	0	0
41	41	2264	1910.083	273.663	1439	471	245	52	22	1519	493	154	61	12	680.006	1194	912	848	802	762	724	679	609	499	341	160	388.067	793	542	486	449	420	393	369	339	287	207	117	0	0	0.000	0.000	0	0	0	0	0	0	0	0	0	0	0	0	0	0.000	0.000	0	0	0	0	0	0	0	0	0	0	0
42	42	1786	1359.209	287.307	257	604	614	244	37	234	584	633	275	28	1322.835	21132	2384	519	424	389	355	323	293	267	221	114	272.763	2920	401	179	162	155	150	145	139	132	121	99	1	146	1350.902	289.961	0	0	0	10427	0	0	0	1398	0	0	0	1	146	1351.471	290.016	0	0	0	10427	0	0	0	1398	0	0	0
43	43	2157	878.383	295.817	307	570	588	484	168	243	797	611	343	117	577.729	14052	814	489	331	269	240	216	194	172	151	108	281.767	1453	416	340	299	274	251	229	204	182	157	110	1	74	881.918	298.260	0	0	0	6483	0	0	0	869	0	0	0	1	61	882.041	297.978	0	0	0	7027	0	0	0	964	0	0	0
44	44	2037	1309.844	316.662	550	602	608	227	14	429	891	497	172	15	610.044	16075	613	253	192	173	164	157	150	141	130	106	346.580	5558	400	281	251	231	214	200	188	174	158	114	1	93	1302.393	319.102	0	0	0	6877	0	0	0	2218	0	0	0	1	82	1302.567	319.060	0	0	0	8539	0	0	0	2657	0	0	0
45	45	1952	1258.086	308.718	550	538	502	248	77	596	756	417	145	19	905.846	20255	1057	303	212	193	183	174	166	155	142	108	664.449	12352	741	387	362	346	330	310	284	255	214	128	1	130	1257.949	301.897	0	0	0	8224	0	0	0	4193	0	0	0	1	96	1257.534	301.467	0	0	0	13035	0	0	0	5933	0	0	0
46	46	1647	223.805	323.135	1186	380	42	11	8	932	564	103	18	8	1665.522	3297	2676	2476	2285	2086	1794	1468	1125	726	419	133	108.827	126	115	113	111	110	109	107	106	105	103	95	0	0	0.000	0.000	0	0	0	0	0	0	0	0	0	0	0	0	0	0.000	0.000	0	0	0	0	0	0	0	0	0	0	0
47	47	2167	162.241	327.013	358	419	608	508	239	332	640	747	361	51	3285.429	26095	4538	3176	2825	2651	2361	2062	1772	1505	1105	337	302.338	3784	388	220	196	185	175	165	154	145	132	104	1	144	167.410	325.437	0	0	0	16256	0	0	0	1698	0	0	0	1	140	167.137	324.880	0	0	0	16678	0	0	0	1719	0	0	0
48	48	1055	901.556	343.859	143	254	334	219	85	117	255	386	209	67	200.338	357	281	247	219	200	190	181	172	158	135	106	212.010	349	288	259	239	223	210	198	187	168	135	99	0	0	0.000	0.000	0	0	0	0	0	0	0	0	0	0	0	0	0	0.000	0.000	0	0	0	0	0	0	0	0	0	0	0
49	49	2074	99.348	385.969	391	460	709	384	92	294	495	778	317	154	111.701	128	119	116	115	113	112	110	109	107	104	96	183.344	249	225	215	206	198	188	178	166	152	133	102	0	0	0.000	0.000	0	0	0	0	0	0	0	0	0	0	0	0	0	0.000	0.000	0	0	0	0	0	0	0	0	0	0	0
50	50	1064	1130.926	389.038	490	221	181	116	43	346	182	261	222	37	278.171	2775	381	252	231	215	199	185	169	151	132	106	267.658	3083	384	227	197	184	169	158	147	137	125	98	1	55	1126.033	393.481	0	0	0	1376	0	0	0	1456	0	0	0	1	56	1126.079	393.448	0	0	0	1376	0	0	0	1456	0	0	0
51	51	1350	1834.380	403.928	268	543	399	102	21	141	502	431	209	48	121.763	143	131	128	126	124	122	120	118	115	112	102	140.750	186	161	155	150	144	139	135	132	128	123	103	0	0	0.000	0.000	0	0	0	0	0	0	0	0	0	0	0	0	0	0.000	0.000	0	0	0	0	0	0	0	0	0	0	0
52	52	1783	1014.538	434.075	185	377	578	379	230	229	488	671	223	134	1236.960	21249	1487	905	797	708	634	575	505	425	336	185	228.645	3223	261	169	154	144	139	135	130	124	118	103	1	89	1008.191	437.470	0	0	0	10477	0	0	0	1422	0	0	0	1	88	1008.728	436.607	0	0	0	8739	0	0	0	1553	0	0	0
53	53	1077	1121.671	430.173	696	292	40	23	9	627	300	96	27	7	214.637	1335	328	246	223	203	186	166	150	137	122	103	195.985	1082	305	229	204	176	162	146	133	124	111	101	2	30	1131.742	430.264	24	1119.768	420.821	610	0	510	0	453	0	484	0	3	27	1120.838	420.498	35	1133.266	429.578	449	0	385	0	529	0	567	0
54	54	2294	79.638	444.568	887	747	483	123	25	794	931	398	105	18	116.853	150	128	124	121	119	117	114	112	108	105	97	1362.231	2618	2233	1981	1765	1588	1387	1173	958	706	466	193	0	0	0.000	0.000	0	0	0	0	0	0	0	0	0	0	0	0	0	0.000	0.000	0	0	0	0	0	0	0	0	0	0	0
55	55	1224	1809.769	446.157	340	379	336	139	10	253	415	312	195	30	141.551	1424	155	137	131	126	123	120	117	113	107	99	139.045	231	176	161	152	144	135	129	122	114	106	99	1	29	1814.440	438.826	0	0	0	578	0	0	0	197	0	0	0	0	0	0.000	0.000	0	0	0	0	0	0	0	0	0	0	0
56	56	692	980.370	454.818	111	171	238	151	13	74	138	276	140	45	443.805	637	598	572	534	494	457	417	378	335	259	153	124.805	148	137	133	131	128	126	123	120	117	110	101	0	0	0.000	0.000	0	0	0	0	0	0	0	0	0	0	0	0	0	0.000	0.000	0	0	0	0	0	0	0	0	0	0	0
57	57	2462	1467.374	466.296	920	826	526	103	44	1095	999	269	40	15	110.948	132	118	115	113	112	110	109	108	107	105	99	244.253	370	318	293	276	264	251	237	221	193	156	109	0	0	0.000	0.000	0	0	0	0	0	0	0	0	0	0	0	0	0	0.000	0.000	0	0	0	0	0	0	0	0	0	0	0
58	58	1858	1177.173	468.809	501	841	412	50	23	475	984	283	59	23	143.774	426	160	154	150	147	144	140	136	131	122	105	152.934	304	177	168	162	157	152	147	142	136	126	104	0	0	0.000	0.000	0	0	0	0	0	0	0	0	0	0	0	0	0	0.000	0.000	0	0	0	0	0	0	0	0	0	0	0
59	59	2011	1302.001	470.809	199	582	730	429	44	162	608	760	370	80	654.228	970	882	827	774	721	675	623	576	504	385	151	124.192	151	137	133	130	127	124	122	119	115	111	100	0	0	0.000	0.000	0	0	0	0	0	0	0	0	0	0	0	0	0	0.000	0.000	0	0	0	0	0	0	0	0	0	0	0
60	60	1358	934.850	474.388	435	360	261	215	68	475	517	269	66	9	115.519	144	128	124	120	117	115	112	109	107	105	98	550.256	874	789	733	687	648	610	534	437	334	239	139	0	0	0.000	0.000	0	0	0	0	0	0	0	0	0	0	0	0	0	0.000	0.000	0	0	0	0	0	0	0	0	0	0	0
61	61	1527	1020.778	488.718	211	372	381	393	136	161	450	493	302	93	676.160	13355	756	408	377	354	329	307	283	252	213	126	168.128	1404	182	150	145	142	138	135	131	125	117	103	1	65	1014.800	496.547	0	0	0	6467	0	0	0	664	0	0	0	1	65	1014.786	496.239	0	0	0	6467	0	0	0	664	0	0	0
62	62	1444	1251.243	493.806	143	450	514	253	52	121	740	403	126	28	711.546	1135	991	927	859	770	700	625	578	538	465	187	122.682	145	134	130	127	125	123	120	118	116	112	100	0	0	0.000	0.000	0	0	0	0	0	0	0	0	0	0	0	0	0	0.000	0.000	0	0	0	0	0	0	0	0	0	0	0
63	63	2049	372.255	513.081	479	559	603	353	23	460	612	611	301	22	736.329	16280	760	334	302	270	249	236	221	197	170	120	210.983	2466	233	167	160	154	149	144	137	130	122	103	1	106	361.711	518.054	0	0	0	7868	0	0	0	837	0	0	0	1	95	362.783	517.104	0	0	0	5571	0	0	0	1202	0	0	0
64	64	1914	1222.367	539.463	369	634	639	218	20	289	627	594	285	84	113.515	129	120	118	116	115	114	112	111	109	107	100	250.282	383	329	312	293	277	259	243	221	192	142	104	0	0	0.000	0.000	0	0	0	0	0	0	0	0	0	0	0	0	0	0.000	0.000	0	0	0	0	0	0	0	0	0	0	0
65	65	1693	456.759	538.900	414	620	396	211	28	308	675	426	197	58	1003.952	18528	1531	443	251	200	188	179	171	158	141	106	420.858	5450	576	294	266	255	244	234	219	205	180	119	1	136	450.767	535.022	0	0	0	7995	0	0	0	1954	0	0	0	1	105	450.981	534.651	0	0	0	10175	0	0	0	2473	0	0	0
66	66	1717	1011.153	543.059	416	686	461	98	29	512	856	271	33	19	109.646	124	115	113	112	111	110	109	107	106	104	97	263.819	384	346	324	301	284	268	255	237	207	170	111	0	0	0.000	0.000	0	0	0	0	0	0	0	0	0	0	0	0	0	0.000	0.000	0	0	0	0	0	0	0	0	0	0	0
67	67	1455	1547.208	542.176	260	521	453	169	18	285	719	330	97	9	169.215	219	195	188	184	178	173	168	159	150	136	112	191.011	262	235	224	215	206	196	184	171	158	139	106	0	0	0.000	0.000	0	0	0	0	0	0	0	0	0	0	0	0	0	0.000	0.000	0	0	0	0	0	0	0	0	0	0	0
68	68	1391	850.415	541.693	604	614	93	24	19	664	607	58	21	18	475.314	11346	635	243	182	167	160	152	146	136	125	104	155.055	820	178	160	151	143	136	131	125	120	115	103	1	70	857.448	533.989	0	0	0	4606	0	0	0	391	0	0	0	1	54	856.604	533.122	0	0	0	3413	0	0	0	483	0	0	0
69	69	2213	1107.716	549.932	547	841	648	117	21	478	1161	423	103	18	1682.452	2761	2277	2111	2015	1913	1785	1663	1521	1265	804	277	109.560	133	120	114	111	109	108	107	106	104	103	98	0	0	0.000	0.000	0	0	0	0	0	0	0	0	0	0	0	0	0	0.000	0.000	0	0	0	0	0	0	0	0	0	0	0
70	70	2719	581.292	560.053	2172	412	57	33	24	2206	397	57	31	17	107.442	127	114	111	110	108	107	106	104	103	102	96	142.295	202	179	166	158	150	141	132	123	116	110	100	0	0	0.000	0.000	0	0	0	0	0	0	0	0	0	0	0	0	0	0.000	0.000	0	0	0	0	0	0	0	0	0	0	0
71	71	1012	1272.863	544.634	60	248	344	257	86	70	355	387	147	31	113.386	129	120	118	116	114	113	112	110	109	107	101	274.747	361	331	316	303	290	276	265	252	240	218	139	0	0	0.000	0.000	0	0	0	0	0	0	0	0	0	0	0	0	0	0.000	0.000	0	0	0	0	0	0	0	0	0	0	0
72	72	2109	303.158	550.734	214	637	658	373	188	275	732	631	308	120	1140.355	20036	1506	660	519	464	412	375	337	299	257	157	198.024	2034	233	161	148	143	137	132	128	122	116	105	1	137	304.580	544.511	0	0	0	9221	0	0	0	851	0	0	0	1	120	304.701	544.314	0	0	0	10434	0	0	0	932	0	0	0
73	73	1210	1341.204	561.148	133	310	403	290	60	112	433	448	154	33	116.657	157	124	121	119	118	116	115	113	112	109	101	129.979	156	141	137	135	132	130	128	126	123	119	106	0	0	0.000	0.000	0	0	0	0	0	0	0	0	0	0	0	0	0	0.000	0.000	0	0	0	0	0	0	0	0	0	0	0
74	74	1560	376.644	569.729	124	467	543	317	84	121	505	639	215	47	388.542	4924	428	353	332	317	301	283	270	250	227	132	159.742	755	175	164	158	153	149	145	141	136	129	107	1	45	364.541	572.884	0	0	0	2514	0	0	0	279	0	0	0	1	38	366.205	571.412	0	0	0	1547	0	0	0	451	0	0	0
75	75	1370	425.843	576.674	219	346	451	275	57	197	469	404	175	88	183.487	244	215	207	201	195	189	182	173	161	141	103	223.935	320	277	262	250	240	232	220	204	182	159	114	0	0	0.000	0.000	0	0	0	0	0	0	0	0	0	0	0	0	0	0.000	0.000	0	0	0	0	0	0	0	0	0	0	0
76	76	1415	1252.210	584.882	258	521	455	127	21	281	701	313	70	17	111.071	123	116	114	113	112	111	110	109	108	106	98	243.033	356	297	281	265	251	240	232	224	213	192	114	0	0	0.000	0.000	0	0	0	0	0	0	0	0	0	0	0	0	0	0.000	0.000	0	0	0	0	0	0	0	0	0	0	0
77	77	1804	81.819	590.119	412	479	567	290	33	351	515	615	208	85	110.028	127	118	115	113	111	110	108	107	105	103	97	114.727	155	130	120	116	114	112	110	109	107	105	97	0	0	0.000	0.000	0	0	0	0	0	0	0	0	0	0	0	0	0	0.000	0.000	0	0	0	0	0	0	0	0	0	0	0
78	78	2824	154.919	601.604	351	836	918	537	125	340	947	1031	381	73	1139.708	22917	1310	451	330	308	291	269	243	214	176	111	434.695	4530	512	360	343	327	305	282	255	220	178	108	1	199	157.535	608.859	0	0	0	10277	0	0	0	2133	0	0	0	1	163	157.286	608.857	0	0	0	12676	0	0	0	2478	0	0	0
79	79	1814	796.125	584.563	725	379	420	210	54	629	461	464	193	40	1852.606	21569	2832	1268	1079	999	950	895	812	641	428	175	623.272	12301	844	276	189	168	157	148	138	127	114	98	1	141	794.633	582.028	0	0	0	12230	0	0	0	4616	0	0	0	1	124	794.360	580.985	0	0	0	12230	0	0	0	5708	0	0	0
80	80	1557	1300.442	597.698	545	784	168	20	17	677	724	105	13	14	117.044	149	125	122	120	119	117	115	114	111	108	100	133.220	166	149	145	141	137	134	131	127	123	115	102	0	0	0.000	0.000	0	0	0	0	0	0	0	0	0	0	0	0	0	0.000	0.000	0	0	0	0	0	0	0	0	0	0	0
81	81	1909	308.184	604.538	414	816	536	83	30	509	1061	267	37	20	1005.124	13848	1300	955	860	770	698	617	528	439	332	149	182.507	1555	211	169	159	152	146	139	131	125	116	103	1	77	305.437	603.300	0	0	0	7152	0	0	0	798	0	0	0	1	81	305.528	603.025	0	0	0	6404	0	0	0	792	0	0	0
82	82	1914	687.514	608.872	217	670	548	365	83	263	973	454	171	14	359.115	613	488	442	401	365	343	327	314	298	248	137	105.266	120	109	108	107	106	105	104	104	103	102	93	0	0	0.000	0.000	0	0	0	0	0	0	0	0	0	0	0	0	0	0.000	0.000	0	0	0	0	0	0	0	0	0	0	0
83	83	1186	383.649	619.846	147	305	373	244	100	136	411	393	185	39	717.050	1090	947	895	841	783	732	687	634	566	440	230	135.119	170	150	146	142	139	136	133	129	125	119	105	0	0	0.000	0.000	0	0	0	0	0	0	0	0	0	0	0	0	0	0.000	0.000	0	0	0	0	0	0	0	0	0	0	0
84	84	2073	109.201	659.728	1726	235	64	26	12	1688	267	65	25	8	2248.965	22961	8850	1467	430	232	189	172	157	143	132	107	2018.057	19861	7467	1379	448	300	265	235	211	191	169	112	1	367	107.157	661.249	0	0	0	10407	0	0	0	8977	0	0	0	1	358	107.195	661.115	0	0	0	10799	0	0	0	9152	0	0	0
85	85	1045	1275.210	648.423	138	291	322	212	65	146	286	331	207	52	672.318	1060	866	809	769	733	696	657	622	575	422	154	151.690	192	172	167	161	157	153	149	145	140	129	105	0	0	0.000	0.000	0	0	0	0	0	0	0	0	0	0	0	0	0	0.000	0.000	0	0	0	0	0	0	0	0	0	0	0
86	86	1701	1228.104	657.329	215	433	531	419	69	136	475	667	258	134	877.974	1525	1240	1079	1001	959	910	835	766	663	487	182	172.952	255	206	195	188	181	174	168	161	150	133	103	0	0	0.000	0.000	0	0	0	0	0	0	0	0	0	0	0	0	0	0.000	0.000	0	0	0	0	0	0	0	0	0	0	0
87	87	2221	363.396	675.671	273	619	765	499	36	210	627	818	369	151	1427.297	20934	1751	1159	959	845	751	690	607	512	375	139	205.471	2205	234	166	153	146	140	135	129	124	115	101	1	125	362.332	676.966	0	0	0	10282	0	0	0	1105	0	0	0	1	120	362.579	676.434	0	0	0	10658	0	0	0	1127	0	0	0
88	88	1813	1377.667	709.671	1352	257	143	38	10	1370	239	151	33	8	1087.906	19570	1824	495	281	225	200	181	168	155	141	106	405.670	6272	643	241	190	172	160	152	145	138	129	102	1	144	1374.451	705.282	0	0	0	9051	0	0	0	2463	0	0	0	1	124	1374.494	705.029	0	0	0	10438	0	0	0	2875	0	0	0
89	89	1378	508.720	719.862	121	245	524	357	104	156	479	493	179	50	1031.687	16642	1653	614	465	421	388	357	327	287	232	135	151.901	1070	184	131	123	120	117	115	113	110	107	98	1	95	502.511	725.482	0	0	0	7470	0	0	0	484	0	0	0	1	89	502.433	725.071	0	0	0	8072	0	0	0	501	0	0	0
90	90	1561	1263.896	726.592	205	347	498	311	162	182	607	502	181	60	634.462	989	891	846	790	713	642	578	503	439	358	148	130.678	183	158	146	137	131	127	123	119	116	112	100	0	0	0.000	0.000	0	0	0	0	0	0	0	0	0	0	0	0	0	0.000	0.000	0	0	0	0	0	0	0	0	0	0	0
91	91	981	566.332	744.646	145	297	321	163	43	102	256	399	179	32	118.292	134	125	123	121	120	119	117	115	114	111	102	186.168	225	209	203	197	193	189	184	179	171	159	113	0	0	0.000	0.000	0	0	0	0	0	0	0	0	0	0	0	0	0	0.000	0.000	0	0	0	0	0	0	0	0	0	0	0
92	92	792	385.434	752.122	150	346	224	38	15	105	342	277	46	7	128.967	179	150	143	138	134	129	125	118	112	108	98	194.189	563	255	236	217	203	192	178	156	139	121	102	0	0	0.000	0.000	0	0	0	0	0	0	0	0	0	0	0	0	0	0.000	0.000	0	0	0	0	0	0	0	0	0	0	0
93	93	1323	527.364	764.585	185	298	422	285	101	153	445	450	213	38	345.174	502	441	417	396	375	352	332	304	276	237	141	115.714	135	124	121	119	117	116	114	112	110	107	100	0	0	0.000	0.000	0	0	0	0	0	0	0	0	0	0	0	0	0	0.000	0.000	0	0	0	0	0	0	0	0	0	0	0
94	94	1523	1080.193	768.208	371	701	375	33	10	279	638	482	79	24	105.025	115	109	108	107	106	105	104	103	102	101	96	110.209	139	122	118	114	110	107	106	104	104	102	96	0	0	0.000	0.000	0	0	0	0	0	0	0	0	0	0	0	0	0	0.000	0.000	0	0	0	0	0	0	0	0	0	0	0
95	95	1709	571.472	791.418	243	318	650	394	76	213	374	774	243	66	125.497	644	133	127	124	122	120	117	115	112	109	102	197.559	298	249	232	219	207	198	190	181	163	140	107	1	29	564.272	776.424	0	0	0	339	0	0	0	247	0	0	0	0	0	0.000	0.000	0	0	0	0	0	0	0	0	0	0	0
96	96	1795	1426.273	796.973	392	695	488	172	14	202	725	548	239	47	138.765	183	154	151	147	144	140	136	131	126	120	106	106.284	126	113	110	108	106	105	104	103	103	102	92	0	0	0.000	0.000	0	0	0	0	0	0	0	0	0	0	0	0	0	0.000	0.000	0	0	0	0	0	0	0	0	0	0	0
97	97	1410	981.106	793.222	116	343	430	385	108	153	535	405	209	71	1151.456	12893	1452	1255	1139	1030	940	845	734	599	475	248	145.827	619	162	151	146	141	136	130	125	120	115	105	1	39	987.253	782.006	0	0	0	7235	0	0	0	385	0	0	0	1	50	987.875	781.706	0	0	0	5941	0	0	0	382	0	0	0
98	98	1392	1027.565	796.093	180	390	399	350	45	145	458	413	282	74	1518.698	13329	1959	1558	1403	1309	1212	1107	1029	962	818	314	166.173	1087	187	163	155	148	143	137	132	128	122	105	1	49	1021.253	802.111	0	0	0	7875	0	0	0	618	0	0	0	1	57	1021.402	801.253	0	0	0	6350	0	0	0	579	0	0	0
99	99	2063	1761.415	803.790	505	607	591	260	62	497	799	501	171	46	114.368	132	122	120	118	116	115	113	111	109	106	98	258.727	385	342	324	303	285	268	248	223	194	157	111	0	0	0.000	0.000	0	0	0	0	0	0	0	0	0	0	0	0	0	0.000	0.000	0	0	0	0	0	0	0	0	0	0	0
100	100	1382	628.609	807.425	520	328	325	163	30	485	369	380	102	14	276.755	2800	414	244	216	200	184	169	153	137	124	107	952.091	8657	1573	1010	865	742	632	547	449	334	232	129	1	82	625.384	810.475	0	0	0	1462	0	0	0	4386	0	0	0	1	96	626.848	809.875	0	0	0	895	0	0	0	4545	0	0	0
101	101	1103	828.727	812.425	234	426	309	93	16	237	431	340	67	12	130.550	190	147	141	137	134	131	128	123	118	111	102	262.604	1358	358	281	262	249	233	219	200	175	144	109	0	0	0.000	0.000	0	0	0	0	0	0	0	0	0	0	0	1	52	831.846	813.180	0	0	0	159	0	0	0	835	0	0	0
102	102	1120	1611.706	820.012	509	223	236	115	22	473	210	246	148	29	238.321	3858	270	177	166	158	150	144	135	126	116	103	200.604	2413	240	173	163	155	147	141	133	125	112	103	1	47	1602.195	823.775	0	0	0	1667	0	0	0	853	0	0	0	1	47	1602.214	822.595	0	0	0	823	0	0	0	1040	0	0	0
103	103	1560	902.969	825.476	202	419	502	344	70	215	716	429	146	22	397.148	9924	417	231	207	197	191	185	178	168	153	120	197.019	1152	222	204	194	187	180	174	165	157	146	113	1	52	913.626	830.533	0	0	0	4310	0	0	0	598	0	0	0	1	42	913.853	829.559	0	0	0	3986	0	0	0	730	0	0	0
104	104	1337	375.803	846.615	567	351	224	148	31	477	426	309	77	25	167.431	575	199	186	178	171	165	158	149	136	122	103	306.310	2448	437	342	293	264	243	223	206	186	151	112	1	22	381.331	857.599	0	0	0	413	0	0	0	1769	0	0	0	1	56	381.466	857.358	0	0	0	300	0	0	0	1215	0	0	0
105	105	1361	1715.941	845.354	220	330	383	330	79	205	377	410	268	71	110.747	125	117	115	113	112	111	110	108	107	105	98	139.389	172	156	151	148	144	140	137	133	128	120	106	0	0	0.000	0.000	0	0	0	0	0	0	0	0	0	0	0	0	0	0.000	0.000	0	0	0	0	0	0	0	0	0	0	0
106	106	822	856.034	842.839	111	203	233	216	46	102	296	248	143	20	150.285	176	164	160	157	155	152	150	146	141	134	110	152.572	189	169	165	161	157	154	151	147	143	133	105	0	0	0.000	0.000	0	0	0	0	0	0	0	0	0	0	0	0	0	0.000	0.000	0	0	0	0	0	0	0	0	0	0	0
107	107	936	603.067	846.426	465	176	146	110	26	385	169	204	137	29	165.666	963	218	171	159	151	145	138	130	123	117	103	662.705	2523	1000	874	801	732	663	588	494	383	234	139	1	32	605.094	843.593	0	0	0	506	0	0	0	1203	0	0	0	0	0	0.000	0.000	0	0	0	0	0	0	0	0	0	0	0
108	108	959	459.831	847.065	221	235	254	188	42	208	235	296	154	49	110.057	124	116	115	113	112	110	109	107	105	103	96	467.504	817	698	656	600	542	491	449	385	251	160	110	0	0	0.000	0.000	0	0	0	0	0	0	0	0	0	0	0	0	0	0.000	0.000	0	0	0	0	0	0	0	0	0	0	0
109	109	1429	1192.869	858.590	118	367	463	323	123	158	553	499	172	17	452.999	637	565	534	507	477	447	429	407	378	342	206	114.626	137	122	119	117	115	114	113	112	110	109	103	0	0	0.000	0.000	0	0	0	0	0	0	0	0	0	0	0	0	0	0.000	0.000	0	0	0	0	0	0	0	0	0	0	0
110	110	1742	92.061	872.876	213	454	550	377	113	271	814	500	120	17	684.443	1199	974	852	792	735	681	640	582	514	393	210	111.171	129	119	116	114	112	110	109	108	106	105	96	0	0	0.000	0.000	0	0	0	0	0	0	0	0	0	0	0	0	0	0.000	0.000	0	0	0	0	0	0	0	0	0	0	0
111	111	1736	890.683	876.057	207	581	496	367	46	224	651	489	296	38	723.836	18688	589	230	188	179	174	169	164	158	147	111	243.944	2485	267	195	185	180	175	171	167	161	147	104	1	97	904.476	870.411	0	0	0	9000	0	0	0	1124	0	0	0	1	98	903.548	869.757	0	0	0	6184	0	0	0	1148	0	0	0
112	112	916	1567.244	870.795	283	211	212	138	56	200	249	274	123	54	142.993	195	164	159	155	150	145	140	133	125	117	104	323.371	667	435	408	384	360	341	310	272	215	164	118	0	0	0.000	0.000	0	0	0	0	0	0	0	0	0	0	0	0	0	0.000	0.000	0	0	0	0	0	0	0	0	0	0	0
113	113	632	1243.526	877.778	313	172	82	36	23	340	163	74	40	13	395.723	536	481	464	449	437	419	395	369	333	277	136	117.638	150	130	124	120	118	116	114	113	111	109	100	0	0	0.000	0.000	0	0	0	0	0	0	0	0	0	0	0	0	0	0.000	0.000	0	0	0	0	0	0	0	0	0	0	0
114	114	948	564.036	887.708	596	225	82	21	16	753	147	18	10	7	177.395	1597	235	176	163	154	146	139	131	122	112	103	279.410	1560	399	329	303	281	260	233	191	150	121	105	1	32	562.327	881.357	0	0	0	731	0	0	0	962	0	0	0	1	37	562.951	880.950	0	0	0	615	0	0	0	965	0	0	0
115	115	1961	162.599	935.361	392	410	588	403	132	408	667	596	222	26	866.615	21200	821	278	223	208	197	188	176	163	142	102	241.928	4005	245	158	146	141	136	132	126	121	115	100	1	105	156.558	943.710	0	0	0	9736	0	0	0	1673	0	0	0	1	95	156.820	943.489	0	0	0	11699	0	0	0	1745	0	0	0
116	116	1185	287.682	927.816	127	232	375	286	148	126	301	451	187	100	321.845	3752	370	324	307	288	265	247	230	219	190	110	136.526	392	157	147	141	136	131	127	123	119	113	101	1	31	298.373	935.038	0	0	0	1785	0	0	0	178	0	0	0	1	32	294.665	935.460	0	0	0	565	0	0	0	273	0	0	0
117	117	1387	866.872	939.260	777	473	62	35	25	740	496	74	28	25	487.820	11683	619	264	215	205	198	189	180	168	154	111	390.697	2357	457	421	403	386	360	337	316	292	231	119	1	65	857.075	945.896	0	0	0	4429	0	0	0	1108	0	0	0	1	36	857.617	945.791	0	0	0	6761	0	0	0	1596	0	0	0
118	118	2009	320.768	964.445	326	307	642	502	194	309	587	723	249	94	1084.040	21293	1390	551	409	366	341	320	295	256	199	112	262.767	3923	314	181	163	153	147	141	135	126	111	98	1	127	317.826	969.680	0	0	0	9041	0	0	0	1595	0	0	0	1	103	317.180	969.919	0	0	0	11713	0	0	0	1916	0	0	0
119	119	1697	1419.575	959.883	202	434	530	414	88	165	554	619	247	82	112.874	128	119	117	116	114	113	112	110	109	106	99	161.115	226	201	190	182	174	164	154	142	128	116	100	0	0	0.000	0.000	0	0	0	0	0	0	0	0	0	0	0	0	0	0.000	0.000	0	0	0	0	0	0	0	0	0	0	0
120	120	842	1098.204	959.832	240	252	239	77	18	206	253	247	103	18	161.665	214	192	183	176	170	163	158	150	141	127	107	127.906	163	146	140	135	131	127	123	120	116	112	102	0	0	0.000	0.000	0	0	0	0	0	0	0	0	0	0	0	0	0	0.000	0.000	0	0	0	0	0	0	0	0	0	0	0
121	121	949	1465.225	963.983	94	214	308	251	69	100	434	246	129	19	112.891	127	118	116	115	114	113	112	111	109	107	101	156.078	204	185	178	171	162	155	149	142	135	128	110	0	0	0.000	0.000	0	0	0	0	0	0	0	0	0	0	0	0	0	0.000	0.000	0	0	0	0	0	0	0	0	0	0	0
122	122	1691	1210.847	973.868	363	470	421	320	74	330	501	515	234	75	546.153	12837	679	341	303	286	268	246	221	195	162	122	356.041	3742	413	364	343	324	298	273	241	212	175	115	1	60	1202.799	983.991	0	0	0	5323	0	0	0	1735	0	0	0	1	44	1202.640	983.638	0	0	0	6821	0	0	0	2094	0	0	0
123	123	858	1922.988	978.054	471	184	128	55	13	483	158	123	73	13	121.480	146	132	128	126	124	122	120	117	114	110	102	392.115	600	507	466	443	427	412	395	361	310	239	132	0	0	0.000	0.000	0	0	0	0	0	0	0	0	0	0	0	0	0	0.000	0.000	0	0	0	0	0	0	0	0	0	0	0
124	124	1549	1069.508	997.795	111	383	517	364	151	123	624	555	183	33	914.413	18376	1358	461	287	237	214	199	184	171	155	112	202.560	2012	251	164	151	144	139	134	129	125	119	103	1	102	1069.953	1003.523	0	0	0	7972	0	0	0	887	0	0	0	1	87	1069.864	1003.309	0	0	0	9375	0	0	0	996	0	0	0
125	125	2319	731.238	1005.117	451	681	697	389	60	541	846	589	241	58	110.476	126	116	114	113	112	110	109	108	106	105	98	432.004	760	609	543	495	457	427	402	376	324	251	136	0	0	0.000	0.000	0	0	0	0	0	0	0	0	0	0	0	0	0	0.000	0.000	0	0	0	0	0	0	0	0	0	0	0
126	126	1579	1439.186	1009.090	267	449	575	231	34	251	494	502	248	69	112.768	129	119	117	115	114	113	112	110	108	106	100	155.162	204	185	177	172	166	159	152	145	134	112	100	0	0	0.000	0.000	0	0	0	0	0	0	0	0	0	0	0	0	0	0.000	0.000	0	0	0	0	0	0	0	0	0	0	0
127	127	1567	399.837	1009.863	255	420	522	265	72	315	628	391	178	27	203.937	2093	247	217	205	198	190	183	173	156	133	108	158.923	304	188	179	171	165	160	154	148	138	123	103	1	27	402.675	1013.465	0	0	0	795	0	0	0	213	0	0	0	0	0	0.000	0.000	0	0	0	0	0	0	0	0	0	0	0
128	128	1327	1112.435	1018.904	114	283	417	379	105	180	674	280	153	11	735.421	14293	1230	432	299	251	223	203	186	171	153	112	170.705	1263	216	155	143	136	131	127	122	118	114	104	1	84	1106.736	1017.974	0	0	0	6193	0	0	0	601	0	0	0	1	74	1107.063	1017.733	0	0	0	6798	0	0	0	659	0	0	0
129	129	1966	1017.487	1024.591	507	774	560	81	19	588	1012	270	46	18	2705.783	10283	3957	3624	3255	3022	2760	2421	2041	1696	1258	365	190.680	1195	222	210	200	192	183	171	159	147	132	103	0	0	0.000	0.000	0	0	0	0	0	0	0	0	0	0	0	1	40	1022.648	1032.078	0	0	0	5580	0	0	0	646	0	0	0
130	130	1377	777.089	1029.450	327	316	371	269	73	312	435	337	205	59	116.389	139	126	123	121	119	117	115	113	109	106	98	180.632	259	231	218	206	193	182	168	157	144	129	107	0	0	0.000	0.000	0	0	0	0	0	0	0	0	0	0	0	0	0	0.000	0.000	0	0	0	0	0	0	0	0	0	0	0
131	131	1640	468.485	1036.189	262	388	431	375	153	326	542	451	276	18	397.918	8775	442	241	204	190	180	173	166	159	145	110	310.613	2133	380	325	297	279	263	248	232	219	196	131	1	69	458.969	1041.939	0	0	0	3444	0	0	0	1131	0	0	0	1	58	458.800	1041.622	0	0	0	4455	0	0	0	1250	0	0	0
132	132	1141	1369.077	1030.838	394	310	296	110	16	417	389	232	72	9	113.779	140	122	119	117	116	114	112	110	108	106	99	524.760	1012	813	714	641	585	535	483	412	316	205	122	0	0	0.000	0.000	0	0	0	0	0	0	0	0	0	0	0	0	0	0.000	0.000	0	0	0	0	0	0	0	0	0	0	0
133	133	641	1126.079	1060.713	97	171	177	156	32	74	184	205	146	21	171.324	229	204	196	187	180	173	166	159	149	134	108	124.161	144	136	133	130	127	125	123	120	115	111	102	0	0	0.000	0.000	0	0	0	0	0	0	0	0	0	0	0	0	0	0.000	0.000	0	0	0	0	0	0	0	0	0	0	0
134	134	1990	312.262	1075.346	409	547	630	311	43	460	938	457	97	11	198.088	2018	225	207	194	182	173	165	156	146	133	107	239.047	984	318	290	262	239	222	212	201	187	163	113	1	43	319.247	1083.008	0	0	0	896	0	0	0	571	0	0	0	1	26	319.217	1083.371	0	0	0	1220	0	0	0	697	0	0	0
135	135	1110	1676.682	1066.777	126	334	321	232	74	177	437	285	151	39	210.800	278	248	237	229	220	212	205	197	187	169	122	144.853	177	162	158	154	150	146	142	137	132	125	109	0	0	0.000	0.000	0	0	0	0	0	0	0	0	0	0	0	0	0	0.000	0.000	0	0	0	0	0	0	0	0	0	0	0
136	136	1672	1558.614	1071.190	683	620	223	80	42	660	652	227	75	30	150.520	213	183	174	165	159	153	144	135	125	116	100	451.440	770	651	600	559	513	458	409	353	303	235	115	0	0	0.000	0.000	0	0	0	0	0	0	0	0	0	0	0	0	0	0.000	0.000	0	0	0	0	0	0	0	0	0	0	0
137	137	1363	1334.685	1087.589	258	367	378	285	51	336	587	247	149	25	114.150	136	123	120	118	116	114	112	110	108	105	98	306.348	477	426	408	390	371	351	323	245	152	114	97	0	0	0.000	0.000	0	0	0	0	0	0	0	0	0	0	0	0	0	0.000	0.000	0	0	0	0	0	0	0	0	0	0	0
138	138	1508	750.622	1099.914	294	479	444	227	29	387	699	322	59	12	1365.448	19895	2077	960	857	785	712	643	577	508	397	144	165.963	1153	203	148	141	137	133	129	125	120	114	101	1	87	759.850	1097.156	0	0	0	9938	0	0	0	323	0	0	0	1	83	759.307	1098.793	0	0	0	6494	0	0	0	589	0	0	0
139	139	1366	1162.961	1090.224	186	296	442	317	91	181	567	357	185	54	1927.622	23358	4711	1185	565	399	330	290	266	235	190	107	309.229	3216	604	225	159	141	131	125	121	116	111	100	1	174	1166.523	1086.763	0	0	0	10364	0	0	0	1093	0	0	0	1	137	1166.420	1086.611	0	0	0	13964	0	0	0	1558	0	0	0
140	140	1769	562.994	1100.159	395	474	535	273	66	323	628	453	259	75	112.768	133	121	118	116	114	113	111	109	107	105	98	298.595	562	448	389	359	333	303	272	240	197	135	105	0	0	0.000	0.000	0	0	0	0	0	0	0	0	0	0	0	0	0	0.000	0.000	0	0	0	0	0	0	0	0	0	0	0
141	141	1965	379.406	1104.720	339	337	633	388	240	337	696	600	215	77	139.050	1467	141	137	134	132	130	127	125	121	117	104	281.671	375	342	327	315	303	290	278	262	237	204	135	1	24	398.915	1094.975	0	0	0	610	0	0	0	271	0	0	0	0	0	0.000	0.000	0	0	0	0	0	0	0	0	0	0	0
142	142	1303	1588.903	1107.469	167	420	393	237	60	170	655	299	135	23	117.914	162	125	122	121	119	118	117	115	113	110	101	134.733	179	154	145	140	136	133	130	127	123	119	103	0	0	0.000	0.000	0	0	0	0	0	0	0	0	0	0	0	0	0	0.000	0.000	0	0	0	0	0	0	0	0	0	0	0
143	143	1797	431.181	1127.564	350	221	566	425	196	323	341	805	204	96	163.226	3638	155	138	133	131	128	125	122	117	111	100	296.131	1164	384	359	340	320	300	276	250	224	184	117	1	42	429.202	1111.886	0	0	0	1405	0	0	0	654	0	0	0	0	0	0.000	0.000	0	0	0	0	0	0	0	0	0	0	0
144	144	1546	242.921	1131.977	207	301	506	358	142	238	548	420	218	97	998.765	11357	1169	991	887	827	779	731	684	597	470	262	164.142	1013	182	158	151	147	143	140	136	130	121	102	1	52	234.610	1132.517	0	0	0	6155	0	0	0	391	0	0	0	1	62	236.241	1132.833	0	0	0	3013	0	0	0	538	0	0	0
145	145	2503	320.352	1140.309	507	620	860	357	91	410	701	999	286	48	1179.423	21135	1579	435	286	232	205	186	172	160	145	108	440.032	4840	542	347	323	300	279	257	234	207	174	122	1	202	320.151	1137.741	0	0	0	9869	0	0	0	2120	0	0	0	1	168	320.217	1137.544	0	0	0	12396	0	0	0	2512	0	0	0
146	146	1131	1610.698	1150.322	179	414	329	159	28	136	550	260	139	28	114.030	163	120	118	116	115	114	112	111	110	108	98	124.118	154	137	131	128	125	123	121	119	117	114	104	0	0	0.000	0.000	0	0	0	0	0	0	0	0	0	0	0	0	0	0.000	0.000	0	0	0	0	0	0	0	0	0	0	0
147	147	1651	1461.706	1166.945	319	494	519	289	14	225	542	509	212	131	1788.315	22607	3567	1009	652	593	546	508	474	435	366	222	189.761	1571	278	149	132	126	122	119	116	114	111	100	1	169	1468.400	1168.009	0	0	0	11191	0	0	0	642	0	0	0	1	140	1468.366	1167.364	0	0	0	13290	0	0	0	760	0	0	0
148	148	1301	952.156	1165.686	189	290	332	325	138	171	472	377	199	57	477.347	5497	564	468	435	413	385	362	332	296	254	152	120.173	319	130	126	123	121	119	117	114	111	107	99	1	40	965.803	1160.993	0	0	0	2727	0	0	0	135	0	0	0	0	0	0.000	0.000	0	0	0	0	0	0	0	0	0	0	0
149	149	1716	281.743	1175.839	1050	418	129	81	23	1032	344	196	97	21	1395.327	18993	1980	1304	1025	911	832	747	668	588	439	150	223.777	2582	283	179	161	152	142	138	133	129	123	104	1	87	287.265	1166.973	0	0	0	9330	0	0	0	812	0	0	0	1	96	287.294	1168.451	0	0	0	7398	0	0	0	1144	0	0	0
150	150	1922	1228.935	1186.756	344	405	583	387	150	396	804	414	248	27	4225.950	32275	18930	3331	1518	1113	978	856	747	618	471	161	876.992	8393	3029	594	269	210	184	167	154	138	116	99	1	396	1226.600	1185.020	0	0	0	18294	0	0	0	2837	0	0	0	1	305	1227.390	1184.396	0	0	0	23421	0	0	0	4199	0	0	0
151	151	1770	1280.054	1211.503	274	260	575	389	228	234	537	636	201	127	998.835	9746	1303	1131	1041	961	874	779	683	581	477	185	174.856	1254	206	186	177	166	158	148	139	127	111	101	1	39	1275.164	1204.043	0	0	0	5945	0	0	0	387	0	0	0	1	47	1277.602	1201.641	0	0	0	1724	0	0	0	684	0	0	0
152	152	1234	1469.107	1216.633	152	289	414	293	70	147	414	387	211	49	513.405	3573	634	575	538	506	477	450	427	376	301	165	120.341	268	134	126	122	119	117	115	114	111	108	99	1	25	1480.071	1209.965	0	0	0	2066	0	0	0	170	0	0	0	1	29	1480.741	1210.696	0	0	0	1900	0	0	0	187	0	0	0
153	153	2257	304.053	1234.900	161	547	974	454	90	172	683	838	404	110	140.156	1690	143	137	134	131	129	126	124	121	117	102	237.771	333	292	278	265	251	237	223	214	203	186	118	1	24	314.353	1232.525	0	0	0	699	0	0	0	288	0	0	0	0	0	0.000	0.000	0	0	0	0	0	0	0	0	0	0	0
154	154	2096	252.408	1255.576	403	745	687	204	18	282	835	502	344	86	117.969	153	130	125	123	120	117	115	113	110	107	97	1222.861	2046	1797	1715	1616	1489	1322	1128	943	727	423	141	0	0	0.000	0.000	0	0	0	0	0	0	0	0	0	0	0	0	0	0.000	0.000	0	0	0	0	0	0	0	0	0	0	0
155	155	1378	364.300	1249.379	130	287	468	364	92	113	411	547	196	81	124.691	146	133	131	129	127	125	123	121	119	115	104	220.745	283	255	246	238	233	226	220	211	196	176	121	0	0	0.000	0.000	0	0	0	0	0	0	0	0	0	0	0	0	0	0.000	0.000	0	0	0	0	0	0	0	0	0	0	0
156	156	2131	330.815	1291.208	445	603	661	308	76	404	828	633	199	26	235.590	8098	182	139	133	130	127	125	122	119	115	104	239.801	668	296	278	265	256	243	231	216	195	170	110	1	48	313.580	1304.354	0	0	0	3611	0	0	0	356	0	0	0	0	0	0.000	0.000	0	0	0	0	0	0	0	0	0	0	0
157	157	786	282.247	1292.585	304	205	185	61	16	288	217	205	49	15	116.515	140	127	123	121	118	117	114	112	109	106	100	1168.431	2159	1825	1609	1408	1258	1159	1059	927	752	528	263	0	0	0.000	0.000	0	0	0	0	0	0	0	0	0	0	0	0	0	0.000	0.000	0	0	0	0	0	0	0	0	0	0	0
158	158	1060	910.083	1309.081	464	384	115	55	21	386	334	198	90	39	127.243	196	146	138	134	130	126	121	116	113	108	100	644.953	1238	1087	970	852	734	615	516	423	333	251	111	0	0	0.000	0.000	0	0	0	0	0	0	0	0	0	0	0	0	0	0.000	0.000	0	0	0	0	0	0	0	0	0	0	0
159	159	1228	1384.536	1312.425	77	306	432	262	129	172	581	266	166	14	113.879	135	121	119	117	115	114	112	111	109	107	95	165.581	215	190	181	175	171	166	163	158	152	140	111	0	0	0.000	0.000	0	0	0	0	0	0	0	0	0	0	0	0	0	0.000	0.000	0	0	0	0	0	0	0	0	0	0	0
160	160	1496	571.512	1326.714	275	395	365	368	66	295	540	372	209	51	111.928	127	118	116	115	113	112	111	109	108	106	100	228.961	340	298	278	264	246	230	214	199	180	153	115	0	0	0.000	0.000	0	0	0	0	0	0	0	0	0	0	0	0	0	0.000	0.000	0	0	0	0	0	0	0	0	0	0	0
161	161	1675	1086.618	1324.750	251	296	542	361	187	213	649	501	198	80	1382.420	15108	1625	1339	1227	1114	1008	901	805	728	600	267	185.164	1585	206	169	160	153	148	142	136	131	124	105	1	72	1084.352	1314.509	0	0	0	8564	0	0	0	822	0	0	0	1	70	1084.334	1314.483	0	0	0	8765	0	0	0	823	0	0	0
162	162	1419	619.188	1334.403	265	300	472	306	56	223	377	516	180	91	113.295	128	120	118	116	115	113	112	111	109	107	101	244.626	367	304	292	281	266	251	235	219	197	169	120	0	0	0.000	0.000	0	0	0	0	0	0	0	0	0	0	0	0	0	0.000	0.000	0	0	0	0	0	0	0	0	0	0	0
163	163	1185	1425.055	1336.402	135	340	370	276	39	188	550	276	141	12	1340.593	2258	1875	1676	1554	1452	1330	1203	1095	1001	878	383	116.326	133	125	122	119	117	116	114	113	111	109	102	0	0	0.000	0.000	0	0	0	0	0	0	0	0	0	0	0	0	0	0.000	0.000	0	0	0	0	0	0	0	0	0	0	0
164	164	1943	1472.115	1355.997	397	396	609	384	115	361	648	588	269	37	1424.795	2447	2091	1932	1825	1688	1524	1320	1098	881	594	212	120.222	172	138	128	124	121	117	115	112	110	107	96	0	0	0.000	0.000	0	0	0	0	0	0	0	0	0	0	0	0	0	0.000	0.000	0	0	0	0	0	0	0	0	0	0	0
165	165	1742	1281.863	1354.545	307	374	543	349	141	286	790	453	154	29	188.886	5215	192	151	142	137	133	129	125	122	116	103	188.019	586	224	209	200	191	184	177	170	159	146	114	1	28	1285.198	1351.094	0	0	0	1935	0	0	0	390	0	0	0	1	14	1284.965	1350.338	0	0	0	2422	0	0	0	448	0	0	0
166	166	1395	1046.943	1358.660	256	338	447	283	44	186	444	427	233	80	885.414	7321	1123	1047	983	905	809	715	624	531	412	182	150.831	715	186	165	155	146	139	132	127	122	113	100	1	35	1035.008	1348.864	0	0	0	3925	0	0	0	360	0	0	0	1	38	1035.529	1348.786	0	0	0	3925	0	0	0	409	0	0	0
167	167	1586	1388.597	1364.588	426	863	223	17	7	369	891	237	49	9	123.088	608	128	125	123	122	120	119	117	115	112	102	184.957	233	211	203	198	193	188	183	178	171	153	111	1	21	1406.561	1371.429	0	0	0	242	0	0	0	171	0	0	0	0	0	0.000	0.000	0	0	0	0	0	0	0	0	0	0	0
168	168	981	1875.224	1365.591	171	315	278	174	23	147	385	260	142	26	1391.129	2218	1921	1823	1730	1588	1444	1306	1154	983	745	274	131.903	172	151	146	141	135	131	127	123	119	114	102	0	0	0.000	0.000	0	0	0	0	0	0	0	0	0	0	0	0	0	0.000	0.000	0	0	0	0	0	0	0	0	0	0	0
169	169	1197	138.344	1367.234	612	400	118	32	11	482	502	130	44	12	133.580	187	159	148	139	134	130	127	123	120	115	101	686.812	1406	996	883	798	731	687	614	548	481	382	164	0	0	0.000	0.000	0	0	0	0	0	0	0	0	0	0	0	0	0	0.000	0.000	0	0	0	0	0	0	0	0	0	0	0
170	170	1556	1233.283	1375.185	233	336	452	379	126	211	706	387	198	14	127.465	340	137	133	131	129	127	124	122	119	114	103	171.002	222	196	188	182	177	173	168	163	155	142	113	1	12	1227.137	1361.131	0	0	0	250	0	0	0	196	0	0	0	0	0	0.000	0.000	0	0	0	0	0	0	0	0	0	0	0
171	171	1847	1921.873	1385.221	190	412	621	470	120	187	387	631	481	127	2264.896	3785	3345	2951	2661	2436	2248	2091	1891	1621	1232	481	148.687	194	173	165	159	154	149	145	139	132	124	105	0	0	0.000	0.000	0	0	0	0	0	0	0	0	0	0	0	0	0	0.000	0.000	0	0	0	0	0	0	0	0	0	0	0
172	172	1466	1270.105	1411.336	318	575	453	71	18	388	854	178	14	8	140.662	1163	144	139	136	134	131	128	125	122	117	102	183.746	284	214	204	197	192	186	180	173	164	150	112	1	23	1256.315	1415.703	0	0	0	580	0	0	0	220	0	0	0	0	0	0.000	0.000	0	0	0	0	0	0	0	0	0	0	0
173	173	1110	647.354	1426.564	127	296	400	213	60	66	333	386	254	50	906.550	1649	1414	1299	1199	1056	909	761	631	518	383	189	109.079	123	114	112	111	110	109	108	107	106	104	98	0	0	0.000	0.000	0	0	0	0	0	0	0	0	0	0	0	0	0	0.000	0.000	0	0	0	0	0	0	0	0	0	0	0
174	174	938	1256.713	1456.178	113	232	279	228	71	86	296	339	174	22	116.846	132	123	121	120	118	117	116	114	112	110	101	142.885	178	162	157	152	146	142	138	134	130	125	109	0	0	0.000	0.000	0	0	0	0	0	0	0	0	0	0	0	0	0	0.000	0.000	0	0	0	0	0	0	0	0	0	0	0
175	175	2579	610.052	1502.516	291	577	858	621	176	290	771	1040	318	108	2406.127	28420	5647	1175	609	401	304	267	245	223	185	109	1372.173	18140	2505	869	620	497	444	398	360	305	235	114	2	28	624.339	1495.455	359	605.861	1505.768	2625	0	12960	0	1076	0	5143	0	1	246	606.206	1505.412	0	0	0	22932	0	0	0	8868	0	0	0
176	176	1564	1121.625	1519.461	225	420	551	310	33	163	423	630	221	106	110.682	123	116	114	113	112	111	110	109	107	105	101	178.366	244	223	210	198	188	177	167	159	148	137	108	0	0	0.000	0.000	0	0	0	0	0	0	0	0	0	0	0	0	0	0.000	0.000	0	0	0	0	0	0	0	0	0	0	0
177	177	947	1286.970	1542.366	107	271	285	187	75	149	348	259	125	56	751.957	1127	1005	954	903	838	776	700	621	571	474	238	141.275	185	162	157	151	146	140	135	130	127	123	110	0	0	0.000	0.000	0	0	0	0	0	0	0	0	0	0	0	0	0	0.000	0.000	0	0	0	0	0	0	0	0	0	0	0
178	178	1921	649.352	1546.964	102	442	808	446	87	57	420	1000	293	109	930.373	15301	1848	687	422	313	261	232	214	192	168	123	454.215	3400	721	498	407	361	336	310	279	244	209	134	1	73	656.961	1549.141	0	0	0	6197	0	0	0	1387	0	0	0	2	57	657.451	1548.797	70	637.664	1544.455	7884	0	7016	0	1631	0	1933	0
179	179	2372	372.696	1566.786	533	588	768	388	53	491	918	645	230	43	274.051	9137	253	168	153	147	142	138	133	127	118	102	687.070	2416	951	875	808	753	698	629	555	473	359	157	1	54	379.024	1576.939	0	0	0	3932	0	0	0	1541	0	0	0	0	0	0.000	0.000	0	0	0	0	0	0	0	0	0	0	0
180	180	592	1141.833	1556.611	79	167	216	87	30	73	126	231	120	34	117.117	216	129	119	116	114	113	111	110	109	107	99	166.375	201	186	180	176	171	167	162	158	153	146	128	0	0	0.000	0.000	0	0	0	0	0	0	0	0	0	0	0	0	0	0.000	0.000	0	0	0	0	0	0	0	0	0	0	0
181	181	1709	1241.674	1564.403	236	466	490	404	79	208	538	526	258	139	1246.502	14069	1321	1171	1107	1046	993	928	837	709	558	263	197.115	1675	218	181	173	166	161	155	148	140	129	109	1	58	1237.200	1568.097	0	0	0	8231	0	0	0	764	0	0	0	1	73	1237.788	1567.221	0	0	0	5115	0	0	0	847	0	0	0
182	182	1360	1856.939	1570.000	595	422	207	77	42	549	435	226	78	49	171.586	234	206	195	186	178	171	165	158	150	137	108	148.540	194	170	164	159	154	149	144	140	134	126	107	0	0	0.000	0.000	0	0	0	0	0	0	0	0	0	0	0	0	0	0.000	0.000	0	0	0	0	0	0	0	0	0	0	0
183	183	1911	1903.815	1571.865	498	636	497	212	34	491	821	419	131	17	2942.226	25337	11796	2043	804	498	376	309	261	224	188	128	712.594	7284	2000	504	294	237	210	191	175	159	145	116	1	381	1902.762	1572.520	0	0	0	11706	0	0	0	1978	0	0	0	1	248	1902.677	1571.579	0	0	0	20462	0	0	0	3460	0	0	0
184	184	1200	700.585	1570.591	279	351	357	156	36	223	394	350	172	34	196.028	261	234	225	216	209	201	190	179	167	153	114	280.103	392	359	341	320	304	288	265	244	220	194	136	0	0	0.000	0.000	0	0	0	0	0	0	0	0	0	0	0	0	0	0.000	0.000	0	0	0	0	0	0	0	0	0	0	0
185	185	1288	1349.956	1571.092	426	457	274	86	15	441	493	270	55	7	244.807	1125	374	267	240	217	201	182	166	152	135	107	593.603	3808	1077	677	564	472	414	361	308	247	186	118	1	90	1347.189	1567.162	0	0	0	748	0	0	0	2505	0	0	0	1	114	1348.065	1567.060	0	0	0	671	0	0	0	2250	0	0	0
186	186	1745	1106.880	1591.950	255	406	596	369	96	163	432	798	229	95	1586.900	20172	2180	1174	1000	903	801	711	623	533	445	243	299.625	4259	370	201	180	169	161	152	144	135	126	107	1	124	1104.390	1596.554	0	0	0	10991	0	0	0	1699	0	0	0	1	103	1104.898	1595.840	0	0	0	12136	0	0	0	2014	0	0	0
187	187	2035	1290.724	1591.876	350	607	619	339	79	327	765	561	280	70	1810.681	21574	2293	1510	1340	1205	1112	1027	955	858	713	165	248.037	3087	286	191	177	170	163	157	151	144	132	103	1	112	1280.518	1593.628	0	0	0	11465	0	0	0	1102	0	0	0	1	105	1281.792	1593.382	0	0	0	11465	0	0	0	1480	0	0	0
188	188	1795	343.991	1611.576	332	736	497	180	22	259	893	448	132	20	113.086	126	119	117	116	114	113	112	111	110	107	98	217.075	310	266	254	242	230	217	206	195	184	167	119	0	0	0.000	0.000	0	0	0	0	0	0	0	0	0	0	0	0	0	0.000	0.000	0	0	0	0	0	0	0	0	0	0	0
189	189	757	870.434	1609.863	316	236	147	35	17	226	267	201	42	12	171.250	225	204	199	193	186	179	168	155	139	126	106	184.614	259	228	219	211	202	192	180	164	144	129	105	0	0	0.000	0.000	0	0	0	0	0	0	0	0	0	0	0	0	0	0.000	0.000	0	0	0	0	0	0	0	0	0	0	0
190	190	1112	1336.433	1614.192	168	314	272	239	88	156	305	292	242	98	1371.424	16035	2783	1009	733	638	580	523	477	423	343	194	548.375	6862	1205	410	267	216	193	177	166	154	141	115	1	102	1334.590	1611.775	0	0	0	7646	0	0	0	3153	0	0	0	1	103	1334.582	1611.560	0	0	0	7537	0	0	0	3130	0	0	0
191	191	1026	299.526	1627.489	140	287	300	232	46	103	257	333	257	62	451.436	657	586	547	510	480	458	436	418	399	307	125	176.971	233	205	197	191	185	180	176	170	160	143	106	0	0	0.000	0.000	0	0	0	0	0	0	0	0	0	0	0	0	0	0.000	0.000	0	0	0	0	0	0	0	0	0	0	0
192	192	600	1082.491	1635.313	112	159	133	136	43	89	214	183	74	26	145.798	178	166	161	157	152	149	143	138	131	121	106	141.295	173	160	155	150	147	142	138	133	127	122	108	0	0	0.000	0.000	0	0	0	0	0	0	0	0	0	0	0	0	0	0.000	0.000	0	0	0	0	0	0	0	0	0	0	0
193	193	1665	385.552	1652.928	273	491	560	240	67	265	645	503	184	34	112.387	126	119	117	115	114	113	111	110	108	105	98	211.867	287	253	243	234	224	216	206	197	183	161	121	0	0	0.000	0.000	0	0	0	0	0	0	0	0	0	0	0	0	0	0.000	0.000	0	0	0	0	0	0	0	0	0	0	0
194	194	1590	1117.354	1659.787	345	467	492	232	22	298	791	304	162	11	547.008	13196	675	266	211	198	186	173	160	148	135	107	196.749	1726	227	191	179	170	161	153	144	136	128	108	1	70	1112.503	1671.426	0	0	0	6050	0	0	0	714	0	0	0	1	56	1112.662	1670.599	0	0	0	5809	0	0	0	951	0	0	0
195	195	2186	282.368	1671.601	373	569	745	395	56	368	744	736	255	42	1177.850	19461	1477	974	837	737	648	588	514	422	300	151	340.878	4294	438	293	258	236	220	205	186	165	139	108	1	101	283.423	1668.003	0	0	0	9305	0	0	0	1837	0	0	0	1	107	284.352	1667.766	0	0	0	8608	0	0	0	2143	0	0	0
196	196	1518	1070.086	1677.497	192	317	509	356	125	133	476	586	206	68	335.044	6630	362	255	235	225	214	205	194	181	161	118	155.562	713	175	163	156	151	146	141	137	132	125	107	1	45	1063.292	1671.793	0	0	0	2915	0	0	0	398	0	0	0	1	41	1063.051	1671.710	0	0	0	3086	0	0	0	404	0	0	0
197	197	912	130.693	1702.454	456	368	52	14	7	262	463	138	21	10	108.174	137	119	114	111	108	106	104	103	102	100	94	172.459	282	240	227	210	186	164	146	133	123	113	101	1	119	131.110	1707.216	0	0	0	121	0	0	0	238	0	0	0	0	0	0.000	0.000	0	0	0	0	0	0	0	0	0	0	0
198	198	1429	1049.807	1731.535	227	281	418	344	122	211	484	446	191	74	422.205	8800	547	251	211	198	188	176	168	158	148	116	212.572	1276	246	217	206	196	186	178	171	162	149	115	1	66	1036.339	1726.796	0	0	0	3616	0	0	0	640	0	0	0	1	51	1036.421	1726.021	0	0	0	4036	0	0	0	700	0	0	0
199	199	1647	1007.203	1751.871	285	310	411	405	206	210	325	519	384	178	1463.089	21983	2857	651	345	254	214	189	177	164	151	108	329.347	3366	499	255	209	190	180	170	162	154	144	111	1	163	1006.503	1747.308	0	0	0	10179	0	0	0	1306	0	0	0	1	126	1006.465	1746.968	0	0	0	14017	0	0	0	1789	0	0	0
200	200	1521	1426.970	1762.323	170	452	469	293	110	136	564	489	260	46	109.940	124	116	114	112	111	110	109	108	106	104	99	269.527	405	341	322	306	285	265	248	236	224	200	127	0	0	0.000	0.000	0	0	0	0	0	0	0	0	0	0	0	0	0	0.000	0.000	0	0	0	0	0	0	0	0	0	0	0
201	201	1039	1935.839	1768.089	213	307	302	174	27	187	331	272	196	42	830.323	12190	1590	546	329	305	291	277	265	244	206	135	180.600	1300	247	148	140	137	134	132	128	124	116	102	1	75	1944.171	1760.574	0	0	0	5722	0	0	0	614	0	0	0	1	75	1944.699	1759.497	0	0	0	3500	0	0	0	621	0	0	0
202	202	1517	490.005	1779.669	236	407	451	334	56	147	420	540	258	128	214.045	298	255	240	232	226	220	211	199	185	167	119	132.328	161	146	142	138	136	133	131	128	123	116	103	0	0	0.000	0.000	0	0	0	0	0	0	0	0	0	0	0	0	0	0.000	0.000	0	0	0	0	0	0	0	0	0	0	0
203	203	2008	767.779	1790.014	336	422	643	367	196	260	638	725	237	107	1167.909	1803	1651	1569	1455	1301	1177	1065	950	821	621	292	132.271	168	151	144	139	135	132	128	124	121	115	103	0	0	0.000	0.000	0	0	0	0	0	0	0	0	0	0	0	0	0	0.000	0.000	0	0	0	0	0	0	0	0	0	0	0
204	204	1628	257.417	1802.262	1105	375	92	35	11	977	328	177	96	27	342.006	4483	446	304	276	249	220	195	174	159	142	108	328.757	3901	440	298	269	244	222	198	175	161	142	106	1	79	259.147	1810.532	0	0	0	2001	0	0	0	1863	0	0	0	1	80	259.730	1810.428	0	0	0	2001	0	0	0	1876	0	0	0
205	205	2120	712.448	1812.499	334	531	670	419	120	291	681	708	303	91	1234.398	13942	1446	1209	1134	1054	946	829	690	584	431	179	152.445	1062	167	144	138	133	129	124	121	116	112	102	1	92	710.104	1821.607	0	0	0	7378	0	0	0	568	0	0	0	1	92	710.529	1821.181	0	0	0	7378	0	0	0	568	0	0	0
206	206	1649	445.478	1808.250	414	336	411	270	190	345	504	448	219	94	332.902	7362	379	266	239	218	202	190	178	167	149	110	150.378	1131	164	149	144	139	135	130	125	117	109	101	1	46	435.457	1804.158	0	0	0	3241	0	0	0	348	0	0	0	1	49	436.851	1803.675	0	0	0	1657	0	0	0	572	0	0	0
207	207	1467	340.249	1835.505	287	304	403	337	107	235	424	500	233	48	331.011	2387	419	387	359	331	305	283	260	232	196	128	117.228	218	128	123	120	118	116	113	111	109	106	99	1	29	330.238	1831.960	0	0	0	1294	0	0	0	141	0	0	0	1	24	332.046	1832.770	0	0	0	817	0	0	0	174	0	0	0
208	208	1028	1146.867	1833.627	174	477	225	117	17	192	533	214	55	9	125.952	149	136	133	131	129	127	125	122	119	114	102	276.212	396	352	330	310	292	274	259	243	229	207	133	0	0	0.000	0.000	0	0	0	0	0	0	0	0	0	0	0	0	0	0.000	0.000	0	0	0	0	0	0	0	0	0	0	0
209	209	2002	510.616	1855.910	690	782	395	82	25	847	724	298	76	15	124.743	176	138	132	129	127	125	122	119	115	111	100	2062.464	3858	3228	2916	2629	2307	2076	1807	1525	1295	863	211	0	0	0.000	0.000	0	0	0	0	0	0	0	0	0	0	0	0	0	0.000	0.000	0	0	0	0	0	0	0	0	0	0	0
210	210	2562	992.380	1852.641	504	468	847	461	234	541	712	818	346	108	138.830	172	156	151	148	144	141	137	133	127	118	99	421.231	652	586	542	501	461	429	397	360	308	237	136	0	0	0.000	0.000	0	0	0	0	0	0	0	0	0	0	0	0	0	0.000	0.000	0	0	0	0	0	0	0	0	0	0	0
211	211	924	1425.681	1844.858	119	235	260	185	102	141	446	159	137	21	108.010	118	113	111	110	109	108	107	106	105	104	95	267.605	381	335	320	304	288	274	258	240	218	188	131	0	0	0.000	0.000	0	0	0	0	0	0	0	0	0	0	0	0	0	0.000	0.000	0	0	0	0	0	0	0	0	0	0	0
212	212	1530	1472.818	1849.119	482	633	312	55	13	396	644	340	96	22	126.958	166	151	143	136	130	125	120	115	111	108	98	1437.067	2841	2250	2019	1867	1715	1499	1286	1072	820	450	166	0	0	0.000	0.000	0	0	0	0	0	0	0	0	0	0	0	0	0	0.000	0.000	0	0	0	0	0	0	0	0	0	0	0
213	213	1732	1786.315	1858.048	1229	358	82	26	17	1318	280	72	26	14	683.713	1483	1078	911	789	692	628	550	499	460	401	212	125.604	158	139	135	131	128	125	122	119	116	112	101	0	0	0.000	0.000	0	0	0	0	0	0	0	0	0	0	0	0	0	0.000	0.000	0	0	0	0	0	0	0	0	0	0	0
214	214	1372	296.989	1869.805	228	384	382	315	39	193	524	375	209	52	3129.983	27621	13083	2688	1139	652	474	398	349	301	252	151	335.254	2446	966	316	190	150	133	125	120	115	111	100	1	262	294.085	1871.793	0	0	0	13804	0	0	0	995	0	0	0	1	215	294.443	1871.862	0	0	0	16564	0	0	0	1202	0	0	0
215	215	2380	1047.793	1873.005	492	456	776	434	184	453	932	689	208	44	308.433	6573	360	195	163	153	147	142	138	132	124	102	463.744	2593	592	533	491	456	424	397	364	327	269	136	1	102	1038.431	1879.265	0	0	0	2652	0	0	0	1218	0	0	0	1	57	1039.517	1877.604	0	0	0	2508	0	0	0	1778	0	0	0
216	216	1395	594.081	1884.904	168	381	375	346	102	177	494	434	204	52	800.472	1292	1124	1007	916	857	805	745	681	607	486	263	108.804	126	115	112	110	109	108	107	106	105	104	96	0	0	0.000	0.000	0	0	0	0	0	0	0	0	0	0	0	0	0	0.000	0.000	0	0	0	0	0	0	0	0	0	0	0
217	217	1896	255.864	1896.080	774	515	432	132	24	691	677	347	124	28	116.950	156	126	123	121	119	117	115	113	110	106	99	281.729	424	373	356	336	312	289	271	246	208	167	112	0	0	0.000	0.000	0	0	0	0	0	0	0	0	0	0	0	0	0	0.000	0.000	0	0	0	0	0	0	0	0	0	0	0
218	218	1831	542.444	1898.396	247	549	590	323	94	194	781	558	210	50	1146.372	1815	1573	1515	1431	1313	1186	1059	945	815	609	189	112.418	147	121	118	115	113	111	110	108	107	105	98	0	0	0.000	0.000	0	0	0	0	0	0	0	0	0	0	0	0	0	0.000	0.000	0	0	0	0	0	0	0	0	0	0	0
219	219	1857	1609.591	1903.056	273	515	579	356	99	247	578	605	310	88	131.824	904	136	128	124	122	120	118	115	112	109	97	246.663	369	315	294	280	266	252	238	223	197	166	113	1	49	1621.495	1906.341	0	0	0	420	0	0	0	302	0	0	0	0	0	0.000	0.000	0	0	0	0	0	0	0	0	0	0	0
220	220	1939	967.983	1909.172	277	584	592	396	57	245	882	484	267	24	113.264	132	120	118	116	115	113	112	110	109	106	98	241.685	348	309	291	274	257	241	229	216	200	171	113	0	0	0.000	0.000	0	0	0	0	0	0	0	0	0	0	0	0	0	0.000	0.000	0	0	0	0	0	0	0	0	0	0	0
221	221	2313	763.903	1915.584	688	575	635	304	62	612	769	562	270	65	2044.390	27056	4661	1023	425	252	202	186	175	164	147	112	880.498	10377	1559	538	431	402	381	362	339	298	223	134	1	286	769.065	1912.839	0	0	0	14155	0	0	0	3664	0	0	0	1	209	769.367	1912.484	0	0	0	18348	0	0	0	5331	0	0	0
222	222	1429	470.342	1922.106	296	506	423	153	30	248	571	455	119	15	197.267	252	222	214	207	203	198	194	189	183	174	123	203.393	259	235	224	217	210	204	198	192	185	173	122	0	0	0.000	0.000	0	0	0	0	0	0	0	0	0	0	0	0	0	0.000	0.000	0	0	0	0	0	0	0	0	0	0	0
223	223	1741	609.109	1924.826	428	318	455	373	137	362	447	543	286	73	1706.639	19982	2612	1122	1015	944	885	800	713	570	352	145	266.805	3378	397	181	154	146	141	134	129	122	113	102	1	146	604.513	1918.291	0	0	0	10542	0	0	0	1227	0	0	0	1	116	604.992	1918.072	0	0	0	13403	0	0	0	1646	0	0	0
224	224	518	1000.332	1941.042	43	139	148	116	58	25	177	191	91	27	110.388	124	117	115	113	112	110	109	108	106	104	100	208.817	268	247	238	231	224	214	202	190	178	162	124	0	0	0.000	0.000	0	0	0	0	0	0	0	0	0	0	0	0	0	0.000	0.000	0	0	0	0	0	0	0	0	0	0	0
225	225	1333	1480.735	1961.782	229	361	349	288	81	199	416	334	261	86	677.734	1121	906	810	760	720	687	643	594	543	450	209	111.150	126	117	115	113	112	111	110	108	107	106	99	0	0	0.000	0.000	0	0	0	0	0	0	0	0	0	0	0	0	0	0.000	0.000	0	0	0	0	0	0	0	0	0	0	0
226	226	573	951.816	1954.658	126	213	122	81	17	95	161	165	93	48	177.005	229	208	202	195	189	181	174	163	151	137	113	150.654	187	171	165	161	156	151	147	142	136	130	111	0	0	0.000	0.000	0	0	0	0	0	0	0	0	0	0	0	0	0	0.000	0.000	0	0	0	0	0	0	0	0	0	0	0
227	227	1287	1629.869	1966.557	139	338	403	313	68	156	472	403	201	33	106.507	121	111	110	109	107	106	105	104	103	102	95	228.591	315	283	272	261	248	236	222	206	186	158	114	0	0	0.000	0.000	0	0	0	0	0	0	0	0	0	0	0	0	0	0.000	0.000	0	0	0	0	0	0	0	0	0	0	0
228	228	1370	984.687	1977.607	158	447	422	288	33	104	526	416	220	73	492.442	9797	637	335	275	258	248	236	224	205	181	114	190.604	1089	222	190	181	176	171	166	159	152	139	113	1	55	976.713	1974.507	0	0	0	4426	0	0	0	562	0	0	0	1	45	976.991	1973.762	0	0	0	4426	0	0	0	660	0	0	0
