 	cell	area	x	y	BFI_lev_b1	BFI_lev_b2	BFI_lev_b3	BFI_lev_b4	BFI_lev_b5	BFO_lev_b1	BFO_lev_b2	BFO_lev_b3	BFO_lev_b4	BFO_lev_b5	GFP_int_mean	GFP_int_b0	GFP_int_b1	GFP_int_b2	GFP_int_b3	GFP_int_b4	GFP_int_b5	GFP_int_b6	GFP_int_b7	GFP_int_b8	GFP_int_b9	GFP_int_b10	RFP_int_mean	RFP_int_b0	RFP_int_b1	RFP_int_b2	RFP_int_b3	RFP_int_b4	RFP_int_b5	RFP_int_b6	RFP_int_b7	RFP_int_b8	RFP_int_b9	RFP_int_b10	inGFPnfoci	f1_inGFParea	f1_inGFPx	f1_inGFPy	f2_inGFParea	f2_inGFPx	f2_inGFPy	f1_inGFP_toGFPmed	f1_inGFP_toGFPmean	f2_inGFP_toGFPmed	f2_inGFP_toGFPmean	f1_inGFP_toRFPmed	f1_inGFP_toRFPmean	f2_inGFP_toRFPmed	f2_inGFP_toRFPmean	inRFPnfoci	f1_inRFParea	f1_inRFPx	f1_inRFPy	f2_inRFParea	f2_inRFPx	f2_inRFPy	f1_inRFP_toGFPmed	f1_inRFP_toGFPmean	f2_inRFP_toGFPmed	f2_inRFP_toGFPmean	f1_inRFP_toRFPmed	f1_inRFP_toRFPmean	f2_inRFP_toRFPmed	f2_inRFP_toRFPmean
1	1	2368	1235.650	90.771	416	958	693	229	25	236	624	975	379	101	111.390	126	116	115	114	112	111	110	109	108	106	99	104.562	115	108	107	106	105	104	104	103	102	101	93	0	0	0.000	0.000	0	0	0	0	0	0	0	0	0	0	0	0	0	0.000	0.000	0	0	0	0	0	0	0	0	0	0	0
2	2	1774	258.824	98.637	297	617	444	349	31	271	742	531	192	11	119.750	143	127	125	123	121	120	118	117	115	112	102	105.260	117	109	108	107	106	105	104	104	103	102	96	0	0	0.000	0.000	0	0	0	0	0	0	0	0	0	0	0	0	0	0.000	0.000	0	0	0	0	0	0	0	0	0	0	0
3	3	1564	1291.105	102.168	299	586	445	181	21	188	599	376	286	89	109.829	127	115	113	112	111	110	109	108	107	105	98	105.380	116	109	108	107	106	105	104	104	103	102	96	0	0	0.000	0.000	0	0	0	0	0	0	0	0	0	0	0	0	0	0.000	0.000	0	0	0	0	0	0	0	0	0	0	0
4	4	1601	1138.618	104.143	151	574	563	264	20	58	403	735	259	109	518.074	842	697	642	600	565	533	499	461	398	310	129	109.392	122	115	113	111	110	109	108	107	106	105	97	0	0	0.000	0.000	0	0	0	0	0	0	0	0	0	0	0	0	0	0.000	0.000	0	0	0	0	0	0	0	0	0	0	0
5	5	1261	1337.511	111.608	212	411	369	197	49	199	426	362	198	47	148.462	190	167	161	157	153	150	146	141	136	129	110	146.563	186	166	161	157	153	148	144	139	132	124	102	0	0	0.000	0.000	0	0	0	0	0	0	0	0	0	0	0	0	0	0.000	0.000	0	0	0	0	0	0	0	0	0	0	0
6	6	2001	368.315	126.027	150	721	745	320	24	198	772	675	247	63	821.492	1464	1244	1124	1015	919	835	752	665	550	336	122	127.302	157	143	138	135	131	127	124	120	116	111	100	0	0	0.000	0.000	0	0	0	0	0	0	0	0	0	0	0	0	0	0.000	0.000	0	0	0	0	0	0	0	0	0	0	0
7	7	884	1733.670	118.804	212	385	194	58	11	98	359	300	86	25	783.560	1106	1003	967	912	862	806	746	686	633	521	281	107.235	119	111	110	109	108	107	106	106	105	103	97	0	0	0.000	0.000	0	0	0	0	0	0	0	0	0	0	0	0	0	0.000	0.000	0	0	0	0	0	0	0	0	0	0	0
8	8	1599	297.531	134.694	243	527	543	222	35	155	546	536	274	60	334.439	500	420	398	379	357	342	323	305	280	226	119	130.337	160	143	139	137	134	131	129	126	122	115	101	0	0	0.000	0.000	0	0	0	0	0	0	0	0	0	0	0	0	0	0.000	0.000	0	0	0	0	0	0	0	0	0	0	0
9	9	1984	1681.286	130.444	442	896	493	88	17	189	721	604	333	99	255.501	331	297	288	280	272	264	256	244	226	194	130	114.519	129	121	119	117	116	115	113	112	110	108	96	0	0	0.000	0.000	0	0	0	0	0	0	0	0	0	0	0	0	0	0.000	0.000	0	0	0	0	0	0	0	0	0	0	0
10	10	705	1366.298	140.196	132	280	205	59	12	84	278	211	100	21	181.122	227	211	204	199	193	187	179	170	157	140	112	179.833	238	216	209	203	195	187	178	165	149	129	106	0	0	0.000	0.000	0	0	0	0	0	0	0	0	0	0	0	0	0	0.000	0.000	0	0	0	0	0	0	0	0	0	0	0
11	11	722	1592.303	148.309	144	222	171	143	33	191	272	154	73	20	221.952	302	263	251	243	235	229	221	212	192	166	132	114.141	129	120	118	117	115	114	113	111	110	108	100	0	0	0.000	0.000	0	0	0	0	0	0	0	0	0	0	0	0	0	0.000	0.000	0	0	0	0	0	0	0	0	0	0	0
12	12	1720	1230.959	158.090	484	693	441	53	10	213	684	418	278	89	110.450	122	115	114	112	111	111	110	108	107	106	98	143.512	177	159	155	152	149	146	143	139	133	122	100	0	0	0.000	0.000	0	0	0	0	0	0	0	0	0	0	0	0	0	0.000	0.000	0	0	0	0	0	0	0	0	0	0	0
13	13	2080	1288.219	163.827	366	631	641	348	40	291	754	589	306	86	111.088	125	117	115	113	112	111	110	109	107	106	100	143.912	191	170	162	156	150	144	138	132	125	118	103	0	0	0.000	0.000	0	0	0	0	0	0	0	0	0	0	0	0	0	0.000	0.000	0	0	0	0	0	0	0	0	0	0	0
14	14	1008	1918.679	161.999	234	300	309	138	13	120	265	283	226	92	243.044	343	302	283	271	260	250	239	223	204	176	115	108.283	121	114	112	110	109	108	107	106	104	103	98	0	0	0.000	0.000	0	0	0	0	0	0	0	0	0	0	0	0	0	0.000	0.000	0	0	0	0	0	0	0	0	0	0	0
15	15	1507	334.256	170.514	220	354	457	342	108	159	385	577	223	132	920.205	1520	1328	1199	1128	1052	979	879	761	606	444	195	132.253	163	150	146	142	138	133	129	124	119	112	100	0	0	0.000	0.000	0	0	0	0	0	0	0	0	0	0	0	0	0	0.000	0.000	0	0	0	0	0	0	0	0	0	0	0
16	16	1679	1826.842	171.975	356	482	490	308	21	271	504	512	303	63	231.955	325	288	271	261	251	239	227	213	190	159	114	143.800	184	164	158	154	150	145	140	136	129	120	103	0	0	0.000	0.000	0	0	0	0	0	0	0	0	0	0	0	0	0	0.000	0.000	0	0	0	0	0	0	0	0	0	0	0
17	17	2596	1384.068	184.263	477	1011	792	262	18	356	1054	808	288	38	939.283	13862	996	839	756	689	621	569	530	452	290	117	244.056	2750	256	213	199	189	180	172	162	147	125	101	1	103	1372.282	179.364	0	0	0	7259	0	0	0	1536	0	0	0	1	122	1372.043	179.178	0	0	0	6623	0	0	0	1340	0	0	0
18	18	1627	1773.117	181.044	392	653	399	138	9	365	649	346	195	47	557.634	9578	762	341	278	253	236	222	211	197	179	123	168.412	832	190	163	157	152	148	144	139	134	126	103	1	95	1768.270	186.749	0	0	0	4334	0	0	0	441	0	0	0	1	79	1768.410	186.380	0	0	0	5095	0	0	0	514	0	0	0
19	19	1803	1446.859	182.655	438	665	522	139	17	338	611	561	205	57	784.981	1111	983	939	903	867	833	795	739	644	486	206	194.321	251	224	218	212	206	201	195	187	172	150	111	0	0	0.000	0.000	0	0	0	0	0	0	0	0	0	0	0	0	0	0.000	0.000	0	0	0	0	0	0	0	0	0	0	0
20	20	1865	1650.641	189.794	238	625	539	351	73	274	697	526	288	51	374.816	3027	489	427	381	357	338	320	302	277	246	156	162.566	437	190	178	170	165	160	155	149	142	133	112	1	33	1635.392	175.977	0	0	0	1567	0	0	0	293	0	0	0	1	15	1635.641	175.524	0	0	0	2081	0	0	0	360	0	0	0
21	21	1345	110.769	188.224	353	404	301	223	40	238	481	314	218	64	1413.534	2509	2068	1841	1680	1579	1483	1401	1261	1055	476	162	185.465	273	232	216	207	199	192	185	175	149	118	98	0	0	0.000	0.000	0	0	0	0	0	0	0	0	0	0	0	0	0	0.000	0.000	0	0	0	0	0	0	0	0	0	0	0
22	22	1438	1327.662	195.839	186	342	417	360	103	177	514	426	207	88	113.886	131	120	118	117	115	114	113	111	110	107	100	147.322	198	174	167	160	153	147	141	135	128	120	103	0	0	0.000	0.000	0	0	0	0	0	0	0	0	0	0	0	0	0	0.000	0.000	0	0	0	0	0	0	0	0	0	0	0
23	23	728	1421.214	223.716	132	212	184	146	46	90	248	218	131	29	561.819	786	704	645	623	601	575	545	510	461	408	237	142.378	171	158	154	150	146	143	140	136	132	125	108	0	0	0.000	0.000	0	0	0	0	0	0	0	0	0	0	0	0	0	0.000	0.000	0	0	0	0	0	0	0	0	0	0	0
24	24	1129	1724.647	229.275	117	274	325	285	108	173	400	376	142	19	196.357	252	228	216	208	202	197	190	185	179	167	129	172.376	224	200	192	184	179	174	169	163	155	143	109	0	0	0.000	0.000	0	0	0	0	0	0	0	0	0	0	0	0	0	0.000	0.000	0	0	0	0	0	0	0	0	0	0	0
25	25	1980	1185.010	239.756	336	812	563	206	26	139	571	807	310	111	118.641	137	126	124	122	121	119	117	116	113	110	103	151.440	190	173	168	163	158	153	147	141	135	128	103	0	0	0.000	0.000	0	0	0	0	0	0	0	0	0	0	0	0	0	0.000	0.000	0	0	0	0	0	0	0	0	0	0	0
26	26	1507	1122.854	240.383	186	460	531	255	44	149	511	517	221	78	110.327	123	115	114	112	111	110	109	108	107	106	99	165.787	219	196	187	179	173	167	162	156	149	131	98	0	0	0.000	0.000	0	0	0	0	0	0	0	0	0	0	0	0	0	0.000	0.000	0	0	0	0	0	0	0	0	0	0	0
27	27	1504	86.833	243.133	194	413	551	261	63	176	678	463	145	12	287.142	1354	362	340	325	310	294	275	251	208	161	112	153.223	245	183	173	167	161	155	150	141	131	119	101	1	14	71.689	238.043	0	0	0	990	0	0	0	214	0	0	0	0	0	0.000	0.000	0	0	0	0	0	0	0	0	0	0	0
28	28	1221	569.599	251.717	167	447	383	178	34	138	476	386	154	39	755.588	1197	993	915	860	811	768	722	685	633	497	163	119.064	139	128	125	122	120	119	117	116	114	111	99	0	0	0.000	0.000	0	0	0	0	0	0	0	0	0	0	0	0	0	0.000	0.000	0	0	0	0	0	0	0	0	0	0	0
29	29	795	187.405	257.284	33	200	315	174	57	22	184	360	161	50	586.235	819	736	713	692	667	632	593	534	453	347	165	134.367	159	148	144	141	139	136	133	130	125	118	104	0	0	0.000	0.000	0	0	0	0	0	0	0	0	0	0	0	0	0	0.000	0.000	0	0	0	0	0	0	0	0	0	0	0
30	30	1655	131.871	263.917	1042	524	28	20	15	1102	458	33	17	15	360.644	5596	395	317	297	280	263	248	229	207	174	112	173.747	1030	201	180	169	161	153	147	140	133	123	103	1	48	139.581	265.093	0	0	0	2732	0	0	0	618	0	0	0	1	57	139.838	265.338	0	0	0	2474	0	0	0	573	0	0	0
31	31	1498	1428.162	268.443	380	683	353	44	12	174	600	450	197	47	582.124	2686	738	682	654	632	600	555	511	447	357	127	142.177	262	160	154	150	147	144	141	136	129	117	99	0	0	0.000	0.000	0	0	0	0	0	0	0	0	0	0	0	0	0	0.000	0.000	0	0	0	0	0	0	0	0	0	0	0
32	32	1899	1080.808	271.770	324	721	640	153	14	260	747	545	282	31	112.561	126	118	116	115	114	113	112	110	109	107	99	172.084	235	203	193	185	178	172	167	160	153	140	111	0	0	0.000	0.000	0	0	0	0	0	0	0	0	0	0	0	0	0	0.000	0.000	0	0	0	0	0	0	0	0	0	0	0
33	33	1462	309.532	272.468	176	402	429	347	75	162	419	446	310	97	112.373	125	117	115	114	113	112	111	110	109	107	99	135.949	169	149	145	141	139	136	134	131	128	123	102	0	0	0.000	0.000	0	0	0	0	0	0	0	0	0	0	0	0	0	0.000	0.000	0	0	0	0	0	0	0	0	0	0	0
34	34	2481	1802.154	285.514	930	954	376	149	27	901	978	403	120	39	131.419	199	142	137	134	132	131	129	127	124	120	109	252.464	375	322	307	293	276	259	239	220	200	170	105	0	0	0.000	0.000	0	0	0	0	0	0	0	0	0	0	0	0	0	0.000	0.000	0	0	0	0	0	0	0	0	0	0	0
35	35	1960	1580.688	292.538	496	956	397	60	24	635	1045	206	31	17	239.088	340	292	281	271	262	252	241	224	198	157	105	134.720	164	151	147	144	140	137	133	128	122	114	99	0	0	0.000	0.000	0	0	0	0	0	0	0	0	0	0	0	0	0	0.000	0.000	0	0	0	0	0	0	0	0	0	0	0
36	36	1302	1194.836	291.017	190	315	357	319	101	171	379	437	241	57	115.926	133	124	121	120	118	117	115	113	110	107	98	144.098	192	168	162	157	152	146	141	135	127	112	101	0	0	0.000	0.000	0	0	0	0	0	0	0	0	0	0	0	0	0	0.000	0.000	0	0	0	0	0	0	0	0	0	0	0
37	37	2186	167.618	302.330	286	786	801	261	20	213	892	788	246	15	727.554	3583	1042	939	833	765	693	627	579	523	393	137	141.076	298	163	155	148	143	138	134	130	126	118	102	1	17	168.033	300.690	0	0	0	2507	0	0	0	205	0	0	0	1	26	166.724	302.782	0	0	0	1681	0	0	0	248	0	0	0
38	38	3721	1670.877	309.888	3355	280	36	18	15	3299	324	48	15	12	127.081	198	146	133	129	127	124	122	119	117	113	102	168.171	239	210	200	191	183	174	163	148	131	118	100	0	0	0.000	0.000	0	0	0	0	0	0	0	0	0	0	0	0	0	0.000	0.000	0	0	0	0	0	0	0	0	0	0	0
39	39	2422	687.857	320.676	465	846	614	398	71	511	1053	540	243	28	588.857	1042	804	720	674	642	601	560	518	457	335	123	108.594	129	114	112	110	109	108	107	106	105	104	96	0	0	0.000	0.000	0	0	0	0	0	0	0	0	0	0	0	0	0	0.000	0.000	0	0	0	0	0	0	0	0	0	0	0
40	40	1940	1886.173	323.646	685	682	416	114	18	483	697	448	227	61	131.641	216	145	138	135	132	130	128	125	122	118	104	268.251	450	380	355	330	301	267	234	210	185	149	109	0	0	0.000	0.000	0	0	0	0	0	0	0	0	0	0	0	0	0	0.000	0.000	0	0	0	0	0	0	0	0	0	0	0
41	41	1419	942.489	329.012	315	569	396	92	21	224	634	359	156	22	120.429	141	130	127	125	123	121	119	116	114	110	99	239.812	342	302	292	280	267	251	232	211	186	157	109	0	0	0.000	0.000	0	0	0	0	0	0	0	0	0	0	0	0	0	0.000	0.000	0	0	0	0	0	0	0	0	0	0	0
42	42	1280	1247.195	332.019	338	431	303	155	25	240	506	295	166	47	112.571	132	120	118	116	114	113	111	109	107	105	99	193.488	263	231	222	215	208	201	192	180	162	141	107	0	0	0.000	0.000	0	0	0	0	0	0	0	0	0	0	0	0	0	0.000	0.000	0	0	0	0	0	0	0	0	0	0	0
43	43	1806	1578.678	350.307	263	878	576	50	12	107	638	634	348	39	765.131	13630	1067	383	293	264	242	221	202	187	167	108	166.638	1040	205	154	145	138	133	127	122	117	112	101	1	130	1585.779	353.732	0	0	0	6114	0	0	0	471	0	0	0	1	121	1586.596	352.966	0	0	0	5442	0	0	0	542	0	0	0
44	44	2517	1299.105	352.175	713	792	683	238	46	553	941	631	299	51	114.789	132	122	120	118	116	115	113	112	110	108	97	225.585	348	298	276	258	242	227	211	195	177	148	106	0	0	0.000	0.000	0	0	0	0	0	0	0	0	0	0	0	0	0	0.000	0.000	0	0	0	0	0	0	0	0	0	0	0
45	45	1230	1635.186	356.519	163	600	357	77	9	79	527	399	160	37	187.662	256	227	218	209	199	190	178	167	157	146	120	146.766	196	175	168	160	152	145	139	133	127	121	106	0	0	0.000	0.000	0	0	0	0	0	0	0	0	0	0	0	0	0	0.000	0.000	0	0	0	0	0	0	0	0	0	0	0
46	46	1664	149.347	359.663	261	373	528	391	81	195	303	675	345	115	334.069	548	443	411	393	370	342	316	293	259	199	116	105.896	124	110	108	107	106	106	105	104	103	102	98	0	0	0.000	0.000	0	0	0	0	0	0	0	0	0	0	0	0	0	0.000	0.000	0	0	0	0	0	0	0	0	0	0	0
47	47	1236	718.557	366.632	292	587	298	31	7	181	587	283	151	12	614.549	985	862	789	732	682	629	561	502	448	354	163	107.019	123	112	110	109	108	107	106	105	104	102	96	0	0	0.000	0.000	0	0	0	0	0	0	0	0	0	0	0	0	0	0.000	0.000	0	0	0	0	0	0	0	0	0	0	0
48	48	1678	1121.692	370.255	153	471	585	387	47	112	482	623	291	133	171.570	231	205	195	187	180	173	166	159	149	135	109	190.413	267	236	224	213	202	192	183	174	159	136	106	0	0	0.000	0.000	0	0	0	0	0	0	0	0	0	0	0	0	0	0.000	0.000	0	0	0	0	0	0	0	0	0	0	0
49	49	1703	956.945	378.762	144	393	521	465	141	139	410	649	330	147	118.906	138	128	125	123	121	119	117	115	113	110	101	210.204	309	270	257	245	231	212	194	177	161	147	115	0	0	0.000	0.000	0	0	0	0	0	0	0	0	0	0	0	0	0	0.000	0.000	0	0	0	0	0	0	0	0	0	0	0
50	50	1617	1856.088	389.505	280	641	448	193	23	174	517	513	284	104	384.932	770	487	456	431	410	385	362	334	309	280	128	106.218	120	111	109	108	107	106	105	104	103	102	96	0	0	0.000	0.000	0	0	0	0	0	0	0	0	0	0	0	0	0	0.000	0.000	0	0	0	0	0	0	0	0	0	0	0
51	51	2121	96.883	387.761	312	546	636	442	140	222	584	683	414	175	317.390	495	431	392	360	331	308	291	270	250	224	133	105.668	125	110	108	107	106	105	105	104	103	102	97	0	0	0.000	0.000	0	0	0	0	0	0	0	0	0	0	0	0	0	0.000	0.000	0	0	0	0	0	0	0	0	0	0	0
52	52	1852	1607.922	396.446	190	548	622	404	53	165	724	589	300	49	313.133	4840	352	232	210	198	190	181	172	164	151	117	196.682	900	234	210	197	185	175	169	163	154	138	105	1	89	1613.636	385.552	0	0	0	2087	0	0	0	515	0	0	0	1	72	1613.912	385.836	0	0	0	2574	0	0	0	572	0	0	0
53	53	1556	1668.247	393.441	271	439	543	251	24	205	505	584	197	33	331.646	6169	358	249	231	219	203	190	175	163	148	118	155.355	694	179	167	158	151	144	138	131	124	118	103	1	56	1670.134	408.198	0	0	0	2816	0	0	0	415	0	0	0	1	50	1670.208	407.211	0	0	0	2610	0	0	0	430	0	0	0
54	54	1092	407.501	388.935	139	251	304	279	91	100	231	365	262	116	741.029	1182	1043	959	879	804	743	682	623	555	436	210	159.932	211	188	179	173	167	161	155	149	142	128	108	0	0	0.000	0.000	0	0	0	0	0	0	0	0	0	0	0	0	0	0.000	0.000	0	0	0	0	0	0	0	0	0	0	0
55	55	1634	359.320	392.642	191	507	558	319	38	129	618	565	204	84	637.829	1011	832	774	730	697	661	616	563	490	412	175	149.745	190	169	164	160	156	151	146	141	135	129	106	0	0	0.000	0.000	0	0	0	0	0	0	0	0	0	0	0	0	0	0.000	0.000	0	0	0	0	0	0	0	0	0	0	0
56	56	1274	1766.874	407.201	200	456	349	187	56	238	628	259	89	29	218.690	412	267	250	240	232	224	213	201	187	161	114	210.660	302	266	250	240	228	216	202	187	172	144	104	0	0	0.000	0.000	0	0	0	0	0	0	0	0	0	0	0	0	0	0.000	0.000	0	0	0	0	0	0	0	0	0	0	0
57	57	2137	263.065	413.882	297	572	623	415	188	326	771	595	336	68	115.803	134	122	120	119	117	116	114	113	111	109	99	240.644	354	303	283	268	254	242	232	223	206	167	108	0	0	0.000	0.000	0	0	0	0	0	0	0	0	0	0	0	0	0	0.000	0.000	0	0	0	0	0	0	0	0	0	0	0
58	58	1680	1897.098	420.055	257	631	580	162	23	203	588	562	259	37	320.029	495	423	392	368	344	319	297	278	256	221	119	105.991	123	111	109	107	106	105	104	104	103	102	96	0	0	0.000	0.000	0	0	0	0	0	0	0	0	0	0	0	0	0	0.000	0.000	0	0	0	0	0	0	0	0	0	0	0
59	59	1155	142.938	414.047	884	205	29	11	12	738	318	42	23	16	122.742	178	153	136	126	120	116	114	112	109	107	98	221.844	292	269	262	255	245	233	217	199	178	154	111	0	0	0.000	0.000	0	0	0	0	0	0	0	0	0	0	0	0	0	0.000	0.000	0	0	0	0	0	0	0	0	0	0	0
60	60	1484	323.051	427.469	124	453	523	291	63	124	478	591	221	53	667.780	1075	920	841	781	723	679	631	585	528	382	136	154.263	198	178	169	164	159	155	151	146	139	129	105	0	0	0.000	0.000	0	0	0	0	0	0	0	0	0	0	0	0	0	0.000	0.000	0	0	0	0	0	0	0	0	0	0	0
61	61	816	1230.998	421.432	72	209	225	204	95	88	348	190	142	36	179.718	247	222	214	205	199	193	182	164	135	116	103	172.089	246	227	217	209	197	182	161	135	114	107	101	0	0	0.000	0.000	0	0	0	0	0	0	0	0	0	0	0	0	0	0.000	0.000	0	0	0	0	0	0	0	0	0	0	0
62	62	518	1625.514	437.689	121	166	126	73	20	132	132	139	85	24	157.747	199	177	172	168	165	162	157	150	143	133	112	158.010	196	179	174	169	164	160	155	149	143	134	112	0	0	0.000	0.000	0	0	0	0	0	0	0	0	0	0	0	0	0	0.000	0.000	0	0	0	0	0	0	0	0	0	0	0
63	63	1032	1672.674	446.236	119	299	329	216	48	106	338	353	169	48	227.717	322	283	267	255	245	234	221	205	186	163	115	196.301	264	243	232	221	212	200	189	175	161	144	109	0	0	0.000	0.000	0	0	0	0	0	0	0	0	0	0	0	0	0	0.000	0.000	0	0	0	0	0	0	0	0	0	0	0
64	64	1111	506.213	457.394	374	301	227	140	51	303	301	254	181	44	463.069	902	737	646	562	498	444	406	363	287	193	113	108.484	125	114	112	110	109	108	107	106	105	104	97	0	0	0.000	0.000	0	0	0	0	0	0	0	0	0	0	0	0	0	0.000	0.000	0	0	0	0	0	0	0	0	0	0	0
65	65	2801	1863.806	480.889	606	1072	811	235	32	420	721	919	510	184	122.072	142	130	128	126	124	123	121	119	116	113	103	176.587	237	206	198	192	186	180	174	166	155	140	104	0	0	0.000	0.000	0	0	0	0	0	0	0	0	0	0	0	0	0	0.000	0.000	0	0	0	0	0	0	0	0	0	0	0
66	66	1313	1698.266	480.619	199	336	411	277	65	140	380	466	238	67	116.051	128	121	120	118	117	116	115	114	113	111	104	125.152	148	135	132	129	128	126	124	122	119	115	104	0	0	0.000	0.000	0	0	0	0	0	0	0	0	0	0	0	0	0	0.000	0.000	0	0	0	0	0	0	0	0	0	0	0
67	67	1403	408.445	479.412	172	596	464	132	12	111	526	455	232	52	694.461	1568	906	846	798	757	711	661	609	537	443	153	163.220	269	188	181	175	171	165	159	153	145	135	106	0	0	0.000	0.000	0	0	0	0	0	0	0	0	0	0	0	0	0	0.000	0.000	0	0	0	0	0	0	0	0	0	0	0
68	68	1485	887.556	476.503	205	457	552	203	34	161	461	514	270	51	111.376	124	117	115	114	113	111	110	109	107	106	100	125.885	167	143	135	131	128	125	122	119	115	110	100	0	0	0.000	0.000	0	0	0	0	0	0	0	0	0	0	0	0	0	0.000	0.000	0	0	0	0	0	0	0	0	0	0	0
69	69	748	1926.943	482.211	124	194	171	203	43	63	185	197	185	98	301.237	436	396	376	359	339	318	298	270	228	158	108	130.286	163	149	144	140	137	133	127	122	115	107	100	0	0	0.000	0.000	0	0	0	0	0	0	0	0	0	0	0	0	0	0.000	0.000	0	0	0	0	0	0	0	0	0	0	0
70	70	1886	253.573	493.689	200	441	640	481	89	257	651	630	272	45	1257.673	20277	2459	576	325	251	227	210	197	182	163	115	367.884	3270	617	310	262	240	222	209	198	182	152	104	1	173	246.429	495.481	0	0	0	9333	0	0	0	1513	0	0	0	1	157	246.564	495.350	0	0	0	10319	0	0	0	1701	0	0	0
71	71	1064	568.207	490.704	161	268	359	242	16	85	333	362	203	67	181.434	250	218	208	198	191	182	174	167	159	144	108	163.654	215	194	185	178	171	164	158	152	144	131	106	0	0	0.000	0.000	0	0	0	0	0	0	0	0	0	0	0	0	0	0.000	0.000	0	0	0	0	0	0	0	0	0	0	0
72	72	1227	719.239	493.495	230	446	313	176	34	195	565	270	130	50	112.583	130	118	117	115	114	113	112	110	109	106	101	170.490	231	205	193	182	175	170	166	160	151	134	109	0	0	0.000	0.000	0	0	0	0	0	0	0	0	0	0	0	0	0	0.000	0.000	0	0	0	0	0	0	0	0	0	0	0
73	73	2077	1109.038	496.720	764	515	508	207	48	683	660	445	202	54	120.601	148	132	128	125	122	120	118	116	113	110	100	689.610	1125	1011	939	866	786	718	647	567	463	286	131	0	0	0.000	0.000	0	0	0	0	0	0	0	0	0	0	0	0	0	0.000	0.000	0	0	0	0	0	0	0	0	0	0	0
74	74	1165	1492.523	498.793	156	385	413	164	24	109	270	438	217	105	296.011	438	371	346	328	315	301	287	273	251	212	118	125.940	172	136	133	130	128	126	124	122	119	116	105	0	0	0.000	0.000	0	0	0	0	0	0	0	0	0	0	0	0	0	0.000	0.000	0	0	0	0	0	0	0	0	0	0	0
75	75	1013	412.853	524.548	243	298	255	153	51	345	323	228	88	16	141.156	409	151	145	142	139	137	135	132	128	123	106	214.557	907	260	230	219	210	199	190	182	172	148	110	1	31	428.170	527.958	0	0	0	280	0	0	0	521	0	0	0	1	30	427.339	525.438	0	0	0	180	0	0	0	618	0	0	0
76	76	1649	302.140	531.765	285	465	517	317	37	126	444	628	319	91	292.645	3859	307	257	246	237	228	218	206	190	158	112	225.482	868	272	257	246	235	224	212	199	170	136	106	1	52	315.662	534.487	0	0	0	1936	0	0	0	431	0	0	0	1	32	316.116	532.257	0	0	0	876	0	0	0	669	0	0	0
77	77	1851	1260.642	542.892	862	840	68	24	22	1244	526	29	13	10	449.302	9267	492	330	305	288	274	258	243	223	180	115	173.557	1179	185	175	169	163	158	153	147	137	123	102	1	56	1257.066	531.679	0	0	0	4593	0	0	0	625	0	0	0	1	52	1255.862	531.005	0	0	0	2744	0	0	0	638	0	0	0
78	78	1757	197.466	544.704	303	476	514	378	47	225	455	644	297	98	501.147	787	668	629	597	569	533	498	464	378	238	118	142.371	183	164	158	153	148	143	138	134	128	118	103	0	0	0.000	0.000	0	0	0	0	0	0	0	0	0	0	0	0	0	0.000	0.000	0	0	0	0	0	0	0	0	0	0	0
79	79	1625	466.050	543.885	185	541	566	257	45	119	592	521	280	72	142.680	173	155	152	150	147	145	142	139	134	126	104	203.187	274	239	229	220	213	207	201	193	183	160	114	0	0	0.000	0.000	0	0	0	0	0	0	0	0	0	0	0	0	0	0.000	0.000	0	0	0	0	0	0	0	0	0	0	0
80	80	1519	1357.643	548.149	357	730	343	41	19	175	638	456	200	31	2085.003	3032	2571	2441	2352	2243	2162	2062	1951	1791	1432	330	118.675	142	128	125	122	120	118	116	114	113	110	102	0	0	0.000	0.000	0	0	0	0	0	0	0	0	0	0	0	0	0	0.000	0.000	0	0	0	0	0	0	0	0	0	0	0
81	81	2381	425.759	566.001	516	820	773	217	15	422	1108	648	151	16	1521.693	23101	2870	635	362	278	248	229	213	191	163	115	454.078	4836	790	312	254	233	216	198	180	163	142	105	1	236	428.639	562.440	0	0	0	11363	0	0	0	2355	0	0	0	1	226	428.893	562.387	0	0	0	11593	0	0	0	2449	0	0	0
82	82	1172	1704.545	559.850	306	430	288	98	22	288	427	326	95	22	298.386	436	376	350	331	315	300	285	270	251	222	118	107.056	119	112	110	109	108	107	106	105	104	103	96	0	0	0.000	0.000	0	0	0	0	0	0	0	0	0	0	0	0	0	0.000	0.000	0	0	0	0	0	0	0	0	0	0	0
83	83	1542	817.081	571.000	210	406	479	338	76	140	593	489	208	80	1129.973	1831	1564	1466	1370	1271	1172	1061	929	829	637	214	110.394	131	120	115	112	110	109	108	107	105	104	98	0	0	0.000	0.000	0	0	0	0	0	0	0	0	0	0	0	0	0	0.000	0.000	0	0	0	0	0	0	0	0	0	0	0
84	84	1059	1307.299	567.569	124	348	367	176	22	149	395	296	153	40	116.750	130	122	120	119	118	117	116	115	113	112	104	107.468	122	112	110	109	108	107	106	105	105	103	99	0	0	0.000	0.000	0	0	0	0	0	0	0	0	0	0	0	0	0	0.000	0.000	0	0	0	0	0	0	0	0	0	0	0
85	85	1656	82.380	576.571	217	510	454	374	66	215	776	416	197	18	114.745	131	121	119	117	116	115	114	112	111	109	101	106.426	125	113	110	108	107	105	105	104	103	102	97	0	0	0.000	0.000	0	0	0	0	0	0	0	0	0	0	0	0	0	0.000	0.000	0	0	0	0	0	0	0	0	0	0	0
86	86	1998	694.134	587.514	314	693	674	224	52	326	870	589	149	30	643.342	11379	805	417	341	301	268	245	227	207	186	115	218.588	1146	275	236	215	198	184	174	165	155	143	110	1	111	694.423	588.733	0	0	0	5731	0	0	0	644	0	0	0	1	98	694.701	587.914	0	0	0	5727	0	0	0	690	0	0	0
87	87	2524	1388.948	585.306	702	730	764	258	25	516	537	959	341	131	325.356	2343	460	283	263	247	234	220	203	183	159	115	121.509	168	137	133	130	127	122	117	112	108	105	98	0	0	0.000	0.000	0	0	0	0	0	0	0	0	0	0	0	0	0	0.000	0.000	0	0	0	0	0	0	0	0	0	0	0
88	88	1121	568.814	592.754	138	306	428	194	38	145	351	458	119	33	252.946	337	293	284	276	267	259	249	238	225	203	136	235.907	310	283	268	260	251	243	231	219	206	183	119	0	0	0.000	0.000	0	0	0	0	0	0	0	0	0	0	0	0	0	0.000	0.000	0	0	0	0	0	0	0	0	0	0	0
89	89	1771	784.735	610.307	299	593	625	191	25	249	682	515	218	72	232.694	354	292	277	264	254	243	231	215	190	148	106	169.423	222	201	194	188	182	176	168	159	144	122	101	0	0	0.000	0.000	0	0	0	0	0	0	0	0	0	0	0	0	0	0.000	0.000	0	0	0	0	0	0	0	0	0	0	0
90	90	1525	205.052	618.156	121	473	560	303	41	79	470	631	244	76	118.284	134	125	123	121	120	118	117	116	114	111	104	106.346	117	111	109	108	107	106	105	105	104	103	96	0	0	0.000	0.000	0	0	0	0	0	0	0	0	0	0	0	0	0	0.000	0.000	0	0	0	0	0	0	0	0	0	0	0
91	91	1094	1842.093	614.846	492	405	120	38	21	553	366	115	32	16	224.504	326	281	267	254	242	227	213	199	181	161	113	107.356	125	113	110	109	108	107	106	105	104	103	99	0	0	0.000	0.000	0	0	0	0	0	0	0	0	0	0	0	1	44	1834.921	620.717	0	0	0	243	0	0	0	114	0	0	0
92	92	2027	954.137	626.731	1426	490	43	28	13	1167	675	102	31	17	308.259	502	411	376	350	327	308	293	273	242	205	114	117.591	139	127	123	121	119	118	116	114	112	109	100	0	0	0.000	0.000	0	0	0	0	0	0	0	0	0	0	0	0	0	0.000	0.000	0	0	0	0	0	0	0	0	0	0	0
93	93	2338	411.400	629.547	311	482	740	604	152	292	803	843	317	40	224.800	316	268	256	246	239	231	222	211	196	167	111	210.819	294	260	248	237	226	214	202	191	179	154	107	0	0	0.000	0.000	0	0	0	0	0	0	0	0	0	0	0	0	0	0.000	0.000	0	0	0	0	0	0	0	0	0	0	0
94	94	1056	645.705	620.793	541	243	144	74	42	451	264	179	99	45	319.205	1140	561	442	373	307	262	227	202	179	159	121	489.104	1282	776	648	577	523	466	411	359	305	256	139	1	32	655.616	623.404	0	0	0	776	0	0	0	918	0	0	0	0	0	0.000	0.000	0	0	0	0	0	0	0	0	0	0	0
95	95	1149	1374.701	633.745	183	427	426	84	13	105	352	465	165	38	224.575	304	273	257	246	235	224	215	205	194	178	126	124.075	148	133	130	128	126	124	123	120	118	114	101	0	0	0.000	0.000	0	0	0	0	0	0	0	0	0	0	0	0	0	0.000	0.000	0	0	0	0	0	0	0	0	0	0	0
96	96	1428	497.067	648.156	352	557	415	66	14	376	671	278	58	12	575.867	875	714	686	662	640	610	572	537	492	367	137	173.228	222	196	189	184	180	176	171	167	158	145	115	0	0	0.000	0.000	0	0	0	0	0	0	0	0	0	0	0	0	0	0.000	0.000	0	0	0	0	0	0	0	0	0	0	0
97	97	791	182.638	654.328	46	238	289	150	44	30	196	381	116	51	191.729	242	221	213	207	199	194	188	180	173	159	118	194.554	246	221	215	211	206	201	192	184	172	160	119	0	0	0.000	0.000	0	0	0	0	0	0	0	0	0	0	0	0	0	0.000	0.000	0	0	0	0	0	0	0	0	0	0	0
98	98	806	223.806	657.686	174	144	200	186	89	145	193	226	194	38	113.788	129	119	117	116	115	114	113	111	110	108	103	106.861	118	111	110	109	108	107	106	105	104	103	97	0	0	0.000	0.000	0	0	0	0	0	0	0	0	0	0	0	0	0	0.000	0.000	0	0	0	0	0	0	0	0	0	0	0
99	99	1853	1140.134	659.767	156	538	793	293	40	108	578	815	278	37	1170.094	1992	1677	1499	1364	1243	1164	1102	1009	880	669	202	150.547	201	176	168	161	155	152	148	143	136	120	101	0	0	0.000	0.000	0	0	0	0	0	0	0	0	0	0	0	0	0	0.000	0.000	0	0	0	0	0	0	0	0	0	0	0
100	100	1885	554.699	666.787	202	464	730	375	75	155	487	839	284	96	682.681	1148	962	885	818	772	716	653	583	479	361	120	140.430	178	161	155	150	145	141	137	132	126	119	103	0	0	0.000	0.000	0	0	0	0	0	0	0	0	0	0	0	0	0	0.000	0.000	0	0	0	0	0	0	0	0	0	0	0
101	101	1898	141.247	668.511	297	897	549	108	19	189	642	678	292	69	113.126	127	119	117	115	114	113	112	111	110	107	100	140.018	183	159	153	147	143	140	136	133	129	122	100	0	0	0.000	0.000	0	0	0	0	0	0	0	0	0	0	0	0	0	0.000	0.000	0	0	0	0	0	0	0	0	0	0	0
102	102	760	811.642	669.228	82	261	213	147	39	88	266	260	118	16	111.295	122	116	114	113	112	111	110	109	108	107	102	113.253	126	120	118	116	115	113	112	111	109	107	101	0	0	0.000	0.000	0	0	0	0	0	0	0	0	0	0	0	0	0	0.000	0.000	0	0	0	0	0	0	0	0	0	0	0
103	103	739	609.969	678.854	70	190	280	149	34	44	194	281	167	31	219.930	290	265	254	243	235	226	216	206	191	165	113	216.528	281	258	250	242	234	226	217	204	185	152	110	0	0	0.000	0.000	0	0	0	0	0	0	0	0	0	0	0	0	0	0.000	0.000	0	0	0	0	0	0	0	0	0	0	0
104	104	1823	485.230	699.319	373	869	523	16	11	328	937	426	99	8	360.397	549	473	444	419	399	380	360	328	272	208	121	155.664	202	181	174	169	164	159	154	148	137	121	103	0	0	0.000	0.000	0	0	0	0	0	0	0	0	0	0	0	0	0	0.000	0.000	0	0	0	0	0	0	0	0	0	0	0
105	105	625	874.121	687.183	61	252	202	81	13	57	215	209	101	29	274.054	354	322	314	301	291	280	266	254	239	218	130	113.278	125	119	117	116	114	113	112	111	110	108	103	0	0	0.000	0.000	0	0	0	0	0	0	0	0	0	0	0	0	0	0.000	0.000	0	0	0	0	0	0	0	0	0	0	0
106	106	1798	798.777	712.704	489	890	359	22	8	208	708	516	258	64	112.345	126	118	116	115	113	112	111	110	109	107	100	115.494	135	124	121	119	117	115	114	112	110	107	101	0	0	0.000	0.000	0	0	0	0	0	0	0	0	0	0	0	0	0	0.000	0.000	0	0	0	0	0	0	0	0	0	0	0
107	107	1299	1333.915	714.738	311	484	391	83	9	195	347	387	271	80	320.891	459	398	380	366	352	337	321	304	264	209	116	117.901	149	131	125	121	118	117	115	113	111	107	100	0	0	0.000	0.000	0	0	0	0	0	0	0	0	0	0	0	0	0	0.000	0.000	0	0	0	0	0	0	0	0	0	0	0
108	108	510	1049.944	706.583	50	207	130	84	28	55	208	187	44	7	230.092	319	287	275	262	248	234	219	203	185	166	132	408.920	579	526	503	478	451	423	390	353	316	274	185	0	0	0.000	0.000	0	0	0	0	0	0	0	0	0	0	0	0	0	0.000	0.000	0	0	0	0	0	0	0	0	0	0	0
109	109	1855	580.405	719.583	173	366	679	479	121	107	451	833	308	116	972.281	1553	1336	1246	1185	1116	1034	946	862	695	461	157	161.215	209	191	185	179	173	166	160	149	136	120	103	0	0	0.000	0.000	0	0	0	0	0	0	0	0	0	0	0	0	0	0.000	0.000	0	0	0	0	0	0	0	0	0	0	0
110	110	908	431.587	715.947	173	345	277	80	9	170	275	255	160	35	267.896	399	357	341	319	299	282	257	231	195	151	104	105.916	121	110	108	107	106	106	105	104	103	102	96	0	0	0.000	0.000	0	0	0	0	0	0	0	0	0	0	0	0	0	0.000	0.000	0	0	0	0	0	0	0	0	0	0	0
111	111	1853	865.174	728.240	279	624	576	311	32	185	682	558	286	116	734.257	1322	1015	914	845	786	738	685	630	563	442	173	107.758	122	112	110	109	108	108	107	106	105	104	99	0	0	0.000	0.000	0	0	0	0	0	0	0	0	0	0	0	0	0	0.000	0.000	0	0	0	0	0	0	0	0	0	0	0
112	112	1133	128.105	737.879	212	309	336	226	31	215	399	359	118	16	117.327	273	125	118	116	115	114	112	111	109	107	95	137.254	166	154	150	147	143	139	135	129	124	118	101	0	0	0.000	0.000	0	0	0	0	0	0	0	0	0	0	0	0	0	0.000	0.000	0	0	0	0	0	0	0	0	0	0	0
113	113	1346	1008.118	736.393	75	464	525	244	15	62	417	519	247	76	361.981	4102	419	315	299	287	277	265	253	237	210	134	451.516	1303	563	527	507	489	472	448	408	356	258	128	1	48	1015.570	748.418	0	0	0	2189	0	0	0	734	0	0	0	0	0	0.000	0.000	0	0	0	0	0	0	0	0	0	0	0
114	114	1634	1062.962	741.083	253	588	585	165	17	215	612	523	223	28	365.137	6698	373	307	289	274	256	237	217	190	143	108	409.667	1703	548	513	490	453	412	378	335	277	170	111	1	54	1047.648	734.150	0	0	0	3124	0	0	0	1041	0	0	0	1	23	1047.191	733.899	0	0	0	4686	0	0	0	1369	0	0	0
115	115	1737	443.717	759.550	211	562	531	262	145	138	500	597	302	159	274.330	428	355	325	304	293	280	263	241	218	195	122	105.648	121	110	108	107	106	105	105	104	103	102	96	0	0	0.000	0.000	0	0	0	0	0	0	0	0	0	0	0	0	0	0.000	0.000	0	0	0	0	0	0	0	0	0	0	0
116	116	711	166.868	762.689	181	179	167	135	34	150	194	182	127	42	141.010	181	163	156	152	148	144	139	132	123	113	105	105.789	117	109	108	107	106	106	105	104	103	102	97	0	0	0.000	0.000	0	0	0	0	0	0	0	0	0	0	0	0	0	0.000	0.000	0	0	0	0	0	0	0	0	0	0	0
117	117	1321	652.694	768.805	139	264	393	403	92	153	438	494	187	27	536.871	853	721	667	627	580	539	499	459	418	344	197	106.133	123	112	109	107	106	105	105	104	103	102	98	0	0	0.000	0.000	0	0	0	0	0	0	0	0	0	0	0	0	0	0.000	0.000	0	0	0	0	0	0	0	0	0	0	0
118	118	964	1762.841	764.447	330	242	215	120	39	329	299	200	102	25	113.088	128	119	117	116	114	113	112	111	109	106	100	207.005	307	267	251	235	220	207	198	187	171	137	106	0	0	0.000	0.000	0	0	0	0	0	0	0	0	0	0	0	0	0	0.000	0.000	0	0	0	0	0	0	0	0	0	0	0
119	119	1276	498.920	781.703	175	350	408	256	63	156	497	390	174	30	291.156	431	369	348	332	318	302	283	258	230	200	127	106.547	120	112	110	108	107	106	105	104	104	102	96	0	0	0.000	0.000	0	0	0	0	0	0	0	0	0	0	0	0	0	0.000	0.000	0	0	0	0	0	0	0	0	0	0	0
120	120	946	1097.817	785.692	192	389	230	103	17	112	337	285	148	45	242.431	333	290	277	269	259	250	242	229	210	175	125	133.969	164	149	144	141	138	135	131	128	124	118	102	0	0	0.000	0.000	0	0	0	0	0	0	0	0	0	0	0	0	0	0.000	0.000	0	0	0	0	0	0	0	0	0	0	0
121	121	1904	276.932	799.289	211	514	688	417	45	121	552	805	282	114	682.129	10853	943	444	369	337	313	291	265	238	208	121	171.199	864	207	169	160	153	147	141	136	130	124	100	1	108	270.544	802.567	0	0	0	5387	0	0	0	487	0	0	0	1	100	270.778	802.502	0	0	0	5654	0	0	0	506	0	0	0
122	122	2284	225.662	807.791	343	780	865	228	24	357	1131	598	143	23	2877.143	26886	11242	2066	829	568	475	419	389	355	299	120	458.134	3175	1373	384	242	210	197	184	172	161	148	109	1	402	229.883	810.523	0	0	0	13462	0	0	0	1596	0	0	0	1	387	229.795	810.545	0	0	0	13815	0	0	0	1670	0	0	0
123	123	2341	1787.530	808.585	767	909	565	57	9	568	903	572	231	26	114.237	129	121	119	117	116	115	113	112	110	107	99	235.439	331	300	287	273	259	246	231	210	181	149	105	0	0	0.000	0.000	0	0	0	0	0	0	0	0	0	0	0	0	0	0.000	0.000	0	0	0	0	0	0	0	0	0	0	0
124	124	1690	134.907	805.798	262	774	466	145	20	155	736	536	183	42	162.596	210	187	180	173	167	163	157	152	146	140	113	105.769	118	110	108	107	106	106	105	104	103	102	94	0	0	0.000	0.000	0	0	0	0	0	0	0	0	0	0	0	0	0	0.000	0.000	0	0	0	0	0	0	0	0	0	0	0
125	125	1898	460.105	809.122	1470	225	105	58	20	1303	349	108	75	38	325.230	504	439	414	393	368	344	319	287	228	163	114	105.993	121	111	109	107	106	105	105	104	103	102	94	0	0	0.000	0.000	0	0	0	0	0	0	0	0	0	0	0	0	0	0.000	0.000	0	0	0	0	0	0	0	0	0	0	0
126	126	2000	774.254	809.520	497	721	553	173	31	628	954	330	37	11	113.415	129	120	117	116	115	114	112	111	109	107	97	144.257	191	171	164	157	150	145	139	133	125	114	99	0	0	0.000	0.000	0	0	0	0	0	0	0	0	0	0	0	0	0	0.000	0.000	0	0	0	0	0	0	0	0	0	0	0
127	127	1249	582.722	830.103	274	589	342	18	11	137	355	441	188	107	411.801	671	583	538	497	464	434	404	370	281	175	115	104.647	117	108	107	106	105	104	104	103	103	102	96	0	0	0.000	0.000	0	0	0	0	0	0	0	0	0	0	0	0	0	0.000	0.000	0	0	0	0	0	0	0	0	0	0	0
128	128	1549	998.287	838.199	317	527	497	165	14	219	566	407	248	79	116.726	135	124	122	120	118	117	115	113	111	109	101	112.742	136	122	119	116	114	112	110	109	107	105	99	0	0	0.000	0.000	0	0	0	0	0	0	0	0	0	0	0	0	0	0.000	0.000	0	0	0	0	0	0	0	0	0	0	0
129	129	1642	333.421	843.441	320	562	524	187	16	243	698	450	183	32	114.469	128	120	118	117	116	115	113	112	111	109	101	111.278	127	119	116	114	112	111	109	108	107	105	99	0	0	0.000	0.000	0	0	0	0	0	0	0	0	0	0	0	0	0	0.000	0.000	0	0	0	0	0	0	0	0	0	0	0
130	130	1488	273.748	849.061	218	426	471	308	48	183	514	451	257	50	252.312	366	313	295	284	272	258	245	231	215	180	111	148.277	190	172	165	159	153	148	143	139	134	125	103	0	0	0.000	0.000	0	0	0	0	0	0	0	0	0	0	0	0	0	0.000	0.000	0	0	0	0	0	0	0	0	0	0	0
131	131	1353	868.437	849.954	372	380	343	197	40	518	436	266	100	20	122.349	208	134	126	123	121	119	118	116	114	111	103	131.841	160	147	142	138	135	132	130	127	122	116	102	0	0	0.000	0.000	0	0	0	0	0	0	0	0	0	0	0	0	0	0.000	0.000	0	0	0	0	0	0	0	0	0	0	0
132	132	888	444.403	856.675	331	321	172	38	6	331	304	164	53	11	132.952	174	151	145	138	134	132	129	125	122	118	104	233.993	392	310	284	258	237	225	214	203	192	175	126	0	0	0.000	0.000	0	0	0	0	0	0	0	0	0	0	0	0	0	0.000	0.000	0	0	0	0	0	0	0	0	0	0	0
133	133	1138	1676.620	863.294	268	429	334	77	14	181	320	303	227	89	233.209	320	287	277	265	254	244	234	223	193	144	108	128.238	151	140	137	134	132	130	127	124	120	114	102	0	0	0.000	0.000	0	0	0	0	0	0	0	0	0	0	0	0	0	0.000	0.000	0	0	0	0	0	0	0	0	0	0	0
134	134	1219	530.585	872.666	365	349	279	146	59	389	474	231	80	26	112.034	124	117	115	114	113	112	111	110	109	107	101	110.043	122	116	114	112	111	110	109	108	106	105	100	0	0	0.000	0.000	0	0	0	0	0	0	0	0	0	0	0	0	0	0.000	0.000	0	0	0	0	0	0	0	0	0	0	0
135	135	1350	1880.068	877.899	426	587	267	36	10	268	484	360	139	68	452.075	2638	608	537	486	446	417	391	370	343	304	191	149.405	396	168	160	154	151	146	143	140	135	131	106	1	20	1885.644	895.530	0	0	0	1671	0	0	0	293	0	0	0	1	16	1885.567	895.179	0	0	0	1943	0	0	0	293	0	0	0
136	136	2113	338.316	896.458	644	580	538	249	67	638	803	468	139	28	120.787	166	129	126	124	123	121	119	117	115	111	99	117.248	144	128	124	121	119	117	115	112	110	108	98	0	0	0.000	0.000	0	0	0	0	0	0	0	0	0	0	0	0	0	0.000	0.000	0	0	0	0	0	0	0	0	0	0	0
137	137	1745	999.533	892.083	263	777	560	95	30	197	778	481	224	25	1383.689	19150	3094	685	410	333	299	266	247	221	186	119	261.034	1908	444	216	183	171	163	156	150	142	129	105	1	181	997.212	891.347	0	0	0	9393	0	0	0	1015	0	0	0	1	176	997.160	890.749	0	0	0	9525	0	0	0	1029	0	0	0
138	138	1268	876.768	893.602	210	428	321	208	78	223	430	331	185	69	111.440	124	117	115	113	112	111	110	109	108	106	98	132.432	161	147	143	139	135	133	129	126	123	118	102	0	0	0.000	0.000	0	0	0	0	0	0	0	0	0	0	0	0	0	0.000	0.000	0	0	0	0	0	0	0	0	0	0	0
139	139	1733	1266.295	902.323	1482	172	31	20	15	1499	170	19	16	13	120.004	137	128	125	124	122	120	119	117	115	112	101	178.709	246	214	203	194	186	179	173	165	156	142	111	0	0	0.000	0.000	0	0	0	0	0	0	0	0	0	0	0	0	0	0.000	0.000	0	0	0	0	0	0	0	0	0	0	0
140	140	1625	1909.908	906.244	986	351	167	74	32	1036	334	176	54	10	146.077	561	181	149	137	129	124	120	117	114	110	102	110.833	154	126	115	112	110	108	107	105	104	103	96	0	0	0.000	0.000	0	0	0	0	0	0	0	0	0	0	0	0	0	0.000	0.000	0	0	0	0	0	0	0	0	0	0	0
141	141	2336	418.377	921.985	296	1090	698	174	32	169	929	869	255	67	724.210	12552	903	427	372	342	314	282	256	230	196	128	312.961	2458	398	307	284	259	239	221	204	186	163	115	1	127	425.497	920.268	0	0	0	6476	0	0	0	1358	0	0	0	1	129	425.738	919.756	0	0	0	6089	0	0	0	1354	0	0	0
142	142	1722	324.833	943.374	147	488	571	414	72	136	566	640	269	59	1211.200	9825	1433	1242	1164	1090	1020	952	866	783	642	277	208.839	1405	229	199	191	185	177	170	164	156	145	111	1	59	332.748	932.707	0	0	0	5965	0	0	0	896	0	0	0	1	72	332.526	932.619	0	0	0	5111	0	0	0	820	0	0	0
143	143	1075	242.238	962.715	226	302	230	195	103	304	314	247	120	66	278.211	416	366	348	328	312	296	277	240	198	156	116	126.883	161	142	138	135	132	128	124	120	115	110	101	0	0	0.000	0.000	0	0	0	0	0	0	0	0	0	0	0	0	0	0.000	0.000	0	0	0	0	0	0	0	0	0	0	0
144	144	1611	1496.959	967.251	311	635	453	155	35	330	671	402	152	37	378.187	583	479	444	423	407	391	371	348	316	252	123	107.885	120	113	111	110	108	107	107	106	105	103	98	0	0	0.000	0.000	0	0	0	0	0	0	0	0	0	0	0	0	0	0.000	0.000	0	0	0	0	0	0	0	0	0	0	0
145	145	1678	376.715	966.051	878	681	60	16	12	653	752	198	27	17	997.075	1577	1318	1199	1098	1026	968	921	877	827	735	330	180.544	239	205	197	190	185	180	175	170	166	158	125	0	0	0.000	0.000	0	0	0	0	0	0	0	0	0	0	0	0	0	0.000	0.000	0	0	0	0	0	0	0	0	0	0	0
146	146	2202	1266.614	989.951	302	660	836	300	56	168	732	811	361	87	1486.505	2611	2120	1954	1826	1681	1508	1356	1220	1065	763	189	170.515	236	212	200	189	177	168	160	153	145	133	105	0	0	0.000	0.000	0	0	0	0	0	0	0	0	0	0	0	0	0	0.000	0.000	0	0	0	0	0	0	0	0	0	0	0
147	147	2197	1739.410	1002.622	454	798	688	194	17	426	802	621	281	29	1235.940	14002	3154	688	410	314	290	270	253	235	204	123	293.508	2110	575	230	187	172	164	158	152	147	139	110	1	279	1741.744	1010.014	0	0	0	7052	0	0	0	1066	0	0	0	1	263	1741.680	1009.253	0	0	0	7317	0	0	0	1131	0	0	0
148	148	2047	325.744	998.738	617	1053	301	21	16	545	1034	363	33	25	858.969	7584	1123	942	861	811	756	706	642	551	382	164	289.959	2261	346	302	285	271	258	245	226	201	164	110	1	54	311.998	1004.423	0	0	0	4720	0	0	0	1166	0	0	0	1	58	312.954	1005.125	0	0	0	4527	0	0	0	1360	0	0	0
149	149	932	273.222	1006.085	175	275	262	180	28	138	249	231	219	79	238.274	355	295	281	268	257	245	232	217	193	164	112	126.128	152	139	135	133	130	127	124	121	117	110	99	0	0	0.000	0.000	0	0	0	0	0	0	0	0	0	0	0	0	0	0.000	0.000	0	0	0	0	0	0	0	0	0	0	0
150	150	1152	1590.383	1023.839	147	507	411	58	16	75	473	379	175	19	116.884	132	123	121	119	118	117	116	114	113	110	101	207.201	281	254	237	228	219	211	203	192	175	155	112	0	0	0.000	0.000	0	0	0	0	0	0	0	0	0	0	0	0	0	0.000	0.000	0	0	0	0	0	0	0	0	0	0	0
151	151	1736	230.956	1030.053	186	438	693	359	27	166	538	655	280	58	315.335	3526	364	333	306	282	262	241	226	210	180	111	129.760	330	142	137	133	130	126	123	120	118	113	103	1	42	237.115	1039.072	0	0	0	1849	0	0	0	233	0	0	0	1	40	237.014	1039.590	0	0	0	1870	0	0	0	238	0	0	0
152	152	1181	112.007	1036.189	118	331	457	210	35	79	308	518	189	59	438.817	664	556	520	499	475	450	420	391	356	303	152	139.799	172	158	153	148	143	139	135	132	128	123	106	0	0	0.000	0.000	0	0	0	0	0	0	0	0	0	0	0	0	0	0.000	0.000	0	0	0	0	0	0	0	0	0	0	0
153	153	2329	1259.574	1049.177	375	1055	698	136	20	243	786	864	339	48	1662.008	2474	2200	2111	1996	1883	1761	1635	1482	1252	900	200	176.739	248	212	202	195	188	180	172	162	151	135	105	0	0	0.000	0.000	0	0	0	0	0	0	0	0	0	0	0	0	0	0.000	0.000	0	0	0	0	0	0	0	0	0	0	0
154	154	1821	1485.257	1050.644	462	866	377	62	14	240	627	611	206	108	500.589	5677	790	467	360	323	297	277	257	238	210	126	244.227	936	331	277	253	235	221	206	191	177	159	115	2	37	1494.127	1065.026	89	1491.776	1047.760	1763	0	2857	0	448	0	581	0	2	13	1492.842	1064.599	59	1491.279	1047.688	1764	0	3936	0	542	0	674	0
155	155	1434	635.193	1047.550	233	355	411	320	75	263	560	355	183	37	326.483	2269	406	367	334	314	296	282	270	253	220	130	184.497	487	222	210	200	191	183	175	167	157	139	107	1	30	642.280	1051.339	0	0	0	1290	0	0	0	279	0	0	0	1	14	643.831	1051.157	0	0	0	1230	0	0	0	400	0	0	0
156	156	1874	1334.329	1051.966	203	487	774	304	65	183	628	737	231	54	532.606	828	699	646	611	578	549	518	488	432	322	143	109.503	125	115	113	111	110	109	108	107	106	105	97	0	0	0.000	0.000	0	0	0	0	0	0	0	0	0	0	0	0	0	0.000	0.000	0	0	0	0	0	0	0	0	0	0	0
157	157	1642	388.098	1063.436	262	573	546	233	13	227	590	507	242	53	636.741	4887	770	718	682	652	617	583	540	474	332	146	147.264	495	161	156	152	149	146	142	137	131	122	104	1	38	374.678	1044.922	0	0	0	2939	0	0	0	306	0	0	0	1	27	374.297	1044.369	0	0	0	2964	0	0	0	347	0	0	0
158	158	1065	1698.524	1072.834	223	515	257	41	11	164	420	378	61	16	312.140	433	377	356	340	326	314	304	291	274	243	157	181.251	226	206	200	194	190	184	178	171	163	153	118	0	0	0.000	0.000	0	0	0	0	0	0	0	0	0	0	0	0	0	0.000	0.000	0	0	0	0	0	0	0	0	0	0	0
159	159	1696	986.004	1096.598	244	595	580	214	29	234	566	502	304	63	509.863	1785	696	628	564	520	491	465	439	399	333	116	179.298	516	217	202	189	180	173	167	161	154	142	104	0	0	0.000	0.000	0	0	0	0	0	0	0	0	0	0	0	1	18	980.462	1106.008	0	0	0	1278	0	0	0	413	0	0	0
160	160	2653	1860.275	1120.761	576	870	859	271	24	378	676	1020	416	121	323.953	599	442	414	389	358	328	299	275	239	191	114	155.409	223	191	182	173	165	157	149	141	127	114	101	0	0	0.000	0.000	0	0	0	0	0	0	0	0	0	0	0	0	0	0.000	0.000	0	0	0	0	0	0	0	0	0	0	0
161	161	1961	1740.966	1118.598	414	810	554	117	25	351	803	599	148	27	314.566	467	384	363	350	336	323	306	290	270	238	115	530.415	844	679	640	611	581	555	531	494	442	311	130	0	0	0.000	0.000	0	0	0	0	0	0	0	0	0	0	0	0	0	0.000	0.000	0	0	0	0	0	0	0	0	0	0	0
162	162	2507	1683.240	1117.935	1386	600	264	158	71	1441	603	247	137	43	203.805	370	312	285	258	235	200	152	128	123	118	106	170.810	297	243	223	207	192	169	139	120	115	111	102	0	0	0.000	0.000	0	0	0	0	0	0	0	0	0	0	0	0	0	0.000	0.000	0	0	0	0	0	0	0	0	0	0	0
163	163	1343	1214.347	1154.803	170	356	406	327	59	172	539	315	225	61	285.750	445	363	344	326	312	295	272	247	226	199	133	174.088	237	208	199	191	184	175	166	157	149	138	115	0	0	0.000	0.000	0	0	0	0	0	0	0	0	0	0	0	0	0	0.000	0.000	0	0	0	0	0	0	0	0	0	0	0
164	164	809	437.577	1163.548	212	299	217	50	10	208	276	246	47	11	188.700	258	231	222	214	206	196	185	171	151	131	109	160.842	217	194	187	180	173	165	156	146	133	119	104	0	0	0.000	0.000	0	0	0	0	0	0	0	0	0	0	0	0	0	0.000	0.000	0	0	0	0	0	0	0	0	0	0	0
165	165	1688	156.799	1173.277	232	642	578	176	27	253	934	369	81	12	512.857	5204	615	584	554	517	471	424	374	312	222	124	147.572	480	168	162	156	150	145	138	132	124	116	102	1	40	158.800	1165.075	0	0	0	2744	0	0	0	238	0	0	0	1	33	159.350	1166.742	0	0	0	2241	0	0	0	352	0	0	0
166	166	1494	1749.362	1174.869	254	370	461	301	91	257	622	442	124	29	696.844	9540	933	553	486	455	431	406	377	329	250	147	743.343	3148	926	855	808	765	718	672	613	542	404	189	1	75	1745.564	1171.184	0	0	0	4450	0	0	0	1830	0	0	0	1	32	1746.449	1170.400	0	0	0	6433	0	0	0	2515	0	0	0
167	167	2067	1865.832	1182.339	356	828	620	177	42	318	919	571	189	41	1048.057	16649	1634	528	404	375	358	342	318	273	211	118	254.609	2272	351	195	184	177	170	163	154	143	124	104	1	162	1868.749	1189.712	0	0	0	7589	0	0	0	1137	0	0	0	1	151	1869.122	1189.496	0	0	0	8241	0	0	0	1179	0	0	0
168	168	1544	152.907	1220.841	291	365	529	308	30	219	365	584	256	94	481.823	783	685	642	606	553	490	437	385	327	256	117	145.231	199	174	166	159	153	146	138	132	125	114	99	0	0	0.000	0.000	0	0	0	0	0	0	0	0	0	0	0	0	0	0.000	0.000	0	0	0	0	0	0	0	0	0	0	0
169	169	711	1795.070	1229.189	81	156	190	148	119	87	270	191	104	41	189.878	259	236	219	211	202	191	183	173	158	141	116	141.630	173	161	157	153	149	144	139	133	128	115	100	0	0	0.000	0.000	0	0	0	0	0	0	0	0	0	0	0	0	0	0.000	0.000	0	0	0	0	0	0	0	0	0	0	0
170	170	1980	305.732	1253.358	483	1091	312	41	17	371	1168	319	83	10	371.429	6299	425	335	314	295	275	257	238	217	186	121	153.688	813	170	157	151	147	143	138	134	127	121	107	1	50	312.369	1254.595	0	0	0	3047	0	0	0	470	0	0	0	1	44	313.041	1254.569	0	0	0	3202	0	0	0	512	0	0	0
171	171	1175	1678.534	1249.866	256	434	349	112	7	237	368	334	178	39	317.710	458	410	390	372	347	320	293	269	245	219	167	146.341	183	168	162	157	152	147	141	135	129	125	110	0	0	0.000	0.000	0	0	0	0	0	0	0	0	0	0	0	0	0	0.000	0.000	0	0	0	0	0	0	0	0	0	0	0
172	172	1622	1142.512	1257.413	436	722	330	88	27	366	853	292	56	25	359.406	5305	345	304	286	275	264	252	239	226	191	117	163.917	792	178	170	165	160	155	150	144	138	128	105	1	52	1131.028	1244.478	0	0	0	2564	0	0	0	433	0	0	0	1	43	1130.770	1244.252	0	0	0	2747	0	0	0	465	0	0	0
173	173	1588	1028.487	1260.047	405	385	403	279	90	471	634	308	130	16	118.008	138	126	123	121	120	118	116	115	113	110	101	110.555	138	119	115	112	110	109	108	107	106	105	98	0	0	0.000	0.000	0	0	0	0	0	0	0	0	0	0	0	0	0	0.000	0.000	0	0	0	0	0	0	0	0	0	0	0
174	174	1477	1857.446	1289.410	314	666	389	64	15	196	539	427	240	46	361.427	6150	431	255	234	223	215	205	192	173	143	104	156.432	662	170	163	158	153	149	144	139	129	118	103	1	61	1844.612	1290.010	0	0	0	2824	0	0	0	343	0	0	0	1	49	1843.784	1290.091	0	0	0	2973	0	0	0	408	0	0	0
175	175	1508	1463.718	1291.010	529	461	341	110	45	590	550	240	78	35	168.333	436	233	187	166	153	147	143	139	136	132	115	171.700	236	210	200	191	181	172	165	157	145	131	106	0	0	0.000	0.000	0	0	0	0	0	0	0	0	0	0	0	0	0	0.000	0.000	0	0	0	0	0	0	0	0	0	0	0
176	176	1353	1319.376	1327.025	505	419	280	118	13	416	492	260	135	25	130.206	155	142	138	135	132	130	128	125	122	119	107	665.422	1178	1054	962	843	748	674	605	527	393	217	117	0	0	0.000	0.000	0	0	0	0	0	0	0	0	0	0	0	0	0	0.000	0.000	0	0	0	0	0	0	0	0	0	0	0
177	177	1665	978.957	1350.284	273	683	540	121	16	182	749	444	200	47	1122.703	1810	1615	1447	1317	1212	1102	1014	913	843	708	190	108.608	126	114	112	110	109	108	107	106	105	104	98	0	0	0.000	0.000	0	0	0	0	0	0	0	0	0	0	0	0	0	0.000	0.000	0	0	0	0	0	0	0	0	0	0	0
178	178	1610	1843.156	1349.208	216	547	580	214	24	221	716	453	178	13	879.207	15107	1385	416	304	273	251	237	220	204	182	125	281.137	2062	371	257	237	221	207	194	179	167	155	118	1	120	1837.682	1340.891	0	0	0	7024	0	0	0	1071	0	0	0	1	107	1838.098	1340.666	0	0	0	7598	0	0	0	1181	0	0	0
179	179	1751	255.700	1357.325	283	821	566	42	14	142	660	589	267	55	1142.562	2052	1681	1473	1365	1281	1144	1009	904	808	631	183	144.260	195	167	160	154	149	145	139	135	130	121	104	0	0	0.000	0.000	0	0	0	0	0	0	0	0	0	0	0	0	0	0.000	0.000	0	0	0	0	0	0	0	0	0	0	0
180	180	1853	586.419	1379.544	677	761	306	58	18	1006	661	127	9	11	119.796	155	129	126	124	122	120	118	116	113	110	100	298.620	490	414	375	348	327	308	285	256	216	170	110	0	0	0.000	0.000	0	0	0	0	0	0	0	0	0	0	0	0	0	0.000	0.000	0	0	0	0	0	0	0	0	0	0	0
181	181	1737	185.469	1381.353	224	548	669	231	37	203	565	634	244	41	1266.301	2058	1718	1570	1460	1371	1285	1201	1102	986	787	253	149.068	195	171	164	158	154	149	145	140	135	127	105	0	0	0.000	0.000	0	0	0	0	0	0	0	0	0	0	0	0	0	0.000	0.000	0	0	0	0	0	0	0	0	0	0	0
182	182	635	1202.494	1379.457	49	233	208	122	13	49	304	160	91	17	541.261	854	770	682	613	572	535	505	466	415	339	188	148.414	188	169	163	157	153	149	144	140	135	126	109	0	0	0.000	0.000	0	0	0	0	0	0	0	0	0	0	0	0	0	0.000	0.000	0	0	0	0	0	0	0	0	0	0	0
183	183	909	1142.957	1388.767	87	326	326	123	28	110	316	324	101	37	212.320	279	244	234	226	220	214	208	202	195	179	122	135.922	168	154	148	144	140	135	131	128	124	118	103	0	0	0.000	0.000	0	0	0	0	0	0	0	0	0	0	0	0	0	0.000	0.000	0	0	0	0	0	0	0	0	0	0	0
184	184	870	231.349	1397.708	105	316	286	139	15	97	272	279	164	40	1116.985	1800	1586	1444	1348	1248	1114	1022	932	819	645	170	145.899	183	167	160	156	152	147	143	138	131	122	103	0	0	0.000	0.000	0	0	0	0	0	0	0	0	0	0	0	0	0	0.000	0.000	0	0	0	0	0	0	0	0	0	0	0
185	185	1172	274.683	1403.773	182	489	328	133	17	130	495	337	152	39	791.884	1395	1167	1030	928	859	789	720	663	598	415	164	131.512	165	147	142	138	136	133	130	126	121	113	98	0	0	0.000	0.000	0	0	0	0	0	0	0	0	0	0	0	0	0	0.000	0.000	0	0	0	0	0	0	0	0	0	0	0
186	186	1039	1384.810	1405.244	222	283	291	177	45	181	371	321	108	44	125.201	145	134	132	130	128	126	124	121	118	115	106	127.097	174	149	138	133	129	126	122	118	114	109	101	0	0	0.000	0.000	0	0	0	0	0	0	0	0	0	0	0	0	0	0.000	0.000	0	0	0	0	0	0	0	0	0	0	0
187	187	1625	800.813	1423.265	637	735	180	24	13	681	723	171	20	8	119.214	147	129	125	123	121	119	117	115	112	109	103	337.642	538	446	413	388	368	350	330	302	264	203	125	0	0	0.000	0.000	0	0	0	0	0	0	0	0	0	0	0	0	0	0.000	0.000	0	0	0	0	0	0	0	0	0	0	0
188	188	1899	1219.010	1433.205	392	773	453	189	48	377	815	470	155	48	643.078	999	882	817	762	706	653	609	558	496	373	136	161.997	220	190	182	175	170	164	158	152	143	131	103	0	0	0.000	0.000	0	0	0	0	0	0	0	0	0	0	0	0	0	0.000	0.000	0	0	0	0	0	0	0	0	0	0	0
189	189	1318	334.838	1441.376	115	382	456	264	65	121	384	522	211	54	307.090	507	420	383	359	334	312	289	263	229	187	108	107.210	137	111	109	108	107	106	106	105	104	103	98	0	0	0.000	0.000	0	0	0	0	0	0	0	0	0	0	0	0	0	0.000	0.000	0	0	0	0	0	0	0	0	0	0	0
190	190	1430	179.212	1444.409	215	653	474	42	17	69	313	652	262	105	113.096	127	118	116	115	114	113	112	111	110	108	102	259.240	383	335	313	294	276	259	244	230	212	181	120	0	0	0.000	0.000	0	0	0	0	0	0	0	0	0	0	0	0	0	0.000	0.000	0	0	0	0	0	0	0	0	0	0	0
191	191	1483	1361.353	1465.725	431	391	373	210	47	420	488	357	172	27	398.237	672	599	532	475	433	398	358	318	265	205	117	110.216	123	116	114	113	111	110	109	108	107	105	97	0	0	0.000	0.000	0	0	0	0	0	0	0	0	0	0	0	0	0	0.000	0.000	0	0	0	0	0	0	0	0	0	0	0
192	192	1764	289.055	1470.965	266	718	628	105	15	171	698	604	237	26	270.221	431	350	328	305	283	267	253	236	215	191	135	105.310	115	109	107	107	106	105	105	104	103	102	97	0	0	0.000	0.000	0	0	0	0	0	0	0	0	0	0	0	0	0	0.000	0.000	0	0	0	0	0	0	0	0	0	0	0
193	193	1709	1924.868	1480.550	265	620	380	283	136	198	660	431	240	140	420.022	3315	503	473	448	421	386	355	324	282	237	154	149.833	379	166	160	156	152	148	144	139	134	127	104	1	43	1933.581	1468.682	0	0	0	1738	0	0	0	213	0	0	0	1	24	1933.947	1465.695	0	0	0	811	0	0	0	299	0	0	0
194	194	937	785.259	1476.930	84	201	359	222	51	90	215	407	146	53	225.795	318	286	265	252	241	228	216	203	188	164	113	140.171	183	164	154	148	143	139	134	130	126	121	106	0	0	0.000	0.000	0	0	0	0	0	0	0	0	0	0	0	0	0	0.000	0.000	0	0	0	0	0	0	0	0	0	0	0
195	195	1655	675.446	1502.739	404	458	446	266	43	362	629	436	186	16	366.420	587	489	452	425	403	383	361	329	279	200	113	325.399	530	441	397	375	355	337	316	290	243	177	113	0	0	0.000	0.000	0	0	0	0	0	0	0	0	0	0	0	0	0	0.000	0.000	0	0	0	0	0	0	0	0	0	0	0
196	196	1835	781.899	1528.159	156	571	741	313	25	143	759	576	278	45	112.180	126	117	115	114	113	112	111	110	109	107	101	185.178	263	225	211	200	191	183	175	168	161	151	108	0	0	0.000	0.000	0	0	0	0	0	0	0	0	0	0	0	0	0	0.000	0.000	0	0	0	0	0	0	0	0	0	0	0
197	197	567	212.784	1524.387	85	200	157	80	34	153	228	130	33	9	113.039	124	118	116	115	114	113	112	111	110	108	103	272.116	353	325	309	299	289	281	270	256	237	206	141	0	0	0.000	0.000	0	0	0	0	0	0	0	0	0	0	0	0	0	0.000	0.000	0	0	0	0	0	0	0	0	0	0	0
198	198	887	95.080	1531.617	112	295	286	143	35	92	301	295	154	35	202.736	280	250	236	225	215	205	195	186	172	151	108	158.568	204	186	177	172	166	159	153	147	141	129	108	0	0	0.000	0.000	0	0	0	0	0	0	0	0	0	0	0	0	0	0.000	0.000	0	0	0	0	0	0	0	0	0	0	0
199	199	1192	1669.755	1545.304	154	384	397	189	35	133	414	372	221	30	132.284	155	142	139	137	135	133	131	129	127	121	102	136.716	180	156	148	142	138	135	132	130	126	121	103	0	0	0.000	0.000	0	0	0	0	0	0	0	0	0	0	0	0	0	0.000	0.000	0	0	0	0	0	0	0	0	0	0	0
200	200	1379	186.390	1552.014	241	439	353	250	70	253	609	380	98	21	327.555	3243	378	339	319	297	278	257	237	215	184	114	145.009	405	162	156	151	146	141	136	131	126	119	104	1	40	190.755	1538.342	0	0	0	1696	0	0	0	247	0	0	0	1	34	191.923	1537.909	0	0	0	1402	0	0	0	301	0	0	0
201	201	1535	1634.603	1577.818	309	570	509	113	9	164	514	480	261	75	130.543	156	143	140	136	134	131	129	126	122	116	101	139.907	202	169	156	148	142	136	132	128	124	118	104	0	0	0.000	0.000	0	0	0	0	0	0	0	0	0	0	0	0	0	0.000	0.000	0	0	0	0	0	0	0	0	0	0	0
202	202	1338	88.590	1578.996	152	332	432	314	83	171	399	443	222	79	443.193	643	557	527	507	486	455	428	408	375	291	148	147.453	192	168	161	157	153	148	144	140	133	126	103	0	0	0.000	0.000	0	0	0	0	0	0	0	0	0	0	0	0	0	0.000	0.000	0	0	0	0	0	0	0	0	0	0	0
203	203	1076	1779.689	1577.629	218	384	302	127	24	194	429	278	133	21	117.678	189	129	121	118	117	115	113	112	110	108	100	134.118	169	147	144	140	137	135	132	129	126	120	103	0	0	0.000	0.000	0	0	0	0	0	0	0	0	0	0	0	0	0	0.000	0.000	0	0	0	0	0	0	0	0	0	0	0
204	204	1002	132.221	1588.381	89	263	343	253	34	93	273	321	263	29	471.250	766	642	591	552	522	493	460	426	381	223	123	135.992	174	156	150	146	141	137	133	129	124	111	91	0	0	0.000	0.000	0	0	0	0	0	0	0	0	0	0	0	0	0	0.000	0.000	0	0	0	0	0	0	0	0	0	0	0
205	205	885	1729.768	1606.528	98	353	262	137	17	40	301	300	146	79	492.103	732	642	596	565	537	511	478	443	396	309	137	129.108	151	139	137	135	133	130	128	125	121	116	106	0	0	0.000	0.000	0	0	0	0	0	0	0	0	0	0	0	0	0	0.000	0.000	0	0	0	0	0	0	0	0	0	0	0
206	206	2308	277.054	1626.278	686	940	558	66	18	651	955	596	52	21	2407.895	23092	8742	1373	620	426	333	292	261	238	211	120	572.107	4769	1568	436	297	253	223	207	194	181	160	109	1	376	274.004	1627.179	0	0	0	12438	0	0	0	2109	0	0	0	1	328	273.716	1627.138	0	0	0	14157	0	0	0	2462	0	0	0
207	207	1632	1774.304	1626.125	305	706	487	87	19	124	544	500	331	103	113.330	129	119	117	115	114	113	112	111	110	108	102	135.404	172	151	146	142	140	136	132	129	125	120	105	0	0	0.000	0.000	0	0	0	0	0	0	0	0	0	0	0	0	0	0.000	0.000	0	0	0	0	0	0	0	0	0	0	0
208	208	2883	1555.088	1652.272	661	1141	741	236	45	596	1196	741	262	42	689.983	1437	1108	999	893	787	691	614	530	358	210	104	128.932	166	147	142	137	134	129	125	120	115	110	99	0	0	0.000	0.000	0	0	0	0	0	0	0	0	0	0	0	0	0	0.000	0.000	0	0	0	0	0	0	0	0	0	0	0
209	209	2221	927.382	1651.476	503	1038	564	51	16	323	1063	579	196	20	2323.447	3696	3282	3016	2749	2528	2359	2209	2021	1771	1241	314	177.664	249	212	203	194	185	178	172	165	154	139	113	0	0	0.000	0.000	0	0	0	0	0	0	0	0	0	0	0	0	0	0.000	0.000	0	0	0	0	0	0	0	0	0	0	0
210	210	2039	337.539	1653.333	355	810	729	107	7	242	768	639	317	35	420.404	6703	536	318	272	248	227	210	199	185	161	109	243.966	1783	316	248	225	204	191	178	170	160	148	108	1	102	336.490	1658.290	0	0	0	3101	0	0	0	964	0	0	0	1	103	336.984	1658.385	0	0	0	3089	0	0	0	941	0	0	0
211	211	2098	192.048	1654.394	342	742	671	264	32	257	863	681	227	30	677.167	1109	919	854	795	755	720	683	624	496	318	136	161.860	206	186	181	176	171	164	159	153	144	129	101	0	0	0.000	0.000	0	0	0	0	0	0	0	0	0	0	0	0	0	0.000	0.000	0	0	0	0	0	0	0	0	0	0	0
212	212	2767	257.453	1682.638	558	1047	843	250	23	397	985	930	357	49	416.551	8073	374	311	293	274	258	245	228	212	186	124	243.101	1195	292	273	256	242	227	212	199	185	162	115	1	102	240.301	1683.309	0	0	0	3722	0	0	0	669	0	0	0	1	72	240.784	1683.287	0	0	0	5239	0	0	0	801	0	0	0
213	213	1454	791.453	1680.897	833	414	121	52	18	899	400	88	35	9	280.589	2090	357	325	305	287	270	251	230	199	166	112	171.799	358	210	197	189	181	173	166	155	143	125	103	1	23	794.205	1665.771	0	0	0	1113	0	0	0	264	0	0	0	0	0	0.000	0.000	0	0	0	0	0	0	0	0	0	0	0
214	214	1707	1805.609	1682.168	504	716	415	27	13	249	620	439	258	106	2379.979	3902	3515	3250	2960	2600	2361	2182	1927	1605	1250	212	109.586	127	116	113	112	110	109	108	107	106	104	97	0	0	0.000	0.000	0	0	0	0	0	0	0	0	0	0	0	0	0	0.000	0.000	0	0	0	0	0	0	0	0	0	0	0
215	215	560	493.843	1683.861	149	164	145	68	25	65	198	174	89	27	201.271	261	240	232	224	218	211	202	190	170	145	107	124.270	140	134	131	129	128	126	123	121	117	112	101	0	0	0.000	0.000	0	0	0	0	0	0	0	0	0	0	0	0	0	0.000	0.000	0	0	0	0	0	0	0	0	0	0	0
216	216	1769	1111.328	1704.730	490	755	371	88	27	656	865	189	15	15	486.915	8149	550	399	361	337	313	284	267	249	220	121	166.824	897	189	169	162	155	149	144	140	134	124	104	1	65	1124.282	1705.121	0	0	0	3863	0	0	0	492	0	0	0	1	63	1124.552	1704.644	0	0	0	3857	0	0	0	508	0	0	0
217	217	1742	544.900	1714.011	217	506	537	381	78	170	703	535	273	34	875.149	6647	1155	933	858	799	759	720	673	622	506	161	159.823	608	183	167	160	154	150	146	142	137	130	101	1	49	549.244	1726.153	0	0	0	3776	0	0	0	373	0	0	0	1	49	549.233	1725.566	0	0	0	3776	0	0	0	373	0	0	0
218	218	1643	494.802	1723.911	179	347	501	455	122	215	557	589	221	27	298.128	3689	344	313	291	275	260	246	232	210	164	109	132.865	480	148	141	136	132	128	125	122	117	111	99	1	43	495.493	1735.703	0	0	0	1454	0	0	0	250	0	0	0	1	34	494.876	1734.080	0	0	0	824	0	0	0	292	0	0	0
219	219	1983	1234.136	1728.097	430	740	609	153	13	356	789	554	198	43	1193.419	1900	1695	1552	1473	1396	1289	1151	980	805	521	199	165.310	233	201	190	182	175	168	160	151	139	123	103	0	0	0.000	0.000	0	0	0	0	0	0	0	0	0	0	0	0	0	0.000	0.000	0	0	0	0	0	0	0	0	0	0	0
220	220	1807	1800.330	1735.814	401	739	532	87	28	250	637	526	299	65	1038.734	1728	1413	1278	1197	1106	1018	947	870	803	706	241	117.129	139	126	123	121	119	117	115	113	111	108	98	0	0	0.000	0.000	0	0	0	0	0	0	0	0	0	0	0	0	0	0.000	0.000	0	0	0	0	0	0	0	0	0	0	0
221	221	1044	1181.331	1740.510	119	358	353	170	19	71	333	379	210	31	254.221	348	303	288	277	269	258	248	236	223	203	128	145.128	178	161	156	152	149	146	143	139	136	128	109	0	0	0.000	0.000	0	0	0	0	0	0	0	0	0	0	0	0	0	0.000	0.000	0	0	0	0	0	0	0	0	0	0	0
222	222	949	341.433	1751.750	68	187	322	256	98	54	167	455	173	89	914.883	1358	1227	1178	1122	1070	998	901	765	623	470	235	198.978	263	240	232	223	214	204	195	181	166	150	112	0	0	0.000	0.000	0	0	0	0	0	0	0	0	0	0	0	0	0	0.000	0.000	0	0	0	0	0	0	0	0	0	0	0
223	223	1822	426.156	1757.578	404	665	601	118	11	253	570	590	276	104	113.375	129	119	117	116	115	114	112	111	109	107	99	375.698	564	502	474	447	421	399	371	345	283	185	114	0	0	0.000	0.000	0	0	0	0	0	0	0	0	0	0	0	0	0	0.000	0.000	0	0	0	0	0	0	0	0	0	0	0
224	224	1698	1461.167	1759.556	251	635	550	216	22	210	774	454	193	33	110.580	124	116	114	113	112	111	109	108	107	105	98	106.014	124	114	109	107	106	105	104	103	102	101	94	0	0	0.000	0.000	0	0	0	0	0	0	0	0	0	0	0	0	0	0.000	0.000	0	0	0	0	0	0	0	0	0	0	0
225	225	826	1872.822	1755.519	382	166	138	108	23	311	227	167	89	23	118.091	151	130	125	122	119	117	115	113	111	108	103	214.837	334	296	277	258	239	223	204	173	145	120	106	0	0	0.000	0.000	0	0	0	0	0	0	0	0	0	0	0	0	0	0.000	0.000	0	0	0	0	0	0	0	0	0	0	0
226	226	1882	575.462	1765.957	476	703	514	145	16	336	749	457	229	76	859.462	4311	1305	1105	983	901	824	744	671	591	369	150	162.830	670	195	180	170	164	157	150	145	135	122	103	1	20	579.640	1771.547	0	0	0	3128	0	0	0	424	0	0	0	1	29	580.896	1771.141	0	0	0	2395	0	0	0	419	0	0	0
227	227	1818	1724.871	1771.346	1199	530	33	15	9	1016	673	76	21	9	901.744	14961	1445	533	361	313	288	266	247	223	185	115	282.722	1585	376	285	266	249	236	222	208	195	172	115	1	135	1724.866	1772.432	0	0	0	6730	0	0	0	779	0	0	0	1	98	1724.939	1771.809	0	0	0	8728	0	0	0	989	0	0	0
228	228	521	1325.507	1758.840	80	186	135	82	30	68	198	136	69	39	131.950	152	141	138	136	135	132	130	128	126	122	111	105.495	119	110	108	107	106	105	104	104	103	102	95	0	0	0.000	0.000	0	0	0	0	0	0	0	0	0	0	0	0	0	0.000	0.000	0	0	0	0	0	0	0	0	0	0	0
229	229	1619	1148.368	1777.252	433	718	399	27	6	222	499	498	308	68	476.008	8208	610	379	322	289	266	247	226	208	187	132	167.864	1036	194	168	158	151	145	141	136	130	123	107	1	61	1150.443	1781.734	0	0	0	4008	0	0	0	550	0	0	0	1	56	1150.212	1781.811	0	0	0	4514	0	0	0	594	0	0	0
230	230	2001	374.338	1787.616	297	817	712	132	10	164	518	864	344	75	114.700	131	121	119	117	116	115	113	112	111	109	102	376.191	607	527	485	450	413	372	336	304	272	235	130	0	0	0.000	0.000	0	0	0	0	0	0	0	0	0	0	0	0	0	0.000	0.000	0	0	0	0	0	0	0	0	0	0	0
231	231	2433	1311.412	1805.651	426	819	845	266	31	254	814	924	304	84	1525.460	22879	2768	698	418	345	309	285	261	237	202	113	347.221	3565	530	256	218	202	189	177	168	157	139	107	1	240	1313.425	1808.482	0	0	0	11143	0	0	0	1538	0	0	0	1	203	1313.209	1808.189	0	0	0	12619	0	0	0	1765	0	0	0
232	232	1628	1776.028	1802.275	1017	491	64	16	14	767	624	148	42	18	120.004	147	132	127	123	121	119	117	115	113	111	103	742.189	1375	1083	992	913	826	753	694	640	504	293	125	0	0	0.000	0.000	0	0	0	0	0	0	0	0	0	0	0	0	0	0.000	0.000	0	0	0	0	0	0	0	0	0	0	0
233	233	1042	1484.224	1805.661	260	564	168	21	10	73	326	376	192	53	112.116	127	118	116	114	113	112	111	110	109	106	101	105.919	120	112	109	107	106	105	104	103	103	102	97	0	0	0.000	0.000	0	0	0	0	0	0	0	0	0	0	0	0	0	0.000	0.000	0	0	0	0	0	0	0	0	0	0	0
234	234	2028	1715.864	1825.981	342	1005	580	62	14	214	827	619	280	52	337.565	3477	381	352	330	307	291	277	262	246	210	124	247.038	550	313	293	274	257	243	232	221	206	179	109	1	43	1724.181	1839.683	0	0	0	1922	0	0	0	384	0	0	0	0	0	0.000	0.000	0	0	0	0	0	0	0	0	0	0	0
235	235	1363	1415.428	1849.294	289	440	350	215	45	233	542	344	179	37	111.312	125	117	115	114	112	111	110	109	107	106	101	108.749	129	116	112	110	109	108	107	106	105	103	98	0	0	0.000	0.000	0	0	0	0	0	0	0	0	0	0	0	0	0	0.000	0.000	0	0	0	0	0	0	0	0	0	0	0
236	236	1372	1361.025	1851.130	404	478	319	115	30	334	504	319	146	44	110.730	127	116	115	113	112	111	109	108	107	105	98	505.641	985	767	715	669	613	542	466	398	237	144	112	0	0	0.000	0.000	0	0	0	0	0	0	0	0	0	0	0	0	0	0.000	0.000	0	0	0	0	0	0	0	0	0	0	0
237	237	1497	985.009	1860.743	267	553	434	188	24	195	660	411	155	55	750.657	1115	1002	959	899	841	770	709	647	581	444	184	138.865	171	157	152	147	143	140	137	132	127	118	105	0	0	0.000	0.000	0	0	0	0	0	0	0	0	0	0	0	0	0	0.000	0.000	0	0	0	0	0	0	0	0	0	0	0
238	238	1945	1811.727	1863.795	893	595	337	71	20	691	650	352	181	33	119.602	141	130	126	123	121	119	117	115	113	110	102	245.889	374	321	302	287	269	253	237	213	185	156	112	0	0	0.000	0.000	0	0	0	0	0	0	0	0	0	0	0	0	0	0.000	0.000	0	0	0	0	0	0	0	0	0	0	0
239	239	1391	385.166	1864.278	357	460	367	175	9	216	567	351	166	70	114.395	128	121	119	117	116	115	113	112	110	108	100	107.769	119	112	111	109	108	108	107	106	105	103	99	0	0	0.000	0.000	0	0	0	0	0	0	0	0	0	0	0	0	0	0.000	0.000	0	0	0	0	0	0	0	0	0	0	0
240	240	1584	767.780	1869.481	411	378	374	288	106	419	460	376	203	88	360.154	556	467	442	420	394	373	355	332	288	212	126	146.187	216	172	159	153	148	144	140	136	130	122	107	0	0	0.000	0.000	0	0	0	0	0	0	0	0	0	0	0	0	0	0.000	0.000	0	0	0	0	0	0	0	0	0	0	0
241	241	2652	1449.818	1898.843	1027	1203	353	13	7	587	1101	647	237	45	138.008	176	155	151	147	143	140	136	131	125	117	101	107.583	125	113	111	109	108	107	106	105	104	103	98	0	0	0.000	0.000	0	0	0	0	0	0	0	0	0	0	0	1	49	1457.184	1879.663	0	0	0	153	0	0	0	115	0	0	0
242	242	1372	634.405	1898.400	165	324	489	306	59	108	389	566	213	58	559.999	739	680	655	631	609	584	553	517	478	414	144	161.339	213	185	177	170	166	162	157	152	147	138	109	0	0	0.000	0.000	0	0	0	0	0	0	0	0	0	0	0	0	0	0.000	0.000	0	0	0	0	0	0	0	0	0	0	0
243	243	1777	1363.762	1910.276	344	456	560	321	53	270	579	552	250	91	884.383	1578	1318	1180	1083	997	882	756	680	615	470	180	147.523	199	179	169	161	153	144	138	132	127	121	105	0	0	0.000	0.000	0	0	0	0	0	0	0	0	0	0	0	0	0	0.000	0.000	0	0	0	0	0	0	0	0	0	0	0
244	244	1876	986.769	1913.206	401	612	563	241	21	341	590	541	300	74	1016.150	1529	1360	1291	1225	1154	1062	975	887	778	560	184	151.687	199	178	171	165	159	153	147	141	134	123	102	0	0	0.000	0.000	0	0	0	0	0	0	0	0	0	0	0	0	0	0.000	0.000	0	0	0	0	0	0	0	0	0	0	0
245	245	1876	595.847	1924.203	353	660	577	212	38	198	644	634	297	69	774.368	9691	1008	711	661	613	547	468	398	338	263	130	171.865	791	203	185	174	166	156	148	139	131	120	102	1	81	599.944	1911.673	0	0	0	5249	0	0	0	384	0	0	0	1	74	601.232	1912.147	0	0	0	5603	0	0	0	497	0	0	0
246	246	514	1190.619	1919.317	199	160	98	36	13	112	188	126	56	22	138.076	174	163	157	152	148	141	133	124	116	110	102	245.043	368	342	318	297	278	252	222	191	165	142	118	0	0	0.000	0.000	0	0	0	0	0	0	0	0	0	0	0	0	0	0.000	0.000	0	0	0	0	0	0	0	0	0	0	0
247	247	2282	1314.135	1935.258	469	791	723	231	19	322	564	882	315	162	1225.745	1961	1773	1675	1590	1481	1334	1168	943	724	496	130	169.001	246	211	200	191	181	171	160	148	136	123	106	0	0	0.000	0.000	0	0	0	0	0	0	0	0	0	0	0	0	0	0.000	0.000	0	0	0	0	0	0	0	0	0	0	0
248	248	848	207.033	1925.674	198	262	227	122	23	131	259	223	174	48	120.645	150	134	130	126	122	120	117	115	112	109	101	453.143	911	727	688	622	556	475	381	281	191	147	113	0	0	0.000	0.000	0	0	0	0	0	0	0	0	0	0	0	0	0	0.000	0.000	0	0	0	0	0	0	0	0	0	0	0
249	249	888	710.432	1946.661	70	263	287	188	68	102	356	275	121	24	405.007	651	501	471	450	433	417	397	374	344	280	136	144.462	183	160	155	152	149	145	142	138	134	127	111	0	0	0.000	0.000	0	0	0	0	0	0	0	0	0	0	0	0	0	0.000	0.000	0	0	0	0	0	0	0	0	0	0	0
250	250	835	683.405	1948.208	166	347	218	79	14	76	253	333	133	31	485.214	693	624	579	550	522	500	469	430	388	328	207	150.793	189	172	164	160	156	152	148	143	136	127	111	0	0	0.000	0.000	0	0	0	0	0	0	0	0	0	0	0	0	0	0.000	0.000	0	0	0	0	0	0	0	0	0	0	0
251	251	1574	881.836	1954.179	241	404	444	356	97	212	507	503	242	84	706.578	1191	996	916	864	823	773	708	608	462	287	129	141.004	184	162	157	152	148	143	138	132	124	116	102	0	0	0.000	0.000	0	0	0	0	0	0	0	0	0	0	0	0	0	0.000	0.000	0	0	0	0	0	0	0	0	0	0	0
252	252	1059	646.135	1952.255	166	548	266	48	11	124	478	288	120	27	407.639	578	509	489	470	447	425	396	361	323	278	162	142.879	174	159	155	152	148	144	140	135	130	126	106	0	0	0.000	0.000	0	0	0	0	0	0	0	0	0	0	0	0	0	0.000	0.000	0	0	0	0	0	0	0	0	0	0	0
253	253	1310	932.839	1955.324	349	445	384	88	20	236	405	364	224	61	1219.822	2150	1880	1716	1549	1395	1227	1063	913	772	550	190	167.541	239	214	200	186	175	164	154	146	138	128	106	0	0	0.000	0.000	0	0	0	0	0	0	0	0	0	0	0	0	0	0.000	0.000	0	0	0	0	0	0	0	0	0	0	0
254	254	1714	1912.092	1961.930	222	431	557	416	65	194	516	534	342	94	111.763	128	118	116	114	113	112	111	109	108	105	97	189.905	266	235	225	214	204	193	182	170	156	139	105	0	0	0.000	0.000	0	0	0	0	0	0	0	0	0	0	0	0	0	0.000	0.000	0	0	0	0	0	0	0	0	0	0	0
255	255	1569	745.046	1973.993	305	493	520	201	25	236	520	488	278	21	386.371	594	483	455	432	410	386	365	348	323	292	119	143.637	184	162	156	152	148	144	140	136	131	125	108	0	0	0.000	0.000	0	0	0	0	0	0	0	0	0	0	0	0	0	0.000	0.000	0	0	0	0	0	0	0	0	0	0	0
