 	cell	area	x	y	BFI_lev_b1	BFI_lev_b2	BFI_lev_b3	BFI_lev_b4	BFI_lev_b5	BFO_lev_b1	BFO_lev_b2	BFO_lev_b3	BFO_lev_b4	BFO_lev_b5	GFP_int_mean	GFP_int_b0	GFP_int_b1	GFP_int_b2	GFP_int_b3	GFP_int_b4	GFP_int_b5	GFP_int_b6	GFP_int_b7	GFP_int_b8	GFP_int_b9	GFP_int_b10	RFP_int_mean	RFP_int_b0	RFP_int_b1	RFP_int_b2	RFP_int_b3	RFP_int_b4	RFP_int_b5	RFP_int_b6	RFP_int_b7	RFP_int_b8	RFP_int_b9	RFP_int_b10	inGFPnfoci	f1_inGFParea	f1_inGFPx	f1_inGFPy	f2_inGFParea	f2_inGFPx	f2_inGFPy	f1_inGFP_toGFPmed	f2_inGFP_toGFPmed	f2_inGFP_toGFPmean	f1_inGFP_toRFPmed	f2_inGFP_toRFPmed	f2_inGFP_toRFPmean	inRFPnfoci	f1_inRFParea	f1_inRFPx	f1_inRFPy	f2_inRFParea	f2_inRFPx	f2_inRFPy	f1_inRFP_toGFPmed	f2_inRFP_toGFPmed	f2_inRFP_toGFPmean	f1_inRFP_toRFPmed	f2_inRFP_toRFPmed	f2_inRFP_toRFPmean	f1_inGFP_toGFPmean	f1_inGFP_toRFPmean	f1_inRFP_toGFPmean	f1_inRFP_toRFPmean
1	1	1628	922.843	94.662	284	727	491	78	16	117	412	632	329	106	369.591	2922	432	400	375	355	341	328	312	278	232	131	127.028	368	138	131	128	125	123	121	119	116	112	102	1	27	937.344	91.117	0	0	0	1831	0	0	268	0	0	1	38	936.494	90.566	0	0	0	1289	0	0	238	0	0	0	0	0	0
2	2	1434	1836.762	99.206	207	473	480	225	19	94	517	535	216	40	392.782	8122	519	234	192	180	171	165	157	150	141	112	195.437	642	240	210	198	189	182	176	168	160	145	112	1	70	1833.852	101.245	0	0	0	3330	0	0	414	0	0	1	45	1833.459	100.849	0	0	0	4558	0	0	479	0	0	0	0	0	0
3	3	1579	1784.488	101.050	316	694	483	50	10	202	420	594	256	74	169.239	279	186	181	177	174	170	167	163	157	147	117	190.011	262	232	220	208	196	187	180	172	164	152	114	0	0	0.000	0.000	0	0	0	0	0	0	0	0	0	0	0	0.000	0.000	0	0	0	0	0	0	0	0	0	0	0	0	0
4	4	1478	1670.359	107.327	571	597	232	29	15	763	625	54	4	5	117.759	132	124	122	120	119	118	117	115	114	111	103	104.702	117	108	107	106	105	104	104	103	103	102	94	0	0	0.000	0.000	0	0	0	0	0	0	0	0	0	0	0	0.000	0.000	0	0	0	0	0	0	0	0	0	0	0	0	0
5	5	1362	267.077	114.995	504	423	328	80	8	387	429	293	181	43	115.654	134	124	121	119	118	116	114	112	110	107	101	503.313	806	717	675	631	578	526	484	408	331	232	127	0	0	0.000	0.000	0	0	0	0	0	0	0	0	0	0	0	0.000	0.000	0	0	0	0	0	0	0	0	0	0	0	0	0
6	6	719	979.700	112.063	132	258	196	95	24	137	247	196	88	32	240.433	319	290	273	264	254	245	235	222	207	187	124	127.170	151	137	133	131	129	128	126	123	121	118	108	0	0	0.000	0.000	0	0	0	0	0	0	0	0	0	0	0	0.000	0.000	0	0	0	0	0	0	0	0	0	0	0	0	0
7	7	1325	152.803	115.963	348	442	397	101	12	298	521	368	105	9	511.752	729	655	627	604	582	562	539	484	394	256	122	128.848	156	142	138	135	133	131	128	125	119	110	97	0	0	0.000	0.000	0	0	0	0	0	0	0	0	0	0	0	0.000	0.000	0	0	0	0	0	0	0	0	0	0	0	0	0
8	8	1856	1561.110	123.904	1331	439	20	15	11	1277	492	19	12	15	518.663	11690	642	275	212	195	185	178	171	160	146	113	179.904	1418	194	163	157	152	147	143	138	133	126	103	1	85	1562.807	116.705	0	0	0	5408	0	0	701	0	0	1	79	1562.758	116.628	0	0	0	5551	0	0	710	0	0	0	0	0	0
9	9	1584	1619.445	122.488	545	743	220	31	11	548	715	247	33	14	1265.379	3131	2509	1991	1579	1304	1090	898	720	547	419	146	107.821	127	112	110	109	108	108	107	106	105	104	99	0	0	0.000	0.000	0	0	0	0	0	0	0	0	0	0	0	0.000	0.000	0	0	0	0	0	0	0	0	0	0	0	0	0
10	10	1959	204.448	129.694	552	673	558	124	10	356	580	534	334	124	548.969	865	758	675	640	612	578	543	492	407	289	133	131.973	166	146	142	139	136	133	130	127	121	114	102	0	0	0.000	0.000	0	0	0	0	0	0	0	0	0	0	0	0.000	0.000	0	0	0	0	0	0	0	0	0	0	0	0	0
11	11	1890	1041.460	140.632	452	648	482	214	64	397	827	535	94	9	171.292	227	200	193	186	180	174	168	161	151	136	106	146.568	189	169	162	157	152	147	143	138	132	121	102	0	0	0.000	0.000	0	0	0	0	0	0	0	0	0	0	0	0.000	0.000	0	0	0	0	0	0	0	0	0	0	0	0	0
12	12	1761	962.382	152.032	600	497	435	183	18	542	590	410	169	26	118.986	152	132	127	124	121	119	116	113	110	107	98	1118.765	1926	1680	1565	1451	1355	1216	1064	882	638	331	118	0	0	0.000	0.000	0	0	0	0	0	0	0	0	0	0	0	0.000	0.000	0	0	0	0	0	0	0	0	0	0	0	0	0
13	13	1881	1307.567	158.891	361	523	563	349	64	291	701	553	243	61	116.059	138	125	122	120	118	116	114	112	110	107	100	132.451	191	163	149	139	133	128	125	121	116	111	99	0	0	0.000	0.000	0	0	0	0	0	0	0	0	0	0	0	0.000	0.000	0	0	0	0	0	0	0	0	0	0	0	0	0
14	14	1830	1173.738	163.146	532	610	441	191	24	441	584	483	225	60	230.628	338	283	264	252	245	237	229	215	196	165	118	105.688	122	110	108	107	106	105	104	104	103	102	94	0	0	0.000	0.000	0	0	0	0	0	0	0	0	0	0	0	0.000	0.000	0	0	0	0	0	0	0	0	0	0	0	0	0
15	15	1556	874.338	159.431	476	487	406	146	17	279	331	511	299	109	322.148	6497	328	247	226	209	200	193	184	164	132	98	999.346	3394	1546	1376	1196	1049	970	908	829	638	357	118	1	52	882.791	146.502	0	0	0	3138	0	0	2193	0	0	0	0	0.000	0.000	0	0	0	0	0	0	0	0	0	0	0	0	0
16	16	1490	1658.899	160.925	364	653	349	67	34	460	807	149	23	17	122.112	142	130	127	125	124	122	121	119	117	114	102	145.984	180	162	158	154	151	148	145	140	134	126	108	0	0	0.000	0.000	0	0	0	0	0	0	0	0	0	0	0	0.000	0.000	0	0	0	0	0	0	0	0	0	0	0	0	0
17	17	1607	1216.824	165.403	1170	247	125	48	9	1050	281	156	86	20	120.629	298	142	127	122	116	112	109	107	106	104	98	102.558	113	105	104	103	103	102	102	101	101	100	94	0	0	0.000	0.000	0	0	0	0	0	0	0	0	0	0	0	0.000	0.000	0	0	0	0	0	0	0	0	0	0	0	0	0
18	18	1772	449.694	171.909	1676	52	23	11	8	1637	66	29	21	16	115.312	144	130	127	124	120	115	109	106	104	102	95	133.788	192	169	159	152	142	131	121	112	107	104	97	0	0	0.000	0.000	0	0	0	0	0	0	0	0	0	0	0	0.000	0.000	0	0	0	0	0	0	0	0	0	0	0	0	0
19	19	551	1701.578	168.475	65	206	178	80	10	32	160	173	141	35	117.448	133	124	122	120	119	118	117	115	113	111	104	135.875	156	147	144	142	139	137	134	131	128	123	111	0	0	0.000	0.000	0	0	0	0	0	0	0	0	0	0	0	0.000	0.000	0	0	0	0	0	0	0	0	0	0	0	0	0
20	20	3151	1556.861	200.063	2782	299	34	10	5	2576	431	82	29	7	780.328	5217	1896	1470	1108	678	352	241	194	175	161	115	171.400	1169	252	201	169	152	141	132	125	121	117	102	0	0	0.000	0.000	0	0	0	0	0	0	0	0	0	1	34	1578.796	208.136	0	0	0	2683	0	0	410	0	0	0	0	0	0
21	21	1666	1347.306	196.285	273	666	542	136	17	125	574	621	230	82	111.319	124	116	115	113	112	111	110	109	108	106	101	125.002	148	137	133	130	128	125	122	120	117	113	101	0	0	0.000	0.000	0	0	0	0	0	0	0	0	0	0	0	0.000	0.000	0	0	0	0	0	0	0	0	0	0	0	0	0
22	22	1637	1679.201	208.107	159	487	513	336	111	226	777	391	194	19	120.378	139	127	125	124	122	121	119	118	116	113	100	138.036	175	155	150	145	142	139	136	132	127	120	102	0	0	0.000	0.000	0	0	0	0	0	0	0	0	0	0	0	0.000	0.000	0	0	0	0	0	0	0	0	0	0	0	0	0
23	23	1775	1139.174	208.661	314	581	583	244	29	271	748	499	192	30	115.570	133	122	120	118	117	116	114	113	111	109	100	239.069	347	298	285	271	255	241	228	215	201	173	118	0	0	0.000	0.000	0	0	0	0	0	0	0	0	0	0	0	0.000	0.000	0	0	0	0	0	0	0	0	0	0	0	0	0
24	24	1133	1931.540	200.398	328	535	222	27	10	186	490	329	83	27	263.335	368	320	304	291	279	269	258	244	223	195	136	105.981	119	110	108	107	107	106	105	104	104	103	97	0	0	0.000	0.000	0	0	0	0	0	0	0	0	0	0	0	0.000	0.000	0	0	0	0	0	0	0	0	0	0	0	0	0
25	25	2255	1731.288	216.920	989	1034	136	31	18	1243	847	89	23	14	115.834	134	123	120	119	118	116	115	113	111	108	100	217.561	305	270	256	245	235	225	214	201	179	149	105	0	0	0.000	0.000	0	0	0	0	0	0	0	0	0	0	0	0.000	0.000	0	0	0	0	0	0	0	0	0	0	0	0	0
26	26	1588	1510.744	211.218	949	284	192	121	27	1002	289	157	109	20	1586.919	5235	2540	2112	1888	1659	1482	1343	1166	965	606	200	230.022	853	389	294	247	214	187	170	158	143	123	102	0	0	0.000	0.000	0	0	0	0	0	0	0	0	0	4	30	1515.189	193.411	28	1520.529	214.233	3420	2625	0	520	542	0	0	0	0	0
27	27	2466	869.929	213.295	520	736	875	269	23	395	1047	723	251	13	443.669	12720	419	260	232	221	212	203	193	177	145	106	417.627	1749	571	500	464	438	414	387	352	285	200	113	1	74	883.500	211.514	0	0	0	5937	0	0	1119	0	0	1	40	883.900	210.408	0	0	0	6704	0	0	1409	0	0	0	0	0	0
28	28	1502	1208.553	211.514	413	522	392	147	8	248	624	373	179	56	322.595	461	403	380	363	346	331	316	302	278	217	119	105.341	120	109	108	107	106	105	105	104	103	102	96	0	0	0.000	0.000	0	0	0	0	0	0	0	0	0	0	0	0.000	0.000	0	0	0	0	0	0	0	0	0	0	0	0	0
29	29	2024	1876.937	219.873	204	648	732	358	52	117	567	789	384	122	161.201	206	187	181	174	167	161	155	149	144	135	112	179.354	249	219	208	198	188	178	168	160	152	142	117	0	0	0.000	0.000	0	0	0	0	0	0	0	0	0	0	0	0.000	0.000	0	0	0	0	0	0	0	0	0	0	0	0	0
30	30	1673	1779.747	226.026	138	433	594	375	99	125	604	635	252	30	309.441	3696	315	281	265	253	241	233	224	213	191	124	147.307	596	163	152	145	141	136	133	130	126	122	108	1	50	1774.574	242.335	0	0	0	1894	0	0	365	0	0	1	52	1775.166	241.322	0	0	0	1345	0	0	381	0	0	0	0	0	0
31	31	1609	444.635	216.691	277	595	456	220	40	353	677	430	116	12	126.794	146	136	133	131	129	127	125	123	121	117	104	156.773	195	176	170	166	162	158	154	149	144	135	107	0	0	0.000	0.000	0	0	0	0	0	0	0	0	0	0	0	0.000	0.000	0	0	0	0	0	0	0	0	0	0	0	0	0
32	32	2049	927.021	227.073	233	544	748	411	81	163	507	853	376	120	516.330	12190	504	254	239	228	219	210	197	178	149	105	359.661	1513	456	427	404	381	356	329	300	254	185	113	1	95	938.311	219.463	0	0	0	4971	0	0	824	0	0	1	43	939.546	218.828	0	0	0	7981	0	0	1171	0	0	0	0	0	0
33	33	1489	1431.817	228.432	265	405	501	242	42	135	264	612	303	140	247.721	3730	269	197	187	180	173	167	159	152	142	114	169.776	675	192	182	174	166	160	154	148	142	131	102	1	48	1444.533	228.397	0	0	0	1885	0	0	329	0	0	1	43	1444.684	226.826	0	0	0	973	0	0	437	0	0	0	0	0	0
34	34	1926	1251.868	246.607	437	790	553	106	11	189	594	721	316	62	117.181	140	125	123	121	119	118	116	114	112	109	98	153.451	205	178	170	164	159	154	150	144	136	126	108	0	0	0.000	0.000	0	0	0	0	0	0	0	0	0	0	0	0.000	0.000	0	0	0	0	0	0	0	0	0	0	0	0	0
35	35	1015	1338.854	245.421	214	332	295	126	22	183	421	216	138	37	110.896	124	116	114	113	112	111	110	109	107	106	99	119.219	137	129	126	124	122	120	118	115	111	108	99	0	0	0.000	0.000	0	0	0	0	0	0	0	0	0	0	0	0.000	0.000	0	0	0	0	0	0	0	0	0	0	0	0	0
36	36	1659	1916.676	264.078	190	681	542	181	39	101	421	676	344	77	185.080	234	210	203	197	193	187	183	177	168	155	107	168.953	212	190	184	179	175	171	166	161	155	145	111	0	0	0.000	0.000	0	0	0	0	0	0	0	0	0	0	0	0.000	0.000	0	0	0	0	0	0	0	0	0	0	0	0	0
37	37	512	1633.478	261.063	104	146	142	83	29	40	158	133	109	54	141.051	171	158	153	150	147	144	141	137	129	117	103	144.762	173	164	160	157	154	150	146	141	129	114	101	0	0	0.000	0.000	0	0	0	0	0	0	0	0	0	0	0	0.000	0.000	0	0	0	0	0	0	0	0	0	0	0	0	0
38	38	1652	913.450	280.162	243	447	606	280	41	180	445	656	279	67	233.731	2228	271	249	237	225	215	205	195	180	147	107	344.535	617	470	436	409	380	352	327	300	262	187	109	1	46	896.507	271.676	0	0	0	883	0	0	391	0	0	0	0	0.000	0.000	0	0	0	0	0	0	0	0	0	0	0	0	0
39	39	1730	819.309	300.187	305	551	628	185	28	173	672	637	171	40	275.836	372	337	324	314	303	293	281	264	227	174	110	107.569	126	113	111	109	108	107	106	105	104	103	97	0	0	0.000	0.000	0	0	0	0	0	0	0	0	0	0	0	0.000	0.000	0	0	0	0	0	0	0	0	0	0	0	0	0
40	40	1295	1281.440	294.065	210	512	373	156	14	232	694	279	62	5	114.257	136	120	119	117	116	114	113	112	110	108	98	152.246	189	172	167	163	160	156	152	146	138	125	102	0	0	0.000	0.000	0	0	0	0	0	0	0	0	0	0	0	0.000	0.000	0	0	0	0	0	0	0	0	0	0	0	0	0
41	41	1259	1795.789	315.188	256	378	410	169	22	217	489	388	134	12	205.655	1496	215	206	201	196	191	186	181	171	151	112	288.956	494	349	335	324	313	302	290	276	254	192	117	1	34	1783.096	314.434	0	0	0	721	0	0	362	0	0	0	0	0.000	0.000	0	0	0	0	0	0	0	0	0	0	0	0	0
42	42	1697	1622.278	321.296	492	705	390	67	9	411	785	342	112	21	178.157	1469	198	187	180	174	168	160	151	139	126	105	159.335	269	191	182	174	168	162	156	147	135	119	100	1	38	1611.255	325.081	0	0	0	604	0	0	222	0	0	0	0	0.000	0.000	0	0	0	0	0	0	0	0	0	0	0	0	0
43	43	970	1731.359	320.712	135	232	376	172	45	168	353	283	109	40	261.839	378	342	324	304	285	266	252	233	206	165	118	144.258	186	164	160	157	152	148	142	136	127	117	102	0	0	0.000	0.000	0	0	0	0	0	0	0	0	0	0	0	0.000	0.000	0	0	0	0	0	0	0	0	0	0	0	0	0
44	44	1969	975.517	327.554	396	990	427	71	35	355	1139	374	48	18	115.920	131	122	120	119	117	116	115	113	111	109	103	145.564	182	166	161	156	152	148	143	139	132	120	104	0	0	0.000	0.000	0	0	0	0	0	0	0	0	0	0	0	0.000	0.000	0	0	0	0	0	0	0	0	0	0	0	0	0
45	45	1304	773.082	326.016	237	334	394	285	35	203	262	503	264	46	282.983	408	350	333	320	303	287	272	255	232	205	140	106.341	118	111	109	108	107	106	105	104	104	103	96	0	0	0.000	0.000	0	0	0	0	0	0	0	0	0	0	0	0.000	0.000	0	0	0	0	0	0	0	0	0	0	0	0	0
46	46	1219	1158.715	329.695	301	373	362	118	42	303	496	316	66	16	117.893	137	125	123	121	119	118	117	115	113	110	103	209.022	274	250	241	232	225	217	209	200	179	147	107	0	0	0.000	0.000	0	0	0	0	0	0	0	0	0	0	0	0.000	0.000	0	0	0	0	0	0	0	0	0	0	0	0	0
47	47	1376	248.636	337.679	271	459	435	167	20	184	357	463	293	55	220.118	1914	253	225	211	202	193	184	175	162	143	107	262.070	432	355	328	311	292	276	256	232	187	137	102	1	34	244.823	342.431	0	0	0	889	0	0	353	0	0	0	0	0.000	0.000	0	0	0	0	0	0	0	0	0	0	0	0	0
48	48	1107	878.551	339.937	101	275	394	248	61	100	481	382	108	20	376.368	530	455	437	420	409	396	380	350	315	265	138	105.911	117	110	108	107	107	106	105	104	104	102	98	0	0	0.000	0.000	0	0	0	0	0	0	0	0	0	0	0	0.000	0.000	0	0	0	0	0	0	0	0	0	0	0	0	0
49	49	1623	296.835	351.719	292	638	537	117	10	241	580	584	152	31	415.475	7716	529	279	234	216	203	192	182	170	151	106	295.620	974	390	343	320	299	279	262	243	227	196	111	1	72	295.688	345.406	0	0	0	3675	0	0	651	0	0	1	29	295.176	344.436	0	0	0	4661	0	0	811	0	0	0	0	0	0
50	50	937	1208.609	368.895	114	226	389	169	24	81	214	434	169	26	533.138	814	700	640	608	582	551	509	457	415	359	214	147.862	186	168	162	158	155	151	146	140	132	123	107	0	0	0.000	0.000	0	0	0	0	0	0	0	0	0	0	0	0.000	0.000	0	0	0	0	0	0	0	0	0	0	0	0	0
51	51	1622	894.113	387.714	218	657	585	129	8	121	512	707	207	35	258.803	365	313	300	287	276	266	256	243	227	188	116	155.184	188	175	170	167	163	159	155	150	143	124	104	0	0	0.000	0.000	0	0	0	0	0	0	0	0	0	0	0	0.000	0.000	0	0	0	0	0	0	0	0	0	0	0	0	0
52	52	2687	989.189	423.255	2287	267	72	26	13	2108	357	114	59	37	116.881	358	133	116	112	110	108	107	106	105	104	97	105.646	150	109	107	106	105	105	104	104	103	102	95	0	0	0.000	0.000	0	0	0	0	0	0	0	0	0	0	0	0.000	0.000	0	0	0	0	0	0	0	0	0	0	0	0	0
53	53	1808	693.870	437.161	427	465	480	351	60	394	588	519	223	52	706.763	1155	956	888	830	783	745	698	635	534	385	149	108.149	123	113	111	110	109	108	107	106	105	104	98	0	0	0.000	0.000	0	0	0	0	0	0	0	0	0	0	0	0.000	0.000	0	0	0	0	0	0	0	0	0	0	0	0	0
54	54	1972	1052.935	450.477	285	648	658	313	31	236	711	677	258	50	185.898	244	220	213	206	201	194	184	172	158	137	106	208.247	300	269	256	244	228	213	194	177	161	140	104	0	0	0.000	0.000	0	0	0	0	0	0	0	0	0	0	0	0.000	0.000	0	0	0	0	0	0	0	0	0	0	0	0	0
55	55	2175	856.270	456.363	505	619	624	310	82	391	681	697	283	85	1026.283	1467	1337	1291	1249	1200	1138	1047	942	743	490	199	109.376	127	115	113	111	110	109	108	107	106	104	98	0	0	0.000	0.000	0	0	0	0	0	0	0	0	0	0	0	0.000	0.000	0	0	0	0	0	0	0	0	0	0	0	0	0
56	56	879	1312.090	458.370	118	294	257	159	36	55	259	290	179	76	151.497	193	175	168	162	156	152	146	141	136	129	112	147.366	184	167	161	156	152	147	143	139	134	127	111	0	0	0.000	0.000	0	0	0	0	0	0	0	0	0	0	0	0.000	0.000	0	0	0	0	0	0	0	0	0	0	0	0	0
57	57	2160	1919.929	478.254	391	768	732	218	19	224	563	827	387	119	186.248	254	221	212	205	199	191	181	171	158	144	108	195.273	271	242	233	221	211	200	186	172	159	141	106	0	0	0.000	0.000	0	0	0	0	0	0	0	0	0	0	0	0.000	0.000	0	0	0	0	0	0	0	0	0	0	0	0	0
58	58	1660	978.851	483.126	238	471	509	314	89	183	424	517	402	95	116.862	131	123	121	120	118	117	116	114	112	110	103	682.140	1046	926	883	831	774	704	641	576	488	392	178	0	0	0.000	0.000	0	0	0	0	0	0	0	0	0	0	0	0.000	0.000	0	0	0	0	0	0	0	0	0	0	0	0	0
59	59	3969	683.377	498.039	2691	752	418	38	24	2716	843	348	24	13	164.929	693	197	148	142	138	134	130	126	123	119	106	104.946	209	108	106	105	104	104	103	103	102	101	93	1	477	697.295	470.705	0	0	0	456	0	0	104	0	0	0	0	0.000	0.000	0	0	0	0	0	0	0	0	0	0	0	0	0
60	60	532	1623.683	476.818	81	149	140	126	22	44	120	150	136	64	189.190	241	222	215	208	200	194	185	176	166	152	112	105.722	116	110	108	107	106	106	105	104	103	102	98	0	0	0.000	0.000	0	0	0	0	0	0	0	0	0	0	0	0.000	0.000	0	0	0	0	0	0	0	0	0	0	0	0	0
61	61	2225	154.177	499.848	636	705	612	203	39	785	994	381	21	6	114.284	141	126	121	118	116	113	111	109	107	104	95	221.840	344	298	279	261	247	231	210	188	162	128	100	0	0	0.000	0.000	0	0	0	0	0	0	0	0	0	0	0	0.000	0.000	0	0	0	0	0	0	0	0	0	0	0	0	0
62	62	1719	883.977	504.228	217	774	580	107	16	117	633	628	267	33	702.880	1151	989	928	879	824	738	643	547	466	364	167	107.343	125	112	110	109	108	107	106	105	104	103	98	0	0	0.000	0.000	0	0	0	0	0	0	0	0	0	0	0	0.000	0.000	0	0	0	0	0	0	0	0	0	0	0	0	0
63	63	1719	1301.588	505.528	308	579	566	213	24	215	754	485	203	27	620.690	14305	763	277	216	201	190	179	167	158	147	112	208.519	1733	237	191	182	174	165	155	147	141	133	106	1	94	1293.320	513.725	0	0	0	6153	0	0	810	0	0	1	80	1293.098	514.101	0	0	0	6789	0	0	946	0	0	0	0	0	0
64	64	1463	414.110	500.057	777	386	170	73	36	796	345	184	91	25	638.314	12334	929	435	337	299	268	233	206	186	157	110	279.405	3791	398	211	182	169	157	147	140	131	117	102	1	74	408.617	498.081	0	0	0	5336	0	0	1784	0	0	1	77	408.790	497.718	0	0	0	5259	0	0	1771	0	0	0	0	0	0
65	65	651	1229.773	498.897	95	213	188	119	26	68	200	240	107	25	119.763	141	129	126	124	122	120	118	116	114	110	100	139.060	170	156	151	148	145	142	137	132	125	118	102	0	0	0.000	0.000	0	0	0	0	0	0	0	0	0	0	0	0.000	0.000	0	0	0	0	0	0	0	0	0	0	0	0	0
66	66	2761	828.694	518.631	1913	489	215	81	32	1905	513	205	87	27	236.910	766	489	410	318	150	127	122	119	117	114	104	104.835	120	108	107	106	105	105	104	103	103	102	96	0	0	0.000	0.000	0	0	0	0	0	0	0	0	0	0	0	0.000	0.000	0	0	0	0	0	0	0	0	0	0	0	0	0
67	67	1842	941.076	524.143	233	632	663	221	44	187	921	493	187	19	115.589	129	121	119	118	117	116	114	113	112	110	104	560.172	794	720	682	643	613	587	551	502	446	365	166	0	0	0.000	0.000	0	0	0	0	0	0	0	0	0	0	0	0.000	0.000	0	0	0	0	0	0	0	0	0	0	0	0	0
68	68	1778	1584.890	521.473	384	743	551	61	10	281	623	524	249	61	115.511	132	121	119	118	117	116	114	113	112	110	103	213.927	312	265	245	233	223	214	205	195	183	165	118	0	0	0.000	0.000	0	0	0	0	0	0	0	0	0	0	0	0.000	0.000	0	0	0	0	0	0	0	0	0	0	0	0	0
69	69	1882	1374.333	521.755	204	694	682	203	46	113	645	704	321	53	908.456	19331	1264	406	268	226	207	194	181	167	152	117	282.658	2651	353	255	228	214	202	191	179	165	151	114	1	117	1374.574	518.246	0	0	0	8669	0	0	1255	0	0	1	104	1374.829	517.296	0	0	0	8590	0	0	1343	0	0	0	0	0	0
70	70	1596	1638.010	532.338	303	608	485	155	17	200	639	477	209	39	114.808	130	121	119	117	116	115	114	112	111	109	101	209.788	305	266	250	236	225	215	204	191	175	139	104	0	0	0.000	0.000	0	0	0	0	0	0	0	0	0	0	0	0.000	0.000	0	0	0	0	0	0	0	0	0	0	0	0	0
71	71	1873	1915.687	537.015	299	604	608	295	34	223	652	643	287	30	612.639	12673	729	293	237	222	212	203	193	180	161	114	228.287	1251	275	227	215	205	199	189	179	168	153	109	1	103	1920.265	541.298	0	0	0	5691	0	0	717	0	0	1	92	1919.212	540.956	0	0	0	5662	0	0	757	0	0	0	0	0	0
72	72	1517	1257.301	535.081	248	552	509	168	15	162	490	540	234	59	209.603	3341	223	180	172	166	161	157	152	145	134	110	157.525	415	180	170	163	157	154	150	145	139	130	107	1	34	1255.779	542.503	0	0	0	1472	0	0	197	0	0	1	24	1258.386	540.721	0	0	0	464	0	0	343	0	0	0	0	0	0
73	73	1201	712.281	540.211	351	298	326	169	38	278	341	413	129	25	131.156	156	142	138	136	134	131	129	126	123	120	107	749.624	1335	1174	1060	947	877	790	687	590	453	238	120	0	0	0.000	0.000	0	0	0	0	0	0	0	0	0	0	0	0.000	0.000	0	0	0	0	0	0	0	0	0	0	0	0	0
74	74	1627	1116.100	567.520	288	588	439	241	32	193	621	474	272	33	1452.303	2156	1942	1845	1739	1609	1497	1412	1318	1158	821	214	107.537	123	113	111	109	108	107	106	105	104	103	96	0	0	0.000	0.000	0	0	0	0	0	0	0	0	0	0	0	0.000	0.000	0	0	0	0	0	0	0	0	0	0	0	0	0
75	75	1054	1404.803	562.057	213	345	296	158	22	162	307	339	172	48	176.815	219	199	194	189	184	179	174	169	162	150	115	174.529	232	208	199	190	182	175	169	163	154	138	104	0	0	0.000	0.000	0	0	0	0	0	0	0	0	0	0	0	0.000	0.000	0	0	0	0	0	0	0	0	0	0	0	0	0
76	76	2255	1748.672	574.696	576	672	715	240	20	405	574	854	316	65	1604.373	5848	2224	1983	1870	1784	1697	1562	1384	1102	725	281	191.102	677	235	220	208	199	191	182	169	152	134	109	0	0	0.000	0.000	0	0	0	0	0	0	0	0	0	1	21	1752.309	556.724	0	0	0	4487	0	0	493	0	0	0	0	0	0
77	77	2592	1826.277	582.567	551	1228	699	61	14	291	825	962	370	94	232.039	330	278	266	257	250	241	230	215	195	168	117	230.959	347	290	276	264	249	235	221	207	190	159	105	0	0	0.000	0.000	0	0	0	0	0	0	0	0	0	0	0	0.000	0.000	0	0	0	0	0	0	0	0	0	0	0	0	0
78	78	2239	1926.732	592.139	212	886	845	235	23	172	686	887	357	95	4612.480	29415	22241	6008	1581	705	430	347	309	266	218	113	1714.373	12180	7011	2010	731	434	346	310	276	248	208	111	0	0	0.000	0.000	0	0	0	0	0	0	0	0	0	0	0	0.000	0.000	0	0	0	0	0	0	0	0	0	0	0	0	0
79	79	2592	1012.120	595.366	414	662	887	515	66	349	705	1005	404	95	118.680	154	125	123	121	120	119	117	116	114	112	102	514.158	772	660	633	609	585	545	488	442	400	321	157	0	0	0.000	0.000	0	0	0	0	0	0	0	0	0	0	0	0.000	0.000	0	0	0	0	0	0	0	0	0	0	0	0	0
80	80	1159	377.093	586.606	107	350	352	263	59	85	348	365	240	110	750.927	1083	968	911	872	821	768	728	682	627	477	215	147.364	189	168	162	157	153	149	144	139	134	125	104	0	0	0.000	0.000	0	0	0	0	0	0	0	0	0	0	0	0.000	0.000	0	0	0	0	0	0	0	0	0	0	0	0	0
81	81	1805	1073.506	600.858	658	984	94	23	9	585	949	196	23	19	1473.476	2491	2037	1847	1719	1608	1486	1408	1309	1160	822	217	109.408	127	116	113	111	110	109	108	107	106	104	100	0	0	0.000	0.000	0	0	0	0	0	0	0	0	0	0	0	0.000	0.000	0	0	0	0	0	0	0	0	0	0	0	0	0
82	82	2065	101.190	608.160	305	671	720	286	38	293	820	657	199	52	1072.071	18217	1400	716	605	545	502	457	398	335	256	137	195.874	2041	247	159	143	135	131	126	121	116	112	99	1	109	102.075	615.395	0	0	0	9015	0	0	1071	0	0	1	121	102.358	615.334	0	0	0	8370	0	0	942	0	0	0	0	0	0
83	83	2114	633.384	629.521	226	604	669	467	112	225	689	801	292	70	118.351	136	126	123	122	120	119	117	115	113	111	102	202.707	287	256	240	226	214	202	192	181	169	151	113	0	0	0.000	0.000	0	0	0	0	0	0	0	0	0	0	0	0.000	0.000	0	0	0	0	0	0	0	0	0	0	0	0	0
84	84	1946	408.668	621.605	631	632	374	203	76	567	676	431	179	60	855.115	1835	1337	1188	1056	955	866	737	612	509	371	163	106.917	117	111	110	108	108	107	106	105	104	103	95	0	0	0.000	0.000	0	0	0	0	0	0	0	0	0	0	0	0.000	0.000	0	0	0	0	0	0	0	0	0	0	0	0	0
85	85	2136	1770.873	627.872	478	850	551	211	14	398	858	523	272	41	1745.917	7727	2267	2145	2038	1898	1778	1695	1515	1226	850	271	191.870	800	222	210	201	193	185	178	170	157	138	106	1	16	1778.463	612.134	0	0	0	6172	0	0	639	0	0	1	44	1778.207	612.897	0	0	0	4711	0	0	543	0	0	0	0	0	0
86	86	2743	917.870	641.489	618	1115	790	151	21	509	1382	589	184	29	1565.708	22335	1724	1010	957	906	858	816	759	674	502	152	339.850	5896	373	201	184	176	170	163	157	150	139	104	1	163	923.246	647.905	0	0	0	11882	0	0	2382	0	0	1	141	923.916	647.271	0	0	0	13991	0	0	2738	0	0	0	0	0	0
87	87	1959	1559.120	634.863	259	458	737	398	68	246	892	571	181	21	830.582	15958	1191	365	253	216	199	187	178	166	150	113	193.144	1480	243	171	159	150	141	134	128	123	118	105	1	140	1549.062	636.245	0	0	0	7118	0	0	753	0	0	1	137	1549.062	636.273	0	0	0	7289	0	0	753	0	0	0	0	0	0
88	88	1679	1507.068	637.042	245	419	719	243	17	176	475	745	185	67	192.313	244	221	215	211	205	200	193	184	170	149	111	139.553	178	157	152	148	144	141	138	134	128	118	101	0	0	0.000	0.000	0	0	0	0	0	0	0	0	0	0	0	0.000	0.000	0	0	0	0	0	0	0	0	0	0	0	0	0
89	89	1854	1390.733	643.288	428	695	555	134	16	327	639	553	267	28	1650.044	2414	2153	2020	1859	1750	1675	1596	1479	1324	1130	541	157.079	206	184	176	169	163	157	151	145	138	131	108	0	0	0.000	0.000	0	0	0	0	0	0	0	0	0	0	0	0.000	0.000	0	0	0	0	0	0	0	0	0	0	0	0	0
90	90	1713	458.656	646.170	143	377	637	410	92	101	417	817	246	103	410.622	9281	478	234	199	183	172	163	156	149	139	110	185.956	1183	223	195	180	168	157	148	142	137	130	110	1	73	444.712	640.969	0	0	0	3809	0	0	619	0	0	1	64	444.914	640.575	0	0	0	5025	0	0	679	0	0	0	0	0	0
91	91	1807	1120.417	651.023	517	772	436	44	9	338	718	480	194	45	383.727	561	489	470	453	437	415	386	343	290	222	121	107.742	130	115	111	110	108	107	105	105	104	103	96	0	0	0.000	0.000	0	0	0	0	0	0	0	0	0	0	0	0.000	0.000	0	0	0	0	0	0	0	0	0	0	0	0	0
92	92	1907	578.778	659.864	438	590	597	230	24	397	764	413	250	45	117.926	155	126	123	122	120	118	117	115	112	109	100	107.535	122	113	111	109	108	107	106	105	104	103	98	0	0	0.000	0.000	0	0	0	0	0	0	0	0	0	0	0	0.000	0.000	0	0	0	0	0	0	0	0	0	0	0	0	0
93	93	2085	1353.898	684.364	247	873	708	197	25	219	865	741	192	32	274.447	7560	222	168	161	157	153	149	146	142	135	112	199.467	534	239	226	215	206	196	188	180	171	156	109	1	61	1343.870	701.946	0	0	0	2883	0	0	306	0	0	1	14	1345.504	702.058	0	0	0	4300	0	0	471	0	0	0	0	0	0
94	94	1706	825.895	687.020	428	623	411	174	42	470	610	423	153	25	115.821	131	122	120	119	118	116	115	113	111	109	101	108.053	134	117	112	109	108	106	106	105	104	103	97	0	0	0.000	0.000	0	0	0	0	0	0	0	0	0	0	0	0.000	0.000	0	0	0	0	0	0	0	0	0	0	0	0	0
95	95	2002	400.059	679.755	403	810	603	125	23	287	919	569	171	11	449.349	10465	482	256	221	208	199	190	181	169	152	109	181.279	1784	198	158	150	145	141	137	134	128	119	103	1	88	406.793	672.863	0	0	0	4617	0	0	792	0	0	1	81	406.297	672.775	0	0	0	4620	0	0	867	0	0	0	0	0	0
96	96	1196	712.347	682.017	174	527	356	106	15	186	518	342	94	27	296.066	421	368	344	327	312	301	288	273	251	218	129	134.425	163	149	144	141	137	134	132	129	125	120	105	0	0	0.000	0.000	0	0	0	0	0	0	0	0	0	0	0	0.000	0.000	0	0	0	0	0	0	0	0	0	0	0	0	0
97	97	894	1072.458	682.655	178	367	245	71	22	152	401	223	90	13	164.880	201	186	181	177	172	168	162	157	149	138	109	123.779	145	134	131	129	127	125	123	120	117	112	103	0	0	0.000	0.000	0	0	0	0	0	0	0	0	0	0	0	0.000	0.000	0	0	0	0	0	0	0	0	0	0	0	0	0
98	98	1853	1476.299	693.989	254	585	677	252	49	304	828	532	133	19	115.428	129	121	119	118	117	115	114	113	112	110	104	144.360	186	165	160	156	150	145	140	135	129	121	104	0	0	0.000	0.000	0	0	0	0	0	0	0	0	0	0	0	0.000	0.000	0	0	0	0	0	0	0	0	0	0	0	0	0
99	99	664	616.456	683.965	117	234	210	85	11	111	209	225	97	11	255.342	385	334	301	279	263	250	241	226	213	192	134	131.870	162	148	142	139	135	133	130	126	121	115	102	0	0	0.000	0.000	0	0	0	0	0	0	0	0	0	0	0	0.000	0.000	0	0	0	0	0	0	0	0	0	0	0	0	0
100	100	1878	337.519	692.007	361	650	547	256	25	280	711	574	218	54	201.619	1598	225	208	200	194	188	180	170	158	140	106	139.653	393	158	151	146	142	138	134	130	124	115	100	1	32	329.921	682.476	0	0	0	894	0	0	235	0	0	1	29	329.446	680.808	0	0	0	469	0	0	277	0	0	0	0	0	0
101	101	1295	1161.999	692.867	509	412	236	87	20	283	452	340	155	45	123.048	150	136	131	128	126	123	121	118	114	110	101	118.486	140	129	126	123	121	119	117	114	111	107	100	0	0	0.000	0.000	0	0	0	0	0	0	0	0	0	0	0	0.000	0.000	0	0	0	0	0	0	0	0	0	0	0	0	0
102	102	1762	900.791	690.335	256	620	582	220	44	174	598	635	265	66	598.631	12831	563	272	243	229	218	206	193	175	155	107	163.957	1522	163	143	138	134	131	128	126	122	115	102	1	117	900.816	675.381	0	0	0	5727	0	0	582	0	0	0	0	0.000	0.000	0	0	0	0	0	0	0	0	0	0	0	0	0
103	103	2176	1403.771	706.767	335	921	740	125	19	197	566	975	291	106	2272.483	3458	3084	2901	2758	2590	2410	2196	1953	1628	1207	502	178.489	246	216	204	195	188	180	172	163	152	139	110	0	0	0.000	0.000	0	0	0	0	0	0	0	0	0	0	0	0.000	0.000	0	0	0	0	0	0	0	0	0	0	0	0	0
104	104	1068	1119.869	703.516	115	279	395	220	41	91	380	355	155	69	115.076	132	121	119	118	116	115	114	113	111	109	102	111.735	138	120	116	114	112	111	110	108	107	106	100	0	0	0.000	0.000	0	0	0	0	0	0	0	0	0	0	0	0.000	0.000	0	0	0	0	0	0	0	0	0	0	0	0	0
105	105	630	1274.245	699.082	234	156	118	76	24	148	192	154	80	44	1917.287	3528	3018	2709	2432	2252	2003	1738	1430	1059	683	307	117.935	141	127	125	122	120	117	116	114	111	109	102	0	0	0.000	0.000	0	0	0	0	0	0	0	0	0	0	0	0.000	0.000	0	0	0	0	0	0	0	0	0	0	0	0	0
106	106	1365	1836.649	704.991	166	454	465	222	37	218	624	340	127	30	914.368	1359	1270	1198	1125	1051	975	888	781	646	436	169	185.801	253	230	220	212	204	195	185	169	147	121	103	0	0	0.000	0.000	0	0	0	0	0	0	0	0	0	0	0	0.000	0.000	0	0	0	0	0	0	0	0	0	0	0	0	0
107	107	632	559.775	700.408	213	146	127	109	25	168	153	147	109	47	113.277	126	119	118	116	115	113	112	111	109	107	101	107.453	122	113	111	109	108	107	106	105	104	103	98	0	0	0.000	0.000	0	0	0	0	0	0	0	0	0	0	0	0.000	0.000	0	0	0	0	0	0	0	0	0	0	0	0	0
108	108	2824	1789.003	735.015	444	1115	881	297	34	331	1029	931	428	38	2771.520	28037	6964	1492	1035	851	781	732	675	566	408	170	602.996	6881	1408	323	215	190	181	172	164	151	135	107	1	375	1789.182	738.464	0	0	0	15091	0	0	2978	0	0	1	324	1789.167	738.197	0	0	0	17574	0	0	3446	0	0	0	0	0	0
109	109	1676	695.714	730.911	280	685	530	136	10	193	677	548	213	14	313.081	429	385	365	352	337	324	312	298	262	213	127	136.680	169	153	148	145	141	138	134	130	125	117	102	0	0	0.000	0.000	0	0	0	0	0	0	0	0	0	0	0	0.000	0.000	0	0	0	0	0	0	0	0	0	0	0	0	0
110	110	523	998.015	719.618	129	175	135	62	15	110	169	135	75	23	137.562	168	153	148	145	142	139	136	131	127	119	107	120.342	139	129	127	125	123	121	119	116	114	110	102	0	0	0.000	0.000	0	0	0	0	0	0	0	0	0	0	0	0.000	0.000	0	0	0	0	0	0	0	0	0	0	0	0	0
111	111	1144	386.628	727.228	130	485	375	123	15	63	607	326	113	9	304.469	406	364	349	338	326	315	305	287	264	224	123	115.545	136	123	120	118	117	115	114	112	111	108	103	0	0	0.000	0.000	0	0	0	0	0	0	0	0	0	0	0	0.000	0.000	0	0	0	0	0	0	0	0	0	0	0	0	0
112	112	1520	1665.654	730.358	402	655	359	56	17	334	647	390	92	23	118.620	138	126	123	122	120	119	117	116	114	111	102	153.078	198	176	167	162	157	153	149	145	139	131	108	0	0	0.000	0.000	0	0	0	0	0	0	0	0	0	0	0	0.000	0.000	0	0	0	0	0	0	0	0	0	0	0	0	0
113	113	2261	1723.433	742.240	220	651	857	419	63	217	764	872	314	51	228.771	5839	198	173	167	162	156	150	143	135	127	107	222.419	698	283	267	251	232	214	201	191	178	159	112	1	49	1724.463	730.149	0	0	0	2470	0	0	421	0	0	1	17	1724.060	730.366	0	0	0	4422	0	0	598	0	0	0	0	0	0
114	114	647	1253.300	731.603	163	203	176	81	15	85	218	202	98	34	402.462	594	541	516	497	471	434	400	349	293	189	118	145.756	185	172	164	160	155	150	144	136	122	112	102	0	0	0.000	0.000	0	0	0	0	0	0	0	0	0	0	0	0.000	0.000	0	0	0	0	0	0	0	0	0	0	0	0	0
115	115	1827	1454.755	747.933	261	625	634	245	16	176	620	690	273	28	112.316	128	117	116	115	113	112	111	110	109	107	100	150.029	195	172	163	159	155	151	147	143	136	126	105	0	0	0.000	0.000	0	0	0	0	0	0	0	0	0	0	0	0.000	0.000	0	0	0	0	0	0	0	0	0	0	0	0	0
116	116	1529	101.839	750.792	253	620	466	145	12	78	585	549	239	45	629.266	936	815	764	716	673	644	617	579	508	396	190	107.539	126	113	111	109	108	107	106	105	104	103	96	0	0	0.000	0.000	0	0	0	0	0	0	0	0	0	0	0	0.000	0.000	0	0	0	0	0	0	0	0	0	0	0	0	0
117	117	2826	428.686	766.684	2524	182	48	32	24	2508	216	47	28	16	228.607	426	354	325	301	280	249	174	125	115	110	102	111.611	134	122	118	116	113	111	108	106	105	103	95	0	0	0.000	0.000	0	0	0	0	0	0	0	0	0	0	0	0.000	0.000	0	0	0	0	0	0	0	0	0	0	0	0	0
118	118	1398	483.714	757.163	238	601	447	77	17	118	449	510	231	64	114.308	131	121	119	117	116	114	113	111	110	108	101	279.136	431	379	355	333	313	293	270	243	206	141	105	0	0	0.000	0.000	0	0	0	0	0	0	0	0	0	0	0	0.000	0.000	0	0	0	0	0	0	0	0	0	0	0	0	0
119	119	821	1866.083	755.951	168	272	282	66	18	114	314	257	112	10	156.987	192	178	172	168	163	159	155	150	141	131	111	136.542	182	158	152	146	141	138	134	129	121	111	102	0	0	0.000	0.000	0	0	0	0	0	0	0	0	0	0	0	0.000	0.000	0	0	0	0	0	0	0	0	0	0	0	0	0
120	120	2437	1042.812	767.402	502	1055	667	151	18	355	1125	688	189	36	416.300	10683	408	244	223	211	203	195	185	171	150	103	568.140	2369	737	659	627	599	571	542	506	424	300	126	1	81	1051.573	756.806	0	0	0	4832	0	0	1394	0	0	1	29	1051.003	755.730	0	0	0	7012	0	0	1895	0	0	0	0	0	0
121	121	1698	161.908	768.001	122	475	662	379	31	82	475	735	292	82	737.145	1154	977	915	868	822	761	708	644	555	454	170	108.122	123	114	112	110	109	107	106	105	104	103	98	0	0	0.000	0.000	0	0	0	0	0	0	0	0	0	0	0	0.000	0.000	0	0	0	0	0	0	0	0	0	0	0	0	0
122	122	2390	989.531	776.607	1441	417	305	186	14	1294	396	324	258	91	125.797	178	156	145	137	129	121	114	110	108	105	99	200.092	346	304	275	249	222	192	161	138	124	116	104	0	0	0.000	0.000	0	0	0	0	0	0	0	0	0	0	0	0.000	0.000	0	0	0	0	0	0	0	0	0	0	0	0	0
123	123	1453	739.216	774.259	226	522	452	200	31	111	469	549	213	84	506.929	736	644	610	570	541	520	495	458	415	350	169	108.533	129	114	111	110	109	108	107	106	105	104	100	0	0	0.000	0.000	0	0	0	0	0	0	0	0	0	0	0	0.000	0.000	0	0	0	0	0	0	0	0	0	0	0	0	0
124	124	1197	213.273	776.482	156	556	352	98	14	63	429	493	161	26	726.480	1064	929	883	849	808	760	711	650	565	459	213	109.934	138	120	114	110	109	108	107	106	105	104	97	0	0	0.000	0.000	0	0	0	0	0	0	0	0	0	0	0	0.000	0.000	0	0	0	0	0	0	0	0	0	0	0	0	0
125	125	1114	1097.982	783.382	133	258	369	280	54	129	379	325	188	73	111.767	126	117	115	114	113	112	111	110	108	106	100	111.085	124	117	115	113	112	111	109	108	107	106	102	0	0	0.000	0.000	0	0	0	0	0	0	0	0	0	0	0	0.000	0.000	0	0	0	0	0	0	0	0	0	0	0	0	0
126	126	749	682.745	780.870	89	333	217	85	14	80	352	199	72	34	552.895	742	674	640	618	601	576	546	512	470	406	168	111.955	132	122	118	116	113	111	109	107	106	105	99	0	0	0.000	0.000	0	0	0	0	0	0	0	0	0	0	0	0.000	0.000	0	0	0	0	0	0	0	0	0	0	0	0	0
127	127	1516	1908.276	789.656	156	375	597	310	48	203	669	481	123	14	257.003	4206	286	208	190	181	174	168	163	156	147	119	156.035	568	173	162	157	153	149	146	142	138	131	106	1	44	1910.520	789.487	0	0	0	1984	0	0	328	0	0	1	32	1910.266	789.468	0	0	0	2245	0	0	369	0	0	0	0	0	0
128	128	581	1488.983	792.323	123	212	161	61	14	129	185	180	70	8	171.105	215	198	192	187	181	176	170	162	151	135	108	208.771	280	256	247	237	228	219	208	193	169	140	111	0	0	0.000	0.000	0	0	0	0	0	0	0	0	0	0	0	0.000	0.000	0	0	0	0	0	0	0	0	0	0	0	0	0
129	129	1553	1524.176	812.486	247	347	561	320	47	209	466	611	208	31	336.903	5468	398	246	223	208	199	189	178	166	145	102	267.197	1301	348	314	290	271	251	229	206	184	138	103	1	72	1515.523	812.344	0	0	0	2438	0	0	572	0	0	1	49	1517.105	811.670	0	0	0	1915	0	0	850	0	0	0	0	0	0
130	130	1053	1568.089	808.801	274	297	288	159	16	230	301	312	140	57	116.049	150	124	121	119	117	115	114	113	111	108	101	353.338	561	495	469	446	417	384	348	296	211	150	106	0	0	0.000	0.000	0	0	0	0	0	0	0	0	0	0	0	0.000	0.000	0	0	0	0	0	0	0	0	0	0	0	0	0
131	131	1136	1866.455	810.895	165	380	340	200	39	138	435	380	126	39	760.273	1184	1031	960	921	883	844	796	693	524	311	124	137.549	177	160	155	151	147	143	137	127	115	107	100	0	0	0.000	0.000	0	0	0	0	0	0	0	0	0	0	0	0.000	0.000	0	0	0	0	0	0	0	0	0	0	0	0	0
132	132	1058	1707.676	817.634	173	373	350	133	11	105	425	323	143	40	113.371	129	120	117	116	114	113	112	111	109	108	101	134.556	162	148	143	140	138	135	132	129	126	121	105	0	0	0.000	0.000	0	0	0	0	0	0	0	0	0	0	0	0.000	0.000	0	0	0	0	0	0	0	0	0	0	0	0	0
133	133	1486	203.840	820.538	227	488	505	214	24	214	405	472	296	67	666.262	6926	817	678	615	576	544	508	473	429	369	161	162.068	973	183	159	152	147	143	139	133	129	123	108	1	40	202.199	815.358	0	0	0	4015	0	0	470	0	0	1	54	203.490	815.977	0	0	0	2728	0	0	525	0	0	0	0	0	0
134	134	1462	1750.436	835.993	250	443	423	291	31	169	536	451	201	83	111.952	127	117	115	114	113	112	111	110	109	107	100	128.217	157	141	137	134	131	129	127	124	120	114	103	0	0	0.000	0.000	0	0	0	0	0	0	0	0	0	0	0	0.000	0.000	0	0	0	0	0	0	0	0	0	0	0	0	0
135	135	1518	864.245	840.252	186	407	507	331	56	224	609	459	144	60	112.404	127	119	117	115	114	112	111	110	108	106	98	175.675	250	212	201	191	183	176	169	161	152	139	105	0	0	0.000	0.000	0	0	0	0	0	0	0	0	0	0	0	0.000	0.000	0	0	0	0	0	0	0	0	0	0	0	0	0
136	136	1903	1223.502	849.861	414	796	512	126	11	400	805	562	82	15	112.824	128	119	117	115	114	113	112	110	109	107	99	213.867	303	269	253	239	226	211	200	192	181	162	110	0	0	0.000	0.000	0	0	0	0	0	0	0	0	0	0	0	0.000	0.000	0	0	0	0	0	0	0	0	0	0	0	0	0
137	137	1654	252.719	852.700	337	521	559	185	17	316	779	365	141	18	803.998	7004	1074	959	854	768	719	674	607	488	310	131	162.247	953	178	165	158	152	146	142	136	129	118	103	1	44	260.206	843.068	0	0	0	4028	0	0	589	0	0	1	54	259.875	843.506	0	0	0	3106	0	0	515	0	0	0	0	0	0
138	138	2314	1057.487	884.527	640	769	690	170	13	475	731	713	323	36	375.673	9370	357	266	255	246	237	227	211	181	148	105	151.879	1263	158	146	142	138	134	131	127	122	116	102	1	61	1041.132	883.657	0	0	0	4359	0	0	612	0	0	1	62	1041.008	883.150	0	0	0	4305	0	0	612	0	0	0	0	0	0
139	139	1466	1576.312	883.557	372	539	427	82	22	387	678	316	52	3	116.790	135	124	121	120	119	117	116	114	112	109	99	145.276	184	165	160	156	152	147	143	137	131	121	104	0	0	0.000	0.000	0	0	0	0	0	0	0	0	0	0	0	0.000	0.000	0	0	0	0	0	0	0	0	0	0	0	0	0
140	140	1519	1116.646	885.947	169	501	588	215	23	123	424	665	228	50	243.171	364	306	282	269	256	244	233	220	204	181	118	135.575	169	153	147	143	139	135	132	129	125	120	104	0	0	0.000	0.000	0	0	0	0	0	0	0	0	0	0	0	0.000	0.000	0	0	0	0	0	0	0	0	0	0	0	0	0
141	141	1591	1398.810	891.173	201	619	457	263	28	158	576	525	216	81	607.130	888	764	734	711	687	657	618	553	461	367	161	146.430	186	167	160	156	152	148	144	139	133	124	102	0	0	0.000	0.000	0	0	0	0	0	0	0	0	0	0	0	0.000	0.000	0	0	0	0	0	0	0	0	0	0	0	0	0
142	142	978	1758.414	897.074	171	277	303	174	41	119	305	335	159	37	447.092	689	628	593	553	516	475	427	370	303	216	119	142.804	179	168	164	157	151	145	138	131	122	113	103	0	0	0.000	0.000	0	0	0	0	0	0	0	0	0	0	0	0.000	0.000	0	0	0	0	0	0	0	0	0	0	0	0	0
143	143	1559	1614.401	911.246	419	552	401	139	26	549	735	231	16	3	119.329	375	125	122	120	119	118	116	115	113	110	99	151.741	230	173	167	162	156	152	147	143	139	131	104	1	23	1604.288	898.659	0	0	0	213	0	0	152	0	0	0	0	0.000	0.000	0	0	0	0	0	0	0	0	0	0	0	0	0
144	144	1163	1153.557	912.818	214	329	416	137	35	170	385	395	155	34	109.410	125	115	113	112	111	110	108	107	105	103	96	224.439	331	290	274	256	240	226	212	197	180	155	107	0	0	0.000	0.000	0	0	0	0	0	0	0	0	0	0	0	0.000	0.000	0	0	0	0	0	0	0	0	0	0	0	0	0
145	145	1308	599.022	912.546	239	430	378	211	28	156	450	391	185	96	159.534	205	182	177	171	167	162	158	153	147	131	104	154.118	197	177	171	166	161	156	152	147	140	124	105	0	0	0.000	0.000	0	0	0	0	0	0	0	0	0	0	0	0.000	0.000	0	0	0	0	0	0	0	0	0	0	0	0	0
146	146	2012	893.607	921.465	286	891	664	120	10	204	557	855	268	91	137.540	166	152	147	144	141	138	135	132	128	122	100	216.506	288	257	247	239	230	222	215	206	190	162	106	0	0	0.000	0.000	0	0	0	0	0	0	0	0	0	0	0	0.000	0.000	0	0	0	0	0	0	0	0	0	0	0	0	0
147	147	992	711.616	925.484	799	81	49	32	27	832	68	39	27	23	108.708	136	121	117	112	108	106	104	103	102	101	97	124.459	194	163	153	139	121	110	108	106	105	103	99	0	0	0.000	0.000	0	0	0	0	0	0	0	0	0	0	0	0.000	0.000	0	0	0	0	0	0	0	0	0	0	0	0	0
148	148	2237	643.352	940.013	475	936	581	170	23	322	920	606	277	65	406.505	11474	385	202	188	181	175	169	161	148	130	102	197.342	1609	207	191	184	177	171	164	159	149	133	106	1	80	626.995	933.186	0	0	0	4891	0	0	785	0	0	1	72	627.598	933.131	0	0	0	5426	0	0	885	0	0	0	0	0	0
149	149	1965	497.238	953.849	404	821	543	140	20	272	762	566	291	52	608.419	927	782	741	706	679	645	599	550	480	363	178	111.707	128	117	115	114	113	111	110	109	108	106	99	0	0	0.000	0.000	0	0	0	0	0	0	0	0	0	0	0	0.000	0.000	0	0	0	0	0	0	0	0	0	0	0	0	0
150	150	742	272.913	945.326	230	288	130	67	17	299	240	134	36	19	181.678	251	224	215	207	200	192	180	165	140	121	106	123.080	148	136	133	130	127	124	121	116	112	108	102	0	0	0.000	0.000	0	0	0	0	0	0	0	0	0	0	0	0.000	0.000	0	0	0	0	0	0	0	0	0	0	0	0	0
151	151	2598	1717.058	956.203	454	781	809	458	41	418	824	840	381	80	1266.833	22647	1632	704	583	520	448	379	328	274	233	122	222.366	2664	277	161	147	140	133	126	120	114	110	100	1	161	1714.156	949.766	0	0	0	11471	0	0	1271	0	0	1	165	1713.850	949.497	0	0	0	11090	0	0	1267	0	0	0	0	0	0
152	152	1757	1817.847	960.338	293	442	518	390	83	278	648	544	218	33	111.629	132	119	116	114	113	111	110	108	107	105	96	356.782	609	543	493	445	402	356	314	262	222	176	110	0	0	0.000	0.000	0	0	0	0	0	0	0	0	0	0	0	0.000	0.000	0	0	0	0	0	0	0	0	0	0	0	0	0
153	153	1521	986.636	968.364	242	611	518	106	17	156	498	582	199	57	1167.206	18327	2195	486	294	260	241	227	217	203	177	112	412.750	2908	570	364	340	324	310	295	277	250	206	124	1	138	995.701	971.554	0	0	0	8658	0	0	1402	0	0	1	109	995.781	971.878	0	0	0	10455	0	0	1712	0	0	0	0	0	0
154	154	1299	1620.860	961.147	250	347	376	232	68	194	453	332	210	85	116.885	137	125	123	121	119	117	115	113	111	108	101	146.711	195	174	166	160	153	147	141	135	128	120	102	0	0	0.000	0.000	0	0	0	0	0	0	0	0	0	0	0	0.000	0.000	0	0	0	0	0	0	0	0	0	0	0	0	0
155	155	2322	1552.882	974.138	432	734	786	306	23	357	739	765	341	77	650.856	1012	863	811	771	741	698	642	566	465	357	207	110.824	139	119	115	113	111	110	108	107	106	105	98	0	0	0.000	0.000	0	0	0	0	0	0	0	0	0	0	0	0.000	0.000	0	0	0	0	0	0	0	0	0	0	0	0	0
156	156	1678	922.916	971.150	208	415	671	291	52	194	481	618	282	70	365.884	6719	417	258	226	209	198	190	180	170	155	114	284.964	1412	359	316	288	270	256	244	233	217	180	114	1	73	914.283	969.242	0	0	0	3025	0	0	562	0	0	1	54	913.824	966.988	0	0	0	1357	0	0	1012	0	0	0	0	0	0
157	157	1977	1221.130	985.910	625	584	532	191	22	552	642	492	221	28	112.077	136	120	118	116	114	112	110	108	106	104	96	235.785	376	308	287	274	259	243	228	205	177	146	111	0	0	0.000	0.000	0	0	0	0	0	0	0	0	0	0	0	0.000	0.000	0	0	0	0	0	0	0	0	0	0	0	0	0
158	158	1730	699.559	981.234	237	728	570	150	9	132	640	628	230	70	108.845	120	113	112	111	110	109	108	107	106	105	98	105.547	120	109	108	107	106	105	105	104	103	102	98	0	0	0.000	0.000	0	0	0	0	0	0	0	0	0	0	0	0.000	0.000	0	0	0	0	0	0	0	0	0	0	0	0	0
159	159	1914	742.073	1005.845	437	788	490	140	23	437	901	386	134	18	110.164	130	116	114	112	111	110	109	108	106	105	99	106.468	121	110	109	108	107	106	106	105	104	103	98	0	0	0.000	0.000	0	0	0	0	0	0	0	0	0	0	0	0.000	0.000	0	0	0	0	0	0	0	0	0	0	0	0	0
160	160	1911	517.676	1005.720	164	541	802	352	20	132	693	776	240	32	866.020	17201	1167	435	331	312	297	280	260	239	202	115	228.887	2588	276	167	152	146	142	139	136	131	124	106	1	120	525.555	1005.484	0	0	0	7407	0	0	1207	0	0	1	120	525.611	1005.178	0	0	0	7407	0	0	1207	0	0	0	0	0	0
161	161	715	655.218	998.399	122	184	206	156	38	77	144	189	190	104	107.582	118	112	110	109	108	108	107	106	105	104	98	105.796	117	109	108	107	106	106	105	104	103	103	98	0	0	0.000	0.000	0	0	0	0	0	0	0	0	0	0	0	0.000	0.000	0	0	0	0	0	0	0	0	0	0	0	0	0
162	162	1540	1005.705	1004.633	221	541	592	141	15	188	631	489	178	31	515.931	11407	693	278	223	202	191	183	175	162	144	108	288.283	1580	357	311	283	265	253	243	232	215	190	122	1	74	996.419	999.223	0	0	0	5163	0	0	850	0	0	1	52	997.037	999.365	0	0	0	6377	0	0	969	0	0	0	0	0	0
163	163	1354	564.978	1008.898	158	561	509	86	11	140	493	495	169	27	157.081	209	184	174	166	161	156	152	148	141	131	112	305.784	473	403	363	341	323	302	287	271	251	216	135	0	0	0.000	0.000	0	0	0	0	0	0	0	0	0	0	0	0.000	0.000	0	0	0	0	0	0	0	0	0	0	0	0	0
164	164	1744	873.301	1007.347	233	695	603	162	11	159	499	723	263	55	910.080	9318	1119	949	814	753	714	677	630	556	436	154	226.931	2146	268	220	200	185	176	170	162	154	143	105	1	62	867.995	998.094	0	0	0	5049	0	0	1124	0	0	1	69	867.415	998.204	0	0	0	4242	0	0	1034	0	0	0	0	0	0
165	165	1139	125.015	1009.190	159	313	379	240	28	123	422	425	130	13	179.660	235	210	202	197	192	186	180	171	155	134	106	132.063	162	148	143	139	136	132	130	126	121	114	102	0	0	0.000	0.000	0	0	0	0	0	0	0	0	0	0	0	0.000	0.000	0	0	0	0	0	0	0	0	0	0	0	0	0
166	166	1651	950.238	1011.974	284	953	365	16	11	134	613	596	233	37	211.442	3389	227	185	176	170	164	159	154	146	137	111	236.462	608	293	272	258	245	231	221	210	198	171	118	1	35	946.048	1006.017	0	0	0	1682	0	0	444	0	0	0	0	0.000	0.000	0	0	0	0	0	0	0	0	0	0	0	0	0
167	167	2043	1350.027	1024.639	272	537	635	472	101	258	770	636	275	65	112.217	133	118	116	115	114	112	111	110	108	106	99	499.051	727	636	612	584	563	539	506	449	382	293	137	0	0	0.000	0.000	0	0	0	0	0	0	0	0	0	0	0	0.000	0.000	0	0	0	0	0	0	0	0	0	0	0	0	0
168	168	2138	1510.365	1019.656	574	595	707	208	19	449	577	715	280	82	620.619	936	846	799	758	714	665	619	542	438	296	148	112.906	146	124	119	115	113	111	109	108	107	105	92	0	0	0.000	0.000	0	0	0	0	0	0	0	0	0	1	15	1505.856	1012.722	0	0	0	795	0	0	136	0	0	0	0	0	0
169	169	578	634.935	1026.669	127	171	189	62	20	123	204	194	30	16	141.007	163	152	149	146	144	142	140	137	134	129	112	149.313	173	163	159	157	154	151	148	145	139	132	116	0	0	0.000	0.000	0	0	0	0	0	0	0	0	0	0	0	0.000	0.000	0	0	0	0	0	0	0	0	0	0	0	0	0
170	170	889	167.637	1033.469	65	287	319	150	52	68	298	297	162	51	170.728	218	196	189	183	177	171	166	160	154	144	118	159.412	197	182	176	171	165	160	155	150	143	135	108	0	0	0.000	0.000	0	0	0	0	0	0	0	0	0	0	0	0.000	0.000	0	0	0	0	0	0	0	0	0	0	0	0	0
171	171	1125	1774.581	1044.283	290	279	406	117	15	248	323	322	177	28	109.720	129	117	114	112	110	109	108	106	105	103	98	213.324	305	273	260	245	230	218	206	190	171	139	107	0	0	0.000	0.000	0	0	0	0	0	0	0	0	0	0	0	0.000	0.000	0	0	0	0	0	0	0	0	0	0	0	0	0
172	172	1072	364.490	1055.572	118	304	345	248	39	101	317	425	157	54	276.162	397	345	327	314	302	288	268	246	223	193	124	139.283	171	155	151	148	145	141	136	132	127	121	107	0	0	0.000	0.000	0	0	0	0	0	0	0	0	0	0	0	0.000	0.000	0	0	0	0	0	0	0	0	0	0	0	0	0
173	173	554	750.507	1049.843	88	117	140	136	66	99	196	166	69	15	157.507	199	179	172	167	164	159	155	150	143	134	112	135.363	161	149	146	143	139	137	132	130	125	120	103	0	0	0.000	0.000	0	0	0	0	0	0	0	0	0	0	0	0.000	0.000	0	0	0	0	0	0	0	0	0	0	0	0	0
174	174	1345	902.406	1059.333	261	550	408	88	12	176	560	347	179	54	767.125	1117	967	916	890	862	833	787	734	618	424	157	177.773	247	214	207	201	196	190	183	165	137	115	102	0	0	0.000	0.000	0	0	0	0	0	0	0	0	0	0	0	0.000	0.000	0	0	0	0	0	0	0	0	0	0	0	0	0
175	175	2040	620.622	1065.306	297	612	837	223	25	251	665	808	241	33	565.406	11296	596	360	325	301	283	265	245	220	183	127	493.398	1779	653	616	568	520	473	432	396	350	278	171	1	89	625.229	1056.773	0	0	0	5154	0	0	1106	0	0	1	31	625.513	1055.397	0	0	0	8012	0	0	1480	0	0	0	0	0	0
176	176	1856	173.211	1078.497	323	779	573	128	23	167	657	677	244	79	601.894	12599	805	329	234	198	186	176	168	158	139	104	231.586	2295	296	197	177	167	161	154	148	140	129	104	1	102	178.331	1075.424	0	0	0	5680	0	0	1177	0	0	1	103	178.639	1075.233	0	0	0	5620	0	0	1169	0	0	0	0	0	0
177	177	1410	571.289	1082.620	181	301	412	343	130	238	412	527	168	37	257.536	351	320	305	292	280	268	249	230	212	181	115	465.922	697	614	581	550	521	483	448	406	362	283	135	0	0	0.000	0.000	0	0	0	0	0	0	0	0	0	0	0	0.000	0.000	0	0	0	0	0	0	0	0	0	0	0	0	0
178	178	1537	1339.100	1085.441	226	548	545	175	21	191	569	474	208	60	112.786	128	119	117	115	114	113	112	110	109	106	100	436.808	643	552	527	503	484	458	432	403	364	277	116	0	0	0.000	0.000	0	0	0	0	0	0	0	0	0	0	0	0.000	0.000	0	0	0	0	0	0	0	0	0	0	0	0	0
179	179	1895	398.602	1089.627	275	495	652	364	70	202	506	775	257	132	337.291	2914	414	372	349	331	316	296	273	241	198	118	150.716	618	168	158	153	150	146	142	138	132	122	99	1	38	400.637	1080.187	0	0	0	1524	0	0	223	0	0	1	34	398.081	1081.376	0	0	0	793	0	0	373	0	0	0	0	0	0
180	180	2083	849.609	1091.796	385	832	654	162	7	273	750	682	253	75	413.793	11213	304	224	211	201	193	186	176	163	143	105	176.380	1805	174	164	158	153	148	143	138	133	123	101	1	89	843.009	1074.505	0	0	0	4540	0	0	754	0	0	1	70	842.971	1073.860	0	0	0	5545	0	0	887	0	0	0	0	0	0
181	181	1777	750.798	1091.728	158	599	667	280	37	110	673	662	224	68	111.074	125	117	115	113	112	111	110	109	107	106	99	137.610	184	157	150	145	141	137	133	130	125	119	105	0	0	0.000	0.000	0	0	0	0	0	0	0	0	0	0	0	0.000	0.000	0	0	0	0	0	0	0	0	0	0	0	0	0
182	182	1993	1117.817	1097.369	315	671	689	259	17	218	615	758	282	68	690.065	1112	957	894	835	792	752	704	609	449	299	131	142.307	192	169	164	157	152	147	140	129	116	109	98	0	0	0.000	0.000	0	0	0	0	0	0	0	0	0	0	0	0.000	0.000	0	0	0	0	0	0	0	0	0	0	0	0	0
183	183	2159	665.608	1108.953	273	631	745	428	32	194	704	797	404	30	243.277	4588	271	244	230	217	204	191	176	162	148	109	358.992	563	483	449	417	388	359	337	303	269	233	130	1	30	669.860	1109.496	0	0	0	1985	0	0	441	0	0	0	0	0.000	0.000	0	0	0	0	0	0	0	0	0	0	0	0	0
184	184	1900	1001.193	1097.658	169	512	608	508	73	169	655	657	324	60	681.522	15378	831	302	230	207	195	185	173	163	147	105	320.630	4319	385	248	222	208	198	187	174	160	145	113	1	104	1001.567	1088.197	0	0	0	7006	0	0	2014	0	0	1	100	1001.525	1088.173	0	0	0	7026	0	0	2131	0	0	0	0	0	0
185	185	1495	104.855	1111.103	164	448	517	276	60	177	465	554	213	66	700.439	1105	875	826	795	767	722	669	624	573	488	173	111.459	129	118	115	113	112	111	110	109	108	106	99	0	0	0.000	0.000	0	0	0	0	0	0	0	0	0	0	0	0.000	0.000	0	0	0	0	0	0	0	0	0	0	0	0	0
186	186	509	891.729	1102.490	80	189	154	55	22	74	216	153	49	11	146.310	175	160	155	152	150	147	145	142	138	132	107	131.069	149	142	139	137	135	133	130	127	124	117	103	0	0	0.000	0.000	0	0	0	0	0	0	0	0	0	0	0	0.000	0.000	0	0	0	0	0	0	0	0	0	0	0	0	0
187	187	1245	614.367	1116.257	147	291	467	235	81	132	531	378	150	32	551.349	777	707	674	645	606	560	527	496	444	360	177	155.467	198	179	172	166	162	156	151	146	139	131	111	0	0	0.000	0.000	0	0	0	0	0	0	0	0	0	0	0	0.000	0.000	0	0	0	0	0	0	0	0	0	0	0	0	0
188	188	1422	1366.373	1123.878	354	393	404	207	43	273	547	344	162	65	542.160	1037	830	736	671	599	540	489	431	347	232	122	112.163	130	119	116	115	113	112	111	109	108	106	101	0	0	0.000	0.000	0	0	0	0	0	0	0	0	0	0	0	0.000	0.000	0	0	0	0	0	0	0	0	0	0	0	0	0
189	189	1743	779.770	1131.342	238	436	639	323	70	175	517	718	223	77	109.111	124	114	112	111	110	109	108	107	106	104	98	133.038	165	146	143	140	137	134	131	127	123	118	102	0	0	0.000	0.000	0	0	0	0	0	0	0	0	0	0	0	0.000	0.000	0	0	0	0	0	0	0	0	0	0	0	0	0
190	190	1228	716.558	1132.361	220	578	365	29	11	139	492	382	150	30	108.591	121	113	111	110	109	108	107	107	106	104	98	134.402	170	149	144	139	137	134	132	128	125	120	109	0	0	0.000	0.000	0	0	0	0	0	0	0	0	0	0	0	0.000	0.000	0	0	0	0	0	0	0	0	0	0	0	0	0
191	191	1747	910.047	1140.565	339	663	594	99	13	298	715	550	130	18	213.779	2399	229	214	204	194	185	177	169	158	145	118	154.014	469	182	172	165	158	152	146	139	132	124	110	1	54	909.973	1157.891	0	0	0	1006	0	0	253	0	0	0	0	0.000	0.000	0	0	0	0	0	0	0	0	0	0	0	0	0
192	192	1813	1422.367	1159.968	854	849	59	11	14	1198	551	24	6	7	710.457	14795	902	335	250	217	201	189	176	162	144	112	180.096	1407	213	160	150	143	138	133	128	123	118	105	1	106	1422.833	1160.217	0	0	0	7073	0	0	711	0	0	1	103	1422.610	1159.856	0	0	0	6971	0	0	715	0	0	0	0	0	0
193	193	1295	1120.669	1150.567	237	205	404	352	76	245	375	410	202	42	575.683	841	760	720	689	656	624	586	521	431	294	124	134.153	177	157	152	147	142	136	130	124	113	107	100	0	0	0.000	0.000	0	0	0	0	0	0	0	0	0	0	0	0.000	0.000	0	0	0	0	0	0	0	0	0	0	0	0	0
194	194	1441	180.284	1156.293	105	313	556	384	59	98	373	634	257	47	237.845	321	286	274	263	254	245	234	219	201	177	129	113.741	129	120	118	116	115	113	112	111	109	108	100	0	0	0.000	0.000	0	0	0	0	0	0	0	0	0	0	0	0.000	0.000	0	0	0	0	0	0	0	0	0	0	0	0	0
195	195	1483	1887.119	1162.979	304	680	402	55	12	218	574	451	182	28	150.917	204	173	166	161	157	153	148	144	136	125	100	132.713	162	147	143	140	137	134	131	127	123	115	102	0	0	0.000	0.000	0	0	0	0	0	0	0	0	0	0	0	0.000	0.000	0	0	0	0	0	0	0	0	0	0	0	0	0
196	196	2166	681.513	1168.627	291	531	849	401	48	311	640	806	282	84	203.024	297	247	237	229	221	210	200	186	167	142	109	395.234	588	523	499	473	450	421	386	343	288	218	126	0	0	0.000	0.000	0	0	0	0	0	0	0	0	0	0	0	0.000	0.000	0	0	0	0	0	0	0	0	0	0	0	0	0
197	197	1623	860.814	1167.143	329	485	453	244	76	436	786	291	78	9	181.458	1883	191	179	174	170	166	162	157	150	135	106	232.467	536	284	267	253	243	234	225	215	198	170	116	1	23	864.209	1185.033	0	0	0	871	0	0	352	0	0	0	0	0.000	0.000	0	0	0	0	0	0	0	0	0	0	0	0	0
198	198	941	1039.040	1163.967	140	278	304	182	20	130	388	216	131	59	646.988	1038	874	799	745	709	670	621	561	501	391	146	144.950	179	165	158	154	150	146	142	136	132	125	104	0	0	0.000	0.000	0	0	0	0	0	0	0	0	0	0	0	0.000	0.000	0	0	0	0	0	0	0	0	0	0	0	0	0
199	199	1834	1079.550	1183.668	152	592	664	353	39	198	739	514	254	91	673.796	1189	939	810	760	712	681	654	610	538	393	153	144.140	190	165	159	154	149	145	140	135	130	122	105	0	0	0.000	0.000	0	0	0	0	0	0	0	0	0	0	0	0.000	0.000	0	0	0	0	0	0	0	0	0	0	0	0	0
200	200	568	1008.707	1190.211	123	238	104	49	49	177	194	147	28	12	169.488	217	194	186	180	174	168	163	159	154	148	124	247.681	331	298	286	273	260	250	237	224	212	196	154	0	0	0.000	0.000	0	0	0	0	0	0	0	0	0	0	0	0.000	0.000	0	0	0	0	0	0	0	0	0	0	0	0	0
201	201	1970	320.618	1203.381	838	485	431	173	15	732	576	412	197	24	117.167	135	125	122	120	119	117	116	114	112	110	102	541.012	958	844	766	703	644	582	522	414	272	149	110	0	0	0.000	0.000	0	0	0	0	0	0	0	0	0	0	0	0.000	0.000	0	0	0	0	0	0	0	0	0	0	0	0	0
202	202	2133	197.811	1206.182	274	474	844	408	100	273	588	875	285	76	191.989	266	228	220	212	204	196	187	175	164	149	110	219.148	314	281	266	251	236	221	205	189	174	155	116	0	0	0.000	0.000	0	0	0	0	0	0	0	0	0	0	0	0.000	0.000	0	0	0	0	0	0	0	0	0	0	0	0	0
203	203	1397	837.410	1204.936	213	368	522	196	66	287	671	332	64	18	483.191	9873	629	266	220	201	190	182	175	164	143	105	163.387	1063	185	158	151	145	139	132	127	123	118	104	1	67	849.463	1205.427	0	0	0	4183	0	0	457	0	0	1	62	849.679	1205.680	0	0	0	4785	0	0	572	0	0	0	0	0	0
204	204	1513	1600.824	1212.355	324	547	402	175	39	406	586	381	92	21	142.490	383	160	155	151	147	144	140	136	130	119	101	136.543	176	159	153	146	141	136	132	128	124	112	99	0	0	0.000	0.000	0	0	0	0	0	0	0	0	0	0	0	0.000	0.000	0	0	0	0	0	0	0	0	0	0	0	0	0
205	205	2485	638.464	1220.972	520	668	811	397	49	374	620	920	358	163	196.107	2530	211	200	193	187	179	170	159	147	133	108	167.361	470	202	190	180	172	164	157	151	143	130	105	1	31	619.708	1213.236	0	0	0	1321	0	0	299	0	0	1	21	619.866	1213.647	0	0	0	1525	0	0	360	0	0	0	0	0	0
206	206	1971	143.240	1225.585	395	587	593	321	34	332	620	636	317	27	1666.707	21529	4285	592	300	244	228	211	193	174	149	110	439.587	3769	863	311	265	253	239	223	202	179	150	110	1	260	148.759	1229.418	0	0	0	10442	0	0	1797	0	0	1	225	148.886	1229.312	0	0	0	12044	0	0	1989	0	0	0	0	0	0
207	207	1401	1770.872	1220.961	295	430	409	204	26	229	446	508	160	35	604.520	10695	1005	366	261	223	204	187	176	166	152	118	192.703	1139	247	188	173	165	158	151	144	139	132	111	1	86	1768.701	1222.616	0	0	0	4860	0	0	594	0	0	1	73	1768.431	1222.074	0	0	0	5226	0	0	664	0	0	0	0	0	0
208	208	2736	704.127	1230.733	580	837	855	371	48	398	837	912	395	138	1257.620	23375	1734	440	278	224	203	187	173	159	141	106	344.909	4267	464	227	197	184	173	164	155	146	135	104	1	222	699.814	1231.372	0	0	0	10871	0	0	1907	0	0	1	210	699.832	1231.301	0	0	0	11761	0	0	2042	0	0	0	0	0	0
209	209	1661	1851.384	1223.820	750	562	230	74	18	779	548	238	52	26	156.391	225	197	186	177	168	159	146	134	123	114	102	971.096	1822	1536	1423	1317	1201	1030	837	652	456	309	149	0	0	0.000	0.000	0	0	0	0	0	0	0	0	0	0	0	0.000	0.000	0	0	0	0	0	0	0	0	0	0	0	0	0
210	210	1811	1442.864	1224.394	197	444	679	393	59	139	450	761	314	108	170.811	2397	178	155	148	144	140	137	133	129	123	105	179.777	421	215	199	190	185	178	173	167	158	142	108	1	38	1434.955	1231.926	0	0	0	1072	0	0	284	0	0	0	0	0.000	0.000	0	0	0	0	0	0	0	0	0	0	0	0	0
211	211	1831	1091.902	1234.140	207	597	608	326	50	202	643	624	297	34	373.746	636	513	449	418	389	368	351	331	300	241	140	112.269	132	121	117	114	112	111	110	109	108	106	99	0	0	0.000	0.000	0	0	0	0	0	0	0	0	0	0	0	0.000	0.000	0	0	0	0	0	0	0	0	0	0	0	0	0
212	212	1275	1542.460	1233.792	282	451	360	140	27	217	444	382	173	40	110.454	126	116	114	113	112	111	109	108	107	105	99	131.667	167	147	141	137	134	131	128	125	122	117	104	0	0	0.000	0.000	0	0	0	0	0	0	0	0	0	0	0	0.000	0.000	0	0	0	0	0	0	0	0	0	0	0	0	0
213	213	1746	1484.567	1250.208	168	450	733	326	48	214	906	453	123	16	136.036	176	151	147	143	140	137	134	131	126	117	101	173.570	237	203	194	187	181	176	170	164	156	142	104	0	0	0.000	0.000	0	0	0	0	0	0	0	0	0	0	0	0.000	0.000	0	0	0	0	0	0	0	0	0	0	0	0	0
214	214	2679	787.868	1253.346	896	903	585	212	22	738	1001	563	279	44	112.463	127	119	117	115	114	113	111	110	108	106	99	268.753	390	344	328	314	298	282	263	240	214	162	106	0	0	0.000	0.000	0	0	0	0	0	0	0	0	0	0	0	0.000	0.000	0	0	0	0	0	0	0	0	0	0	0	0	0
215	215	1538	1579.053	1263.932	282	552	478	183	16	214	503	548	173	70	111.233	129	118	116	114	112	111	110	108	107	105	97	133.579	179	155	148	141	137	133	129	124	119	113	103	0	0	0.000	0.000	0	0	0	0	0	0	0	0	0	0	0	0.000	0.000	0	0	0	0	0	0	0	0	0	0	0	0	0
216	216	1495	1276.628	1258.842	684	365	314	94	20	589	396	300	132	52	150.818	188	172	168	163	159	155	149	142	133	123	100	143.318	187	168	162	156	151	146	139	131	124	116	101	0	0	0.000	0.000	0	0	0	0	0	0	0	0	0	0	0	0.000	0.000	0	0	0	0	0	0	0	0	0	0	0	0	0
217	217	1759	431.237	1268.227	313	454	591	308	57	246	516	600	283	81	962.088	1592	1323	1221	1150	1094	1028	944	845	681	463	221	149.080	203	172	165	159	154	150	145	139	132	124	109	0	0	0.000	0.000	0	0	0	0	0	0	0	0	0	0	0	0.000	0.000	0	0	0	0	0	0	0	0	0	0	0	0	0
218	218	2507	312.384	1275.950	512	684	879	367	26	391	691	914	408	64	760.124	3651	1016	964	901	841	788	719	622	516	371	157	164.767	662	195	183	175	169	162	155	146	138	127	106	1	14	323.880	1255.017	0	0	0	2955	0	0	504	0	0	1	27	324.445	1255.743	0	0	0	2276	0	0	456	0	0	0	0	0	0
219	219	1092	1438.212	1272.431	94	335	484	134	18	72	394	422	149	31	248.742	352	309	292	275	258	242	232	223	211	196	145	137.060	170	154	148	144	140	136	133	130	127	123	107	0	0	0.000	0.000	0	0	0	0	0	0	0	0	0	0	0	0.000	0.000	0	0	0	0	0	0	0	0	0	0	0	0	0
220	220	612	1107.592	1275.370	138	237	171	41	9	90	247	204	53	10	340.007	475	426	405	386	371	354	334	306	275	231	148	108.399	116	112	111	110	109	108	108	107	106	105	97	0	0	0.000	0.000	0	0	0	0	0	0	0	0	0	0	0	0.000	0.000	0	0	0	0	0	0	0	0	0	0	0	0	0
221	221	1523	910.266	1283.502	219	538	533	175	30	217	609	511	135	23	314.722	458	402	376	357	337	322	306	284	257	217	120	128.161	159	143	138	134	132	128	125	122	118	114	103	0	0	0.000	0.000	0	0	0	0	0	0	0	0	0	0	0	0.000	0.000	0	0	0	0	0	0	0	0	0	0	0	0	0
222	222	1583	1055.107	1283.390	138	547	569	261	38	113	642	532	227	43	1182.387	15763	1839	889	714	659	612	569	530	479	381	171	216.897	1933	297	181	160	152	148	142	138	132	124	105	1	98	1049.241	1277.320	0	0	0	7170	0	0	1013	0	0	1	106	1048.866	1277.333	0	0	0	7011	0	0	957	0	0	0	0	0	0
223	223	831	1155.104	1282.652	70	221	270	196	61	58	230	349	147	23	114.147	127	120	118	117	116	114	113	111	110	108	100	203.232	267	246	238	228	218	206	195	182	169	155	119	0	0	0.000	0.000	0	0	0	0	0	0	0	0	0	0	0	0.000	0.000	0	0	0	0	0	0	0	0	0	0	0	0	0
224	224	1425	573.927	1297.392	725	537	110	21	11	547	464	280	93	25	117.712	138	127	124	121	119	118	116	114	112	109	101	701.331	1129	936	882	850	817	766	688	595	494	371	152	0	0	0.000	0.000	0	0	0	0	0	0	0	0	0	0	0	0.000	0.000	0	0	0	0	0	0	0	0	0	0	0	0	0
225	225	1933	387.917	1304.162	268	394	664	437	136	248	672	692	235	36	1414.400	10239	1935	1589	1485	1409	1301	1154	1014	854	631	276	186.508	1310	222	193	180	169	160	151	145	137	130	110	1	54	382.160	1297.977	0	0	0	6720	0	0	612	0	0	1	62	383.170	1299.251	0	0	0	5026	0	0	729	0	0	0	0	0	0
226	226	1160	1086.604	1324.163	184	530	361	56	13	120	579	275	154	13	657.388	941	819	777	745	717	686	655	621	550	440	164	146.478	175	164	159	155	151	148	144	141	135	126	105	0	0	0.000	0.000	0	0	0	0	0	0	0	0	0	0	0	0.000	0.000	0	0	0	0	0	0	0	0	0	0	0	0	0
227	227	1859	1027.107	1332.132	165	310	706	490	151	111	455	880	268	98	286.982	8143	290	184	169	161	155	149	144	137	127	107	183.969	723	221	207	195	184	175	167	160	152	136	106	1	52	1038.321	1332.362	0	0	0	3167	0	0	415	0	0	1	38	1037.823	1331.426	0	0	0	2837	0	0	458	0	0	0	0	0	0
228	228	1948	1223.269	1340.128	178	510	814	377	45	154	753	741	207	54	1650.658	9028	2442	2185	1931	1738	1534	1332	1173	1053	771	186	243.036	1737	307	273	250	230	214	196	181	169	154	111	1	32	1232.613	1351.390	0	0	0	6628	0	0	1221	0	0	1	51	1232.377	1350.618	0	0	0	5113	0	0	920	0	0	0	0	0	0
229	229	1370	1398.415	1335.246	238	477	415	197	14	140	515	414	175	94	140.485	172	156	152	148	145	142	139	135	129	122	103	145.513	195	167	161	156	151	145	140	135	131	124	108	0	0	0.000	0.000	0	0	0	0	0	0	0	0	0	0	0	0.000	0.000	0	0	0	0	0	0	0	0	0	0	0	0	0
230	230	1077	837.521	1344.718	213	354	326	125	46	251	430	247	93	37	117.887	151	125	122	120	119	118	116	115	113	111	99	174.985	219	200	192	188	184	179	175	169	160	142	104	0	0	0.000	0.000	0	0	0	0	0	0	0	0	0	0	0	0.000	0.000	0	0	0	0	0	0	0	0	0	0	0	0	0
231	231	1843	1587.619	1362.783	459	739	455	143	15	302	637	583	223	70	392.733	609	507	473	448	425	404	382	354	313	255	142	109.374	129	115	112	111	110	109	108	107	106	105	97	0	0	0.000	0.000	0	0	0	0	0	0	0	0	0	0	0	0.000	0.000	0	0	0	0	0	0	0	0	0	0	0	0	0
232	232	1929	1470.858	1366.571	208	522	756	368	49	117	755	711	267	46	278.729	410	358	340	321	305	288	266	243	219	187	124	356.671	533	484	455	425	394	365	336	301	267	219	118	0	0	0.000	0.000	0	0	0	0	0	0	0	0	0	0	0	0.000	0.000	0	0	0	0	0	0	0	0	0	0	0	0	0
233	233	1170	1125.187	1374.258	212	443	323	149	21	202	532	288	108	18	119.174	140	127	125	123	121	119	117	116	113	111	102	770.966	1234	1109	1023	951	873	802	735	675	531	331	143	0	0	0.000	0.000	0	0	0	0	0	0	0	0	0	0	0	0.000	0.000	0	0	0	0	0	0	0	0	0	0	0	0	0
234	234	1587	1184.279	1380.369	126	485	528	340	77	113	571	544	269	64	184.885	2533	176	165	160	156	153	150	147	142	135	107	198.335	353	233	223	216	209	201	193	184	174	157	110	1	36	1194.285	1397.994	0	0	0	1089	0	0	244	0	0	0	0	0.000	0.000	0	0	0	0	0	0	0	0	0	0	0	0	0
235	235	930	946.495	1381.003	151	323	302	117	20	96	424	280	87	23	206.948	1600	239	205	198	191	186	180	173	165	151	108	125.977	174	138	133	131	128	125	123	120	118	114	102	1	27	942.043	1371.379	0	0	0	691	0	0	142	0	0	0	0	0.000	0.000	0	0	0	0	0	0	0	0	0	0	0	0	0
236	236	2064	98.787	1393.724	807	632	445	127	16	627	564	494	294	39	243.418	3482	257	237	229	221	211	198	183	162	139	109	360.344	904	481	459	436	412	391	362	316	240	154	111	1	43	86.204	1398.578	0	0	0	1541	0	0	633	0	0	0	0	0.000	0.000	0	0	0	0	0	0	0	0	0	0	0	0	0
237	237	1528	1082.383	1391.753	136	670	492	194	8	111	760	405	203	23	567.337	9690	688	372	332	313	299	281	263	242	212	142	174.902	1261	198	160	152	147	143	140	136	132	126	110	1	73	1074.297	1387.490	0	0	0	4813	0	0	450	0	0	1	70	1074.721	1388.287	0	0	0	4956	0	0	675	0	0	0	0	0	0
238	238	1663	490.193	1384.551	428	817	341	34	10	200	697	503	180	65	397.064	7657	400	297	273	258	246	235	221	199	169	116	226.440	2517	242	208	195	186	179	172	163	152	138	110	1	55	491.015	1370.789	0	0	0	3761	0	0	1292	0	0	1	57	491.305	1370.939	0	0	0	3670	0	0	1190	0	0	0	0	0	0
239	239	2254	1510.216	1409.622	516	678	693	279	55	548	763	655	218	26	984.801	12343	1946	471	336	309	289	268	244	220	191	119	394.115	1679	571	424	392	364	333	300	269	240	209	123	1	262	1521.121	1405.278	0	0	0	6107	0	0	1028	0	0	1	166	1521.055	1404.639	0	0	0	8309	0	0	1260	0	0	0	0	0	0
240	240	890	401.886	1399.386	53	233	265	247	72	62	363	315	113	22	181.933	239	216	206	198	191	184	176	169	158	144	115	177.574	231	212	203	195	186	178	171	163	154	141	113	0	0	0.000	0.000	0	0	0	0	0	0	0	0	0	0	0	0.000	0.000	0	0	0	0	0	0	0	0	0	0	0	0	0
241	241	1612	571.789	1404.156	325	603	508	136	15	257	717	410	176	22	227.184	2621	251	201	193	188	184	179	174	164	148	117	222.778	891	275	257	243	229	215	201	188	177	153	111	1	46	561.345	1409.006	0	0	0	1274	0	0	316	0	0	1	26	557.664	1405.587	0	0	0	358	0	0	670	0	0	0	0	0	0
242	242	1322	847.055	1416.001	174	349	463	283	33	92	467	532	153	54	217.116	292	262	251	242	233	224	213	199	181	159	120	162.166	222	193	181	173	167	161	156	151	143	134	111	0	0	0.000	0.000	0	0	0	0	0	0	0	0	0	0	0	0.000	0.000	0	0	0	0	0	0	0	0	0	0	0	0	0
243	243	2196	438.547	1422.121	285	639	815	372	39	227	569	789	484	93	410.087	10017	377	231	215	205	197	189	179	166	146	103	249.420	3318	245	216	209	200	191	182	170	155	140	104	1	81	425.031	1422.948	0	0	0	4544	0	0	1526	0	0	1	76	425.218	1422.822	0	0	0	4757	0	0	1570	0	0	0	0	0	0
244	244	1233	1198.411	1433.540	203	412	449	121	24	117	376	373	251	92	142.865	175	160	155	151	148	145	142	138	132	119	101	166.399	208	190	185	180	175	169	163	155	149	138	111	0	0	0.000	0.000	0	0	0	0	0	0	0	0	0	0	0	0.000	0.000	0	0	0	0	0	0	0	0	0	0	0	0	0
245	245	1990	1720.340	1451.981	268	599	724	308	58	182	439	761	435	139	356.618	7439	375	269	253	240	231	218	203	186	161	116	151.081	826	168	156	148	142	138	134	129	124	118	103	1	65	1734.140	1445.009	0	0	0	3045	0	0	379	0	0	1	55	1733.508	1445.806	0	0	0	2739	0	0	498	0	0	0	0	0	0
246	246	1233	508.784	1444.114	178	475	381	153	20	143	412	388	231	43	147.417	179	163	160	156	153	150	146	142	135	127	109	241.666	318	287	275	266	258	250	241	226	206	179	138	0	0	0.000	0.000	0	0	0	0	0	0	0	0	0	0	0	0.000	0.000	0	0	0	0	0	0	0	0	0	0	0	0	0
247	247	1628	690.643	1450.317	280	587	503	200	31	285	711	376	189	34	473.154	699	612	577	547	516	484	456	416	370	312	185	229.874	332	277	265	253	245	235	225	212	195	172	122	0	0	0.000	0.000	0	0	0	0	0	0	0	0	0	0	0	0.000	0.000	0	0	0	0	0	0	0	0	0	0	0	0	0
248	248	753	773.528	1442.189	65	220	233	152	64	68	306	253	83	29	267.541	373	321	300	289	279	269	258	248	236	216	133	126.206	145	136	133	131	128	126	124	122	120	116	106	0	0	0.000	0.000	0	0	0	0	0	0	0	0	0	0	0	0.000	0.000	0	0	0	0	0	0	0	0	0	0	0	0	0
249	249	1690	616.689	1452.331	258	642	506	219	34	214	567	524	289	69	648.006	14240	751	403	335	315	300	284	269	247	211	121	156.728	1267	174	140	133	129	127	124	122	119	116	103	1	70	625.443	1453.272	0	0	0	6446	0	0	610	0	0	1	73	624.260	1452.304	0	0	0	3147	0	0	626	0	0	0	0	0	0
250	250	631	917.141	1446.980	119	280	167	40	12	35	118	257	149	60	117.845	137	124	122	121	119	118	116	115	114	111	105	167.390	215	190	184	179	175	170	164	159	150	141	116	0	0	0.000	0.000	0	0	0	0	0	0	0	0	0	0	0	0.000	0.000	0	0	0	0	0	0	0	0	0	0	0	0	0
251	251	1841	878.409	1464.332	275	768	542	180	43	239	813	520	209	32	777.512	14078	1096	426	320	283	266	252	238	220	193	129	280.162	2844	353	223	200	190	180	173	166	157	143	114	1	118	883.992	1467.387	0	0	0	6521	0	0	1417	0	0	1	114	883.816	1467.473	0	0	0	6662	0	0	1513	0	0	0	0	0	0
252	252	1326	819.042	1461.598	139	392	415	286	73	145	439	518	146	54	119.646	136	128	125	123	121	120	118	116	114	111	101	204.273	284	253	238	227	218	208	195	182	168	153	111	0	0	0.000	0.000	0	0	0	0	0	0	0	0	0	0	0	0.000	0.000	0	0	0	0	0	0	0	0	0	0	0	0	0
253	253	2006	570.493	1473.777	842	638	277	167	58	994	609	286	86	12	204.345	2732	257	219	207	197	186	173	159	140	121	102	113.148	398	122	117	114	112	110	109	107	106	104	98	0	0	0.000	0.000	0	0	0	0	0	0	0	0	0	0	0	0.000	0.000	0	0	0	0	0	0	0	0	0	0	0	0	0
254	254	2479	352.212	1479.886	347	642	927	435	77	298	743	927	364	101	115.185	134	123	120	118	117	115	113	112	110	108	99	410.113	635	579	544	506	462	421	376	330	278	221	129	0	0	0.000	0.000	0	0	0	0	0	0	0	0	0	0	0	0.000	0.000	0	0	0	0	0	0	0	0	0	0	0	0	0
255	255	1231	946.685	1474.133	110	185	478	307	125	114	394	496	166	36	332.537	445	386	372	361	353	345	335	323	303	254	131	120.679	139	128	126	124	122	121	119	118	116	113	101	0	0	0.000	0.000	0	0	0	0	0	0	0	0	0	0	0	0.000	0.000	0	0	0	0	0	0	0	0	0	0	0	0	0
256	256	1665	1175.062	1480.708	198	593	627	202	21	113	458	645	308	106	167.545	220	196	185	178	173	168	163	157	151	140	112	154.317	193	173	168	164	160	156	151	146	141	133	107	0	0	0.000	0.000	0	0	0	0	0	0	0	0	0	0	0	0.000	0.000	0	0	0	0	0	0	0	0	0	0	0	0	0
257	257	2035	495.190	1492.553	426	691	599	242	40	393	780	504	284	44	297.019	8128	284	179	170	164	160	157	151	145	135	108	281.714	1230	336	317	305	295	283	269	248	216	179	117	1	52	493.914	1508.692	0	0	0	3850	0	0	709	0	0	1	29	494.237	1507.700	0	0	0	4076	0	0	917	0	0	0	0	0	0
258	258	1573	1404.708	1486.658	115	390	682	316	43	134	487	645	255	15	215.570	300	266	255	246	234	220	206	192	177	155	110	315.474	479	423	402	377	352	327	294	269	236	188	113	0	0	0.000	0.000	0	0	0	0	0	0	0	0	0	0	0	0.000	0.000	0	0	0	0	0	0	0	0	0	0	0	0	0
259	259	1525	1917.542	1490.330	159	375	533	341	85	141	500	531	234	84	767.241	13870	1176	398	265	223	204	190	176	161	144	109	220.345	1440	294	211	194	182	171	164	156	145	132	106	1	110	1917.560	1483.252	0	0	0	6411	0	0	714	0	0	1	102	1917.409	1482.842	0	0	0	6792	0	0	770	0	0	0	0	0	0
260	260	857	663.735	1491.311	61	262	282	207	23	121	321	248	120	33	396.581	628	531	480	447	424	405	381	357	317	252	143	204.278	285	255	239	228	219	210	199	186	170	144	111	0	0	0.000	0.000	0	0	0	0	0	0	0	0	0	0	0	0.000	0.000	0	0	0	0	0	0	0	0	0	0	0	0	0
261	261	1372	541.109	1507.995	230	525	415	151	29	198	562	449	123	16	611.595	8974	721	647	603	570	542	507	463	401	313	151	139.276	822	155	144	139	135	131	126	122	118	114	103	0	0	0.000	0.000	0	0	0	0	0	0	0	0	0	0	0	0.000	0.000	0	0	0	0	0	0	0	0	0	0	0	0	0
262	262	968	1707.359	1500.740	293	307	281	57	9	175	271	230	196	80	181.412	232	210	204	199	192	187	179	171	157	142	115	132.978	165	150	145	142	138	134	129	125	121	113	101	0	0	0.000	0.000	0	0	0	0	0	0	0	0	0	0	0	0.000	0.000	0	0	0	0	0	0	0	0	0	0	0	0	0
263	263	1224	593.377	1510.015	174	404	403	213	18	181	397	413	161	47	274.721	379	340	326	315	305	293	276	249	216	179	125	126.425	158	141	137	132	129	126	123	120	117	112	100	0	0	0.000	0.000	0	0	0	0	0	0	0	0	0	0	0	0.000	0.000	0	0	0	0	0	0	0	0	0	0	0	0	0
264	264	2473	714.160	1518.692	413	919	759	310	29	316	1016	750	284	66	1913.205	26168	4506	818	394	274	243	229	208	183	158	126	683.613	6808	1244	498	406	372	338	310	275	241	205	135	1	291	719.250	1520.706	0	0	0	13082	0	0	2885	0	0	1	243	718.775	1520.423	0	0	0	15710	0	0	3545	0	0	0	0	0	0
265	265	1376	1209.641	1518.760	180	394	422	273	74	137	514	514	137	48	212.856	2397	221	204	196	191	185	179	172	163	146	107	153.779	452	172	164	159	154	150	147	143	137	129	109	1	38	1220.781	1528.876	0	0	0	937	0	0	252	0	0	1	24	1221.633	1528.965	0	0	0	1482	0	0	343	0	0	0	0	0	0
266	266	2548	321.817	1541.568	482	791	820	346	64	467	1100	709	207	21	111.906	129	118	116	114	113	112	111	109	108	106	95	307.997	467	415	400	379	348	313	276	245	218	189	127	0	0	0.000	0.000	0	0	0	0	0	0	0	0	0	0	0	0.000	0.000	0	0	0	0	0	0	0	0	0	0	0	0	0
267	267	601	1152.338	1519.594	62	230	162	107	27	41	295	152	87	16	157.013	189	173	168	165	162	160	156	152	146	137	116	347.047	445	409	398	387	374	360	342	325	297	263	186	0	0	0.000	0.000	0	0	0	0	0	0	0	0	0	0	0	0.000	0.000	0	0	0	0	0	0	0	0	0	0	0	0	0
268	268	1552	762.351	1526.487	257	445	552	212	56	238	721	403	129	36	252.548	3625	280	235	224	217	209	202	192	178	156	115	326.593	1205	410	385	365	345	327	307	288	254	208	130	1	32	766.777	1526.424	0	0	0	1643	0	0	534	0	0	0	0	0.000	0.000	0	0	0	0	0	0	0	0	0	0	0	0	0
269	269	1038	369.905	1534.027	158	497	274	85	10	118	419	312	160	11	325.297	453	405	382	363	347	332	316	298	268	234	153	153.631	192	173	169	164	159	155	150	145	139	131	107	0	0	0.000	0.000	0	0	0	0	0	0	0	0	0	0	0	0.000	0.000	0	0	0	0	0	0	0	0	0	0	0	0	0
270	270	1040	1904.445	1535.589	245	351	316	100	12	170	343	300	148	56	170.554	227	200	192	186	180	174	168	158	148	134	114	171.396	237	214	203	192	182	171	161	151	141	130	109	0	0	0.000	0.000	0	0	0	0	0	0	0	0	0	0	0	0.000	0.000	0	0	0	0	0	0	0	0	0	0	0	0	0
271	271	1952	647.934	1540.292	168	759	695	274	17	106	796	728	226	60	595.573	12667	813	344	253	224	212	205	197	183	165	122	348.820	2643	448	336	304	288	277	265	252	235	203	124	1	99	643.061	1536.283	0	0	0	5535	0	0	1404	0	0	1	89	642.867	1536.597	0	0	0	6263	0	0	1504	0	0	0	0	0	0
272	272	1875	411.681	1555.537	295	642	585	287	26	279	648	638	203	75	537.688	9543	646	473	420	386	358	326	288	245	197	113	223.987	3218	265	190	170	160	153	146	139	130	122	106	1	58	414.810	1554.619	0	0	0	4848	0	0	1630	0	0	1	68	414.482	1554.238	0	0	0	3924	0	0	1504	0	0	0	0	0	0
273	273	1426	598.894	1564.187	154	519	568	137	15	58	325	659	258	106	197.510	267	236	227	218	209	202	196	186	171	144	110	259.899	378	328	312	298	286	270	256	239	214	160	112	0	0	0.000	0.000	0	0	0	0	0	0	0	0	0	0	0	0.000	0.000	0	0	0	0	0	0	0	0	0	0	0	0	0
274	274	1890	682.784	1579.513	310	606	590	323	22	183	608	727	248	84	182.634	231	208	201	196	192	188	182	173	163	148	114	172.102	253	202	191	185	180	174	168	160	151	138	112	0	0	0.000	0.000	0	0	0	0	0	0	0	0	0	0	0	0.000	0.000	0	0	0	0	0	0	0	0	0	0	0	0	0
275	275	1546	1395.355	1580.319	192	586	392	251	102	224	709	347	198	46	110.804	124	116	114	113	112	111	110	108	107	105	98	227.247	328	281	262	250	241	232	222	211	196	163	104	0	0	0.000	0.000	0	0	0	0	0	0	0	0	0	0	0	0.000	0.000	0	0	0	0	0	0	0	0	0	0	0	0	0
276	276	1998	736.779	1578.020	509	773	540	129	15	382	689	580	229	90	635.733	14475	715	306	233	209	193	181	167	154	137	109	224.360	2042	270	213	195	183	172	163	156	144	126	104	1	102	730.448	1570.360	0	0	0	6984	0	0	972	0	0	1	89	730.216	1569.710	0	0	0	6946	0	0	1062	0	0	0	0	0	0
277	277	1985	807.289	1580.534	1213	545	153	43	19	1160	498	228	57	17	124.746	172	139	132	128	126	124	121	119	116	112	102	501.081	1106	823	649	567	520	474	437	395	341	219	111	0	0	0.000	0.000	0	0	0	0	0	0	0	0	0	0	0	0.000	0.000	0	0	0	0	0	0	0	0	0	0	0	0	0
278	278	1848	1507.912	1590.398	354	736	515	192	24	337	891	457	98	24	371.762	5549	406	332	317	302	286	265	244	224	197	123	142.070	637	154	147	142	138	134	131	127	122	117	103	1	49	1517.387	1599.150	0	0	0	2636	0	0	268	0	0	1	48	1517.303	1597.423	0	0	0	1526	0	0	395	0	0	0	0	0	0
279	279	617	306.231	1590.128	394	134	62	13	11	402	153	40	10	8	126.632	172	147	140	135	132	127	123	117	110	106	100	152.520	216	185	177	171	166	160	150	136	122	110	102	0	0	0.000	0.000	0	0	0	0	0	0	0	0	0	0	0	0.000	0.000	0	0	0	0	0	0	0	0	0	0	0	0	0
280	280	1799	869.377	1600.967	436	909	365	56	8	325	832	478	103	27	1543.987	22092	3110	760	439	367	331	307	279	240	176	109	318.772	3676	546	210	161	147	140	135	130	124	114	100	1	176	873.086	1596.745	0	0	0	10692	0	0	1599	0	0	1	160	873.293	1596.356	0	0	0	12093	0	0	1786	0	0	0	0	0	0
281	281	1570	1897.019	1614.594	271	563	458	235	15	217	509	529	225	66	1288.682	2052	1791	1622	1515	1445	1376	1298	1212	981	587	170	161.027	212	190	181	174	170	165	160	154	141	123	104	0	0	0.000	0.000	0	0	0	0	0	0	0	0	0	0	0	0.000	0.000	0	0	0	0	0	0	0	0	0	0	0	0	0
282	282	1657	1775.362	1619.350	392	655	477	90	22	214	587	534	225	69	899.025	4514	1160	1064	985	932	886	830	766	654	521	242	157.396	705	175	165	159	154	151	146	142	136	128	112	1	19	1783.595	1634.562	0	0	0	3585	0	0	468	0	0	1	34	1784.127	1633.365	0	0	0	2233	0	0	416	0	0	0	0	0	0
283	283	2306	90.530	1627.074	419	902	758	173	11	316	622	773	440	111	1002.295	1663	1452	1347	1268	1179	1046	908	783	646	474	173	132.479	186	153	148	143	138	132	127	121	117	112	100	0	0	0.000	0.000	0	0	0	0	0	0	0	0	0	0	0	0.000	0.000	0	0	0	0	0	0	0	0	0	0	0	0	0
284	284	1467	1609.226	1622.324	249	542	502	134	5	127	438	622	184	72	1744.802	2462	2242	2183	2110	2043	1906	1727	1527	1288	991	273	109.285	130	116	112	111	109	109	108	107	105	104	98	0	0	0.000	0.000	0	0	0	0	0	0	0	0	0	0	0	0.000	0.000	0	0	0	0	0	0	0	0	0	0	0	0	0
285	285	2137	431.156	1618.344	342	852	694	183	28	285	986	621	180	29	1355.565	20628	2642	580	311	253	222	205	188	172	147	110	281.288	2887	449	193	166	157	149	143	137	130	120	104	1	219	425.419	1612.735	0	0	0	9939	0	0	1171	0	0	1	181	425.511	1612.616	0	0	0	11886	0	0	1485	0	0	0	0	0	0
286	286	2022	675.797	1631.584	507	800	565	113	13	300	808	618	206	59	4392.651	6924	6213	5775	5442	5076	4633	4181	3669	3055	2228	309	287.309	423	375	357	339	317	292	271	246	217	184	117	0	0	0.000	0.000	0	0	0	0	0	0	0	0	0	0	0	0.000	0.000	0	0	0	0	0	0	0	0	0	0	0	0	0
287	287	1311	1164.396	1638.310	264	343	361	248	65	270	545	320	132	16	112.273	130	119	117	115	114	112	111	109	108	106	100	289.336	441	394	369	349	326	302	270	241	203	169	118	0	0	0.000	0.000	0	0	0	0	0	0	0	0	0	0	0	0.000	0.000	0	0	0	0	0	0	0	0	0	0	0	0	0
288	288	1611	1697.500	1647.116	120	489	586	354	27	83	411	698	297	91	325.648	442	388	370	358	346	332	316	302	284	251	146	159.952	213	190	184	176	169	162	153	147	140	126	102	0	0	0.000	0.000	0	0	0	0	0	0	0	0	0	0	0	0.000	0.000	0	0	0	0	0	0	0	0	0	0	0	0	0
289	289	1805	1647.372	1652.796	441	685	519	86	40	506	898	328	30	18	1886.543	3026	2617	2342	2205	2136	2057	1911	1662	1334	933	334	110.249	134	119	115	112	111	109	108	106	105	103	97	0	0	0.000	0.000	0	0	0	0	0	0	0	0	0	0	0	0.000	0.000	0	0	0	0	0	0	0	0	0	0	0	0	0
290	290	1727	1925.547	1658.766	259	598	491	288	57	235	547	563	285	65	1565.533	8460	2045	1874	1717	1614	1505	1407	1324	1181	944	232	173.746	755	194	185	178	171	165	160	153	146	137	102	1	23	1907.018	1659.515	0	0	0	6266	0	0	619	0	0	1	41	1906.804	1659.561	0	0	0	4757	0	0	473	0	0	0	0	0	0
291	291	1801	723.346	1660.581	232	433	688	362	51	202	797	537	207	29	4793.178	7598	6553	5964	5593	5253	4994	4772	4444	3710	2600	476	306.436	447	391	366	348	330	317	305	287	252	193	115	0	0	0.000	0.000	0	0	0	0	0	0	0	0	0	0	0	0.000	0.000	0	0	0	0	0	0	0	0	0	0	0	0	0
292	292	1478	1314.334	1660.476	184	530	502	207	31	106	653	503	148	46	1358.036	20076	2992	743	432	334	302	281	263	229	189	107	200.229	1579	310	160	137	130	125	121	118	115	112	102	1	141	1316.730	1662.921	0	0	0	9080	0	0	765	0	0	1	133	1317.042	1662.641	0	0	0	9650	0	0	802	0	0	0	0	0	0
293	293	1326	1527.547	1661.621	305	602	330	55	12	158	445	428	232	48	411.023	3473	458	423	408	394	374	350	317	280	227	132	131.247	411	144	137	133	129	126	122	120	117	114	101	1	41	1533.815	1656.903	0	0	0	1812	0	0	248	0	0	1	34	1534.083	1656.051	0	0	0	1569	0	0	274	0	0	0	0	0	0
294	294	1812	1572.687	1677.960	377	809	524	54	8	144	820	568	212	35	1108.198	15984	1700	732	571	516	492	469	437	379	304	161	191.708	1465	245	163	146	140	135	132	129	125	120	105	1	121	1567.181	1683.043	0	0	0	8025	0	0	815	0	0	1	120	1567.060	1682.543	0	0	0	8025	0	0	835	0	0	0	0	0	0
295	295	1674	1793.796	1675.896	1040	556	27	11	8	761	763	98	10	13	1180.119	11933	1338	1142	1047	1003	954	882	788	693	529	178	202.191	1939	213	173	167	162	158	153	147	140	127	102	1	61	1804.962	1680.800	0	0	0	7260	0	0	1142	0	0	1	74	1805.054	1680.483	0	0	0	5927	0	0	995	0	0	0	0	0	0
296	296	2073	464.758	1675.245	259	698	703	329	51	165	667	746	343	107	125.058	153	136	133	130	128	125	123	120	117	114	103	265.221	443	349	326	307	290	270	248	224	202	175	125	0	0	0.000	0.000	0	0	0	0	0	0	0	0	0	0	0	0.000	0.000	0	0	0	0	0	0	0	0	0	0	0	0	0
297	297	1612	667.298	1682.657	318	589	467	179	22	240	606	512	183	40	128.037	185	142	134	130	128	126	124	122	120	116	105	154.391	194	176	169	163	158	153	150	146	142	134	110	0	0	0.000	0.000	0	0	0	0	0	0	0	0	0	0	0	0.000	0.000	0	0	0	0	0	0	0	0	0	0	0	0	0
298	298	1802	1732.806	1695.194	441	631	565	114	17	365	665	474	233	37	328.530	513	445	404	374	345	321	304	284	261	228	127	161.919	223	192	181	174	168	163	157	150	141	131	105	0	0	0.000	0.000	0	0	0	0	0	0	0	0	0	0	0	0.000	0.000	0	0	0	0	0	0	0	0	0	0	0	0	0
299	299	1069	1684.093	1695.435	192	342	370	113	35	127	359	335	169	65	301.314	437	377	349	331	322	308	296	279	254	217	130	150.007	195	176	168	162	157	153	149	144	132	113	101	0	0	0.000	0.000	0	0	0	0	0	0	0	0	0	0	0	0.000	0.000	0	0	0	0	0	0	0	0	0	0	0	0	0
300	300	1878	1502.748	1698.927	367	895	486	90	10	213	752	578	253	44	940.914	16695	1348	506	362	312	287	265	244	221	193	122	552.822	3900	780	581	530	488	455	409	364	309	265	133	1	120	1500.126	1688.829	0	0	0	8420	0	0	1893	0	0	1	81	1500.598	1688.289	0	0	0	11043	0	0	2480	0	0	0	0	0	0
301	301	1296	617.674	1698.538	316	522	337	83	12	163	508	373	195	34	117.877	134	125	123	121	120	118	117	115	113	110	101	144.161	193	169	162	157	151	146	141	135	125	113	100	0	0	0.000	0.000	0	0	0	0	0	0	0	0	0	0	0	0.000	0.000	0	0	0	0	0	0	0	0	0	0	0	0	0
302	302	1579	417.182	1707.477	292	494	512	217	32	283	472	581	190	22	127.219	154	138	135	132	130	128	126	123	120	115	103	293.478	396	363	351	340	329	315	293	268	232	184	114	0	0	0.000	0.000	0	0	0	0	0	0	0	0	0	0	0	0.000	0.000	0	0	0	0	0	0	0	0	0	0	0	0	0
303	303	1823	1610.813	1708.704	193	588	686	264	46	146	616	703	275	50	114.303	134	120	118	117	116	114	113	112	110	108	99	150.834	206	180	171	166	161	154	148	140	130	111	99	0	0	0.000	0.000	0	0	0	0	0	0	0	0	0	0	0	0.000	0.000	0	0	0	0	0	0	0	0	0	0	0	0	0
304	304	1631	706.306	1709.729	360	473	491	259	24	298	594	495	195	26	719.013	13822	980	374	254	223	208	198	184	167	143	109	250.462	1808	310	243	228	218	210	199	187	169	142	108	1	101	697.488	1708.264	0	0	0	6141	0	0	817	0	0	1	72	697.919	1707.816	0	0	0	8963	0	0	1034	0	0	0	0	0	0
305	305	782	1457.488	1704.574	156	207	201	168	38	102	250	238	160	13	259.110	360	321	306	294	280	267	251	234	212	183	127	385.050	576	508	472	449	427	403	375	337	293	238	140	0	0	0.000	0.000	0	0	0	0	0	0	0	0	0	0	0	0.000	0.000	0	0	0	0	0	0	0	0	0	0	0	0	0
306	306	2760	494.646	1729.507	405	832	945	460	66	357	914	942	393	85	127.021	156	140	135	132	129	127	124	122	119	115	104	281.312	458	376	342	324	307	288	261	238	212	183	113	0	0	0.000	0.000	0	0	0	0	0	0	0	0	0	0	0	0.000	0.000	0	0	0	0	0	0	0	0	0	0	0	0	0
307	307	2096	1160.575	1743.364	458	976	497	115	11	288	879	641	208	37	906.208	9442	1199	1018	933	846	759	673	595	492	357	152	180.782	1819	207	176	164	156	148	142	136	129	120	103	1	57	1163.478	1742.716	0	0	0	5101	0	0	935	0	0	1	61	1163.783	1742.773	0	0	0	4815	0	0	932	0	0	0	0	0	0
308	308	1662	1537.584	1745.740	206	667	560	178	17	243	620	482	241	36	435.280	7106	508	332	307	293	278	262	247	219	182	128	502.942	1679	638	589	557	531	495	459	423	380	309	169	1	61	1528.194	1740.727	0	0	0	3466	0	0	991	0	0	1	17	1529.436	1739.313	0	0	0	4828	0	0	1505	0	0	0	0	0	0
309	309	2222	1709.993	1749.219	356	914	627	256	31	223	719	697	418	116	627.007	14645	684	322	249	228	217	210	202	189	173	124	228.059	2561	268	192	178	170	165	159	154	147	136	110	1	100	1702.123	1748.940	0	0	0	7305	0	0	1231	0	0	1	90	1702.203	1748.257	0	0	0	7705	0	0	1300	0	0	0	0	0	0
310	310	1244	1657.116	1748.908	254	659	290	19	8	123	330	499	184	87	110.857	123	116	114	113	112	111	110	109	108	106	99	150.962	195	176	169	163	157	151	146	140	133	125	103	0	0	0.000	0.000	0	0	0	0	0	0	0	0	0	0	0	0.000	0.000	0	0	0	0	0	0	0	0	0	0	0	0	0
311	311	1537	1086.443	1762.447	196	473	570	227	32	197	726	442	132	15	523.764	717	658	627	607	583	556	518	481	422	333	191	106.525	118	111	109	108	107	106	105	105	104	102	98	0	0	0.000	0.000	0	0	0	0	0	0	0	0	0	0	0	0.000	0.000	0	0	0	0	0	0	0	0	0	0	0	0	0
312	312	1895	1924.161	1762.742	536	647	482	130	65	552	904	328	55	27	122.099	143	132	129	127	125	123	121	118	115	110	101	169.472	227	201	192	185	180	175	169	160	146	127	102	0	0	0.000	0.000	0	0	0	0	0	0	0	0	0	0	0	0.000	0.000	0	0	0	0	0	0	0	0	0	0	0	0	0
313	313	766	516.425	1778.214	151	255	213	100	28	129	341	207	66	10	510.252	814	683	613	578	549	508	468	434	397	345	221	130.179	152	142	139	136	134	131	128	125	121	117	104	0	0	0.000	0.000	0	0	0	0	0	0	0	0	0	0	0	0.000	0.000	0	0	0	0	0	0	0	0	0	0	0	0	0
314	314	1375	1619.330	1786.968	353	337	371	232	60	279	379	428	210	49	110.361	124	115	113	112	111	110	109	108	107	106	100	151.621	199	173	166	161	156	152	148	143	137	131	105	0	0	0.000	0.000	0	0	0	0	0	0	0	0	0	0	0	0.000	0.000	0	0	0	0	0	0	0	0	0	0	0	0	0
315	315	1836	89.518	1794.160	394	645	580	167	13	235	587	609	298	78	470.411	727	621	574	543	521	491	460	420	361	281	159	104.111	118	108	106	105	105	104	103	103	102	101	94	0	0	0.000	0.000	0	0	0	0	0	0	0	0	0	0	0	0.000	0.000	0	0	0	0	0	0	0	0	0	0	0	0	0
316	316	1889	564.518	1792.476	188	569	620	403	70	139	592	687	367	66	871.040	9629	1077	808	731	678	633	588	544	484	390	205	158.961	966	181	155	146	139	134	130	127	124	119	105	1	86	569.484	1794.516	0	0	0	4992	0	0	517	0	0	1	84	569.633	1793.568	0	0	0	4443	0	0	530	0	0	0	0	0	0
317	317	1287	1180.097	1798.072	299	534	309	90	27	277	452	377	120	30	884.635	1289	1147	1088	1022	953	885	835	785	721	614	277	157.102	195	177	171	167	162	158	153	149	145	137	109	0	0	0.000	0.000	0	0	0	0	0	0	0	0	0	0	0	0.000	0.000	0	0	0	0	0	0	0	0	0	0	0	0	0
318	318	1636	758.948	1798.169	304	396	440	369	96	270	549	474	261	49	194.726	3423	206	163	156	151	146	142	137	132	125	105	164.998	269	199	191	182	174	166	158	150	140	125	103	1	36	755.599	1806.952	0	0	0	1513	0	0	215	0	0	0	0	0.000	0.000	0	0	0	0	0	0	0	0	0	0	0	0	0
319	319	687	1716.544	1795.476	76	266	213	99	20	44	161	302	139	28	110.012	123	115	113	112	111	110	109	108	107	106	101	141.253	176	161	156	152	148	145	140	133	124	114	99	0	0	0.000	0.000	0	0	0	0	0	0	0	0	0	0	0	0.000	0.000	0	0	0	0	0	0	0	0	0	0	0	0	0
320	320	1629	626.707	1812.634	256	559	539	219	33	191	703	473	171	59	769.174	1244	1066	992	921	858	804	744	653	538	397	217	161.875	209	191	184	178	171	164	156	148	139	128	104	0	0	0.000	0.000	0	0	0	0	0	0	0	0	0	0	0	0.000	0.000	0	0	0	0	0	0	0	0	0	0	0	0	0
321	321	2802	1553.261	1822.970	450	1151	884	245	22	254	938	1053	381	119	305.238	453	393	363	341	324	309	294	273	247	213	134	122.915	149	135	131	128	125	123	120	118	115	111	102	0	0	0.000	0.000	0	0	0	0	0	0	0	0	0	0	0	0.000	0.000	0	0	0	0	0	0	0	0	0	0	0	0	0
322	322	1125	302.664	1820.771	179	335	365	187	42	201	459	327	108	16	113.523	129	119	117	116	115	114	112	111	109	107	97	131.972	165	148	141	137	134	132	129	126	123	118	102	0	0	0.000	0.000	0	0	0	0	0	0	0	0	0	0	0	0.000	0.000	0	0	0	0	0	0	0	0	0	0	0	0	0
323	323	1162	1440.808	1821.787	146	421	371	181	27	130	533	323	124	28	365.710	506	449	431	415	399	383	363	337	304	253	130	130.221	153	143	138	135	132	130	128	125	123	118	105	0	0	0.000	0.000	0	0	0	0	0	0	0	0	0	0	0	0.000	0.000	0	0	0	0	0	0	0	0	0	0	0	0	0
324	324	1848	1642.257	1836.588	274	542	599	345	50	213	567	668	313	53	111.775	126	117	115	114	113	112	111	110	108	107	100	150.860	195	169	164	161	157	153	149	145	139	128	105	0	0	0.000	0.000	0	0	0	0	0	0	0	0	0	0	0	0.000	0.000	0	0	0	0	0	0	0	0	0	0	0	0	0
325	325	1573	1403.732	1842.599	238	546	557	196	8	153	595	511	232	53	695.797	12472	827	400	369	349	332	317	302	282	238	143	158.214	1166	170	139	135	132	130	128	125	121	117	103	1	82	1414.781	1839.983	0	0	0	5712	0	0	554	0	0	1	75	1414.940	1839.384	0	0	0	5602	0	0	565	0	0	0	0	0	0
326	326	1105	505.882	1836.439	567	344	118	54	8	459	279	244	68	36	506.808	4582	895	501	380	327	298	276	259	232	197	120	166.272	691	210	165	156	150	146	141	135	130	123	103	1	82	502.713	1841.244	0	0	0	2280	0	0	387	0	0	1	71	502.984	1841.120	0	0	0	2567	0	0	421	0	0	0	0	0	0
327	327	1420	829.526	1839.926	630	431	277	45	21	593	530	226	37	17	146.768	710	174	161	153	146	138	131	125	119	113	100	456.263	1233	765	653	577	490	420	360	308	251	189	126	1	28	826.615	1844.285	0	0	0	404	0	0	1029	0	0	0	0	0.000	0.000	0	0	0	0	0	0	0	0	0	0	0	0	0
328	328	2142	1696.959	1846.289	841	769	382	90	16	809	829	368	71	18	1387.961	2575	1783	1637	1554	1485	1423	1372	1306	1189	787	326	115.220	135	125	121	119	116	114	113	111	109	107	99	0	0	0.000	0.000	0	0	0	0	0	0	0	0	0	0	0	0.000	0.000	0	0	0	0	0	0	0	0	0	0	0	0	0
329	329	2458	1261.197	1848.320	1853	313	196	59	13	1786	328	202	92	30	158.740	290	202	192	183	171	158	144	130	123	116	101	191.086	372	289	269	247	214	176	142	123	116	111	102	0	0	0.000	0.000	0	0	0	0	0	0	0	0	0	0	0	0.000	0.000	0	0	0	0	0	0	0	0	0	0	0	0	0
330	330	2189	1756.863	1860.584	501	650	676	264	48	418	767	679	248	40	120.881	142	130	128	125	124	121	120	117	114	110	101	675.164	1156	1011	942	895	830	735	634	504	373	210	112	0	0	0.000	0.000	0	0	0	0	0	0	0	0	0	0	0	0.000	0.000	0	0	0	0	0	0	0	0	0	0	0	0	0
331	331	1396	788.613	1863.969	307	440	409	180	33	237	407	350	293	86	116.761	133	123	121	120	118	117	116	114	113	110	102	384.715	584	514	483	451	422	392	353	318	296	268	131	0	0	0.000	0.000	0	0	0	0	0	0	0	0	0	0	0	0.000	0.000	0	0	0	0	0	0	0	0	0	0	0	0	0
332	332	1919	1193.810	1881.480	448	849	498	72	10	220	649	659	307	34	922.525	13004	1119	688	622	567	531	500	462	414	336	172	222.821	2087	259	192	180	171	164	157	150	143	135	104	1	97	1194.164	1894.112	0	0	0	6979	0	0	1116	0	0	1	109	1194.567	1894.087	0	0	0	5943	0	0	1009	0	0	0	0	0	0
333	333	2083	1443.678	1884.324	211	660	791	322	56	148	808	783	250	47	1385.088	2314	2063	1854	1692	1523	1346	1224	1074	930	765	419	112.566	138	119	117	115	113	112	111	110	108	107	101	0	0	0.000	0.000	0	0	0	0	0	0	0	0	0	0	0	0.000	0.000	0	0	0	0	0	0	0	0	0	0	0	0	0
334	334	1736	1506.886	1884.824	206	623	594	225	51	154	538	730	214	58	1224.238	1880	1604	1510	1442	1381	1314	1212	1104	932	685	173	112.757	139	122	117	115	113	111	110	109	108	106	99	0	0	0.000	0.000	0	0	0	0	0	0	0	0	0	0	0	0.000	0.000	0	0	0	0	0	0	0	0	0	0	0	0	0
335	335	1183	1797.471	1892.085	288	263	274	265	80	244	423	320	133	31	119.393	143	132	128	125	122	120	117	113	110	106	100	781.336	1301	1195	1114	1040	952	845	725	572	406	259	141	0	0	0.000	0.000	0	0	0	0	0	0	0	0	0	0	0	0.000	0.000	0	0	0	0	0	0	0	0	0	0	0	0	0
336	336	1619	849.970	1901.373	329	754	409	78	15	202	617	523	207	42	112.236	128	118	116	115	113	112	111	110	108	107	100	125.382	150	137	133	130	128	125	123	121	118	114	105	0	0	0.000	0.000	0	0	0	0	0	0	0	0	0	0	0	0.000	0.000	0	0	0	0	0	0	0	0	0	0	0	0	0
337	337	1634	1136.749	1901.627	351	431	533	252	37	266	394	645	234	65	2543.753	3860	3476	3273	3063	2869	2721	2513	2241	1853	1267	322	144.009	193	168	160	154	148	143	138	133	128	122	102	0	0	0.000	0.000	0	0	0	0	0	0	0	0	0	0	0	0.000	0.000	0	0	0	0	0	0	0	0	0	0	0	0	0
338	338	767	1395.668	1894.587	124	260	245	100	18	93	248	258	141	14	922.686	1370	1208	1119	1036	950	895	852	808	766	670	465	114.385	132	122	119	117	115	114	113	111	109	108	102	0	0	0.000	0.000	0	0	0	0	0	0	0	0	0	0	0	0.000	0.000	0	0	0	0	0	0	0	0	0	0	0	0	0
339	339	1456	1701.688	1908.059	279	559	449	123	16	168	625	406	178	47	197.868	2554	223	182	172	165	159	154	150	145	137	113	178.796	504	211	198	189	179	173	167	161	155	145	116	1	35	1703.668	1912.758	0	0	0	1057	0	0	304	0	0	1	15	1703.720	1913.266	0	0	0	1798	0	0	392	0	0	0	0	0	0
340	340	992	1748.468	1916.727	159	353	303	123	35	131	411	265	135	26	155.947	200	181	174	167	161	157	152	148	141	129	106	159.908	211	187	179	172	166	160	155	149	143	132	107	0	0	0.000	0.000	0	0	0	0	0	0	0	0	0	0	0	0.000	0.000	0	0	0	0	0	0	0	0	0	0	0	0	0
341	341	1159	1648.718	1921.101	357	492	236	37	11	141	522	304	144	31	150.041	186	170	164	161	157	153	148	143	135	125	109	107.455	123	113	111	109	108	107	106	105	104	103	97	0	0	0.000	0.000	0	0	0	0	0	0	0	0	0	0	0	0.000	0.000	0	0	0	0	0	0	0	0	0	0	0	0	0
342	342	1832	79.025	1935.726	246	538	576	372	67	201	513	615	363	107	221.779	1549	250	234	225	218	209	197	185	173	155	117	138.660	339	157	151	146	142	137	132	127	122	117	101	1	39	73.953	1933.525	0	0	0	802	0	0	232	0	0	1	25	74.077	1933.307	0	0	0	1022	0	0	267	0	0	0	0	0	0
343	343	1744	1175.492	1939.294	430	446	602	196	37	322	565	593	184	51	2413.696	3926	3522	3321	3129	2871	2591	2306	1957	1508	928	186	141.864	193	166	159	153	148	142	136	131	125	117	103	0	0	0.000	0.000	0	0	0	0	0	0	0	0	0	0	0	0.000	0.000	0	0	0	0	0	0	0	0	0	0	0	0	0
344	344	842	332.613	1935.239	493	133	110	66	28	384	157	114	116	58	164.392	225	196	188	183	177	170	161	149	137	125	104	150.259	194	177	170	166	160	154	147	137	127	117	104	0	0	0.000	0.000	0	0	0	0	0	0	0	0	0	0	0	0.000	0.000	0	0	0	0	0	0	0	0	0	0	0	0	0
345	345	1808	1475.390	1952.616	333	650	561	209	21	268	660	571	227	49	331.899	458	397	377	365	355	343	329	312	288	247	134	109.616	137	118	113	111	110	108	107	106	105	104	96	0	0	0.000	0.000	0	0	0	0	0	0	0	0	0	0	0	0.000	0.000	0	0	0	0	0	0	0	0	0	0	0	0	0
346	346	2352	1559.471	1946.933	263	719	916	356	62	243	898	895	228	51	1842.523	19803	2492	1436	1281	1183	1103	1009	914	772	624	256	208.318	1802	259	175	159	151	145	139	133	128	121	104	1	155	1558.914	1937.805	0	0	0	11729	0	0	948	0	0	1	160	1559.303	1937.371	0	0	0	11138	0	0	910	0	0	0	0	0	0
347	347	1226	124.694	1958.352	184	371	415	217	17	106	291	413	277	115	163.471	211	190	182	176	171	166	160	155	145	133	101	132.865	166	149	145	141	137	133	130	126	122	114	100	0	0	0.000	0.000	0	0	0	0	0	0	0	0	0	0	0	0.000	0.000	0	0	0	0	0	0	0	0	0	0	0	0	0
348	348	1327	1048.945	1964.730	403	473	357	56	9	252	499	334	188	33	384.259	526	462	445	429	415	400	381	360	328	277	157	110.320	130	118	115	112	110	109	108	107	106	105	99	0	0	0.000	0.000	0	0	0	0	0	0	0	0	0	0	0	0.000	0.000	0	0	0	0	0	0	0	0	0	0	0	0	0
349	349	1576	1644.962	1969.366	225	491	525	261	45	235	660	485	158	15	153.506	192	170	166	162	159	156	152	148	143	134	103	107.533	122	113	111	109	108	107	106	105	104	103	97	0	0	0.000	0.000	0	0	0	0	0	0	0	0	0	0	0	0.000	0.000	0	0	0	0	0	0	0	0	0	0	0	0	0
