 	cell	area	x	y	BFI_lev_b1	BFI_lev_b2	BFI_lev_b3	BFI_lev_b4	BFI_lev_b5	BFO_lev_b1	BFO_lev_b2	BFO_lev_b3	BFO_lev_b4	BFO_lev_b5	GFP_int_mean	GFP_int_b0	GFP_int_b1	GFP_int_b2	GFP_int_b3	GFP_int_b4	GFP_int_b5	GFP_int_b6	GFP_int_b7	GFP_int_b8	GFP_int_b9	GFP_int_b10	RFP_int_mean	RFP_int_b0	RFP_int_b1	RFP_int_b2	RFP_int_b3	RFP_int_b4	RFP_int_b5	RFP_int_b6	RFP_int_b7	RFP_int_b8	RFP_int_b9	RFP_int_b10	inGFPnfoci	f1_inGFParea	f1_inGFPx	f1_inGFPy	f2_inGFParea	f2_inGFPx	f2_inGFPy	f1_inGFP_toGFPmed	f1_inGFP_toGFPmean	f2_inGFP_toGFPmed	f2_inGFP_toGFPmean	f1_inGFP_toRFPmed	f1_inGFP_toRFPmean	f2_inGFP_toRFPmed	f2_inGFP_toRFPmean	inRFPnfoci	f1_inRFParea	f1_inRFPx	f1_inRFPy	f2_inRFParea	f2_inRFPx	f2_inRFPy	f1_inRFP_toGFPmed	f1_inRFP_toGFPmean	f2_inRFP_toGFPmed	f2_inRFP_toGFPmean	f1_inRFP_toRFPmed	f1_inRFP_toRFPmean	f2_inRFP_toRFPmed	f2_inRFP_toRFPmean
1	1	1180	1890.345	78.587	172	422	329	213	21	92	417	399	181	68	633.499	956	863	823	780	737	689	638	581	443	263	132	139.330	181	161	156	151	146	142	137	132	123	111	97	0	0	0.000	0.000	0	0	0	0	0	0	0	0	0	0	0	0	0	0.000	0.000	0	0	0	0	0	0	0	0	0	0	0
2	2	1842	253.014	86.085	226	441	627	426	89	124	605	712	318	51	1701.385	3040	2345	2163	2053	1955	1816	1626	1410	1138	873	221	130.364	168	148	143	139	135	132	128	123	117	109	97	0	0	0.000	0.000	0	0	0	0	0	0	0	0	0	0	0	0	0	0.000	0.000	0	0	0	0	0	0	0	0	0	0	0
3	3	2288	1434.308	87.859	891	1023	277	32	20	1083	973	142	20	18	742.316	1377	1131	989	880	809	743	662	592	512	354	132	111.247	126	118	115	114	113	111	110	109	107	105	98	0	0	0.000	0.000	0	0	0	0	0	0	0	0	0	0	0	0	0	0.000	0.000	0	0	0	0	0	0	0	0	0	0	0
4	4	1263	961.431	91.314	133	275	447	294	89	121	343	522	197	62	229.584	2495	263	218	204	193	186	179	172	163	141	108	232.009	483	283	268	256	243	233	226	214	198	166	109	1	38	961.541	98.795	0	0	0	1156	0	0	0	347	0	0	0	0	0	0.000	0.000	0	0	0	0	0	0	0	0	0	0	0
5	5	1484	301.766	106.407	259	382	425	322	65	192	487	504	228	44	2052.699	3340	2938	2749	2611	2442	2268	2070	1716	1286	730	193	136.256	173	154	150	147	144	139	135	129	121	111	101	0	0	0.000	0.000	0	0	0	0	0	0	0	0	0	0	0	0	0	0.000	0.000	0	0	0	0	0	0	0	0	0	0	0
6	6	1801	1726.548	108.288	299	553	565	327	31	231	617	608	234	73	850.489	10585	1154	840	722	628	556	508	465	416	320	158	172.582	1048	208	174	162	152	144	139	134	129	121	104	1	79	1731.345	111.560	0	0	0	5421	0	0	0	596	0	0	0	1	85	1731.078	111.007	0	0	0	4488	0	0	0	532	0	0	0
7	7	1783	867.852	113.907	166	623	615	297	47	145	705	607	217	79	236.215	3676	255	223	209	199	187	178	170	160	145	100	257.657	598	342	311	288	270	252	237	223	207	179	99	1	35	878.031	109.796	0	0	0	1623	0	0	0	459	0	0	0	0	0	0.000	0.000	0	0	0	0	0	0	0	0	0	0	0
8	8	1919	917.794	120.371	302	607	646	298	31	268	803	560	209	47	190.314	263	230	217	210	202	193	186	177	165	146	108	244.406	343	303	289	277	264	252	239	223	203	174	114	0	0	0.000	0.000	0	0	0	0	0	0	0	0	0	0	0	0	0	0.000	0.000	0	0	0	0	0	0	0	0	0	0	0
9	9	1794	1490.969	122.603	187	588	587	340	57	127	573	635	273	148	114.605	133	121	119	117	116	115	113	112	110	108	99	107.934	123	113	111	110	109	108	107	106	105	103	94	0	0	0.000	0.000	0	0	0	0	0	0	0	0	0	0	0	0	0	0.000	0.000	0	0	0	0	0	0	0	0	0	0	0
10	10	1524	1010.821	117.496	223	395	464	344	64	202	614	421	212	51	1157.772	6116	1585	1494	1397	1256	1113	977	886	764	588	211	153.409	488	179	170	163	156	148	142	137	130	122	102	1	16	1007.011	137.255	0	0	0	5099	0	0	0	412	0	0	0	1	30	1007.553	136.992	0	0	0	3830	0	0	0	352	0	0	0
11	11	1695	204.632	127.726	209	477	642	299	37	157	546	662	263	29	130.772	161	143	140	137	135	133	130	126	122	115	100	192.458	259	229	221	215	208	200	190	181	168	139	103	0	0	0.000	0.000	0	0	0	0	0	0	0	0	0	0	0	0	0	0.000	0.000	0	0	0	0	0	0	0	0	0	0	0
12	12	2206	262.432	146.471	482	807	688	176	22	480	893	632	142	16	128.702	158	143	140	137	134	131	128	124	117	108	99	185.504	261	230	220	211	201	191	181	170	152	123	99	0	0	0.000	0.000	0	0	0	0	0	0	0	0	0	0	0	0	0	0.000	0.000	0	0	0	0	0	0	0	0	0	0	0
13	13	1922	159.202	159.210	598	670	443	162	19	494	564	522	278	37	112.658	134	120	118	116	114	113	111	109	107	105	98	803.688	1347	1155	1073	1012	949	882	809	685	499	272	126	0	0	0.000	0.000	0	0	0	0	0	0	0	0	0	0	0	0	0	0.000	0.000	0	0	0	0	0	0	0	0	0	0	0
14	14	1623	1016.474	168.373	257	463	475	363	38	174	480	586	246	109	1323.076	2204	1945	1797	1642	1543	1445	1296	1090	841	482	155	159.651	208	191	185	180	172	165	156	146	133	117	100	0	0	0.000	0.000	0	0	0	0	0	0	0	0	0	0	0	0	0	0.000	0.000	0	0	0	0	0	0	0	0	0	0	0
15	15	1627	1292.595	177.528	371	558	466	187	14	231	626	514	209	22	427.318	704	576	531	500	469	440	409	374	329	246	127	103.780	115	107	106	105	104	104	103	103	102	101	97	0	0	0.000	0.000	0	0	0	0	0	0	0	0	0	0	0	0	0	0.000	0.000	0	0	0	0	0	0	0	0	0	0	0
16	16	792	1160.173	168.141	152	234	215	157	18	97	250	281	138	12	318.179	491	437	409	387	363	337	308	277	229	154	110	138.097	176	158	154	149	145	141	136	131	122	110	98	0	0	0.000	0.000	0	0	0	0	0	0	0	0	0	0	0	0	0	0.000	0.000	0	0	0	0	0	0	0	0	0	0	0
17	17	2115	945.512	182.211	370	534	668	427	71	364	902	549	250	17	124.429	146	134	132	130	128	126	123	120	117	112	101	105.458	120	111	109	107	106	105	104	103	102	101	95	0	0	0.000	0.000	0	0	0	0	0	0	0	0	0	0	0	0	0	0.000	0.000	0	0	0	0	0	0	0	0	0	0	0
18	18	1917	1628.654	210.587	209	530	670	397	68	185	657	681	273	90	269.887	379	337	320	306	292	280	266	245	219	186	121	301.936	435	386	369	355	336	315	293	263	231	194	128	0	0	0.000	0.000	0	0	0	0	0	0	0	0	0	0	0	0	0	0.000	0.000	0	0	0	0	0	0	0	0	0	0	0
19	19	1340	1240.015	208.061	436	331	313	176	65	386	382	330	184	33	1567.732	3082	2447	2165	1935	1777	1597	1403	1216	924	592	268	106.316	115	110	109	108	107	106	106	105	104	103	97	0	0	0.000	0.000	0	0	0	0	0	0	0	0	0	0	0	0	0	0.000	0.000	0	0	0	0	0	0	0	0	0	0	0
20	20	1008	1815.232	209.178	268	274	317	125	11	223	282	246	174	68	227.946	331	286	261	247	237	227	218	209	194	174	128	136.691	169	154	148	145	141	138	134	131	125	117	100	0	0	0.000	0.000	0	0	0	0	0	0	0	0	0	0	0	0	0	0.000	0.000	0	0	0	0	0	0	0	0	0	0	0
21	21	2395	641.916	220.012	384	616	807	454	79	265	629	914	354	186	1015.036	1829	1419	1270	1204	1144	1073	978	858	728	503	153	106.428	126	112	109	108	107	106	105	104	103	102	95	0	0	0.000	0.000	0	0	0	0	0	0	0	0	0	0	0	0	0	0.000	0.000	0	0	0	0	0	0	0	0	0	0	0
22	22	2220	887.279	224.137	217	753	898	292	23	177	592	920	350	147	548.916	991	820	720	633	565	519	488	452	392	320	177	119.385	145	131	127	124	122	119	117	114	111	108	96	0	0	0.000	0.000	0	0	0	0	0	0	0	0	0	0	0	0	0	0.000	0.000	0	0	0	0	0	0	0	0	0	0	0
23	23	2370	963.679	238.953	380	449	751	564	189	366	918	681	291	68	130.622	157	143	140	137	134	132	129	126	121	116	102	105.892	129	112	109	107	106	105	104	103	102	101	95	0	0	0.000	0.000	0	0	0	0	0	0	0	0	0	0	0	0	0	0.000	0.000	0	0	0	0	0	0	0	0	0	0	0
24	24	1876	1485.257	242.410	157	610	688	344	53	162	782	608	249	47	1054.186	1715	1431	1307	1228	1149	1090	1014	914	776	625	229	105.925	118	110	108	107	106	106	105	104	103	102	97	0	0	0.000	0.000	0	0	0	0	0	0	0	0	0	0	0	0	0	0.000	0.000	0	0	0	0	0	0	0	0	0	0	0
25	25	1315	1183.718	238.793	374	400	225	169	123	480	540	236	28	12	113.435	132	121	118	117	115	113	112	110	108	106	100	579.685	1021	871	789	715	651	598	535	464	378	259	116	0	0	0.000	0.000	0	0	0	0	0	0	0	0	0	0	0	0	0	0.000	0.000	0	0	0	0	0	0	0	0	0	0	0
26	26	1465	1120.472	243.833	245	558	439	186	12	256	653	364	135	37	574.264	981	825	738	670	616	576	527	471	410	344	152	124.026	155	138	133	130	127	124	121	118	114	110	99	0	0	0.000	0.000	0	0	0	0	0	0	0	0	0	0	0	0	0	0.000	0.000	0	0	0	0	0	0	0	0	0	0	0
27	27	1889	1785.240	249.087	222	550	546	430	111	249	717	530	312	54	414.371	7109	459	372	324	302	286	272	253	225	183	109	162.899	810	186	170	162	157	153	148	141	132	121	101	1	58	1787.858	233.254	0	0	0	3388	0	0	0	444	0	0	0	1	54	1787.727	232.195	0	0	0	2776	0	0	0	470	0	0	0
28	28	837	314.410	240.729	483	200	76	50	16	244	289	155	70	57	129.732	187	157	148	142	135	129	121	114	109	105	100	1285.455	2746	2415	2217	1845	1537	1287	988	623	356	205	117	0	0	0.000	0.000	0	0	0	0	0	0	0	0	0	0	0	0	0	0.000	0.000	0	0	0	0	0	0	0	0	0	0	0
29	29	2005	585.696	254.648	303	534	728	359	53	202	436	802	364	162	657.033	13800	796	376	314	284	263	244	225	201	164	117	188.746	1256	218	193	182	172	161	152	143	130	114	99	1	98	581.483	260.324	0	0	0	6310	0	0	0	516	0	0	0	1	91	582.709	259.661	0	0	0	5327	0	0	0	700	0	0	0
30	30	2235	1537.787	255.770	281	485	852	516	60	259	625	775	463	77	360.923	7082	386	329	306	283	259	237	218	196	175	119	262.357	991	345	319	294	273	254	239	217	187	160	111	1	52	1544.761	254.427	0	0	0	3259	0	0	0	479	0	0	0	1	30	1542.264	252.677	0	0	0	1374	0	0	0	789	0	0	0
31	31	2550	1672.978	258.738	481	755	805	416	41	379	1158	626	307	38	2374.163	27321	6781	1125	544	416	367	332	295	250	191	118	644.187	5430	1399	498	384	358	336	305	273	232	186	115	1	348	1668.737	253.564	0	0	0	13693	0	0	0	2436	0	0	0	1	292	1669.349	254.183	0	0	0	16881	0	0	0	2889	0	0	0
32	32	1190	915.077	270.218	165	307	412	258	24	118	377	422	193	58	526.528	846	728	677	632	585	542	498	441	375	290	151	117.706	138	128	125	122	120	118	116	113	111	107	100	0	0	0.000	0.000	0	0	0	0	0	0	0	0	0	0	0	0	0	0.000	0.000	0	0	0	0	0	0	0	0	0	0	0
33	33	1901	1215.013	273.923	840	550	287	171	28	996	513	235	102	18	113.928	131	121	119	117	116	114	113	111	109	107	98	902.920	1318	1195	1140	1093	1050	1004	943	836	629	406	155	0	0	0.000	0.000	0	0	0	0	0	0	0	0	0	0	0	0	0	0.000	0.000	0	0	0	0	0	0	0	0	0	0	0
34	34	1473	662.086	274.444	233	446	495	257	17	196	491	455	236	75	965.615	1616	1383	1281	1192	1083	1002	905	790	645	490	173	104.836	116	108	107	106	105	105	104	103	103	102	96	0	0	0.000	0.000	0	0	0	0	0	0	0	0	0	0	0	0	0	0.000	0.000	0	0	0	0	0	0	0	0	0	0	0
35	35	1775	434.351	277.215	180	263	729	461	112	125	454	824	239	86	168.432	222	194	188	181	175	169	164	158	151	141	113	370.394	556	486	460	432	401	374	348	323	294	241	130	0	0	0.000	0.000	0	0	0	0	0	0	0	0	0	0	0	0	0	0.000	0.000	0	0	0	0	0	0	0	0	0	0	0
36	36	1269	1083.968	276.671	183	309	376	270	101	164	393	422	163	89	601.795	998	866	787	719	660	614	571	526	433	291	137	119.966	145	132	128	125	122	120	118	115	112	107	100	0	0	0.000	0.000	0	0	0	0	0	0	0	0	0	0	0	0	0	0.000	0.000	0	0	0	0	0	0	0	0	0	0	0
37	37	1626	529.024	283.208	150	472	507	365	108	182	577	548	250	40	125.112	152	134	132	130	128	126	124	121	119	114	103	157.667	196	180	175	170	166	161	155	148	140	130	109	0	0	0.000	0.000	0	0	0	0	0	0	0	0	0	0	0	0	0	0.000	0.000	0	0	0	0	0	0	0	0	0	0	0
38	38	548	356.533	274.178	97	68	152	122	101	109	90	216	97	29	397.473	612	541	501	471	437	409	378	344	292	228	133	107.854	117	112	110	109	108	108	107	106	105	104	100	0	0	0.000	0.000	0	0	0	0	0	0	0	0	0	0	0	0	0	0.000	0.000	0	0	0	0	0	0	0	0	0	0	0
39	39	2198	1621.919	288.054	331	804	726	282	18	259	973	635	256	29	322.977	450	404	391	380	365	345	316	286	250	205	129	339.916	490	444	429	414	390	357	325	290	253	197	115	0	0	0.000	0.000	0	0	0	0	0	0	0	0	0	0	0	0	0	0.000	0.000	0	0	0	0	0	0	0	0	0	0	0
40	40	784	337.296	293.013	101	234	242	134	54	78	239	292	122	45	408.895	656	577	523	474	441	411	384	358	316	231	129	110.430	128	118	115	113	111	110	109	107	105	104	96	0	0	0.000	0.000	0	0	0	0	0	0	0	0	0	0	0	0	0	0.000	0.000	0	0	0	0	0	0	0	0	0	0	0
41	41	1665	475.111	301.850	126	362	709	377	59	91	502	758	218	63	345.159	5834	337	289	275	263	252	238	222	204	180	124	195.469	502	231	221	211	202	192	184	174	165	153	119	1	53	474.391	314.484	0	0	0	2444	0	0	0	324	0	0	0	1	14	473.601	313.226	0	0	0	3544	0	0	0	438	0	0	0
42	42	1739	1155.334	296.846	558	891	228	20	18	547	914	194	24	15	512.857	6627	606	511	460	432	409	382	348	311	263	136	155.918	699	173	161	155	151	147	142	137	131	121	101	1	46	1164.437	292.262	0	0	0	3208	0	0	0	386	0	0	0	1	46	1163.544	290.453	0	0	0	1398	0	0	0	426	0	0	0
43	43	1267	983.113	294.251	124	299	409	308	105	171	467	346	191	71	1972.103	3335	2887	2659	2449	2223	2022	1861	1665	1371	866	200	264.036	405	353	328	307	287	267	250	228	205	166	105	0	0	0.000	0.000	0	0	0	0	0	0	0	0	0	0	0	0	0	0.000	0.000	0	0	0	0	0	0	0	0	0	0	0
44	44	1635	1034.202	301.966	199	404	513	372	120	147	490	553	292	123	908.556	1548	1320	1220	1115	1016	930	833	750	649	449	128	125.246	152	140	135	132	128	125	122	119	116	111	101	0	0	0.000	0.000	0	0	0	0	0	0	0	0	0	0	0	0	0	0.000	0.000	0	0	0	0	0	0	0	0	0	0	0
45	45	535	394.651	291.791	80	167	163	101	13	69	99	181	150	28	149.905	186	170	165	160	156	152	147	142	136	128	108	299.798	390	369	356	344	331	312	292	276	247	207	125	0	0	0.000	0.000	0	0	0	0	0	0	0	0	0	0	0	0	0	0.000	0.000	0	0	0	0	0	0	0	0	0	0	0
46	46	2178	1504.094	310.849	134	373	878	607	151	143	675	932	321	80	293.868	459	367	350	336	320	303	284	264	240	202	116	294.390	449	380	360	343	324	303	282	261	231	188	109	0	0	0.000	0.000	0	0	0	0	0	0	0	0	0	0	0	0	0	0.000	0.000	0	0	0	0	0	0	0	0	0	0	0
47	47	2016	90.239	309.281	289	438	675	415	172	290	795	597	247	43	112.205	127	118	116	115	113	112	111	110	108	106	98	159.513	198	184	179	174	170	165	159	152	141	122	101	0	0	0.000	0.000	0	0	0	0	0	0	0	0	0	0	0	0	0	0.000	0.000	0	0	0	0	0	0	0	0	0	0	0
48	48	1625	1316.916	315.356	208	531	516	320	25	171	682	462	216	57	501.604	750	669	634	606	582	549	497	434	362	256	129	146.705	193	175	170	165	160	154	145	133	117	107	96	0	0	0.000	0.000	0	0	0	0	0	0	0	0	0	0	0	0	0	0.000	0.000	0	0	0	0	0	0	0	0	0	0	0
49	49	1739	222.703	319.947	178	477	643	335	68	117	550	673	277	82	187.293	246	215	207	200	194	187	183	177	169	157	118	166.118	211	188	181	176	171	167	162	158	152	142	112	0	0	0.000	0.000	0	0	0	0	0	0	0	0	0	0	0	0	0	0.000	0.000	0	0	0	0	0	0	0	0	0	0	0
50	50	996	555.883	325.702	45	185	423	249	79	57	258	477	147	35	583.479	849	777	728	688	648	608	560	510	452	356	158	109.137	122	115	113	111	110	109	108	107	105	104	100	0	0	0.000	0.000	0	0	0	0	0	0	0	0	0	0	0	0	0	0.000	0.000	0	0	0	0	0	0	0	0	0	0	0
51	51	1401	1201.645	327.468	234	328	451	289	76	190	413	545	185	40	509.847	6229	549	501	456	417	390	364	341	315	271	148	157.081	798	173	159	153	149	144	139	136	131	122	102	1	44	1200.425	340.894	0	0	0	3073	0	0	0	357	0	0	0	1	45	1199.048	338.623	0	0	0	1111	0	0	0	439	0	0	0
52	52	1193	509.284	332.240	112	247	416	354	42	75	301	486	217	81	125.609	146	134	132	130	128	127	125	123	120	115	103	162.317	199	184	178	173	168	164	160	155	148	137	108	0	0	0.000	0.000	0	0	0	0	0	0	0	0	0	0	0	0	0	0.000	0.000	0	0	0	0	0	0	0	0	0	0	0
53	53	637	272.250	335.049	87	157	225	143	18	63	104	305	117	36	165.703	211	191	186	180	177	170	164	156	146	131	109	152.253	192	175	170	166	162	157	152	144	134	121	100	0	0	0.000	0.000	0	0	0	0	0	0	0	0	0	0	0	0	0	0.000	0.000	0	0	0	0	0	0	0	0	0	0	0
54	54	2620	683.891	362.037	615	902	790	260	12	441	847	833	327	128	3121.505	5375	4675	4200	3875	3593	3335	2906	2396	1960	1425	294	108.503	125	115	112	110	109	108	107	106	105	103	97	0	0	0.000	0.000	0	0	0	0	0	0	0	0	0	0	0	0	0	0.000	0.000	0	0	0	0	0	0	0	0	0	0	0
55	55	1692	125.227	353.282	155	404	621	363	112	103	373	724	328	117	496.738	2493	668	616	576	531	500	460	415	360	257	131	134.240	218	151	146	143	139	136	132	127	121	113	101	1	16	129.723	356.207	0	0	0	1712	0	0	0	158	0	0	0	0	0	0.000	0.000	0	0	0	0	0	0	0	0	0	0	0
56	56	1444	71.934	361.398	101	305	580	332	97	86	238	638	349	108	112.093	128	118	116	114	113	112	111	110	108	106	100	157.280	200	176	171	167	163	160	155	151	145	134	106	0	0	0.000	0.000	0	0	0	0	0	0	0	0	0	0	0	0	0	0.000	0.000	0	0	0	0	0	0	0	0	0	0	0
57	57	1963	201.532	367.504	175	563	718	398	74	158	804	634	271	62	925.378	1529	1214	1124	1070	1006	948	901	841	748	549	187	104.474	115	108	107	106	105	104	104	103	102	101	96	0	0	0.000	0.000	0	0	0	0	0	0	0	0	0	0	0	0	0	0.000	0.000	0	0	0	0	0	0	0	0	0	0	0
58	58	1714	581.393	367.458	195	543	631	278	29	83	340	724	397	139	557.181	895	797	735	675	614	561	503	440	385	338	161	108.943	127	115	112	111	110	108	107	106	105	104	99	0	0	0.000	0.000	0	0	0	0	0	0	0	0	0	0	0	0	0	0.000	0.000	0	0	0	0	0	0	0	0	0	0	0
59	59	1877	1327.685	368.925	195	542	677	363	64	186	762	561	257	76	911.139	12034	1123	835	733	653	591	521	439	369	313	126	185.926	1339	213	181	170	161	155	146	138	130	122	101	1	96	1337.016	363.896	0	0	0	6252	0	0	0	683	0	0	0	1	89	1336.808	362.901	0	0	0	4840	0	0	0	716	0	0	0
60	60	1704	253.187	374.433	171	272	632	463	143	139	357	745	309	127	183.803	258	225	213	201	192	184	175	167	158	143	108	164.151	223	195	186	179	173	166	159	151	142	131	105	0	0	0.000	0.000	0	0	0	0	0	0	0	0	0	0	0	0	0	0.000	0.000	0	0	0	0	0	0	0	0	0	0	0
61	61	1312	632.941	371.609	145	243	526	308	59	122	360	563	214	22	684.567	944	879	841	793	745	703	658	613	564	477	161	113.743	152	129	121	116	112	110	109	107	106	105	100	0	0	0.000	0.000	0	0	0	0	0	0	0	0	0	0	0	1	83	634.676	376.789	0	0	0	849	0	0	0	136	0	0	0
62	62	659	1751.633	364.426	141	153	152	154	51	89	168	203	136	57	172.056	293	245	220	194	173	158	148	139	130	122	107	174.581	291	247	224	198	175	163	151	141	132	124	109	0	0	0.000	0.000	0	0	0	0	0	0	0	0	0	0	0	0	0	0.000	0.000	0	0	0	0	0	0	0	0	0	0	0
63	63	1129	523.976	372.209	144	348	349	240	25	123	445	324	167	44	110.527	123	116	114	113	112	111	110	108	107	105	99	202.774	265	246	237	230	221	212	202	187	167	140	111	0	0	0.000	0.000	0	0	0	0	0	0	0	0	0	0	0	0	0	0.000	0.000	0	0	0	0	0	0	0	0	0	0	0
64	64	2172	469.979	381.950	300	666	628	445	89	141	763	759	328	135	109.147	123	114	113	111	110	109	108	107	106	104	97	176.157	260	212	204	198	193	187	180	170	140	111	100	0	0	0.000	0.000	0	0	0	0	0	0	0	0	0	0	0	0	0	0.000	0.000	0	0	0	0	0	0	0	0	0	0	0
65	65	2465	1568.046	385.046	440	801	815	329	44	429	1249	607	131	10	1977.758	3659	2937	2615	2362	2170	1981	1828	1696	1541	862	199	282.914	435	369	347	324	305	289	276	261	232	165	110	0	0	0.000	0.000	0	0	0	0	0	0	0	0	0	0	0	0	0	0.000	0.000	0	0	0	0	0	0	0	0	0	0	0
66	66	1801	858.967	389.160	224	624	628	258	32	182	847	493	207	32	1724.923	2601	2371	2285	2177	2054	1848	1614	1381	1141	894	301	211.640	293	264	254	244	231	217	201	185	169	150	110	0	0	0.000	0.000	0	0	0	0	0	0	0	0	0	0	0	0	0	0.000	0.000	0	0	0	0	0	0	0	0	0	0	0
67	67	1164	1021.245	384.656	207	440	343	139	17	115	486	334	154	54	129.021	154	141	139	135	133	130	128	125	121	113	100	159.973	216	194	185	177	171	165	159	152	134	110	99	0	0	0.000	0.000	0	0	0	0	0	0	0	0	0	0	0	0	0	0.000	0.000	0	0	0	0	0	0	0	0	0	0	0
68	68	1850	105.956	409.272	405	692	585	113	19	395	940	432	38	15	418.451	6013	464	407	365	327	303	280	263	244	203	111	144.374	521	167	156	148	141	136	131	128	123	112	100	1	63	120.102	418.440	0	0	0	2695	0	0	0	320	0	0	0	1	60	119.853	418.607	0	0	0	2772	0	0	0	326	0	0	0
69	69	1815	1060.223	412.709	266	512	590	351	60	265	849	464	190	14	130.240	169	149	143	139	135	131	127	123	117	109	96	167.473	264	211	197	186	177	169	161	152	139	113	98	0	0	0.000	0.000	0	0	0	0	0	0	0	0	0	0	0	0	0	0.000	0.000	0	0	0	0	0	0	0	0	0	0	0
70	70	803	222.119	409.525	107	253	198	175	45	153	325	181	110	22	674.653	1087	949	884	822	760	719	665	591	477	292	143	104.867	115	109	107	106	105	104	104	103	102	102	95	0	0	0.000	0.000	0	0	0	0	0	0	0	0	0	0	0	0	0	0.000	0.000	0	0	0	0	0	0	0	0	0	0	0
71	71	2219	149.740	429.934	378	891	684	210	17	349	1129	543	145	15	1532.601	21509	3033	718	470	385	350	322	293	259	212	114	223.048	1665	367	179	158	148	142	136	130	124	118	102	1	224	145.421	433.044	0	0	0	10412	0	0	0	836	0	0	0	1	210	145.612	433.288	0	0	0	11152	0	0	0	866	0	0	0
72	72	1969	559.249	435.316	151	474	799	446	69	124	741	833	205	31	876.401	14961	1194	480	383	347	316	292	267	233	193	116	367.458	2289	450	407	368	338	307	280	254	227	190	107	1	133	560.660	442.216	0	0	0	7165	0	0	0	1133	0	0	0	1	98	560.487	441.599	0	0	0	8968	0	0	0	1419	0	0	0
73	73	1937	284.690	441.492	326	679	650	233	13	248	579	643	362	60	912.398	3190	1284	1168	1062	988	928	873	796	622	460	197	167.036	349	205	190	181	174	167	162	154	140	123	101	0	0	0.000	0.000	0	0	0	0	0	0	0	0	0	0	0	0	0	0.000	0.000	0	0	0	0	0	0	0	0	0	0	0
74	74	2410	1568.303	446.732	252	617	890	516	91	313	1079	703	226	36	326.640	467	411	389	373	358	342	324	296	261	214	132	195.374	263	234	225	217	209	202	193	179	165	145	112	0	0	0.000	0.000	0	0	0	0	0	0	0	0	0	0	0	0	0	0.000	0.000	0	0	0	0	0	0	0	0	0	0	0
75	75	2304	844.697	449.235	317	776	773	368	24	296	851	706	329	77	1565.207	2589	2196	2038	1918	1802	1694	1542	1365	1096	664	141	200.097	285	246	235	226	218	209	199	185	166	131	103	0	0	0.000	0.000	0	0	0	0	0	0	0	0	0	0	0	0	0	0.000	0.000	0	0	0	0	0	0	0	0	0	0	0
76	76	1572	1797.444	446.413	281	606	434	210	12	169	629	440	229	74	1263.132	2172	1809	1655	1527	1410	1298	1157	1014	872	703	262	112.277	127	119	116	115	113	112	111	109	108	106	99	0	0	0.000	0.000	0	0	0	0	0	0	0	0	0	0	0	0	0	0.000	0.000	0	0	0	0	0	0	0	0	0	0	0
77	77	1092	331.063	449.398	167	348	411	126	11	124	315	453	133	45	901.684	1429	1278	1197	1121	1043	975	887	764	596	389	140	161.577	217	200	192	185	178	168	156	141	125	112	100	0	0	0.000	0.000	0	0	0	0	0	0	0	0	0	0	0	0	0	0.000	0.000	0	0	0	0	0	0	0	0	0	0	0
78	78	508	1495.642	452.239	32	112	203	131	19	22	89	263	106	12	136.457	158	149	144	142	139	137	134	132	129	124	103	203.281	262	238	228	221	214	207	199	192	180	164	117	0	0	0.000	0.000	0	0	0	0	0	0	0	0	0	0	0	0	0	0.000	0.000	0	0	0	0	0	0	0	0	0	0	0
79	79	1496	636.009	466.592	194	492	541	225	12	120	702	456	165	27	484.960	753	657	609	573	537	507	471	419	360	275	142	512.951	801	698	652	613	574	538	496	442	370	285	152	0	0	0.000	0.000	0	0	0	0	0	0	0	0	0	0	0	0	0	0.000	0.000	0	0	0	0	0	0	0	0	0	0	0
80	80	814	1173.690	467.346	114	215	266	176	31	111	211	229	186	72	107.785	120	113	111	110	109	108	107	106	105	103	98	186.286	249	222	213	207	200	191	183	172	160	142	105	0	0	0.000	0.000	0	0	0	0	0	0	0	0	0	0	0	0	0	0.000	0.000	0	0	0	0	0	0	0	0	0	0	0
81	81	1711	99.594	482.626	351	406	594	294	31	274	392	682	296	44	381.825	580	499	469	449	429	406	381	355	288	206	124	137.929	185	161	153	148	144	139	135	127	121	112	101	0	0	0.000	0.000	0	0	0	0	0	0	0	0	0	0	0	0	0	0.000	0.000	0	0	0	0	0	0	0	0	0	0	0
82	82	3381	1449.924	496.855	2107	1147	54	14	9	2092	1125	98	15	6	200.915	332	260	237	223	213	200	184	169	158	148	114	105.237	117	109	107	107	106	105	105	104	103	102	94	0	0	0.000	0.000	0	0	0	0	0	0	0	0	0	0	0	0	0	0.000	0.000	0	0	0	0	0	0	0	0	0	0	0
83	83	1973	1615.344	489.117	335	721	667	200	19	221	816	635	218	50	117.467	166	127	122	120	118	116	115	113	111	109	102	167.014	229	201	190	181	174	167	160	153	145	134	107	0	0	0.000	0.000	0	0	0	0	0	0	0	0	0	0	0	0	0	0.000	0.000	0	0	0	0	0	0	0	0	0	0	0
84	84	1954	574.515	486.869	366	433	647	427	56	208	522	806	252	132	331.249	489	438	419	399	381	356	326	287	234	175	108	372.927	580	520	492	459	428	394	355	306	250	187	112	0	0	0.000	0.000	0	0	0	0	0	0	0	0	0	0	0	0	0	0.000	0.000	0	0	0	0	0	0	0	0	0	0	0
85	85	1379	720.636	489.885	371	431	335	195	26	370	618	253	110	12	1926.234	18914	3168	1711	1550	1397	1267	1095	900	733	488	175	268.255	2257	396	235	208	192	180	166	153	139	124	102	1	95	713.469	490.569	0	0	0	10571	0	0	0	1257	0	0	0	1	112	713.658	490.264	0	0	0	9108	0	0	0	1144	0	0	0
86	86	1910	294.816	496.138	291	534	716	305	25	236	618	696	276	47	1049.610	2085	1648	1459	1290	1145	1021	912	808	688	477	158	180.404	276	236	218	204	190	178	167	156	144	129	98	0	0	0.000	0.000	0	0	0	0	0	0	0	0	0	0	0	0	0	0.000	0.000	0	0	0	0	0	0	0	0	0	0	0
87	87	1690	1204.453	502.669	418	757	402	69	15	428	892	281	57	11	109.520	123	114	113	112	111	110	109	108	106	105	98	208.699	299	265	244	228	215	204	193	185	177	167	104	0	0	0.000	0.000	0	0	0	0	0	0	0	0	0	0	0	0	0	0.000	0.000	0	0	0	0	0	0	0	0	0	0	0
88	88	1269	971.133	499.417	179	273	366	318	111	205	566	293	139	44	121.885	144	134	130	128	125	123	120	117	114	109	97	454.879	712	636	587	549	515	482	445	387	318	220	119	0	0	0.000	0.000	0	0	0	0	0	0	0	0	0	0	0	0	0	0.000	0.000	0	0	0	0	0	0	0	0	0	0	0
89	89	1693	1038.242	503.850	274	536	439	351	64	157	664	519	261	60	385.525	3961	468	411	382	360	337	313	284	255	211	114	161.876	704	192	182	175	169	162	155	146	136	119	99	1	39	1054.200	510.851	0	0	0	2146	0	0	0	242	0	0	0	0	0	0.000	0.000	0	0	0	0	0	0	0	0	0	0	0
90	90	2437	140.794	518.487	355	465	1022	473	85	346	550	1010	396	84	1176.721	2038	1770	1627	1500	1334	1143	981	871	777	648	193	117.388	153	130	125	121	119	116	114	112	110	107	98	0	0	0.000	0.000	0	0	0	0	0	0	0	0	0	0	0	0	0	0.000	0.000	0	0	0	0	0	0	0	0	0	0	0
91	91	1980	924.705	520.476	171	500	740	435	87	136	773	670	301	50	117.033	135	125	123	121	119	118	116	114	111	108	101	349.686	535	465	435	416	397	367	335	300	251	207	121	0	0	0.000	0.000	0	0	0	0	0	0	0	0	0	0	0	0	0	0.000	0.000	0	0	0	0	0	0	0	0	0	0	0
92	92	1358	1287.108	522.056	729	369	165	48	31	796	324	178	32	13	280.946	4389	325	222	205	194	185	174	161	141	123	108	610.080	13078	801	338	300	278	264	243	217	186	146	108	1	51	1290.170	521.165	0	0	0	2083	0	0	0	6164	0	0	0	1	60	1290.788	520.759	0	0	0	1931	0	0	0	6164	0	0	0
93	93	1385	1695.697	522.742	202	376	525	224	47	163	557	430	187	23	303.487	458	391	365	343	328	310	292	268	238	207	122	168.672	229	199	190	183	178	171	164	156	148	134	102	0	0	0.000	0.000	0	0	0	0	0	0	0	0	0	0	0	0	0	0.000	0.000	0	0	0	0	0	0	0	0	0	0	0
94	94	2004	223.835	526.205	391	399	726	393	50	303	536	751	343	39	2499.072	4378	3867	3595	3223	2880	2542	2189	1878	1578	1000	300	190.936	281	245	230	217	204	191	178	167	154	135	104	0	0	0.000	0.000	0	0	0	0	0	0	0	0	0	0	0	0	0	0.000	0.000	0	0	0	0	0	0	0	0	0	0	0
95	95	1144	1086.199	521.288	135	235	379	293	83	160	341	395	193	34	291.636	471	399	361	334	309	290	273	251	226	188	123	151.882	203	181	172	167	160	155	149	142	132	115	101	0	0	0.000	0.000	0	0	0	0	0	0	0	0	0	0	0	0	0	0.000	0.000	0	0	0	0	0	0	0	0	0	0	0
96	96	552	183.688	522.662	76	228	169	64	9	31	182	231	78	19	1937.531	2635	2406	2318	2227	2147	2056	1936	1820	1603	1240	466	180.764	223	209	203	198	194	188	180	169	159	141	109	0	0	0.000	0.000	0	0	0	0	0	0	0	0	0	0	0	0	0	0.000	0.000	0	0	0	0	0	0	0	0	0	0	0
97	97	1874	1924.236	530.903	208	533	739	320	37	166	608	673	329	61	438.395	8317	496	324	302	279	260	242	222	201	174	113	215.947	1178	260	230	217	206	196	183	172	159	146	107	1	70	1932.572	534.188	0	0	0	3729	0	0	0	676	0	0	0	1	61	1932.527	533.905	0	0	0	3967	0	0	0	726	0	0	0
98	98	1616	1649.552	541.023	333	768	390	79	22	241	940	319	76	8	539.018	6698	565	520	495	472	453	433	404	352	279	156	152.150	676	167	157	152	147	143	139	135	130	122	106	1	41	1653.312	553.299	0	0	0	3701	0	0	0	416	0	0	0	1	41	1653.341	552.503	0	0	0	2404	0	0	0	432	0	0	0
99	99	1791	1201.877	557.227	232	718	591	197	21	233	816	500	179	30	109.853	121	115	113	112	111	110	109	108	107	105	98	194.790	286	243	225	215	204	194	184	175	165	147	114	0	0	0.000	0.000	0	0	0	0	0	0	0	0	0	0	0	0	0	0.000	0.000	0	0	0	0	0	0	0	0	0	0	0
100	100	1057	1359.643	550.764	465	271	212	84	12	287	298	234	159	65	167.813	235	208	198	189	181	172	160	147	134	121	105	122.667	150	136	132	130	127	123	120	117	112	108	98	0	0	0.000	0.000	0	0	0	0	0	0	0	0	0	0	0	0	0	0.000	0.000	0	0	0	0	0	0	0	0	0	0	0
101	101	1283	1452.381	557.887	237	406	394	195	32	272	440	301	200	47	359.929	534	481	451	425	399	378	354	329	283	184	120	109.991	123	115	113	112	111	110	109	108	107	105	98	0	0	0.000	0.000	0	0	0	0	0	0	0	0	0	0	0	0	0	0.000	0.000	0	0	0	0	0	0	0	0	0	0	0
102	102	1131	644.172	563.583	138	328	315	234	93	203	343	380	160	19	277.485	402	356	334	316	301	280	261	245	229	194	124	158.442	205	186	178	172	166	160	154	149	141	127	104	0	0	0.000	0.000	0	0	0	0	0	0	0	0	0	0	0	0	0	0.000	0.000	0	0	0	0	0	0	0	0	0	0	0
103	103	829	881.336	562.013	93	166	251	210	95	92	216	221	212	72	200.420	277	236	228	221	214	205	196	187	172	155	112	148.730	186	168	163	160	156	152	148	141	134	124	104	0	0	0.000	0.000	0	0	0	0	0	0	0	0	0	0	0	0	0	0.000	0.000	0	0	0	0	0	0	0	0	0	0	0
104	104	965	1296.878	571.666	547	198	131	49	28	489	188	236	30	10	240.734	2143	317	242	219	205	196	185	173	152	127	106	474.530	6678	697	432	381	346	322	295	248	191	147	107	1	38	1296.970	575.376	0	0	0	1019	0	0	0	3352	0	0	0	1	38	1296.575	575.015	0	0	0	979	0	0	0	3352	0	0	0
105	105	1861	197.272	576.930	310	629	623	252	15	256	548	643	333	41	2451.291	3731	3402	3216	3056	2845	2568	2259	1961	1701	1375	335	200.344	287	254	240	229	217	202	188	174	161	148	104	0	0	0.000	0.000	0	0	0	0	0	0	0	0	0	0	0	0	0	0.000	0.000	0	0	0	0	0	0	0	0	0	0	0
106	106	1834	783.530	578.966	185	378	698	415	122	148	404	824	318	108	469.661	748	607	560	524	492	469	442	419	386	330	164	154.987	205	178	170	165	160	156	152	148	142	129	104	0	0	0.000	0.000	0	0	0	0	0	0	0	0	0	0	0	0	0	0.000	0.000	0	0	0	0	0	0	0	0	0	0	0
107	107	1547	930.179	572.597	149	384	675	259	53	156	830	428	105	6	432.967	8411	537	310	271	252	234	217	199	186	168	106	186.713	967	219	197	188	178	168	160	151	143	133	105	1	62	928.863	575.937	0	0	0	3816	0	0	0	531	0	0	0	1	56	928.356	575.718	0	0	0	3981	0	0	0	580	0	0	0
108	108	1454	1626.951	582.355	283	492	457	181	18	225	632	379	161	31	493.839	3608	587	540	518	498	473	435	386	327	258	147	145.197	404	164	157	153	148	143	138	133	126	118	101	1	39	1618.654	578.768	0	0	0	1968	0	0	0	245	0	0	0	1	24	1618.542	577.094	0	0	0	1789	0	0	0	318	0	0	0
109	109	2015	1472.247	603.622	346	780	685	156	18	140	667	755	341	74	709.359	1140	988	900	835	783	723	660	593	515	424	190	216.596	304	274	261	248	237	222	208	191	174	148	108	0	0	0.000	0.000	0	0	0	0	0	0	0	0	0	0	0	0	0	0.000	0.000	0	0	0	0	0	0	0	0	0	0	0
110	110	742	1365.360	596.026	364	180	123	49	19	300	278	117	25	6	174.470	224	199	192	188	183	179	174	168	160	140	107	131.906	155	144	141	139	137	135	131	128	123	115	102	0	0	0.000	0.000	0	0	0	0	0	0	0	0	0	0	0	0	0	0.000	0.000	0	0	0	0	0	0	0	0	0	0	0
111	111	1673	664.908	609.494	145	279	677	458	80	128	407	814	251	44	114.504	129	121	119	117	116	114	113	112	110	108	101	160.522	222	198	187	178	169	160	151	142	133	125	106	0	0	0.000	0.000	0	0	0	0	0	0	0	0	0	0	0	0	0	0.000	0.000	0	0	0	0	0	0	0	0	0	0	0
112	112	1911	857.273	612.226	267	652	666	278	11	168	659	616	310	118	402.951	740	527	487	465	446	428	395	350	303	247	139	164.456	237	192	184	180	174	168	160	151	142	131	106	0	0	0.000	0.000	0	0	0	0	0	0	0	0	0	0	0	0	0	0.000	0.000	0	0	0	0	0	0	0	0	0	0	0
113	113	1849	340.616	612.600	203	397	678	477	66	148	497	746	314	112	549.100	6428	709	607	542	497	449	387	344	300	246	132	199.080	1460	238	215	202	187	173	160	151	141	130	106	1	49	336.575	616.241	0	0	0	3491	0	0	0	833	0	0	0	1	54	336.044	616.546	0	0	0	2741	0	0	0	796	0	0	0
114	114	1683	913.281	619.359	181	320	665	436	50	193	574	629	187	54	636.737	9517	763	526	491	457	431	406	381	347	284	160	211.499	1948	239	193	185	179	173	166	159	150	138	113	1	63	914.957	628.721	0	0	0	4395	0	0	0	954	0	0	0	1	59	914.980	628.620	0	0	0	4813	0	0	0	982	0	0	0
115	115	1591	549.939	614.286	126	393	628	347	72	105	481	672	216	77	1059.385	1713	1451	1371	1295	1222	1155	1081	963	787	407	150	202.145	288	250	238	229	222	213	201	187	166	131	103	0	0	0.000	0.000	0	0	0	0	0	0	0	0	0	0	0	0	0	0.000	0.000	0	0	0	0	0	0	0	0	0	0	0
116	116	1470	1408.827	614.722	187	428	514	260	49	251	769	275	133	19	118.899	140	127	124	123	121	119	118	116	113	110	100	222.495	311	271	260	250	241	231	219	207	189	154	111	0	0	0.000	0.000	0	0	0	0	0	0	0	0	0	0	0	0	0	0.000	0.000	0	0	0	0	0	0	0	0	0	0	0
117	117	1222	719.646	620.737	130	347	516	190	21	119	476	432	161	18	116.310	131	123	121	119	118	117	115	114	112	109	100	173.294	231	208	201	193	185	177	168	158	149	131	102	0	0	0.000	0.000	0	0	0	0	0	0	0	0	0	0	0	0	0	0.000	0.000	0	0	0	0	0	0	0	0	0	0	0
118	118	1446	771.080	627.427	383	359	402	258	23	333	425	385	222	46	548.196	899	746	652	611	586	558	524	479	433	357	151	167.751	235	194	185	179	174	169	165	160	151	137	104	0	0	0.000	0.000	0	0	0	0	0	0	0	0	0	0	0	0	0	0.000	0.000	0	0	0	0	0	0	0	0	0	0	0
119	119	2424	1644.855	635.872	668	723	673	276	42	599	896	581	265	38	115.434	144	126	121	118	116	114	113	111	109	107	97	122.086	169	143	132	125	122	119	117	114	111	108	96	0	0	0.000	0.000	0	0	0	0	0	0	0	0	0	0	0	0	0	0.000	0.000	0	0	0	0	0	0	0	0	0	0	0
120	120	789	964.528	625.124	157	212	271	117	20	129	250	267	114	20	193.829	260	233	223	215	206	198	191	180	169	144	106	149.387	187	171	165	160	155	151	146	142	135	126	104	0	0	0.000	0.000	0	0	0	0	0	0	0	0	0	0	0	0	0	0.000	0.000	0	0	0	0	0	0	0	0	0	0	0
121	121	1725	151.316	636.189	200	356	585	445	114	152	358	791	261	123	444.008	4531	568	495	456	422	389	360	329	280	204	112	209.550	1155	256	231	217	205	195	185	174	159	132	103	1	37	151.105	622.469	0	0	0	2584	0	0	0	731	0	0	0	1	41	150.700	622.612	0	0	0	1993	0	0	0	704	0	0	0
122	122	531	390.426	624.580	216	204	63	29	13	164	257	76	16	8	126.733	163	148	142	137	132	126	121	116	111	107	100	191.787	476	302	262	242	211	176	141	121	112	107	101	0	0	0.000	0.000	0	0	0	0	0	0	0	0	0	0	0	1	24	399.212	622.112	0	0	0	119	0	0	0	380	0	0	0
123	123	1285	300.886	645.569	123	378	461	258	37	110	454	424	210	59	464.612	695	596	562	537	516	492	457	409	354	287	149	181.388	236	215	206	200	193	186	177	167	156	142	106	0	0	0.000	0.000	0	0	0	0	0	0	0	0	0	0	0	0	0	0.000	0.000	0	0	0	0	0	0	0	0	0	0	0
124	124	973	1379.450	649.192	253	250	216	173	62	220	330	228	129	45	114.639	130	121	119	117	116	115	113	112	110	108	100	202.265	283	245	232	224	216	208	197	184	169	154	117	0	0	0.000	0.000	0	0	0	0	0	0	0	0	0	0	0	0	0	0.000	0.000	0	0	0	0	0	0	0	0	0	0	0
125	125	2306	578.793	661.451	266	693	756	483	71	232	820	783	335	81	1206.842	2235	1955	1670	1459	1314	1203	1073	936	777	538	141	215.105	339	300	271	250	234	219	201	181	157	125	102	0	0	0.000	0.000	0	0	0	0	0	0	0	0	0	0	0	0	0	0.000	0.000	0	0	0	0	0	0	0	0	0	0	0
126	126	1171	1126.329	654.168	109	287	388	285	77	83	361	480	181	35	735.076	1227	1063	963	875	789	722	673	620	536	406	176	162.307	216	190	184	178	171	166	159	151	142	126	104	0	0	0.000	0.000	0	0	0	0	0	0	0	0	0	0	0	0	0	0.000	0.000	0	0	0	0	0	0	0	0	0	0	0
127	127	1469	1435.818	657.696	156	412	495	331	55	194	623	402	200	20	116.146	129	122	121	119	118	116	115	114	112	109	99	105.123	115	109	107	106	106	105	104	104	103	102	96	0	0	0.000	0.000	0	0	0	0	0	0	0	0	0	0	0	0	0	0.000	0.000	0	0	0	0	0	0	0	0	0	0	0
128	128	1419	700.574	659.842	835	501	33	14	11	828	482	55	19	11	596.097	8290	798	443	398	374	345	317	293	264	220	118	164.584	872	200	157	149	144	139	134	130	125	119	101	1	72	703.292	653.588	0	0	0	4350	0	0	0	530	0	0	0	1	82	703.126	653.207	0	0	0	3531	0	0	0	491	0	0	0
129	129	2176	379.335	672.067	824	1007	235	58	12	842	989	233	58	16	154.450	288	202	190	181	170	153	137	123	115	108	100	512.739	5322	828	698	625	543	423	311	224	168	133	107	0	0	0.000	0.000	0	0	0	0	0	0	0	0	0	0	0	1	60	375.166	666.970	0	0	0	225	0	0	0	2786	0	0	0
130	130	1696	487.696	665.419	276	421	559	378	38	218	506	630	242	73	683.759	1266	1007	882	798	730	677	611	551	492	424	139	130.669	174	145	141	137	134	131	127	124	120	117	103	0	0	0.000	0.000	0	0	0	0	0	0	0	0	0	0	0	0	0	0.000	0.000	0	0	0	0	0	0	0	0	0	0	0
131	131	1990	94.738	671.160	298	415	637	519	90	255	526	697	375	100	978.998	1657	1421	1297	1199	1095	1003	919	817	678	456	168	189.179	278	236	223	212	202	193	182	170	157	132	104	0	0	0.000	0.000	0	0	0	0	0	0	0	0	0	0	0	0	0	0.000	0.000	0	0	0	0	0	0	0	0	0	0	0
132	132	936	258.128	664.980	52	127	379	310	55	49	150	465	192	67	331.475	469	430	399	372	351	337	323	306	275	221	134	158.736	200	182	175	170	166	162	157	151	143	129	104	0	0	0.000	0.000	0	0	0	0	0	0	0	0	0	0	0	0	0	0.000	0.000	0	0	0	0	0	0	0	0	0	0	0
133	133	2023	1496.219	671.524	298	779	695	191	18	212	737	593	359	82	1125.640	1796	1569	1459	1357	1268	1176	1089	967	818	572	175	266.212	406	344	325	310	297	282	266	244	206	145	107	0	0	0.000	0.000	0	0	0	0	0	0	0	0	0	0	0	0	0	0.000	0.000	0	0	0	0	0	0	0	0	0	0	0
134	134	1550	1702.205	674.530	243	484	521	244	27	293	597	387	206	36	394.235	7057	434	293	270	258	246	235	223	202	167	113	176.858	838	201	183	177	172	166	159	152	141	126	103	1	56	1698.610	677.415	0	0	0	3222	0	0	0	382	0	0	0	1	47	1698.315	675.534	0	0	0	1733	0	0	0	547	0	0	0
135	135	1375	436.685	671.487	137	209	438	437	122	170	244	607	225	115	740.521	1131	1010	961	916	864	773	685	600	517	406	198	138.795	171	159	154	150	145	140	135	129	123	117	101	0	0	0.000	0.000	0	0	0	0	0	0	0	0	0	0	0	0	0	0.000	0.000	0	0	0	0	0	0	0	0	0	0	0
136	136	1270	816.670	676.443	320	300	355	221	44	343	407	342	133	32	116.215	134	124	122	120	118	116	115	113	111	108	100	205.957	318	275	251	230	217	208	196	178	160	137	107	0	0	0.000	0.000	0	0	0	0	0	0	0	0	0	0	0	0	0	0.000	0.000	0	0	0	0	0	0	0	0	0	0	0
137	137	1992	765.924	678.963	337	558	714	331	29	224	484	776	354	117	1517.770	2240	1992	1913	1826	1748	1614	1446	1281	1113	918	312	268.215	582	344	329	312	291	272	255	233	213	183	113	0	0	0.000	0.000	0	0	0	0	0	0	0	0	0	0	0	0	0	0.000	0.000	0	0	0	0	0	0	0	0	0	0	0
138	138	1800	191.017	685.618	296	532	555	309	67	250	553	577	290	96	1773.512	3649	2797	2515	2254	2067	1800	1508	1280	1121	659	166	182.264	289	238	221	204	192	180	168	158	148	132	105	0	0	0.000	0.000	0	0	0	0	0	0	0	0	0	0	0	0	0	0.000	0.000	0	0	0	0	0	0	0	0	0	0	0
139	139	1861	1335.307	685.303	271	584	705	251	11	189	872	521	218	25	1722.314	2796	2487	2321	2104	1908	1728	1556	1407	1233	903	329	197.256	277	246	232	220	209	199	189	178	165	143	108	0	0	0.000	0.000	0	0	0	0	0	0	0	0	0	0	0	0	0	0.000	0.000	0	0	0	0	0	0	0	0	0	0	0
140	140	1684	308.852	692.778	197	271	630	451	99	195	425	734	239	65	405.846	672	578	535	485	435	389	352	327	300	259	118	176.988	252	222	209	198	185	173	165	156	149	138	105	0	0	0.000	0.000	0	0	0	0	0	0	0	0	0	0	0	0	0	0.000	0.000	0	0	0	0	0	0	0	0	0	0	0
141	141	2172	1410.887	703.607	457	564	679	374	67	410	878	534	248	56	116.065	135	123	121	120	118	116	115	113	111	108	97	105.707	128	110	108	107	106	105	105	104	103	102	97	0	0	0.000	0.000	0	0	0	0	0	0	0	0	0	0	0	0	0	0.000	0.000	0	0	0	0	0	0	0	0	0	0	0
142	142	987	1740.196	701.077	176	282	315	174	30	124	328	253	196	69	190.959	255	233	223	216	207	198	185	173	160	140	104	149.113	188	171	166	160	156	151	144	138	132	126	113	0	0	0.000	0.000	0	0	0	0	0	0	0	0	0	0	0	0	0	0.000	0.000	0	0	0	0	0	0	0	0	0	0	0
143	143	2036	711.754	706.288	246	403	738	504	101	217	547	845	299	82	2086.531	19546	3037	1921	1757	1625	1531	1367	1107	876	618	205	447.618	5072	622	349	318	297	276	248	221	189	147	108	1	122	705.868	704.648	0	0	0	11196	0	0	0	2880	0	0	0	1	140	706.043	704.442	0	0	0	10469	0	0	0	2462	0	0	0
144	144	1721	262.745	714.583	210	304	653	417	110	226	532	606	275	52	365.119	564	487	454	427	400	377	351	324	288	218	107	158.264	212	188	182	175	171	165	157	148	135	110	100	0	0	0.000	0.000	0	0	0	0	0	0	0	0	0	0	0	0	0	0.000	0.000	0	0	0	0	0	0	0	0	0	0	0
145	145	573	970.647	702.596	13	63	205	219	57	36	185	236	89	12	109.253	122	113	112	111	110	110	109	107	106	104	100	111.045	124	116	115	114	112	112	110	109	107	105	100	0	0	0.000	0.000	0	0	0	0	0	0	0	0	0	0	0	0	0	0.000	0.000	0	0	0	0	0	0	0	0	0	0	0
146	146	1734	147.147	713.426	230	333	619	379	141	219	451	684	253	93	2541.200	4371	3867	3571	3221	2865	2575	2302	1946	1547	1109	488	217.739	315	284	269	256	239	223	206	187	167	139	108	0	0	0.000	0.000	0	0	0	0	0	0	0	0	0	0	0	0	0	0.000	0.000	0	0	0	0	0	0	0	0	0	0	0
147	147	1165	635.775	719.354	426	233	202	193	94	357	315	291	162	20	124.464	153	137	134	131	128	125	122	119	115	110	102	182.160	240	217	211	205	199	191	182	169	150	128	104	0	0	0.000	0.000	0	0	0	0	0	0	0	0	0	0	0	0	0	0.000	0.000	0	0	0	0	0	0	0	0	0	0	0
148	148	1917	79.275	766.470	360	500	556	393	74	306	729	527	272	57	1715.596	2683	2388	2221	2079	1957	1815	1676	1508	1269	804	219	196.691	274	243	232	221	211	201	189	180	164	140	103	0	0	0.000	0.000	0	0	0	0	0	0	0	0	0	0	0	0	0	0.000	0.000	0	0	0	0	0	0	0	0	0	0	0
149	149	1071	815.089	759.850	150	181	354	297	76	118	230	405	220	74	348.443	3406	456	363	337	310	285	266	247	223	162	109	241.532	820	317	294	276	258	239	223	207	163	120	100	1	30	820.103	765.607	0	0	0	2021	0	0	0	448	0	0	0	1	19	821.630	765.701	0	0	0	2056	0	0	0	655	0	0	0
150	150	988	665.269	759.334	409	224	171	147	22	337	282	248	84	14	122.758	146	134	132	129	128	125	122	118	113	107	98	198.893	268	248	241	233	225	211	195	176	155	125	103	0	0	0.000	0.000	0	0	0	0	0	0	0	0	0	0	0	0	0	0.000	0.000	0	0	0	0	0	0	0	0	0	0	0
151	151	1619	183.094	776.443	439	523	485	124	22	377	595	381	206	31	112.474	136	121	118	115	113	112	110	109	107	105	99	567.381	988	882	802	725	647	572	505	423	331	243	137	0	0	0.000	0.000	0	0	0	0	0	0	0	0	0	0	0	0	0	0.000	0.000	0	0	0	0	0	0	0	0	0	0	0
152	152	1582	242.459	781.055	167	329	613	370	81	134	484	654	222	52	368.223	614	545	501	459	412	365	320	280	244	193	119	314.881	509	447	414	385	351	315	284	253	224	175	114	0	0	0.000	0.000	0	0	0	0	0	0	0	0	0	0	0	0	0	0.000	0.000	0	0	0	0	0	0	0	0	0	0	0
153	153	1729	1579.032	785.306	204	651	613	202	19	128	663	552	271	82	121.003	140	130	127	125	123	122	120	117	115	111	101	155.651	208	185	176	171	165	159	152	145	136	115	98	0	0	0.000	0.000	0	0	0	0	0	0	0	0	0	0	0	0	0	0.000	0.000	0	0	0	0	0	0	0	0	0	0	0
154	154	1566	1160.207	786.196	238	668	495	125	12	127	621	444	258	81	200.549	2399	216	208	200	191	185	177	168	156	141	111	248.568	467	318	303	287	272	257	242	224	198	157	111	1	49	1183.695	790.548	0	0	0	877	0	0	0	268	0	0	0	0	0	0.000	0.000	0	0	0	0	0	0	0	0	0	0	0
155	155	1130	1817.497	789.334	151	335	364	209	46	125	403	345	197	45	236.673	326	280	268	257	248	239	231	222	209	186	121	242.942	337	296	286	275	263	253	241	227	207	168	112	0	0	0.000	0.000	0	0	0	0	0	0	0	0	0	0	0	0	0	0.000	0.000	0	0	0	0	0	0	0	0	0	0	0
156	156	2394	1761.450	800.852	352	651	868	408	64	317	800	845	319	66	644.026	13684	736	426	364	323	295	265	237	213	185	121	342.676	1935	478	405	363	328	298	268	239	213	179	115	1	103	1757.319	796.379	0	0	0	6244	0	0	0	1148	0	0	0	1	89	1757.068	796.182	0	0	0	7352	0	0	0	1239	0	0	0
157	157	1026	1401.422	795.720	99	391	322	154	42	73	506	271	125	30	110.717	124	116	114	113	112	111	110	109	107	106	100	155.268	198	181	174	169	163	156	149	143	136	128	109	0	0	0.000	0.000	0	0	0	0	0	0	0	0	0	0	0	0	0	0.000	0.000	0	0	0	0	0	0	0	0	0	0	0
158	158	1309	1864.709	797.970	209	467	437	169	14	178	520	333	184	62	212.530	300	258	246	235	224	214	205	196	184	157	116	197.831	274	240	229	216	206	198	189	182	172	153	112	0	0	0.000	0.000	0	0	0	0	0	0	0	0	0	0	0	0	0	0.000	0.000	0	0	0	0	0	0	0	0	0	0	0
159	159	1293	1447.853	802.476	291	281	324	289	84	269	372	367	236	26	115.847	136	123	120	119	117	116	115	113	112	108	100	172.804	237	207	197	191	184	178	172	163	148	121	100	0	0	0.000	0.000	0	0	0	0	0	0	0	0	0	0	0	0	0	0.000	0.000	0	0	0	0	0	0	0	0	0	0	0
160	160	1635	1213.556	808.436	202	586	545	240	27	162	706	441	225	68	158.366	221	189	180	173	166	160	152	146	138	125	102	212.979	324	278	262	246	230	213	198	182	166	145	103	0	0	0.000	0.000	0	0	0	0	0	0	0	0	0	0	0	0	0	0.000	0.000	0	0	0	0	0	0	0	0	0	0	0
161	161	2423	1522.658	819.805	444	756	708	382	94	542	1083	516	221	21	784.506	1375	1096	965	887	835	782	732	684	613	475	175	105.382	125	109	108	107	106	105	104	104	103	102	96	0	0	0.000	0.000	0	0	0	0	0	0	0	0	0	0	0	0	0	0.000	0.000	0	0	0	0	0	0	0	0	0	0	0
162	162	1276	108.585	810.551	275	337	304	256	86	264	428	316	186	63	1480.648	2290	2006	1884	1791	1723	1652	1556	1390	1098	540	198	185.847	254	216	208	203	197	190	185	177	166	142	109	0	0	0.000	0.000	0	0	0	0	0	0	0	0	0	0	0	0	0	0.000	0.000	0	0	0	0	0	0	0	0	0	0	0
163	163	1977	218.458	833.371	232	399	681	511	115	164	494	826	335	111	586.158	10510	621	456	407	368	335	303	267	248	211	110	296.146	1059	399	361	333	308	285	259	235	213	174	104	1	88	206.844	825.701	0	0	0	4923	0	0	0	659	0	0	0	1	41	206.235	825.335	0	0	0	7418	0	0	0	859	0	0	0
164	164	1929	336.667	840.607	202	374	727	513	77	170	542	815	286	79	328.128	520	436	408	388	372	352	326	286	242	175	110	194.358	270	242	232	223	214	202	189	174	155	130	102	0	0	0.000	0.000	0	0	0	0	0	0	0	0	0	0	0	0	0	0.000	0.000	0	0	0	0	0	0	0	0	0	0	0
165	165	1500	1417.533	840.333	317	521	468	144	30	267	546	416	203	48	113.037	131	119	117	116	114	113	112	111	109	107	100	169.081	231	205	192	184	177	170	163	156	145	132	105	0	0	0.000	0.000	0	0	0	0	0	0	0	0	0	0	0	0	0	0.000	0.000	0	0	0	0	0	0	0	0	0	0	0
166	166	2226	1836.623	844.980	373	700	675	380	68	389	879	592	284	35	701.608	14676	820	273	233	222	212	201	187	170	144	109	275.087	2795	330	222	212	203	194	183	171	155	135	104	1	126	1843.241	849.940	0	0	0	7325	0	0	0	1475	0	0	0	1	128	1843.279	849.999	0	0	0	7265	0	0	0	1471	0	0	0
167	167	1929	1740.424	850.749	223	628	618	359	67	184	733	617	266	87	942.076	14428	1543	538	374	340	317	293	267	246	219	139	353.862	2126	475	349	323	302	283	264	240	222	197	117	1	152	1746.413	847.463	0	0	0	6542	0	0	0	1156	0	0	0	1	121	1746.187	846.640	0	0	0	8264	0	0	0	1336	0	0	0
168	168	545	1554.959	851.280	137	153	155	74	15	133	162	147	69	25	738.404	1203	1017	934	875	816	761	719	650	531	397	210	106.739	120	111	110	108	107	106	105	105	104	102	99	0	0	0.000	0.000	0	0	0	0	0	0	0	0	0	0	0	0	0	0.000	0.000	0	0	0	0	0	0	0	0	0	0	0
169	169	1544	1493.251	868.757	147	405	596	320	39	157	628	532	174	24	870.816	1420	1148	1080	1026	972	911	849	780	656	512	216	105.191	120	109	107	106	106	105	104	103	103	102	96	0	0	0.000	0.000	0	0	0	0	0	0	0	0	0	0	0	0	0	0.000	0.000	0	0	0	0	0	0	0	0	0	0	0
170	170	2261	709.705	876.343	776	871	423	132	16	745	891	404	125	56	110.089	129	116	114	113	111	110	109	107	106	104	97	111.257	131	119	116	114	113	111	110	108	106	104	97	0	0	0.000	0.000	0	0	0	0	0	0	0	0	0	0	0	0	0	0.000	0.000	0	0	0	0	0	0	0	0	0	0	0
171	171	2207	307.388	889.643	315	645	823	356	30	247	694	835	309	81	1958.400	25522	4685	953	462	341	295	271	252	225	156	102	364.845	3432	758	257	198	181	170	163	155	143	118	99	1	267	303.053	885.820	0	0	0	12130	0	0	0	1563	0	0	0	1	254	303.020	885.766	0	0	0	12853	0	0	0	1700	0	0	0
172	172	2062	849.578	914.714	391	554	626	407	48	355	847	535	270	22	1400.155	2403	1936	1785	1673	1563	1465	1369	1210	1040	724	206	107.387	123	113	110	109	108	107	106	105	104	103	95	0	0	0.000	0.000	0	0	0	0	0	0	0	0	0	0	0	0	0	0.000	0.000	0	0	0	0	0	0	0	0	0	0	0
173	173	2559	1747.758	919.346	252	927	821	432	82	216	1095	751	351	82	1667.101	21777	3427	918	679	564	495	444	379	310	244	120	644.268	3697	1102	701	616	548	500	433	367	309	242	122	1	261	1740.319	916.655	0	0	0	10693	0	0	0	2061	0	0	0	1	194	1740.425	916.233	0	0	0	13478	0	0	0	2471	0	0	0
174	174	1599	135.202	920.425	316	622	529	89	17	282	562	472	229	30	1605.899	10266	2119	1926	1711	1574	1461	1300	1161	1039	789	235	288.494	1666	359	323	299	280	261	239	221	198	155	108	1	44	131.933	929.328	0	0	0	6860	0	0	0	1038	0	0	0	1	57	131.813	927.353	0	0	0	3880	0	0	0	1065	0	0	0
175	175	1811	1512.923	921.360	276	728	638	138	6	122	542	802	246	70	113.314	130	120	117	116	115	114	112	111	109	107	99	134.869	167	152	147	142	138	135	132	128	124	117	101	0	0	0.000	0.000	0	0	0	0	0	0	0	0	0	0	0	0	0	0.000	0.000	0	0	0	0	0	0	0	0	0	0	0
176	176	818	892.226	925.223	375	176	146	80	29	262	173	194	128	49	126.204	152	140	137	134	131	128	124	120	115	109	103	118.675	140	129	126	123	121	118	116	114	112	109	100	0	0	0.000	0.000	0	0	0	0	0	0	0	0	0	0	0	0	0	0.000	0.000	0	0	0	0	0	0	0	0	0	0	0
177	177	1697	1308.123	947.264	125	486	694	300	59	91	508	658	305	96	338.901	508	441	409	387	363	340	320	297	272	236	137	324.435	484	421	393	371	347	327	305	285	258	220	146	0	0	0.000	0.000	0	0	0	0	0	0	0	0	0	0	0	0	0	0.000	0.000	0	0	0	0	0	0	0	0	0	0	0
178	178	1152	639.771	945.067	169	310	413	194	43	184	507	281	132	28	299.194	462	389	367	349	327	301	276	252	229	203	131	152.198	205	182	174	167	160	154	145	138	131	122	102	0	0	0.000	0.000	0	0	0	0	0	0	0	0	0	0	0	0	0	0.000	0.000	0	0	0	0	0	0	0	0	0	0	0
179	179	2016	1552.198	954.772	231	419	790	455	78	220	649	717	283	90	119.194	136	127	125	123	121	120	118	116	114	110	102	290.977	462	389	360	335	310	288	269	255	236	192	117	0	0	0.000	0.000	0	0	0	0	0	0	0	0	0	0	0	0	0	0.000	0.000	0	0	0	0	0	0	0	0	0	0	0
180	180	1276	1133.833	971.745	109	257	452	313	115	158	515	350	168	55	118.241	144	126	124	122	120	119	117	115	112	110	102	144.306	185	165	158	153	148	144	141	136	130	123	106	0	0	0.000	0.000	0	0	0	0	0	0	0	0	0	0	0	0	0	0.000	0.000	0	0	0	0	0	0	0	0	0	0	0
181	181	998	896.241	971.375	472	296	147	58	13	360	213	183	159	66	126.106	155	141	138	135	131	128	123	119	113	108	99	136.101	180	159	153	149	144	138	132	125	116	109	97	0	0	0.000	0.000	0	0	0	0	0	0	0	0	0	0	0	0	0	0.000	0.000	0	0	0	0	0	0	0	0	0	0	0
182	182	1191	1269.767	983.310	70	376	408	226	78	56	549	392	120	49	659.484	1041	869	805	758	717	671	619	560	503	433	262	134.376	172	148	144	141	138	135	131	128	124	120	107	0	0	0.000	0.000	0	0	0	0	0	0	0	0	0	0	0	0	0	0.000	0.000	0	0	0	0	0	0	0	0	0	0	0
183	183	1853	1613.114	987.817	252	583	531	339	104	216	667	578	246	110	112.470	126	118	117	115	114	112	111	110	109	107	97	156.642	198	181	174	170	165	160	153	146	138	128	108	0	0	0.000	0.000	0	0	0	0	0	0	0	0	0	0	0	0	0	0.000	0.000	0	0	0	0	0	0	0	0	0	0	0
184	184	1702	635.658	991.496	330	514	499	298	27	326	650	469	208	18	346.726	528	451	428	403	381	357	331	308	271	222	113	160.848	211	188	181	176	170	165	156	148	140	128	105	0	0	0.000	0.000	0	0	0	0	0	0	0	0	0	0	0	0	0	0.000	0.000	0	0	0	0	0	0	0	0	0	0	0
185	185	1095	1534.707	999.211	142	279	403	192	58	136	414	366	123	34	122.553	232	132	128	126	124	122	120	118	115	112	104	290.733	425	381	357	336	317	298	274	253	225	190	125	0	0	0.000	0.000	0	0	0	0	0	0	0	0	0	0	0	0	0	0.000	0.000	0	0	0	0	0	0	0	0	0	0	0
186	186	1190	196.645	1009.542	618	426	98	29	9	618	451	77	24	5	154.680	295	179	170	165	161	156	151	144	130	117	102	283.224	1770	436	331	286	263	246	226	162	125	110	100	0	0	0.000	0.000	0	0	0	0	0	0	0	0	0	0	0	1	59	193.205	1016.752	0	0	0	232	0	0	0	1048	0	0	0
187	187	1276	718.708	1007.297	121	302	415	333	81	85	223	426	371	147	239.822	333	289	278	270	259	248	232	217	201	179	113	406.609	596	525	504	484	455	421	388	351	313	261	128	0	0	0.000	0.000	0	0	0	0	0	0	0	0	0	0	0	0	0	0.000	0.000	0	0	0	0	0	0	0	0	0	0	0
188	188	1938	1676.986	1015.099	186	648	661	365	43	127	554	810	310	104	111.514	125	117	115	114	113	111	110	109	108	106	99	104.647	115	108	107	106	105	104	104	103	102	101	93	0	0	0.000	0.000	0	0	0	0	0	0	0	0	0	0	0	0	0	0.000	0.000	0	0	0	0	0	0	0	0	0	0	0
189	189	1645	1120.203	1019.837	339	464	490	248	69	371	663	390	155	36	121.440	146	131	128	125	123	122	120	118	115	112	100	149.353	191	168	164	160	156	152	148	142	136	123	104	0	0	0.000	0.000	0	0	0	0	0	0	0	0	0	0	0	0	0	0.000	0.000	0	0	0	0	0	0	0	0	0	0	0
190	190	1740	1256.171	1028.728	284	607	543	249	25	234	578	496	268	139	124.656	149	135	132	129	127	125	123	120	117	113	102	105.797	124	111	108	107	106	105	104	104	103	102	95	0	0	0.000	0.000	0	0	0	0	0	0	0	0	0	0	0	1	16	1264.689	1016.880	0	0	0	136	0	0	0	115	0	0	0
191	191	1659	986.121	1029.427	247	459	503	367	57	228	691	400	260	46	818.093	9173	1115	782	712	666	632	598	560	488	326	138	223.174	1983	273	211	198	190	184	177	170	158	134	102	1	57	995.467	1025.579	0	0	0	4667	0	0	0	1034	0	0	0	1	58	995.527	1025.574	0	0	0	4667	0	0	0	1034	0	0	0
192	192	849	1629.273	1029.498	73	223	277	206	57	105	395	179	125	33	110.847	124	116	114	113	112	111	110	109	107	106	99	154.915	194	178	172	167	163	159	153	146	138	125	105	0	0	0.000	0.000	0	0	0	0	0	0	0	0	0	0	0	0	0	0.000	0.000	0	0	0	0	0	0	0	0	0	0	0
193	193	1696	1508.313	1037.066	223	486	600	310	48	194	696	535	224	10	758.527	12357	789	649	597	547	496	450	406	361	280	127	198.309	1632	208	192	184	175	167	159	151	144	132	107	1	73	1518.059	1023.303	0	0	0	6293	0	0	0	892	0	0	0	1	78	1518.158	1023.311	0	0	0	6077	0	0	0	855	0	0	0
194	194	3052	755.437	1059.281	395	545	1142	753	155	336	679	1324	515	149	3683.857	35117	15758	1913	755	475	358	292	242	202	173	114	1500.016	13913	4537	1072	717	587	483	393	315	259	212	124	1	560	755.733	1060.927	0	0	0	17967	0	0	0	5212	0	0	0	1	444	755.815	1060.946	0	0	0	22985	0	0	0	7136	0	0	0
195	195	1088	1301.282	1049.007	93	241	377	296	57	89	442	337	174	27	123.830	145	133	130	128	126	125	123	120	117	113	103	104.032	113	107	106	105	104	104	103	103	102	101	96	0	0	0.000	0.000	0	0	0	0	0	0	0	0	0	0	0	0	0	0.000	0.000	0	0	0	0	0	0	0	0	0	0	0
196	196	712	1768.270	1047.234	201	261	210	27	5	199	201	194	81	15	286.329	460	375	347	326	309	289	269	247	227	193	132	210.732	305	265	247	237	226	216	202	189	174	147	115	0	0	0.000	0.000	0	0	0	0	0	0	0	0	0	0	0	0	0	0.000	0.000	0	0	0	0	0	0	0	0	0	0	0
197	197	1645	1722.688	1058.238	379	526	528	161	19	292	560	507	208	58	937.619	12020	1507	910	746	623	524	450	385	307	237	132	761.212	10662	1172	643	505	425	370	325	276	230	188	121	1	89	1722.128	1060.616	0	0	0	5982	0	0	0	5841	0	0	0	1	103	1722.352	1060.056	0	0	0	5196	0	0	0	5385	0	0	0
198	198	1774	371.253	1062.383	228	522	560	348	85	194	490	617	317	119	2611.775	4110	3527	3361	3217	2985	2781	2562	2228	1930	1405	269	275.620	394	347	333	319	303	287	267	244	222	188	114	0	0	0.000	0.000	0	0	0	0	0	0	0	0	0	0	0	0	0	0.000	0.000	0	0	0	0	0	0	0	0	0	0	0
199	199	819	944.380	1057.248	76	202	317	170	40	114	331	234	112	18	547.802	850	760	715	657	607	560	530	497	398	269	127	169.457	227	204	196	187	179	173	167	159	144	124	104	0	0	0.000	0.000	0	0	0	0	0	0	0	0	0	0	0	0	0	0.000	0.000	0	0	0	0	0	0	0	0	0	0	0
200	200	1500	420.195	1072.828	223	371	484	326	62	149	376	633	203	114	116.892	142	124	122	120	118	117	115	114	112	109	100	179.271	236	212	203	196	188	182	175	167	157	140	108	0	0	0.000	0.000	0	0	0	0	0	0	0	0	0	0	0	0	0	0.000	0.000	0	0	0	0	0	0	0	0	0	0	0
201	201	1682	1895.993	1088.493	182	525	539	359	42	214	713	445	237	41	248.879	2984	261	240	229	221	214	207	198	186	160	117	252.534	585	313	291	278	267	256	243	231	213	178	118	1	37	1906.985	1086.045	0	0	0	1465	0	0	0	325	0	0	0	0	0	0.000	0.000	0	0	0	0	0	0	0	0	0	0	0
202	202	2174	1687.394	1102.729	290	928	663	220	45	245	1068	534	240	40	383.017	615	522	471	440	412	386	356	326	290	243	137	203.538	299	248	236	226	217	208	198	186	169	150	120	0	0	0.000	0.000	0	0	0	0	0	0	0	0	0	0	0	0	0	0.000	0.000	0	0	0	0	0	0	0	0	0	0	0
203	203	1397	343.621	1104.406	217	262	481	367	46	166	353	522	260	71	2264.495	3274	2945	2830	2737	2614	2479	2327	2115	1714	1124	240	248.205	325	298	289	280	272	262	250	234	207	172	111	0	0	0.000	0.000	0	0	0	0	0	0	0	0	0	0	0	0	0	0.000	0.000	0	0	0	0	0	0	0	0	0	0	0
204	204	2414	1488.321	1103.613	346	1270	679	67	11	593	1408	342	14	9	109.186	122	114	112	111	110	109	108	107	106	105	98	110.553	141	122	117	114	111	108	106	105	104	103	96	0	0	0.000	0.000	0	0	0	0	0	0	0	0	0	0	0	0	0	0.000	0.000	0	0	0	0	0	0	0	0	0	0	0
205	205	2459	1294.783	1110.398	305	718	907	424	67	262	877	861	334	72	2351.832	4072	3578	3192	2787	2504	2286	2099	1871	1591	1272	559	109.352	127	115	113	111	110	109	108	107	106	104	93	0	0	0.000	0.000	0	0	0	0	0	0	0	0	0	0	0	0	0	0.000	0.000	0	0	0	0	0	0	0	0	0	0	0
206	206	2206	1144.897	1110.500	346	723	713	308	69	278	916	669	267	48	1159.520	2009	1599	1452	1374	1271	1164	1092	1001	861	644	228	166.997	228	197	188	182	175	169	163	156	146	132	106	0	0	0.000	0.000	0	0	0	0	0	0	0	0	0	0	0	0	0	0.000	0.000	0	0	0	0	0	0	0	0	0	0	0
207	207	1939	1585.365	1118.709	201	762	604	306	28	147	813	560	273	111	521.782	897	730	679	631	591	542	494	433	367	284	112	141.630	183	161	155	151	147	143	139	133	128	120	101	0	0	0.000	0.000	0	0	0	0	0	0	0	0	0	0	0	0	0	0.000	0.000	0	0	0	0	0	0	0	0	0	0	0
208	208	2725	756.719	1120.154	548	733	1007	361	35	455	861	1010	278	70	411.814	6990	466	430	388	355	326	301	278	256	211	121	501.587	1825	726	662	599	542	490	438	395	355	260	124	1	51	774.114	1115.647	0	0	0	3631	0	0	0	1175	0	0	0	1	19	772.934	1114.757	0	0	0	3631	0	0	0	1579	0	0	0
209	209	937	585.122	1109.713	234	197	248	207	32	164	256	286	170	48	115.348	135	124	121	119	118	116	114	112	109	106	100	120.466	154	138	132	128	124	120	116	111	107	104	98	0	0	0.000	0.000	0	0	0	0	0	0	0	0	0	0	0	0	0	0.000	0.000	0	0	0	0	0	0	0	0	0	0	0
210	210	1304	663.883	1116.531	165	260	487	334	32	124	229	582	247	97	119.064	210	127	123	120	119	117	116	114	113	110	100	120.660	145	131	128	126	123	121	119	116	113	109	102	0	0	0.000	0.000	0	0	0	0	0	0	0	0	0	0	0	0	0	0.000	0.000	0	0	0	0	0	0	0	0	0	0	0
211	211	2531	1230.517	1123.777	550	1228	577	129	17	408	1124	643	265	45	2266.363	3932	3432	3059	2685	2448	2234	2022	1842	1663	1185	359	110.339	128	116	114	112	111	110	109	108	107	105	99	0	0	0.000	0.000	0	0	0	0	0	0	0	0	0	0	0	0	0	0.000	0.000	0	0	0	0	0	0	0	0	0	0	0
212	212	1793	1425.450	1135.136	762	712	223	37	27	847	650	211	35	22	2697.043	4528	3801	3446	3189	2993	2810	2629	2402	2029	1331	202	111.970	129	119	116	114	113	112	110	109	107	106	97	0	0	0.000	0.000	0	0	0	0	0	0	0	0	0	0	0	0	0	0.000	0.000	0	0	0	0	0	0	0	0	0	0	0
213	213	1884	1806.214	1138.235	278	655	638	245	31	242	658	604	292	48	3755.878	6294	5374	5095	4793	4350	3879	3396	3032	2484	1766	400	167.444	226	205	195	187	177	170	162	152	140	125	103	0	0	0.000	0.000	0	0	0	0	0	0	0	0	0	0	0	0	0	0.000	0.000	0	0	0	0	0	0	0	0	0	0	0
214	214	1606	1895.897	1139.869	289	823	405	47	20	382	906	249	21	18	232.954	1858	252	239	230	223	216	209	202	189	169	116	246.043	644	294	280	269	259	251	243	232	213	170	109	1	34	1901.938	1126.365	0	0	0	945	0	0	0	431	0	0	0	0	0	0.000	0.000	0	0	0	0	0	0	0	0	0	0	0
215	215	2136	1732.639	1152.568	476	994	554	69	13	269	918	513	312	81	570.531	9764	652	493	436	404	378	348	318	293	247	117	232.182	2146	269	231	215	205	194	182	172	162	148	106	1	72	1734.510	1149.465	0	0	0	4744	0	0	0	987	0	0	0	1	68	1734.514	1149.351	0	0	0	4984	0	0	0	994	0	0	0
216	216	1985	1104.439	1154.530	310	614	639	311	80	435	1011	428	59	7	1100.227	1833	1620	1445	1319	1220	1112	1016	931	792	546	191	161.710	222	193	184	176	170	163	157	150	140	126	106	0	0	0.000	0.000	0	0	0	0	0	0	0	0	0	0	0	0	0	0.000	0.000	0	0	0	0	0	0	0	0	0	0	0
217	217	2782	359.143	1155.551	581	720	937	453	37	511	844	951	317	96	327.439	453	408	391	378	365	348	325	296	264	213	122	361.042	531	470	449	428	409	383	350	314	273	214	123	0	0	0.000	0.000	0	0	0	0	0	0	0	0	0	0	0	0	0	0.000	0.000	0	0	0	0	0	0	0	0	0	0	0
218	218	2682	298.060	1156.244	485	682	959	448	52	412	986	917	306	24	1934.262	20613	6139	925	512	401	339	299	259	221	187	117	621.301	4698	1413	505	406	365	330	295	254	216	178	108	1	393	300.311	1156.204	0	0	0	10588	0	0	0	2288	0	0	0	1	333	299.890	1155.903	0	0	0	12756	0	0	0	2687	0	0	0
219	219	2254	1475.144	1156.820	191	583	866	480	95	175	738	866	364	78	874.527	4005	1129	1062	999	942	899	846	777	688	543	231	186.033	645	217	209	202	196	190	182	172	161	141	108	0	0	0.000	0.000	0	0	0	0	0	0	0	0	0	0	0	0	0	0.000	0.000	0	0	0	0	0	0	0	0	0	0	0
220	220	1741	226.762	1163.833	265	455	611	331	46	202	473	615	312	108	465.935	714	613	572	539	507	475	447	420	376	286	150	106.545	120	111	109	108	107	106	105	105	104	103	94	0	0	0.000	0.000	0	0	0	0	0	0	0	0	0	0	0	0	0	0.000	0.000	0	0	0	0	0	0	0	0	0	0	0
221	221	1292	1855.810	1162.160	118	321	442	327	60	99	533	389	217	27	4539.526	6971	6487	6100	5761	5367	4929	4493	3960	3093	1640	322	184.677	247	227	218	209	202	193	182	170	149	125	103	0	0	0.000	0.000	0	0	0	0	0	0	0	0	0	0	0	0	0	0.000	0.000	0	0	0	0	0	0	0	0	0	0	0
222	222	1218	1292.732	1166.024	123	419	483	162	13	99	353	407	259	68	664.858	973	840	796	754	708	675	633	583	534	476	228	117.450	154	134	127	121	117	114	112	110	109	107	101	0	0	0.000	0.000	0	0	0	0	0	0	0	0	0	0	0	0	0	0.000	0.000	0	0	0	0	0	0	0	0	0	0	0
223	223	1606	251.656	1205.711	194	330	586	384	85	244	627	493	190	17	159.451	249	187	180	173	167	161	153	145	139	132	108	163.483	223	196	187	180	174	166	157	146	137	129	104	0	0	0.000	0.000	0	0	0	0	0	0	0	0	0	0	0	0	0	0.000	0.000	0	0	0	0	0	0	0	0	0	0	0
224	224	1594	1262.462	1204.973	240	583	494	207	40	205	651	420	246	32	734.958	1309	987	914	865	813	761	689	611	537	451	169	228.802	339	284	267	255	243	232	218	202	187	170	129	0	0	0.000	0.000	0	0	0	0	0	0	0	0	0	0	0	0	0	0.000	0.000	0	0	0	0	0	0	0	0	0	0	0
225	225	1991	1319.402	1210.223	287	510	683	388	87	238	768	596	296	46	764.937	4780	1051	979	906	820	740	669	583	493	358	157	237.826	1282	302	282	264	248	229	209	191	169	143	108	1	24	1316.291	1213.159	0	0	0	3063	0	0	0	366	0	0	0	1	31	1314.481	1207.038	0	0	0	1082	0	0	0	836	0	0	0
226	226	1451	302.721	1211.923	189	265	520	393	65	180	328	578	233	91	173.963	374	200	194	189	184	178	172	164	154	137	107	182.890	243	218	211	204	197	189	182	170	153	134	106	0	0	0.000	0.000	0	0	0	0	0	0	0	0	0	0	0	0	0	0.000	0.000	0	0	0	0	0	0	0	0	0	0	0
227	227	1749	1852.339	1215.462	311	390	592	345	71	234	491	582	301	102	474.718	7031	605	459	399	362	335	312	279	241	190	117	200.241	1480	257	211	191	179	169	160	146	133	119	101	1	65	1862.067	1213.835	0	0	0	2986	0	0	0	472	0	0	0	1	61	1859.159	1213.153	0	0	0	996	0	0	0	769	0	0	0
228	228	1708	446.442	1217.903	378	737	483	57	16	277	771	442	172	25	1167.694	1989	1710	1610	1478	1331	1181	1020	873	747	606	206	108.776	134	117	112	110	109	107	106	105	104	103	98	0	0	0.000	0.000	0	0	0	0	0	0	0	0	0	0	0	0	0	0.000	0.000	0	0	0	0	0	0	0	0	0	0	0
229	229	1465	494.966	1228.836	142	297	514	391	88	116	333	627	287	71	160.787	202	184	177	171	167	162	158	154	146	134	107	164.331	218	193	183	177	172	167	162	156	147	131	101	0	0	0.000	0.000	0	0	0	0	0	0	0	0	0	0	0	0	0	0.000	0.000	0	0	0	0	0	0	0	0	0	0	0
230	230	1103	1416.462	1244.679	183	279	333	193	85	157	401	333	160	34	361.429	509	448	419	400	387	371	360	347	323	245	136	168.257	216	195	187	181	175	171	166	161	154	136	110	0	0	0.000	0.000	0	0	0	0	0	0	0	0	0	0	0	0	0	0.000	0.000	0	0	0	0	0	0	0	0	0	0	0
231	231	743	1818.583	1244.767	166	212	258	74	18	94	184	255	134	58	258.520	433	376	337	301	280	259	241	219	180	133	107	144.833	211	184	173	163	153	145	138	123	112	106	99	0	0	0.000	0.000	0	0	0	0	0	0	0	0	0	0	0	0	0	0.000	0.000	0	0	0	0	0	0	0	0	0	0	0
232	232	1663	1503.243	1251.048	267	538	555	216	55	192	634	506	243	55	594.042	926	799	737	682	634	605	574	527	467	361	181	107.041	119	111	110	109	108	107	106	105	104	103	97	0	0	0.000	0.000	0	0	0	0	0	0	0	0	0	0	0	0	0	0.000	0.000	0	0	0	0	0	0	0	0	0	0	0
233	233	1246	1884.844	1251.819	369	346	294	175	41	352	420	281	146	28	424.949	4160	535	462	422	394	358	326	296	256	189	122	181.977	812	226	210	198	186	171	162	150	128	112	101	1	40	1886.851	1240.667	0	0	0	2034	0	0	0	253	0	0	0	1	38	1882.410	1239.266	0	0	0	594	0	0	0	487	0	0	0
234	234	1902	535.415	1263.742	185	488	725	372	106	333	1003	406	118	7	233.444	4540	253	188	173	166	161	155	148	140	127	107	180.413	1654	206	180	173	167	162	155	148	138	123	101	1	48	526.476	1252.696	0	0	0	2099	0	0	0	674	0	0	0	1	39	527.410	1252.425	0	0	0	2145	0	0	0	807	0	0	0
235	235	1649	1038.612	1265.556	215	555	594	223	31	189	621	516	234	48	774.090	11517	1077	605	505	452	422	396	369	333	268	134	327.706	2068	432	340	309	287	270	258	245	228	201	115	1	91	1037.222	1262.396	0	0	0	5185	0	0	0	699	0	0	0	1	72	1034.853	1262.213	0	0	0	2951	0	0	0	1301	0	0	0
236	236	1755	1382.290	1273.285	271	624	541	271	19	143	554	625	320	80	398.913	684	556	496	453	420	393	364	336	302	259	158	178.506	266	223	206	194	185	178	170	161	151	137	111	0	0	0.000	0.000	0	0	0	0	0	0	0	0	0	0	0	0	0	0.000	0.000	0	0	0	0	0	0	0	0	0	0	0
237	237	1678	440.139	1270.744	393	632	495	110	18	271	711	416	219	29	1313.486	2283	1845	1685	1576	1466	1361	1243	1087	912	686	248	107.331	127	114	111	109	107	106	105	104	104	102	97	0	0	0.000	0.000	0	0	0	0	0	0	0	0	0	0	0	0	0	0.000	0.000	0	0	0	0	0	0	0	0	0	0	0
238	238	2256	182.334	1289.082	544	577	621	407	74	511	729	677	263	40	111.124	127	117	115	114	113	111	110	108	107	105	98	118.442	159	139	129	122	117	114	112	110	108	106	98	0	0	0.000	0.000	0	0	0	0	0	0	0	0	0	0	0	0	0	0.000	0.000	0	0	0	0	0	0	0	0	0	0	0
239	239	1403	850.232	1287.230	353	374	399	226	27	322	397	400	209	53	433.395	661	607	568	517	474	449	416	367	311	230	128	311.691	462	421	394	365	344	319	294	264	229	190	124	0	0	0.000	0.000	0	0	0	0	0	0	0	0	0	0	0	0	0	0.000	0.000	0	0	0	0	0	0	0	0	0	0	0
240	240	1923	598.796	1293.805	241	764	766	112	20	173	802	643	232	27	1596.294	2605	2341	2152	1945	1748	1586	1443	1326	1158	823	319	108.251	126	115	112	110	109	107	107	106	105	103	97	0	0	0.000	0.000	0	0	0	0	0	0	0	0	0	0	0	0	0	0.000	0.000	0	0	0	0	0	0	0	0	0	0	0
241	241	2567	1606.152	1305.855	567	1006	718	186	46	545	1132	568	240	42	115.595	133	123	120	119	117	116	114	113	111	108	98	120.755	141	130	127	125	123	122	120	117	114	110	99	0	0	0.000	0.000	0	0	0	0	0	0	0	0	0	0	0	0	0	0.000	0.000	0	0	0	0	0	0	0	0	0	0	0
242	242	2490	889.801	1306.569	1904	420	86	30	22	1811	490	114	38	17	917.927	17425	1256	509	421	385	364	339	296	237	188	122	320.863	7133	448	248	210	200	193	184	174	159	143	110	1	135	895.862	1309.990	0	0	0	7887	0	0	0	1051	0	0	0	1	118	895.845	1309.801	0	0	0	8882	0	0	0	1161	0	0	0
243	243	1706	1705.409	1297.176	385	413	523	293	58	376	632	434	204	25	958.493	14980	1081	809	745	676	631	590	536	445	309	143	347.389	5254	401	271	253	237	223	209	196	177	142	111	1	72	1696.185	1294.498	0	0	0	6828	0	0	0	2676	0	0	0	1	77	1696.169	1294.639	0	0	0	6421	0	0	0	2327	0	0	0
244	244	1655	1526.701	1301.595	502	762	288	57	13	378	659	476	101	23	1470.319	18827	3079	856	515	410	353	313	282	254	214	115	295.596	2800	503	225	185	170	160	150	143	135	126	104	1	177	1523.549	1301.121	0	0	0	9078	0	0	0	1165	0	0	0	1	157	1523.642	1300.930	0	0	0	10332	0	0	0	1340	0	0	0
245	245	1883	1081.850	1318.097	204	661	706	263	22	120	658	704	292	63	432.195	706	576	528	501	474	444	406	358	325	293	151	173.263	232	207	197	190	181	174	165	156	149	141	113	0	0	0.000	0.000	0	0	0	0	0	0	0	0	0	0	0	0	0	0.000	0.000	0	0	0	0	0	0	0	0	0	0	0
246	246	1598	498.467	1311.470	212	464	535	304	48	171	405	566	315	119	968.404	1544	1382	1295	1199	1065	983	927	841	717	444	172	105.474	117	110	108	107	106	105	104	104	103	102	95	0	0	0.000	0.000	0	0	0	0	0	0	0	0	0	0	0	0	0	0.000	0.000	0	0	0	0	0	0	0	0	0	0	0
247	247	845	142.690	1313.394	86	241	299	160	42	81	376	253	100	18	111.393	123	117	115	114	112	111	110	109	108	106	101	113.878	128	121	118	117	115	114	112	111	109	107	102	0	0	0.000	0.000	0	0	0	0	0	0	0	0	0	0	0	0	0	0.000	0.000	0	0	0	0	0	0	0	0	0	0	0
248	248	1437	1168.071	1320.107	115	333	485	353	121	79	557	472	233	72	316.118	455	396	376	360	342	326	304	279	253	222	147	189.366	244	223	215	209	202	193	184	173	163	151	112	0	0	0.000	0.000	0	0	0	0	0	0	0	0	0	0	0	0	0	0.000	0.000	0	0	0	0	0	0	0	0	0	0	0
249	249	1904	1031.448	1326.532	233	653	577	322	83	237	869	484	244	34	198.340	1370	222	209	202	195	189	182	173	163	152	114	225.287	397	271	258	248	239	229	219	207	194	170	115	1	29	1024.607	1307.210	0	0	0	674	0	0	0	241	0	0	0	0	0	0.000	0.000	0	0	0	0	0	0	0	0	0	0	0
250	250	1724	554.116	1327.261	231	571	615	257	18	169	574	602	275	60	994.189	2017	1598	1426	1233	1063	939	820	697	589	516	140	106.164	119	111	109	107	107	106	105	104	103	102	97	0	0	0.000	0.000	0	0	0	0	0	0	0	0	0	0	0	0	0	0.000	0.000	0	0	0	0	0	0	0	0	0	0	0
251	251	2060	874.783	1337.546	559	773	557	132	10	468	919	416	211	16	1529.816	23692	1796	616	468	432	407	381	348	304	213	116	710.993	12743	777	394	325	305	289	272	245	214	167	113	1	278	878.467	1329.739	0	0	0	11760	0	0	0	5255	0	0	0	0	0	0.000	0.000	0	0	0	0	0	0	0	0	0	0	0
252	252	1766	694.272	1349.981	260	553	567	280	67	207	604	558	262	111	1180.766	2271	1816	1582	1418	1289	1187	1069	928	771	579	194	190.507	291	244	223	211	201	191	180	169	155	139	109	0	0	0.000	0.000	0	0	0	0	0	0	0	0	0	0	0	0	0	0.000	0.000	0	0	0	0	0	0	0	0	0	0	0
253	253	1471	1518.902	1352.331	383	530	408	102	16	295	487	419	192	47	335.228	496	433	412	393	373	350	325	298	267	203	123	163.588	211	192	185	180	174	168	161	153	143	125	103	0	0	0.000	0.000	0	0	0	0	0	0	0	0	0	0	0	0	0	0.000	0.000	0	0	0	0	0	0	0	0	0	0	0
254	254	913	148.476	1349.823	541	189	111	39	27	475	177	133	91	22	162.215	302	197	183	175	167	161	154	149	139	125	105	228.162	447	293	266	251	239	230	218	204	184	157	120	0	0	0.000	0.000	0	0	0	0	0	0	0	0	0	0	0	0	0	0.000	0.000	0	0	0	0	0	0	0	0	0	0	0
255	255	1669	1139.574	1365.586	248	651	544	170	17	262	916	340	121	13	1283.787	17503	2535	689	402	351	317	295	278	260	230	142	299.212	2351	488	237	211	199	189	181	173	162	149	112	1	169	1144.926	1371.038	0	0	0	8059	0	0	0	1123	0	0	0	1	154	1145.146	1370.950	0	0	0	9219	0	0	0	1203	0	0	0
256	256	1885	96.471	1363.800	227	367	680	459	121	240	464	691	348	98	214.067	335	279	256	239	224	211	200	189	178	154	105	124.779	158	140	135	131	128	125	122	119	115	108	98	0	0	0.000	0.000	0	0	0	0	0	0	0	0	0	0	0	0	0	0.000	0.000	0	0	0	0	0	0	0	0	0	0	0
257	257	1579	1582.886	1362.254	304	725	439	68	11	119	621	531	200	78	189.263	251	218	208	201	196	190	184	178	171	160	120	126.824	150	137	134	131	129	127	125	123	120	116	103	0	0	0.000	0.000	0	0	0	0	0	0	0	0	0	0	0	0	0	0.000	0.000	0	0	0	0	0	0	0	0	0	0	0
258	258	1495	1001.604	1372.489	265	691	448	54	17	193	422	482	288	86	188.373	261	226	217	209	201	192	181	170	158	145	108	215.853	310	273	258	246	232	219	205	190	175	154	109	0	0	0.000	0.000	0	0	0	0	0	0	0	0	0	0	0	0	0	0.000	0.000	0	0	0	0	0	0	0	0	0	0	0
259	259	1644	1088.234	1376.093	226	496	515	341	33	206	639	450	249	59	434.282	685	599	556	516	473	438	403	368	334	255	129	171.741	238	208	199	191	183	174	165	155	146	130	103	0	0	0.000	0.000	0	0	0	0	0	0	0	0	0	0	0	0	0	0.000	0.000	0	0	0	0	0	0	0	0	0	0	0
260	260	997	179.010	1382.610	538	178	162	90	20	483	200	193	89	20	158.158	335	204	184	175	167	160	151	136	121	109	99	216.117	431	290	272	257	240	220	203	179	151	123	100	0	0	0.000	0.000	0	0	0	0	0	0	0	0	0	0	0	0	0	0.000	0.000	0	0	0	0	0	0	0	0	0	0	0
261	261	2583	1405.979	1386.079	480	1215	735	90	9	301	872	860	441	71	1418.907	22424	2072	680	529	489	447	402	357	305	225	124	299.172	3863	396	191	173	166	159	151	144	133	119	100	1	213	1395.796	1384.343	0	0	0	10842	0	0	0	1618	0	0	0	1	173	1396.287	1383.923	0	0	0	14148	0	0	0	1934	0	0	0
262	262	2699	619.768	1396.208	455	545	972	565	115	406	811	976	411	56	887.866	1539	1276	1179	1105	1045	979	888	754	578	312	116	111.141	132	120	116	114	112	111	109	108	106	104	96	0	0	0.000	0.000	0	0	0	0	0	0	0	0	0	0	0	0	0	0.000	0.000	0	0	0	0	0	0	0	0	0	0	0
263	263	1667	1647.748	1409.873	202	500	612	289	28	166	552	596	245	73	253.510	375	327	300	280	262	247	235	224	212	193	133	173.888	247	212	200	189	179	172	165	158	151	138	101	0	0	0.000	0.000	0	0	0	0	0	0	0	0	0	0	0	0	0	0.000	0.000	0	0	0	0	0	0	0	0	0	0	0
264	264	1155	952.438	1422.029	154	358	438	163	16	106	285	483	172	81	518.294	803	700	654	613	566	527	483	441	393	324	167	180.600	260	227	210	198	188	179	172	164	152	135	104	0	0	0.000	0.000	0	0	0	0	0	0	0	0	0	0	0	0	0	0.000	0.000	0	0	0	0	0	0	0	0	0	0	0
265	265	2905	629.588	1458.151	462	954	1077	350	19	466	1096	957	286	50	707.334	1196	1017	953	889	819	744	670	610	507	258	109	110.040	129	117	114	112	111	109	108	107	106	104	98	0	0	0.000	0.000	0	0	0	0	0	0	0	0	0	0	0	0	0	0.000	0.000	0	0	0	0	0	0	0	0	0	0	0
266	266	2052	1549.820	1482.737	261	736	794	199	24	135	625	787	365	95	115.506	131	121	119	118	117	116	115	113	112	110	102	127.309	156	141	137	133	130	127	124	121	118	113	100	0	0	0.000	0.000	0	0	0	0	0	0	0	0	0	0	0	0	0	0.000	0.000	0	0	0	0	0	0	0	0	0	0	0
267	267	1350	123.912	1482.379	241	321	426	260	65	132	456	417	223	86	335.787	507	427	405	384	360	339	317	296	273	233	136	140.554	187	163	154	149	144	139	135	132	127	121	106	0	0	0.000	0.000	0	0	0	0	0	0	0	0	0	0	0	0	0	0.000	0.000	0	0	0	0	0	0	0	0	0	0	0
268	268	1524	1604.284	1481.607	183	485	511	250	65	112	418	546	297	108	971.380	11300	1336	866	775	712	631	560	506	455	409	182	243.502	1953	321	224	205	191	179	169	161	154	146	112	1	74	1603.526	1477.408	0	0	0	6060	0	0	0	1144	0	0	0	1	88	1603.764	1476.834	0	0	0	4801	0	0	0	1012	0	0	0
269	269	1872	1157.923	1496.174	329	611	554	294	42	386	817	492	144	5	694.448	15967	908	363	279	253	231	211	188	163	137	108	316.194	2804	423	337	301	277	251	229	199	163	131	104	1	99	1156.015	1487.840	0	0	0	7006	0	0	0	1282	0	0	0	1	86	1156.222	1486.887	0	0	0	6744	0	0	0	1435	0	0	0
270	270	526	1641.105	1499.662	115	169	125	77	30	88	161	161	87	22	430.378	615	560	529	508	488	469	441	390	330	228	141	156.905	196	180	174	169	164	160	155	148	140	127	112	0	0	0.000	0.000	0	0	0	0	0	0	0	0	0	0	0	0	0	0.000	0.000	0	0	0	0	0	0	0	0	0	0	0
271	271	1877	1211.460	1512.201	302	527	695	295	33	285	853	499	190	15	258.957	386	339	317	300	286	268	246	224	199	163	112	318.180	490	435	410	383	353	321	289	259	228	194	131	0	0	0.000	0.000	0	0	0	0	0	0	0	0	0	0	0	0	0	0.000	0.000	0	0	0	0	0	0	0	0	0	0	0
272	272	2134	122.129	1531.282	393	752	609	295	52	339	770	583	307	103	502.910	10261	548	412	385	363	342	320	283	230	173	114	163.624	1422	171	158	152	147	141	136	129	120	112	101	1	56	129.856	1526.640	0	0	0	5260	0	0	0	745	0	0	0	1	66	130.353	1526.403	0	0	0	4462	0	0	0	711	0	0	0
273	273	1762	1586.977	1528.174	335	689	528	169	11	335	884	384	120	10	905.272	11033	1248	913	789	726	660	603	549	472	340	161	233.654	2381	282	228	204	193	184	175	165	151	130	107	1	62	1586.999	1527.031	0	0	0	5565	0	0	0	1204	0	0	0	1	62	1586.416	1526.474	0	0	0	4790	0	0	0	1204	0	0	0
274	274	1739	600.627	1541.934	203	556	581	306	56	101	472	657	302	163	769.087	16089	999	450	348	306	282	262	248	230	211	140	243.474	1887	293	234	215	201	191	182	172	161	148	115	1	86	611.098	1540.032	0	0	0	7471	0	0	0	915	0	0	0	1	89	611.800	1540.447	0	0	0	7137	0	0	0	997	0	0	0
275	275	1942	1429.393	1552.555	294	793	612	169	48	146	848	578	283	46	580.472	12414	636	329	289	263	246	228	208	183	153	110	289.321	1864	378	331	302	271	245	222	201	183	161	112	1	95	1422.379	1556.017	0	0	0	5305	0	0	0	1009	0	0	0	1	79	1422.393	1555.929	0	0	0	6690	0	0	0	1102	0	0	0
276	276	1754	954.417	1555.291	304	605	572	219	26	180	531	605	296	111	1275.250	17644	2428	734	509	435	389	350	323	283	223	123	331.818	2959	561	287	230	211	194	180	168	155	139	105	1	161	956.844	1558.247	0	0	0	8372	0	0	0	1423	0	0	0	1	147	957.118	1558.461	0	0	0	9225	0	0	0	1516	0	0	0
277	277	1985	1360.929	1568.312	1120	417	229	131	69	1144	393	240	148	37	120.708	234	145	136	128	119	111	107	105	104	103	97	133.163	346	162	148	138	130	123	115	110	106	104	97	0	0	0.000	0.000	0	0	0	0	0	0	0	0	0	0	0	0	0	0.000	0.000	0	0	0	0	0	0	0	0	0	0	0
278	278	1369	78.098	1566.082	247	386	403	234	69	184	502	378	223	51	938.728	1469	1331	1252	1152	1040	941	844	752	681	539	218	138.423	177	159	153	147	143	138	134	130	125	118	103	0	0	0.000	0.000	0	0	0	0	0	0	0	0	0	0	0	0	0	0.000	0.000	0	0	0	0	0	0	0	0	0	0	0
279	279	1989	896.055	1572.740	229	742	742	229	16	174	816	601	258	104	396.109	615	526	497	473	447	413	373	328	284	240	147	194.529	269	241	232	223	211	197	183	169	155	142	119	0	0	0.000	0.000	0	0	0	0	0	0	0	0	0	0	0	0	0	0.000	0.000	0	0	0	0	0	0	0	0	0	0	0
280	280	1096	418.711	1571.991	329	390	247	81	32	312	492	200	52	21	114.736	133	123	120	118	117	115	113	111	109	106	99	370.565	626	547	506	457	401	359	324	294	257	206	126	0	0	0.000	0.000	0	0	0	0	0	0	0	0	0	0	0	0	0	0.000	0.000	0	0	0	0	0	0	0	0	0	0	0
281	281	1641	681.034	1577.369	205	547	554	286	18	113	468	579	346	94	320.920	485	419	380	356	341	327	312	291	265	220	114	141.988	180	161	155	151	147	143	139	135	129	122	102	0	0	0.000	0.000	0	0	0	0	0	0	0	0	0	0	0	0	0	0.000	0.000	0	0	0	0	0	0	0	0	0	0	0
282	282	1240	1248.541	1586.161	488	345	242	125	19	527	392	224	56	15	111.498	132	119	116	114	113	111	110	108	107	105	98	112.760	130	121	118	116	114	112	111	109	108	106	98	0	0	0.000	0.000	0	0	0	0	0	0	0	0	0	0	0	0	0	0.000	0.000	0	0	0	0	0	0	0	0	0	0	0
283	283	1849	729.475	1595.986	259	529	570	397	63	262	649	581	249	78	318.663	2109	440	393	366	336	308	282	261	237	183	112	144.098	386	161	155	151	147	144	140	137	132	124	105	0	0	0.000	0.000	0	0	0	0	0	0	0	0	0	0	0	0	0	0.000	0.000	0	0	0	0	0	0	0	0	0	0	0
284	284	1461	993.545	1589.061	207	514	484	205	27	202	825	283	121	8	120.183	156	129	126	124	122	121	119	117	114	110	99	111.006	133	117	115	113	112	110	109	108	107	105	95	0	0	0.000	0.000	0	0	0	0	0	0	0	0	0	0	0	0	0	0.000	0.000	0	0	0	0	0	0	0	0	0	0	0
285	285	1840	1322.834	1597.044	247	616	676	233	32	230	600	621	275	76	278.781	3657	304	274	261	251	241	231	219	202	176	123	303.170	569	382	357	340	326	313	297	278	247	198	127	1	33	1314.770	1598.385	0	0	0	1658	0	0	0	433	0	0	0	0	0	0.000	0.000	0	0	0	0	0	0	0	0	0	0	0
286	286	1494	1500.317	1597.415	369	425	353	284	43	300	560	320	202	80	118.575	136	127	124	122	120	119	117	115	113	110	102	108.631	123	114	112	110	109	108	107	106	105	104	98	0	0	0.000	0.000	0	0	0	0	0	0	0	0	0	0	0	0	0	0.000	0.000	0	0	0	0	0	0	0	0	0	0	0
287	287	1897	1931.371	1611.242	487	461	494	337	88	362	563	514	318	109	111.548	129	118	116	115	114	112	110	109	106	104	96	556.702	867	742	698	666	636	605	562	506	400	270	134	0	0	0.000	0.000	0	0	0	0	0	0	0	0	0	0	0	0	0	0.000	0.000	0	0	0	0	0	0	0	0	0	0	0
288	288	1444	948.227	1613.462	181	382	433	348	69	142	395	476	355	55	119.002	139	127	125	123	121	119	118	116	113	110	99	110.916	126	116	114	113	112	111	110	109	107	106	98	0	0	0.000	0.000	0	0	0	0	0	0	0	0	0	0	0	0	0	0.000	0.000	0	0	0	0	0	0	0	0	0	0	0
289	289	1672	1611.261	1616.632	253	543	572	236	43	230	685	522	147	42	411.102	5198	480	421	392	362	335	313	291	262	214	123	182.656	823	210	196	189	181	173	167	161	154	139	110	1	40	1611.896	1608.057	0	0	0	2618	0	0	0	496	0	0	0	1	38	1611.881	1607.944	0	0	0	2618	0	0	0	481	0	0	0
290	290	1014	1281.981	1619.487	119	286	280	216	97	172	407	223	147	55	200.625	272	240	227	218	210	204	197	190	176	155	115	241.336	369	314	296	284	270	259	244	219	168	131	109	0	0	0.000	0.000	0	0	0	0	0	0	0	0	0	0	0	0	0	0.000	0.000	0	0	0	0	0	0	0	0	0	0	0
291	291	1489	88.693	1636.533	240	329	420	348	121	217	467	456	274	47	538.095	880	746	691	636	586	544	498	455	402	315	167	168.580	224	202	193	185	177	169	162	155	147	133	103	0	0	0.000	0.000	0	0	0	0	0	0	0	0	0	0	0	0	0	0.000	0.000	0	0	0	0	0	0	0	0	0	0	0
292	292	2058	1496.071	1650.365	237	619	727	401	51	223	802	676	277	34	1378.907	2293	2034	1870	1715	1562	1384	1179	1039	927	809	215	111.774	130	118	116	114	112	111	110	109	108	106	101	0	0	0.000	0.000	0	0	0	0	0	0	0	0	0	0	0	0	0	0.000	0.000	0	0	0	0	0	0	0	0	0	0	0
293	293	558	1880.896	1651.413	59	121	135	142	92	52	126	134	136	99	130.815	157	143	139	137	134	132	129	127	123	117	100	142.853	172	159	156	152	148	144	140	135	131	125	107	0	0	0.000	0.000	0	0	0	0	0	0	0	0	0	0	0	0	0	0.000	0.000	0	0	0	0	0	0	0	0	0	0	0
294	294	1383	498.037	1666.932	199	400	499	210	52	203	549	436	150	20	652.276	9182	778	524	486	441	407	379	352	320	270	134	192.281	1197	206	185	177	170	165	161	156	150	142	111	1	63	490.089	1657.881	0	0	0	4568	0	0	0	505	0	0	0	1	63	489.329	1658.876	0	0	0	3291	0	0	0	620	0	0	0
295	295	760	1700.663	1657.255	182	295	177	75	19	128	263	230	113	13	308.841	420	375	357	342	333	322	307	289	264	221	141	479.204	669	593	567	546	520	500	481	452	399	312	177	0	0	0.000	0.000	0	0	0	0	0	0	0	0	0	0	0	0	0	0.000	0.000	0	0	0	0	0	0	0	0	0	0	0
296	296	2378	592.676	1676.124	268	813	829	337	85	360	1083	634	213	29	127.799	156	139	135	133	130	128	126	124	120	115	102	198.537	264	240	232	223	212	202	194	185	170	144	105	0	0	0.000	0.000	0	0	0	0	0	0	0	0	0	0	0	0	0	0.000	0.000	0	0	0	0	0	0	0	0	0	0	0
297	297	2916	1404.827	1689.209	506	1068	884	400	22	318	1080	841	483	139	332.491	465	402	386	373	359	343	325	303	279	248	133	339.982	489	430	408	393	376	357	329	296	263	230	131	0	0	0.000	0.000	0	0	0	0	0	0	0	0	0	0	0	0	0	0.000	0.000	0	0	0	0	0	0	0	0	0	0	0
298	298	1643	1905.069	1689.319	214	360	503	397	133	203	534	499	319	69	141.548	178	161	155	151	146	142	137	133	129	122	104	152.121	201	179	171	164	158	151	145	140	134	128	110	0	0	0.000	0.000	0	0	0	0	0	0	0	0	0	0	0	0	0	0.000	0.000	0	0	0	0	0	0	0	0	0	0	0
299	299	1554	305.049	1698.375	109	666	626	111	12	50	396	696	330	49	1279.304	1974	1704	1571	1449	1351	1276	1200	1121	1028	862	448	174.657	217	201	192	185	180	175	170	165	159	148	117	0	0	0.000	0.000	0	0	0	0	0	0	0	0	0	0	0	0	0	0.000	0.000	0	0	0	0	0	0	0	0	0	0	0
300	300	1164	920.547	1694.309	241	352	353	170	21	187	471	301	164	24	264.489	387	335	317	304	288	275	261	238	207	174	121	424.146	626	566	540	505	476	453	417	365	310	230	132	0	0	0.000	0.000	0	0	0	0	0	0	0	0	0	0	0	0	0	0.000	0.000	0	0	0	0	0	0	0	0	0	0	0
301	301	1558	534.778	1703.342	385	502	490	139	16	213	555	412	272	73	433.368	2105	559	521	486	449	417	386	356	327	263	135	160.852	314	186	178	172	165	159	154	149	142	132	105	1	18	537.886	1696.659	0	0	0	1584	0	0	0	249	0	0	0	0	0	0.000	0.000	0	0	0	0	0	0	0	0	0	0	0
302	302	2037	214.268	1719.040	576	625	517	228	48	485	787	537	168	28	115.082	138	121	119	118	116	115	114	113	111	108	100	267.925	423	363	333	311	287	268	248	228	207	172	108	0	0	0.000	0.000	0	0	0	0	0	0	0	0	0	0	0	0	0	0.000	0.000	0	0	0	0	0	0	0	0	0	0	0
303	303	3017	702.207	1724.164	492	962	1007	476	31	257	775	1059	682	185	246.476	357	303	287	275	263	253	241	224	203	182	124	223.304	327	280	264	252	241	229	215	198	180	159	116	0	0	0.000	0.000	0	0	0	0	0	0	0	0	0	0	0	0	0	0.000	0.000	0	0	0	0	0	0	0	0	0	0	0
304	304	1358	630.688	1715.682	257	474	416	158	17	208	458	372	206	79	121.580	141	130	128	126	124	122	120	118	115	112	103	181.397	254	225	215	204	194	186	178	167	148	124	107	0	0	0.000	0.000	0	0	0	0	0	0	0	0	0	0	0	0	0	0.000	0.000	0	0	0	0	0	0	0	0	0	0	0
305	305	1388	266.294	1727.662	199	347	471	316	40	129	421	446	292	63	1022.193	1594	1389	1295	1202	1101	1028	950	862	763	642	292	144.375	181	162	156	151	147	144	141	138	134	128	108	0	0	0.000	0.000	0	0	0	0	0	0	0	0	0	0	0	0	0	0.000	0.000	0	0	0	0	0	0	0	0	0	0	0
306	306	1160	1497.533	1738.388	174	306	321	267	77	157	452	302	192	34	2200.504	3484	3139	2884	2664	2452	2296	2093	1877	1528	1095	480	292.372	433	384	359	339	321	303	281	258	225	181	126	0	0	0.000	0.000	0	0	0	0	0	0	0	0	0	0	0	0	0	0.000	0.000	0	0	0	0	0	0	0	0	0	0	0
307	307	1512	1744.840	1738.514	187	468	452	308	58	157	554	437	271	69	387.539	3205	521	438	390	359	330	308	287	255	187	108	203.811	1374	277	237	219	207	193	173	148	119	109	100	1	43	1741.181	1737.700	0	0	0	1752	0	0	0	281	0	0	0	1	45	1736.044	1734.776	0	0	0	546	0	0	0	685	0	0	0
308	308	1427	1378.710	1740.477	249	417	363	275	98	245	585	353	178	46	129.970	154	142	138	135	132	129	127	125	123	118	105	112.794	131	119	117	115	114	112	111	110	109	107	101	0	0	0.000	0.000	0	0	0	0	0	0	0	0	0	0	0	0	0	0.000	0.000	0	0	0	0	0	0	0	0	0	0	0
309	309	1651	1881.799	1745.968	226	407	508	387	83	194	564	494	299	63	136.406	172	151	146	142	139	137	134	131	127	122	101	146.081	188	166	160	155	151	147	143	139	134	125	101	0	0	0.000	0.000	0	0	0	0	0	0	0	0	0	0	0	0	0	0.000	0.000	0	0	0	0	0	0	0	0	0	0	0
310	310	1545	1279.202	1743.771	220	568	440	225	66	176	652	362	254	72	896.011	3467	1190	1094	1016	945	874	808	736	659	586	280	280.102	1233	338	319	302	284	268	254	240	224	207	146	0	0	0.000	0.000	0	0	0	0	0	0	0	0	0	0	0	1	17	1289.644	1754.528	0	0	0	2389	0	0	0	894	0	0	0
311	311	1347	1327.531	1743.687	252	399	429	204	45	279	584	285	165	17	928.880	3484	1320	1221	1123	1036	933	824	738	660	443	125	302.817	1764	407	374	341	315	288	262	240	220	153	100	0	0	0.000	0.000	0	0	0	0	0	0	0	0	0	0	0	1	24	1317.014	1740.734	0	0	0	2594	0	0	0	1112	0	0	0
312	312	837	307.070	1748.329	150	314	246	99	15	97	328	220	130	48	124.878	147	133	131	129	127	125	124	122	119	115	106	108.870	120	113	111	110	109	109	108	107	106	105	98	0	0	0.000	0.000	0	0	0	0	0	0	0	0	0	0	0	0	0	0.000	0.000	0	0	0	0	0	0	0	0	0	0	0
313	313	1858	1103.613	1761.360	326	580	560	311	48	319	737	497	257	16	109.592	121	114	113	112	111	110	109	107	106	105	98	222.052	326	282	262	249	236	225	212	196	181	162	115	0	0	0.000	0.000	0	0	0	0	0	0	0	0	0	0	0	0	0	0.000	0.000	0	0	0	0	0	0	0	0	0	0	0
314	314	1934	121.207	1766.485	331	679	648	233	24	179	581	664	365	108	390.937	625	531	486	451	425	397	371	335	299	240	132	106.286	124	110	109	108	107	106	105	105	104	102	94	0	0	0.000	0.000	0	0	0	0	0	0	0	0	0	0	0	0	0	0.000	0.000	0	0	0	0	0	0	0	0	0	0	0
315	315	3597	538.422	1771.047	753	1014	1289	409	60	566	987	1396	533	57	170.395	235	202	194	188	182	174	165	156	145	133	107	853.461	1376	1244	1169	1078	989	875	772	649	546	421	204	0	0	0.000	0.000	0	0	0	0	0	0	0	0	0	0	0	0	0	0.000	0.000	0	0	0	0	0	0	0	0	0	0	0
316	316	688	243.172	1762.503	165	232	217	51	14	84	217	203	127	48	1150.081	1588	1464	1381	1312	1260	1193	1117	1031	934	798	387	149.410	177	167	162	159	155	151	147	143	138	129	110	0	0	0.000	0.000	0	0	0	0	0	0	0	0	0	0	0	0	0	0.000	0.000	0	0	0	0	0	0	0	0	0	0	0
317	317	1499	1837.369	1774.696	275	519	477	162	39	207	615	417	195	30	458.352	6803	550	398	367	336	306	284	266	247	217	148	248.034	1687	289	260	242	227	213	202	191	179	165	123	1	53	1833.900	1785.262	0	0	0	3140	0	0	0	921	0	0	0	1	48	1834.402	1784.773	0	0	0	3325	0	0	0	1049	0	0	0
318	318	1520	1053.831	1778.387	303	682	431	65	10	199	586	442	209	58	110.669	124	116	114	113	112	111	110	109	107	106	100	277.037	397	353	338	321	305	287	266	241	215	186	118	0	0	0.000	0.000	0	0	0	0	0	0	0	0	0	0	0	0	0	0.000	0.000	0	0	0	0	0	0	0	0	0	0	0
319	319	2662	917.086	1779.715	986	1363	244	18	20	883	1458	236	15	20	1935.164	20637	2757	1726	1461	1320	1151	1021	891	758	537	181	494.791	6519	668	374	321	287	263	242	220	197	166	121	1	176	916.773	1774.097	0	0	0	11789	0	0	0	3159	0	0	0	1	169	917.298	1773.729	0	0	0	12330	0	0	0	3297	0	0	0
320	320	796	1255.428	1778.218	156	249	228	132	17	91	283	239	142	23	273.443	361	318	307	298	291	286	277	266	244	208	121	217.765	290	256	245	238	232	225	216	206	189	168	114	0	0	0.000	0.000	0	0	0	0	0	0	0	0	0	0	0	0	0	0.000	0.000	0	0	0	0	0	0	0	0	0	0	0
321	321	1450	1393.951	1785.062	241	409	501	221	43	326	627	369	90	13	143.732	209	157	152	149	146	143	141	138	135	130	117	109.508	130	114	112	111	110	109	108	108	107	105	98	0	0	0.000	0.000	0	0	0	0	0	0	0	0	0	0	0	0	0	0.000	0.000	0	0	0	0	0	0	0	0	0	0	0
322	322	781	1350.499	1783.330	61	142	283	213	72	29	163	283	209	82	517.845	769	647	617	595	568	544	508	473	416	345	172	158.507	202	184	177	171	165	160	154	146	141	133	110	0	0	0.000	0.000	0	0	0	0	0	0	0	0	0	0	0	0	0	0.000	0.000	0	0	0	0	0	0	0	0	0	0	0
323	323	1715	320.766	1792.206	234	443	525	392	91	177	516	628	330	34	126.153	217	134	131	129	127	125	124	122	120	117	103	109.435	128	114	112	111	110	109	108	107	106	105	98	0	0	0.000	0.000	0	0	0	0	0	0	0	0	0	0	0	0	0	0.000	0.000	0	0	0	0	0	0	0	0	0	0	0
324	324	1661	224.288	1801.922	191	509	516	355	53	143	649	504	283	52	346.095	2983	408	385	366	350	330	303	280	260	236	132	182.986	483	215	206	200	192	183	172	163	154	145	108	1	21	227.527	1820.953	0	0	0	1761	0	0	0	324	0	0	0	0	0	0.000	0.000	0	0	0	0	0	0	0	0	0	0	0
325	325	1497	1541.057	1796.853	413	409	370	234	44	369	501	349	186	57	3102.721	5420	4454	4098	3889	3633	3336	2955	2548	2060	1255	453	111.587	125	117	115	114	113	112	110	109	107	105	97	0	0	0.000	0.000	0	0	0	0	0	0	0	0	0	0	0	0	0	0.000	0.000	0	0	0	0	0	0	0	0	0	0	0
326	326	1234	1810.535	1808.751	155	286	428	272	73	82	311	472	300	46	191.355	249	227	218	209	202	196	187	179	168	150	112	289.960	410	372	352	335	321	308	291	268	231	171	114	0	0	0.000	0.000	0	0	0	0	0	0	0	0	0	0	0	0	0	0.000	0.000	0	0	0	0	0	0	0	0	0	0	0
327	327	967	267.474	1814.268	126	242	284	191	105	112	408	269	134	33	358.033	2975	440	358	333	312	299	289	277	254	212	138	176.947	551	213	190	181	175	169	165	159	147	126	101	1	39	258.007	1808.503	0	0	0	1334	0	0	0	196	0	0	0	1	27	261.759	1812.749	0	0	0	467	0	0	0	422	0	0	0
328	328	1567	1254.664	1821.534	355	601	445	127	16	272	600	467	183	18	333.746	3893	371	336	313	298	282	269	252	237	214	136	215.200	666	260	246	235	224	215	206	193	182	159	113	1	34	1269.526	1816.280	0	0	0	1994	0	0	0	280	0	0	0	0	0	0.000	0.000	0	0	0	0	0	0	0	0	0	0	0
329	329	1345	957.645	1824.109	398	374	403	130	13	307	424	342	206	36	680.039	6612	807	709	661	628	598	565	519	458	286	135	196.514	1016	222	211	203	196	188	180	169	156	135	108	1	39	966.955	1819.516	0	0	0	3807	0	0	0	241	0	0	0	1	39	970.355	1819.187	0	0	0	767	0	0	0	621	0	0	0
330	330	2352	1329.165	1831.523	303	631	868	397	109	247	737	843	374	99	1188.860	17013	1471	862	740	666	604	540	491	432	330	170	229.481	2036	282	210	188	173	162	154	147	139	128	108	1	146	1325.816	1826.415	0	0	0	8871	0	0	0	982	0	0	0	1	139	1326.001	1826.437	0	0	0	8972	0	0	0	1000	0	0	0
331	331	1889	1857.907	1834.302	256	467	587	440	102	245	474	608	352	171	187.517	268	233	219	209	200	190	179	169	157	139	107	274.218	428	378	356	336	312	283	259	230	193	139	108	0	0	0.000	0.000	0	0	0	0	0	0	0	0	0	0	0	0	0	0.000	0.000	0	0	0	0	0	0	0	0	0	0	0
332	332	1351	129.489	1833.674	181	521	438	167	18	139	487	421	251	32	801.610	1215	1077	1000	941	890	824	770	694	598	471	248	156.825	203	184	177	171	164	157	152	145	137	127	107	0	0	0.000	0.000	0	0	0	0	0	0	0	0	0	0	0	0	0	0.000	0.000	0	0	0	0	0	0	0	0	0	0	0
333	333	1735	1472.162	1845.118	267	473	570	357	34	189	580	578	308	40	2882.408	5078	4074	3759	3503	3213	2908	2649	2396	2042	1510	475	367.248	585	490	462	431	400	375	350	311	275	224	128	0	0	0.000	0.000	0	0	0	0	0	0	0	0	0	0	0	0	0	0.000	0.000	0	0	0	0	0	0	0	0	0	0	0
334	334	1540	1129.722	1843.983	399	371	380	303	62	372	410	474	209	50	508.679	8311	551	421	395	365	332	297	262	236	208	126	201.663	1601	228	202	191	180	169	159	149	141	132	111	1	62	1115.035	1839.113	0	0	0	3889	0	0	0	687	0	0	0	1	54	1115.413	1839.932	0	0	0	4205	0	0	0	875	0	0	0
335	335	1808	893.338	1849.722	247	449	593	388	104	232	757	486	260	43	1226.649	7492	1564	1399	1315	1240	1168	1098	1015	873	668	211	280.463	1588	328	303	289	277	267	253	237	213	182	120	1	30	880.708	1848.307	0	0	0	5251	0	0	0	1084	0	0	0	1	37	880.886	1848.872	0	0	0	4851	0	0	0	1019	0	0	0
336	336	1749	239.858	1855.555	223	504	658	306	32	106	329	717	367	201	168.332	1166	181	170	164	160	155	151	146	141	133	108	179.321	244	218	206	197	189	181	173	164	154	139	104	1	33	220.548	1858.074	0	0	0	602	0	0	0	185	0	0	0	0	0	0.000	0.000	0	0	0	0	0	0	0	0	0	0	0
337	337	3214	1674.312	1880.264	805	896	882	509	65	772	1183	907	272	19	4461.471	19737	6414	5842	5177	4678	4170	3695	3278	2902	2191	373	370.306	2232	467	429	397	367	343	320	291	258	207	114	1	52	1664.774	1894.362	0	0	0	16705	0	0	0	1710	0	0	0	1	80	1664.787	1892.662	0	0	0	13196	0	0	0	1461	0	0	0
338	338	1580	1237.899	1872.597	161	589	487	278	38	120	617	531	237	40	633.330	1001	847	799	759	720	668	607	535	468	359	170	175.036	230	208	200	194	187	180	171	161	149	135	107	0	0	0.000	0.000	0	0	0	0	0	0	0	0	0	0	0	0	0	0.000	0.000	0	0	0	0	0	0	0	0	0	0	0
339	339	876	1923.018	1871.207	176	293	229	133	26	92	280	241	176	70	108.756	119	114	112	111	110	109	108	107	106	104	99	104.041	122	107	106	105	105	104	103	103	102	101	95	0	0	0.000	0.000	0	0	0	0	0	0	0	0	0	0	0	0	0	0.000	0.000	0	0	0	0	0	0	0	0	0	0	0
340	340	1534	149.695	1877.565	199	444	493	296	69	222	550	505	206	25	754.476	1193	988	900	847	800	759	708	656	605	540	292	151.380	199	175	167	162	156	151	145	141	136	129	108	0	0	0.000	0.000	0	0	0	0	0	0	0	0	0	0	0	0	0	0.000	0.000	0	0	0	0	0	0	0	0	0	0	0
341	341	1779	1055.182	1878.491	401	631	577	117	25	305	568	548	265	69	380.549	5938	408	364	347	329	313	296	267	229	184	108	161.718	776	184	175	167	161	154	147	141	132	122	103	1	35	1042.724	1879.006	0	0	0	2927	0	0	0	477	0	0	0	1	38	1042.524	1877.903	0	0	0	1656	0	0	0	453	0	0	0
342	342	1145	343.782	1876.252	460	390	226	35	12	451	487	148	18	7	1172.241	1938	1757	1662	1535	1373	1218	1077	921	709	453	188	251.414	374	340	324	303	279	255	236	214	182	144	112	0	0	0.000	0.000	0	0	0	0	0	0	0	0	0	0	0	0	0	0.000	0.000	0	0	0	0	0	0	0	0	0	0	0
343	343	1455	200.698	1883.576	211	454	409	301	57	161	500	414	292	56	1724.401	2861	2420	2170	1964	1834	1690	1576	1454	1290	1153	449	106.520	126	110	109	108	107	106	106	105	104	103	98	0	0	0.000	0.000	0	0	0	0	0	0	0	0	0	0	0	0	0	0.000	0.000	0	0	0	0	0	0	0	0	0	0	0
344	344	1602	790.564	1885.104	350	576	509	116	26	201	554	480	282	54	320.890	3831	359	320	301	286	271	259	246	229	195	128	162.824	726	182	171	166	162	157	152	148	141	127	103	1	35	784.886	1893.297	0	0	0	1830	0	0	0	373	0	0	0	1	34	786.075	1892.893	0	0	0	1465	0	0	0	434	0	0	0
345	345	1469	1453.864	1900.318	222	483	389	283	64	238	683	319	181	18	119.831	140	127	125	123	122	120	118	117	115	112	103	210.412	294	258	246	234	223	210	198	186	175	164	120	0	0	0.000	0.000	0	0	0	0	0	0	0	0	0	0	0	0	0	0.000	0.000	0	0	0	0	0	0	0	0	0	0	0
346	346	2160	300.612	1915.781	296	465	704	522	141	245	634	755	437	50	148.584	192	172	165	160	154	149	144	139	134	123	105	214.559	310	271	256	243	231	220	206	191	175	149	110	0	0	0.000	0.000	0	0	0	0	0	0	0	0	0	0	0	0	0	0.000	0.000	0	0	0	0	0	0	0	0	0	0	0
347	347	703	1348.657	1903.837	394	152	79	43	19	342	178	126	43	8	162.209	219	199	187	180	172	164	156	146	136	121	110	340.260	550	480	435	416	387	358	322	282	235	165	118	0	0	0.000	0.000	0	0	0	0	0	0	0	0	0	0	0	0	0	0.000	0.000	0	0	0	0	0	0	0	0	0	0	0
348	348	1807	87.430	1919.291	293	522	613	304	39	254	741	600	162	13	564.475	897	776	727	694	657	616	538	453	377	304	132	116.114	141	128	124	121	118	115	113	110	108	105	97	0	0	0.000	0.000	0	0	0	0	0	0	0	0	0	0	0	0	0	0.000	0.000	0	0	0	0	0	0	0	0	0	0	0
349	349	1091	1089.440	1916.924	262	210	234	259	106	205	344	268	159	95	297.274	1433	389	363	341	319	301	281	262	224	177	126	149.455	253	177	166	159	153	149	145	139	131	121	105	0	0	0.000	0.000	0	0	0	0	0	0	0	0	0	0	0	0	0	0.000	0.000	0	0	0	0	0	0	0	0	0	0	0
350	350	1511	1275.730	1926.903	234	473	460	247	59	164	612	452	199	60	1837.421	3298	2531	2356	2238	2099	1942	1816	1582	1230	863	241	262.323	406	328	312	302	289	273	257	234	206	172	118	0	0	0.000	0.000	0	0	0	0	0	0	0	0	0	0	0	0	0	0.000	0.000	0	0	0	0	0	0	0	0	0	0	0
351	351	1693	158.348	1932.243	489	854	260	37	24	490	920	193	37	20	572.740	930	777	721	681	637	594	533	471	411	338	189	105.933	126	112	110	108	106	105	104	103	102	101	95	0	0	0.000	0.000	0	0	0	0	0	0	0	0	0	0	0	0	0	0.000	0.000	0	0	0	0	0	0	0	0	0	0	0
352	352	1569	1501.994	1932.298	149	442	541	363	47	139	531	578	259	34	345.098	470	416	398	383	367	354	341	327	305	250	154	150.654	183	167	163	159	156	152	149	145	139	130	107	0	0	0.000	0.000	0	0	0	0	0	0	0	0	0	0	0	0	0	0.000	0.000	0	0	0	0	0	0	0	0	0	0	0
353	353	1578	1417.016	1937.550	297	544	366	225	117	346	656	321	182	40	239.006	3468	260	246	236	227	219	211	203	193	178	124	163.812	302	184	179	174	170	165	160	155	149	140	109	0	0	0.000	0.000	0	0	0	0	0	0	0	0	0	0	0	0	0	0.000	0.000	0	0	0	0	0	0	0	0	0	0	0
354	354	1486	1681.551	1940.314	286	498	429	201	42	233	544	440	207	36	422.850	659	570	516	488	461	440	414	381	335	234	135	118.100	144	126	123	121	120	118	117	115	113	110	101	0	0	0.000	0.000	0	0	0	0	0	0	0	0	0	0	0	0	0	0.000	0.000	0	0	0	0	0	0	0	0	0	0	0
355	355	1416	1554.267	1943.588	256	500	403	209	22	157	555	412	198	70	365.182	2241	473	428	390	363	343	328	311	277	221	128	153.311	337	175	167	162	157	153	148	143	136	125	105	1	21	1549.997	1934.745	0	0	0	1404	0	0	0	228	0	0	0	0	0	0.000	0.000	0	0	0	0	0	0	0	0	0	0	0
356	356	1684	1867.999	1953.540	261	508	540	305	43	151	516	609	309	63	371.849	663	524	471	438	405	369	331	301	274	230	113	188.925	286	238	222	211	202	191	177	167	155	140	100	0	0	0.000	0.000	0	0	0	0	0	0	0	0	0	0	0	0	0	0.000	0.000	0	0	0	0	0	0	0	0	0	0	0
357	357	1610	1461.736	1957.249	363	502	462	233	27	352	634	472	107	13	114.762	129	120	118	117	116	115	114	112	111	109	102	199.341	264	227	220	214	209	204	198	192	179	162	121	0	0	0.000	0.000	0	0	0	0	0	0	0	0	0	0	0	0	0	0.000	0.000	0	0	0	0	0	0	0	0	0	0	0
358	358	1237	1373.317	1954.590	196	446	402	140	24	242	595	328	42	9	273.420	365	317	305	294	284	276	269	260	248	221	153	270.524	389	326	314	302	287	275	262	248	236	210	128	0	0	0.000	0.000	0	0	0	0	0	0	0	0	0	0	0	0	0	0.000	0.000	0	0	0	0	0	0	0	0	0	0	0
359	359	624	1907.283	1948.361	89	191	183	124	26	73	202	194	131	14	294.184	377	343	329	319	309	301	290	278	263	241	126	111.085	126	118	115	114	112	111	110	108	107	104	99	0	0	0.000	0.000	0	0	0	0	0	0	0	0	0	0	0	0	0	0.000	0.000	0	0	0	0	0	0	0	0	0	0	0
360	360	694	332.719	1952.768	168	176	178	128	32	138	256	170	103	17	132.344	154	146	143	141	138	136	132	127	121	112	99	183.617	251	229	219	208	201	193	185	167	143	118	101	0	0	0.000	0.000	0	0	0	0	0	0	0	0	0	0	0	0	0	0.000	0.000	0	0	0	0	0	0	0	0	0	0	0
361	361	2301	453.803	1967.051	533	657	623	411	42	419	558	698	406	174	2797.397	4682	4120	3785	3555	3246	2899	2542	2184	1820	1354	383	180.335	259	228	217	202	191	180	170	158	147	132	103	0	0	0.000	0.000	0	0	0	0	0	0	0	0	0	0	0	0	0	0.000	0.000	0	0	0	0	0	0	0	0	0	0	0
362	362	1530	294.797	1975.042	340	379	523	245	22	270	455	539	212	26	147.165	189	169	164	157	152	148	143	138	132	124	101	217.993	301	271	259	243	230	219	208	197	184	164	112	0	0	0.000	0.000	0	0	0	0	0	0	0	0	0	0	0	0	0	0.000	0.000	0	0	0	0	0	0	0	0	0	0	0
363	363	1401	190.829	1983.063	223	362	378	322	89	179	520	443	212	21	340.615	520	440	403	378	358	339	321	301	280	250	158	107.721	125	113	111	109	108	107	106	105	104	103	97	0	0	0.000	0.000	0	0	0	0	0	0	0	0	0	0	0	0	0	0.000	0.000	0	0	0	0	0	0	0	0	0	0	0
364	364	951	1716.411	1985.515	460	178	135	94	74	382	244	166	96	49	254.089	729	378	312	279	252	235	218	201	175	153	117	644.359	2287	1211	905	735	628	546	482	399	310	241	151	1	13	1717.370	1982.431	0	0	0	592	0	0	0	1942	0	0	0	2	12	1711.850	1992.182	36	1717.274	1982.483	474	0	495	0	1880	0	1689	0
