 	cell	area	x	y	BFI_lev_b1	BFI_lev_b2	BFI_lev_b3	BFI_lev_b4	BFI_lev_b5	BFO_lev_b1	BFO_lev_b2	BFO_lev_b3	BFO_lev_b4	BFO_lev_b5	GFP_int_mean	GFP_int_b0	GFP_int_b1	GFP_int_b2	GFP_int_b3	GFP_int_b4	GFP_int_b5	GFP_int_b6	GFP_int_b7	GFP_int_b8	GFP_int_b9	GFP_int_b10	RFP_int_mean	RFP_int_b0	RFP_int_b1	RFP_int_b2	RFP_int_b3	RFP_int_b4	RFP_int_b5	RFP_int_b6	RFP_int_b7	RFP_int_b8	RFP_int_b9	RFP_int_b10	inGFPnfoci	f1_inGFParea	f1_inGFPx	f1_inGFPy	f2_inGFParea	f2_inGFPx	f2_inGFPy	f1_inGFP_toGFPmed	f2_inGFP_toGFPmed	f2_inGFP_toGFPmean	f1_inGFP_toRFPmed	f2_inGFP_toRFPmed	f2_inGFP_toRFPmean	inRFPnfoci	f1_inRFParea	f1_inRFPx	f1_inRFPy	f2_inRFParea	f2_inRFPx	f2_inRFPy	f1_inRFP_toGFPmed	f2_inRFP_toGFPmed	f2_inRFP_toGFPmean	f1_inRFP_toRFPmed	f2_inRFP_toRFPmed	f2_inRFP_toRFPmean	f1_inGFP_toGFPmean	f1_inGFP_toRFPmean	f1_inRFP_toGFPmean	f1_inRFP_toRFPmean
1	1	2111	1163.934	87.564	208	590	743	441	86	305	1038	574	131	16	690.914	13699	816	304	254	236	223	211	198	180	159	113	320.712	1601	406	362	336	314	292	265	243	215	168	107	1	125	1173.619	82.169	0	0	0	6536	0	0	681	0	0	1	86	1175.544	80.756	0	0	0	4361	0	0	1115	0	0	0	0	0	0
2	2	1318	971.546	88.070	217	600	310	139	23	421	660	180	22	9	667.115	1045	906	846	774	721	673	628	571	521	425	175	127.259	151	138	135	132	130	128	125	123	120	116	100	0	0	0.000	0.000	0	0	0	0	0	0	0	0	0	0	0	0.000	0.000	0	0	0	0	0	0	0	0	0	0	0	0	0
3	3	1213	1778.988	98.813	337	481	297	69	9	204	475	330	136	50	118.280	143	128	124	122	120	119	117	114	112	108	100	351.187	533	472	442	418	392	366	335	305	263	203	111	0	0	0.000	0.000	0	0	0	0	0	0	0	0	0	0	0	0.000	0.000	0	0	0	0	0	0	0	0	0	0	0	0	0
4	4	2683	382.379	104.327	446	866	886	393	33	285	1025	917	347	43	440.378	6814	446	290	272	263	251	236	220	203	183	117	373.568	1313	460	434	412	389	365	340	312	275	227	142	1	138	389.594	100.939	0	0	0	3340	0	0	806	0	0	1	51	390.398	100.246	0	0	0	5415	0	0	1101	0	0	0	0	0	0
5	5	889	1401.834	103.591	96	287	289	162	39	88	355	288	123	22	606.255	946	847	773	702	634	586	538	501	469	425	218	106.132	117	110	108	107	107	106	105	104	104	103	97	0	0	0.000	0.000	0	0	0	0	0	0	0	0	0	0	0	0.000	0.000	0	0	0	0	0	0	0	0	0	0	0	0	0
6	6	2010	247.358	112.761	360	359	631	499	135	267	472	671	462	103	841.183	1229	1107	1044	981	925	876	825	763	659	506	201	119.186	143	130	126	123	121	119	117	115	112	109	95	0	0	0.000	0.000	0	0	0	0	0	0	0	0	0	0	0	0.000	0.000	0	0	0	0	0	0	0	0	0	0	0	0	0
7	7	1784	1584.906	128.186	358	626	450	269	48	339	680	472	213	56	581.323	13738	669	272	214	192	182	175	169	161	149	114	158.036	1100	179	144	138	134	129	127	124	120	115	104	1	87	1584.102	136.067	0	0	0	6015	0	0	553	0	0	1	87	1583.717	136.052	0	0	0	6015	0	0	553	0	0	0	0	0	0
8	8	1517	1820.355	136.981	316	432	445	262	38	221	531	433	216	86	262.777	4179	297	218	205	196	187	179	170	159	145	115	120.687	320	129	124	121	118	116	115	113	111	109	102	1	44	1825.474	125.363	0	0	0	2063	0	0	190	0	0	1	42	1825.764	124.176	0	0	0	1282	0	0	229	0	0	0	0	0	0
9	9	615	660.364	133.309	74	137	154	168	67	90	170	186	113	41	299.166	415	357	341	319	307	294	284	274	265	249	170	122.439	143	131	128	126	125	123	121	119	117	114	103	0	0	0.000	0.000	0	0	0	0	0	0	0	0	0	0	0	0.000	0.000	0	0	0	0	0	0	0	0	0	0	0	0	0
10	10	952	1284.095	134.297	76	300	329	199	32	60	421	300	135	15	154.513	1224	168	146	142	139	136	134	132	128	123	108	158.853	279	198	184	173	161	152	146	141	135	125	107	1	25	1275.113	137.316	0	0	0	560	0	0	244	0	0	0	0	0.000	0.000	0	0	0	0	0	0	0	0	0	0	0	0	0
11	11	1241	1424.917	139.890	128	344	462	238	47	119	453	448	174	30	719.677	1090	993	912	821	743	699	666	617	553	483	268	107.294	123	113	110	109	108	107	106	105	104	103	97	0	0	0.000	0.000	0	0	0	0	0	0	0	0	0	0	0	0.000	0.000	0	0	0	0	0	0	0	0	0	0	0	0	0
12	12	1407	1200.389	140.446	526	714	107	16	12	324	786	224	21	19	229.309	1542	265	238	226	216	208	201	196	188	172	109	294.335	541	378	353	332	311	295	281	266	250	203	105	1	32	1198.646	154.274	0	0	0	848	0	0	418	0	0	0	0	0.000	0.000	0	0	0	0	0	0	0	0	0	0	0	0	0
13	13	1489	348.024	150.407	180	386	442	361	96	137	477	511	274	61	1100.224	1752	1480	1366	1297	1215	1128	1034	944	835	669	300	124.235	159	140	134	130	126	123	120	117	114	110	100	0	0	0.000	0.000	0	0	0	0	0	0	0	0	0	0	0	0.000	0.000	0	0	0	0	0	0	0	0	0	0	0	0	0
14	14	1908	244.481	166.781	741	935	146	24	12	272	1130	361	69	36	134.970	1553	134	128	125	123	122	120	119	117	113	103	125.953	170	137	134	131	129	127	124	121	117	113	100	1	34	252.059	145.673	0	0	0	707	0	0	151	0	0	0	0	0.000	0.000	0	0	0	0	0	0	0	0	0	0	0	0	0
15	15	2205	948.211	175.113	471	796	629	243	32	441	1156	501	68	14	846.343	1225	1095	1046	1001	951	892	846	799	662	478	194	111.611	133	117	115	114	112	111	110	109	108	106	98	0	0	0.000	0.000	0	0	0	0	0	0	0	0	0	0	0	0.000	0.000	0	0	0	0	0	0	0	0	0	0	0	0	0
16	16	2123	1381.835	170.067	144	727	803	346	66	92	554	986	353	91	241.518	320	286	274	266	256	245	236	225	214	193	111	215.732	281	255	247	240	232	223	211	199	185	166	108	0	0	0.000	0.000	0	0	0	0	0	0	0	0	0	0	0	0.000	0.000	0	0	0	0	0	0	0	0	0	0	0	0	0
17	17	1917	470.280	172.626	288	544	638	325	89	237	788	646	183	23	636.734	15531	691	268	198	180	173	166	160	153	142	115	196.755	1205	226	194	182	174	168	162	156	147	134	107	1	96	476.148	179.048	0	0	0	7211	0	0	633	0	0	1	87	476.006	178.497	0	0	0	8021	0	0	678	0	0	0	0	0	0
18	18	1501	193.398	174.310	192	410	614	225	32	125	316	778	192	58	126.039	156	137	132	130	128	126	124	122	119	115	105	131.218	162	144	140	136	134	131	129	127	124	117	101	0	0	0.000	0.000	0	0	0	0	0	0	0	0	0	0	0	0.000	0.000	0	0	0	0	0	0	0	0	0	0	0	0	0
19	19	1615	676.235	175.122	215	641	520	199	24	163	719	499	182	20	161.108	204	183	177	172	168	163	158	154	145	136	108	207.663	286	253	243	232	224	213	203	189	173	155	108	0	0	0.000	0.000	0	0	0	0	0	0	0	0	0	0	0	0.000	0.000	0	0	0	0	0	0	0	0	0	0	0	0	0
20	20	1582	1595.666	176.311	240	536	521	219	34	176	646	459	206	72	173.627	1375	185	174	168	163	159	155	149	140	131	110	121.015	187	130	127	125	123	121	119	117	114	110	100	1	41	1579.177	170.130	0	0	0	612	0	0	151	0	0	0	0	0.000	0.000	0	0	0	0	0	0	0	0	0	0	0	0	0
21	21	2200	1101.882	181.945	455	918	635	129	17	269	730	717	365	74	3186.376	32813	13237	1526	457	271	238	224	212	192	159	116	954.940	8038	2843	624	448	415	394	367	332	275	194	113	1	382	1104.816	176.178	0	0	0	17275	0	0	3436	0	0	1	314	1104.828	176.044	0	0	0	20212	0	0	4328	0	0	0	0	0	0
22	22	1525	1224.852	192.471	311	485	481	193	34	238	488	520	204	47	920.549	1487	1275	1175	1121	1071	979	873	749	627	511	153	138.468	182	159	153	149	143	139	133	128	124	117	101	0	0	0.000	0.000	0	0	0	0	0	0	0	0	0	0	0	0.000	0.000	0	0	0	0	0	0	0	0	0	0	0	0	0
23	23	1571	302.737	188.164	942	357	148	92	19	963	344	159	63	27	494.115	12086	626	297	256	228	208	191	176	162	125	105	148.047	1108	172	139	131	127	124	121	117	112	106	98	1	61	306.374	179.545	0	0	0	5141	0	0	541	0	0	1	63	306.348	179.510	0	0	0	5039	0	0	536	0	0	0	0	0	0
24	24	1524	1537.004	198.018	158	576	540	191	26	91	393	664	256	94	204.795	3377	189	167	161	158	154	150	147	142	135	112	148.075	323	169	161	156	152	147	142	137	132	124	106	1	39	1551.951	204.641	0	0	0	1557	0	0	188	0	0	1	15	1552.699	201.722	0	0	0	768	0	0	283	0	0	0	0	0	0
25	25	1924	1649.777	212.441	316	639	648	276	10	180	554	735	303	104	562.684	1022	833	723	662	614	568	520	462	397	286	132	106.673	125	113	110	108	107	106	105	104	103	102	94	0	0	0.000	0.000	0	0	0	0	0	0	0	0	0	0	0	0.000	0.000	0	0	0	0	0	0	0	0	0	0	0	0	0
26	26	1041	256.702	211.911	568	282	134	28	17	594	229	146	47	11	144.177	633	171	143	135	131	128	126	123	121	117	105	126.233	310	144	132	126	123	121	118	116	113	108	100	1	45	267.281	212.516	0	0	0	365	0	0	179	0	0	1	38	268.530	214.040	0	0	0	321	0	0	220	0	0	0	0	0	0
27	27	1371	164.304	222.153	173	336	508	298	36	83	356	623	223	63	187.524	250	226	216	206	198	190	182	174	163	143	110	119.487	140	130	127	124	122	119	117	115	112	108	100	0	0	0.000	0.000	0	0	0	0	0	0	0	0	0	0	0	0.000	0.000	0	0	0	0	0	0	0	0	0	0	0	0	0
28	28	1805	104.322	227.670	264	594	624	269	21	139	487	764	289	79	324.854	7339	377	213	184	174	165	158	152	144	131	109	131.219	404	147	137	131	128	124	121	118	115	111	98	1	64	97.270	213.847	0	0	0	3005	0	0	243	0	0	1	62	97.646	214.737	0	0	0	3001	0	0	262	0	0	0	0	0	0
29	29	2103	1585.297	230.067	379	832	669	166	14	324	857	611	235	39	654.229	16045	789	261	186	170	162	155	148	141	131	106	185.117	1504	212	172	164	157	148	139	129	121	112	100	1	112	1584.176	236.623	0	0	0	7454	0	0	748	0	0	1	107	1584.328	236.145	0	0	0	7652	0	0	768	0	0	0	0	0	0
30	30	688	215.552	222.055	248	224	126	46	32	190	186	157	115	26	127.282	158	143	139	135	132	128	124	119	115	110	101	264.070	434	381	350	313	280	261	239	214	185	156	114	0	0	0.000	0.000	0	0	0	0	0	0	0	0	0	0	0	0.000	0.000	0	0	0	0	0	0	0	0	0	0	0	0	0
31	31	2419	740.552	239.382	216	923	958	261	21	174	814	968	366	51	268.035	6041	252	189	180	172	166	159	153	145	135	109	208.881	547	266	248	232	220	205	190	175	163	148	108	1	69	749.747	228.023	0	0	0	2645	0	0	384	0	0	1	21	748.427	226.978	0	0	0	3084	0	0	463	0	0	0	0	0	0
32	32	1670	1208.774	241.924	291	479	490	314	61	207	564	572	238	58	969.902	1438	1266	1199	1138	1069	1010	947	881	776	594	185	142.183	173	158	154	151	148	145	142	138	131	120	103	0	0	0.000	0.000	0	0	0	0	0	0	0	0	0	0	0	0.000	0.000	0	0	0	0	0	0	0	0	0	0	0	0	0
33	33	2624	1158.321	258.333	526	862	763	364	62	595	1015	672	242	48	121.455	162	129	126	124	123	121	120	118	117	115	105	402.090	706	562	499	451	420	398	382	360	320	248	120	0	0	0.000	0.000	0	0	0	0	0	0	0	0	0	0	0	0.000	0.000	0	0	0	0	0	0	0	0	0	0	0	0	0
34	34	2517	1472.733	261.859	252	776	971	439	46	267	1281	726	187	9	2813.232	29285	11077	1079	382	273	250	236	222	204	178	116	544.628	4534	1478	370	260	238	222	205	190	176	159	115	1	447	1477.756	266.134	0	0	0	13682	0	0	1822	0	0	1	364	1477.472	265.965	0	0	0	18467	0	0	2314	0	0	0	0	0	0
35	35	1060	1537.313	246.798	117	322	396	174	30	119	402	356	114	51	156.776	197	179	174	170	166	162	155	149	139	125	102	155.673	202	185	179	174	169	161	154	142	129	115	99	0	0	0.000	0.000	0	0	0	0	0	0	0	0	0	0	0	0.000	0.000	0	0	0	0	0	0	0	0	0	0	0	0	0
36	36	1742	255.724	260.674	432	576	492	192	18	349	530	506	257	73	597.531	13447	797	307	217	196	188	182	175	166	148	106	160.226	1227	184	139	133	130	127	124	121	117	112	100	1	89	263.783	256.630	0	0	0	6140	0	0	420	0	0	1	93	263.774	257.549	0	0	0	5392	0	0	576	0	0	0	0	0	0
37	37	1808	1264.932	263.969	223	748	668	122	19	136	578	706	316	43	1291.095	2002	1713	1579	1481	1410	1331	1242	1156	1050	802	195	107.056	125	112	110	109	107	107	106	105	104	103	98	0	0	0.000	0.000	0	0	0	0	0	0	0	0	0	0	0	0.000	0.000	0	0	0	0	0	0	0	0	0	0	0	0	0
38	38	2492	1661.044	274.249	290	726	778	503	149	440	1046	772	169	20	120.447	161	133	128	125	122	120	117	115	112	108	100	662.537	1147	938	857	800	751	689	645	584	462	304	116	0	0	0.000	0.000	0	0	0	0	0	0	0	0	0	0	0	0.000	0.000	0	0	0	0	0	0	0	0	0	0	0	0	0
39	39	1078	212.237	280.134	119	273	413	211	37	72	250	511	185	47	169.268	343	187	182	177	174	171	167	163	155	143	109	120.735	139	130	127	125	123	121	120	117	115	111	98	0	0	0.000	0.000	0	0	0	0	0	0	0	0	0	0	0	0.000	0.000	0	0	0	0	0	0	0	0	0	0	0	0	0
40	40	1777	714.661	278.501	203	576	687	235	46	135	539	740	257	63	3225.943	27789	14598	1939	672	403	305	280	260	231	193	109	577.132	4353	1751	445	291	254	238	225	210	189	162	111	1	358	717.814	274.306	0	0	0	14307	0	0	1762	0	0	1	285	717.670	274.018	0	0	0	19158	0	0	2260	0	0	0	0	0	0
41	41	1783	114.895	293.673	144	561	689	305	48	121	582	723	269	53	960.158	18688	1190	310	227	207	194	184	176	167	155	117	164.984	1131	180	146	139	134	131	129	125	122	117	104	1	136	124.647	285.697	0	0	0	9358	0	0	569	0	0	1	141	125.384	285.693	0	0	0	8919	0	0	569	0	0	0	0	0	0
42	42	1209	663.710	299.679	197	359	402	188	47	161	417	395	140	67	299.362	5399	377	205	176	169	165	160	155	147	136	110	143.426	389	158	149	145	142	139	136	133	128	118	103	1	54	651.073	300.254	0	0	0	2219	0	0	247	0	0	1	33	650.239	300.301	0	0	0	2517	0	0	296	0	0	0	0	0	0
43	43	1287	181.387	312.514	105	303	399	368	91	105	447	448	195	67	177.672	1414	188	174	168	162	158	153	149	143	135	106	179.235	244	211	202	194	186	178	172	167	159	147	114	1	31	182.992	305.343	0	0	0	693	0	0	195	0	0	0	0	0.000	0.000	0	0	0	0	0	0	0	0	0	0	0	0	0
44	44	1733	1456.558	314.314	238	544	576	289	49	194	667	547	247	40	316.881	2258	368	342	327	313	299	283	268	248	214	131	125.344	275	139	133	129	126	124	121	118	115	111	100	1	30	1446.307	304.079	0	0	0	1302	0	0	185	0	0	1	23	1446.034	302.073	0	0	0	839	0	0	193	0	0	0	0	0	0
45	45	1950	1788.273	319.981	216	558	776	314	36	138	648	782	309	43	1120.204	18104	1620	715	570	498	438	392	360	319	264	143	164.097	1447	205	133	123	119	116	114	112	110	107	100	1	124	1780.257	322.360	0	0	0	8916	0	0	644	0	0	1	121	1780.023	321.255	0	0	0	7973	0	0	674	0	0	0	0	0	0
46	46	527	488.531	314.570	100	135	136	111	27	51	159	140	119	45	208.605	270	252	241	232	224	216	204	193	179	155	116	106.503	117	111	109	108	107	107	106	104	104	102	98	0	0	0.000	0.000	0	0	0	0	0	0	0	0	0	0	0	0.000	0.000	0	0	0	0	0	0	0	0	0	0	0	0	0
47	47	2002	740.852	332.916	424	393	674	420	57	364	602	647	209	147	524.223	9625	612	363	320	300	282	259	237	209	166	109	261.926	1333	336	297	278	260	242	220	201	177	146	104	1	89	733.087	332.604	0	0	0	4405	0	0	769	0	0	1	67	733.296	331.507	0	0	0	4575	0	0	908	0	0	0	0	0	0
48	48	896	1842.896	327.126	153	180	275	209	59	154	308	258	147	15	340.592	515	450	421	399	378	360	339	316	256	180	117	114.076	134	124	121	118	116	114	112	109	107	104	97	0	0	0.000	0.000	0	0	0	0	0	0	0	0	0	0	0	0.000	0.000	0	0	0	0	0	0	0	0	0	0	0	0	0
49	49	579	630.954	327.672	72	162	168	123	35	80	182	168	106	30	209.420	289	256	243	235	225	214	204	193	179	153	108	109.062	123	114	112	111	110	109	108	107	106	104	99	0	0	0.000	0.000	0	0	0	0	0	0	0	0	0	0	0	0.000	0.000	0	0	0	0	0	0	0	0	0	0	0	0	0
50	50	1608	683.990	340.639	282	461	568	234	35	174	536	530	272	62	585.168	14642	578	238	184	173	165	158	152	145	130	103	158.491	960	174	150	145	141	137	133	128	121	112	101	1	82	670.916	344.237	0	0	0	6503	0	0	533	0	0	1	80	670.594	343.769	0	0	0	6022	0	0	552	0	0	0	0	0	0
51	51	1494	1518.030	342.062	203	485	526	247	18	199	687	372	188	23	186.477	246	218	210	203	196	191	183	174	165	148	114	126.149	154	141	137	132	128	125	122	119	116	113	102	0	0	0.000	0.000	0	0	0	0	0	0	0	0	0	0	0	0.000	0.000	0	0	0	0	0	0	0	0	0	0	0	0	0
52	52	1925	1743.649	358.664	264	556	714	312	31	241	688	685	253	27	470.524	7157	583	471	420	382	355	324	295	263	196	105	116.615	350	122	118	115	113	111	110	108	107	105	99	1	54	1745.611	353.405	0	0	0	3181	0	0	236	0	0	1	64	1745.663	353.113	0	0	0	3000	0	0	227	0	0	0	0	0	0
53	53	2245	1645.493	362.151	382	656	690	430	60	316	919	613	277	83	426.240	8664	412	303	283	267	252	237	217	193	161	107	124.820	408	134	129	125	122	119	116	113	111	107	99	1	83	1637.695	368.819	0	0	0	4009	0	0	250	0	0	1	72	1637.102	369.075	0	0	0	4297	0	0	264	0	0	0	0	0	0
54	54	1504	640.990	367.912	284	446	521	199	30	192	513	543	204	26	152.426	193	176	171	166	162	157	152	145	133	116	100	132.101	169	151	145	142	138	134	130	125	118	108	100	0	0	0.000	0.000	0	0	0	0	0	0	0	0	0	0	0	0.000	0.000	0	0	0	0	0	0	0	0	0	0	0	0	0
55	55	1034	243.515	366.625	441	279	192	79	29	300	375	228	88	30	156.043	1176	171	151	146	141	137	131	125	119	112	104	326.553	1192	472	431	388	361	340	313	249	172	127	107	1	32	251.580	370.320	0	0	0	602	0	0	486	0	0	1	12	252.951	365.179	0	0	0	171	0	0	947	0	0	0	0	0	0
56	56	1813	1114.543	374.453	94	339	768	488	81	123	687	683	222	67	113.566	129	119	117	116	115	114	112	111	110	108	101	205.132	302	252	238	228	217	207	198	185	174	154	108	0	0	0.000	0.000	0	0	0	0	0	0	0	0	0	0	0	0.000	0.000	0	0	0	0	0	0	0	0	0	0	0	0	0
57	57	2014	958.048	381.030	966	890	86	24	13	596	1007	276	63	41	116.979	132	123	121	120	118	117	116	114	113	111	103	135.084	167	149	145	141	139	136	133	131	126	119	101	0	0	0.000	0.000	0	0	0	0	0	0	0	0	0	0	0	0.000	0.000	0	0	0	0	0	0	0	0	0	0	0	0	0
58	58	824	71.594	377.275	136	328	252	78	17	142	266	318	75	10	939.887	1328	1229	1174	1134	1085	1043	974	893	738	416	159	121.586	138	130	128	126	125	123	121	118	115	110	100	0	0	0.000	0.000	0	0	0	0	0	0	0	0	0	0	0	0.000	0.000	0	0	0	0	0	0	0	0	0	0	0	0	0
59	59	1641	1204.036	386.715	136	608	515	285	66	308	734	387	142	34	111.541	124	117	115	114	113	112	110	109	108	106	100	159.926	216	191	183	175	168	160	153	147	140	127	105	0	0	0.000	0.000	0	0	0	0	0	0	0	0	0	0	0	0.000	0.000	0	0	0	0	0	0	0	0	0	0	0	0	0
60	60	1680	1514.355	392.305	504	537	390	192	16	454	594	365	211	33	113.633	144	125	119	116	114	112	110	109	107	106	98	370.293	597	488	463	440	417	393	366	325	273	201	117	0	0	0.000	0.000	0	0	0	0	0	0	0	0	0	0	0	0.000	0.000	0	0	0	0	0	0	0	0	0	0	0	0	0
61	61	934	1068.535	395.453	180	205	253	220	60	175	176	224	257	94	111.840	125	118	116	115	113	112	111	109	107	106	99	191.936	267	241	228	217	208	200	188	172	153	129	105	0	0	0.000	0.000	0	0	0	0	0	0	0	0	0	0	0	0.000	0.000	0	0	0	0	0	0	0	0	0	0	0	0	0
62	62	1255	1379.165	402.253	126	521	381	178	26	86	613	366	135	21	306.025	403	368	353	340	325	312	300	283	262	234	156	112.919	129	120	117	116	114	113	111	110	108	106	100	0	0	0.000	0.000	0	0	0	0	0	0	0	0	0	0	0	0.000	0.000	0	0	0	0	0	0	0	0	0	0	0	0	0
63	63	1403	1018.421	402.543	281	563	432	102	1	155	488	490	177	61	113.947	128	119	118	116	115	114	113	112	110	108	101	130.143	159	141	138	135	133	131	128	126	123	118	104	0	0	0.000	0.000	0	0	0	0	0	0	0	0	0	0	0	0.000	0.000	0	0	0	0	0	0	0	0	0	0	0	0	0
64	64	1611	365.614	405.979	315	401	434	329	105	301	567	471	203	35	422.502	680	579	540	514	497	477	434	361	262	179	126	105.947	120	110	109	107	106	106	105	104	103	102	94	0	0	0.000	0.000	0	0	0	0	0	0	0	0	0	0	0	0.000	0.000	0	0	0	0	0	0	0	0	0	0	0	0	0
65	65	1723	900.205	425.929	432	682	467	101	12	316	585	537	207	41	797.820	18110	1072	344	230	193	177	169	162	154	143	111	262.272	2614	323	216	200	190	181	174	167	158	144	106	1	105	904.211	424.341	0	0	0	7614	0	0	1252	0	0	1	102	903.680	423.972	0	0	0	7541	0	0	1304	0	0	0	0	0	0
66	66	1083	127.860	423.532	531	375	80	37	39	566	351	85	37	25	117.871	133	126	123	121	120	118	116	115	113	110	101	153.476	204	180	171	164	157	152	147	143	138	130	107	0	0	0.000	0.000	0	0	0	0	0	0	0	0	0	0	0	0.000	0.000	0	0	0	0	0	0	0	0	0	0	0	0	0
67	67	737	1223.911	425.708	104	224	242	117	33	122	313	208	62	16	111.624	125	117	115	114	113	112	111	109	108	106	100	162.947	214	196	190	183	178	171	164	152	131	112	97	0	0	0.000	0.000	0	0	0	0	0	0	0	0	0	0	0	0.000	0.000	0	0	0	0	0	0	0	0	0	0	0	0	0
68	68	1791	966.454	436.706	393	473	446	360	87	434	596	507	191	37	112.576	127	118	117	115	114	112	111	110	109	107	99	134.660	164	150	145	141	138	136	133	130	125	116	101	0	0	0.000	0.000	0	0	0	0	0	0	0	0	0	0	0	0.000	0.000	0	0	0	0	0	0	0	0	0	0	0	0	0
69	69	2031	244.651	439.202	523	561	695	180	32	376	673	645	259	39	119.463	144	129	126	123	121	119	118	116	113	110	99	1757.489	2835	2372	2244	2139	2023	1898	1757	1506	1214	881	197	0	0	0.000	0.000	0	0	0	0	0	0	0	0	0	0	0	0.000	0.000	0	0	0	0	0	0	0	0	0	0	0	0	0
70	70	1580	87.188	446.532	190	391	626	293	55	121	299	799	261	72	137.506	1234	146	130	126	124	122	120	118	116	113	102	150.497	301	178	169	163	156	149	143	136	128	120	103	1	32	93.532	443.417	0	0	0	515	0	0	228	0	0	0	0	0.000	0.000	0	0	0	0	0	0	0	0	0	0	0	0	0
71	71	2197	1365.744	454.936	394	639	708	339	72	400	798	628	264	56	365.183	563	480	448	424	403	379	353	319	281	238	111	112.968	131	120	117	116	114	113	112	110	109	106	99	0	0	0.000	0.000	0	0	0	0	0	0	0	0	0	0	0	0.000	0.000	0	0	0	0	0	0	0	0	0	0	0	0	0
72	72	1076	1028.756	445.355	205	328	313	182	22	198	330	268	209	50	162.426	711	179	165	161	158	155	153	148	143	134	110	160.363	240	180	173	169	166	162	157	153	147	138	111	1	23	1020.319	436.747	0	0	0	427	0	0	181	0	0	0	0	0.000	0.000	0	0	0	0	0	0	0	0	0	0	0	0	0
73	73	1291	300.741	449.416	403	338	254	208	65	265	320	402	208	68	118.832	140	127	125	123	121	119	117	115	113	110	102	917.008	1470	1346	1246	1146	1047	952	864	772	609	369	143	0	0	0.000	0.000	0	0	0	0	0	0	0	0	0	0	0	0.000	0.000	0	0	0	0	0	0	0	0	0	0	0	0	0
74	74	1426	1127.500	450.198	140	473	421	317	48	164	696	334	171	35	139.162	164	151	148	145	143	140	138	135	131	125	96	106.874	127	112	110	108	107	106	106	105	104	103	94	0	0	0.000	0.000	0	0	0	0	0	0	0	0	0	0	0	0.000	0.000	0	0	0	0	0	0	0	0	0	0	0	0	0
75	75	1119	687.100	471.625	346	319	299	127	10	219	485	262	102	23	111.862	128	119	117	115	114	112	110	109	107	105	97	432.959	756	656	614	578	542	503	421	295	176	124	103	0	0	0.000	0.000	0	0	0	0	0	0	0	0	0	0	0	0.000	0.000	0	0	0	0	0	0	0	0	0	0	0	0	0
76	76	1402	1572.636	470.927	136	344	462	334	99	159	486	521	174	30	112.525	129	118	116	115	114	113	111	110	109	107	101	134.979	166	149	145	141	139	136	133	129	125	121	105	0	0	0.000	0.000	0	0	0	0	0	0	0	0	0	0	0	0.000	0.000	0	0	0	0	0	0	0	0	0	0	0	0	0
77	77	1577	1737.899	481.451	252	635	483	163	13	156	651	456	215	69	113.785	128	119	118	116	115	114	113	112	110	108	101	155.610	201	181	174	168	161	155	150	145	139	131	108	0	0	0.000	0.000	0	0	0	0	0	0	0	0	0	0	0	0.000	0.000	0	0	0	0	0	0	0	0	0	0	0	0	0
78	78	1449	119.691	484.742	253	595	422	140	16	150	453	522	254	40	116.247	234	122	119	117	116	115	113	112	111	109	102	141.711	177	159	155	151	147	142	138	134	129	123	103	1	29	109.217	488.028	0	0	0	169	0	0	152	0	0	0	0	0.000	0.000	0	0	0	0	0	0	0	0	0	0	0	0	0
79	79	633	1202.445	478.561	180	146	169	103	27	148	205	169	85	12	146.305	180	163	157	154	151	149	145	141	135	124	109	105.385	119	109	108	107	106	105	104	104	103	102	95	0	0	0.000	0.000	0	0	0	0	0	0	0	0	0	0	0	0.000	0.000	0	0	0	0	0	0	0	0	0	0	0	0	0
80	80	929	1324.415	484.229	87	310	346	134	33	89	396	304	104	19	264.818	375	335	307	287	271	259	249	238	225	207	154	109.382	122	115	113	111	110	109	108	107	106	104	98	0	0	0.000	0.000	0	0	0	0	0	0	0	0	0	0	0	0.000	0.000	0	0	0	0	0	0	0	0	0	0	0	0	0
81	81	688	295.185	491.571	82	210	195	136	52	102	186	246	127	17	477.266	770	633	585	556	523	492	467	437	382	259	131	113.904	131	121	119	118	116	115	113	111	109	105	98	0	0	0.000	0.000	0	0	0	0	0	0	0	0	0	0	0	0.000	0.000	0	0	0	0	0	0	0	0	0	0	0	0	0
82	82	1581	948.531	515.366	292	710	432	105	20	302	726	420	86	17	667.192	14689	819	271	196	180	170	164	157	150	140	107	225.812	1655	264	212	202	193	184	173	162	154	142	110	1	95	935.543	513.318	0	0	0	6415	0	0	813	0	0	1	81	936.087	513.054	0	0	0	7446	0	0	888	0	0	0	0	0	0
83	83	1798	677.907	529.357	262	617	587	280	32	160	588	608	286	118	242.423	364	303	284	269	257	245	234	223	206	172	109	104.648	116	108	107	106	105	104	104	103	102	101	96	0	0	0.000	0.000	0	0	0	0	0	0	0	0	0	0	0	0.000	0.000	0	0	0	0	0	0	0	0	0	0	0	0	0
84	84	710	634.427	522.103	74	261	238	95	32	39	228	258	135	33	228.985	290	266	257	250	244	238	229	217	203	177	120	104.948	114	109	107	106	105	105	104	103	103	102	97	0	0	0.000	0.000	0	0	0	0	0	0	0	0	0	0	0	0.000	0.000	0	0	0	0	0	0	0	0	0	0	0	0	0
85	85	881	1725.247	525.207	113	282	310	123	33	111	386	289	70	12	112.911	137	119	117	115	114	113	111	110	109	107	102	167.753	204	191	185	180	175	170	164	159	152	143	111	0	0	0.000	0.000	0	0	0	0	0	0	0	0	0	0	0	0.000	0.000	0	0	0	0	0	0	0	0	0	0	0	0	0
86	86	1872	109.753	530.260	252	820	670	69	18	174	697	776	156	27	298.207	6520	319	191	167	162	158	156	153	149	144	116	203.450	1231	233	200	192	186	181	177	172	164	147	105	1	67	122.305	535.167	0	0	0	2915	0	0	623	0	0	1	59	122.488	534.161	0	0	0	2174	0	0	697	0	0	0	0	0	0
87	87	2884	593.918	552.837	473	665	1060	559	96	503	1040	937	285	49	684.828	15277	618	256	203	183	173	165	158	149	130	102	239.097	3355	250	173	160	155	150	145	140	132	117	103	1	167	585.894	553.153	0	0	0	7797	0	0	1373	0	0	1	141	585.661	552.453	0	0	0	9255	0	0	1667	0	0	0	0	0	0
88	88	577	986.913	544.910	59	154	150	144	52	66	195	160	100	43	140.329	165	154	151	148	145	143	140	136	130	121	107	158.731	191	178	175	171	168	164	158	152	145	130	107	0	0	0.000	0.000	0	0	0	0	0	0	0	0	0	0	0	0.000	0.000	0	0	0	0	0	0	0	0	0	0	0	0	0
89	89	982	1484.427	560.740	171	295	354	125	21	111	315	347	165	31	112.836	128	119	117	115	114	113	112	110	109	106	100	107.999	134	116	112	110	108	106	105	104	104	102	98	0	0	0.000	0.000	0	0	0	0	0	0	0	0	0	0	0	0.000	0.000	0	0	0	0	0	0	0	0	0	0	0	0	0
90	90	2365	896.751	575.316	471	812	739	268	24	408	835	739	265	75	1507.010	22194	2033	888	711	651	604	557	520	479	371	181	190.345	1825	220	145	138	132	125	121	118	115	112	103	1	170	887.804	580.898	0	0	0	11428	0	0	865	0	0	1	157	888.227	581.143	0	0	0	12181	0	0	912	0	0	0	0	0	0
91	91	974	241.745	563.207	146	314	261	197	38	159	313	302	123	57	641.995	894	795	763	738	713	684	651	601	525	413	145	122.108	143	132	129	127	124	123	121	118	116	112	101	0	0	0.000	0.000	0	0	0	0	0	0	0	0	0	0	0	0.000	0.000	0	0	0	0	0	0	0	0	0	0	0	0	0
92	92	1184	952.305	565.142	97	378	428	200	53	128	415	398	179	29	155.009	196	170	165	161	158	155	152	149	145	140	122	147.443	184	163	159	155	152	148	144	141	137	130	114	0	0	0.000	0.000	0	0	0	0	0	0	0	0	0	0	0	0.000	0.000	0	0	0	0	0	0	0	0	0	0	0	0	0
93	93	1639	499.886	567.106	462	501	344	255	44	447	509	391	214	48	2065.335	23519	5658	1163	513	364	330	301	278	243	156	102	294.293	2878	650	201	136	124	120	116	114	111	107	98	1	233	504.744	564.424	0	0	0	10321	0	0	1077	0	0	1	185	504.692	564.057	0	0	0	14071	0	0	1397	0	0	0	0	0	0
94	94	2024	290.155	581.654	157	374	772	559	104	207	553	907	243	81	2176.821	24424	4860	1476	983	836	729	625	535	441	306	126	270.814	3016	457	184	146	133	126	122	118	114	110	99	1	221	293.001	584.722	0	0	0	12346	0	0	1131	0	0	1	179	292.967	583.636	0	0	0	14551	0	0	1423	0	0	0	0	0	0
95	95	1750	1363.805	581.613	178	399	623	407	107	169	579	602	280	89	232.198	3452	257	236	222	207	195	186	174	160	141	111	119.474	254	130	126	123	121	118	116	113	110	107	95	1	29	1358.920	567.125	0	0	0	1628	0	0	177	0	0	1	24	1358.112	566.168	0	0	0	991	0	0	190	0	0	0	0	0	0
96	96	2484	131.795	583.684	465	800	871	254	37	600	1429	381	20	12	2807.751	27961	5273	1939	1604	1422	1260	1145	1064	960	757	323	167.130	1086	246	138	125	119	116	114	112	110	107	100	1	262	139.084	586.716	0	0	0	15141	0	0	510	0	0	1	240	139.707	585.662	0	0	0	16001	0	0	550	0	0	0	0	0	0
97	97	2245	1592.301	572.590	240	562	909	404	76	172	564	986	370	109	3488.968	32230	16087	1777	539	337	290	264	244	218	177	110	633.020	6336	2194	354	173	142	134	128	124	120	113	102	1	450	1594.726	569.735	0	0	0	15522	0	0	2186	0	0	1	354	1594.603	569.587	0	0	0	21996	0	0	3056	0	0	0	0	0	0
98	98	1367	191.084	578.915	201	403	482	219	42	168	420	488	206	61	205.663	294	257	244	233	224	217	205	186	160	136	103	109.715	126	116	114	112	111	110	108	107	105	103	96	0	0	0.000	0.000	0	0	0	0	0	0	0	0	0	0	0	0.000	0.000	0	0	0	0	0	0	0	0	0	0	0	0	0
99	99	1528	676.761	601.279	275	779	389	48	14	157	669	424	175	61	2651.457	25202	9325	1958	774	439	317	267	234	209	178	121	652.769	6451	1911	481	269	204	179	164	151	141	131	108	1	257	673.784	601.796	0	0	0	11861	0	0	2553	0	0	1	212	673.890	601.482	0	0	0	16238	0	0	3163	0	0	0	0	0	0
100	100	1651	734.788	602.131	225	385	536	372	101	212	656	482	216	57	229.220	325	295	276	260	247	233	220	204	184	158	112	163.574	218	201	193	184	175	166	155	146	135	124	104	0	0	0.000	0.000	0	0	0	0	0	0	0	0	0	0	0	0.000	0.000	0	0	0	0	0	0	0	0	0	0	0	0	0
101	101	1670	1839.190	610.981	289	546	556	201	42	232	595	553	223	30	874.446	12034	1259	729	613	530	482	437	386	348	297	119	145.405	789	166	133	128	125	122	119	116	113	110	102	1	95	1829.579	612.837	0	0	0	5643	0	0	465	0	0	1	99	1829.200	613.022	0	0	0	5568	0	0	439	0	0	0	0	0	0
102	102	1958	163.964	622.052	379	503	709	307	33	235	402	835	323	122	4009.946	31481	14848	3113	1636	1278	1163	1094	996	781	510	136	268.396	2011	705	205	140	124	118	115	112	110	107	100	1	349	161.405	616.961	0	0	0	17388	0	0	831	0	0	1	297	161.436	616.653	0	0	0	20361	0	0	986	0	0	0	0	0	0
103	103	1824	1542.396	630.421	558	634	441	148	10	454	642	471	178	54	119.761	149	130	127	124	122	120	118	115	112	109	100	423.640	764	631	558	520	486	443	390	335	271	181	117	0	0	0.000	0.000	0	0	0	0	0	0	0	0	0	0	0	0.000	0.000	0	0	0	0	0	0	0	0	0	0	0	0	0
104	104	1086	1881.880	623.254	556	360	114	32	14	520	337	141	55	12	175.050	386	230	197	184	174	165	157	148	138	128	106	411.533	1897	765	462	401	370	333	296	257	211	162	111	0	0	0.000	0.000	0	0	0	0	0	0	0	0	0	1	96	1879.336	622.900	0	0	0	298	0	0	1268	0	0	0	0	0	0
105	105	1750	244.792	643.358	260	550	627	260	25	207	537	692	235	47	520.106	825	731	677	614	556	505	470	436	399	320	133	106.603	118	111	109	108	107	106	106	105	104	103	97	0	0	0.000	0.000	0	0	0	0	0	0	0	0	0	0	0	0.000	0.000	0	0	0	0	0	0	0	0	0	0	0	0	0
106	106	1134	1802.276	638.635	243	510	308	48	6	138	479	376	108	11	481.829	737	655	593	536	501	477	450	427	404	325	136	119.749	139	130	127	124	121	119	117	115	113	111	102	0	0	0.000	0.000	0	0	0	0	0	0	0	0	0	0	0	0.000	0.000	0	0	0	0	0	0	0	0	0	0	0	0	0
107	107	2379	639.797	648.100	367	931	828	178	17	309	1074	693	219	31	935.913	1389	1223	1153	1101	1050	992	924	835	731	536	229	132.681	166	147	143	139	137	134	131	127	122	116	102	0	0	0.000	0.000	0	0	0	0	0	0	0	0	0	0	0	0.000	0.000	0	0	0	0	0	0	0	0	0	0	0	0	0
108	108	2047	563.842	662.756	216	475	733	475	106	214	605	848	278	50	141.149	180	160	154	150	147	143	140	135	128	117	100	171.285	236	208	197	188	182	175	169	158	143	127	103	0	0	0.000	0.000	0	0	0	0	0	0	0	0	0	0	0	0.000	0.000	0	0	0	0	0	0	0	0	0	0	0	0	0
109	109	1055	752.342	671.009	67	242	372	257	106	84	273	453	168	49	135.924	157	147	144	142	140	138	135	132	128	122	107	218.041	300	267	256	246	236	226	215	203	187	148	105	0	0	0.000	0.000	0	0	0	0	0	0	0	0	0	0	0	0.000	0.000	0	0	0	0	0	0	0	0	0	0	0	0	0
110	110	926	967.896	677.098	285	339	216	53	18	329	402	158	21	7	118.171	138	127	124	122	120	118	116	114	111	109	101	188.005	322	253	236	223	208	191	170	152	131	116	102	0	0	0.000	0.000	0	0	0	0	0	0	0	0	0	0	0	0.000	0.000	0	0	0	0	0	0	0	0	0	0	0	0	0
111	111	1668	1694.946	683.079	207	584	513	267	66	239	741	417	195	49	1929.814	23970	5427	995	424	296	248	227	211	194	168	109	329.591	3279	711	213	151	137	131	127	123	119	113	102	1	225	1691.625	678.979	0	0	0	11568	0	0	1331	0	0	1	188	1691.573	678.363	0	0	0	13728	0	0	1592	0	0	0	0	0	0
112	112	1688	1845.655	706.567	237	732	492	184	16	164	759	468	222	39	517.435	11710	659	279	220	198	183	172	162	154	139	108	144.470	924	166	136	129	125	121	118	115	112	109	100	1	82	1842.651	706.182	0	0	0	5155	0	0	481	0	0	1	79	1841.903	705.729	0	0	0	4492	0	0	503	0	0	0	0	0	0
113	113	2160	207.348	706.828	195	418	742	602	161	164	447	1003	394	112	432.422	5295	488	443	417	394	373	346	312	271	220	113	139.278	809	149	140	136	132	129	126	122	118	113	101	1	54	206.686	701.434	0	0	0	2726	0	0	391	0	0	1	57	206.654	701.937	0	0	0	2606	0	0	436	0	0	0	0	0	0
114	114	1782	380.967	713.651	558	638	425	119	21	507	775	371	81	8	320.486	511	421	395	375	353	332	314	294	248	177	107	113.338	141	122	118	116	114	113	111	109	107	105	100	0	0	0.000	0.000	0	0	0	0	0	0	0	0	0	0	0	0.000	0.000	0	0	0	0	0	0	0	0	0	0	0	0	0
115	115	1444	1654.939	713.177	254	485	398	247	34	221	416	470	242	75	581.560	11348	859	323	233	203	191	184	176	168	152	116	154.467	786	174	150	144	139	135	131	126	122	117	104	1	80	1651.965	704.134	0	0	0	5290	0	0	408	0	0	1	72	1652.197	703.745	0	0	0	5858	0	0	442	0	0	0	0	0	0
116	116	844	905.734	711.636	79	170	309	220	45	102	258	324	122	23	173.288	222	204	197	189	183	177	169	163	152	137	107	162.036	211	190	183	178	171	166	159	152	142	127	103	0	0	0.000	0.000	0	0	0	0	0	0	0	0	0	0	0	0.000	0.000	0	0	0	0	0	0	0	0	0	0	0	0	0
117	117	1524	149.910	727.258	279	570	466	152	27	149	399	552	316	74	173.768	1248	193	178	172	167	163	159	154	145	133	108	179.268	265	213	203	195	188	181	174	167	158	140	110	1	35	147.041	717.519	0	0	0	491	0	0	216	0	0	0	0	0.000	0.000	0	0	0	0	0	0	0	0	0	0	0	0	0
118	118	2517	1466.113	749.597	383	641	937	454	65	273	857	940	320	84	539.217	13136	543	265	229	211	201	189	176	160	141	106	406.181	1850	575	500	455	409	370	340	312	263	205	121	1	107	1472.801	738.363	0	0	0	6243	0	0	1139	0	0	1	68	1471.985	738.313	0	0	0	8192	0	0	1382	0	0	0	0	0	0
119	119	1265	1698.496	743.771	151	390	463	215	21	112	487	436	173	28	247.738	2430	256	242	235	229	223	216	204	190	170	124	131.067	304	143	138	134	132	129	127	124	121	115	104	1	30	1714.343	744.471	0	0	0	1275	0	0	216	0	0	1	24	1714.154	743.279	0	0	0	1004	0	0	233	0	0	0	0	0	0
120	120	3005	891.174	759.433	649	1033	1027	227	13	385	671	1121	626	142	1507.067	21612	3129	608	328	254	224	206	189	174	153	110	728.032	5622	1277	673	611	562	509	450	392	334	269	136	2	341	897.737	761.941	13	883.752	732.074	9909	638	0	2515	439	0	1	272	897.600	761.733	0	0	0	13093	0	0	3013	0	0	0	0	0	0
121	121	1062	320.819	748.653	305	443	241	41	17	214	442	310	67	18	118.274	341	124	117	115	113	112	111	109	108	107	101	153.522	195	177	172	168	163	159	153	145	133	119	101	0	0	0.000	0.000	0	0	0	0	0	0	0	0	0	0	0	0.000	0.000	0	0	0	0	0	0	0	0	0	0	0	0	0
122	122	800	1517.284	762.529	81	178	273	200	52	41	141	290	245	63	177.526	231	209	199	191	185	178	171	166	159	145	115	119.088	135	125	123	122	120	119	118	116	115	113	106	0	0	0.000	0.000	0	0	0	0	0	0	0	0	0	0	0	0.000	0.000	0	0	0	0	0	0	0	0	0	0	0	0	0
123	123	1339	1766.311	770.479	190	463	420	203	48	178	649	337	139	13	200.125	1114	244	211	201	193	185	176	167	159	144	107	254.232	513	332	309	289	270	251	235	219	201	178	112	1	32	1772.732	768.307	0	0	0	629	0	0	360	0	0	0	0	0.000	0.000	0	0	0	0	0	0	0	0	0	0	0	0	0
124	124	1095	267.791	770.192	101	318	396	184	69	76	305	477	164	46	153.983	190	172	167	164	161	157	154	148	141	130	107	124.753	151	135	132	130	128	126	124	121	118	112	100	0	0	0.000	0.000	0	0	0	0	0	0	0	0	0	0	0	0.000	0.000	0	0	0	0	0	0	0	0	0	0	0	0	0
125	125	1715	369.504	783.287	433	683	461	96	22	334	596	547	166	42	714.159	1137	934	884	849	815	770	717	654	540	371	139	105.822	121	111	109	107	106	105	104	104	103	102	95	0	0	0.000	0.000	0	0	0	0	0	0	0	0	0	0	0	0.000	0.000	0	0	0	0	0	0	0	0	0	0	0	0	0
126	126	1645	1849.017	787.291	108	343	615	413	130	67	518	661	263	103	1298.642	9885	1718	1375	1258	1169	1094	1021	969	859	718	241	172.879	1309	190	155	147	143	139	136	133	129	124	104	1	44	1860.680	783.352	0	0	0	6474	0	0	751	0	0	1	74	1860.640	784.573	0	0	0	4591	0	0	731	0	0	0	0	0	0
127	127	3065	943.082	798.156	546	645	1223	536	48	440	1090	1129	286	60	353.689	6966	310	251	242	236	229	222	213	196	173	118	612.713	1873	789	752	719	684	642	576	506	430	335	133	1	102	949.195	815.749	0	0	0	3327	0	0	1284	0	0	0	0	0.000	0.000	0	0	0	0	0	0	0	0	0	0	0	0	0
128	128	1666	228.702	796.831	72	394	615	454	101	80	520	592	342	98	386.966	8838	406	202	174	165	158	154	150	145	135	109	188.979	776	221	201	192	184	176	170	163	154	141	108	1	75	240.653	792.324	0	0	0	3825	0	0	430	0	0	1	50	241.385	791.675	0	0	0	4943	0	0	531	0	0	0	0	0	0
129	129	1447	622.112	803.845	1300	73	28	19	18	1324	67	25	14	12	268.350	1116	351	324	303	284	267	251	228	198	162	111	132.334	344	147	141	138	134	131	128	123	118	113	99	0	0	0.000	0.000	0	0	0	0	0	0	0	0	0	1	18	615.888	816.755	0	0	0	557	0	0	241	0	0	0	0	0	0
130	130	1579	286.729	812.891	164	607	520	232	26	257	732	418	124	12	528.693	11785	659	286	215	191	181	174	166	159	151	118	153.504	933	178	145	137	133	129	126	123	121	116	101	1	76	287.842	820.774	0	0	0	5197	0	0	512	0	0	1	72	288.185	820.697	0	0	0	5342	0	0	521	0	0	0	0	0	0
131	131	946	1285.087	808.344	71	185	370	240	57	65	173	453	172	62	380.584	603	504	464	436	409	377	348	323	298	268	144	107.212	122	113	111	109	108	107	105	105	104	103	98	0	0	0.000	0.000	0	0	0	0	0	0	0	0	0	0	0	0.000	0.000	0	0	0	0	0	0	0	0	0	0	0	0	0
132	132	2107	1882.600	827.190	682	917	414	41	27	594	981	452	36	20	4410.510	31465	17673	3535	1804	1463	1203	1057	970	865	681	241	896.246	8644	3331	637	270	190	169	156	148	141	132	107	1	421	1880.012	828.733	0	0	0	17543	0	0	3311	0	0	1	353	1880.465	828.901	0	0	0	21408	0	0	4068	0	0	0	0	0	0
133	133	1894	432.725	817.919	206	798	779	62	14	70	298	894	464	125	380.187	609	507	465	434	401	373	352	327	299	268	142	105.073	117	109	107	106	105	105	104	103	103	102	96	0	0	0.000	0.000	0	0	0	0	0	0	0	0	0	0	0	0.000	0.000	0	0	0	0	0	0	0	0	0	0	0	0	0
134	134	1909	1808.306	827.556	465	916	366	91	36	479	1031	289	61	17	118.089	170	134	126	122	119	116	113	111	109	106	99	134.323	219	181	169	155	135	120	113	109	107	105	99	0	0	0.000	0.000	0	0	0	0	0	0	0	0	0	0	0	0.000	0.000	0	0	0	0	0	0	0	0	0	0	0	0	0
135	135	1968	1538.645	838.009	322	531	633	361	91	345	716	585	256	29	655.585	12767	896	278	237	219	208	201	192	184	167	116	160.534	1302	192	132	125	122	120	118	115	113	110	102	1	125	1544.378	849.786	0	0	0	5360	0	0	616	0	0	1	123	1543.725	849.035	0	0	0	4198	0	0	620	0	0	0	0	0	0
136	136	932	331.013	828.307	245	244	186	191	51	282	411	157	60	10	582.038	976	844	771	726	676	627	581	497	365	216	119	105.216	119	110	108	107	106	105	104	103	102	101	96	0	0	0.000	0.000	0	0	0	0	0	0	0	0	0	0	0	0.000	0.000	0	0	0	0	0	0	0	0	0	0	0	0	0
137	137	1119	259.986	843.994	118	233	430	266	55	105	275	437	221	56	160.235	871	169	163	160	158	155	153	148	143	131	107	171.538	219	193	187	184	180	176	172	166	157	139	107	1	24	252.116	825.456	0	0	0	449	0	0	179	0	0	0	0	0.000	0.000	0	0	0	0	0	0	0	0	0	0	0	0	0
138	138	1712	1194.182	849.099	183	489	608	294	104	220	597	581	211	63	928.601	10742	1116	917	833	768	703	653	599	532	404	172	157.827	1168	171	149	143	138	133	131	127	123	117	101	1	62	1194.195	838.800	0	0	0	5541	0	0	610	0	0	1	66	1194.330	838.426	0	0	0	5225	0	0	580	0	0	0	0	0	0
139	139	1500	462.735	858.896	208	611	426	188	33	216	673	428	138	24	325.064	2185	392	355	335	320	307	293	279	259	225	127	143.036	696	152	144	140	136	133	131	127	124	118	103	1	23	473.281	856.685	0	0	0	1333	0	0	419	0	0	1	44	474.372	856.495	0	0	0	656	0	0	395	0	0	0	0	0	0
140	140	951	417.644	861.410	154	261	373	136	13	97	192	481	141	30	388.860	593	527	488	458	431	407	375	337	298	226	114	105.143	115	109	107	106	106	105	104	103	103	102	96	0	0	0.000	0.000	0	0	0	0	0	0	0	0	0	0	0	0.000	0.000	0	0	0	0	0	0	0	0	0	0	0	0	0
141	141	1330	1560.923	880.375	189	391	387	273	68	197	650	281	148	27	220.724	300	266	255	243	233	221	212	204	195	172	112	119.954	135	128	126	124	122	120	119	117	115	111	101	0	0	0.000	0.000	0	0	0	0	0	0	0	0	0	0	0	0.000	0.000	0	0	0	0	0	0	0	0	0	0	0	0	0
142	142	2031	1013.072	893.088	1272	647	46	26	14	1262	645	60	17	15	852.252	19367	1094	330	224	202	194	187	180	172	154	109	227.257	1702	257	214	203	194	185	176	166	158	137	107	1	118	1011.187	903.931	0	0	0	9211	0	0	839	0	0	1	102	1011.289	903.608	0	0	0	10415	0	0	935	0	0	0	0	0	0
143	143	693	368.808	887.799	94	213	213	115	44	61	190	276	90	62	167.128	222	200	190	183	179	172	165	152	142	126	108	131.020	169	147	142	139	135	132	128	124	120	114	103	0	0	0.000	0.000	0	0	0	0	0	0	0	0	0	0	0	0.000	0.000	0	0	0	0	0	0	0	0	0	0	0	0	0
144	144	509	293.026	894.902	63	116	117	136	63	89	94	166	101	52	300.375	434	384	357	344	329	313	295	274	235	190	137	112.829	125	119	117	116	114	113	112	110	109	106	99	0	0	0.000	0.000	0	0	0	0	0	0	0	0	0	0	0	0.000	0.000	0	0	0	0	0	0	0	0	0	0	0	0	0
145	145	1098	390.433	906.520	269	250	314	201	41	215	320	365	150	23	1619.584	19491	4715	1129	526	348	269	232	207	185	163	115	258.311	1776	551	231	172	155	146	140	134	128	119	100	1	141	389.293	904.420	0	0	0	8895	0	0	855	0	0	1	134	389.244	904.260	0	0	0	9508	0	0	914	0	0	0	0	0	0
146	146	1634	1440.674	910.811	187	244	464	423	279	186	460	573	297	86	194.081	849	230	208	196	190	182	175	168	157	143	113	335.334	527	450	421	396	371	341	312	284	254	207	118	2	21	1454.425	919.883	21	1435.024	909.305	564	497	0	458	425	0	0	0	0.000	0.000	0	0	0	0	0	0	0	0	0	0	0	0	0
147	147	654	211.656	908.472	66	181	183	153	57	41	203	233	129	35	113.806	127	119	117	116	115	114	113	112	110	108	101	131.578	155	143	140	137	134	132	130	127	124	119	106	0	0	0.000	0.000	0	0	0	0	0	0	0	0	0	0	0	0.000	0.000	0	0	0	0	0	0	0	0	0	0	0	0	0
148	148	2034	1348.161	918.019	157	564	894	361	31	122	715	789	335	20	384.800	6258	415	261	242	230	221	212	201	188	173	132	259.477	1172	316	291	272	253	235	219	205	191	175	128	1	91	1334.028	911.771	0	0	0	3200	0	0	705	0	0	1	68	1334.104	911.754	0	0	0	3871	0	0	814	0	0	0	0	0	0
149	149	517	1392.735	908.177	88	145	168	85	18	66	129	192	105	15	165.046	218	189	183	178	174	169	164	158	149	132	110	194.923	252	231	223	218	212	202	193	181	167	146	112	0	0	0.000	0.000	0	0	0	0	0	0	0	0	0	0	0	0.000	0.000	0	0	0	0	0	0	0	0	0	0	0	0	0
150	150	1693	324.789	924.303	250	448	652	271	37	223	477	633	231	96	114.394	135	121	119	117	116	114	113	112	110	108	102	142.663	189	167	159	154	148	143	138	133	126	117	103	0	0	0.000	0.000	0	0	0	0	0	0	0	0	0	0	0	0.000	0.000	0	0	0	0	0	0	0	0	0	0	0	0	0
151	151	1640	642.256	934.130	183	445	615	307	53	179	540	651	191	52	114.191	128	120	118	117	115	114	113	112	110	108	101	342.852	527	483	449	410	373	338	307	280	258	206	116	0	0	0.000	0.000	0	0	0	0	0	0	0	0	0	0	0	0.000	0.000	0	0	0	0	0	0	0	0	0	0	0	0	0
152	152	1882	718.504	938.588	223	406	842	336	30	200	421	884	260	76	188.241	3746	173	161	156	153	149	146	141	135	127	107	130.179	316	143	138	135	132	129	126	122	119	114	102	1	31	699.643	925.528	0	0	0	1616	0	0	218	0	0	1	23	699.568	925.668	0	0	0	2292	0	0	249	0	0	0	0	0	0
153	153	1925	225.278	952.357	206	535	697	393	52	134	512	799	344	100	117.439	133	124	122	120	119	118	116	115	113	111	103	138.777	173	156	151	146	142	138	135	131	127	122	107	0	0	0.000	0.000	0	0	0	0	0	0	0	0	0	0	0	0.000	0.000	0	0	0	0	0	0	0	0	0	0	0	0	0
154	154	2714	1036.508	959.194	349	428	983	722	181	261	680	1170	386	163	350.655	7636	315	252	238	229	219	206	190	171	149	116	239.842	1433	289	270	252	237	224	210	194	174	151	111	1	89	1047.741	955.699	0	0	0	3421	0	0	778	0	0	1	63	1047.999	955.683	0	0	0	4236	0	0	970	0	0	0	0	0	0
155	155	1019	448.345	945.167	214	438	259	73	13	182	322	323	155	22	432.621	4875	592	410	378	342	311	285	258	234	182	112	189.078	1875	259	165	146	139	134	129	122	116	110	98	1	44	446.353	941.263	0	0	0	2283	0	0	985	0	0	1	53	445.940	941.355	0	0	0	1920	0	0	881	0	0	0	0	0	0
156	156	1994	1223.132	955.386	177	590	760	371	70	216	1066	408	238	41	471.824	668	597	577	558	533	504	470	417	351	290	158	154.155	194	178	173	168	163	157	150	142	134	126	109	0	0	0.000	0.000	0	0	0	0	0	0	0	0	0	0	0	0.000	0.000	0	0	0	0	0	0	0	0	0	0	0	0	0
157	157	1924	402.697	959.101	348	487	734	302	31	240	574	718	276	76	182.529	1502	210	195	186	180	174	167	161	152	136	104	134.432	255	151	144	140	136	133	130	127	124	118	105	1	26	403.909	966.917	0	0	0	701	0	0	171	0	0	0	0	0.000	0.000	0	0	0	0	0	0	0	0	0	0	0	0	0
158	158	1173	547.184	959.674	421	342	300	74	13	345	555	224	22	4	114.069	131	122	120	118	116	114	112	110	108	106	99	248.118	423	368	342	321	292	268	231	170	126	112	101	0	0	0.000	0.000	0	0	0	0	0	0	0	0	0	0	0	0.000	0.000	0	0	0	0	0	0	0	0	0	0	0	0	0
159	159	2350	1452.138	969.078	149	571	906	545	125	206	1043	709	289	59	694.699	15962	750	306	247	235	223	208	194	180	157	109	232.640	2239	271	212	199	186	175	164	153	140	116	101	1	125	1446.380	976.929	0	0	0	7116	0	0	1093	0	0	1	120	1445.314	976.729	0	0	0	5896	0	0	1144	0	0	0	0	0	0
160	160	1859	796.897	970.385	315	557	665	257	21	291	705	551	228	40	716.400	1218	1073	980	906	819	738	648	556	446	321	142	164.333	227	203	194	184	174	165	155	145	136	124	106	0	0	0.000	0.000	0	0	0	0	0	0	0	0	0	0	0	0.000	0.000	0	0	0	0	0	0	0	0	0	0	0	0	0
161	161	1730	163.552	972.177	245	611	682	155	12	168	439	796	243	49	170.701	218	198	192	187	181	176	169	161	151	133	105	307.360	438	393	379	364	351	332	307	275	238	171	113	0	0	0.000	0.000	0	0	0	0	0	0	0	0	0	0	0	0.000	0.000	0	0	0	0	0	0	0	0	0	0	0	0	0
162	162	666	751.547	971.281	73	121	167	160	132	71	153	236	145	46	143.449	185	158	152	149	145	144	141	138	134	129	112	126.458	143	135	133	131	129	128	125	123	119	116	103	0	0	0.000	0.000	0	0	0	0	0	0	0	0	0	0	0	0.000	0.000	0	0	0	0	0	0	0	0	0	0	0	0	0
163	163	1729	655.100	980.006	418	456	539	247	41	437	695	377	171	27	120.204	147	129	126	124	122	120	119	116	114	111	103	346.079	564	455	436	417	395	372	345	299	244	184	125	0	0	0.000	0.000	0	0	0	0	0	0	0	0	0	0	0	0.000	0.000	0	0	0	0	0	0	0	0	0	0	0	0	0
164	164	2018	852.132	988.059	205	476	734	468	95	245	777	712	211	36	121.049	143	129	126	124	123	121	119	118	116	113	103	204.008	297	248	233	223	214	205	196	187	176	158	111	0	0	0.000	0.000	0	0	0	0	0	0	0	0	0	0	0	0.000	0.000	0	0	0	0	0	0	0	0	0	0	0	0	0
165	165	1303	604.810	983.515	189	355	436	264	41	232	564	312	153	8	116.335	132	123	121	119	118	116	115	113	112	109	102	316.972	480	425	398	372	344	322	301	278	243	188	120	0	0	0.000	0.000	0	0	0	0	0	0	0	0	0	0	0	0.000	0.000	0	0	0	0	0	0	0	0	0	0	0	0	0
166	166	2207	1647.306	993.153	272	604	820	422	47	336	1038	520	270	21	1099.442	2812	1533	1396	1308	1226	1145	1039	917	781	594	198	125.871	152	138	135	131	129	126	124	121	117	113	101	0	0	0.000	0.000	0	0	0	0	0	0	0	0	0	0	0	0.000	0.000	0	0	0	0	0	0	0	0	0	0	0	0	0
167	167	1187	454.584	988.455	126	375	480	155	27	55	357	505	195	58	114.299	127	120	118	117	115	114	113	112	111	109	101	166.170	208	188	182	176	171	167	163	159	154	143	112	0	0	0.000	0.000	0	0	0	0	0	0	0	0	0	0	0	0.000	0.000	0	0	0	0	0	0	0	0	0	0	0	0	0
168	168	2244	712.072	997.574	798	805	468	107	33	737	790	483	171	30	136.317	200	165	148	140	135	132	129	126	123	119	102	405.611	742	626	521	467	415	368	339	317	301	264	144	0	0	0.000	0.000	0	0	0	0	0	0	0	0	0	0	0	0.000	0.000	0	0	0	0	0	0	0	0	0	0	0	0	0
169	169	1957	1247.648	1010.049	161	786	650	274	59	165	1008	490	219	42	529.903	5804	648	596	554	511	473	430	382	329	274	171	172.558	1557	181	170	163	158	152	146	140	133	125	110	1	36	1235.868	1026.673	0	0	0	3242	0	0	608	0	0	1	46	1236.748	1026.532	0	0	0	2850	0	0	793	0	0	0	0	0	0
170	170	2168	111.511	1001.459	184	385	809	579	168	176	511	771	569	101	1174.700	21593	1777	371	230	196	178	168	160	153	143	107	320.548	1680	404	332	305	288	270	254	235	209	183	105	1	179	98.287	997.567	0	0	0	10327	0	0	922	0	0	1	125	98.544	997.360	0	0	0	14167	0	0	1106	0	0	0	0	0	0
171	171	2815	246.959	1008.580	467	595	1113	493	104	426	821	1106	309	92	366.966	5597	398	293	273	258	244	229	209	188	162	111	794.428	2409	1170	1085	984	873	769	671	588	495	370	129	1	109	236.501	1011.654	0	0	0	2867	0	0	1678	0	0	1	20	235.688	1010.610	0	0	0	4671	0	0	2305	0	0	0	0	0	0
172	172	1880	979.531	1003.345	357	550	581	249	105	502	813	435	81	16	117.949	137	127	124	122	120	117	116	114	112	109	100	536.528	907	749	699	644	603	559	507	453	375	281	128	0	0	0.000	0.000	0	0	0	0	0	0	0	0	0	0	0	0.000	0.000	0	0	0	0	0	0	0	0	0	0	0	0	0
173	173	2421	1072.411	1012.374	297	420	867	607	183	300	691	963	335	86	1253.207	22140	1838	483	305	256	241	230	215	196	170	124	390.931	4176	513	294	269	253	239	225	208	186	159	115	1	206	1064.187	1015.109	0	0	0	9874	0	0	1856	0	0	1	175	1064.130	1015.118	0	0	0	12127	0	0	2167	0	0	0	0	0	0
174	174	1896	338.548	1021.021	188	360	631	495	177	181	385	677	482	128	974.268	17741	1406	575	410	348	308	277	250	221	190	124	144.785	949	169	129	120	116	113	111	110	108	106	99	1	117	334.919	1018.675	0	0	0	8225	0	0	496	0	0	1	126	334.916	1018.786	0	0	0	7958	0	0	474	0	0	0	0	0	0
175	175	3523	190.043	1043.776	684	957	1419	384	14	553	741	1403	587	186	2493.359	30796	6541	863	400	292	263	247	228	202	172	114	1142.936	7398	2227	1138	972	855	737	632	542	439	313	139	1	489	192.965	1051.989	0	0	0	15719	0	0	3726	0	0	1	365	193.253	1052.360	0	0	0	21567	0	0	4902	0	0	0	0	0	0
176	176	556	380.344	1015.296	60	193	196	80	10	71	231	175	56	12	240.432	305	278	270	265	258	250	242	229	211	182	134	111.754	123	118	115	114	113	112	110	109	108	107	102	0	0	0.000	0.000	0	0	0	0	0	0	0	0	0	0	0	0.000	0.000	0	0	0	0	0	0	0	0	0	0	0	0	0
177	177	1981	568.398	1022.043	257	413	781	427	59	248	958	545	170	15	935.754	16762	1391	461	332	292	258	233	219	204	182	117	196.960	1718	253	159	147	140	134	129	126	122	118	99	1	139	571.121	1014.793	0	0	0	8075	0	0	845	0	0	1	133	571.119	1014.723	0	0	0	8422	0	0	866	0	0	0	0	0	0
178	178	1668	806.239	1023.214	164	415	594	416	50	226	694	474	204	41	119.195	139	127	124	123	121	120	118	116	114	111	101	196.956	292	249	234	223	213	202	191	179	163	127	101	0	0	0.000	0.000	0	0	0	0	0	0	0	0	0	0	0	0.000	0.000	0	0	0	0	0	0	0	0	0	0	0	0	0
179	179	1479	481.778	1033.039	154	371	541	328	50	114	413	642	226	58	111.481	139	116	115	113	112	111	110	109	108	107	99	177.882	240	210	199	191	185	179	175	169	161	142	108	0	0	0.000	0.000	0	0	0	0	0	0	0	0	0	0	0	0.000	0.000	0	0	0	0	0	0	0	0	0	0	0	0	0
180	180	1747	868.782	1036.538	133	415	679	387	99	153	609	728	167	59	502.149	12101	494	230	202	194	187	181	173	163	149	110	141.039	562	150	140	136	133	131	128	126	123	119	105	1	80	849.327	1032.678	0	0	0	5729	0	0	309	0	0	1	61	849.641	1032.699	0	0	0	6750	0	0	355	0	0	0	0	0	0
181	181	1402	1616.481	1037.710	193	366	407	326	82	144	461	449	201	110	1133.822	2041	1763	1545	1372	1221	1074	950	858	809	601	264	126.755	156	141	137	133	130	127	124	121	118	112	102	0	0	0.000	0.000	0	0	0	0	0	0	0	0	0	0	0	0.000	0.000	0	0	0	0	0	0	0	0	0	0	0	0	0
182	182	2155	679.528	1040.591	258	507	868	420	64	252	1071	567	187	29	1772.145	21727	3275	864	577	475	406	362	319	278	227	127	209.786	1935	295	154	133	125	120	117	114	111	108	100	1	244	676.406	1037.689	0	0	0	10869	0	0	732	0	0	1	189	676.684	1037.370	0	0	0	15340	0	0	999	0	0	0	0	0	0
183	183	1672	1005.588	1048.511	519	620	333	138	32	658	710	207	50	17	122.554	146	132	129	127	125	123	121	119	116	113	102	447.640	697	615	567	534	501	470	429	382	322	245	126	0	0	0.000	0.000	0	0	0	0	0	0	0	0	0	0	0	0.000	0.000	0	0	0	0	0	0	0	0	0	0	0	0	0
184	184	1589	750.711	1062.205	160	455	697	228	21	127	519	690	190	33	253.164	4825	295	201	180	169	162	155	150	143	134	114	158.699	706	179	167	159	154	147	142	138	133	127	106	1	46	751.609	1065.469	0	0	0	2129	0	0	384	0	0	1	42	750.997	1065.677	0	0	0	2067	0	0	411	0	0	0	0	0	0
185	185	1330	1067.000	1058.582	123	478	446	225	26	152	538	433	159	15	1364.070	18846	3311	836	448	348	306	271	247	233	210	139	284.546	2770	528	213	161	145	137	132	127	122	118	104	1	140	1070.372	1056.196	0	0	0	8239	0	0	1233	0	0	1	133	1070.735	1055.812	0	0	0	8597	0	0	1252	0	0	0	0	0	0
186	186	1156	252.348	1061.451	166	375	396	168	32	140	409	376	172	37	112.524	131	117	115	114	114	113	112	111	110	108	100	156.778	195	174	169	165	162	158	154	150	144	137	112	0	0	0.000	0.000	0	0	0	0	0	0	0	0	0	0	0	0.000	0.000	0	0	0	0	0	0	0	0	0	0	0	0	0
187	187	1766	597.790	1074.856	180	371	754	378	40	160	546	758	233	39	345.815	7067	378	241	214	202	192	185	177	166	153	115	178.745	626	210	194	185	177	169	162	157	151	139	104	1	64	593.075	1075.085	0	0	0	3020	0	0	373	0	0	1	46	593.086	1074.843	0	0	0	4229	0	0	436	0	0	0	0	0	0
188	188	1910	373.890	1073.347	186	372	703	440	177	183	673	759	204	55	154.521	197	176	170	166	161	156	151	145	139	130	108	301.130	475	404	382	359	332	306	279	250	219	188	125	0	0	0.000	0.000	0	0	0	0	0	0	0	0	0	0	0	0.000	0.000	0	0	0	0	0	0	0	0	0	0	0	0	0
189	189	1576	441.371	1078.644	184	419	630	284	37	108	492	750	148	53	121.595	140	130	127	125	123	122	120	118	116	113	101	105.905	119	110	108	107	106	106	105	104	104	103	97	0	0	0.000	0.000	0	0	0	0	0	0	0	0	0	0	0	0.000	0.000	0	0	0	0	0	0	0	0	0	0	0	0	0
190	190	2503	646.316	1090.871	391	867	889	298	16	310	995	871	234	36	972.089	17540	1139	516	428	391	360	333	303	267	214	129	149.479	1101	164	129	123	120	117	114	112	110	108	101	1	152	638.516	1086.460	0	0	0	8443	0	0	547	0	0	1	140	638.341	1086.464	0	0	0	9459	0	0	581	0	0	0	0	0	0
191	191	1112	1108.831	1080.582	547	341	130	54	26	437	360	164	99	28	147.068	200	177	168	158	148	141	136	133	130	126	110	504.586	690	651	629	598	563	524	487	446	394	326	139	0	0	0.000	0.000	0	0	0	0	0	0	0	0	0	0	0	0.000	0.000	0	0	0	0	0	0	0	0	0	0	0	0	0
192	192	2158	141.161	1101.531	860	1053	173	19	16	1023	940	122	18	12	274.848	380	334	316	304	294	284	273	257	235	199	124	106.826	130	111	109	108	107	106	105	105	104	103	98	0	0	0.000	0.000	0	0	0	0	0	0	0	0	0	0	0	0.000	0.000	0	0	0	0	0	0	0	0	0	0	0	0	0
193	193	1321	209.693	1101.673	129	288	472	310	85	147	270	585	225	74	114.646	128	120	118	117	116	115	114	112	111	109	99	171.207	214	194	188	184	180	176	173	168	158	135	106	0	0	0.000	0.000	0	0	0	0	0	0	0	0	0	0	0	0.000	0.000	0	0	0	0	0	0	0	0	0	0	0	0	0
194	194	544	1412.211	1098.016	176	190	115	48	7	153	182	118	57	27	185.750	245	222	209	202	195	188	179	171	161	147	123	168.759	227	203	193	185	177	171	163	154	146	132	110	0	0	0.000	0.000	0	0	0	0	0	0	0	0	0	0	0	0.000	0.000	0	0	0	0	0	0	0	0	0	0	0	0	0
195	195	1478	76.555	1109.534	271	490	430	232	32	181	389	448	297	136	108.591	122	113	111	110	109	108	108	107	106	104	98	124.562	149	138	134	130	127	124	121	118	115	112	103	0	0	0.000	0.000	0	0	0	0	0	0	0	0	0	0	0	0.000	0.000	0	0	0	0	0	0	0	0	0	0	0	0	0
196	196	1674	1511.294	1113.759	206	458	623	300	57	158	716	535	183	48	2937.955	24118	6578	2381	1643	1417	1271	1182	1095	955	740	334	243.612	1967	449	193	151	139	134	131	127	123	118	102	1	200	1512.105	1117.557	0	0	0	13779	0	0	898	0	0	1	178	1511.250	1116.846	0	0	0	14297	0	0	1026	0	0	0	0	0	0
197	197	1967	1358.271	1117.613	247	569	757	296	59	233	557	758	274	105	1219.308	12661	1514	1112	1035	965	893	806	710	610	447	188	156.210	1038	168	142	136	131	128	124	121	118	113	100	1	106	1359.243	1118.524	0	0	0	6930	0	0	565	0	0	1	106	1358.777	1118.531	0	0	0	6930	0	0	565	0	0	0	0	0	0
198	198	1684	404.387	1118.845	243	340	568	390	101	237	553	629	198	34	432.082	10075	479	232	184	173	167	161	155	149	139	109	312.787	1029	411	384	358	330	304	279	256	230	192	111	1	72	395.346	1125.553	0	0	0	4842	0	0	646	0	0	1	21	395.333	1125.014	0	0	0	8515	0	0	875	0	0	0	0	0	0
199	199	2377	1192.345	1141.597	358	872	776	255	46	284	1004	745	270	31	967.312	15757	1375	417	312	285	263	243	222	198	170	123	305.041	2321	399	290	264	241	222	207	192	174	153	113	1	197	1189.994	1145.026	0	0	0	7384	0	0	1081	0	0	1	159	1190.330	1144.498	0	0	0	9410	0	0	1322	0	0	0	0	0	0
200	200	1159	1304.232	1125.420	157	320	372	224	63	155	540	284	136	25	149.961	183	166	162	159	155	152	149	144	137	129	109	149.930	189	172	167	163	158	154	150	142	132	119	105	0	0	0.000	0.000	0	0	0	0	0	0	0	0	0	0	0	0.000	0.000	0	0	0	0	0	0	0	0	0	0	0	0	0
201	201	802	178.964	1136.908	109	281	206	160	33	105	283	255	111	27	250.211	368	318	296	282	270	256	242	228	206	169	125	107.126	117	111	109	108	108	107	106	106	105	104	99	0	0	0.000	0.000	0	0	0	0	0	0	0	0	0	0	0	0.000	0.000	0	0	0	0	0	0	0	0	0	0	0	0	0
202	202	1485	852.382	1145.708	315	412	447	235	54	368	550	403	123	10	598.300	12697	794	299	212	186	175	165	158	148	137	110	224.097	977	275	245	230	219	202	185	173	159	148	113	1	83	846.488	1142.950	0	0	0	5566	0	0	605	0	0	1	70	846.089	1142.091	0	0	0	4704	0	0	637	0	0	0	0	0	0
203	203	554	808.055	1140.184	300	125	55	34	28	315	133	43	42	15	147.850	182	167	160	155	151	148	145	142	137	128	107	206.623	274	249	233	222	214	209	202	191	180	165	126	0	0	0.000	0.000	0	0	0	0	0	0	0	0	0	0	0	0.000	0.000	0	0	0	0	0	0	0	0	0	0	0	0	0
204	204	2662	737.507	1155.161	638	965	838	150	24	516	989	803	253	52	118.810	145	128	125	123	121	119	117	115	112	109	101	925.733	1520	1340	1256	1171	1086	999	876	740	583	378	157	0	0	0.000	0.000	0	0	0	0	0	0	0	0	0	0	0	0.000	0.000	0	0	0	0	0	0	0	0	0	0	0	0	0
205	205	1354	138.482	1155.794	145	225	497	325	137	140	363	547	202	71	199.286	269	231	223	217	210	203	196	188	176	160	115	113.566	130	121	118	116	115	113	112	111	109	107	99	0	0	0.000	0.000	0	0	0	0	0	0	0	0	0	0	0	0.000	0.000	0	0	0	0	0	0	0	0	0	0	0	0	0
206	206	1827	623.652	1168.178	277	581	515	357	62	321	743	506	191	35	296.637	10716	230	160	150	146	142	139	135	130	123	107	163.089	1104	176	168	162	158	154	151	146	138	125	104	1	53	616.281	1149.344	0	0	0	4530	0	0	536	0	0	1	45	616.801	1148.048	0	0	0	3186	0	0	608	0	0	0	0	0	0
207	207	2045	1503.614	1173.060	162	388	789	530	138	71	465	985	356	133	1214.209	14748	1622	1118	939	845	768	705	648	582	445	189	138.271	675	150	132	127	123	121	119	117	115	112	102	1	105	1508.520	1163.274	0	0	0	7633	0	0	383	0	0	1	105	1508.509	1162.852	0	0	0	7633	0	0	383	0	0	0	0	0	0
208	208	1737	1414.056	1167.277	562	703	383	53	16	464	738	368	113	21	115.756	138	123	120	118	117	115	114	113	111	109	102	306.504	529	447	416	384	352	320	284	241	191	140	104	0	0	0.000	0.000	0	0	0	0	0	0	0	0	0	0	0	0.000	0.000	0	0	0	0	0	0	0	0	0	0	0	0	0
209	209	732	1360.201	1162.506	149	262	220	68	19	126	307	223	60	4	575.038	877	800	759	719	680	633	558	484	373	253	120	120.597	140	131	128	126	123	121	119	116	113	109	101	0	0	0.000	0.000	0	0	0	0	0	0	0	0	0	0	0	0.000	0.000	0	0	0	0	0	0	0	0	0	0	0	0	0
210	210	1283	1113.594	1172.786	158	318	429	271	82	149	493	392	170	67	174.717	1699	190	173	166	160	156	152	147	141	132	102	125.754	241	135	131	129	127	125	123	121	118	114	105	1	24	1114.121	1177.035	0	0	0	828	0	0	181	0	0	0	0	0.000	0.000	0	0	0	0	0	0	0	0	0	0	0	0	0
211	211	777	674.381	1172.660	126	280	241	98	15	103	205	251	147	56	111.952	125	118	116	114	113	112	111	109	108	106	100	122.091	160	135	131	127	125	121	119	116	113	109	102	0	0	0.000	0.000	0	0	0	0	0	0	0	0	0	0	0	0.000	0.000	0	0	0	0	0	0	0	0	0	0	0	0	0
212	212	1892	1319.115	1192.082	137	655	730	298	52	106	712	706	271	60	804.756	7731	993	911	848	788	733	677	624	564	475	213	125.824	484	133	129	126	124	121	119	117	115	112	101	1	35	1334.477	1184.028	0	0	0	4494	0	0	224	0	0	1	36	1334.998	1184.513	0	0	0	4221	0	0	303	0	0	0	0	0	0
213	213	786	1609.207	1180.056	71	227	259	175	40	57	263	294	131	30	160.351	204	185	180	175	171	165	160	152	140	125	106	113.015	133	119	117	116	114	113	112	111	109	107	102	0	0	0.000	0.000	0	0	0	0	0	0	0	0	0	0	0	0.000	0.000	0	0	0	0	0	0	0	0	0	0	0	0	0
214	214	959	830.629	1185.832	127	321	343	113	28	148	381	328	67	20	161.192	403	183	171	165	162	158	155	151	147	138	113	214.906	274	248	241	235	229	222	215	202	186	168	128	0	0	0.000	0.000	0	0	0	0	0	0	0	0	0	0	0	0.000	0.000	0	0	0	0	0	0	0	0	0	0	0	0	0
215	215	955	952.585	1192.324	141	253	379	134	29	120	325	340	134	20	388.555	570	487	460	441	423	400	376	351	315	281	151	131.037	156	144	140	137	134	131	128	125	122	118	107	0	0	0.000	0.000	0	0	0	0	0	0	0	0	0	0	0	0.000	0.000	0	0	0	0	0	0	0	0	0	0	0	0	0
216	216	1377	1789.981	1199.827	318	385	443	176	23	264	504	331	187	70	368.752	557	491	457	434	410	377	347	315	276	229	138	116.351	143	128	123	120	118	115	113	111	109	107	101	0	0	0.000	0.000	0	0	0	0	0	0	0	0	0	0	0	0.000	0.000	0	0	0	0	0	0	0	0	0	0	0	0	0
217	217	1043	1447.496	1197.817	166	231	270	280	75	145	359	306	180	31	138.396	163	152	148	146	143	140	137	134	129	121	106	172.035	219	197	191	187	183	178	172	166	150	134	104	0	0	0.000	0.000	0	0	0	0	0	0	0	0	0	0	0	0.000	0.000	0	0	0	0	0	0	0	0	0	0	0	0	0
218	218	842	766.444	1197.096	189	163	252	170	49	185	180	275	153	29	123.669	154	137	133	129	126	123	121	118	114	110	102	782.910	1564	1405	1230	1026	858	729	618	511	404	223	126	0	0	0.000	0.000	0	0	0	0	0	0	0	0	0	0	0	0.000	0.000	0	0	0	0	0	0	0	0	0	0	0	0	0
219	219	1202	1230.162	1204.866	113	425	455	168	20	85	485	411	173	30	150.958	184	166	162	159	156	153	150	147	141	131	108	167.244	214	193	185	179	175	170	165	159	152	139	109	0	0	0.000	0.000	0	0	0	0	0	0	0	0	0	0	0	0.000	0.000	0	0	0	0	0	0	0	0	0	0	0	0	0
220	220	2107	726.301	1214.581	388	536	746	341	60	305	677	728	308	47	117.160	143	128	124	121	118	116	114	112	110	108	101	719.012	1470	1273	1089	930	809	687	561	472	369	228	129	0	0	0.000	0.000	0	0	0	0	0	0	0	0	0	0	0	0.000	0.000	0	0	0	0	0	0	0	0	0	0	0	0	0
221	221	1202	1272.572	1209.935	170	437	379	172	26	173	579	240	148	45	151.308	192	171	164	159	155	151	148	144	140	132	107	322.401	494	425	387	362	339	320	301	282	260	237	129	0	0	0.000	0.000	0	0	0	0	0	0	0	0	0	0	0	0.000	0.000	0	0	0	0	0	0	0	0	0	0	0	0	0
222	222	795	544.936	1208.036	158	181	209	168	67	146	233	251	116	33	144.650	177	161	157	154	150	147	143	138	132	124	106	170.242	220	202	193	186	179	173	166	157	147	135	106	0	0	0.000	0.000	0	0	0	0	0	0	0	0	0	0	0	0.000	0.000	0	0	0	0	0	0	0	0	0	0	0	0	0
223	223	790	1124.755	1212.850	122	306	260	72	12	75	278	273	96	45	161.143	206	183	175	171	166	162	158	153	146	138	110	128.303	150	139	136	134	131	129	127	123	120	116	107	0	0	0.000	0.000	0	0	0	0	0	0	0	0	0	0	0	0.000	0.000	0	0	0	0	0	0	0	0	0	0	0	0	0
224	224	1286	1636.738	1219.718	290	475	338	144	18	202	376	358	216	117	178.565	242	207	199	193	188	183	177	169	158	142	112	115.216	136	122	120	118	117	115	114	112	110	108	101	0	0	0.000	0.000	0	0	0	0	0	0	0	0	0	0	0	0.000	0.000	0	0	0	0	0	0	0	0	0	0	0	0	0
225	225	1666	1407.599	1231.338	434	649	444	107	9	379	722	384	133	19	193.607	3688	186	154	148	144	140	137	134	130	124	105	170.882	287	207	192	183	176	170	164	159	149	136	108	1	43	1423.003	1236.930	0	0	0	1572	0	0	206	0	0	0	0	0.000	0.000	0	0	0	0	0	0	0	0	0	0	0	0	0
226	226	1688	937.475	1235.920	140	390	656	407	67	175	680	557	203	50	543.245	871	683	641	606	571	542	516	491	455	403	172	140.092	174	153	149	146	143	141	138	135	132	127	108	0	0	0.000	0.000	0	0	0	0	0	0	0	0	0	0	0	0.000	0.000	0	0	0	0	0	0	0	0	0	0	0	0	0
227	227	1219	124.555	1230.342	99	197	403	365	130	96	261	568	203	62	136.897	172	153	147	144	141	138	135	131	126	118	105	137.789	181	159	152	146	143	139	136	131	124	110	101	0	0	0.000	0.000	0	0	0	0	0	0	0	0	0	0	0	0.000	0.000	0	0	0	0	0	0	0	0	0	0	0	0	0
228	228	1775	446.626	1239.485	201	471	681	317	62	243	639	561	254	55	1055.461	18901	1768	475	262	213	193	178	165	153	137	110	342.061	1803	461	383	343	306	278	253	226	199	177	117	1	145	437.507	1243.507	0	0	0	8268	0	0	1053	0	0	1	112	437.240	1243.335	0	0	0	11007	0	0	1186	0	0	0	0	0	0
229	229	1402	514.424	1240.636	106	452	508	260	40	92	394	607	202	88	743.718	13998	1248	362	230	194	177	166	158	152	142	111	189.960	1609	252	155	143	135	129	126	123	120	116	105	1	102	506.417	1244.454	0	0	0	6033	0	0	762	0	0	1	96	506.262	1243.654	0	0	0	5110	0	0	800	0	0	0	0	0	0
230	230	1597	893.159	1251.743	169	447	494	378	76	226	527	477	245	107	134.313	528	145	141	138	136	133	131	128	124	118	100	167.523	214	195	188	182	176	170	164	158	148	135	108	1	12	908.085	1263.216	0	0	0	367	0	0	169	0	0	0	0	0.000	0.000	0	0	0	0	0	0	0	0	0	0	0	0	0
231	231	1706	1203.811	1251.396	211	467	548	342	106	210	651	525	235	56	314.096	7327	343	188	170	162	156	151	146	141	133	109	179.634	643	202	192	185	179	172	166	160	153	143	109	1	58	1204.124	1267.449	0	0	0	3225	0	0	308	0	0	1	37	1205.236	1266.484	0	0	0	3172	0	0	448	0	0	0	0	0	0
232	232	1638	1154.014	1252.798	115	533	635	267	58	63	538	654	279	75	432.471	9269	549	249	195	182	175	169	162	153	143	114	152.154	913	168	142	138	134	132	129	126	123	119	102	1	75	1162.591	1253.422	0	0	0	4096	0	0	286	0	0	1	70	1163.844	1253.714	0	0	0	3813	0	0	493	0	0	0	0	0	0
233	233	1470	1363.275	1259.653	183	473	474	265	58	210	607	405	182	44	390.069	1525	484	458	438	421	397	365	330	299	262	147	167.958	544	191	185	180	174	167	159	151	143	134	106	0	0	0.000	0.000	0	0	0	0	0	0	0	0	0	1	16	1364.757	1243.280	0	0	0	713	0	0	373	0	0	0	0	0	0
234	234	1712	1616.732	1260.779	331	857	423	50	18	218	817	420	200	31	1112.367	18503	2127	554	327	261	236	219	205	186	160	111	191.837	1619	272	151	132	126	123	120	118	115	111	101	1	137	1621.439	1254.276	0	0	0	8626	0	0	809	0	0	1	141	1621.909	1253.613	0	0	0	8263	0	0	798	0	0	0	0	0	0
235	235	799	556.197	1262.121	119	218	223	158	65	105	253	241	140	43	153.967	185	172	167	164	160	156	153	148	141	131	108	129.594	157	144	140	137	134	131	127	123	118	112	103	0	0	0.000	0.000	0	0	0	0	0	0	0	0	0	0	0	0.000	0.000	0	0	0	0	0	0	0	0	0	0	0	0	0
236	236	2308	151.639	1282.542	347	454	901	508	67	341	624	847	417	40	267.670	6302	229	188	180	175	170	166	159	149	137	107	197.957	710	229	216	208	200	193	186	179	168	152	111	1	67	139.985	1267.121	0	0	0	2617	0	0	396	0	0	1	38	141.099	1266.258	0	0	0	2617	0	0	519	0	0	0	0	0	0
237	237	501	194.298	1262.779	112	144	122	90	27	103	117	147	98	26	118.016	157	131	125	120	118	116	114	112	110	108	103	124.339	145	136	132	130	127	124	122	119	116	113	102	0	0	0.000	0.000	0	0	0	0	0	0	0	0	0	0	0	0.000	0.000	0	0	0	0	0	0	0	0	0	0	0	0	0
238	238	2148	978.793	1275.096	519	1036	458	74	14	374	952	539	213	30	117.863	133	125	122	121	119	118	117	115	113	111	103	205.849	283	244	231	223	216	210	203	193	180	161	122	0	0	0.000	0.000	0	0	0	0	0	0	0	0	0	0	0	0.000	0.000	0	0	0	0	0	0	0	0	0	0	0	0	0
239	239	1933	734.993	1276.719	361	594	597	291	65	354	835	531	140	29	266.708	406	347	317	296	281	269	258	246	222	179	112	110.434	125	116	114	113	111	110	109	108	107	105	97	0	0	0.000	0.000	0	0	0	0	0	0	0	0	0	0	0	0.000	0.000	0	0	0	0	0	0	0	0	0	0	0	0	0
240	240	2204	402.401	1273.110	205	669	903	362	31	148	896	793	308	24	783.631	17079	976	319	237	216	202	190	182	172	159	115	349.796	1824	428	389	355	322	302	285	265	244	220	124	1	128	404.995	1261.412	0	0	0	8054	0	0	1012	0	0	1	92	405.017	1261.588	0	0	0	10224	0	0	1199	0	0	0	0	0	0
241	241	2082	337.307	1278.527	226	637	861	291	26	215	979	637	185	21	188.902	261	225	213	206	198	191	183	175	164	150	113	306.063	451	393	372	352	331	308	286	267	246	211	132	0	0	0.000	0.000	0	0	0	0	0	0	0	0	0	0	0	0.000	0.000	0	0	0	0	0	0	0	0	0	0	0	0	0
242	242	1062	469.659	1277.765	181	295	322	190	51	157	299	387	160	35	144.169	181	159	155	151	148	145	143	139	134	127	106	141.444	173	160	155	150	146	142	138	133	129	122	105	0	0	0.000	0.000	0	0	0	0	0	0	0	0	0	0	0	0.000	0.000	0	0	0	0	0	0	0	0	0	0	0	0	0
243	243	1207	256.612	1280.488	230	285	292	270	114	177	257	303	309	140	243.505	1172	282	269	259	250	241	233	221	205	179	117	115.467	208	122	119	117	116	114	113	112	110	108	100	1	18	243.962	1288.638	0	0	0	724	0	0	156	0	0	1	19	244.952	1288.656	0	0	0	746	0	0	168	0	0	0	0	0	0
244	244	1376	1316.918	1285.564	108	349	489	285	124	115	527	525	171	16	338.772	844	438	398	370	345	329	316	301	281	243	143	158.739	393	184	175	167	161	156	152	146	141	134	111	0	0	0.000	0.000	0	0	0	0	0	0	0	0	0	0	0	0.000	0.000	0	0	0	0	0	0	0	0	0	0	0	0	0
245	245	1104	521.957	1287.531	159	219	308	293	112	130	238	347	283	83	271.397	3343	388	209	180	169	165	162	158	153	143	107	138.009	481	158	139	133	129	126	124	121	119	115	105	1	58	535.092	1288.405	0	0	0	1520	0	0	201	0	0	1	52	532.942	1288.874	0	0	0	605	0	0	300	0	0	0	0	0	0
246	246	1738	595.647	1293.746	240	367	623	420	61	208	523	629	252	79	334.915	506	431	405	389	373	354	330	304	264	204	117	122.488	142	133	130	128	126	123	121	118	115	110	100	0	0	0.000	0.000	0	0	0	0	0	0	0	0	0	0	0	0.000	0.000	0	0	0	0	0	0	0	0	0	0	0	0	0
247	247	1695	817.090	1297.555	192	518	666	254	33	142	506	747	223	37	1094.667	18729	1734	476	334	301	285	273	258	232	194	120	168.984	1363	208	130	123	120	118	116	114	112	109	100	1	136	826.996	1299.891	0	0	0	8470	0	0	635	0	0	1	127	826.934	1299.835	0	0	0	9018	0	0	679	0	0	0	0	0	0
248	248	716	1041.481	1287.033	376	210	85	25	14	208	233	133	85	43	139.620	198	165	156	150	143	138	133	129	123	117	104	251.390	564	351	322	294	268	244	223	203	181	152	116	0	0	0.000	0.000	0	0	0	0	0	0	0	0	0	0	0	0.000	0.000	0	0	0	0	0	0	0	0	0	0	0	0	0
249	249	1586	1147.203	1300.306	151	329	584	404	84	86	410	769	258	32	118.412	135	125	123	121	120	119	117	116	114	111	101	135.423	164	150	145	142	139	136	133	130	126	120	103	0	0	0.000	0.000	0	0	0	0	0	0	0	0	0	0	0	0.000	0.000	0	0	0	0	0	0	0	0	0	0	0	0	0
250	250	2124	1360.489	1306.542	1089	653	250	77	22	1022	763	240	47	14	280.572	1042	413	336	299	274	254	236	217	193	157	111	124.593	198	156	139	127	121	117	114	112	110	107	98	1	65	1370.256	1313.374	0	0	0	754	0	0	159	0	0	1	41	1370.542	1312.984	0	0	0	810	0	0	167	0	0	0	0	0	0
251	251	1719	216.462	1305.792	410	418	508	297	57	370	646	477	159	39	118.468	139	127	124	122	120	118	117	115	113	110	101	150.479	220	185	173	165	158	149	141	134	126	118	103	0	0	0.000	0.000	0	0	0	0	0	0	0	0	0	0	0	0.000	0.000	0	0	0	0	0	0	0	0	0	0	0	0	0
252	252	1391	893.540	1306.950	100	299	524	327	121	89	614	449	172	36	499.954	12522	673	248	176	154	147	142	137	132	126	105	219.201	1547	266	223	206	191	181	172	165	157	149	118	1	66	902.305	1302.922	0	0	0	5226	0	0	756	0	0	1	52	902.917	1302.698	0	0	0	6917	0	0	853	0	0	0	0	0	0
253	253	1607	434.020	1314.752	187	443	561	338	48	273	564	541	169	36	298.691	6949	288	179	165	157	151	146	142	137	130	114	148.627	555	165	155	148	143	139	135	131	128	124	107	1	54	429.025	1302.508	0	0	0	3142	0	0	354	0	0	1	47	428.983	1302.613	0	0	0	3517	0	0	372	0	0	0	0	0	0
254	254	883	1551.672	1308.350	133	309	311	97	19	132	304	288	129	11	428.462	641	582	554	521	488	454	416	372	314	218	113	121.984	145	133	130	127	125	123	120	118	114	109	101	0	0	0.000	0.000	0	0	0	0	0	0	0	0	0	0	0	0.000	0.000	0	0	0	0	0	0	0	0	0	0	0	0	0
255	255	1085	1273.851	1311.231	79	314	387	255	31	29	317	409	180	125	115.765	133	123	121	119	117	116	114	113	111	108	102	161.888	206	190	182	176	170	164	156	150	142	132	106	0	0	0.000	0.000	0	0	0	0	0	0	0	0	0	0	0	0.000	0.000	0	0	0	0	0	0	0	0	0	0	0	0	0
256	256	1608	301.106	1314.343	420	921	203	17	16	502	935	116	12	11	667.402	14102	971	332	232	199	183	175	169	161	148	106	163.599	948	186	152	145	140	136	132	128	124	119	106	1	91	294.077	1304.625	0	0	0	6247	0	0	531	0	0	1	91	294.452	1304.347	0	0	0	6247	0	0	531	0	0	0	0	0	0
257	257	1686	1598.194	1322.826	240	506	547	295	71	276	753	421	169	35	604.099	14046	786	288	191	170	162	155	145	134	123	103	226.665	1814	259	221	210	201	190	177	166	151	133	104	1	83	1591.484	1317.069	0	0	0	6492	0	0	828	0	0	1	67	1591.339	1317.134	0	0	0	8120	0	0	996	0	0	0	0	0	0
258	258	565	998.399	1314.663	271	162	81	28	17	280	186	67	14	14	136.949	162	152	148	145	141	138	135	132	127	119	106	218.019	300	265	257	250	244	236	223	200	170	136	114	0	0	0.000	0.000	0	0	0	0	0	0	0	0	0	0	0	0.000	0.000	0	0	0	0	0	0	0	0	0	0	0	0	0
259	259	1074	1059.392	1326.076	114	346	285	233	63	175	343	327	160	46	129.659	220	148	141	135	130	127	124	121	117	112	102	229.077	1288	292	243	225	210	196	181	169	154	129	105	1	15	1064.195	1333.219	0	0	0	196	0	0	1065	0	0	1	57	1063.637	1332.854	0	0	0	165	0	0	756	0	0	0	0	0	0
260	260	2220	540.427	1335.176	325	512	889	386	70	314	798	744	268	50	2877.641	12096	4361	3921	3460	3051	2689	2296	1962	1672	1387	390	116.004	143	126	123	120	117	115	113	111	109	107	99	1	30	532.259	1338.938	0	0	0	9857	0	0	131	0	0	0	0	0.000	0.000	0	0	0	0	0	0	0	0	0	0	0	0	0
261	261	1281	759.900	1326.464	149	582	423	90	10	90	333	564	239	31	280.039	396	346	324	309	296	285	273	260	243	205	119	107.639	120	111	110	109	108	108	107	106	105	104	99	0	0	0.000	0.000	0	0	0	0	0	0	0	0	0	0	0	0.000	0.000	0	0	0	0	0	0	0	0	0	0	0	0	0
262	262	1762	1204.470	1328.499	217	908	515	71	9	274	1109	302	41	8	122.559	568	131	126	123	121	119	117	116	114	112	101	139.365	240	158	150	145	141	138	135	132	128	124	104	1	21	1216.860	1324.856	0	0	0	268	0	0	169	0	0	0	0	0.000	0.000	0	0	0	0	0	0	0	0	0	0	0	0	0
263	263	1522	258.999	1340.106	128	362	610	321	74	71	434	659	240	87	392.997	577	488	458	440	422	404	384	361	331	279	149	113.433	127	120	117	116	115	113	112	111	109	108	100	0	0	0.000	0.000	0	0	0	0	0	0	0	0	0	0	0	0.000	0.000	0	0	0	0	0	0	0	0	0	0	0	0	0
264	264	2055	1312.229	1346.286	304	646	600	376	91	305	833	554	283	45	153.080	2146	156	137	131	127	124	121	119	116	113	101	181.678	347	212	202	195	189	184	177	168	159	145	113	1	42	1316.260	1356.286	0	0	0	1004	0	0	214	0	0	0	0	0.000	0.000	0	0	0	0	0	0	0	0	0	0	0	0	0
265	265	832	858.642	1335.850	28	194	342	177	72	67	357	269	91	36	110.559	124	116	114	113	112	111	109	108	107	105	100	218.338	286	260	250	240	231	223	211	198	186	170	131	0	0	0.000	0.000	0	0	0	0	0	0	0	0	0	0	0	0.000	0.000	0	0	0	0	0	0	0	0	0	0	0	0	0
266	266	2484	122.502	1352.148	245	582	1070	467	74	171	613	1155	396	96	657.052	15735	678	286	215	191	182	174	166	155	141	109	236.533	1490	282	240	224	211	199	190	180	168	150	113	1	133	113.389	1358.203	0	0	0	6984	0	0	779	0	0	1	111	113.454	1357.918	0	0	0	8389	0	0	888	0	0	0	0	0	0
267	267	1398	1251.418	1354.902	339	433	434	153	22	354	598	305	108	15	420.132	8101	563	278	219	195	182	169	158	147	133	110	389.873	5651	552	312	263	240	223	207	190	172	148	115	1	69	1251.536	1352.833	0	0	0	3384	0	0	2501	0	0	1	71	1251.968	1352.940	0	0	0	3265	0	0	2501	0	0	0	0	0	0
268	268	1639	447.110	1364.079	255	406	555	301	81	238	502	581	228	54	531.397	11198	711	336	265	244	233	220	205	189	153	115	139.979	964	157	127	121	118	116	113	112	110	107	99	1	71	438.202	1366.962	0	0	0	5018	0	0	504	0	0	1	74	437.865	1366.668	0	0	0	4700	0	0	494	0	0	0	0	0	0
269	269	1464	216.005	1362.607	327	317	382	319	95	282	405	413	232	95	787.970	8210	1073	755	677	611	544	503	470	416	320	186	160.474	1222	205	142	131	126	122	119	117	114	111	101	1	73	218.424	1366.998	0	0	0	4066	0	0	542	0	0	1	89	219.170	1367.257	0	0	0	3612	0	0	574	0	0	0	0	0	0
270	270	2059	631.755	1369.224	617	1076	312	21	5	471	1090	380	75	8	432.102	728	594	543	496	459	431	406	384	338	258	116	125.618	155	138	134	131	129	127	124	120	117	112	101	0	0	0.000	0.000	0	0	0	0	0	0	0	0	0	0	0	0.000	0.000	0	0	0	0	0	0	0	0	0	0	0	0	0
271	271	1407	1084.107	1365.217	417	477	379	89	25	430	564	265	96	16	127.280	159	141	137	134	131	128	125	121	117	112	103	130.398	219	145	138	134	132	129	126	123	119	114	104	0	0	0.000	0.000	0	0	0	0	0	0	0	0	0	0	0	0.000	0.000	0	0	0	0	0	0	0	0	0	0	0	0	0
272	272	775	349.490	1359.090	177	170	174	196	49	198	232	219	92	17	211.190	782	249	227	216	210	203	196	186	175	161	119	165.667	272	195	183	175	169	165	160	156	149	136	109	1	17	346.718	1344.143	0	0	0	544	0	0	234	0	0	0	0	0.000	0.000	0	0	0	0	0	0	0	0	0	0	0	0	0
273	273	1819	309.674	1368.177	241	551	647	298	40	160	689	604	260	77	1071.978	17286	1667	587	455	415	384	354	328	295	242	116	146.719	836	176	128	122	119	116	114	112	110	108	99	1	133	314.130	1365.003	0	0	0	7904	0	0	391	0	0	1	134	314.633	1363.716	0	0	0	5328	0	0	458	0	0	0	0	0	0
274	274	1940	170.286	1379.882	465	609	589	190	62	416	893	457	112	31	117.091	138	124	122	120	119	118	116	114	112	109	100	267.984	416	368	342	317	290	268	248	225	201	167	109	0	0	0.000	0.000	0	0	0	0	0	0	0	0	0	0	0	0.000	0.000	0	0	0	0	0	0	0	0	0	0	0	0	0
275	275	2376	505.257	1384.273	351	472	884	522	91	323	880	766	316	42	2590.924	4694	3922	3602	3343	3055	2665	2252	1946	1687	1082	268	115.919	140	127	123	120	117	116	114	111	109	106	99	0	0	0.000	0.000	0	0	0	0	0	0	0	0	0	0	0	0.000	0.000	0	0	0	0	0	0	0	0	0	0	0	0	0
276	276	1424	1201.217	1374.228	136	367	492	320	75	138	503	482	233	40	202.064	256	233	225	220	213	207	198	190	179	166	120	207.661	264	242	236	230	221	213	204	195	181	162	116	0	0	0.000	0.000	0	0	0	0	0	0	0	0	0	0	0	0.000	0.000	0	0	0	0	0	0	0	0	0	0	0	0	0
277	277	558	250.107	1383.020	68	219	194	58	13	70	299	138	30	4	365.995	520	464	437	415	396	383	357	330	303	247	132	127.022	144	137	135	132	130	128	126	123	120	115	102	0	0	0.000	0.000	0	0	0	0	0	0	0	0	0	0	0	0.000	0.000	0	0	0	0	0	0	0	0	0	0	0	0	0
278	278	524	1275.879	1389.481	75	179	146	85	32	40	205	188	60	14	111.435	126	117	115	114	112	111	110	109	108	106	101	153.866	188	175	170	166	162	158	154	147	137	123	107	0	0	0.000	0.000	0	0	0	0	0	0	0	0	0	0	0	0.000	0.000	0	0	0	0	0	0	0	0	0	0	0	0	0
279	279	1561	1315.919	1402.853	224	686	480	116	16	149	614	451	252	64	119.909	612	123	120	118	117	116	115	113	112	110	101	175.631	244	211	198	190	183	177	170	161	151	141	107	1	25	1331.862	1414.784	0	0	0	286	0	0	164	0	0	0	0	0.000	0.000	0	0	0	0	0	0	0	0	0	0	0	0	0
280	280	1976	1004.579	1408.253	308	566	671	342	49	181	645	734	319	54	112.926	129	118	117	115	114	113	112	111	109	108	101	108.116	124	114	111	110	109	108	107	106	105	104	96	0	0	0.000	0.000	0	0	0	0	0	0	0	0	0	0	0	0.000	0.000	0	0	0	0	0	0	0	0	0	0	0	0	0
281	281	1007	811.589	1402.570	174	268	354	162	28	143	331	344	130	41	111.241	127	117	115	113	112	111	110	109	107	106	100	200.267	289	257	243	227	215	201	188	175	160	141	106	0	0	0.000	0.000	0	0	0	0	0	0	0	0	0	0	0	0.000	0.000	0	0	0	0	0	0	0	0	0	0	0	0	0
282	282	1622	281.392	1410.579	137	324	632	424	76	154	556	586	239	47	332.663	492	421	395	376	359	340	324	303	272	229	122	121.002	145	131	128	125	123	121	119	117	114	110	100	0	0	0.000	0.000	0	0	0	0	0	0	0	0	0	0	0	0.000	0.000	0	0	0	0	0	0	0	0	0	0	0	0	0
283	283	1433	216.044	1410.684	290	397	407	279	29	264	539	358	204	39	502.338	735	639	606	574	547	522	500	473	420	311	149	119.927	144	131	127	124	122	120	118	115	113	110	101	0	0	0.000	0.000	0	0	0	0	0	0	0	0	0	0	0	0.000	0.000	0	0	0	0	0	0	0	0	0	0	0	0	0
284	284	2021	1537.516	1419.659	533	599	587	232	31	555	900	399	120	12	119.877	142	128	126	124	122	120	118	116	114	111	102	321.078	569	474	438	393	354	317	284	249	215	173	117	0	0	0.000	0.000	0	0	0	0	0	0	0	0	0	0	0	0.000	0.000	0	0	0	0	0	0	0	0	0	0	0	0	0
285	285	1668	437.817	1412.295	364	580	529	152	17	363	797	391	84	12	932.416	14938	1229	579	521	484	457	427	393	330	219	114	161.423	1374	188	134	127	124	121	118	116	112	108	98	1	98	437.683	1401.130	0	0	0	6962	0	0	652	0	0	1	98	438.321	1401.019	0	0	0	6962	0	0	652	0	0	0	0	0	0
286	286	1786	934.071	1425.971	220	585	596	297	53	215	830	495	192	16	386.796	8872	423	224	193	185	179	173	164	155	141	115	170.536	1103	186	169	163	156	150	145	138	132	123	106	1	72	930.704	1435.290	0	0	0	3934	0	0	566	0	0	1	58	930.502	1435.234	0	0	0	4418	0	0	616	0	0	0	0	0	0
287	287	996	1490.763	1418.946	256	314	233	138	38	188	319	269	139	65	122.484	145	132	128	125	124	122	120	119	117	114	105	165.529	215	192	184	179	176	171	164	156	143	130	108	0	0	0.000	0.000	0	0	0	0	0	0	0	0	0	0	0	0.000	0.000	0	0	0	0	0	0	0	0	0	0	0	0	0
288	288	1782	1244.108	1421.698	487	556	498	186	17	355	672	434	236	62	117.338	137	127	124	122	120	117	115	113	110	107	100	267.483	430	362	334	312	294	276	256	234	202	149	111	0	0	0.000	0.000	0	0	0	0	0	0	0	0	0	0	0	0.000	0.000	0	0	0	0	0	0	0	0	0	0	0	0	0
289	289	1962	1430.531	1419.570	173	534	733	387	94	165	714	709	251	79	217.628	4561	228	181	170	163	157	153	148	142	134	112	181.311	608	231	209	194	182	173	165	158	151	136	106	1	35	1427.140	1412.876	0	0	0	2040	0	0	363	0	0	1	24	1427.605	1411.364	0	0	0	1538	0	0	474	0	0	0	0	0	0
290	290	1155	1193.325	1418.615	142	305	417	250	24	140	531	295	139	22	189.801	355	216	208	203	199	194	189	182	170	152	109	127.293	146	136	134	132	130	129	127	125	122	116	100	0	0	0.000	0.000	0	0	0	0	0	0	0	0	0	0	0	0.000	0.000	0	0	0	0	0	0	0	0	0	0	0	0	0
291	291	2106	332.995	1431.611	403	658	628	347	36	410	661	626	320	44	821.656	12935	911	599	543	506	479	450	410	370	316	149	187.791	2174	198	146	140	137	134	131	128	125	120	105	1	99	320.208	1437.793	0	0	0	6518	0	0	1002	0	0	1	92	320.541	1437.451	0	0	0	7253	0	0	1054	0	0	0	0	0	0
292	292	1122	387.822	1421.071	272	482	276	67	13	241	530	233	80	11	447.512	643	582	551	515	472	439	421	405	382	314	130	129.877	156	143	139	136	133	129	127	124	121	117	103	0	0	0.000	0.000	0	0	0	0	0	0	0	0	0	0	0	0.000	0.000	0	0	0	0	0	0	0	0	0	0	0	0	0
293	293	1587	1143.803	1422.827	110	489	518	304	126	198	754	430	164	14	762.552	16586	798	313	256	240	228	217	202	190	173	122	163.195	1175	174	149	145	141	138	134	131	127	122	105	1	135	1148.115	1408.323	0	0	0	7562	0	0	548	0	0	0	0	0.000	0.000	0	0	0	0	0	0	0	0	0	0	0	0	0
294	294	1642	1291.712	1444.799	366	517	494	198	31	349	654	461	146	9	120.416	141	129	126	124	122	120	119	117	114	112	102	276.308	382	339	327	317	306	294	279	257	225	180	111	0	0	0.000	0.000	0	0	0	0	0	0	0	0	0	0	0	0.000	0.000	0	0	0	0	0	0	0	0	0	0	0	0	0
295	295	1154	556.929	1440.914	536	262	203	109	31	460	298	268	100	10	158.503	1021	186	154	146	142	138	135	130	123	116	105	423.858	2368	557	512	493	470	437	389	320	218	139	109	1	40	556.625	1450.703	0	0	0	542	0	0	1212	0	0	1	23	554.844	1450.159	0	0	0	493	0	0	1798	0	0	0	0	0	0
296	296	2531	109.062	1466.875	520	803	820	301	47	371	1028	715	310	52	110.960	126	116	114	113	112	111	110	109	107	106	98	140.321	177	159	154	150	146	142	138	134	127	117	101	0	0	0.000	0.000	0	0	0	0	0	0	0	0	0	0	0	0.000	0.000	0	0	0	0	0	0	0	0	0	0	0	0	0
297	297	1338	1022.218	1459.627	182	444	451	209	9	201	494	357	192	72	113.821	129	119	117	116	115	114	113	112	110	108	101	107.176	122	111	110	109	108	107	106	106	105	103	99	0	0	0.000	0.000	0	0	0	0	0	0	0	0	0	0	0	0.000	0.000	0	0	0	0	0	0	0	0	0	0	0	0	0
298	298	1758	973.634	1463.548	307	762	555	97	16	174	538	683	250	78	112.641	126	118	116	115	114	112	111	110	109	107	101	106.777	120	111	109	108	107	106	106	105	104	103	97	0	0	0.000	0.000	0	0	0	0	0	0	0	0	0	0	0	0.000	0.000	0	0	0	0	0	0	0	0	0	0	0	0	0
299	299	891	375.769	1460.507	125	313	279	141	15	203	379	212	68	17	151.498	190	167	164	160	157	154	151	147	141	129	109	162.967	204	186	180	176	172	167	162	155	146	131	105	0	0	0.000	0.000	0	0	0	0	0	0	0	0	0	0	0	0.000	0.000	0	0	0	0	0	0	0	0	0	0	0	0	0
300	300	1067	230.123	1461.608	420	252	205	127	52	346	306	243	137	21	359.963	3996	694	287	199	162	147	140	133	128	119	105	379.203	2314	613	367	329	300	283	269	245	214	180	124	1	98	235.908	1458.443	0	0	0	1944	0	0	1231	0	0	1	85	236.148	1458.579	0	0	0	2027	0	0	1402	0	0	0	0	0	0
301	301	1615	273.732	1475.209	344	650	429	142	21	237	628	436	211	69	715.492	13287	1108	376	242	194	179	170	163	155	141	112	234.492	1708	302	209	192	185	177	170	164	156	145	112	1	114	272.110	1481.891	0	0	0	5836	0	0	805	0	0	1	103	272.591	1482.070	0	0	0	6638	0	0	888	0	0	0	0	0	0
302	302	521	1122.415	1468.289	70	218	155	53	15	41	215	189	49	14	210.226	272	236	231	224	220	215	209	202	192	175	136	110.683	123	116	114	112	112	111	109	108	107	106	101	0	0	0.000	0.000	0	0	0	0	0	0	0	0	0	0	0	0.000	0.000	0	0	0	0	0	0	0	0	0	0	0	0	0
303	303	678	1381.438	1468.001	142	235	204	73	17	88	256	240	61	21	150.386	181	166	161	157	154	151	148	145	141	134	115	148.479	179	165	161	158	155	152	148	144	137	125	107	0	0	0.000	0.000	0	0	0	0	0	0	0	0	0	0	0	0.000	0.000	0	0	0	0	0	0	0	0	0	0	0	0	0
304	304	1091	321.864	1473.945	167	264	318	243	79	142	330	356	182	68	173.104	1059	189	179	174	169	165	160	154	148	135	106	176.371	342	208	199	191	183	176	170	163	155	138	104	1	24	324.393	1485.784	0	0	0	548	0	0	251	0	0	0	0	0.000	0.000	0	0	0	0	0	0	0	0	0	0	0	0	0
305	305	1119	551.112	1488.094	569	244	157	121	15	400	227	286	142	46	143.256	225	160	156	153	150	146	142	135	129	120	106	475.847	763	660	620	598	576	542	479	391	289	179	116	0	0	0.000	0.000	0	0	0	0	0	0	0	0	0	0	0	0.000	0.000	0	0	0	0	0	0	0	0	0	0	0	0	0
306	306	692	1141.326	1493.113	45	179	235	184	40	33	233	256	112	39	213.423	315	263	244	230	219	209	197	191	184	176	141	106.665	123	111	109	108	107	106	106	105	104	103	95	0	0	0.000	0.000	0	0	0	0	0	0	0	0	0	0	0	0.000	0.000	0	0	0	0	0	0	0	0	0	0	0	0	0
307	307	2438	350.631	1507.631	276	626	919	474	90	241	777	884	424	70	975.751	19298	1328	371	234	197	183	171	160	149	133	104	301.640	3663	384	221	198	183	171	162	153	144	130	105	1	167	340.172	1508.911	0	0	0	9580	0	0	1732	0	0	1	163	340.288	1508.902	0	0	0	9929	0	0	1753	0	0	0	0	0	0
308	308	1053	223.422	1508.464	454	214	201	144	32	411	243	201	142	43	134.796	217	150	145	142	139	136	132	128	122	115	102	293.130	474	381	364	344	321	298	281	257	228	187	121	0	0	0.000	0.000	0	0	0	0	0	0	0	0	0	0	0	0.000	0.000	0	0	0	0	0	0	0	0	0	0	0	0	0
309	309	1916	422.165	1513.702	218	899	620	133	12	103	600	819	267	101	300.504	5496	333	228	202	192	186	178	171	162	149	113	183.554	1380	203	186	175	165	156	150	144	138	131	105	1	68	422.302	1506.901	0	0	0	2524	0	0	545	0	0	1	66	423.164	1506.638	0	0	0	2524	0	0	719	0	0	0	0	0	0
310	310	658	1800.868	1518.419	143	268	162	49	16	152	271	165	45	18	113.403	127	119	117	116	114	113	112	111	110	108	102	190.725	229	210	204	200	196	193	190	185	179	168	129	0	0	0.000	0.000	0	0	0	0	0	0	0	0	0	0	0	0.000	0.000	0	0	0	0	0	0	0	0	0	0	0	0	0
311	311	2036	114.461	1537.962	367	865	638	103	27	168	748	670	335	71	740.612	14132	973	396	293	261	245	228	211	191	169	108	187.674	1590	225	159	150	145	140	134	129	124	118	105	1	120	109.745	1534.528	0	0	0	6745	0	0	821	0	0	1	109	110.056	1534.412	0	0	0	7514	0	0	845	0	0	0	0	0	0
312	312	683	1143.061	1519.081	227	161	163	105	18	149	225	184	82	27	208.455	312	266	253	240	230	219	203	180	158	137	111	108.151	120	114	111	110	109	108	107	106	105	104	98	0	0	0.000	0.000	0	0	0	0	0	0	0	0	0	0	0	0.000	0.000	0	0	0	0	0	0	0	0	0	0	0	0	0
313	313	1517	260.097	1539.530	209	314	447	407	108	151	327	538	313	157	221.711	320	285	266	249	232	217	206	196	186	168	116	104.117	115	108	106	105	104	104	103	102	102	101	95	0	0	0.000	0.000	0	0	0	0	0	0	0	0	0	0	0	0.000	0.000	0	0	0	0	0	0	0	0	0	0	0	0	0
314	314	1564	1024.540	1547.020	594	442	306	150	51	630	525	249	106	28	351.912	600	502	443	407	378	360	345	307	240	183	114	113.853	133	122	119	117	115	113	112	110	108	106	101	0	0	0.000	0.000	0	0	0	0	0	0	0	0	0	0	0	0.000	0.000	0	0	0	0	0	0	0	0	0	0	0	0	0
315	315	1764	1260.430	1563.813	233	483	624	327	56	221	719	572	201	23	398.080	10235	454	222	184	172	165	160	154	147	137	107	156.264	1049	165	153	147	143	139	135	131	126	120	101	1	65	1271.733	1563.362	0	0	0	4384	0	0	514	0	0	1	56	1271.682	1562.561	0	0	0	3756	0	0	548	0	0	0	0	0	0
316	316	1585	677.032	1561.915	107	390	634	361	64	102	655	568	180	36	331.914	8268	356	213	186	177	170	163	156	146	134	104	127.834	603	136	127	122	120	117	116	114	111	109	101	1	48	680.609	1567.395	0	0	0	3908	0	0	328	0	0	1	50	681.082	1567.521	0	0	0	3874	0	0	328	0	0	0	0	0	0
317	317	2120	173.333	1586.722	330	726	633	345	58	318	789	579	339	57	446.375	11553	471	228	189	173	164	158	151	144	134	107	146.788	924	164	141	134	130	125	122	119	115	112	103	1	84	168.019	1583.900	0	0	0	5232	0	0	503	0	0	1	91	168.044	1583.976	0	0	0	4832	0	0	492	0	0	0	0	0	0
318	318	1655	245.286	1594.856	131	457	582	388	58	176	462	563	305	119	241.074	391	320	290	268	250	234	224	214	198	169	110	106.167	122	112	109	107	106	105	105	104	103	102	97	0	0	0.000	0.000	0	0	0	0	0	0	0	0	0	0	0	0.000	0.000	0	0	0	0	0	0	0	0	0	0	0	0	0
319	319	1337	126.864	1594.154	142	358	493	282	35	92	401	517	248	54	209.019	293	259	244	232	222	212	203	191	178	155	106	135.771	167	155	150	145	140	135	131	128	123	117	101	0	0	0.000	0.000	0	0	0	0	0	0	0	0	0	0	0	0.000	0.000	0	0	0	0	0	0	0	0	0	0	0	0	0
320	320	1047	640.250	1594.432	185	335	373	118	13	117	407	340	138	21	156.127	201	177	172	168	164	160	154	148	139	128	106	119.443	141	130	127	124	122	119	117	114	112	108	100	0	0	0.000	0.000	0	0	0	0	0	0	0	0	0	0	0	0.000	0.000	0	0	0	0	0	0	0	0	0	0	0	0	0
321	321	1259	1224.480	1603.215	347	499	356	26	12	204	497	329	171	33	152.753	200	175	169	164	160	155	151	145	137	125	104	129.938	158	144	140	137	134	130	127	124	120	113	102	0	0	0.000	0.000	0	0	0	0	0	0	0	0	0	0	0	0.000	0.000	0	0	0	0	0	0	0	0	0	0	0	0	0
322	322	1400	173.120	1645.416	276	427	394	245	27	217	505	380	210	60	163.255	1219	184	167	160	156	152	148	142	135	126	104	123.034	170	137	131	128	125	122	119	117	114	111	103	1	30	176.128	1640.334	0	0	0	499	0	0	139	0	0	0	0	0.000	0.000	0	0	0	0	0	0	0	0	0	0	0	0	0
323	323	2307	1510.198	1649.197	287	729	723	384	134	242	807	761	302	144	1219.219	1979	1694	1555	1467	1376	1279	1183	1079	875	626	196	132.717	169	149	144	140	137	133	130	126	121	115	101	0	0	0.000	0.000	0	0	0	0	0	0	0	0	0	0	0	0.000	0.000	0	0	0	0	0	0	0	0	0	0	0	0	0
324	324	3253	805.673	1691.633	1211	1531	394	38	19	1042	1594	466	70	27	688.496	14195	758	242	187	174	166	158	150	141	131	103	563.933	4425	741	603	541	494	452	402	360	311	233	121	1	208	812.488	1699.658	0	0	0	6816	0	0	2235	0	0	1	163	812.586	1699.608	0	0	0	9027	0	0	2708	0	0	0	0	0	0
325	325	2020	1148.991	1692.384	409	791	595	178	4	243	600	660	356	112	363.180	10684	366	177	138	131	128	125	122	119	115	102	274.903	2080	324	298	273	254	237	220	208	190	166	127	1	74	1154.441	1702.996	0	0	0	4311	0	0	1027	0	0	1	68	1154.157	1702.926	0	0	0	4993	0	0	1142	0	0	0	0	0	0
326	326	1402	1191.430	1683.770	288	398	343	244	106	396	542	276	143	16	125.223	152	136	134	131	129	126	123	120	117	112	102	248.200	358	325	308	291	272	253	233	211	190	163	110	0	0	0.000	0.000	0	0	0	0	0	0	0	0	0	0	0	0.000	0.000	0	0	0	0	0	0	0	0	0	0	0	0	0
327	327	759	463.670	1688.688	175	269	183	87	31	110	233	237	128	38	144.912	182	164	157	153	149	145	142	138	133	125	107	120.711	142	132	128	126	123	120	118	116	113	110	103	0	0	0.000	0.000	0	0	0	0	0	0	0	0	0	0	0	0.000	0.000	0	0	0	0	0	0	0	0	0	0	0	0	0
328	328	1405	506.331	1700.883	170	360	441	335	75	146	398	479	272	89	156.915	861	172	166	161	157	153	149	146	141	134	107	120.517	178	130	127	124	122	120	118	116	114	111	102	0	0	0.000	0.000	0	0	0	0	0	0	0	0	0	0	0	0.000	0.000	0	0	0	0	0	0	0	0	0	0	0	0	0
329	329	1827	1499.724	1706.590	560	737	393	82	20	383	806	401	184	23	1139.654	1824	1534	1413	1337	1257	1175	1092	998	865	696	184	131.339	160	145	141	138	135	131	128	125	122	117	105	0	0	0.000	0.000	0	0	0	0	0	0	0	0	0	0	0	0.000	0.000	0	0	0	0	0	0	0	0	0	0	0	0	0
330	330	1338	900.504	1712.159	245	473	391	173	38	294	418	401	166	36	118.315	139	125	122	121	119	118	117	116	114	112	100	157.242	202	181	174	168	164	159	155	150	142	128	106	0	0	0.000	0.000	0	0	0	0	0	0	0	0	0	0	0	0.000	0.000	0	0	0	0	0	0	0	0	0	0	0	0	0
331	331	1998	1554.835	1720.650	318	724	637	235	42	239	790	575	254	92	1917.370	3122	2650	2482	2365	2252	2092	1862	1578	1278	914	197	113.007	136	122	119	116	113	112	110	109	108	106	98	0	0	0.000	0.000	0	0	0	0	0	0	0	0	0	0	0	0.000	0.000	0	0	0	0	0	0	0	0	0	0	0	0	0
332	332	2079	1450.674	1728.111	242	767	624	340	68	213	899	604	264	68	167.943	5247	150	141	137	133	130	127	125	121	117	99	155.293	218	181	172	166	160	156	152	147	140	128	104	1	37	1460.590	1705.594	0	0	0	1850	0	0	190	0	0	0	0	0.000	0.000	0	0	0	0	0	0	0	0	0	0	0	0	0
333	333	672	1118.688	1723.016	77	198	208	129	44	113	298	179	64	10	123.862	143	132	130	127	126	124	122	121	118	115	107	235.071	314	291	284	271	259	247	235	218	193	148	105	0	0	0.000	0.000	0	0	0	0	0	0	0	0	0	0	0	0.000	0.000	0	0	0	0	0	0	0	0	0	0	0	0	0
334	334	1598	1911.555	1739.775	336	754	358	106	10	196	675	461	187	46	563.424	10288	755	273	205	194	188	181	175	168	158	120	247.902	1593	288	231	218	210	201	194	187	179	162	113	1	104	1900.631	1746.498	0	0	0	4847	0	0	844	0	0	1	89	1900.733	1746.277	0	0	0	5361	0	0	910	0	0	0	0	0	0
335	335	1702	1595.125	1764.135	363	724	466	96	20	220	626	479	302	49	1360.730	2545	2086	1928	1749	1556	1370	1152	968	827	698	176	109.127	124	114	112	111	110	109	108	107	106	105	100	0	0	0.000	0.000	0	0	0	0	0	0	0	0	0	0	0	0.000	0.000	0	0	0	0	0	0	0	0	0	0	0	0	0
336	336	1616	1869.436	1763.456	722	588	251	25	11	552	578	330	103	15	197.944	3021	223	149	141	139	136	134	131	127	122	108	205.131	374	241	231	223	215	208	201	191	180	158	116	1	55	1885.506	1765.629	0	0	0	1287	0	0	261	0	0	0	0	0.000	0.000	0	0	0	0	0	0	0	0	0	0	0	0	0
337	337	1869	1666.188	1767.070	762	828	229	21	5	380	705	523	195	32	122.320	162	134	129	126	124	121	119	117	114	111	103	686.868	1330	1039	936	846	759	684	604	519	435	324	155	0	0	0.000	0.000	0	0	0	0	0	0	0	0	0	0	0	0.000	0.000	0	0	0	0	0	0	0	0	0	0	0	0	0
338	338	2401	1703.281	1805.375	644	1147	509	44	15	408	1038	658	232	12	496.638	13001	478	220	207	197	189	181	174	166	151	107	496.576	1620	694	633	576	522	477	434	394	354	269	126	1	101	1715.267	1816.240	0	0	0	5627	0	0	1059	0	0	1	34	1714.925	1814.898	0	0	0	8815	0	0	1431	0	0	0	0	0	0
339	339	1623	1358.069	1809.745	195	375	434	422	172	196	714	400	262	21	167.906	223	197	189	183	176	171	165	158	147	130	103	143.691	181	165	160	155	150	146	141	135	129	116	102	0	0	0.000	0.000	0	0	0	0	0	0	0	0	0	0	0	0.000	0.000	0	0	0	0	0	0	0	0	0	0	0	0	0
340	340	1260	179.693	1815.929	174	369	417	248	35	153	445	361	194	79	158.218	1757	175	142	134	131	128	125	123	120	117	104	135.585	213	151	146	142	139	134	131	128	124	119	106	1	35	184.999	1810.766	0	0	0	728	0	0	166	0	0	0	0	0.000	0.000	0	0	0	0	0	0	0	0	0	0	0	0	0
341	341	1796	358.693	1831.100	283	550	514	343	82	177	734	551	249	56	134.479	164	148	144	141	138	135	133	129	124	119	103	204.826	300	257	241	231	220	208	195	180	164	147	116	0	0	0.000	0.000	0	0	0	0	0	0	0	0	0	0	0	0.000	0.000	0	0	0	0	0	0	0	0	0	0	0	0	0
342	342	574	1752.525	1837.350	92	202	211	47	9	64	243	166	70	16	149.348	175	162	158	155	153	151	148	144	140	137	113	257.328	330	310	299	287	276	263	248	234	217	197	135	0	0	0.000	0.000	0	0	0	0	0	0	0	0	0	0	0	0.000	0.000	0	0	0	0	0	0	0	0	0	0	0	0	0
343	343	2242	331.332	1884.197	209	572	873	446	104	148	757	878	355	61	410.873	12095	420	215	174	166	160	153	146	139	132	110	208.961	646	263	241	225	213	203	194	182	167	148	107	1	76	325.229	1898.508	0	0	0	5400	0	0	417	0	0	1	33	325.428	1897.974	0	0	0	8758	0	0	518	0	0	0	0	0	0
344	344	2180	114.663	1900.734	486	622	534	392	107	401	780	612	296	44	1292.560	19351	2603	499	269	239	226	216	209	197	170	117	203.911	1687	332	152	126	122	119	117	115	112	109	100	1	217	108.392	1908.245	0	0	0	9167	0	0	831	0	0	1	220	108.957	1908.505	0	0	0	9008	0	0	825	0	0	0	0	0	0
345	345	943	629.920	1895.805	124	275	348	144	33	98	305	385	128	17	177.424	221	198	192	189	185	181	176	170	162	152	113	126.165	154	138	134	131	128	126	123	121	119	115	106	0	0	0.000	0.000	0	0	0	0	0	0	0	0	0	0	0	0.000	0.000	0	0	0	0	0	0	0	0	0	0	0	0	0
346	346	1829	593.271	1922.243	350	600	613	194	35	184	555	719	256	85	442.116	10273	516	247	212	199	190	181	171	159	145	112	148.225	967	157	141	135	131	128	125	122	119	115	104	1	76	585.810	1937.919	0	0	0	4337	0	0	451	0	0	1	70	586.540	1937.561	0	0	0	4475	0	0	537	0	0	0	0	0	0
347	347	1311	1921.851	1913.791	489	414	286	86	16	286	380	326	233	63	872.885	15435	1765	507	290	209	184	175	164	154	137	105	264.341	2755	428	205	163	152	146	141	136	130	121	104	1	98	1924.156	1917.300	0	0	0	6518	0	0	1363	0	0	1	96	1924.644	1916.898	0	0	0	6593	0	0	1406	0	0	0	0	0	0
348	348	1262	1482.690	1916.862	622	352	195	47	26	574	444	142	45	30	114.323	129	121	119	117	116	115	113	112	110	108	101	200.399	273	240	229	219	211	205	198	190	174	150	113	0	0	0.000	0.000	0	0	0	0	0	0	0	0	0	0	0	0.000	0.000	0	0	0	0	0	0	0	0	0	0	0	0	0
349	349	625	1417.324	1929.724	94	205	160	118	30	112	195	158	122	31	148.237	180	168	163	157	154	149	143	140	134	129	114	116.222	136	124	122	120	118	116	115	113	110	109	103	0	0	0.000	0.000	0	0	0	0	0	0	0	0	0	0	0	0.000	0.000	0	0	0	0	0	0	0	0	0	0	0	0	0
350	350	1298	108.195	1947.982	320	509	350	81	21	241	534	349	131	19	199.533	269	236	227	222	215	208	201	189	169	141	112	114.591	132	122	120	118	117	115	113	111	109	106	98	0	0	0.000	0.000	0	0	0	0	0	0	0	0	0	0	0	0.000	0.000	0	0	0	0	0	0	0	0	0	0	0	0	0
351	351	1357	1872.878	1952.567	341	448	342	163	38	331	539	311	138	19	404.808	6690	554	250	208	200	195	189	181	173	159	118	152.799	653	173	152	147	142	138	133	129	125	119	104	1	76	1881.169	1945.021	0	0	0	2903	0	0	370	0	0	1	65	1881.902	1944.475	0	0	0	2912	0	0	390	0	0	0	0	0	0
352	352	1404	628.912	1960.574	312	426	366	236	46	240	437	494	162	52	147.110	2601	147	134	131	129	127	126	123	121	118	107	151.660	205	183	172	164	156	149	144	139	132	124	109	0	0	0.000	0.000	0	0	0	0	0	0	0	0	0	0	0	0.000	0.000	0	0	0	0	0	0	0	0	0	0	0	0	0
353	353	1750	541.063	1960.694	498	791	348	69	16	321	821	392	154	19	180.887	332	215	207	201	194	184	174	164	151	139	110	134.530	183	158	150	144	139	133	128	123	118	113	101	0	0	0.000	0.000	0	0	0	0	0	0	0	0	0	0	0	0.000	0.000	0	0	0	0	0	0	0	0	0	0	0	0	0
354	354	1161	1640.512	1963.194	291	356	305	150	37	163	441	338	156	37	290.939	1897	333	300	288	277	266	257	245	232	209	146	199.849	1097	225	204	196	190	183	177	169	163	154	116	1	25	1651.535	1968.972	0	0	0	1160	0	0	614	0	0	1	31	1651.943	1968.540	0	0	0	916	0	0	624	0	0	0	0	0	0
355	355	671	1826.698	1968.101	173	177	171	106	31	148	210	166	97	37	119.601	142	126	124	123	121	120	118	117	115	113	104	212.846	302	268	254	241	229	213	201	192	178	154	113	0	0	0.000	0.000	0	0	0	0	0	0	0	0	0	0	0	0.000	0.000	0	0	0	0	0	0	0	0	0	0	0	0	0
356	356	503	1260.890	1975.349	108	185	153	39	10	111	193	124	55	10	665.553	892	783	747	729	713	698	677	643	588	492	249	109.624	120	115	113	112	111	109	108	107	106	105	100	0	0	0.000	0.000	0	0	0	0	0	0	0	0	0	0	0	0.000	0.000	0	0	0	0	0	0	0	0	0	0	0	0	0
