 	cell	area	x	y	BFI_lev_b1	BFI_lev_b2	BFI_lev_b3	BFI_lev_b4	BFI_lev_b5	BFO_lev_b1	BFO_lev_b2	BFO_lev_b3	BFO_lev_b4	BFO_lev_b5	GFP_int_mean	GFP_int_b0	GFP_int_b1	GFP_int_b2	GFP_int_b3	GFP_int_b4	GFP_int_b5	GFP_int_b6	GFP_int_b7	GFP_int_b8	GFP_int_b9	GFP_int_b10	RFP_int_mean	RFP_int_b0	RFP_int_b1	RFP_int_b2	RFP_int_b3	RFP_int_b4	RFP_int_b5	RFP_int_b6	RFP_int_b7	RFP_int_b8	RFP_int_b9	RFP_int_b10	inGFPnfoci	f1_inGFParea	f1_inGFPx	f1_inGFPy	f2_inGFParea	f2_inGFPx	f2_inGFPy	f1_inGFP_toGFPmed	f1_inGFP_toGFPmean	f2_inGFP_toGFPmed	f2_inGFP_toGFPmean	f1_inGFP_toRFPmed	f1_inGFP_toRFPmean	f2_inGFP_toRFPmed	f2_inGFP_toRFPmean	inRFPnfoci	f1_inRFParea	f1_inRFPx	f1_inRFPy	f2_inRFParea	f2_inRFPx	f2_inRFPy	f1_inRFP_toGFPmed	f1_inRFP_toGFPmean	f2_inRFP_toGFPmed	f2_inRFP_toGFPmean	f1_inRFP_toRFPmed	f1_inRFP_toRFPmean	f2_inRFP_toRFPmed	f2_inRFP_toRFPmean
1	1	1512	461.588	77.299	319	475	421	228	37	283	635	397	138	32	113.870	133	120	118	117	115	114	113	111	110	107	101	176.300	248	219	208	197	186	177	167	159	147	132	104	0	0	0.000	0.000	0	0	0	0	0	0	0	0	0	0	0	0	0	0.000	0.000	0	0	0	0	0	0	0	0	0	0	0
2	2	2412	1201.787	90.784	2196	138	35	20	20	2224	119	29	18	13	138.765	280	188	166	154	142	131	121	113	109	106	99	124.706	192	159	147	135	122	114	111	108	107	105	97	0	0	0.000	0.000	0	0	0	0	0	0	0	0	0	0	0	0	0	0.000	0.000	0	0	0	0	0	0	0	0	0	0	0
3	3	790	779.126	101.587	217	202	191	138	33	197	215	197	134	34	112.197	131	122	118	115	113	111	110	108	106	104	99	117.677	148	132	126	123	120	117	115	112	108	105	98	0	0	0.000	0.000	0	0	0	0	0	0	0	0	0	0	0	0	0	0.000	0.000	0	0	0	0	0	0	0	0	0	0	0
4	4	1864	738.189	121.983	334	532	613	271	71	259	596	566	326	83	807.397	1340	1129	1051	997	938	882	825	740	562	271	115	111.773	129	118	116	115	113	112	111	109	107	105	98	0	0	0.000	0.000	0	0	0	0	0	0	0	0	0	0	0	0	0	0.000	0.000	0	0	0	0	0	0	0	0	0	0	0
5	5	2343	274.978	138.860	473	941	631	231	21	306	766	767	387	78	395.952	9406	374	245	222	210	199	188	176	163	143	105	257.238	1073	330	299	284	269	246	222	204	185	159	109	1	89	267.249	131.827	0	0	0	4100	0	0	0	625	0	0	0	1	52	267.238	130.894	0	0	0	5467	0	0	0	780	0	0	0
6	6	2161	215.755	140.497	366	753	742	224	40	321	708	698	373	25	198.074	276	245	235	225	215	206	196	179	160	134	104	259.685	381	343	328	311	292	271	250	223	191	151	109	0	0	0.000	0.000	0	0	0	0	0	0	0	0	0	0	0	0	0	0.000	0.000	0	0	0	0	0	0	0	0	0	0	0
7	7	1410	692.183	143.559	214	483	458	211	20	173	404	507	236	62	812.135	1267	1120	1061	994	931	865	780	700	595	397	137	112.733	138	123	119	116	113	112	110	108	106	105	98	0	0	0.000	0.000	0	0	0	0	0	0	0	0	0	0	0	0	0	0.000	0.000	0	0	0	0	0	0	0	0	0	0	0
8	8	1366	1687.825	168.515	253	436	427	192	29	185	437	488	176	59	342.109	1735	412	386	362	346	332	317	299	272	226	127	119.638	215	133	127	122	119	117	115	113	110	108	100	1	20	1688.638	160.317	0	0	0	1181	0	0	0	186	0	0	0	1	29	1688.587	159.992	0	0	0	1026	0	0	0	174	0	0	0
9	9	516	879.386	168.789	133	161	127	72	17	106	169	134	72	23	109.326	120	114	112	111	110	109	108	107	106	105	101	202.122	275	245	233	223	213	206	196	187	172	152	117	0	0	0.000	0.000	0	0	0	0	0	0	0	0	0	0	0	0	0	0.000	0.000	0	0	0	0	0	0	0	0	0	0	0
10	10	1605	1887.484	212.350	610	616	301	48	9	268	686	386	164	65	883.426	10922	1122	718	673	640	610	570	523	454	354	201	156.311	1041	186	143	135	131	127	124	121	117	113	104	1	72	1887.511	223.994	0	0	0	5450	0	0	0	577	0	0	0	1	89	1886.653	223.252	0	0	0	4022	0	0	0	489	0	0	0
11	11	1939	1457.496	237.438	235	813	699	138	9	159	738	682	276	47	116.070	132	122	120	119	117	116	115	114	112	110	102	246.830	359	307	290	272	257	245	234	224	212	184	125	0	0	0.000	0.000	0	0	0	0	0	0	0	0	0	0	0	0	0	0.000	0.000	0	0	0	0	0	0	0	0	0	0	0
12	12	503	1412.219	242.500	97	143	145	100	8	76	132	122	126	38	115.913	128	121	119	118	117	116	115	114	112	111	104	188.708	237	215	209	204	200	194	189	180	168	152	121	0	0	0.000	0.000	0	0	0	0	0	0	0	0	0	0	0	0	0	0.000	0.000	0	0	0	0	0	0	0	0	0	0	0
13	13	810	315.200	250.943	201	217	226	122	35	201	269	221	101	7	112.599	146	124	119	115	113	111	109	108	106	105	100	336.262	608	531	503	476	417	351	277	209	146	114	100	0	0	0.000	0.000	0	0	0	0	0	0	0	0	0	0	0	0	0	0.000	0.000	0	0	0	0	0	0	0	0	0	0	0
14	14	855	1359.679	277.516	132	272	232	167	30	125	320	236	111	47	523.214	811	728	682	643	594	551	505	435	355	272	139	104.973	121	109	107	106	105	105	104	103	103	102	97	0	0	0.000	0.000	0	0	0	0	0	0	0	0	0	0	0	0	0	0.000	0.000	0	0	0	0	0	0	0	0	0	0	0
15	15	1195	1932.835	276.725	714	222	136	86	24	656	282	136	81	28	183.967	259	226	213	204	198	191	181	167	150	133	106	300.058	477	405	377	357	343	323	297	257	209	153	111	0	0	0.000	0.000	0	0	0	0	0	0	0	0	0	0	0	0	0	0.000	0.000	0	0	0	0	0	0	0	0	0	0	0
16	16	1512	280.051	290.040	272	438	471	249	56	268	643	455	103	11	582.062	10512	720	368	331	306	287	272	255	218	172	112	206.620	2150	246	166	157	151	147	142	135	122	107	100	1	74	279.371	285.502	0	0	0	4962	0	0	0	316	0	0	0	1	87	275.982	282.348	0	0	0	417	0	0	0	1045	0	0	0
17	17	2630	1325.320	322.106	467	1133	762	215	9	329	1014	875	294	69	448.326	793	635	556	518	487	456	432	400	329	229	131	135.379	182	158	150	144	140	136	132	127	120	111	100	0	0	0.000	0.000	0	0	0	0	0	0	0	0	0	0	0	0	0	0.000	0.000	0	0	0	0	0	0	0	0	0	0	0
18	18	1996	1901.668	341.822	462	731	572	184	15	310	607	683	285	69	250.668	338	312	299	288	276	266	251	226	199	163	115	248.123	354	323	311	299	284	266	245	218	182	131	103	0	0	0.000	0.000	0	0	0	0	0	0	0	0	0	0	0	0	0	0.000	0.000	0	0	0	0	0	0	0	0	0	0	0
19	19	2171	1803.818	345.555	427	807	674	194	26	369	870	665	218	12	3993.829	29182	11884	3135	2111	1848	1693	1518	1295	1019	692	266	628.458	6053	1778	443	263	219	200	184	170	154	133	106	1	345	1803.063	344.539	0	0	0	17060	0	0	0	2478	0	0	0	1	297	1802.888	344.381	0	0	0	19825	0	0	0	3046	0	0	0
20	20	1396	1117.096	370.893	163	408	511	253	42	102	351	616	221	82	513.194	826	727	665	610	565	520	471	425	379	298	138	144.261	185	170	164	156	150	144	138	132	127	120	102	0	0	0.000	0.000	0	0	0	0	0	0	0	0	0	0	0	0	0	0.000	0.000	0	0	0	0	0	0	0	0	0	0	0
21	21	2193	779.020	383.654	662	553	530	320	83	750	741	467	171	28	117.162	142	125	123	121	119	117	116	114	111	109	101	143.858	200	171	163	157	151	144	138	131	124	116	102	0	0	0.000	0.000	0	0	0	0	0	0	0	0	0	0	0	0	0	0.000	0.000	0	0	0	0	0	0	0	0	0	0	0
22	22	1530	320.430	387.193	388	504	455	137	21	248	520	457	237	43	341.855	511	444	421	404	386	359	338	308	252	195	127	105.647	119	110	108	107	106	105	105	104	103	102	97	0	0	0.000	0.000	0	0	0	0	0	0	0	0	0	0	0	0	0	0.000	0.000	0	0	0	0	0	0	0	0	0	0	0
23	23	1628	1379.705	387.493	196	567	463	317	56	184	727	412	228	36	110.912	123	116	114	113	112	111	110	109	108	106	101	143.843	197	172	166	161	154	148	141	131	117	106	97	0	0	0.000	0.000	0	0	0	0	0	0	0	0	0	0	0	0	0	0.000	0.000	0	0	0	0	0	0	0	0	0	0	0
24	24	1348	1524.155	397.017	222	340	408	304	55	184	481	396	201	64	273.306	381	338	319	305	293	281	266	248	229	196	129	140.731	175	159	154	151	146	141	137	133	128	121	102	0	0	0.000	0.000	0	0	0	0	0	0	0	0	0	0	0	0	0	0.000	0.000	0	0	0	0	0	0	0	0	0	0	0
25	25	2229	1469.265	417.868	457	970	678	84	7	341	695	788	309	59	553.161	905	782	720	668	616	575	534	471	387	274	117	105.077	118	109	107	106	105	105	104	103	103	102	95	0	0	0.000	0.000	0	0	0	0	0	0	0	0	0	0	0	0	0	0.000	0.000	0	0	0	0	0	0	0	0	0	0	0
26	26	1065	1416.038	420.458	187	339	346	158	21	110	363	343	169	51	110.498	122	115	114	112	111	110	109	109	107	106	100	140.362	175	162	156	151	146	141	135	130	125	119	102	0	0	0.000	0.000	0	0	0	0	0	0	0	0	0	0	0	0	0	0.000	0.000	0	0	0	0	0	0	0	0	0	0	0
27	27	1699	1924.611	438.382	404	717	417	130	8	230	677	445	267	46	167.698	238	209	195	185	176	167	157	149	141	129	102	181.808	266	234	218	205	194	183	170	158	145	131	104	0	0	0.000	0.000	0	0	0	0	0	0	0	0	0	0	0	0	0	0.000	0.000	0	0	0	0	0	0	0	0	0	0	0
28	28	2082	1792.251	459.946	337	704	719	254	33	296	725	711	280	33	1190.337	7551	1569	1361	1276	1211	1137	1057	974	837	616	217	142.660	485	159	152	146	141	136	132	128	124	117	98	1	38	1801.182	442.799	0	0	0	4893	0	0	0	334	0	0	0	1	51	1801.662	441.148	0	0	0	2852	0	0	0	336	0	0	0
29	29	2043	115.532	462.495	468	708	646	169	16	268	783	688	243	10	1012.097	1664	1447	1302	1208	1135	1063	988	863	691	503	170	105.026	116	109	107	106	106	105	104	103	103	102	94	0	0	0.000	0.000	0	0	0	0	0	0	0	0	0	0	0	0	0	0.000	0.000	0	0	0	0	0	0	0	0	0	0	0
30	30	1492	714.602	463.412	369	532	420	118	23	261	558	397	193	50	116.879	143	129	125	121	118	115	114	112	109	107	100	315.704	537	458	425	401	380	360	323	238	150	117	103	0	0	0.000	0.000	0	0	0	0	0	0	0	0	0	0	0	0	0	0.000	0.000	0	0	0	0	0	0	0	0	0	0	0
31	31	1915	1487.421	471.913	232	565	703	339	49	211	1025	476	159	11	363.536	560	477	444	419	396	373	350	322	281	231	138	103.996	114	107	106	105	105	104	103	103	102	101	97	0	0	0.000	0.000	0	0	0	0	0	0	0	0	0	0	0	0	0	0.000	0.000	0	0	0	0	0	0	0	0	0	0	0
32	32	1733	531.241	472.997	734	640	247	54	33	778	702	187	27	22	1074.233	1715	1474	1319	1217	1146	1088	1019	959	861	643	187	130.647	169	145	141	137	134	131	127	124	120	115	102	0	0	0.000	0.000	0	0	0	0	0	0	0	0	0	0	0	0	0	0.000	0.000	0	0	0	0	0	0	0	0	0	0	0
33	33	1455	1882.615	469.208	175	380	540	301	25	137	372	529	329	49	147.184	182	162	157	154	152	149	146	142	138	129	108	154.412	200	178	170	165	160	156	152	148	142	127	100	0	0	0.000	0.000	0	0	0	0	0	0	0	0	0	0	0	0	0	0.000	0.000	0	0	0	0	0	0	0	0	0	0	0
34	34	588	1843.564	475.817	125	178	158	98	18	93	136	212	105	29	134.585	166	151	145	141	139	136	134	130	123	115	103	144.828	189	169	163	158	153	149	145	138	124	111	100	0	0	0.000	0.000	0	0	0	0	0	0	0	0	0	0	0	0	0	0.000	0.000	0	0	0	0	0	0	0	0	0	0	0
35	35	1380	847.610	513.878	285	601	381	73	11	179	447	468	193	63	340.100	489	431	407	385	363	345	328	312	286	232	130	131.370	164	147	142	138	135	132	129	126	121	114	102	0	0	0.000	0.000	0	0	0	0	0	0	0	0	0	0	0	0	0	0.000	0.000	0	0	0	0	0	0	0	0	0	0	0
36	36	1145	1645.366	516.974	171	419	390	128	20	77	423	419	171	31	526.770	841	737	678	629	581	536	488	437	376	303	183	114.414	131	122	120	118	116	114	112	111	109	107	99	0	0	0.000	0.000	0	0	0	0	0	0	0	0	0	0	0	0	0	0.000	0.000	0	0	0	0	0	0	0	0	0	0	0
37	37	2173	105.007	524.443	348	552	581	462	190	311	694	555	459	126	502.684	12811	566	274	222	208	196	182	169	153	132	107	173.565	1859	194	148	139	134	130	126	121	116	110	100	1	89	103.271	528.679	0	0	0	5371	0	0	0	909	0	0	0	1	89	102.831	528.665	0	0	0	5188	0	0	0	909	0	0	0
38	38	1258	727.565	523.839	185	343	373	258	69	180	560	346	146	13	115.266	129	122	120	118	117	116	114	113	111	108	100	105.274	116	110	108	107	106	105	104	103	103	102	93	0	0	0.000	0.000	0	0	0	0	0	0	0	0	0	0	0	0	0	0.000	0.000	0	0	0	0	0	0	0	0	0	0	0
39	39	1499	679.979	534.653	308	493	507	160	11	207	468	472	215	110	116.850	141	125	122	120	119	117	115	114	111	108	99	105.396	121	110	108	106	105	105	104	103	103	102	96	0	0	0.000	0.000	0	0	0	0	0	0	0	0	0	0	0	0	0	0.000	0.000	0	0	0	0	0	0	0	0	0	0	0
40	40	1284	1776.416	532.507	179	354	374	287	69	136	427	447	192	55	114.184	133	120	118	117	115	114	113	112	110	108	103	135.463	170	153	148	143	139	136	132	129	124	116	102	0	0	0.000	0.000	0	0	0	0	0	0	0	0	0	0	0	0	0	0.000	0.000	0	0	0	0	0	0	0	0	0	0	0
41	41	1249	770.602	537.510	147	279	396	330	84	128	271	367	339	130	108.167	120	112	111	110	109	108	107	106	105	104	100	184.610	247	224	215	205	195	187	179	171	160	136	107	0	0	0.000	0.000	0	0	0	0	0	0	0	0	0	0	0	0	0	0.000	0.000	0	0	0	0	0	0	0	0	0	0	0
42	42	1689	1887.478	549.167	107	570	661	284	49	44	428	728	320	138	151.329	1522	152	140	136	134	132	129	127	124	119	105	154.038	238	174	166	162	158	154	151	147	142	132	106	1	40	1876.929	553.951	0	0	0	678	0	0	0	196	0	0	0	0	0	0.000	0.000	0	0	0	0	0	0	0	0	0	0	0
43	43	1852	832.800	562.242	341	542	566	320	45	283	787	470	227	45	656.452	11747	790	484	428	388	366	346	316	278	225	122	178.283	1730	206	153	143	136	132	128	124	121	115	100	1	81	830.717	567.326	0	0	0	5423	0	0	0	898	0	0	0	1	93	831.224	567.218	0	0	0	4637	0	0	0	814	0	0	0
44	44	1125	1839.153	551.943	77	237	414	318	58	69	334	439	207	52	123.092	145	132	129	127	125	123	122	120	118	114	100	142.284	177	159	153	149	146	143	140	136	131	126	108	0	0	0.000	0.000	0	0	0	0	0	0	0	0	0	0	0	0	0	0.000	0.000	0	0	0	0	0	0	0	0	0	0	0
45	45	1636	1653.460	565.539	120	382	605	436	67	105	388	631	395	82	557.646	960	789	690	645	584	535	499	465	430	374	170	113.358	135	121	118	116	114	113	111	110	108	107	100	0	0	0.000	0.000	0	0	0	0	0	0	0	0	0	0	0	0	0	0.000	0.000	0	0	0	0	0	0	0	0	0	0	0
46	46	1940	755.474	591.143	164	421	656	479	190	173	461	803	314	149	108.916	121	113	112	110	110	109	108	107	106	105	100	196.056	270	240	230	219	209	198	188	178	165	149	106	0	0	0.000	0.000	0	0	0	0	0	0	0	0	0	0	0	0	0	0.000	0.000	0	0	0	0	0	0	0	0	0	0	0
47	47	2010	122.034	601.092	174	640	626	435	100	173	631	636	454	85	108.873	123	113	112	111	110	109	108	107	106	105	98	198.959	300	250	229	216	207	197	187	177	165	153	115	0	0	0.000	0.000	0	0	0	0	0	0	0	0	0	0	0	0	0	0.000	0.000	0	0	0	0	0	0	0	0	0	0	0
48	48	604	1838.620	592.199	39	145	204	164	45	35	188	216	110	42	344.631	486	425	403	390	376	362	342	322	290	238	132	141.738	178	161	157	153	149	145	141	135	128	115	100	0	0	0.000	0.000	0	0	0	0	0	0	0	0	0	0	0	0	0	0.000	0.000	0	0	0	0	0	0	0	0	0	0	0
49	49	1158	177.671	603.380	127	298	432	238	43	124	407	401	190	9	108.457	121	113	111	110	109	108	107	107	106	104	100	185.332	251	219	210	203	196	189	183	174	162	141	105	0	0	0.000	0.000	0	0	0	0	0	0	0	0	0	0	0	0	0	0.000	0.000	0	0	0	0	0	0	0	0	0	0	0
50	50	1910	1662.891	625.012	316	560	575	341	77	325	558	635	300	58	451.138	706	570	533	509	488	467	439	402	359	308	155	115.165	140	124	121	118	116	114	113	111	110	107	99	0	0	0.000	0.000	0	0	0	0	0	0	0	0	0	0	0	0	0	0.000	0.000	0	0	0	0	0	0	0	0	0	0	0
51	51	1309	1859.491	625.652	80	406	520	229	52	52	504	499	190	33	482.136	735	616	555	523	500	479	456	434	414	364	181	156.325	200	177	171	166	161	157	152	146	141	135	114	0	0	0.000	0.000	0	0	0	0	0	0	0	0	0	0	0	0	0	0.000	0.000	0	0	0	0	0	0	0	0	0	0	0
52	52	2206	715.991	633.620	415	666	724	300	52	397	1014	516	216	26	111.565	125	117	115	114	113	112	110	109	108	106	99	204.664	292	262	249	236	220	207	194	184	166	138	101	0	0	0.000	0.000	0	0	0	0	0	0	0	0	0	0	0	0	0	0.000	0.000	0	0	0	0	0	0	0	0	0	0	0
53	53	1870	1806.104	644.872	237	561	629	382	38	145	730	604	265	77	2080.914	3255	2788	2571	2431	2340	2232	2062	1814	1537	1170	386	182.114	247	222	208	198	190	182	176	169	158	142	111	0	0	0.000	0.000	0	0	0	0	0	0	0	0	0	0	0	0	0	0.000	0.000	0	0	0	0	0	0	0	0	0	0	0
54	54	1625	764.154	657.107	370	438	479	271	36	274	414	538	267	104	110.762	123	116	114	113	112	111	110	108	107	106	100	192.023	289	254	236	219	207	195	182	168	150	119	100	0	0	0.000	0.000	0	0	0	0	0	0	0	0	0	0	0	0	0	0.000	0.000	0	0	0	0	0	0	0	0	0	0	0
55	55	1791	1322.427	660.504	994	677	58	20	9	875	720	130	16	13	414.550	10377	429	212	187	178	172	167	162	155	143	111	177.121	1547	182	160	154	150	146	142	138	132	126	107	1	73	1314.578	670.246	0	0	0	4605	0	0	0	661	0	0	0	1	72	1315.015	669.520	0	0	0	3636	0	0	0	790	0	0	0
56	56	1320	1635.227	669.690	365	633	242	32	15	518	610	128	11	13	445.812	633	565	539	518	497	468	444	411	356	271	146	117.111	154	131	124	120	117	115	113	111	109	107	99	0	0	0.000	0.000	0	0	0	0	0	0	0	0	0	0	0	1	16	1628.909	656.264	0	0	0	464	0	0	0	149	0	0	0
57	57	1616	462.831	686.421	362	610	477	111	25	309	849	313	98	15	122.652	142	131	129	127	125	123	122	120	117	113	101	142.400	175	161	155	152	148	144	141	136	130	121	103	0	0	0.000	0.000	0	0	0	0	0	0	0	0	0	0	0	0	0	0.000	0.000	0	0	0	0	0	0	0	0	0	0	0
58	58	1726	1857.532	695.304	314	598	503	245	30	283	685	440	234	55	422.336	651	540	510	487	462	437	412	376	333	274	146	147.999	194	167	162	159	154	150	145	140	134	124	105	0	0	0.000	0.000	0	0	0	0	0	0	0	0	0	0	0	0	0	0.000	0.000	0	0	0	0	0	0	0	0	0	0	0
59	59	1871	1696.278	702.368	390	622	541	268	22	311	725	508	256	46	753.757	1120	988	928	883	843	802	751	679	573	426	145	120.256	151	132	127	124	122	120	118	115	113	109	101	0	0	0.000	0.000	0	0	0	0	0	0	0	0	0	0	0	0	0	0.000	0.000	0	0	0	0	0	0	0	0	0	0	0
60	60	1358	77.024	700.883	206	504	413	185	29	246	584	379	108	23	114.253	135	122	119	117	116	114	113	111	109	107	100	197.898	270	237	229	220	211	203	193	180	167	151	109	0	0	0.000	0.000	0	0	0	0	0	0	0	0	0	0	0	0	0	0.000	0.000	0	0	0	0	0	0	0	0	0	0	0
61	61	1616	1646.633	722.316	366	472	452	267	33	297	787	307	180	14	841.556	1296	1081	1009	971	944	908	862	771	637	478	215	121.651	151	133	128	125	123	121	119	117	115	111	103	0	0	0.000	0.000	0	0	0	0	0	0	0	0	0	0	0	0	0	0.000	0.000	0	0	0	0	0	0	0	0	0	0	0
62	62	1156	1597.575	723.199	94	332	379	270	59	95	567	270	158	48	174.101	226	199	192	187	182	177	172	166	157	143	114	171.633	227	202	194	187	180	174	166	158	151	140	106	0	0	0.000	0.000	0	0	0	0	0	0	0	0	0	0	0	0	0	0.000	0.000	0	0	0	0	0	0	0	0	0	0	0
63	63	1473	1754.340	746.031	229	465	441	281	34	163	492	453	244	86	1298.003	2099	1754	1657	1569	1482	1367	1253	1113	948	694	245	137.174	170	158	152	146	141	137	132	128	124	118	106	0	0	0.000	0.000	0	0	0	0	0	0	0	0	0	0	0	0	0	0.000	0.000	0	0	0	0	0	0	0	0	0	0	0
64	64	2275	1847.003	752.178	362	790	770	278	31	253	702	764	407	99	601.237	13322	659	319	277	256	237	217	201	187	166	115	321.912	1962	408	358	329	306	281	251	227	208	179	125	1	109	1853.857	755.276	0	0	0	6062	0	0	0	1117	0	0	0	1	85	1853.893	754.876	0	0	0	7517	0	0	0	1270	0	0	0
65	65	1297	1700.524	754.671	102	279	409	368	111	141	313	463	276	78	1344.015	2076	1793	1658	1565	1477	1392	1316	1200	1057	793	207	140.424	175	158	153	149	146	142	139	134	128	118	102	0	0	0.000	0.000	0	0	0	0	0	0	0	0	0	0	0	0	0	0.000	0.000	0	0	0	0	0	0	0	0	0	0	0
66	66	1880	930.523	768.133	217	616	595	356	57	175	753	539	277	98	294.104	5304	292	242	226	216	208	200	193	179	158	114	139.788	677	149	142	137	134	130	127	124	120	116	104	1	49	928.802	783.593	0	0	0	2660	0	0	0	396	0	0	0	1	52	929.437	783.577	0	0	0	2628	0	0	0	396	0	0	0
67	67	1982	1629.945	775.455	328	493	681	400	51	290	593	698	301	72	1305.705	20566	2289	540	339	278	250	232	214	197	171	115	273.410	2590	418	215	182	169	158	151	145	138	126	106	1	181	1631.063	776.726	0	0	0	9668	0	0	0	1217	0	0	0	1	158	1630.564	776.498	0	0	0	11954	0	0	0	1316	0	0	0
68	68	639	885.497	766.562	132	161	169	132	34	99	165	186	155	22	156.953	208	188	179	172	166	162	156	148	131	114	102	120.628	141	131	129	126	124	122	119	116	112	107	100	0	0	0.000	0.000	0	0	0	0	0	0	0	0	0	0	0	0	0	0.000	0.000	0	0	0	0	0	0	0	0	0	0	0
69	69	615	1729.290	782.589	96	174	178	124	33	75	146	203	127	51	1239.485	1860	1710	1649	1583	1510	1376	1228	1061	796	461	197	136.925	167	156	151	148	144	140	136	130	121	110	100	0	0	0.000	0.000	0	0	0	0	0	0	0	0	0	0	0	0	0	0.000	0.000	0	0	0	0	0	0	0	0	0	0	0
70	70	1519	1810.400	795.137	245	477	485	245	44	213	719	361	168	31	176.869	248	214	201	191	184	178	172	165	154	137	108	225.420	350	299	276	258	241	227	215	202	175	140	107	0	0	0.000	0.000	0	0	0	0	0	0	0	0	0	0	0	0	0	0.000	0.000	0	0	0	0	0	0	0	0	0	0	0
71	71	1654	1420.512	798.867	262	473	594	265	31	219	585	598	183	37	111.886	125	117	116	114	113	112	111	110	108	106	100	105.162	121	109	108	106	105	105	104	103	103	102	97	0	0	0.000	0.000	0	0	0	0	0	0	0	0	0	0	0	0	0	0.000	0.000	0	0	0	0	0	0	0	0	0	0	0
72	72	1363	916.995	815.880	189	389	464	258	38	141	454	478	177	87	278.569	391	346	334	325	316	300	278	252	219	166	117	139.580	176	161	156	153	149	145	140	131	117	108	100	0	0	0.000	0.000	0	0	0	0	0	0	0	0	0	0	0	0	0	0.000	0.000	0	0	0	0	0	0	0	0	0	0	0
73	73	1338	1921.661	831.888	186	585	442	86	16	193	653	363	87	14	420.904	619	538	504	479	455	434	413	385	348	278	147	129.813	165	145	140	136	132	129	127	124	120	116	104	0	0	0.000	0.000	0	0	0	0	0	0	0	0	0	0	0	0	0	0.000	0.000	0	0	0	0	0	0	0	0	0	0	0
74	74	1477	1423.392	862.742	218	599	457	157	23	209	644	401	162	28	111.165	124	116	114	113	112	111	110	109	108	106	97	105.787	121	110	108	107	106	105	104	104	103	102	97	0	0	0.000	0.000	0	0	0	0	0	0	0	0	0	0	0	0	0	0.000	0.000	0	0	0	0	0	0	0	0	0	0	0
75	75	1661	1475.760	864.359	135	561	659	237	49	109	588	592	245	94	329.833	507	418	393	374	353	333	314	295	267	233	148	144.865	181	164	159	154	150	146	141	137	131	124	106	0	0	0.000	0.000	0	0	0	0	0	0	0	0	0	0	0	0	0	0.000	0.000	0	0	0	0	0	0	0	0	0	0	0
76	76	1955	1891.768	870.209	431	640	623	190	35	347	723	614	210	33	170.638	496	192	184	179	174	169	164	159	151	142	105	137.323	297	150	145	142	140	137	135	132	128	121	103	1	17	1915.254	866.930	0	0	0	388	0	0	0	230	0	0	0	0	0	0.000	0.000	0	0	0	0	0	0	0	0	0	0	0
77	77	1713	1534.704	880.623	135	415	615	432	67	91	569	661	282	86	111.348	126	116	115	113	112	111	110	109	108	106	99	130.731	163	147	142	138	133	131	128	124	120	115	102	0	0	0.000	0.000	0	0	0	0	0	0	0	0	0	0	0	0	0	0.000	0.000	0	0	0	0	0	0	0	0	0	0	0
78	78	1329	1456.348	905.535	173	257	407	387	84	169	454	413	214	53	111.585	125	117	115	114	112	111	111	109	108	107	101	105.039	116	109	107	106	105	105	104	103	103	102	95	0	0	0.000	0.000	0	0	0	0	0	0	0	0	0	0	0	0	0	0.000	0.000	0	0	0	0	0	0	0	0	0	0	0
79	79	1366	1279.035	922.725	211	506	432	175	16	142	552	483	132	24	183.097	237	211	205	199	192	186	180	171	162	149	122	256.673	356	317	299	286	273	261	246	233	216	190	129	0	0	0.000	0.000	0	0	0	0	0	0	0	0	0	0	0	0	0	0.000	0.000	0	0	0	0	0	0	0	0	0	0	0
80	80	1792	1501.918	933.469	271	576	521	340	48	223	617	539	254	129	112.166	126	117	116	114	113	112	111	110	109	107	100	127.344	157	143	139	135	132	129	125	121	116	108	99	0	0	0.000	0.000	0	0	0	0	0	0	0	0	0	0	0	0	0	0.000	0.000	0	0	0	0	0	0	0	0	0	0	0
81	81	851	1549.643	928.966	87	225	292	215	18	84	291	272	151	40	113.512	128	120	118	116	115	114	112	111	109	107	102	126.588	155	145	141	137	134	128	123	117	110	106	100	0	0	0.000	0.000	0	0	0	0	0	0	0	0	0	0	0	0	0	0.000	0.000	0	0	0	0	0	0	0	0	0	0	0
82	82	2018	1268.902	968.571	226	516	730	426	89	255	923	585	199	21	996.070	10168	1235	1101	988	920	854	774	699	612	468	222	219.451	1998	237	219	206	196	186	175	164	154	140	108	1	57	1273.494	969.515	0	0	0	5462	0	0	0	1129	0	0	0	1	62	1272.408	968.763	0	0	0	4280	0	0	0	1067	0	0	0
83	83	2167	1203.671	975.147	321	461	908	355	71	317	892	743	147	25	887.007	1431	1186	1102	1026	968	915	842	761	688	562	206	193.429	260	231	221	212	203	195	185	176	167	155	121	0	0	0.000	0.000	0	0	0	0	0	0	0	0	0	0	0	0	0	0.000	0.000	0	0	0	0	0	0	0	0	0	0	0
84	84	1217	1180.249	1020.340	149	380	447	200	18	108	392	387	230	72	113.405	131	119	117	116	114	113	112	111	110	108	99	156.450	207	183	173	167	160	156	152	147	141	131	108	0	0	0.000	0.000	0	0	0	0	0	0	0	0	0	0	0	0	0	0.000	0.000	0	0	0	0	0	0	0	0	0	0	0
85	85	851	1721.275	1019.225	205	278	256	78	20	225	292	244	69	11	116.397	133	124	122	120	118	117	115	113	111	108	101	407.488	672	540	505	482	464	448	425	365	270	180	128	0	0	0.000	0.000	0	0	0	0	0	0	0	0	0	0	0	0	0	0.000	0.000	0	0	0	0	0	0	0	0	0	0	0
86	86	1446	588.623	1050.700	81	374	513	336	115	99	439	603	205	74	241.689	332	294	280	271	261	252	239	222	200	171	122	193.143	271	237	225	216	208	199	185	173	158	143	104	0	0	0.000	0.000	0	0	0	0	0	0	0	0	0	0	0	0	0	0.000	0.000	0	0	0	0	0	0	0	0	0	0	0
87	87	2789	89.156	1073.418	2492	191	57	27	19	2479	191	74	23	17	543.053	23051	274	196	180	164	141	127	116	110	107	99	221.374	3457	238	198	180	167	147	133	120	110	106	98	0	0	0.000	0.000	0	0	0	0	0	0	0	0	0	0	0	0	0	0.000	0.000	0	0	0	0	0	0	0	0	0	0	0
88	88	2235	1588.115	1059.532	438	600	738	377	43	367	683	765	259	106	172.503	221	201	196	190	185	178	170	160	147	133	109	200.105	286	252	241	229	217	206	191	174	159	140	111	0	0	0.000	0.000	0	0	0	0	0	0	0	0	0	0	0	0	0	0.000	0.000	0	0	0	0	0	0	0	0	0	0	0
89	89	1789	1205.226	1062.474	323	470	688	240	27	250	584	638	229	59	111.200	126	117	115	114	113	111	110	109	107	105	99	162.766	214	191	184	176	170	165	159	154	143	128	105	0	0	0.000	0.000	0	0	0	0	0	0	0	0	0	0	0	0	0	0.000	0.000	0	0	0	0	0	0	0	0	0	0	0
90	90	1955	620.764	1087.208	376	663	650	195	35	407	827	522	143	14	2690.237	26674	9205	1694	621	376	308	278	244	208	161	108	960.156	10390	2883	630	309	241	217	196	180	159	133	104	1	327	621.982	1085.332	0	0	0	12728	0	0	0	3877	0	0	0	1	277	621.980	1085.269	0	0	0	15981	0	0	0	4877	0	0	0
91	91	2509	1315.602	1123.931	441	947	793	264	22	512	1248	569	129	15	1298.834	21275	1843	566	458	419	389	357	318	276	208	116	1047.862	18583	1505	473	329	300	281	260	238	201	163	114	1	196	1316.576	1127.722	0	0	0	10317	0	0	0	8580	0	0	0	1	195	1316.673	1127.788	0	0	0	10317	0	0	0	8580	0	0	0
92	92	2065	1502.363	1118.203	333	590	722	354	32	252	800	659	234	69	1196.213	7251	1718	1529	1368	1241	1125	1013	885	745	546	219	174.493	944	208	190	179	171	162	154	146	138	129	108	1	34	1506.575	1115.778	0	0	0	4772	0	0	0	617	0	0	0	1	39	1506.133	1115.823	0	0	0	4334	0	0	0	589	0	0	0
93	93	1202	1824.725	1120.441	292	333	393	137	18	233	389	376	154	27	2300.580	4132	3500	3193	2938	2668	2471	2174	1793	1390	858	213	437.044	771	630	577	529	478	440	415	379	306	193	115	0	0	0.000	0.000	0	0	0	0	0	0	0	0	0	0	0	0	0	0.000	0.000	0	0	0	0	0	0	0	0	0	0	0
94	94	1367	1141.837	1144.996	460	336	325	185	39	356	488	306	149	49	112.176	128	120	117	115	114	112	110	109	107	105	100	126.485	169	146	139	134	130	127	123	118	111	106	99	0	0	0.000	0.000	0	0	0	0	0	0	0	0	0	0	0	0	0	0.000	0.000	0	0	0	0	0	0	0	0	0	0	0
95	95	1959	1088.684	1152.961	411	547	550	354	57	444	657	476	265	84	115.629	141	126	122	119	117	115	113	111	109	106	92	147.439	209	180	170	161	153	146	138	132	126	118	100	0	0	0.000	0.000	0	0	0	0	0	0	0	0	0	0	0	0	0	0.000	0.000	0	0	0	0	0	0	0	0	0	0	0
96	96	1287	1306.674	1165.084	265	326	401	228	44	242	582	325	113	9	411.902	620	544	515	486	456	425	397	368	322	235	135	280.401	412	362	345	326	308	292	276	253	218	165	113	0	0	0.000	0.000	0	0	0	0	0	0	0	0	0	0	0	0	0	0.000	0.000	0	0	0	0	0	0	0	0	0	0	0
97	97	1386	1466.263	1168.068	251	526	384	184	22	246	428	399	202	83	304.593	440	376	354	337	320	304	292	279	261	231	119	112.085	138	122	117	114	112	111	109	108	107	105	99	0	0	0.000	0.000	0	0	0	0	0	0	0	0	0	0	0	0	0	0.000	0.000	0	0	0	0	0	0	0	0	0	0	0
98	98	1176	1037.930	1168.581	628	306	138	53	35	566	308	220	59	13	174.923	245	213	202	195	187	180	172	160	145	126	102	111.569	128	118	116	114	113	111	110	109	107	105	99	0	0	0.000	0.000	0	0	0	0	0	0	0	0	0	0	0	0	0	0.000	0.000	0	0	0	0	0	0	0	0	0	0	0
99	99	1948	1892.077	1189.913	484	886	449	82	6	496	1028	294	101	8	113.991	132	122	119	117	115	114	112	111	109	107	98	144.126	183	164	159	154	150	145	141	136	130	122	102	0	0	0.000	0.000	0	0	0	0	0	0	0	0	0	0	0	0	0	0.000	0.000	0	0	0	0	0	0	0	0	0	0	0
100	100	1629	520.174	1191.945	134	630	654	158	13	102	726	532	190	50	958.969	5485	1392	1200	1083	995	901	786	655	562	501	243	154.413	774	181	166	158	150	142	135	129	125	120	108	1	31	521.736	1187.266	0	0	0	3642	0	0	0	473	0	0	0	1	37	521.601	1186.977	0	0	0	3374	0	0	0	472	0	0	0
101	101	1529	1493.138	1208.031	117	556	630	165	18	120	794	423	146	12	474.833	8812	608	321	267	242	222	208	198	187	169	119	158.610	945	189	156	146	139	134	129	124	120	115	102	1	74	1492.198	1206.432	0	0	0	4008	0	0	0	484	0	0	0	1	71	1492.353	1205.391	0	0	0	2798	0	0	0	503	0	0	0
102	102	1127	88.386	1223.979	114	305	378	253	59	81	308	406	237	77	120.857	158	129	126	123	121	120	118	117	115	113	105	109.080	130	119	115	111	109	107	106	105	104	102	95	0	0	0.000	0.000	0	0	0	0	0	0	0	0	0	0	0	0	0	0.000	0.000	0	0	0	0	0	0	0	0	0	0	0
103	103	1694	135.472	1228.887	307	634	480	210	36	351	781	369	145	10	120.653	140	128	126	125	123	121	120	117	115	111	101	109.194	145	118	113	111	109	107	106	105	104	103	98	0	0	0.000	0.000	0	0	0	0	0	0	0	0	0	0	0	0	0	0.000	0.000	0	0	0	0	0	0	0	0	0	0	0
104	104	1986	646.676	1229.806	321	437	665	445	86	307	659	701	228	53	172.975	231	205	198	192	185	178	170	158	146	131	109	158.934	223	196	184	175	167	159	151	143	134	122	101	0	0	0.000	0.000	0	0	0	0	0	0	0	0	0	0	0	0	0	0.000	0.000	0	0	0	0	0	0	0	0	0	0	0
105	105	815	485.942	1230.741	112	296	275	105	17	73	284	300	128	20	759.688	1168	1044	975	911	856	783	707	642	568	460	183	140.390	174	159	153	149	146	141	138	133	128	121	103	0	0	0.000	0.000	0	0	0	0	0	0	0	0	0	0	0	0	0	0.000	0.000	0	0	0	0	0	0	0	0	0	0	0
106	106	1293	528.617	1239.602	148	274	480	320	52	117	436	462	216	28	306.429	422	358	344	335	327	320	311	296	269	230	135	116.200	140	124	122	120	118	117	115	113	111	107	98	0	0	0.000	0.000	0	0	0	0	0	0	0	0	0	0	0	0	0	0.000	0.000	0	0	0	0	0	0	0	0	0	0	0
107	107	1473	1482.948	1253.636	220	447	475	261	45	190	475	528	168	86	229.385	1350	272	256	246	235	223	211	195	171	141	104	130.708	250	151	144	139	134	130	126	120	116	108	101	1	27	1486.475	1244.272	0	0	0	777	0	0	0	179	0	0	0	1	10	1487.203	1243.071	0	0	0	861	0	0	0	213	0	0	0
108	108	1784	603.790	1253.384	474	440	488	306	53	432	614	455	219	38	1238.419	18202	2727	577	325	256	223	204	184	165	146	119	315.582	2915	573	226	192	176	165	156	147	137	127	109	1	186	603.377	1248.210	0	0	0	8598	0	0	0	1411	0	0	0	1	181	603.330	1248.162	0	0	0	8852	0	0	0	1474	0	0	0
109	109	885	258.755	1260.286	405	180	153	123	13	321	206	172	142	28	147.399	183	167	162	159	155	151	145	139	130	121	109	151.803	195	178	171	166	160	154	149	142	131	119	104	0	0	0.000	0.000	0	0	0	0	0	0	0	0	0	0	0	0	0	0.000	0.000	0	0	0	0	0	0	0	0	0	0	0
110	110	1951	494.552	1301.298	164	479	749	437	78	81	313	887	422	205	111.682	123	116	115	114	113	112	111	110	109	107	100	147.492	188	168	161	156	152	147	143	139	135	127	102	0	0	0.000	0.000	0	0	0	0	0	0	0	0	0	0	0	0	0	0.000	0.000	0	0	0	0	0	0	0	0	0	0	0
111	111	2102	631.690	1317.155	533	650	621	216	44	463	775	540	244	45	733.910	16163	943	404	311	287	269	247	224	194	151	109	424.683	2355	574	477	446	421	389	353	312	263	200	117	1	105	629.391	1309.334	0	0	0	7105	0	0	0	1373	0	0	0	1	75	629.896	1309.348	0	0	0	9452	0	0	0	1628	0	0	0
112	112	2420	1218.066	1330.910	664	822	685	205	2	547	801	656	362	17	1202.657	1861	1644	1550	1452	1348	1243	1153	1065	889	623	254	174.560	235	211	203	195	184	175	167	160	149	132	104	0	0	0.000	0.000	0	0	0	0	0	0	0	0	0	0	0	0	0	0.000	0.000	0	0	0	0	0	0	0	0	0	0	0
113	113	1878	973.330	1337.592	623	817	318	66	20	1020	718	81	10	9	119.092	178	127	124	122	120	118	117	115	113	110	101	467.012	712	605	577	558	533	496	455	413	350	265	135	0	0	0.000	0.000	0	0	0	0	0	0	0	0	0	0	0	0	0	0.000	0.000	0	0	0	0	0	0	0	0	0	0	0
114	114	2346	577.364	1342.078	465	651	756	409	31	406	579	840	379	94	240.325	353	306	295	284	269	251	227	205	183	157	115	398.118	616	558	526	497	458	415	363	311	265	214	133	0	0	0.000	0.000	0	0	0	0	0	0	0	0	0	0	0	0	0	0.000	0.000	0	0	0	0	0	0	0	0	0	0	0
115	115	1458	510.277	1351.696	335	349	366	301	83	294	394	418	273	56	112.005	128	118	116	114	113	112	111	110	108	107	100	152.498	191	172	167	162	158	154	150	145	138	130	111	0	0	0.000	0.000	0	0	0	0	0	0	0	0	0	0	0	0	0	0.000	0.000	0	0	0	0	0	0	0	0	0	0	0
116	116	1035	1504.546	1368.796	171	379	302	153	17	104	306	416	116	70	119.220	135	127	124	122	121	120	118	116	115	111	103	146.344	173	161	157	155	152	148	145	141	134	128	105	0	0	0.000	0.000	0	0	0	0	0	0	0	0	0	0	0	0	0	0.000	0.000	0	0	0	0	0	0	0	0	0	0	0
117	117	1114	440.956	1371.435	130	215	374	332	35	100	245	419	255	79	159.438	200	180	175	170	167	163	157	152	145	133	110	157.208	208	186	178	170	164	157	150	145	137	128	109	0	0	0.000	0.000	0	0	0	0	0	0	0	0	0	0	0	0	0	0.000	0.000	0	0	0	0	0	0	0	0	0	0	0
118	118	1096	1355.692	1381.912	484	479	65	22	20	594	426	25	20	12	263.089	353	320	309	299	289	274	258	239	215	185	132	106.719	126	113	110	108	107	106	105	104	103	102	96	0	0	0.000	0.000	0	0	0	0	0	0	0	0	0	0	0	0	0	0.000	0.000	0	0	0	0	0	0	0	0	0	0	0
119	119	1833	485.187	1397.654	223	626	585	277	78	408	876	383	118	18	302.546	6434	310	193	182	174	167	161	155	148	137	107	184.937	1162	200	185	180	175	170	164	155	143	130	103	1	66	493.015	1408.817	0	0	0	2465	0	0	0	475	0	0	0	1	54	491.739	1408.126	0	0	0	2325	0	0	0	689	0	0	0
120	120	836	96.043	1395.735	79	239	252	175	74	64	267	285	139	64	109.431	123	114	112	111	110	109	108	108	107	105	101	158.222	197	183	177	172	166	161	155	147	139	129	107	0	0	0.000	0.000	0	0	0	0	0	0	0	0	0	0	0	0	0	0.000	0.000	0	0	0	0	0	0	0	0	0	0	0
121	121	1600	1483.741	1412.353	184	493	519	304	76	205	615	480	217	54	121.995	145	131	128	126	124	122	120	118	115	112	102	150.571	194	174	168	163	158	154	149	143	134	117	100	0	0	0.000	0.000	0	0	0	0	0	0	0	0	0	0	0	0	0	0.000	0.000	0	0	0	0	0	0	0	0	0	0	0
122	122	1566	213.783	1421.412	263	424	471	305	64	230	603	495	185	25	112.114	126	117	116	114	113	112	111	110	109	107	100	131.914	163	146	142	138	135	132	130	127	123	117	103	0	0	0.000	0.000	0	0	0	0	0	0	0	0	0	0	0	0	0	0.000	0.000	0	0	0	0	0	0	0	0	0	0	0
123	123	976	1338.365	1422.566	87	251	314	230	73	79	301	285	222	77	257.129	348	311	298	285	273	263	252	239	222	191	121	109.219	137	120	114	110	108	107	106	105	104	103	97	0	0	0.000	0.000	0	0	0	0	0	0	0	0	0	0	0	0	0	0.000	0.000	0	0	0	0	0	0	0	0	0	0	0
124	124	1323	134.409	1430.804	189	477	412	196	26	197	570	346	157	31	305.682	437	385	371	356	340	322	298	269	235	195	140	130.595	159	146	142	138	134	131	127	123	119	115	105	0	0	0.000	0.000	0	0	0	0	0	0	0	0	0	0	0	0	0	0.000	0.000	0	0	0	0	0	0	0	0	0	0	0
125	125	1909	1606.916	1435.350	517	578	535	208	32	507	643	495	195	46	111.106	125	117	115	114	112	111	110	108	107	105	99	112.879	159	127	118	113	111	110	109	107	106	104	95	0	0	0.000	0.000	0	0	0	0	0	0	0	0	0	0	0	1	133	1609.636	1426.634	0	0	0	111	0	0	0	141	0	0	0
126	126	1393	89.322	1436.857	180	376	451	302	59	113	284	475	353	150	108.483	120	113	111	110	109	108	107	107	106	104	97	150.519	194	171	166	160	154	149	145	141	138	131	106	0	0	0.000	0.000	0	0	0	0	0	0	0	0	0	0	0	0	0	0.000	0.000	0	0	0	0	0	0	0	0	0	0	0
127	127	1238	848.599	1443.710	261	390	352	192	20	171	404	364	207	71	112.002	126	118	116	114	113	112	111	110	108	106	98	168.053	236	212	203	196	188	179	170	147	118	107	100	0	0	0.000	0.000	0	0	0	0	0	0	0	0	0	0	0	0	0	0.000	0.000	0	0	0	0	0	0	0	0	0	0	0
128	128	1780	495.380	1447.951	328	472	614	291	43	275	627	627	196	25	306.235	8445	294	178	161	154	150	147	143	138	130	107	199.739	914	240	222	209	198	192	185	178	165	139	106	1	56	490.756	1464.797	0	0	0	3452	0	0	0	466	0	0	0	1	32	490.594	1464.658	0	0	0	5090	0	0	0	600	0	0	0
129	129	865	1140.478	1441.644	144	329	243	116	24	77	229	329	152	69	191.839	256	222	213	206	201	195	189	182	170	154	118	178.096	230	208	199	191	186	179	173	166	159	149	113	0	0	0.000	0.000	0	0	0	0	0	0	0	0	0	0	0	0	0	0.000	0.000	0	0	0	0	0	0	0	0	0	0	0
130	130	1325	1552.982	1448.422	273	305	361	281	83	258	531	301	178	33	111.803	126	118	116	114	113	112	110	109	107	106	98	113.266	143	126	121	116	113	111	109	108	106	105	99	0	0	0.000	0.000	0	0	0	0	0	0	0	0	0	0	0	0	0	0.000	0.000	0	0	0	0	0	0	0	0	0	0	0
131	131	992	899.046	1445.007	114	324	308	202	19	101	475	219	120	54	527.979	779	691	657	621	587	547	517	467	400	312	162	142.196	184	162	157	153	149	144	139	134	127	118	105	0	0	0.000	0.000	0	0	0	0	0	0	0	0	0	0	0	0	0	0.000	0.000	0	0	0	0	0	0	0	0	0	0	0
132	132	1890	178.844	1463.198	248	476	602	437	93	211	720	610	276	34	112.197	124	118	116	115	113	112	111	110	108	106	99	131.760	168	148	144	140	136	132	128	125	120	114	103	0	0	0.000	0.000	0	0	0	0	0	0	0	0	0	0	0	0	0	0.000	0.000	0	0	0	0	0	0	0	0	0	0	0
133	133	1409	1436.271	1465.647	263	391	443	257	26	203	492	509	161	23	111.310	124	117	115	114	112	111	110	109	108	106	100	106.341	118	111	109	108	107	106	105	104	104	103	97	0	0	0.000	0.000	0	0	0	0	0	0	0	0	0	0	0	0	0	0.000	0.000	0	0	0	0	0	0	0	0	0	0	0
134	134	1986	128.232	1484.803	129	534	768	426	97	97	511	860	370	107	499.656	7584	619	449	385	352	326	299	272	242	203	112	153.451	966	175	152	143	136	131	125	121	118	113	102	1	78	130.527	1480.597	0	0	0	3620	0	0	0	535	0	0	0	1	81	130.515	1480.380	0	0	0	3290	0	0	0	530	0	0	0
135	135	1618	880.459	1487.041	384	507	441	227	34	261	619	454	198	41	118.172	139	127	124	122	120	118	117	115	112	109	101	216.265	309	272	256	244	230	218	204	192	178	156	122	0	0	0.000	0.000	0	0	0	0	0	0	0	0	0	0	0	0	0	0.000	0.000	0	0	0	0	0	0	0	0	0	0	0
136	136	1606	1137.117	1490.578	353	518	411	265	29	306	571	415	226	54	368.492	6880	391	262	247	237	226	217	207	191	163	116	249.628	2809	276	227	216	207	199	191	183	170	148	110	1	54	1145.994	1500.566	0	0	0	3468	0	0	0	1348	0	0	0	1	51	1145.671	1499.985	0	0	0	2276	0	0	0	1353	0	0	0
137	137	1103	218.978	1487.212	145	324	345	219	50	142	383	323	191	41	111.975	124	117	116	114	113	112	111	110	108	106	98	129.922	158	142	138	136	133	131	129	126	121	115	102	0	0	0.000	0.000	0	0	0	0	0	0	0	0	0	0	0	0	0	0.000	0.000	0	0	0	0	0	0	0	0	0	0	0
138	138	1404	77.344	1489.688	238	381	397	319	48	208	433	454	209	68	111.630	132	117	115	114	112	111	110	109	108	107	97	161.142	203	184	177	173	169	165	160	154	146	131	104	0	0	0.000	0.000	0	0	0	0	0	0	0	0	0	0	0	0	0	0.000	0.000	0	0	0	0	0	0	0	0	0	0	0
139	139	1417	467.964	1491.682	238	302	441	337	72	213	449	455	222	52	142.673	177	157	153	150	147	144	141	138	133	125	105	179.543	241	211	203	196	189	182	173	166	159	144	110	0	0	0.000	0.000	0	0	0	0	0	0	0	0	0	0	0	0	0	0.000	0.000	0	0	0	0	0	0	0	0	0	0	0
140	140	1169	606.963	1488.895	462	301	254	120	19	362	375	198	146	69	111.763	132	119	117	114	113	111	110	108	107	105	98	264.476	454	395	354	321	290	256	230	206	179	141	106	0	0	0.000	0.000	0	0	0	0	0	0	0	0	0	0	0	0	0	0.000	0.000	0	0	0	0	0	0	0	0	0	0	0
141	141	1620	1335.107	1522.108	277	466	492	313	41	233	731	431	184	19	113.112	133	119	117	116	114	113	112	111	109	107	97	161.860	207	186	180	176	171	167	161	155	146	127	103	0	0	0.000	0.000	0	0	0	0	0	0	0	0	0	0	0	0	0	0.000	0.000	0	0	0	0	0	0	0	0	0	0	0
142	142	840	829.611	1522.520	124	302	219	157	24	167	327	208	113	8	114.196	136	121	119	117	116	114	113	111	109	107	98	146.430	180	165	161	157	153	148	143	137	132	125	110	0	0	0.000	0.000	0	0	0	0	0	0	0	0	0	0	0	0	0	0.000	0.000	0	0	0	0	0	0	0	0	0	0	0
143	143	1219	101.237	1529.539	232	294	284	275	114	186	278	309	282	135	191.012	1681	216	190	180	174	170	163	157	150	140	114	141.114	264	160	152	145	141	138	135	132	129	124	106	1	33	106.308	1526.956	0	0	0	672	0	0	0	194	0	0	0	0	0	0.000	0.000	0	0	0	0	0	0	0	0	0	0	0
144	144	1506	1183.700	1533.790	905	276	176	103	33	823	331	215	92	28	287.511	5115	361	188	149	138	133	129	124	120	114	103	478.064	7053	630	394	327	305	287	267	238	202	159	107	1	81	1189.440	1529.319	0	0	0	2210	0	0	0	2868	0	0	0	1	75	1189.436	1529.628	0	0	0	2373	0	0	0	3160	0	0	0
145	145	1725	788.079	1541.403	132	466	652	384	51	104	440	663	362	122	118.234	137	126	123	122	120	118	116	115	113	110	100	154.545	200	179	172	166	160	154	149	144	138	130	108	0	0	0.000	0.000	0	0	0	0	0	0	0	0	0	0	0	0	0	0.000	0.000	0	0	0	0	0	0	0	0	0	0	0
146	146	1063	1127.118	1539.687	592	203	129	93	30	544	222	152	109	22	161.161	1292	186	148	141	136	132	127	122	117	111	101	323.567	2384	422	361	332	313	294	263	229	194	149	116	1	46	1135.927	1537.461	0	0	0	648	0	0	0	1039	0	0	0	1	36	1136.077	1538.222	0	0	0	728	0	0	0	1358	0	0	0
147	147	2081	1282.075	1550.808	298	520	716	422	78	253	821	652	228	89	219.160	296	261	251	243	236	227	215	202	185	167	124	214.304	297	270	259	244	229	214	201	187	173	157	113	0	0	0.000	0.000	0	0	0	0	0	0	0	0	0	0	0	0	0	0.000	0.000	0	0	0	0	0	0	0	0	0	0	0
148	148	1584	1232.370	1558.825	172	394	545	361	78	169	563	561	191	70	2958.218	25466	12386	2600	908	438	292	233	205	185	164	118	586.044	4337	1929	539	299	239	215	196	178	160	148	109	1	323	1233.237	1562.109	0	0	0	12073	0	0	0	1824	0	0	0	1	267	1233.221	1562.180	0	0	0	15252	0	0	0	2340	0	0	0
149	149	1492	245.006	1570.035	737	568	112	22	19	785	558	87	20	20	506.058	3285	635	584	562	536	488	435	390	337	268	137	129.529	375	140	134	132	129	126	124	121	118	113	101	1	29	236.309	1580.195	0	0	0	2010	0	0	0	255	0	0	0	1	34	236.528	1579.741	0	0	0	1818	0	0	0	247	0	0	0
150	150	724	1853.883	1596.419	142	236	174	128	30	111	253	183	120	46	113.481	130	120	118	116	115	113	112	110	109	107	101	115.930	135	122	120	119	117	116	114	113	112	110	104	0	0	0.000	0.000	0	0	0	0	0	0	0	0	0	0	0	0	0	0.000	0.000	0	0	0	0	0	0	0	0	0	0	0
151	151	1810	1331.768	1626.394	283	556	574	303	61	250	732	564	191	38	116.965	137	124	122	120	119	117	116	114	112	109	102	157.930	218	189	178	170	163	156	151	145	138	129	107	0	0	0.000	0.000	0	0	0	0	0	0	0	0	0	0	0	0	0	0.000	0.000	0	0	0	0	0	0	0	0	0	0	0
152	152	2383	712.083	1634.450	507	1086	655	78	9	188	855	842	376	67	408.567	8223	445	278	253	235	222	210	198	176	148	108	187.283	1674	208	173	166	161	155	148	140	127	119	102	1	99	721.177	1628.142	0	0	0	3497	0	0	0	654	0	0	0	1	90	722.347	1628.501	0	0	0	3278	0	0	0	906	0	0	0
153	153	3028	1828.606	1648.257	2323	450	142	60	22	2041	637	209	77	25	133.449	288	192	150	125	121	118	116	115	113	110	99	148.703	383	245	185	134	126	122	119	116	113	111	98	0	0	0.000	0.000	0	0	0	0	0	0	0	0	0	0	0	0	0	0.000	0.000	0	0	0	0	0	0	0	0	0	0	0
154	154	1034	856.865	1628.919	491	301	143	65	23	397	209	218	139	53	173.205	1387	214	169	157	149	143	137	130	123	115	105	391.597	1686	542	482	446	412	391	362	316	244	167	118	1	37	854.218	1628.715	0	0	0	717	0	0	0	1001	0	0	0	1	20	854.550	1627.975	0	0	0	910	0	0	0	1280	0	0	0
155	155	1695	1878.471	1656.543	283	580	492	250	56	362	753	393	136	15	1556.897	21584	3470	781	407	289	238	223	211	197	173	117	456.976	3497	779	382	335	315	293	273	256	236	201	126	1	192	1883.227	1653.910	0	0	0	10230	0	0	0	1559	0	0	0	1	147	1883.668	1653.876	0	0	0	13210	0	0	0	1987	0	0	0
156	156	1039	1011.286	1667.915	292	326	218	149	33	299	444	184	83	10	124.549	286	139	125	122	119	117	116	114	112	110	102	258.472	378	340	320	300	280	265	247	224	196	166	118	0	0	0.000	0.000	0	0	0	0	0	0	0	0	0	0	0	0	0	0.000	0.000	0	0	0	0	0	0	0	0	0	0	0
157	157	1715	124.478	1676.642	569	733	329	35	22	593	833	226	19	22	375.320	594	490	455	431	410	389	361	333	289	238	149	106.819	126	113	110	108	107	106	105	104	103	102	97	0	0	0.000	0.000	0	0	0	0	0	0	0	0	0	0	0	0	0	0.000	0.000	0	0	0	0	0	0	0	0	0	0	0
158	158	1931	1101.979	1685.478	587	902	351	40	18	686	944	214	23	24	176.296	236	206	198	191	186	179	173	165	154	139	107	106.321	126	111	109	107	107	106	105	104	104	102	97	0	0	0.000	0.000	0	0	0	0	0	0	0	0	0	0	0	0	0	0.000	0.000	0	0	0	0	0	0	0	0	0	0	0
159	159	1334	745.533	1683.241	150	345	462	289	52	127	381	491	250	54	207.053	287	256	246	238	230	219	207	190	162	133	103	154.490	208	183	176	170	165	159	151	143	130	117	103	0	0	0.000	0.000	0	0	0	0	0	0	0	0	0	0	0	0	0	0.000	0.000	0	0	0	0	0	0	0	0	0	0	0
160	160	1578	1227.186	1686.477	640	673	199	31	9	406	771	263	83	30	115.673	131	122	120	119	117	116	114	113	111	109	99	114.599	142	125	120	117	115	113	112	110	109	108	102	0	0	0.000	0.000	0	0	0	0	0	0	0	0	0	0	0	0	0	0.000	0.000	0	0	0	0	0	0	0	0	0	0	0
161	161	2109	212.773	1711.318	529	908	514	106	21	601	974	406	92	8	113.577	139	121	118	116	115	113	112	110	108	107	98	259.514	391	330	314	302	290	277	258	233	196	156	110	0	0	0.000	0.000	0	0	0	0	0	0	0	0	0	0	0	0	0	0.000	0.000	0	0	0	0	0	0	0	0	0	0	0
162	162	1653	568.706	1715.310	236	435	515	334	90	249	541	527	242	57	174.479	226	207	201	195	188	180	171	159	147	132	107	204.976	293	263	251	240	224	209	192	175	158	140	110	0	0	0.000	0.000	0	0	0	0	0	0	0	0	0	0	0	0	0	0.000	0.000	0	0	0	0	0	0	0	0	0	0	0
163	163	1360	92.864	1722.396	274	388	366	237	75	277	466	366	208	27	303.355	449	385	370	360	348	332	311	278	223	155	113	105.533	118	110	108	107	106	105	104	104	103	101	95	0	0	0.000	0.000	0	0	0	0	0	0	0	0	0	0	0	0	0	0.000	0.000	0	0	0	0	0	0	0	0	0	0	0
164	164	1940	1058.716	1723.341	357	631	603	264	48	333	862	511	172	21	1723.512	20048	2916	1103	962	846	740	664	600	534	430	157	188.961	1442	250	153	143	136	131	128	123	119	114	104	1	176	1055.683	1728.077	0	0	0	10287	0	0	0	648	0	0	0	1	160	1055.768	1727.460	0	0	0	11773	0	0	0	698	0	0	0
165	165	1126	1139.845	1726.228	226	401	322	147	13	166	480	321	114	20	166.863	214	193	185	179	175	171	165	159	150	133	108	106.411	119	111	109	108	107	106	105	105	104	102	98	0	0	0.000	0.000	0	0	0	0	0	0	0	0	0	0	0	0	0	0.000	0.000	0	0	0	0	0	0	0	0	0	0	0
166	166	1204	1214.159	1730.215	178	363	372	244	32	158	531	365	112	8	114.699	135	121	119	117	116	115	113	112	110	108	101	247.943	335	303	287	273	261	253	244	233	214	184	123	0	0	0.000	0.000	0	0	0	0	0	0	0	0	0	0	0	0	0	0.000	0.000	0	0	0	0	0	0	0	0	0	0	0
167	167	1302	1665.074	1751.243	206	346	369	262	98	208	469	412	155	38	318.207	449	385	367	352	340	329	315	297	269	229	127	144.183	175	162	156	152	148	145	141	137	133	126	107	0	0	0.000	0.000	0	0	0	0	0	0	0	0	0	0	0	0	0	0.000	0.000	0	0	0	0	0	0	0	0	0	0	0
168	168	1884	1176.692	1759.993	261	602	625	309	48	182	720	633	267	50	111.639	125	117	115	114	113	112	111	110	108	106	97	233.867	343	303	282	262	248	233	218	203	188	172	124	0	0	0.000	0.000	0	0	0	0	0	0	0	0	0	0	0	0	0	0.000	0.000	0	0	0	0	0	0	0	0	0	0	0
169	169	1692	1155.258	1810.030	264	461	564	321	47	214	575	568	237	76	110.863	127	117	115	113	112	111	110	108	107	105	99	246.165	379	335	314	292	269	249	226	206	182	152	113	0	0	0.000	0.000	0	0	0	0	0	0	0	0	0	0	0	0	0	0.000	0.000	0	0	0	0	0	0	0	0	0	0	0
170	170	1266	259.120	1812.538	348	399	292	174	37	187	471	334	207	47	112.806	129	119	117	115	114	113	112	110	109	107	100	494.862	735	623	596	573	553	530	502	456	383	296	143	0	0	0.000	0.000	0	0	0	0	0	0	0	0	0	0	0	0	0	0.000	0.000	0	0	0	0	0	0	0	0	0	0	0
171	171	610	1502.545	1817.177	237	169	130	47	16	296	209	79	8	6	113.466	131	120	118	116	114	113	112	110	109	107	102	111.298	133	120	116	113	112	110	109	108	106	104	99	0	0	0.000	0.000	0	0	0	0	0	0	0	0	0	0	0	0	0	0.000	0.000	0	0	0	0	0	0	0	0	0	0	0
172	172	2354	1295.943	1833.647	603	581	639	384	109	643	1078	457	129	8	141.508	183	164	159	153	148	143	136	130	124	117	103	222.965	358	304	283	266	248	227	205	182	155	136	109	0	0	0.000	0.000	0	0	0	0	0	0	0	0	0	0	0	0	0	0.000	0.000	0	0	0	0	0	0	0	0	0	0	0
173	173	2133	1464.601	1836.883	405	621	720	270	70	410	851	628	175	24	115.934	140	123	121	119	118	116	115	113	111	108	98	113.642	138	122	119	117	115	113	112	110	108	106	98	0	0	0.000	0.000	0	0	0	0	0	0	0	0	0	0	0	0	0	0.000	0.000	0	0	0	0	0	0	0	0	0	0	0
174	174	1758	1115.319	1859.086	411	627	433	204	48	499	777	319	121	12	115.908	187	124	120	118	116	114	113	111	109	107	100	157.623	204	185	180	175	170	164	154	144	133	121	102	0	0	0.000	0.000	0	0	0	0	0	0	0	0	0	0	0	0	0	0.000	0.000	0	0	0	0	0	0	0	0	0	0	0
175	175	2987	1843.618	1913.065	2694	136	90	38	19	2660	177	90	32	19	799.433	21504	527	244	178	144	133	122	113	108	104	96	187.774	2187	174	140	131	122	117	112	108	105	103	98	1	241	1840.599	1931.768	0	0	0	9420	0	0	0	945	0	0	0	1	204	1840.768	1931.234	0	0	0	11625	0	0	0	1114	0	0	0
176	176	1456	1894.417	1900.524	223	569	479	133	15	176	755	387	100	10	153.990	199	177	169	164	160	156	151	144	137	129	109	272.036	383	339	321	305	294	281	264	243	221	194	131	0	0	0.000	0.000	0	0	0	0	0	0	0	0	0	0	0	0	0	0.000	0.000	0	0	0	0	0	0	0	0	0	0	0
177	177	1779	969.585	1907.548	296	628	601	202	26	262	705	586	158	20	868.349	15972	1384	407	268	229	211	198	182	163	142	107	247.871	2441	325	194	177	168	159	151	144	134	124	104	1	128	976.937	1902.200	0	0	0	7461	0	0	0	947	0	0	0	1	120	978.112	1901.966	0	0	0	7082	0	0	0	1244	0	0	0
178	178	768	347.075	1917.884	247	252	190	51	16	220	335	151	36	10	110.385	123	116	114	112	111	110	109	108	107	105	100	131.536	172	152	144	138	134	131	126	122	118	114	103	0	0	0.000	0.000	0	0	0	0	0	0	0	0	0	0	0	0	0	0.000	0.000	0	0	0	0	0	0	0	0	0	0	0
179	179	2261	110.456	1955.783	430	810	695	279	18	251	724	750	385	106	813.838	3352	1167	1063	968	875	790	728	649	549	378	131	137.413	426	160	150	144	137	132	127	123	118	114	101	1	20	116.617	1952.708	0	0	0	2798	0	0	0	243	0	0	0	1	43	118.632	1950.971	0	0	0	1406	0	0	0	272	0	0	0
180	180	2591	408.855	1965.259	441	822	788	399	98	348	728	836	498	139	900.823	19674	1020	315	212	192	183	177	169	159	145	112	273.337	2805	332	212	196	186	176	168	162	153	142	111	1	169	407.265	1974.210	0	0	0	9314	0	0	0	1417	0	0	0	1	163	407.566	1974.136	0	0	0	9508	0	0	0	1456	0	0	0
181	181	1787	1895.999	1950.405	249	470	627	364	52	230	560	602	301	66	146.674	198	172	163	157	152	147	142	136	129	122	103	242.697	393	333	305	275	258	245	228	209	180	153	110	0	0	0.000	0.000	0	0	0	0	0	0	0	0	0	0	0	0	0	0.000	0.000	0	0	0	0	0	0	0	0	0	0	0
182	182	2832	347.235	1969.216	548	798	932	396	100	540	1059	823	324	39	226.199	5166	214	192	184	178	173	168	162	153	136	104	186.018	698	217	208	199	191	184	177	167	155	138	108	1	46	324.459	1963.677	0	0	0	2656	0	0	0	397	0	0	0	1	36	325.242	1964.290	0	0	0	3060	0	0	0	510	0	0	0
