 	cell	area	x	y	BFI_lev_b1	BFI_lev_b2	BFI_lev_b3	BFI_lev_b4	BFI_lev_b5	BFO_lev_b1	BFO_lev_b2	BFO_lev_b3	BFO_lev_b4	BFO_lev_b5	GFP_int_mean	GFP_int_b0	GFP_int_b1	GFP_int_b2	GFP_int_b3	GFP_int_b4	GFP_int_b5	GFP_int_b6	GFP_int_b7	GFP_int_b8	GFP_int_b9	GFP_int_b10	RFP_int_mean	RFP_int_b0	RFP_int_b1	RFP_int_b2	RFP_int_b3	RFP_int_b4	RFP_int_b5	RFP_int_b6	RFP_int_b7	RFP_int_b8	RFP_int_b9	RFP_int_b10	inGFPnfoci	f1_inGFParea	f1_inGFPx	f1_inGFPy	f2_inGFParea	f2_inGFPx	f2_inGFPy	f1_inGFP_toGFPmed	f1_inGFP_toGFPmean	f2_inGFP_toGFPmed	f2_inGFP_toGFPmean	f1_inGFP_toRFPmed	f1_inGFP_toRFPmean	f2_inGFP_toRFPmed	f2_inGFP_toRFPmean	inRFPnfoci	f1_inRFParea	f1_inRFPx	f1_inRFPy	f2_inRFParea	f2_inRFPx	f2_inRFPy	f1_inRFP_toGFPmed	f1_inRFP_toGFPmean	f2_inRFP_toGFPmed	f2_inRFP_toGFPmean	f1_inRFP_toRFPmed	f1_inRFP_toRFPmean	f2_inRFP_toRFPmed	f2_inRFP_toRFPmean
1	1	2331	344.740	85.379	776	956	491	60	10	421	896	658	255	58	118.771	136	126	124	122	120	119	118	116	114	111	100	216.989	319	273	261	251	239	225	209	191	175	143	105	0	0	0.000	0.000	0	0	0	0	0	0	0	0	0	0	0	0	0	0.000	0.000	0	0	0	0	0	0	0	0	0	0	0
2	2	1248	979.080	84.425	144	355	413	238	75	139	414	376	211	77	158.550	196	178	173	168	163	158	155	151	146	138	110	131.445	159	147	143	139	136	132	128	125	121	114	102	0	0	0.000	0.000	0	0	0	0	0	0	0	0	0	0	0	0	0	0.000	0.000	0	0	0	0	0	0	0	0	0	0	0
3	3	1092	541.223	100.779	144	292	321	236	85	159	471	253	173	17	363.217	550	477	441	412	387	363	343	323	299	251	129	121.234	144	131	128	125	123	121	119	117	115	112	100	0	0	0.000	0.000	0	0	0	0	0	0	0	0	0	0	0	0	0	0.000	0.000	0	0	0	0	0	0	0	0	0	0	0
4	4	926	1147.606	108.263	95	346	297	142	29	98	446	228	120	23	596.799	842	744	697	662	617	586	556	529	507	477	245	148.730	180	166	161	157	152	148	144	140	137	133	118	0	0	0.000	0.000	0	0	0	0	0	0	0	0	0	0	0	0	0	0.000	0.000	0	0	0	0	0	0	0	0	0	0	0
5	5	1043	1008.413	114.337	77	252	341	244	106	83	347	339	219	30	113.570	131	119	117	116	114	113	112	111	110	108	102	180.522	245	217	207	197	189	181	173	164	156	145	110	0	0	0.000	0.000	0	0	0	0	0	0	0	0	0	0	0	0	0	0.000	0.000	0	0	0	0	0	0	0	0	0	0	0
6	6	2975	496.117	137.528	712	932	978	272	32	510	649	984	537	249	123.510	146	134	131	129	127	124	122	119	116	112	99	360.051	587	509	478	444	402	363	323	285	245	200	122	0	0	0.000	0.000	0	0	0	0	0	0	0	0	0	0	0	0	0	0.000	0.000	0	0	0	0	0	0	0	0	0	0	0
7	7	2530	559.718	150.955	667	982	645	182	26	563	1148	605	157	17	119.280	138	128	125	124	122	120	118	116	113	109	98	306.168	462	408	381	358	335	312	291	268	236	188	111	0	0	0.000	0.000	0	0	0	0	0	0	0	0	0	0	0	0	0	0.000	0.000	0	0	0	0	0	0	0	0	0	0	0
8	8	998	1118.578	139.311	422	297	162	80	23	269	305	251	121	22	135.367	268	154	146	142	138	134	129	125	120	114	105	242.769	510	328	304	287	273	253	232	202	167	128	105	0	0	0.000	0.000	0	0	0	0	0	0	0	0	0	0	0	0	0	0.000	0.000	0	0	0	0	0	0	0	0	0	0	0
9	9	1923	1171.909	151.940	480	973	368	52	12	235	785	532	270	64	754.704	9067	890	749	680	627	592	557	513	454	369	135	170.706	1099	194	167	159	153	150	145	140	134	123	101	1	64	1167.123	143.843	0	0	0	4681	0	0	0	647	0	0	0	1	69	1166.547	143.272	0	0	0	3555	0	0	0	604	0	0	0
10	10	1897	1021.150	161.622	488	808	502	48	9	247	604	674	294	38	113.603	128	119	117	116	115	114	113	111	110	108	100	194.551	265	240	231	221	211	200	188	177	162	134	101	0	0	0.000	0.000	0	0	0	0	0	0	0	0	0	0	0	0	0	0.000	0.000	0	0	0	0	0	0	0	0	0	0	0
11	11	1230	1769.786	156.657	259	317	306	272	55	247	487	305	155	13	904.581	1308	1164	1099	1043	992	934	876	820	724	574	222	108.881	124	116	113	111	110	108	107	106	104	103	95	0	0	0.000	0.000	0	0	0	0	0	0	0	0	0	0	0	0	0	0.000	0.000	0	0	0	0	0	0	0	0	0	0	0
12	12	838	1074.925	152.692	581	164	43	29	10	501	188	82	24	27	158.760	558	199	181	170	159	147	140	133	128	122	106	275.770	1197	376	328	307	288	265	245	221	186	152	114	1	22	1072.960	151.477	0	0	0	348	0	0	0	748	0	0	0	1	17	1071.862	151.286	0	0	0	283	0	0	0	786	0	0	0
13	13	1845	976.508	188.703	291	531	609	328	54	257	561	587	349	51	112.674	126	119	117	115	114	113	112	110	109	107	99	157.364	222	189	181	172	165	158	150	143	135	124	101	0	0	0.000	0.000	0	0	0	0	0	0	0	0	0	0	0	0	0	0.000	0.000	0	0	0	0	0	0	0	0	0	0	0
14	14	1735	1811.292	188.574	1441	187	36	27	32	1471	176	35	22	18	951.024	1719	1455	1321	1204	1121	1047	933	772	533	237	144	107.001	123	113	111	109	108	107	105	104	103	102	96	0	0	0.000	0.000	0	0	0	0	0	0	0	0	0	0	0	0	0	0.000	0.000	0	0	0	0	0	0	0	0	0	0	0
15	15	2180	383.529	204.257	111	560	833	485	147	165	913	707	319	26	1027.832	1968	1635	1343	1177	1063	974	890	802	707	539	211	117.171	143	127	124	121	119	117	115	113	110	108	101	0	0	0.000	0.000	0	0	0	0	0	0	0	0	0	0	0	0	0	0.000	0.000	0	0	0	0	0	0	0	0	0	0	0
16	16	1385	522.831	196.994	162	317	390	374	121	138	412	495	215	96	232.890	324	289	274	262	250	237	224	212	194	165	117	131.638	161	145	141	138	136	133	130	127	122	116	103	0	0	0.000	0.000	0	0	0	0	0	0	0	0	0	0	0	0	0	0.000	0.000	0	0	0	0	0	0	0	0	0	0	0
17	17	1556	438.756	197.875	212	543	483	249	40	159	566	482	255	65	1343.826	2166	1849	1704	1588	1504	1426	1339	1157	963	701	252	120.900	144	131	128	126	124	121	119	116	114	110	102	0	0	0.000	0.000	0	0	0	0	0	0	0	0	0	0	0	0	0	0.000	0.000	0	0	0	0	0	0	0	0	0	0	0
18	18	1113	584.231	198.295	437	282	214	118	47	496	330	194	67	14	120.414	140	131	128	126	124	122	119	115	112	108	100	151.552	196	180	174	168	163	157	149	138	126	115	101	0	0	0.000	0.000	0	0	0	0	0	0	0	0	0	0	0	0	0	0.000	0.000	0	0	0	0	0	0	0	0	0	0	0
19	19	1746	1119.955	204.880	109	365	681	446	113	93	398	838	286	107	126.518	213	138	133	130	128	126	123	121	118	114	103	226.253	337	285	271	257	240	226	211	197	186	165	110	0	0	0.000	0.000	0	0	0	0	0	0	0	0	0	0	0	0	0	0.000	0.000	0	0	0	0	0	0	0	0	0	0	0
20	20	1661	1760.829	210.644	278	471	462	330	84	253	601	502	211	56	1084.707	1781	1470	1324	1229	1158	1096	1029	958	862	690	269	107.147	122	113	110	109	107	107	106	105	104	103	93	0	0	0.000	0.000	0	0	0	0	0	0	0	0	0	0	0	0	0	0.000	0.000	0	0	0	0	0	0	0	0	0	0	0
21	21	1396	932.778	208.828	354	498	354	151	12	201	513	360	228	72	111.648	127	117	115	114	113	112	110	109	108	106	99	167.086	218	195	189	184	178	173	167	158	144	127	105	0	0	0.000	0.000	0	0	0	0	0	0	0	0	0	0	0	0	0	0.000	0.000	0	0	0	0	0	0	0	0	0	0	0
22	22	1994	482.254	230.010	336	997	477	126	20	420	1141	339	42	14	420.112	8318	431	326	301	285	270	255	240	219	190	120	157.424	1211	165	150	145	141	137	134	130	125	119	101	1	62	484.820	232.052	0	0	0	3742	0	0	0	652	0	0	0	1	61	484.237	231.863	0	0	0	3510	0	0	0	652	0	0	0
23	23	1892	404.430	245.979	673	696	357	91	36	825	816	181	26	14	1125.307	14148	1364	912	836	765	709	658	602	541	429	142	223.896	2180	260	181	166	159	154	151	146	138	125	102	1	100	394.220	238.267	0	0	0	7400	0	0	0	1154	0	0	0	1	113	394.121	237.664	0	0	0	6658	0	0	0	1087	0	0	0
24	24	1114	311.885	258.792	81	221	330	291	161	83	295	447	199	65	241.952	362	305	285	266	253	242	231	220	205	177	131	119.821	146	132	127	123	121	119	117	115	113	110	99	0	0	0.000	0.000	0	0	0	0	0	0	0	0	0	0	0	0	0	0.000	0.000	0	0	0	0	0	0	0	0	0	0	0
25	25	1614	359.973	262.424	210	567	649	155	9	110	307	777	320	72	658.937	1883	871	820	770	721	670	624	586	508	396	138	145.436	267	164	158	153	150	146	143	138	132	124	103	0	0	0.000	0.000	0	0	0	0	0	0	0	0	0	0	0	0	0	0.000	0.000	0	0	0	0	0	0	0	0	0	0	0
26	26	1269	504.188	273.826	335	492	311	92	10	196	457	422	149	21	608.410	7075	969	555	477	436	401	365	331	291	220	123	173.499	1041	243	168	154	148	141	137	131	126	117	100	2	35	503.619	290.650	56	504.796	271.774	1774	0	3527	0	264	0	588	0	2	36	503.552	288.666	56	504.272	271.216	974	0	3029	0	349	0	588	0
27	27	1893	1081.657	278.336	595	830	394	22	9	329	846	474	196	15	112.684	125	118	116	115	114	113	112	111	109	108	99	155.175	203	178	171	165	160	155	152	146	140	133	106	0	0	0.000	0.000	0	0	0	0	0	0	0	0	0	0	0	0	0	0.000	0.000	0	0	0	0	0	0	0	0	0	0	0
28	28	1451	918.256	288.497	167	492	490	234	37	103	502	521	225	73	233.692	320	282	267	255	246	237	229	219	203	178	115	148.805	184	167	161	157	154	151	147	143	137	128	106	0	0	0.000	0.000	0	0	0	0	0	0	0	0	0	0	0	0	0	0.000	0.000	0	0	0	0	0	0	0	0	0	0	0
29	29	1265	1031.882	291.223	58	381	506	274	20	19	288	629	219	88	114.840	130	121	119	118	116	115	114	112	111	109	102	161.145	207	187	180	174	169	162	156	151	144	133	107	0	0	0.000	0.000	0	0	0	0	0	0	0	0	0	0	0	0	0	0.000	0.000	0	0	0	0	0	0	0	0	0	0	0
30	30	761	393.457	298.646	144	187	183	141	92	88	193	176	194	98	175.986	219	203	197	192	186	180	174	166	156	139	110	182.547	243	216	208	201	194	188	181	170	159	138	112	0	0	0.000	0.000	0	0	0	0	0	0	0	0	0	0	0	0	0	0.000	0.000	0	0	0	0	0	0	0	0	0	0	0
31	31	2093	348.861	315.068	265	495	819	414	69	187	712	845	259	43	334.525	5937	339	244	225	213	202	192	181	169	152	113	229.622	1001	287	261	244	226	213	199	187	174	154	109	1	84	347.823	301.840	0	0	0	2714	0	0	0	586	0	0	0	1	60	348.391	301.404	0	0	0	3599	0	0	0	697	0	0	0
32	32	1466	1747.610	321.194	738	353	237	97	24	548	432	303	139	22	756.681	10135	1796	470	268	202	171	157	150	142	132	111	1109.527	8736	2281	1033	784	684	644	605	534	425	309	150	1	157	1749.439	323.078	0	0	0	4382	0	0	0	4703	0	0	0	1	144	1749.541	322.613	0	0	0	4943	0	0	0	4836	0	0	0
33	33	1810	1068.107	329.747	810	706	235	22	17	1004	676	62	18	11	115.299	130	121	119	118	117	115	114	113	111	110	102	241.336	341	304	289	274	260	245	229	214	197	176	107	0	0	0.000	0.000	0	0	0	0	0	0	0	0	0	0	0	0	0	0.000	0.000	0	0	0	0	0	0	0	0	0	0	0
34	34	1898	1806.776	331.347	755	796	285	22	10	495	741	485	123	19	1115.256	17156	1906	483	344	322	307	292	277	259	216	134	785.845	11002	1262	393	317	300	286	274	255	231	189	120	1	165	1804.643	325.556	0	0	0	8017	0	0	0	5202	0	0	0	1	172	1805.086	324.996	0	0	0	7853	0	0	0	5169	0	0	0
35	35	1279	1859.208	335.220	230	504	385	114	21	208	604	363	64	16	231.524	2325	266	207	194	187	181	176	171	165	155	116	173.268	569	200	187	178	171	165	160	155	149	140	110	1	48	1871.329	331.263	0	0	0	1065	0	0	0	333	0	0	0	1	28	1872.054	329.720	0	0	0	968	0	0	0	398	0	0	0
36	36	2455	1446.650	359.309	276	635	896	500	105	216	996	831	326	48	903.317	1386	1208	1138	1065	983	898	822	762	698	603	266	149.824	187	170	164	159	155	150	146	141	136	129	110	0	0	0.000	0.000	0	0	0	0	0	0	0	0	0	0	0	0	0	0.000	0.000	0	0	0	0	0	0	0	0	0	0	0
37	37	1454	1761.304	375.143	746	432	192	45	13	952	407	57	15	5	206.492	1317	367	187	158	150	145	140	136	132	127	109	631.810	2372	946	761	680	619	569	528	484	428	362	138	2	92	1770.570	390.151	54	1762.033	363.227	611	0	648	0	1190	0	1390	0	2	12	1771.014	390.160	21	1762.369	361.818	1107	0	750	0	1795	0	1798	0
38	38	1525	845.518	382.544	367	636	366	116	17	277	635	438	137	11	664.159	945	837	784	746	711	675	637	596	557	472	246	127.792	155	140	136	133	130	127	125	123	120	116	105	0	0	0.000	0.000	0	0	0	0	0	0	0	0	0	0	0	0	0	0.000	0.000	0	0	0	0	0	0	0	0	0	0	0
39	39	1744	1288.232	392.631	525	624	466	73	17	524	831	311	44	11	204.810	4745	201	170	163	158	153	147	140	131	122	105	208.817	467	271	253	237	223	210	194	181	164	140	108	1	33	1276.798	382.419	0	0	0	1782	0	0	0	325	0	0	0	0	0	0.000	0.000	0	0	0	0	0	0	0	0	0	0	0
40	40	818	1817.065	383.424	186	208	211	146	50	151	296	215	122	22	472.905	6796	771	334	264	247	237	228	218	203	176	124	293.703	2682	424	250	225	214	204	195	188	176	152	114	1	51	1822.224	378.140	0	0	0	3003	0	0	0	1268	0	0	0	1	51	1822.470	377.045	0	0	0	2013	0	0	0	1269	0	0	0
41	41	1066	1928.185	394.309	142	321	281	223	76	194	381	267	165	42	122.022	143	132	129	126	124	122	120	118	116	113	103	109.113	126	116	113	111	110	108	107	106	105	104	98	0	0	0.000	0.000	0	0	0	0	0	0	0	0	0	0	0	0	0	0.000	0.000	0	0	0	0	0	0	0	0	0	0	0
42	42	1132	1855.821	398.606	384	419	211	78	25	465	429	172	37	7	115.358	129	121	119	118	116	115	114	113	112	110	103	286.324	456	365	348	336	318	298	277	250	223	176	117	0	0	0.000	0.000	0	0	0	0	0	0	0	0	0	0	0	0	0	0.000	0.000	0	0	0	0	0	0	0	0	0	0	0
43	43	2609	1414.781	419.344	312	1003	928	301	31	178	750	1055	423	152	1343.245	14642	1613	1060	944	846	768	716	669	607	509	167	216.447	1904	254	171	158	152	147	143	137	131	124	102	1	189	1412.561	415.284	0	0	0	8076	0	0	0	1000	0	0	0	1	184	1412.625	414.747	0	0	0	8141	0	0	0	1023	0	0	0
44	44	1380	1627.880	412.760	335	336	300	290	92	335	413	371	198	43	1164.628	2166	1750	1526	1374	1278	1185	1094	988	800	533	155	106.463	118	110	109	108	107	106	106	105	104	103	97	0	0	0.000	0.000	0	0	0	0	0	0	0	0	0	0	0	0	0	0.000	0.000	0	0	0	0	0	0	0	0	0	0	0
45	45	550	1463.281	405.714	86	149	174	85	40	137	235	138	23	6	118.731	138	127	124	122	120	119	117	115	114	111	105	112.924	129	121	118	116	115	113	111	109	107	106	99	0	0	0.000	0.000	0	0	0	0	0	0	0	0	0	0	0	0	0	0.000	0.000	0	0	0	0	0	0	0	0	0	0	0
46	46	571	330.342	410.245	97	207	200	47	13	103	194	190	53	23	204.680	253	232	226	219	213	207	200	194	188	176	125	212.935	255	240	234	228	224	218	212	205	196	181	118	0	0	0.000	0.000	0	0	0	0	0	0	0	0	0	0	0	0	0	0.000	0.000	0	0	0	0	0	0	0	0	0	0	0
47	47	1469	1323.103	426.541	220	452	486	255	32	204	497	497	198	51	145.595	179	161	157	154	150	148	144	140	134	126	107	185.760	257	223	215	205	196	188	179	172	159	140	109	0	0	0.000	0.000	0	0	0	0	0	0	0	0	0	0	0	0	0	0.000	0.000	0	0	0	0	0	0	0	0	0	0	0
48	48	1309	1800.487	425.122	89	283	426	359	123	122	597	387	154	25	129.700	150	138	135	133	132	130	128	126	124	121	110	106.766	126	114	111	108	107	106	105	104	103	102	96	0	0	0.000	0.000	0	0	0	0	0	0	0	0	0	0	0	0	0	0.000	0.000	0	0	0	0	0	0	0	0	0	0	0
49	49	1496	1244.829	430.947	248	465	408	290	61	217	602	383	188	76	533.614	3603	685	626	565	522	499	473	443	386	298	147	152.347	509	171	163	157	153	149	146	140	133	124	104	1	29	1234.556	437.117	0	0	0	2201	0	0	0	229	0	0	0	1	27	1233.441	438.591	0	0	0	1311	0	0	0	337	0	0	0
50	50	1394	1471.688	440.663	172	613	432	138	12	135	569	442	199	24	318.987	469	389	363	347	336	323	310	289	268	250	161	105.874	119	110	108	107	106	105	105	104	103	102	97	0	0	0.000	0.000	0	0	0	0	0	0	0	0	0	0	0	0	0	0.000	0.000	0	0	0	0	0	0	0	0	0	0	0
51	51	1362	1847.562	443.300	169	383	420	316	37	168	467	413	222	65	745.385	1134	989	901	833	791	759	733	697	619	483	137	114.926	141	123	120	118	117	115	113	111	109	106	99	0	0	0.000	0.000	0	0	0	0	0	0	0	0	0	0	0	0	0	0.000	0.000	0	0	0	0	0	0	0	0	0	0	0
52	52	694	1512.852	450.974	304	222	95	39	19	321	220	74	43	26	308.437	404	367	354	346	338	328	313	293	265	226	123	110.614	140	123	115	112	109	108	107	106	104	103	96	0	0	0.000	0.000	0	0	0	0	0	0	0	0	0	0	0	0	0	0.000	0.000	0	0	0	0	0	0	0	0	0	0	0
53	53	2014	87.991	465.696	420	752	659	141	10	214	439	758	394	169	1942.747	3529	2872	2543	2323	2137	1958	1772	1579	1385	1005	237	149.476	198	177	169	163	156	149	143	138	132	121	102	0	0	0.000	0.000	0	0	0	0	0	0	0	0	0	0	0	0	0	0.000	0.000	0	0	0	0	0	0	0	0	0	0	0
54	54	1852	1135.680	467.384	699	725	358	34	10	484	584	470	225	62	965.987	1748	1555	1312	1175	1076	995	915	802	587	344	134	111.682	130	120	117	115	113	111	110	108	106	104	92	0	0	0.000	0.000	0	0	0	0	0	0	0	0	0	0	0	0	0	0.000	0.000	0	0	0	0	0	0	0	0	0	0	0
55	55	2310	641.891	478.763	670	1185	362	39	16	329	790	886	239	24	480.958	11969	454	263	239	223	211	201	190	176	157	112	227.266	1051	278	253	237	225	213	201	185	171	152	107	1	89	646.265	492.697	0	0	0	5494	0	0	0	601	0	0	0	1	66	646.351	492.734	0	0	0	6982	0	0	0	703	0	0	0
56	56	1651	1623.732	474.757	199	504	572	299	40	116	564	709	189	40	120.863	207	129	126	123	122	120	119	117	115	111	102	287.922	435	387	364	341	316	292	268	241	215	182	126	0	0	0.000	0.000	0	0	0	0	0	0	0	0	0	0	0	0	0	0.000	0.000	0	0	0	0	0	0	0	0	0	0	0
57	57	2095	1685.350	476.768	526	731	503	249	58	483	828	465	244	43	127.508	156	141	136	132	129	127	124	122	120	116	105	106.873	117	111	109	108	108	107	106	105	104	103	98	0	0	0.000	0.000	0	0	0	0	0	0	0	0	0	0	0	0	0	0.000	0.000	0	0	0	0	0	0	0	0	0	0	0
58	58	2220	1336.542	486.832	493	988	537	149	27	461	1152	457	105	20	292.606	7210	292	234	220	211	202	194	186	175	164	111	244.392	1624	290	266	253	242	230	218	206	193	176	114	1	44	1324.513	484.387	0	0	0	3345	0	0	0	877	0	0	0	1	43	1324.708	484.121	0	0	0	3345	0	0	0	877	0	0	0
59	59	1714	715.372	483.089	333	792	426	110	25	399	858	322	81	24	334.259	514	428	398	380	360	343	324	292	261	226	152	105.155	121	110	108	106	105	105	104	103	103	102	95	0	0	0.000	0.000	0	0	0	0	0	0	0	0	0	0	0	0	0	0.000	0.000	0	0	0	0	0	0	0	0	0	0	0
60	60	1180	1483.644	483.063	432	472	202	43	9	272	394	310	128	64	112.293	126	118	116	114	113	112	111	110	109	107	101	390.771	547	490	468	447	429	413	391	362	316	250	139	0	0	0.000	0.000	0	0	0	0	0	0	0	0	0	0	0	0	0	0.000	0.000	0	0	0	0	0	0	0	0	0	0	0
61	61	1862	1531.552	504.972	366	670	450	294	49	330	862	410	204	12	659.760	12868	798	396	333	313	296	278	262	242	219	155	226.923	2415	262	185	174	167	161	157	150	145	136	111	1	87	1534.093	513.752	0	0	0	6385	0	0	0	1212	0	0	0	1	89	1534.407	513.522	0	0	0	6279	0	0	0	1173	0	0	0
62	62	2271	855.932	516.331	539	791	602	257	44	479	990	553	180	29	519.123	879	717	640	594	558	524	496	462	405	295	142	107.950	124	113	111	110	108	108	107	106	105	104	98	0	0	0.000	0.000	0	0	0	0	0	0	0	0	0	0	0	0	0	0.000	0.000	0	0	0	0	0	0	0	0	0	0	0
63	63	800	1828.057	508.091	68	177	250	207	77	62	229	283	163	45	600.245	848	779	738	701	669	632	587	542	474	362	152	113.881	128	120	118	117	115	114	113	111	110	107	100	0	0	0.000	0.000	0	0	0	0	0	0	0	0	0	0	0	0	0	0.000	0.000	0	0	0	0	0	0	0	0	0	0	0
64	64	2796	1648.842	527.771	581	1062	807	258	47	716	1419	517	85	11	118.925	142	126	123	122	120	119	118	116	114	112	103	261.084	388	341	321	304	285	268	249	225	197	168	111	0	0	0.000	0.000	0	0	0	0	0	0	0	0	0	0	0	0	0	0.000	0.000	0	0	0	0	0	0	0	0	0	0	0
65	65	2075	605.044	529.146	304	449	671	498	112	327	532	709	381	94	212.592	314	267	256	246	236	224	208	187	165	139	106	208.751	325	273	263	253	240	224	205	175	144	113	99	0	0	0.000	0.000	0	0	0	0	0	0	0	0	0	0	0	0	0	0.000	0.000	0	0	0	0	0	0	0	0	0	0	0
66	66	542	248.358	524.088	198	147	105	61	23	174	161	127	55	17	169.941	224	196	188	182	178	172	168	162	154	138	114	199.225	262	240	231	221	215	206	195	185	174	145	106	0	0	0.000	0.000	0	0	0	0	0	0	0	0	0	0	0	0	0	0.000	0.000	0	0	0	0	0	0	0	0	0	0	0
67	67	1672	1491.877	533.705	165	707	556	198	11	57	508	702	287	87	522.566	6716	576	488	452	419	387	361	334	290	250	131	171.493	1207	185	165	158	152	147	143	138	131	123	103	1	56	1487.076	523.433	0	0	0	3429	0	0	0	523	0	0	0	1	67	1486.300	524.091	0	0	0	2215	0	0	0	597	0	0	0
68	68	943	102.180	544.656	198	246	245	201	35	151	322	261	141	55	113.651	128	121	118	116	115	114	112	111	109	107	99	145.353	191	174	169	162	156	149	144	134	117	108	97	0	0	0.000	0.000	0	0	0	0	0	0	0	0	0	0	0	0	0	0.000	0.000	0	0	0	0	0	0	0	0	0	0	0
69	69	2366	1725.718	549.491	429	898	779	200	18	279	846	911	251	32	464.592	4575	554	518	485	450	415	393	373	346	282	130	146.769	779	159	152	148	144	140	137	133	128	120	104	1	38	1713.188	543.628	0	0	0	2344	0	0	0	468	0	0	0	1	41	1712.406	542.420	0	0	0	1494	0	0	0	454	0	0	0
70	70	1931	552.096	564.321	321	670	630	240	31	246	662	632	292	66	113.694	128	119	117	116	115	114	113	111	110	108	101	179.142	235	211	202	195	188	181	175	168	159	142	102	0	0	0.000	0.000	0	0	0	0	0	0	0	0	0	0	0	0	0	0.000	0.000	0	0	0	0	0	0	0	0	0	0	0
71	71	1479	853.785	567.899	88	237	499	448	177	107	389	686	219	40	113.854	128	119	117	116	115	114	113	112	111	109	102	166.614	226	197	188	180	175	168	162	153	143	133	113	0	0	0.000	0.000	0	0	0	0	0	0	0	0	0	0	0	0	0	0.000	0.000	0	0	0	0	0	0	0	0	0	0	0
72	72	1678	1519.613	579.740	230	445	522	400	49	193	598	531	229	101	386.151	663	524	478	445	417	392	365	336	293	229	116	146.712	192	169	164	160	155	150	144	137	129	118	101	0	0	0.000	0.000	0	0	0	0	0	0	0	0	0	0	0	0	0	0.000	0.000	0	0	0	0	0	0	0	0	0	0	0
73	73	2035	1166.617	582.947	366	849	542	223	23	246	1035	467	220	26	333.481	520	441	414	389	365	342	316	288	256	209	123	105.763	121	110	108	107	106	105	105	104	103	102	97	0	0	0.000	0.000	0	0	0	0	0	0	0	0	0	0	0	0	0	0.000	0.000	0	0	0	0	0	0	0	0	0	0	0
74	74	1178	1378.751	592.368	181	337	370	230	40	143	342	424	199	47	509.188	773	689	638	600	574	544	502	441	370	275	164	147.531	189	170	165	160	155	150	144	137	130	121	105	0	0	0.000	0.000	0	0	0	0	0	0	0	0	0	0	0	0	0	0.000	0.000	0	0	0	0	0	0	0	0	0	0	0
75	75	1232	1212.907	602.147	136	356	365	262	90	178	590	279	146	17	358.337	543	468	438	415	392	369	347	317	280	234	134	104.888	117	109	107	106	105	105	104	103	102	101	95	0	0	0.000	0.000	0	0	0	0	0	0	0	0	0	0	0	0	0	0.000	0.000	0	0	0	0	0	0	0	0	0	0	0
76	76	2084	1740.948	610.231	459	896	583	108	9	290	748	692	236	67	708.937	17120	790	309	242	222	206	193	178	160	140	109	250.932	2505	300	224	206	196	185	173	162	148	133	108	1	109	1735.237	606.248	0	0	0	7348	0	0	0	1199	0	0	0	1	105	1734.880	605.872	0	0	0	7356	0	0	0	1209	0	0	0
77	77	749	677.574	605.173	291	239	133	61	9	173	177	164	163	60	113.422	126	119	117	116	115	113	112	111	110	108	102	106.235	116	110	109	108	107	106	105	104	104	102	97	0	0	0.000	0.000	0	0	0	0	0	0	0	0	0	0	0	0	0	0.000	0.000	0	0	0	0	0	0	0	0	0	0	0
78	78	2065	1887.855	618.979	597	954	440	32	7	231	910	550	315	32	317.961	470	405	384	369	355	334	313	280	241	202	124	132.082	171	153	146	141	136	131	126	122	118	113	103	0	0	0.000	0.000	0	0	0	0	0	0	0	0	0	0	0	0	0	0.000	0.000	0	0	0	0	0	0	0	0	0	0	0
79	79	1251	1678.243	620.911	520	471	210	21	8	326	504	284	108	10	293.281	3042	337	276	257	245	234	225	214	203	175	127	132.608	350	143	137	135	133	130	127	124	120	114	103	1	38	1681.197	629.859	0	0	0	1592	0	0	0	239	0	0	0	1	30	1681.514	629.407	0	0	0	1880	0	0	0	248	0	0	0
80	80	1472	1074.021	619.860	246	474	449	244	30	173	662	383	187	44	159.466	1000	175	166	161	156	152	149	145	140	131	107	153.056	214	178	170	163	157	152	148	144	138	128	108	1	21	1078.455	611.956	0	0	0	446	0	0	0	180	0	0	0	0	0	0.000	0.000	0	0	0	0	0	0	0	0	0	0	0
81	81	1645	1130.104	627.395	255	783	493	73	10	150	716	465	223	66	200.821	4471	183	173	167	162	157	153	147	140	130	108	161.696	400	190	181	173	167	160	154	148	140	130	104	1	27	1148.542	621.008	0	0	0	2115	0	0	0	280	0	0	0	1	13	1148.370	621.043	0	0	0	3101	0	0	0	341	0	0	0
82	82	2147	1798.195	632.694	410	481	662	462	96	350	482	832	296	150	187.159	253	227	218	210	201	192	180	169	154	139	114	186.769	273	239	225	211	200	188	175	162	149	134	105	0	0	0.000	0.000	0	0	0	0	0	0	0	0	0	0	0	0	0	0.000	0.000	0	0	0	0	0	0	0	0	0	0	0
83	83	1773	1181.804	667.576	521	594	471	119	39	517	778	344	94	14	120.334	152	131	127	124	122	120	118	116	113	110	103	130.442	172	152	146	139	133	129	126	121	116	110	101	0	0	0.000	0.000	0	0	0	0	0	0	0	0	0	0	0	0	0	0.000	0.000	0	0	0	0	0	0	0	0	0	0	0
84	84	922	380.392	659.857	285	184	173	172	91	210	228	269	137	66	115.906	137	125	122	120	117	116	114	112	110	107	100	109.489	126	117	114	112	110	109	108	106	105	104	98	0	0	0.000	0.000	0	0	0	0	0	0	0	0	0	0	0	0	0	0.000	0.000	0	0	0	0	0	0	0	0	0	0	0
85	85	1866	1883.318	674.123	391	729	487	195	29	275	836	426	224	72	1390.124	19899	2795	721	443	383	355	328	290	256	215	147	209.380	1562	336	173	151	141	134	128	123	118	114	101	1	182	1878.540	672.567	0	0	0	9159	0	0	0	769	0	0	0	1	183	1878.219	672.332	0	0	0	9042	0	0	0	760	0	0	0
86	86	2320	582.419	756.206	862	882	444	70	16	956	970	330	29	6	115.003	141	126	121	118	116	114	112	110	108	107	99	279.116	438	368	347	328	312	295	272	241	203	161	112	0	0	0.000	0.000	0	0	0	0	0	0	0	0	0	0	0	0	0	0.000	0.000	0	0	0	0	0	0	0	0	0	0	0
87	87	1346	1761.183	760.236	292	576	367	70	9	166	500	395	205	53	365.913	517	455	434	415	393	374	355	333	303	260	134	106.952	129	112	110	108	107	106	106	105	104	103	97	0	0	0.000	0.000	0	0	0	0	0	0	0	0	0	0	0	0	0	0.000	0.000	0	0	0	0	0	0	0	0	0	0	0
88	88	1774	1804.571	779.916	239	590	590	241	78	315	827	445	146	23	368.074	537	463	432	407	390	376	358	341	316	254	141	106.418	120	111	109	108	107	106	105	105	104	103	97	0	0	0.000	0.000	0	0	0	0	0	0	0	0	0	0	0	0	0	0.000	0.000	0	0	0	0	0	0	0	0	0	0	0
89	89	595	697.603	770.711	292	131	81	47	34	287	135	107	42	18	552.141	846	757	716	673	622	569	509	454	402	320	160	143.850	180	166	161	156	150	144	138	133	127	121	104	0	0	0.000	0.000	0	0	0	0	0	0	0	0	0	0	0	0	0	0.000	0.000	0	0	0	0	0	0	0	0	0	0	0
90	90	1095	1737.674	804.588	200	541	269	60	7	127	545	275	108	22	117.147	132	123	121	119	118	117	116	115	113	111	103	177.138	247	214	200	190	183	176	169	163	155	144	114	0	0	0.000	0.000	0	0	0	0	0	0	0	0	0	0	0	0	0	0.000	0.000	0	0	0	0	0	0	0	0	0	0	0
91	91	1478	1780.257	826.139	185	439	434	355	48	150	379	522	302	98	111.792	123	117	115	114	113	112	111	110	109	107	101	153.762	201	177	171	166	160	155	150	144	136	127	104	0	0	0.000	0.000	0	0	0	0	0	0	0	0	0	0	0	0	0	0.000	0.000	0	0	0	0	0	0	0	0	0	0	0
92	92	644	1936.979	835.080	116	128	180	148	65	124	154	192	128	34	130.189	169	152	141	136	131	128	125	122	119	115	104	187.120	430	260	226	204	190	176	164	157	143	123	107	0	0	0.000	0.000	0	0	0	0	0	0	0	0	0	0	0	1	14	1933.718	838.426	0	0	0	162	0	0	0	374	0	0	0
93	93	1916	951.977	852.536	408	715	593	149	20	267	802	541	218	53	1092.211	1755	1478	1416	1356	1278	1155	1030	900	777	590	188	166.918	225	200	192	185	177	168	161	153	143	131	104	0	0	0.000	0.000	0	0	0	0	0	0	0	0	0	0	0	0	0	0.000	0.000	0	0	0	0	0	0	0	0	0	0	0
94	94	1669	1707.240	859.374	315	508	446	289	81	307	694	419	190	37	959.665	1635	1332	1235	1147	1063	987	909	798	670	510	230	110.004	135	115	113	112	111	110	109	108	107	106	99	0	0	0.000	0.000	0	0	0	0	0	0	0	0	0	0	0	0	0	0.000	0.000	0	0	0	0	0	0	0	0	0	0	0
95	95	1337	1090.303	857.849	172	478	441	208	12	109	511	418	180	89	234.301	328	284	271	261	251	242	230	215	200	172	114	154.981	195	178	173	168	163	158	152	145	138	126	103	0	0	0.000	0.000	0	0	0	0	0	0	0	0	0	0	0	0	0	0.000	0.000	0	0	0	0	0	0	0	0	0	0	0
96	96	2071	575.723	897.643	324	583	745	349	32	232	645	798	301	47	1443.620	2354	2048	1897	1763	1641	1537	1413	1194	934	688	260	187.587	260	229	219	210	201	193	183	168	153	138	108	0	0	0.000	0.000	0	0	0	0	0	0	0	0	0	0	0	0	0	0.000	0.000	0	0	0	0	0	0	0	0	0	0	0
97	97	2984	1399.023	909.757	2398	293	118	88	68	2342	281	164	123	55	1864.671	13027	3404	2990	2637	2313	2043	1473	392	176	148	120	226.930	1682	303	284	268	248	223	193	137	113	108	100	1	48	1394.518	904.393	0	0	0	9485	0	0	0	945	0	0	0	1	65	1395.421	902.603	0	0	0	5303	0	0	0	976	0	0	0
98	98	1742	1883.646	909.914	304	464	587	298	49	264	628	548	231	37	556.366	905	746	690	640	590	548	511	477	443	385	177	105.758	122	110	108	107	106	105	105	104	103	102	96	0	0	0.000	0.000	0	0	0	0	0	0	0	0	0	0	0	0	0	0.000	0.000	0	0	0	0	0	0	0	0	0	0	0
99	99	1270	1828.921	920.885	87	262	496	327	68	79	355	517	200	88	479.500	737	620	585	552	513	478	444	418	386	331	189	105.672	122	110	108	107	106	105	105	104	103	102	95	0	0	0.000	0.000	0	0	0	0	0	0	0	0	0	0	0	0	0	0.000	0.000	0	0	0	0	0	0	0	0	0	0	0
100	100	1613	1849.043	960.943	173	439	536	338	97	150	531	533	289	92	379.892	6961	444	289	267	251	238	226	209	195	177	114	139.745	698	154	137	133	129	127	124	122	118	113	99	1	57	1847.827	964.840	0	0	0	3016	0	0	0	397	0	0	0	1	52	1847.932	965.285	0	0	0	3575	0	0	0	409	0	0	0
101	101	1845	779.155	972.242	311	718	529	213	26	256	741	501	285	40	112.664	128	118	116	115	114	113	112	111	109	108	99	162.568	210	185	180	175	171	166	160	154	145	134	108	0	0	0.000	0.000	0	0	0	0	0	0	0	0	0	0	0	0	0	0.000	0.000	0	0	0	0	0	0	0	0	0	0	0
102	102	1134	265.133	981.517	232	342	351	159	30	140	308	433	160	73	116.413	138	124	122	120	118	116	115	113	111	108	99	145.323	200	175	165	157	150	143	137	132	127	119	100	0	0	0.000	0.000	0	0	0	0	0	0	0	0	0	0	0	0	0	0.000	0.000	0	0	0	0	0	0	0	0	0	0	0
103	103	1204	1886.010	990.121	314	494	282	85	9	160	442	316	207	61	251.128	1434	287	268	257	245	234	222	212	199	175	129	124.214	217	137	132	129	126	124	121	118	115	108	96	1	26	1889.486	995.652	0	0	0	949	0	0	0	136	0	0	0	0	0	0.000	0.000	0	0	0	0	0	0	0	0	0	0	0
104	104	993	982.705	985.041	214	389	292	66	10	130	376	283	167	24	2433.545	3578	3223	3108	3006	2891	2752	2581	2356	1757	843	227	316.968	436	392	381	368	355	344	328	305	255	178	107	0	0	0.000	0.000	0	0	0	0	0	0	0	0	0	0	0	0	0	0.000	0.000	0	0	0	0	0	0	0	0	0	0	0
105	105	1627	942.002	1009.675	272	572	474	251	35	242	601	423	275	56	3282.156	17263	4393	4127	3612	3180	2859	2504	2262	2046	1662	524	415.387	2727	498	457	418	379	348	316	297	269	224	111	1	56	957.399	1009.924	0	0	0	12911	0	0	0	1736	0	0	0	1	82	958.719	1009.995	0	0	0	10212	0	0	0	1685	0	0	0
106	106	2071	1853.725	1048.539	327	675	555	407	65	414	955	459	192	16	1264.535	2108	1736	1628	1515	1424	1318	1196	1046	897	692	321	123.379	152	140	134	129	125	122	119	116	113	110	102	0	0	0.000	0.000	0	0	0	0	0	0	0	0	0	0	0	0	0	0.000	0.000	0	0	0	0	0	0	0	0	0	0	0
107	107	1867	1374.603	1060.226	429	561	537	261	47	401	742	441	206	38	1828.085	2848	2471	2339	2218	2084	1951	1853	1698	1323	779	272	210.597	314	273	255	242	229	216	205	188	161	133	106	0	0	0.000	0.000	0	0	0	0	0	0	0	0	0	0	0	0	0	0.000	0.000	0	0	0	0	0	0	0	0	0	0	0
108	108	1754	1712.702	1076.454	290	712	578	123	21	183	577	544	265	155	438.172	699	595	559	521	484	449	409	367	317	263	132	146.110	192	172	165	159	152	147	141	134	127	120	99	0	0	0.000	0.000	0	0	0	0	0	0	0	0	0	0	0	0	0	0.000	0.000	0	0	0	0	0	0	0	0	0	0	0
109	109	1862	469.126	1090.979	542	665	400	201	31	492	795	337	162	46	116.262	134	123	121	120	118	117	115	113	111	108	100	180.834	247	213	204	198	193	187	180	171	155	136	109	0	0	0.000	0.000	0	0	0	0	0	0	0	0	0	0	0	0	0	0.000	0.000	0	0	0	0	0	0	0	0	0	0	0
110	110	863	1683.579	1110.989	103	260	198	183	103	78	402	197	124	44	345.387	522	456	434	411	383	364	341	306	263	184	124	140.121	172	159	155	150	147	142	139	133	126	116	102	0	0	0.000	0.000	0	0	0	0	0	0	0	0	0	0	0	0	0	0.000	0.000	0	0	0	0	0	0	0	0	0	0	0
111	111	2509	1284.056	1140.660	638	900	709	211	9	473	883	687	340	78	120.958	139	129	126	124	123	121	119	118	116	113	104	111.495	130	118	116	114	112	111	110	109	107	106	98	0	0	0.000	0.000	0	0	0	0	0	0	0	0	0	0	0	0	0	0.000	0.000	0	0	0	0	0	0	0	0	0	0	0
112	112	1937	1742.982	1156.420	352	773	550	203	27	440	850	453	141	19	449.052	9812	439	315	297	278	254	233	216	200	181	115	160.168	1072	167	158	152	147	143	139	135	130	123	106	1	73	1734.453	1169.290	0	0	0	4184	0	0	0	477	0	0	0	1	58	1735.172	1169.509	0	0	0	4823	0	0	0	582	0	0	0
113	113	1503	431.073	1164.147	313	634	457	57	8	180	492	480	221	97	247.721	344	311	297	286	274	261	245	223	196	160	104	141.977	184	165	159	154	148	143	138	131	125	116	103	0	0	0.000	0.000	0	0	0	0	0	0	0	0	0	0	0	0	0	0.000	0.000	0	0	0	0	0	0	0	0	0	0	0
114	114	2115	1187.690	1180.210	524	953	434	139	29	550	1054	346	104	22	1150.448	20373	1796	530	323	287	263	248	230	205	175	112	282.405	3185	392	204	180	170	162	156	149	140	129	104	1	157	1185.808	1184.775	0	0	0	9926	0	0	0	1471	0	0	0	1	141	1186.023	1184.291	0	0	0	11052	0	0	0	1589	0	0	0
115	115	2322	1512.885	1241.791	440	917	557	315	55	342	1048	559	285	46	549.341	943	809	720	651	587	545	496	441	380	315	150	109.666	126	115	113	112	110	109	108	107	106	104	99	0	0	0.000	0.000	0	0	0	0	0	0	0	0	0	0	0	0	0	0.000	0.000	0	0	0	0	0	0	0	0	0	0	0
116	116	1508	1458.085	1251.824	188	390	471	321	112	125	514	518	254	74	159.643	209	185	178	172	167	162	157	150	142	130	105	350.703	512	462	438	415	389	368	336	307	263	210	127	0	0	0.000	0.000	0	0	0	0	0	0	0	0	0	0	0	0	0	0.000	0.000	0	0	0	0	0	0	0	0	0	0	0
117	117	1916	1393.235	1271.131	214	566	688	372	42	204	809	582	237	53	319.134	6306	343	228	209	196	186	177	166	155	144	112	215.766	817	267	245	230	217	206	193	182	168	153	115	1	69	1387.147	1282.307	0	0	0	2845	0	0	0	479	0	0	0	1	39	1386.467	1281.454	0	0	0	3077	0	0	0	608	0	0	0
118	118	1131	1442.576	1303.205	264	311	257	228	57	273	423	251	123	41	118.990	138	128	125	123	121	119	117	115	113	110	105	193.599	272	248	236	220	205	194	180	167	155	141	110	0	0	0.000	0.000	0	0	0	0	0	0	0	0	0	0	0	0	0	0.000	0.000	0	0	0	0	0	0	0	0	0	0	0
119	119	604	1616.045	1299.885	72	171	221	104	20	67	199	214	85	32	643.068	936	805	774	742	706	671	636	584	513	422	204	149.202	193	172	166	161	158	154	148	142	131	115	103	0	0	0.000	0.000	0	0	0	0	0	0	0	0	0	0	0	0	0	0.000	0.000	0	0	0	0	0	0	0	0	0	0	0
120	120	853	828.506	1305.358	94	306	311	113	19	86	285	280	138	47	369.621	530	447	422	408	393	380	366	346	312	270	180	109.447	124	115	113	111	110	109	108	107	106	105	99	0	0	0.000	0.000	0	0	0	0	0	0	0	0	0	0	0	0	0	0.000	0.000	0	0	0	0	0	0	0	0	0	0	0
121	121	1616	1583.042	1319.383	101	432	635	326	83	101	614	595	221	51	907.702	5251	1236	1091	981	886	827	772	700	631	551	237	188.418	744	220	202	192	183	176	170	164	157	149	115	1	29	1588.273	1324.203	0	0	0	3494	0	0	0	528	0	0	0	1	41	1587.279	1324.723	0	0	0	2986	0	0	0	498	0	0	0
122	122	1225	1348.885	1317.401	75	301	441	298	88	85	389	461	208	59	205.769	276	244	234	224	216	208	201	192	181	163	112	205.485	276	249	239	231	222	213	205	195	176	136	108	0	0	0.000	0.000	0	0	0	0	0	0	0	0	0	0	0	0	0	0.000	0.000	0	0	0	0	0	0	0	0	0	0	0
123	123	1341	129.542	1321.248	217	406	422	249	28	111	267	573	226	136	110.917	124	116	114	113	112	111	110	109	107	106	99	104.017	115	107	106	105	104	104	103	103	102	101	95	0	0	0.000	0.000	0	0	0	0	0	0	0	0	0	0	0	0	0	0.000	0.000	0	0	0	0	0	0	0	0	0	0	0
124	124	687	1536.236	1318.906	122	228	217	92	18	77	200	253	110	37	169.747	253	190	182	177	174	169	166	160	154	142	114	155.271	192	175	170	166	163	158	154	147	140	131	110	0	0	0.000	0.000	0	0	0	0	0	0	0	0	0	0	0	0	0	0.000	0.000	0	0	0	0	0	0	0	0	0	0	0
125	125	1799	1399.458	1326.178	396	729	530	93	25	490	921	309	41	13	1144.011	18158	1886	588	361	306	277	254	233	212	190	122	363.016	3194	492	320	293	269	249	231	213	195	171	109	1	153	1401.623	1330.690	0	0	0	8836	0	0	0	1388	0	0	0	1	130	1401.382	1330.275	0	0	0	10384	0	0	0	1658	0	0	0
126	126	1010	1456.675	1345.918	131	364	357	135	7	119	433	268	132	33	373.142	570	478	451	428	405	379	351	325	297	263	140	127.348	159	142	137	133	129	127	124	121	118	114	104	0	0	0.000	0.000	0	0	0	0	0	0	0	0	0	0	0	0	0	0.000	0.000	0	0	0	0	0	0	0	0	0	0	0
127	127	1783	1503.395	1360.823	119	531	716	314	69	96	506	725	299	114	795.345	11655	1006	672	600	539	499	459	419	385	347	180	193.637	1649	224	179	169	161	153	146	140	136	130	111	1	70	1508.410	1364.418	0	0	0	5890	0	0	0	727	0	0	0	1	76	1509.434	1364.914	0	0	0	5495	0	0	0	881	0	0	0
128	128	2660	1553.725	1368.777	383	1106	826	262	36	266	1047	886	362	56	277.758	4463	281	221	204	191	182	174	166	158	147	111	178.026	587	212	197	187	178	170	162	155	147	135	103	1	98	1547.458	1368.911	0	0	0	2194	0	0	0	373	0	0	0	1	63	1548.428	1368.247	0	0	0	2723	0	0	0	443	0	0	0
129	129	2121	138.570	1373.233	448	1025	549	51	8	258	865	634	276	40	110.310	123	115	113	112	111	110	109	109	108	106	99	104.081	115	108	106	105	105	104	103	103	102	101	94	0	0	0.000	0.000	0	0	0	0	0	0	0	0	0	0	0	0	0	0.000	0.000	0	0	0	0	0	0	0	0	0	0	0
130	130	2183	880.661	1392.483	563	630	469	398	90	493	820	506	250	77	118.327	141	125	123	122	120	119	117	116	113	111	102	395.382	577	497	473	456	438	417	391	355	317	256	135	0	0	0.000	0.000	0	0	0	0	0	0	0	0	0	0	0	0	0	0.000	0.000	0	0	0	0	0	0	0	0	0	0	0
131	131	1748	85.750	1396.447	380	697	503	103	34	289	858	461	106	13	459.062	8098	476	341	313	294	279	262	246	224	185	108	185.267	1668	195	167	161	155	150	145	139	132	123	101	1	70	96.504	1394.540	0	0	0	3697	0	0	0	774	0	0	0	1	70	96.885	1394.973	0	0	0	3697	0	0	0	846	0	0	0
132	132	1610	1463.113	1392.752	163	573	463	274	101	244	724	392	171	35	399.070	567	500	469	438	418	401	384	367	330	295	199	131.228	162	145	142	138	135	132	128	125	122	116	104	0	0	0.000	0.000	0	0	0	0	0	0	0	0	0	0	0	0	0	0.000	0.000	0	0	0	0	0	0	0	0	0	0	0
133	133	1335	826.958	1398.658	242	477	413	168	15	87	417	456	252	105	116.182	133	123	121	119	118	116	115	114	112	109	100	310.138	484	391	362	347	335	324	311	291	254	201	118	0	0	0.000	0.000	0	0	0	0	0	0	0	0	0	0	0	0	0	0.000	0.000	0	0	0	0	0	0	0	0	0	0	0
134	134	1440	1749.524	1413.531	1111	159	94	46	23	1136	139	93	50	15	492.287	1169	727	647	584	517	462	418	387	345	300	167	217.174	885	288	253	228	208	193	182	173	165	150	111	0	0	0.000	0.000	0	0	0	0	0	0	0	0	0	0	0	1	44	1744.765	1417.702	0	0	0	816	0	0	0	558	0	0	0
135	135	1516	1511.940	1416.983	181	400	472	320	116	240	531	428	226	67	492.566	1269	636	589	559	532	504	482	449	391	306	141	152.206	258	173	167	162	158	153	148	144	137	128	103	0	0	0.000	0.000	0	0	0	0	0	0	0	0	0	0	0	0	0	0.000	0.000	0	0	0	0	0	0	0	0	0	0	0
136	136	2380	1390.726	1428.497	2057	173	64	54	21	2035	172	100	39	26	168.344	391	273	182	160	155	151	147	142	133	120	104	115.855	143	127	123	120	118	116	114	111	108	105	97	0	0	0.000	0.000	0	0	0	0	0	0	0	0	0	0	0	0	0	0.000	0.000	0	0	0	0	0	0	0	0	0	0	0
137	137	1750	1644.332	1434.128	223	539	562	320	58	197	588	564	299	70	239.609	343	296	282	271	260	245	228	209	193	178	123	122.484	152	135	131	128	125	122	119	117	114	111	99	0	0	0.000	0.000	0	0	0	0	0	0	0	0	0	0	0	0	0	0.000	0.000	0	0	0	0	0	0	0	0	0	0	0
138	138	966	1209.808	1427.180	415	224	190	83	42	521	317	103	9	6	163.457	720	223	173	155	145	140	137	133	129	124	105	342.572	1076	463	392	361	338	322	306	289	266	232	137	2	11	1205.407	1437.052	41	1215.107	1431.177	280	0	446	0	503	0	734	0	1	14	1215.401	1430.713	0	0	0	596	0	0	0	949	0	0	0
139	139	1432	411.383	1457.008	260	354	393	314	90	259	418	396	256	76	112.339	128	117	116	115	114	113	111	110	109	107	100	165.837	222	203	193	183	175	167	158	148	138	128	108	0	0	0.000	0.000	0	0	0	0	0	0	0	0	0	0	0	0	0	0.000	0.000	0	0	0	0	0	0	0	0	0	0	0
140	140	1829	1736.263	1472.472	660	457	381	226	74	525	533	441	229	68	803.426	5344	1112	855	764	724	686	639	570	473	357	164	353.054	3738	453	298	272	260	250	239	224	196	165	115	1	75	1729.286	1477.585	0	0	0	3448	0	0	0	2198	0	0	0	1	99	1729.768	1477.435	0	0	0	3001	0	0	0	1821	0	0	0
141	141	1275	1238.057	1477.816	397	407	239	144	61	365	499	293	89	10	199.107	868	313	216	184	172	165	158	151	144	136	111	508.660	1515	737	612	557	528	494	463	420	367	287	120	2	15	1245.794	1492.945	28	1227.059	1490.277	383	0	438	0	693	0	779	0	0	0	0.000	0.000	0	0	0	0	0	0	0	0	0	0	0
142	142	1305	1501.740	1480.071	381	498	336	51	13	292	546	275	148	21	381.232	564	491	464	445	424	399	373	341	298	237	119	148.594	192	170	164	159	155	150	146	141	133	123	105	0	0	0.000	0.000	0	0	0	0	0	0	0	0	0	0	0	0	0	0.000	0.000	0	0	0	0	0	0	0	0	0	0	0
143	143	978	1390.292	1476.710	259	284	262	113	37	218	402	233	77	30	136.790	167	149	146	143	140	137	135	131	128	123	110	117.016	136	127	123	121	118	117	115	113	111	108	100	0	0	0.000	0.000	0	0	0	0	0	0	0	0	0	0	0	0	0	0.000	0.000	0	0	0	0	0	0	0	0	0	0	0
144	144	910	383.204	1490.789	84	195	265	245	101	80	306	335	132	34	112.796	126	118	117	115	114	112	111	110	109	108	102	160.424	215	193	185	176	168	161	152	145	138	127	109	0	0	0.000	0.000	0	0	0	0	0	0	0	0	0	0	0	0	0	0.000	0.000	0	0	0	0	0	0	0	0	0	0	0
145	145	1562	1562.941	1493.371	255	580	494	188	13	195	675	429	185	47	163.901	211	188	182	177	172	168	162	156	145	131	107	106.684	120	111	109	108	107	106	106	105	104	103	98	0	0	0.000	0.000	0	0	0	0	0	0	0	0	0	0	0	0	0	0.000	0.000	0	0	0	0	0	0	0	0	0	0	0
146	146	2554	1700.404	1518.539	748	1099	617	46	8	467	792	869	339	46	2104.932	3675	3038	2791	2623	2492	2364	2189	1783	1223	719	162	114.639	138	123	120	118	116	115	113	111	109	107	99	0	0	0.000	0.000	0	0	0	0	0	0	0	0	0	0	0	0	0	0.000	0.000	0	0	0	0	0	0	0	0	0	0	0
147	147	1517	1525.522	1524.506	376	623	414	68	12	204	528	465	239	56	435.929	683	580	535	500	469	442	411	375	334	285	151	158.551	211	189	180	172	166	159	153	145	137	128	106	0	0	0.000	0.000	0	0	0	0	0	0	0	0	0	0	0	0	0	0.000	0.000	0	0	0	0	0	0	0	0	0	0	0
148	148	641	1574.932	1544.765	78	194	214	125	20	79	275	222	49	9	138.145	162	151	148	145	143	140	137	134	128	121	108	109.952	123	115	114	112	111	110	108	107	106	105	101	0	0	0.000	0.000	0	0	0	0	0	0	0	0	0	0	0	0	0	0.000	0.000	0	0	0	0	0	0	0	0	0	0	0
149	149	1757	1733.039	1574.225	781	495	293	140	20	644	508	329	179	65	583.432	7925	671	591	544	496	454	408	360	321	290	157	194.241	2558	183	166	159	154	148	143	138	134	128	107	1	53	1736.402	1589.303	0	0	0	3957	0	0	0	1218	0	0	0	1	59	1736.476	1589.132	0	0	0	3649	0	0	0	1168	0	0	0
150	150	2016	1674.788	1573.202	263	823	660	228	10	146	717	685	317	97	2909.103	4662	4033	3752	3524	3267	2978	2694	2456	2198	1645	431	116.557	135	125	122	120	118	117	115	113	111	108	101	0	0	0.000	0.000	0	0	0	0	0	0	0	0	0	0	0	0	0	0.000	0.000	0	0	0	0	0	0	0	0	0	0	0
151	151	1288	502.715	1587.355	243	538	388	90	11	78	478	490	174	43	112.398	127	118	116	115	113	112	111	110	109	107	100	105.988	119	110	108	107	107	106	105	104	104	103	98	0	0	0.000	0.000	0	0	0	0	0	0	0	0	0	0	0	0	0	0.000	0.000	0	0	0	0	0	0	0	0	0	0	0
152	152	2002	473.805	1633.161	1177	561	131	55	46	1250	550	132	41	15	113.307	133	119	117	116	114	113	112	111	109	107	98	108.525	129	116	112	110	109	108	106	105	104	103	98	0	0	0.000	0.000	0	0	0	0	0	0	0	0	0	0	0	0	0	0.000	0.000	0	0	0	0	0	0	0	0	0	0	0
153	153	683	1762.479	1637.263	195	206	154	86	30	144	253	180	64	30	666.102	968	864	816	777	737	694	648	593	525	421	176	136.006	158	147	143	141	139	137	134	131	129	125	111	0	0	0.000	0.000	0	0	0	0	0	0	0	0	0	0	0	0	0	0.000	0.000	0	0	0	0	0	0	0	0	0	0	0
154	154	1765	1230.001	1653.765	686	568	311	166	15	470	613	384	203	68	129.459	152	138	135	133	131	130	128	126	123	121	110	286.293	445	376	362	349	332	306	277	246	202	154	104	0	0	0.000	0.000	0	0	0	0	0	0	0	0	0	0	0	0	0	0.000	0.000	0	0	0	0	0	0	0	0	0	0	0
155	155	1657	326.751	1675.699	272	539	468	293	65	152	582	539	277	86	117.319	133	124	122	120	119	117	116	115	113	111	103	136.318	163	149	145	143	140	138	135	132	127	121	105	0	0	0.000	0.000	0	0	0	0	0	0	0	0	0	0	0	0	0	0.000	0.000	0	0	0	0	0	0	0	0	0	0	0
156	156	2044	228.828	1683.823	769	670	499	71	8	591	627	516	251	21	859.328	5536	1181	1031	967	902	838	753	676	601	447	167	161.290	629	190	175	167	161	155	150	143	134	122	102	1	29	232.350	1687.087	0	0	0	3434	0	0	0	364	0	0	0	1	38	233.131	1687.414	0	0	0	3180	0	0	0	401	0	0	0
157	157	1638	1859.866	1728.389	437	717	386	69	10	154	690	547	175	39	641.476	10554	828	440	403	375	341	311	282	255	225	128	182.916	1403	211	169	161	154	147	142	136	131	124	102	1	86	1867.392	1719.454	0	0	0	4664	0	0	0	676	0	0	0	1	80	1867.123	1718.332	0	0	0	3993	0	0	0	711	0	0	0
158	158	1502	1825.023	1768.757	254	566	481	153	18	162	416	514	297	88	313.705	2949	376	324	303	281	261	245	232	218	194	129	138.875	370	155	147	143	138	135	131	128	123	118	102	1	40	1815.423	1773.763	0	0	0	1584	0	0	0	234	0	0	0	1	35	1815.432	1772.362	0	0	0	996	0	0	0	266	0	0	0
159	159	1767	456.383	1773.957	430	712	419	152	16	196	763	460	247	70	113.913	132	120	118	117	115	114	112	111	110	108	99	113.051	133	121	118	116	114	112	111	110	108	106	99	0	0	0.000	0.000	0	0	0	0	0	0	0	0	0	0	0	0	0	0.000	0.000	0	0	0	0	0	0	0	0	0	0	0
160	160	1485	1883.623	1788.820	381	600	396	62	13	202	475	455	255	71	602.449	6649	724	602	545	493	450	414	379	350	283	115	140.320	695	154	138	132	128	125	123	120	117	112	99	1	58	1896.772	1791.696	0	0	0	3676	0	0	0	388	0	0	0	1	68	1896.766	1792.437	0	0	0	2858	0	0	0	384	0	0	0
161	161	1119	1926.262	1797.361	452	403	196	41	8	283	436	240	111	27	748.945	7160	1046	715	648	581	530	499	476	452	402	162	148.226	585	171	146	141	137	135	131	127	124	119	106	1	49	1918.459	1795.393	0	0	0	3712	0	0	0	311	0	0	0	1	53	1919.374	1795.547	0	0	0	3466	0	0	0	363	0	0	0
162	162	1291	1809.664	1809.692	145	369	363	267	121	127	369	386	259	119	764.572	1183	1000	933	875	833	780	731	657	586	525	207	107.830	121	112	110	109	109	108	107	106	105	104	98	0	0	0.000	0.000	0	0	0	0	0	0	0	0	0	0	0	0	0	0.000	0.000	0	0	0	0	0	0	0	0	0	0	0
163	163	1328	72.976	1819.074	329	617	281	65	6	279	593	338	87	12	476.797	746	616	578	547	521	488	455	418	380	327	163	104.961	122	109	107	106	105	105	104	103	103	101	96	0	0	0.000	0.000	0	0	0	0	0	0	0	0	0	0	0	0	0	0.000	0.000	0	0	0	0	0	0	0	0	0	0	0
164	164	2849	1851.110	1845.042	1021	1040	642	95	12	775	977	685	329	27	657.629	1281	1062	978	888	767	672	588	455	308	210	132	108.621	137	114	112	110	109	108	107	106	105	104	96	0	0	0.000	0.000	0	0	0	0	0	0	0	0	0	0	0	0	0	0.000	0.000	0	0	0	0	0	0	0	0	0	0	0
165	165	1687	1241.503	1842.849	302	633	581	132	10	154	494	640	251	108	279.379	4148	301	243	228	216	208	198	185	168	148	109	198.663	736	243	227	214	204	193	182	170	158	141	108	1	54	1235.618	1829.145	0	0	0	1940	0	0	0	417	0	0	0	1	33	1235.806	1828.494	0	0	0	2417	0	0	0	494	0	0	0
166	166	2021	1292.932	1857.019	532	926	491	22	11	272	723	561	332	97	1162.867	19348	2173	633	370	300	262	231	208	185	150	105	310.977	2948	441	263	239	223	210	199	181	161	125	102	1	158	1290.007	1857.266	0	0	0	9524	0	0	0	1353	0	0	0	1	133	1290.492	1856.946	0	0	0	10918	0	0	0	1522	0	0	0
167	167	2192	1913.453	1859.445	577	1038	457	69	22	313	887	684	210	53	324.594	454	406	390	375	359	340	320	294	255	213	126	189.539	263	232	220	212	202	194	183	171	158	141	105	0	0	0.000	0.000	0	0	0	0	0	0	0	0	0	0	0	0	0	0.000	0.000	0	0	0	0	0	0	0	0	0	0	0
168	168	907	189.876	1870.329	154	279	240	183	41	153	266	316	119	35	494.536	704	619	583	555	536	516	487	448	408	346	169	121.946	139	130	128	126	124	123	121	119	117	112	101	0	0	0.000	0.000	0	0	0	0	0	0	0	0	0	0	0	0	0	0.000	0.000	0	0	0	0	0	0	0	0	0	0	0
169	169	1908	559.376	1874.514	209	513	709	379	72	151	623	749	327	28	1448.517	20909	2635	836	544	442	399	362	326	286	236	123	247.589	2538	370	186	157	146	139	133	126	120	113	102	1	169	554.008	1871.736	0	0	0	10195	0	0	0	760	0	0	0	1	151	555.491	1871.564	0	0	0	8709	0	0	0	1262	0	0	0
170	170	1249	1005.739	1873.765	346	404	317	132	29	285	422	325	159	38	567.904	906	762	681	632	599	567	534	500	455	387	195	153.229	210	176	168	163	159	155	150	145	138	128	105	0	0	0.000	0.000	0	0	0	0	0	0	0	0	0	0	0	0	0	0.000	0.000	0	0	0	0	0	0	0	0	0	0	0
171	171	1730	1118.933	1898.413	255	465	571	309	95	243	709	512	204	32	257.484	4043	288	234	218	207	199	191	182	170	150	114	296.883	706	385	357	335	315	296	278	258	236	202	124	1	37	1110.041	1889.019	0	0	0	1911	0	0	0	458	0	0	0	0	0	0.000	0.000	0	0	0	0	0	0	0	0	0	0	0
172	172	812	157.139	1907.389	294	272	141	76	21	190	268	168	128	43	367.288	502	445	425	405	389	376	362	344	316	274	133	115.209	134	123	121	119	116	115	113	112	110	108	100	0	0	0.000	0.000	0	0	0	0	0	0	0	0	0	0	0	0	0	0.000	0.000	0	0	0	0	0	0	0	0	0	0	0
173	173	1895	566.416	1932.114	379	571	528	321	66	329	837	436	235	19	374.449	537	486	466	450	434	408	370	320	272	208	122	133.983	196	156	150	144	139	135	130	125	118	111	101	0	0	0.000	0.000	0	0	0	0	0	0	0	0	0	0	0	0	0	0.000	0.000	0	0	0	0	0	0	0	0	0	0	0
174	174	1959	1161.460	1938.171	533	544	600	209	38	393	685	560	242	40	165.368	221	196	187	180	174	167	160	153	144	131	106	246.840	359	317	300	284	269	251	234	218	197	165	115	0	0	0.000	0.000	0	0	0	0	0	0	0	0	0	0	0	0	0	0.000	0.000	0	0	0	0	0	0	0	0	0	0	0
