 	cell	area	x	y	BFI_lev_b1	BFI_lev_b2	BFI_lev_b3	BFI_lev_b4	BFI_lev_b5	BFO_lev_b1	BFO_lev_b2	BFO_lev_b3	BFO_lev_b4	BFO_lev_b5	GFP_int_mean	GFP_int_b0	GFP_int_b1	GFP_int_b2	GFP_int_b3	GFP_int_b4	GFP_int_b5	GFP_int_b6	GFP_int_b7	GFP_int_b8	GFP_int_b9	GFP_int_b10	RFP_int_mean	RFP_int_b0	RFP_int_b1	RFP_int_b2	RFP_int_b3	RFP_int_b4	RFP_int_b5	RFP_int_b6	RFP_int_b7	RFP_int_b8	RFP_int_b9	RFP_int_b10	inGFPnfoci	f1_inGFParea	f1_inGFPx	f1_inGFPy	f2_inGFParea	f2_inGFPx	f2_inGFPy	f1_inGFP_toGFPmed	f1_inGFP_toGFPmean	f2_inGFP_toGFPmed	f2_inGFP_toGFPmean	f1_inGFP_toRFPmed	f1_inGFP_toRFPmean	f2_inGFP_toRFPmed	f2_inGFP_toRFPmean	inRFPnfoci	f1_inRFParea	f1_inRFPx	f1_inRFPy	f2_inRFParea	f2_inRFPx	f2_inRFPy	f1_inRFP_toGFPmed	f1_inRFP_toGFPmean	f2_inRFP_toGFPmed	f2_inRFP_toGFPmean	f1_inRFP_toRFPmed	f1_inRFP_toRFPmean	f2_inRFP_toRFPmed	f2_inRFP_toRFPmean
1	1	1384	1245.148	80.212	266	412	468	185	31	162	478	507	182	16	893.236	1361	1254	1180	1100	1012	941	863	767	628	463	109	144.020	178	164	160	156	151	146	141	135	128	119	101	0	0	0.000	0.000	0	0	0	0	0	0	0	0	0	0	0	0	0	0.000	0.000	0	0	0	0	0	0	0	0	0	0	0
2	2	1508	1113.250	76.852	317	365	395	312	85	246	361	446	306	115	108.347	119	113	112	111	110	108	107	106	105	103	98	138.863	194	166	157	151	145	140	134	126	120	109	99	0	0	0.000	0.000	0	0	0	0	0	0	0	0	0	0	0	0	0	0.000	0.000	0	0	0	0	0	0	0	0	0	0	0
3	3	1446	1792.645	96.394	300	488	413	180	29	227	514	437	224	23	461.969	9914	610	259	198	180	171	163	156	146	132	104	144.355	565	171	147	140	134	130	126	122	118	112	100	1	75	1789.485	85.489	0	0	0	4073	0	0	0	342	0	0	0	1	79	1789.628	85.276	0	0	0	4005	0	0	0	341	0	0	0
4	4	606	1147.239	96.057	160	139	134	119	43	147	154	141	129	30	106.351	116	111	109	108	107	106	105	105	103	102	98	133.361	169	156	150	145	140	135	129	123	115	109	101	0	0	0.000	0.000	0	0	0	0	0	0	0	0	0	0	0	0	0	0.000	0.000	0	0	0	0	0	0	0	0	0	0	0
5	5	824	1655.683	102.887	91	333	221	134	27	46	307	284	127	48	1471.547	2173	1914	1782	1708	1618	1554	1453	1330	1153	917	396	118.909	136	127	125	123	121	119	117	115	113	110	102	0	0	0.000	0.000	0	0	0	0	0	0	0	0	0	0	0	0	0	0.000	0.000	0	0	0	0	0	0	0	0	0	0	0
6	6	1705	92.786	132.690	552	810	250	43	11	416	742	448	45	14	246.960	373	318	292	274	259	244	230	218	205	184	107	106.455	121	113	110	108	107	106	105	104	103	101	97	0	0	0.000	0.000	0	0	0	0	0	0	0	0	0	0	0	0	0	0.000	0.000	0	0	0	0	0	0	0	0	0	0	0
7	7	1896	967.694	139.259	645	758	399	41	13	494	646	424	225	65	772.815	2010	1138	1061	978	876	767	675	589	497	358	113	115.559	147	129	123	119	116	114	112	109	108	105	97	0	0	0.000	0.000	0	0	0	0	0	0	0	0	0	0	0	0	0	0.000	0.000	0	0	0	0	0	0	0	0	0	0	0
8	8	2562	1664.529	152.071	355	689	909	525	47	314	820	1003	366	11	359.550	6487	302	279	268	259	251	241	228	208	181	121	234.542	820	286	268	253	240	228	219	207	189	165	118	1	80	1680.039	155.513	0	0	0	3299	0	0	0	404	0	0	0	1	39	1680.707	152.941	0	0	0	1586	0	0	0	660	0	0	0
9	9	2150	1528.148	179.530	523	788	639	153	17	324	723	700	331	39	1576.565	19375	2244	1248	1068	990	909	813	719	595	412	157	326.007	4456	449	211	177	166	157	148	140	131	122	101	1	148	1529.641	179.353	0	0	0	9363	0	0	0	2159	0	0	0	1	148	1529.716	179.665	0	0	0	9363	0	0	0	2159	0	0	0
10	10	1583	183.311	181.609	298	461	540	225	32	223	516	580	218	12	116.300	133	123	120	119	118	116	115	114	112	110	100	128.979	151	140	136	134	132	130	128	125	122	117	102	0	0	0.000	0.000	0	0	0	0	0	0	0	0	0	0	0	0	0	0.000	0.000	0	0	0	0	0	0	0	0	0	0	0
11	11	1745	270.845	188.329	275	486	578	310	63	283	665	604	152	8	200.785	461	237	226	218	212	206	198	187	170	150	107	132.406	175	147	143	139	136	133	130	127	122	115	101	0	0	0.000	0.000	0	0	0	0	0	0	0	0	0	0	0	0	0	0.000	0.000	0	0	0	0	0	0	0	0	0	0	0
12	12	1542	782.966	187.809	425	688	351	42	8	174	438	473	323	90	136.082	165	150	147	144	141	138	135	130	125	118	100	160.943	217	197	186	177	169	160	153	146	139	125	102	0	0	0.000	0.000	0	0	0	0	0	0	0	0	0	0	0	0	0	0.000	0.000	0	0	0	0	0	0	0	0	0	0	0
13	13	1537	1826.073	192.002	234	471	552	222	28	155	328	568	388	66	299.581	1451	362	337	322	311	298	283	266	241	204	125	120.820	171	132	128	126	123	121	118	116	113	109	100	1	14	1842.683	193.035	0	0	0	1045	0	0	0	143	0	0	0	0	0	0.000	0.000	0	0	0	0	0	0	0	0	0	0	0
14	14	1485	1700.186	194.341	148	434	421	336	127	106	442	476	350	70	131.038	1000	131	126	124	123	121	120	118	116	113	102	304.474	444	376	360	348	334	318	303	283	256	200	111	1	28	1688.282	207.232	0	0	0	464	0	0	0	235	0	0	0	0	0	0.000	0.000	0	0	0	0	0	0	0	0	0	0	0
15	15	2457	1628.726	209.595	568	856	736	227	18	483	955	765	194	11	1490.260	23313	2838	577	318	258	238	223	210	195	167	117	313.560	2352	481	255	236	225	213	202	192	173	138	102	1	241	1634.990	211.178	0	0	0	10993	0	0	0	1016	0	0	0	1	206	1636.164	210.976	0	0	0	12732	0	0	0	1348	0	0	0
16	16	1136	228.011	205.776	235	284	345	222	25	170	354	396	176	19	111.815	126	118	116	114	113	112	111	109	108	106	99	123.485	151	138	133	129	126	123	120	117	114	111	101	0	0	0.000	0.000	0	0	0	0	0	0	0	0	0	0	0	0	0	0.000	0.000	0	0	0	0	0	0	0	0	0	0	0
17	17	1651	1482.025	216.246	360	411	413	357	85	363	436	473	292	55	1077.316	9740	1314	1177	1116	1038	932	837	730	602	439	164	194.800	1650	234	183	172	163	155	147	139	132	121	101	1	52	1482.635	225.382	0	0	0	5542	0	0	0	333	0	0	0	1	72	1479.701	221.096	0	0	0	1416	0	0	0	827	0	0	0
18	18	1924	816.588	225.026	403	386	544	435	106	448	611	643	180	10	589.788	14540	673	252	185	163	151	143	136	129	118	100	200.576	1431	244	196	180	171	163	157	150	139	125	100	1	99	814.052	217.128	0	0	0	6533	0	0	0	697	0	0	0	1	95	814.825	217.041	0	0	0	6995	0	0	0	756	0	0	0
19	19	1833	1574.072	256.545	259	547	581	332	77	249	649	631	240	38	1112.260	1827	1466	1384	1310	1217	1128	1070	1000	897	642	154	123.141	154	136	132	129	126	123	121	118	114	109	99	0	0	0.000	0.000	0	0	0	0	0	0	0	0	0	0	0	0	0	0.000	0.000	0	0	0	0	0	0	0	0	0	0	0
20	20	1894	567.339	261.736	328	642	588	260	48	352	783	514	189	19	527.620	13001	598	247	186	173	166	160	154	146	134	107	148.978	834	163	142	137	134	131	128	125	121	115	99	1	89	573.768	251.705	0	0	0	5860	0	0	0	430	0	0	0	1	86	574.191	251.622	0	0	0	5905	0	0	0	451	0	0	0
21	21	1251	364.824	262.042	157	340	428	258	42	91	283	467	294	89	157.264	837	164	158	155	152	150	147	144	140	133	107	131.038	192	144	141	137	134	131	128	125	121	116	103	1	29	353.532	272.031	0	0	0	415	0	0	0	153	0	0	0	0	0	0.000	0.000	0	0	0	0	0	0	0	0	0	0	0
22	22	2126	1539.673	306.748	302	720	779	254	31	220	630	737	447	50	1225.677	1890	1730	1641	1520	1397	1266	1145	1025	896	614	200	125.377	155	139	136	133	130	127	124	120	114	107	99	0	0	0.000	0.000	0	0	0	0	0	0	0	0	0	0	0	0	0	0.000	0.000	0	0	0	0	0	0	0	0	0	0	0
23	23	1304	1780.155	300.312	203	386	371	274	50	166	337	380	290	98	112.069	132	118	116	114	113	112	111	109	108	106	101	104.471	113	108	107	106	105	104	104	103	102	101	96	0	0	0.000	0.000	0	0	0	0	0	0	0	0	0	0	0	0	0	0.000	0.000	0	0	0	0	0	0	0	0	0	0	0
24	24	1571	1597.290	315.184	201	655	489	183	19	154	556	511	266	49	309.894	5718	392	208	179	167	160	154	148	141	129	105	163.008	593	189	174	166	159	153	148	143	136	126	105	1	68	1588.157	316.804	0	0	0	2530	0	0	0	339	0	0	0	1	47	1588.145	316.737	0	0	0	3293	0	0	0	388	0	0	0
25	25	1536	1492.862	345.852	254	544	511	184	16	219	571	485	215	15	606.708	7644	714	524	478	446	418	388	363	334	291	163	120.915	407	129	122	118	115	113	111	110	108	106	99	1	63	1498.969	332.644	0	0	0	3942	0	0	0	253	0	0	0	1	62	1498.339	331.793	0	0	0	3030	0	0	0	255	0	0	0
26	26	1808	1793.479	349.470	338	527	627	269	8	271	606	584	292	25	111.742	131	117	115	114	113	112	111	109	108	106	99	106.732	122	112	110	108	107	106	105	104	103	102	97	0	0	0.000	0.000	0	0	0	0	0	0	0	0	0	0	0	0	0	0.000	0.000	0	0	0	0	0	0	0	0	0	0	0
27	27	1834	1047.260	386.661	380	533	560	306	17	267	539	566	369	67	433.407	9216	442	294	269	256	243	227	211	194	170	110	147.468	900	158	149	143	137	131	125	121	117	112	96	1	70	1057.864	388.040	0	0	0	4079	0	0	0	454	0	0	0	1	66	1058.303	388.023	0	0	0	4240	0	0	0	488	0	0	0
28	28	1082	1876.612	401.735	151	407	356	138	13	81	400	391	175	14	189.453	592	221	203	193	188	183	179	173	167	156	117	122.278	153	135	130	128	125	122	119	117	114	110	100	1	12	1874.430	412.979	0	0	0	483	0	0	0	139	0	0	0	0	0	0.000	0.000	0	0	0	0	0	0	0	0	0	0	0
29	29	1434	957.449	405.443	308	624	399	53	18	146	469	495	258	40	246.987	2357	272	236	226	219	214	205	195	183	165	121	128.326	282	141	135	131	128	125	123	120	117	113	102	1	35	951.986	411.014	0	0	0	1258	0	0	0	183	0	0	0	1	31	953.046	411.775	0	0	0	1362	0	0	0	229	0	0	0
30	30	1752	1366.620	419.435	373	454	469	366	55	381	592	445	260	43	333.170	524	427	403	387	370	351	324	294	259	211	113	106.673	129	113	110	108	107	106	105	104	103	102	94	0	0	0.000	0.000	0	0	0	0	0	0	0	0	0	0	0	0	0	0.000	0.000	0	0	0	0	0	0	0	0	0	0	0
31	31	651	1414.453	420.580	110	232	153	101	39	109	316	131	71	16	124.120	140	132	129	128	126	125	123	122	119	115	106	152.309	189	172	167	163	160	156	152	147	139	123	105	0	0	0.000	0.000	0	0	0	0	0	0	0	0	0	0	0	0	0	0.000	0.000	0	0	0	0	0	0	0	0	0	0	0
32	32	1784	1913.004	432.372	612	595	403	129	19	437	545	478	253	44	540.282	10611	641	289	227	214	203	194	182	166	139	104	151.240	954	164	137	133	129	127	123	119	115	111	101	1	92	1902.106	438.179	0	0	0	5297	0	0	0	503	0	0	0	1	93	1902.458	436.851	0	0	0	3297	0	0	0	505	0	0	0
33	33	3262	1056.126	442.051	1523	831	582	229	53	1491	833	675	178	23	220.710	825	426	269	212	184	165	151	140	130	121	103	123.878	260	157	130	123	118	115	112	110	108	106	99	1	470	1049.199	447.288	0	0	0	503	0	0	0	171	0	0	0	1	307	1048.594	446.513	0	0	0	589	0	0	0	190	0	0	0
34	34	1819	1539.981	437.858	712	661	370	40	11	483	701	459	121	21	116.860	137	125	123	121	119	117	116	113	111	108	100	556.064	883	791	757	714	670	631	568	464	312	186	108	0	0	0.000	0.000	0	0	0	0	0	0	0	0	0	0	0	0	0	0.000	0.000	0	0	0	0	0	0	0	0	0	0	0
35	35	1707	761.152	452.970	290	677	520	173	16	146	531	541	320	128	347.265	559	442	400	379	365	355	342	323	291	232	142	107.103	127	114	110	108	107	106	105	104	103	102	96	0	0	0.000	0.000	0	0	0	0	0	0	0	0	0	0	0	0	0	0.000	0.000	0	0	0	0	0	0	0	0	0	0	0
36	36	863	1340.993	456.923	228	259	239	111	9	151	237	246	165	53	125.833	148	137	134	131	129	127	124	121	117	113	102	107.248	119	112	110	109	108	107	106	105	104	103	99	0	0	0.000	0.000	0	0	0	0	0	0	0	0	0	0	0	0	0	0.000	0.000	0	0	0	0	0	0	0	0	0	0	0
37	37	1097	1552.894	482.091	446	356	228	39	9	404	317	252	90	15	111.060	126	117	115	114	112	111	110	109	107	105	99	334.438	553	477	441	418	397	363	325	274	201	140	107	0	0	0.000	0.000	0	0	0	0	0	0	0	0	0	0	0	0	0	0.000	0.000	0	0	0	0	0	0	0	0	0	0	0
38	38	2132	1086.560	501.910	553	943	496	96	11	377	720	671	271	50	1305.666	23163	1953	357	215	198	190	184	178	169	158	121	282.390	2896	344	208	197	190	183	174	164	154	143	112	1	183	1092.473	511.353	0	0	0	11010	0	0	0	1184	0	0	0	1	143	1092.698	511.057	0	0	0	13807	0	0	0	1420	0	0	0
39	39	869	1813.195	488.543	103	275	304	146	23	145	312	281	98	24	142.290	168	155	152	150	147	144	142	139	134	125	105	120.361	144	132	129	126	124	121	119	115	111	107	100	0	0	0.000	0.000	0	0	0	0	0	0	0	0	0	0	0	0	0	0.000	0.000	0	0	0	0	0	0	0	0	0	0	0
40	40	1022	895.950	505.540	95	340	372	149	52	67	320	429	155	37	162.988	208	185	177	172	168	163	160	155	149	140	112	117.625	136	125	123	121	119	118	116	114	113	110	101	0	0	0.000	0.000	0	0	0	0	0	0	0	0	0	0	0	0	0	0.000	0.000	0	0	0	0	0	0	0	0	0	0	0
41	41	1303	665.364	518.141	175	370	411	255	69	153	384	408	267	71	269.342	387	328	313	298	285	272	260	247	233	202	126	115.916	141	126	122	119	117	115	113	112	110	107	101	0	0	0.000	0.000	0	0	0	0	0	0	0	0	0	0	0	0	0	0.000	0.000	0	0	0	0	0	0	0	0	0	0	0
42	42	1920	778.473	529.949	290	569	637	352	38	302	628	609	297	45	726.685	1085	945	861	812	765	734	706	674	620	501	140	109.130	127	115	113	111	110	109	108	107	105	104	98	0	0	0.000	0.000	0	0	0	0	0	0	0	0	0	0	0	0	0	0.000	0.000	0	0	0	0	0	0	0	0	0	0	0
43	43	547	1440.013	516.069	215	109	134	65	15	178	147	139	57	20	119.079	207	127	123	121	119	118	116	114	112	109	100	159.697	524	205	166	159	155	150	144	135	125	115	105	0	0	0.000	0.000	0	0	0	0	0	0	0	0	0	0	0	1	30	1447.998	514.997	0	0	0	147	0	0	0	355	0	0	0
44	44	3031	1052.324	543.881	1605	587	471	302	31	1502	592	470	387	53	119.910	161	138	132	127	123	118	113	110	108	105	99	118.128	156	137	130	125	121	116	111	108	106	104	97	0	0	0.000	0.000	0	0	0	0	0	0	0	0	0	0	0	0	0	0.000	0.000	0	0	0	0	0	0	0	0	0	0	0
45	45	1674	529.727	535.395	322	482	532	256	55	257	519	548	281	32	265.702	359	322	309	298	287	277	265	252	225	188	106	115.913	142	127	122	119	117	115	113	112	109	107	94	0	0	0.000	0.000	0	0	0	0	0	0	0	0	0	0	0	0	0	0.000	0.000	0	0	0	0	0	0	0	0	0	0	0
46	46	1841	1832.452	538.886	570	770	383	65	10	454	803	459	85	14	160.294	921	176	168	163	159	156	151	145	137	127	104	294.837	428	383	363	347	328	308	286	259	230	176	116	1	32	1819.261	522.334	0	0	0	481	0	0	0	279	0	0	0	0	0	0.000	0.000	0	0	0	0	0	0	0	0	0	0	0
47	47	1696	928.443	542.593	325	658	551	105	22	195	623	554	254	35	291.073	6283	259	205	191	178	171	165	158	149	138	108	126.382	541	133	127	124	121	119	117	115	112	109	101	1	61	910.907	531.627	0	0	0	2736	0	0	0	278	0	0	0	1	55	910.823	531.011	0	0	0	2437	0	0	0	302	0	0	0
48	48	1338	1910.731	541.875	107	505	350	275	82	204	574	348	161	17	111.756	126	117	115	114	113	112	111	109	108	106	101	105.516	118	110	108	107	106	105	104	104	103	102	97	0	0	0.000	0.000	0	0	0	0	0	0	0	0	0	0	0	0	0	0.000	0.000	0	0	0	0	0	0	0	0	0	0	0
49	49	1459	434.300	547.799	232	504	443	212	40	146	406	460	312	106	114.645	130	121	119	117	116	115	113	112	110	108	101	135.203	167	148	144	141	139	137	134	131	126	119	104	0	0	0.000	0.000	0	0	0	0	0	0	0	0	0	0	0	0	0	0.000	0.000	0	0	0	0	0	0	0	0	0	0	0
50	50	1612	1375.080	551.535	273	628	501	163	17	207	504	533	286	52	428.489	7147	458	370	342	326	310	287	265	237	207	136	132.207	498	143	135	132	129	126	123	119	116	112	104	1	49	1365.110	550.164	0	0	0	3294	0	0	0	292	0	0	0	1	41	1365.046	549.363	0	0	0	3294	0	0	0	326	0	0	0
51	51	1294	824.152	556.665	336	579	291	54	15	201	491	365	183	35	670.725	1087	943	854	788	735	694	651	594	514	344	129	109.469	126	117	114	111	110	109	108	107	105	104	98	0	0	0.000	0.000	0	0	0	0	0	0	0	0	0	0	0	0	0	0.000	0.000	0	0	0	0	0	0	0	0	0	0	0
52	52	1893	1431.600	556.514	321	707	595	211	37	285	672	571	291	43	752.356	10634	796	569	509	460	416	374	347	322	293	164	132.956	658	140	122	119	117	115	113	112	110	108	100	1	106	1434.610	542.534	0	0	0	5517	0	0	0	370	0	0	0	1	108	1435.382	542.453	0	0	0	5418	0	0	0	370	0	0	0
53	53	1627	984.507	568.986	338	640	474	121	15	248	593	498	235	14	847.047	16129	1185	427	326	304	283	257	238	216	189	115	194.980	2318	240	142	129	124	121	117	114	112	109	101	1	102	990.533	574.380	0	0	0	7011	0	0	0	1020	0	0	0	1	106	990.427	574.485	0	0	0	6852	0	0	0	1000	0	0	0
54	54	1697	366.450	567.863	428	354	446	367	75	410	336	442	393	89	182.004	1076	212	196	189	184	178	172	164	149	124	102	140.308	257	163	156	150	146	143	138	131	119	109	101	1	26	363.434	559.199	0	0	0	599	0	0	0	198	0	0	0	0	0	0.000	0.000	0	0	0	0	0	0	0	0	0	0	0
55	55	1156	589.804	567.989	146	389	417	154	22	48	245	429	328	90	171.879	217	197	191	186	180	175	168	161	154	142	107	121.361	146	133	129	126	124	121	119	116	113	111	103	0	0	0.000	0.000	0	0	0	0	0	0	0	0	0	0	0	0	0	0.000	0.000	0	0	0	0	0	0	0	0	0	0	0
56	56	1561	186.350	571.469	286	622	523	88	15	187	570	552	203	18	601.306	981	869	809	736	665	604	561	499	425	307	126	134.799	167	154	149	145	141	137	132	127	121	111	100	0	0	0.000	0.000	0	0	0	0	0	0	0	0	0	0	0	0	0	0.000	0.000	0	0	0	0	0	0	0	0	0	0	0
57	57	1838	1294.337	582.561	284	573	593	274	72	217	624	527	353	87	109.711	123	114	112	111	111	110	109	108	107	106	99	104.656	115	108	107	106	105	104	104	103	103	102	97	0	0	0.000	0.000	0	0	0	0	0	0	0	0	0	0	0	0	0	0.000	0.000	0	0	0	0	0	0	0	0	0	0	0
58	58	1794	317.450	579.399	447	851	423	33	9	203	603	569	310	73	848.773	17074	1150	309	208	188	179	174	167	159	146	103	193.497	1513	249	164	154	146	142	138	134	127	121	105	1	123	328.896	580.135	0	0	0	7676	0	0	0	762	0	0	0	1	121	328.446	580.048	0	0	0	7676	0	0	0	766	0	0	0
59	59	1061	464.886	582.560	199	319	310	174	31	199	315	338	190	10	117.456	240	124	120	118	116	115	113	112	110	108	100	131.540	165	149	144	139	135	132	129	125	120	112	101	1	37	460.311	585.261	0	0	0	180	0	0	0	153	0	0	0	0	0	0.000	0.000	0	0	0	0	0	0	0	0	0	0	0
60	60	1971	1386.396	602.400	572	458	588	271	58	558	462	596	285	36	1797.243	21328	4176	936	485	376	318	285	261	237	200	130	218.598	1834	365	152	135	128	124	120	117	114	111	102	2	33	1408.456	601.112	246	1380.621	606.024	2070	0	10156	0	133	0	756	0	1	196	1380.540	605.622	0	0	0	13655	0	0	0	952	0	0	0
61	61	1020	264.043	596.166	309	237	247	168	41	258	325	240	157	26	122.519	145	134	131	128	126	124	121	118	113	109	99	107.300	118	111	110	109	108	107	106	106	105	103	98	0	0	0.000	0.000	0	0	0	0	0	0	0	0	0	0	0	0	0	0.000	0.000	0	0	0	0	0	0	0	0	0	0	0
62	62	1735	1835.839	604.826	521	626	475	67	8	266	551	555	269	41	409.354	10305	428	218	184	170	163	156	150	142	132	108	341.366	1240	438	403	378	354	329	307	285	257	210	114	1	74	1832.101	609.818	0	0	0	4263	0	0	0	758	0	0	0	1	26	1831.443	609.379	0	0	0	7987	0	0	0	1031	0	0	0
63	63	1200	880.268	599.641	647	364	98	52	18	650	360	99	60	12	117.632	137	126	123	121	119	117	116	114	112	110	100	232.968	363	296	271	255	243	230	216	205	193	179	139	0	0	0.000	0.000	0	0	0	0	0	0	0	0	0	0	0	0	0	0.000	0.000	0	0	0	0	0	0	0	0	0	0	0
64	64	1677	193.634	622.269	453	553	494	140	13	368	568	447	245	27	488.416	849	702	616	573	541	504	466	421	351	249	111	126.478	158	143	139	135	132	128	123	119	113	107	97	0	0	0.000	0.000	0	0	0	0	0	0	0	0	0	0	0	0	0	0.000	0.000	0	0	0	0	0	0	0	0	0	0	0
65	65	925	1307.839	630.817	119	231	265	231	65	126	386	257	133	9	111.769	134	120	116	114	112	110	110	108	107	105	100	104.669	115	108	107	106	105	105	104	103	103	102	96	0	0	0.000	0.000	0	0	0	0	0	0	0	0	0	0	0	0	0	0.000	0.000	0	0	0	0	0	0	0	0	0	0	0
66	66	1416	1049.940	639.021	367	628	282	104	19	181	574	342	214	74	113.198	126	119	117	116	114	113	112	111	109	107	100	108.813	132	113	111	110	109	108	108	107	106	105	98	0	0	0.000	0.000	0	0	0	0	0	0	0	0	0	0	0	0	0	0.000	0.000	0	0	0	0	0	0	0	0	0	0	0
67	67	1909	786.795	643.191	289	650	678	239	18	194	545	685	409	43	939.146	1559	1304	1153	1069	1013	960	889	799	699	580	177	106.475	119	111	109	108	107	106	105	105	104	103	96	0	0	0.000	0.000	0	0	0	0	0	0	0	0	0	0	0	0	0	0.000	0.000	0	0	0	0	0	0	0	0	0	0	0
68	68	1020	911.764	635.797	551	248	141	51	17	472	271	190	68	11	124.082	153	137	131	129	126	124	122	119	116	111	102	347.632	532	474	443	417	392	365	338	305	252	174	115	0	0	0.000	0.000	0	0	0	0	0	0	0	0	0	0	0	0	0	0.000	0.000	0	0	0	0	0	0	0	0	0	0	0
69	69	1668	1715.759	637.976	127	581	558	291	77	115	580	584	287	71	524.579	10926	502	334	304	287	272	258	243	226	203	133	138.645	896	138	131	127	125	122	120	118	115	112	102	1	65	1713.495	622.672	0	0	0	5181	0	0	0	473	0	0	0	1	74	1713.877	622.084	0	0	0	4360	0	0	0	473	0	0	0
70	70	1532	1008.872	661.360	264	420	506	274	35	165	444	538	260	95	788.050	1306	1119	999	929	854	778	723	675	610	453	177	108.552	132	116	111	109	108	107	106	106	105	104	99	0	0	0.000	0.000	0	0	0	0	0	0	0	0	0	0	0	1	209	999.665	660.498	0	0	0	791	0	0	0	118	0	0	0
71	71	1091	429.679	668.680	189	410	384	71	12	130	357	347	218	24	476.540	705	616	586	556	521	490	459	428	381	296	148	119.335	138	128	125	123	122	120	118	116	113	110	101	0	0	0.000	0.000	0	0	0	0	0	0	0	0	0	0	0	0	0	0.000	0.000	0	0	0	0	0	0	0	0	0	0	0
72	72	1570	747.265	676.719	224	562	551	184	21	169	508	592	226	46	115.573	134	121	119	118	117	116	114	113	112	110	101	149.294	186	166	162	158	154	151	148	143	137	129	108	0	0	0.000	0.000	0	0	0	0	0	0	0	0	0	0	0	0	0	0.000	0.000	0	0	0	0	0	0	0	0	0	0	0
73	73	1821	1721.073	683.109	378	624	586	191	17	362	762	541	115	9	1071.848	19869	1474	449	329	299	277	258	239	213	180	120	195.790	2060	217	143	133	126	121	118	114	112	108	102	1	132	1720.716	674.357	0	0	0	9097	0	0	0	992	0	0	0	1	135	1720.429	674.068	0	0	0	8719	0	0	0	979	0	0	0
74	74	1853	1878.301	697.424	624	597	446	143	12	480	576	459	259	54	112.740	136	122	118	116	114	112	110	109	107	105	97	111.374	140	121	116	114	111	110	108	107	106	104	97	0	0	0.000	0.000	0	0	0	0	0	0	0	0	0	0	0	1	15	1866.624	695.559	0	0	0	129	0	0	0	133	0	0	0
75	75	2386	797.464	705.884	476	862	779	203	15	379	804	834	288	37	946.954	2901	1423	1266	1176	1069	957	849	688	562	387	134	106.829	122	111	109	108	107	106	106	105	104	103	97	0	0	0.000	0.000	0	0	0	0	0	0	0	0	0	0	0	0	0	0.000	0.000	0	0	0	0	0	0	0	0	0	0	0
76	76	1994	921.367	712.258	340	616	778	197	21	276	660	716	286	15	181.519	235	209	203	198	194	188	180	170	159	143	106	238.639	337	304	291	276	260	246	228	207	186	163	118	0	0	0.000	0.000	0	0	0	0	0	0	0	0	0	0	0	0	0	0.000	0.000	0	0	0	0	0	0	0	0	0	0	0
77	77	1061	609.966	715.881	259	404	300	54	23	260	468	261	36	17	201.240	1847	219	195	187	182	178	173	166	158	146	109	137.423	227	153	147	143	140	136	133	130	127	123	106	1	25	596.993	714.800	0	0	0	846	0	0	0	185	0	0	0	0	0	0.000	0.000	0	0	0	0	0	0	0	0	0	0	0
78	78	1817	1553.987	736.105	436	627	476	204	34	405	630	474	254	26	1858.335	22441	4647	863	409	291	252	232	216	196	161	110	362.728	3399	736	252	198	186	176	166	157	145	130	107	1	226	1558.227	738.379	0	0	0	11685	0	0	0	1436	0	0	0	1	193	1557.937	738.226	0	0	0	14124	0	0	0	1748	0	0	0
79	79	1485	873.217	736.841	281	492	549	120	17	184	313	520	352	90	757.042	3470	970	895	837	782	722	683	628	559	485	243	115.861	201	124	120	118	116	114	113	112	110	108	99	1	14	885.719	727.937	0	0	0	2837	0	0	0	184	0	0	0	1	22	884.974	726.945	0	0	0	2180	0	0	0	163	0	0	0
80	80	1537	985.332	744.572	238	481	526	229	34	216	472	530	248	50	110.071	122	115	113	112	111	110	109	108	107	105	100	188.275	257	225	213	203	195	188	183	176	169	151	107	0	0	0.000	0.000	0	0	0	0	0	0	0	0	0	0	0	0	0	0.000	0.000	0	0	0	0	0	0	0	0	0	0	0
81	81	1633	500.283	754.491	276	551	540	201	31	300	625	508	151	17	832.777	13976	1282	376	267	247	235	225	213	200	184	143	211.808	2237	307	151	130	125	123	120	119	117	114	103	1	116	502.177	763.348	0	0	0	7044	0	0	0	1054	0	0	0	1	118	502.127	762.023	0	0	0	4289	0	0	0	1058	0	0	0
82	82	644	541.238	742.297	154	286	148	28	16	135	327	132	29	6	217.661	271	249	239	233	228	224	218	212	203	181	114	118.481	135	125	123	122	120	119	117	116	114	111	102	0	0	0.000	0.000	0	0	0	0	0	0	0	0	0	0	0	0	0	0.000	0.000	0	0	0	0	0	0	0	0	0	0	0
83	83	1039	1197.525	744.155	143	330	372	145	33	111	381	383	110	31	110.720	125	116	114	112	111	110	110	109	108	106	100	121.565	143	132	129	126	123	121	119	117	114	111	102	0	0	0.000	0.000	0	0	0	0	0	0	0	0	0	0	0	0	0	0.000	0.000	0	0	0	0	0	0	0	0	0	0	0
84	84	1330	230.895	757.799	366	435	392	107	10	314	479	378	121	15	109.797	123	115	113	112	111	110	109	108	107	105	98	241.660	345	307	291	275	258	245	231	218	200	166	118	0	0	0.000	0.000	0	0	0	0	0	0	0	0	0	0	0	0	0	0.000	0.000	0	0	0	0	0	0	0	0	0	0	0
85	85	1782	909.903	769.383	562	918	221	25	11	352	683	562	131	25	651.976	11607	924	337	244	213	195	183	175	164	155	117	237.439	1014	287	255	244	234	223	206	189	167	148	109	1	127	913.157	761.912	0	0	0	5130	0	0	0	528	0	0	0	1	65	912.578	760.673	0	0	0	6958	0	0	0	747	0	0	0
86	86	806	1421.761	766.828	511	145	86	33	23	499	188	59	34	17	149.500	200	181	171	163	157	149	143	136	128	118	103	234.141	376	335	315	287	261	247	225	179	139	121	105	0	0	0.000	0.000	0	0	0	0	0	0	0	0	0	0	0	0	0	0.000	0.000	0	0	0	0	0	0	0	0	0	0	0
87	87	1936	1205.721	786.994	631	713	426	123	13	447	657	493	229	71	117.901	139	126	123	121	120	118	117	115	113	109	98	255.945	366	329	315	299	285	270	252	225	194	154	105	0	0	0.000	0.000	0	0	0	0	0	0	0	0	0	0	0	0	0	0.000	0.000	0	0	0	0	0	0	0	0	0	0	0
88	88	2564	1843.603	794.946	1480	660	284	72	30	1400	702	324	95	19	130.717	293	153	138	132	127	123	120	117	115	112	102	110.361	187	119	110	109	108	107	106	105	104	103	96	1	17	1843.522	805.231	0	0	0	180	0	0	0	108	0	0	0	0	0	0.000	0.000	0	0	0	0	0	0	0	0	0	0	0
89	89	2513	262.762	800.540	805	1005	535	103	24	704	1025	590	123	24	111.936	128	118	116	114	113	112	111	109	108	106	100	246.811	373	305	291	281	272	262	248	229	198	156	107	0	0	0.000	0.000	0	0	0	0	0	0	0	0	0	0	0	0	0	0.000	0.000	0	0	0	0	0	0	0	0	0	0	0
90	90	2846	1089.746	804.189	2099	553	124	27	23	2097	537	138	31	26	108.275	132	116	113	110	108	107	106	105	104	103	95	114.549	149	131	125	120	115	110	108	106	105	103	96	0	0	0.000	0.000	0	0	0	0	0	0	0	0	0	0	0	0	0	0.000	0.000	0	0	0	0	0	0	0	0	0	0	0
91	91	1461	498.444	798.616	449	664	281	28	8	327	502	458	130	15	469.203	6942	549	406	366	338	314	296	279	256	192	120	147.606	1131	163	134	128	124	122	119	116	113	109	102	1	54	489.583	797.873	0	0	0	3371	0	0	0	644	0	0	0	1	60	488.988	797.410	0	0	0	2722	0	0	0	612	0	0	0
92	92	1494	1503.404	818.670	388	498	465	97	12	313	426	415	261	56	283.728	1399	341	322	305	288	274	262	251	234	202	122	131.580	405	142	137	133	130	128	125	124	121	117	105	1	15	1506.980	825.042	0	0	0	988	0	0	0	219	0	0	0	1	26	1507.218	825.594	0	0	0	843	0	0	0	249	0	0	0
93	93	1947	1443.501	814.516	685	659	471	77	19	636	680	497	84	11	690.063	11931	727	496	450	424	402	383	363	328	251	140	234.171	3364	253	171	160	154	150	146	141	136	126	104	1	89	1431.646	809.401	0	0	0	5269	0	0	0	848	0	0	0	1	87	1432.944	808.542	0	0	0	2869	0	0	0	1577	0	0	0
94	94	1599	565.812	814.312	313	624	523	102	13	245	617	548	148	15	420.017	6771	481	396	347	317	295	276	254	233	205	120	149.699	1469	154	143	138	133	128	124	120	116	112	102	1	48	555.035	802.555	0	0	0	3093	0	0	0	634	0	0	0	1	54	554.274	801.106	0	0	0	1071	0	0	0	722	0	0	0
95	95	792	795.372	812.285	170	251	191	133	31	178	286	221	77	13	152.771	186	174	169	164	159	155	150	143	136	128	113	191.211	261	233	224	215	207	197	185	172	159	139	114	0	0	0.000	0.000	0	0	0	0	0	0	0	0	0	0	0	0	0	0.000	0.000	0	0	0	0	0	0	0	0	0	0	0
96	96	2364	194.169	836.124	530	783	688	283	28	401	799	704	359	50	2013.736	24910	5374	897	450	336	294	267	242	211	179	115	301.214	2359	581	228	191	180	172	164	155	144	131	105	1	309	199.758	833.820	0	0	0	12392	0	0	0	1058	0	0	0	1	256	199.006	833.448	0	0	0	14978	0	0	0	1255	0	0	0
97	97	1068	1280.666	825.875	215	443	337	45	14	136	369	336	164	42	544.942	819	716	661	618	583	551	525	493	448	363	152	123.771	148	133	130	128	125	124	122	120	118	115	102	0	0	0.000	0.000	0	0	0	0	0	0	0	0	0	0	0	0	0	0.000	0.000	0	0	0	0	0	0	0	0	0	0	0
98	98	1242	465.650	834.215	242	466	404	106	11	164	346	439	204	61	113.709	129	119	117	116	115	114	113	111	110	109	103	138.144	172	154	149	146	142	139	136	133	128	120	100	0	0	0.000	0.000	0	0	0	0	0	0	0	0	0	0	0	0	0	0.000	0.000	0	0	0	0	0	0	0	0	0	0	0
99	99	1200	844.583	836.678	309	413	368	77	14	289	391	385	102	10	117.582	145	129	125	122	120	118	115	112	109	107	101	410.537	751	638	568	515	466	425	374	321	232	151	105	0	0	0.000	0.000	0	0	0	0	0	0	0	0	0	0	0	0	0	0.000	0.000	0	0	0	0	0	0	0	0	0	0	0
100	100	601	1156.186	831.499	364	128	79	15	9	290	130	123	32	14	163.507	240	208	190	178	171	163	156	148	132	122	108	348.814	664	541	456	403	376	354	327	279	211	159	114	0	0	0.000	0.000	0	0	0	0	0	0	0	0	0	0	0	0	0	0.000	0.000	0	0	0	0	0	0	0	0	0	0	0
101	101	817	1631.993	836.593	194	267	232	91	17	179	259	245	108	16	191.856	239	216	210	205	198	192	187	182	177	166	134	167.053	206	189	184	179	173	168	163	159	152	142	118	0	0	0.000	0.000	0	0	0	0	0	0	0	0	0	0	0	0	0	0.000	0.000	0	0	0	0	0	0	0	0	0	0	0
102	102	1492	1728.488	845.772	453	607	335	55	11	352	634	348	111	12	267.257	4620	284	227	218	210	202	194	187	179	169	129	618.484	1206	973	860	754	678	616	546	467	372	286	150	1	32	1714.834	844.877	0	0	0	2167	0	0	0	997	0	0	0	0	0	0.000	0.000	0	0	0	0	0	0	0	0	0	0	0
103	103	1365	540.935	853.677	375	552	371	34	11	208	426	453	201	37	330.307	502	431	399	371	349	329	312	295	272	229	139	130.303	178	153	143	137	133	129	125	122	116	109	100	0	0	0.000	0.000	0	0	0	0	0	0	0	0	0	0	0	0	0	0.000	0.000	0	0	0	0	0	0	0	0	0	0	0
104	104	1804	686.672	864.749	463	399	568	318	30	379	425	525	382	72	2353.680	27397	7413	1396	607	400	310	260	226	195	162	119	732.188	5982	1599	618	485	419	376	336	292	243	170	114	1	254	686.884	864.003	0	0	0	13571	0	0	0	2703	0	0	0	1	207	686.866	863.987	0	0	0	17091	0	0	0	3297	0	0	0
105	105	1369	1261.547	867.836	257	496	467	102	19	216	421	446	209	39	281.061	1851	337	310	295	284	272	260	245	225	181	121	135.496	246	155	149	141	136	132	130	127	124	118	104	1	22	1272.095	858.862	0	0	0	892	0	0	0	187	0	0	0	0	0	0.000	0.000	0	0	0	0	0	0	0	0	0	0	0
106	106	830	1445.030	863.778	66	230	266	197	54	53	284	288	146	44	307.845	405	372	357	343	332	318	301	282	260	231	145	134.249	160	148	145	142	139	135	132	129	124	118	101	0	0	0.000	0.000	0	0	0	0	0	0	0	0	0	0	0	0	0	0.000	0.000	0	0	0	0	0	0	0	0	0	0	0
107	107	1806	1599.661	874.375	198	868	594	100	8	121	462	721	385	82	564.132	10858	641	312	280	264	250	237	226	213	196	129	211.951	884	248	227	215	203	192	183	175	167	157	116	1	91	1589.884	867.074	0	0	0	5031	0	0	0	512	0	0	0	1	63	1589.517	866.934	0	0	0	6380	0	0	0	613	0	0	0
108	108	1098	1010.213	868.210	272	395	290	92	30	206	431	301	110	27	109.225	120	114	113	111	110	109	108	107	106	104	98	133.608	174	154	148	142	139	135	131	127	118	109	98	0	0	0.000	0.000	0	0	0	0	0	0	0	0	0	0	0	0	0	0.000	0.000	0	0	0	0	0	0	0	0	0	0	0
109	109	1633	962.996	874.262	271	624	550	147	20	311	607	463	200	24	109.498	121	114	112	111	110	109	109	108	107	105	98	141.786	176	159	153	149	145	142	139	135	131	124	106	0	0	0.000	0.000	0	0	0	0	0	0	0	0	0	0	0	0	0	0.000	0.000	0	0	0	0	0	0	0	0	0	0	0
110	110	1441	1550.105	881.140	224	506	381	266	39	243	576	328	237	25	1570.460	21811	3659	731	363	263	229	213	200	187	168	127	282.035	2103	456	231	207	191	180	172	165	158	147	111	1	144	1550.792	873.229	0	0	0	11146	0	0	0	1053	0	0	0	1	142	1550.647	872.820	0	0	0	11149	0	0	0	1071	0	0	0
111	111	941	1087.268	891.314	121	282	290	181	48	107	266	300	206	41	150.687	201	174	168	162	156	151	145	140	133	127	113	107.160	129	115	110	108	107	106	105	104	103	102	96	0	0	0.000	0.000	0	0	0	0	0	0	0	0	0	0	0	1	102	1080.895	892.158	0	0	0	168	0	0	0	118	0	0	0
112	112	1364	120.329	898.251	276	378	452	214	14	156	340	384	361	96	110.669	123	116	114	113	112	111	110	109	107	106	98	139.305	177	160	154	149	143	139	135	131	126	118	103	0	0	0.000	0.000	0	0	0	0	0	0	0	0	0	0	0	0	0	0.000	0.000	0	0	0	0	0	0	0	0	0	0	0
113	113	979	599.793	900.392	303	390	196	61	18	288	441	186	39	7	257.811	359	321	308	294	279	265	252	236	210	179	118	123.890	156	139	134	130	127	124	121	117	113	108	98	0	0	0.000	0.000	0	0	0	0	0	0	0	0	0	0	0	0	0	0.000	0.000	0	0	0	0	0	0	0	0	0	0	0
114	114	2183	402.160	925.252	363	548	773	406	51	228	567	795	445	104	1260.666	22843	1910	416	238	203	190	180	171	160	145	113	306.632	3944	424	197	172	162	153	144	136	129	121	105	1	176	401.451	933.146	0	0	0	11628	0	0	0	1691	0	0	0	1	157	401.252	932.977	0	0	0	12950	0	0	0	1888	0	0	0
115	115	1748	977.194	921.193	233	578	540	281	88	242	618	543	266	41	109.745	121	114	113	112	111	110	109	108	107	105	100	142.231	181	163	157	152	146	141	137	133	128	122	106	0	0	0.000	0.000	0	0	0	0	0	0	0	0	0	0	0	0	0	0.000	0.000	0	0	0	0	0	0	0	0	0	0	0
116	116	1772	1618.988	921.089	532	728	408	59	8	668	789	269	13	7	151.639	177	163	160	157	154	152	150	148	145	139	122	800.240	1272	1140	1061	992	927	842	747	658	550	378	151	0	0	0.000	0.000	0	0	0	0	0	0	0	0	0	0	0	0	0	0.000	0.000	0	0	0	0	0	0	0	0	0	0	0
117	117	1295	762.715	924.777	319	421	413	103	18	259	485	377	128	18	384.070	614	507	473	443	416	396	376	350	310	220	123	114.416	135	123	120	118	116	114	112	111	109	106	100	0	0	0.000	0.000	0	0	0	0	0	0	0	0	0	0	0	0	0	0.000	0.000	0	0	0	0	0	0	0	0	0	0	0
118	118	1020	1565.587	928.394	242	370	290	86	10	172	402	239	150	39	187.357	240	217	208	203	197	191	185	176	165	150	123	180.588	235	215	208	201	194	185	177	165	152	137	115	0	0	0.000	0.000	0	0	0	0	0	0	0	0	0	0	0	0	0	0.000	0.000	0	0	0	0	0	0	0	0	0	0	0
119	119	1455	347.021	932.989	354	438	426	172	39	317	432	378	255	53	805.748	13955	1375	370	240	202	187	179	171	165	153	117	197.626	1241	264	175	161	155	150	144	139	134	129	112	1	114	341.629	923.627	0	0	0	6310	0	0	0	652	0	0	0	1	108	341.912	923.176	0	0	0	6966	0	0	0	658	0	0	0
120	120	1956	100.162	942.928	447	766	567	130	15	284	773	612	241	10	210.011	293	250	241	234	226	219	209	195	178	155	110	164.237	214	195	188	182	176	168	158	148	138	128	108	0	0	0.000	0.000	0	0	0	0	0	0	0	0	0	0	0	0	0	0.000	0.000	0	0	0	0	0	0	0	0	0	0	0
121	121	1532	1909.807	949.122	473	615	364	42	11	422	561	428	74	12	117.636	134	125	122	121	119	118	116	115	113	110	102	105.508	122	111	108	107	106	105	104	103	103	102	96	0	0	0.000	0.000	0	0	0	0	0	0	0	0	0	0	0	0	0	0.000	0.000	0	0	0	0	0	0	0	0	0	0	0
122	122	1374	637.243	964.496	450	537	306	49	10	280	517	314	194	48	110.071	121	115	113	112	111	110	109	108	107	106	99	130.814	157	145	141	137	134	131	128	125	122	116	104	0	0	0.000	0.000	0	0	0	0	0	0	0	0	0	0	0	0	0	0.000	0.000	0	0	0	0	0	0	0	0	0	0	0
123	123	653	954.201	959.563	75	196	175	116	78	61	206	215	121	44	107.285	117	112	110	109	108	107	106	106	105	103	99	135.403	168	151	147	143	139	136	133	129	125	116	104	0	0	0.000	0.000	0	0	0	0	0	0	0	0	0	0	0	0	0	0.000	0.000	0	0	0	0	0	0	0	0	0	0	0
124	124	2218	1801.393	970.132	422	683	761	264	44	430	717	690	279	49	207.883	283	242	231	224	218	211	204	196	186	168	126	193.156	254	227	220	214	207	197	187	178	168	150	114	0	0	0.000	0.000	0	0	0	0	0	0	0	0	0	0	0	0	0	0.000	0.000	0	0	0	0	0	0	0	0	0	0	0
125	125	1795	391.387	968.039	568	873	278	21	19	553	964	204	17	19	115.433	191	124	118	116	114	113	112	111	110	108	101	192.212	262	236	226	218	208	198	187	177	165	128	100	0	0	0.000	0.000	0	0	0	0	0	0	0	0	0	0	0	0	0	0.000	0.000	0	0	0	0	0	0	0	0	0	0	0
126	126	1535	467.088	981.223	236	492	590	140	51	151	587	578	160	32	117.890	134	124	123	121	119	118	117	115	113	111	104	242.666	378	313	294	278	263	245	226	210	191	165	114	0	0	0.000	0.000	0	0	0	0	0	0	0	0	0	0	0	0	0	0.000	0.000	0	0	0	0	0	0	0	0	0	0	0
127	127	1486	593.443	986.903	237	465	507	221	29	185	390	479	305	96	111.213	125	116	115	113	112	111	110	109	108	106	98	130.234	154	143	139	135	132	130	128	125	122	118	105	0	0	0.000	0.000	0	0	0	0	0	0	0	0	0	0	0	0	0	0.000	0.000	0	0	0	0	0	0	0	0	0	0	0
128	128	1836	83.997	993.254	280	666	650	183	29	272	837	568	114	19	2390.082	26375	7696	1388	631	401	305	260	233	209	193	116	386.137	3299	896	305	212	191	178	165	155	147	139	112	1	278	86.919	993.523	0	0	0	12728	0	0	0	1265	0	0	0	1	227	87.283	993.389	0	0	0	15894	0	0	0	1642	0	0	0
129	129	988	541.947	988.196	149	449	312	60	7	69	368	321	184	22	152.139	183	169	165	161	156	153	150	146	141	133	108	210.021	283	252	241	232	221	213	204	193	182	167	112	0	0	0.000	0.000	0	0	0	0	0	0	0	0	0	0	0	0	0	0.000	0.000	0	0	0	0	0	0	0	0	0	0	0
130	130	1465	729.529	992.827	254	446	495	228	21	211	474	497	228	35	112.812	129	119	117	115	114	113	112	110	109	107	100	373.162	555	476	446	424	404	384	365	338	300	246	149	0	0	0.000	0.000	0	0	0	0	0	0	0	0	0	0	0	0	0	0.000	0.000	0	0	0	0	0	0	0	0	0	0	0
131	131	2552	429.078	1014.392	669	1026	652	148	22	498	811	782	371	49	752.950	10451	758	708	670	625	586	540	500	456	387	173	138.398	961	145	135	129	125	122	120	118	115	112	102	1	76	419.762	998.127	0	0	0	5352	0	0	0	506	0	0	0	1	86	419.274	998.631	0	0	0	4976	0	0	0	481	0	0	0
132	132	1449	504.899	1010.814	283	426	461	226	27	305	581	435	89	11	121.928	561	126	122	119	117	116	114	113	111	109	102	212.973	398	302	269	244	223	203	185	167	156	147	113	1	29	503.032	996.581	0	0	0	310	0	0	0	319	0	0	0	0	0	0.000	0.000	0	0	0	0	0	0	0	0	0	0	0
133	133	2351	269.552	1013.313	433	682	739	396	62	356	778	774	351	35	110.767	129	116	114	113	112	111	110	108	107	105	99	170.445	238	205	195	185	178	172	166	157	147	131	104	0	0	0.000	0.000	0	0	0	0	0	0	0	0	0	0	0	0	0	0.000	0.000	0	0	0	0	0	0	0	0	0	0	0
134	134	1270	373.801	1013.506	144	333	402	305	68	116	409	464	228	33	111.891	126	117	115	114	113	112	111	110	109	107	101	187.622	249	226	219	210	202	194	183	176	163	130	102	0	0	0.000	0.000	0	0	0	0	0	0	0	0	0	0	0	0	0	0.000	0.000	0	0	0	0	0	0	0	0	0	0	0
135	135	1980	1270.207	1029.504	483	742	497	187	33	401	717	548	262	23	113.371	132	119	117	116	115	114	112	111	109	107	98	272.958	399	353	327	307	293	282	269	248	220	180	110	0	0	0.000	0.000	0	0	0	0	0	0	0	0	0	0	0	0	0	0.000	0.000	0	0	0	0	0	0	0	0	0	0	0
136	136	1948	209.137	1029.145	236	472	685	415	104	195	532	667	454	60	110.987	127	116	114	113	112	111	110	109	108	106	100	181.809	255	224	215	206	196	185	173	160	147	134	105	0	0	0.000	0.000	0	0	0	0	0	0	0	0	0	0	0	0	0	0.000	0.000	0	0	0	0	0	0	0	0	0	0	0
137	137	1636	110.700	1037.581	298	664	507	120	14	173	512	576	310	34	514.694	9526	642	350	304	281	263	245	225	207	184	115	146.260	946	165	139	132	127	124	120	117	114	111	102	1	74	106.342	1037.122	0	0	0	4395	0	0	0	455	0	0	0	1	71	106.282	1037.088	0	0	0	4507	0	0	0	470	0	0	0
138	138	1691	666.142	1032.736	330	718	483	121	18	263	639	523	215	27	205.953	3054	216	184	177	173	168	163	155	147	136	107	154.367	364	175	168	162	158	154	149	143	136	127	107	1	37	673.740	1041.546	0	0	0	1378	0	0	0	248	0	0	0	1	14	674.887	1040.369	0	0	0	1416	0	0	0	323	0	0	0
139	139	1978	761.256	1034.665	620	762	496	57	15	575	678	605	73	18	111.700	127	118	116	115	113	112	110	109	107	105	98	364.365	579	490	457	424	401	377	351	324	275	211	121	0	0	0.000	0.000	0	0	0	0	0	0	0	0	0	0	0	0	0	0.000	0.000	0	0	0	0	0	0	0	0	0	0	0
140	140	2274	607.198	1044.586	367	757	821	251	33	364	828	787	227	20	769.698	18648	898	307	225	199	179	167	157	144	131	104	290.099	1881	365	309	283	262	243	225	206	186	161	110	1	121	608.006	1037.566	0	0	0	8811	0	0	0	1069	0	0	0	1	108	608.224	1036.980	0	0	0	9559	0	0	0	1138	0	0	0
141	141	1198	1005.373	1034.627	379	360	303	107	21	283	381	309	146	58	111.994	137	121	119	116	113	111	109	107	106	104	97	130.558	179	151	142	137	133	129	126	122	117	113	103	0	0	0.000	0.000	0	0	0	0	0	0	0	0	0	0	0	0	0	0.000	0.000	0	0	0	0	0	0	0	0	0	0	0
142	142	1098	1386.332	1037.300	190	380	344	144	17	134	396	352	164	32	301.751	456	387	362	344	329	311	294	272	237	200	115	114.088	129	122	119	117	115	114	112	111	109	107	101	0	0	0.000	0.000	0	0	0	0	0	0	0	0	0	0	0	0	0	0.000	0.000	0	0	0	0	0	0	0	0	0	0	0
143	143	1420	523.510	1063.940	259	456	548	118	6	196	314	452	369	62	116.081	132	123	120	119	117	116	115	113	112	109	101	152.178	191	174	168	163	159	155	151	145	137	124	105	0	0	0.000	0.000	0	0	0	0	0	0	0	0	0	0	0	0	0	0.000	0.000	0	0	0	0	0	0	0	0	0	0	0
144	144	1307	646.255	1080.559	593	468	198	17	9	543	486	235	18	9	513.806	10707	729	283	208	188	178	169	161	152	138	107	172.014	824	207	170	160	155	150	146	142	137	128	107	1	74	651.224	1075.290	0	0	0	4574	0	0	0	468	0	0	0	1	70	651.646	1074.643	0	0	0	3455	0	0	0	477	0	0	0
145	145	1018	118.543	1083.600	253	367	309	56	11	216	383	306	86	9	193.692	270	241	227	215	204	195	187	177	163	141	111	119.667	145	133	129	125	122	119	116	113	110	107	100	0	0	0.000	0.000	0	0	0	0	0	0	0	0	0	0	0	0	0	0.000	0.000	0	0	0	0	0	0	0	0	0	0	0
146	146	1677	580.810	1094.116	225	499	588	305	33	131	453	597	385	77	165.092	215	194	186	179	173	168	163	156	145	129	105	243.317	350	311	297	280	264	249	232	216	196	160	115	0	0	0.000	0.000	0	0	0	0	0	0	0	0	0	0	0	0	0	0.000	0.000	0	0	0	0	0	0	0	0	0	0	0
147	147	1139	358.833	1100.075	278	350	253	183	58	215	323	294	206	81	194.629	265	234	225	217	210	201	191	178	162	142	113	118.637	146	130	126	123	121	119	116	114	111	108	99	0	0	0.000	0.000	0	0	0	0	0	0	0	0	0	0	0	0	0	0.000	0.000	0	0	0	0	0	0	0	0	0	0	0
148	148	1786	500.740	1107.671	209	358	615	455	113	161	335	618	487	158	124.320	1570	128	124	121	119	117	115	114	111	109	100	155.809	316	175	170	166	161	156	152	148	142	132	105	0	0	0.000	0.000	0	0	0	0	0	0	0	0	0	0	0	0	0	0.000	0.000	0	0	0	0	0	0	0	0	0	0	0
149	149	1766	442.200	1118.624	314	691	581	144	13	283	785	569	90	6	251.171	4549	278	182	167	161	156	153	149	143	132	101	196.100	823	229	210	199	191	184	177	171	163	149	110	1	63	452.677	1117.882	0	0	0	1917	0	0	0	362	0	0	0	1	43	453.912	1117.885	0	0	0	2092	0	0	0	549	0	0	0
150	150	1246	1462.004	1139.166	396	401	278	116	28	334	459	257	136	36	123.023	377	131	127	124	122	121	119	117	115	113	101	149.864	182	168	163	159	156	153	149	145	139	124	104	1	17	1478.082	1143.256	0	0	0	233	0	0	0	153	0	0	0	0	0	0.000	0.000	0	0	0	0	0	0	0	0	0	0	0
151	151	1761	401.123	1147.518	377	483	542	251	72	283	578	521	267	75	114.922	133	121	119	118	117	115	114	112	111	108	100	236.298	373	308	287	271	257	241	225	205	181	156	113	0	0	0.000	0.000	0	0	0	0	0	0	0	0	0	0	0	0	0	0.000	0.000	0	0	0	0	0	0	0	0	0	0	0
152	152	2370	125.187	1162.199	471	768	771	260	51	377	825	804	262	41	1661.968	4095	2400	2213	2060	1920	1778	1547	1297	1070	800	206	107.937	125	114	111	110	108	107	106	105	104	103	96	0	0	0.000	0.000	0	0	0	0	0	0	0	0	0	0	0	0	0	0.000	0.000	0	0	0	0	0	0	0	0	0	0	0
153	153	1699	1563.149	1168.771	326	992	308	39	8	170	668	610	193	19	449.965	724	598	561	532	503	471	426	377	329	275	134	117.198	136	126	123	121	119	117	115	113	111	108	101	0	0	0.000	0.000	0	0	0	0	0	0	0	0	0	0	0	0	0	0.000	0.000	0	0	0	0	0	0	0	0	0	0	0
154	154	1552	1160.470	1173.577	243	414	495	314	64	294	445	416	323	43	159.209	746	178	166	161	157	153	149	145	137	124	100	199.160	369	247	235	226	218	210	199	186	162	121	102	1	32	1153.283	1163.300	0	0	0	427	0	0	0	273	0	0	0	0	0	0.000	0.000	0	0	0	0	0	0	0	0	0	0	0
155	155	2016	723.691	1178.234	410	726	694	136	11	284	702	710	257	11	517.873	749	689	664	642	611	562	496	425	352	281	139	124.153	157	140	135	130	127	123	120	117	113	110	99	0	0	0.000	0.000	0	0	0	0	0	0	0	0	0	0	0	0	0	0.000	0.000	0	0	0	0	0	0	0	0	0	0	0
156	156	2900	1451.686	1186.199	1482	826	382	135	24	1543	807	387	108	20	109.970	134	118	114	112	110	109	108	107	105	104	97	121.542	190	150	136	125	119	115	112	109	106	104	98	0	0	0.000	0.000	0	0	0	0	0	0	0	0	0	0	0	0	0	0.000	0.000	0	0	0	0	0	0	0	0	0	0	0
157	157	829	779.478	1184.321	100	190	217	226	77	90	220	242	194	68	115.162	130	122	120	118	117	115	114	112	111	109	101	134.495	164	148	144	141	138	135	132	129	124	120	107	0	0	0.000	0.000	0	0	0	0	0	0	0	0	0	0	0	0	0	0.000	0.000	0	0	0	0	0	0	0	0	0	0	0
158	158	840	419.959	1188.155	158	266	256	126	15	116	230	222	210	44	113.463	131	120	117	116	114	113	112	111	110	108	102	218.823	288	266	256	245	237	225	212	198	181	161	122	0	0	0.000	0.000	0	0	0	0	0	0	0	0	0	0	0	0	0	0.000	0.000	0	0	0	0	0	0	0	0	0	0	0
159	159	1460	200.934	1201.853	360	543	365	125	42	274	559	386	157	54	1134.809	17017	2199	591	341	261	234	221	210	196	179	133	258.301	2657	440	186	156	145	138	132	127	122	117	104	1	140	204.424	1206.219	0	0	0	7768	0	0	0	1132	0	0	0	1	124	204.923	1205.698	0	0	0	8750	0	0	0	1291	0	0	0
160	160	2376	671.157	1204.702	487	738	778	287	55	468	812	722	298	37	1556.113	21466	2468	953	728	626	553	487	418	338	251	131	275.269	3641	367	170	141	132	126	122	118	115	111	102	1	207	667.184	1200.198	0	0	0	10653	0	0	0	1485	0	0	0	1	184	667.487	1200.595	0	0	0	12464	0	0	0	1673	0	0	0
161	161	1238	1600.022	1207.202	361	544	243	56	11	275	526	304	101	14	372.119	595	487	457	437	418	391	360	324	279	218	134	115.394	134	123	121	119	117	115	114	112	110	107	99	0	0	0.000	0.000	0	0	0	0	0	0	0	0	0	0	0	0	0	0.000	0.000	0	0	0	0	0	0	0	0	0	0	0
162	162	1268	153.716	1210.084	322	364	420	128	17	254	365	463	141	18	204.638	277	252	242	233	223	212	200	188	174	133	106	127.713	172	150	142	137	132	127	123	117	112	106	99	0	0	0.000	0.000	0	0	0	0	0	0	0	0	0	0	0	0	0	0.000	0.000	0	0	0	0	0	0	0	0	0	0	0
163	163	2070	488.673	1218.102	313	659	832	202	22	231	597	843	329	30	117.207	136	125	122	121	119	118	116	114	112	109	99	149.449	197	174	166	161	156	151	146	138	131	123	105	0	0	0.000	0.000	0	0	0	0	0	0	0	0	0	0	0	0	0	0.000	0.000	0	0	0	0	0	0	0	0	0	0	0
164	164	1561	750.360	1221.063	295	578	494	130	28	253	546	513	185	29	127.262	848	129	124	121	120	118	116	114	113	111	100	136.450	174	153	147	143	139	135	132	129	126	122	106	1	31	738.733	1212.209	0	0	0	403	0	0	0	158	0	0	0	0	0	0.000	0.000	0	0	0	0	0	0	0	0	0	0	0
165	165	1948	1151.300	1225.057	625	740	403	109	30	504	716	526	136	37	647.056	15267	769	280	192	173	166	161	156	148	135	104	236.488	1648	280	244	233	223	214	202	180	141	116	101	1	107	1164.165	1229.209	0	0	0	6867	0	0	0	476	0	0	0	1	80	1161.637	1228.018	0	0	0	2252	0	0	0	968	0	0	0
166	166	1360	868.884	1220.383	335	439	370	154	33	386	498	325	107	18	114.154	141	123	120	117	115	113	112	110	109	107	97	454.768	775	654	616	570	519	460	409	365	301	229	116	0	0	0.000	0.000	0	0	0	0	0	0	0	0	0	0	0	0	0	0.000	0.000	0	0	0	0	0	0	0	0	0	0	0
167	167	1652	566.468	1224.078	377	481	513	219	29	361	511	512	216	25	113.947	130	122	119	117	115	114	113	111	109	106	100	117.283	149	130	124	121	118	116	114	112	110	107	101	0	0	0.000	0.000	0	0	0	0	0	0	0	0	0	0	0	0	0	0.000	0.000	0	0	0	0	0	0	0	0	0	0	0
168	168	841	387.729	1221.062	115	282	259	139	27	97	278	263	143	45	589.187	848	759	715	682	652	619	588	541	482	358	164	108.841	123	115	112	110	109	108	107	106	106	104	99	0	0	0.000	0.000	0	0	0	0	0	0	0	0	0	0	0	0	0	0.000	0.000	0	0	0	0	0	0	0	0	0	0	0
169	169	2074	1870.508	1240.081	493	738	611	178	24	494	731	581	202	28	912.609	8117	1340	788	713	656	611	572	527	480	427	162	152.595	806	180	135	130	128	125	123	121	118	113	101	1	136	1879.267	1243.390	0	0	0	4462	0	0	0	493	0	0	0	1	157	1879.946	1242.616	0	0	0	3901	0	0	0	454	0	0	0
170	170	1580	216.430	1252.954	175	481	542	307	43	176	575	565	226	13	232.970	4290	231	181	173	168	163	159	154	148	140	107	143.639	327	159	153	149	145	142	139	135	130	123	103	1	44	209.200	1237.817	0	0	0	1853	0	0	0	218	0	0	0	1	17	207.390	1236.802	0	0	0	1372	0	0	0	285	0	0	0
171	171	1391	613.221	1251.804	364	432	371	157	38	296	436	409	203	26	114.843	135	122	120	118	117	115	113	112	110	107	99	116.874	147	128	124	120	118	116	114	112	110	107	101	0	0	0.000	0.000	0	0	0	0	0	0	0	0	0	0	0	0	0	0.000	0.000	0	0	0	0	0	0	0	0	0	0	0
172	172	1864	1512.190	1251.147	273	521	634	366	36	241	539	609	382	65	901.372	18449	1207	295	214	189	176	166	158	149	135	107	263.629	3552	329	179	158	147	140	134	130	125	119	103	1	129	1505.938	1243.007	0	0	0	8497	0	0	0	1548	0	0	0	1	122	1505.566	1243.201	0	0	0	8908	0	0	0	1603	0	0	0
173	173	1673	533.656	1261.233	342	628	533	123	16	318	656	549	116	9	251.519	361	311	298	284	271	258	243	231	207	177	117	105.642	124	110	108	107	106	105	105	104	103	102	98	0	0	0.000	0.000	0	0	0	0	0	0	0	0	0	0	0	0	0	0.000	0.000	0	0	0	0	0	0	0	0	0	0	0
174	174	2060	707.560	1267.888	613	969	335	83	12	493	903	461	141	21	107.197	119	111	110	109	108	107	106	106	105	104	98	135.910	164	151	147	143	140	136	133	129	125	121	104	0	0	0.000	0.000	0	0	0	0	0	0	0	0	0	0	0	0	0	0.000	0.000	0	0	0	0	0	0	0	0	0	0	0
175	175	1372	1914.206	1268.282	292	454	446	127	30	276	520	417	115	26	531.703	726	647	623	603	577	550	526	502	464	356	132	133.437	158	146	142	138	136	134	131	129	126	121	110	0	0	0.000	0.000	0	0	0	0	0	0	0	0	0	0	0	0	0	0.000	0.000	0	0	0	0	0	0	0	0	0	0	0
176	176	1683	126.483	1273.877	282	591	630	135	11	191	555	625	242	22	1585.857	2538	2170	1966	1824	1716	1608	1491	1381	1245	970	376	108.248	129	114	111	110	108	108	107	106	105	104	97	0	0	0.000	0.000	0	0	0	0	0	0	0	0	0	0	0	0	0	0.000	0.000	0	0	0	0	0	0	0	0	0	0	0
177	177	1674	176.642	1279.224	155	461	623	344	55	196	532	596	277	38	113.717	136	120	117	116	115	113	112	111	110	108	101	167.628	222	192	185	179	174	168	162	157	151	143	114	0	0	0.000	0.000	0	0	0	0	0	0	0	0	0	0	0	0	0	0.000	0.000	0	0	0	0	0	0	0	0	0	0	0
178	178	888	487.260	1270.037	179	298	262	107	24	145	281	289	132	24	232.244	345	293	271	254	240	229	218	207	198	185	132	105.249	120	109	107	106	106	105	105	104	103	102	97	0	0	0.000	0.000	0	0	0	0	0	0	0	0	0	0	0	0	0	0.000	0.000	0	0	0	0	0	0	0	0	0	0	0
179	179	1187	764.480	1278.064	340	292	323	167	46	308	368	328	127	35	112.873	137	123	119	117	114	112	110	108	106	104	98	255.415	395	343	320	303	281	261	241	217	191	155	110	0	0	0.000	0.000	0	0	0	0	0	0	0	0	0	0	0	0	0	0.000	0.000	0	0	0	0	0	0	0	0	0	0	0
180	180	1664	247.275	1289.806	248	399	579	331	78	307	547	543	208	26	539.766	12530	694	280	212	185	170	162	155	147	135	104	164.736	901	200	167	154	148	142	136	131	126	119	104	1	78	242.567	1292.630	0	0	0	5390	0	0	0	507	0	0	0	1	78	242.965	1292.666	0	0	0	5390	0	0	0	516	0	0	0
181	181	956	302.838	1295.629	118	317	320	148	33	131	377	294	112	25	111.166	124	117	115	113	112	111	110	109	107	106	99	179.605	249	220	208	199	189	181	174	165	152	133	109	0	0	0.000	0.000	0	0	0	0	0	0	0	0	0	0	0	0	0	0.000	0.000	0	0	0	0	0	0	0	0	0	0	0
182	182	623	1444.509	1293.884	110	202	144	102	53	95	237	180	75	23	159.239	194	182	175	171	167	162	158	151	143	132	112	131.738	160	146	142	138	135	132	128	125	122	117	102	0	0	0.000	0.000	0	0	0	0	0	0	0	0	0	0	0	0	0	0.000	0.000	0	0	0	0	0	0	0	0	0	0	0
183	183	1002	1542.878	1295.771	221	392	269	75	22	158	448	288	81	9	166.101	212	190	185	181	177	172	165	156	146	132	108	139.559	184	160	155	149	145	140	135	130	125	118	104	0	0	0.000	0.000	0	0	0	0	0	0	0	0	0	0	0	0	0	0.000	0.000	0	0	0	0	0	0	0	0	0	0	0
184	184	1601	1733.917	1305.690	342	586	453	163	29	263	551	448	268	45	219.457	301	264	253	243	233	224	214	201	187	168	125	123.179	161	139	132	127	124	121	119	117	114	111	102	0	0	0.000	0.000	0	0	0	0	0	0	0	0	0	0	0	0	0	0.000	0.000	0	0	0	0	0	0	0	0	0	0	0
185	185	1495	662.995	1307.404	268	499	471	177	56	198	499	476	239	55	108.554	121	114	112	111	109	108	108	106	105	103	98	141.469	193	166	158	152	146	141	135	131	125	118	100	0	0	0.000	0.000	0	0	0	0	0	0	0	0	0	0	0	0	0	0.000	0.000	0	0	0	0	0	0	0	0	0	0	0
186	186	1831	145.030	1322.794	489	862	384	62	11	349	709	536	193	17	112.883	138	119	117	115	114	113	111	110	109	107	99	176.044	244	210	202	195	186	177	169	159	150	139	115	0	0	0.000	0.000	0	0	0	0	0	0	0	0	0	0	0	0	0	0.000	0.000	0	0	0	0	0	0	0	0	0	0	0
187	187	1667	1701.594	1346.183	425	644	415	138	25	401	695	385	143	11	1024.581	17219	1503	468	336	300	277	253	232	211	185	124	187.430	1699	240	151	139	131	126	122	119	116	113	103	1	127	1695.202	1345.345	0	0	0	8867	0	0	0	726	0	0	0	1	110	1695.315	1345.197	0	0	0	9901	0	0	0	824	0	0	0
188	188	585	1756.174	1343.126	132	208	154	64	14	138	209	185	34	9	138.508	164	151	148	145	142	140	137	134	130	124	106	152.877	186	171	166	162	158	155	151	147	141	132	105	0	0	0.000	0.000	0	0	0	0	0	0	0	0	0	0	0	0	0	0.000	0.000	0	0	0	0	0	0	0	0	0	0	0
189	189	1909	1034.355	1367.249	547	645	525	117	39	495	772	471	120	20	408.620	651	535	494	467	444	421	398	369	324	249	130	121.093	148	133	129	126	123	121	118	116	113	110	100	0	0	0.000	0.000	0	0	0	0	0	0	0	0	0	0	0	0	0	0.000	0.000	0	0	0	0	0	0	0	0	0	0	0
190	190	1506	116.563	1373.065	321	546	439	138	30	284	658	429	104	13	268.613	375	338	314	298	284	270	256	240	227	201	126	104.345	118	108	106	105	105	104	103	103	102	101	94	0	0	0.000	0.000	0	0	0	0	0	0	0	0	0	0	0	0	0	0.000	0.000	0	0	0	0	0	0	0	0	0	0	0
191	191	1618	1803.342	1375.834	324	629	468	135	29	240	684	480	165	12	192.111	254	227	216	209	203	197	190	180	168	150	114	211.654	282	254	244	237	229	219	205	191	176	159	114	0	0	0.000	0.000	0	0	0	0	0	0	0	0	0	0	0	0	0	0.000	0.000	0	0	0	0	0	0	0	0	0	0	0
192	192	2143	1753.804	1390.763	354	833	683	214	19	375	748	684	280	13	190.239	2481	205	186	176	169	165	160	156	150	141	106	182.070	445	228	212	197	187	176	167	159	150	141	108	1	35	1761.646	1408.347	0	0	0	1229	0	0	0	263	0	0	0	1	20	1763.267	1406.142	0	0	0	385	0	0	0	388	0	0	0
193	193	2252	817.908	1393.888	428	585	752	399	53	338	503	706	506	157	575.249	16255	598	260	205	182	169	162	156	149	135	103	275.277	1750	332	300	280	261	246	235	219	192	142	105	1	96	809.868	1397.840	0	0	0	7138	0	0	0	942	0	0	0	1	74	809.645	1397.097	0	0	0	8543	0	0	0	1147	0	0	0
194	194	1035	343.325	1388.246	277	419	249	56	10	130	333	342	182	44	153.494	191	173	168	164	161	157	152	146	139	128	104	232.595	320	281	271	260	250	240	232	220	199	159	118	0	0	0.000	0.000	0	0	0	0	0	0	0	0	0	0	0	0	0	0.000	0.000	0	0	0	0	0	0	0	0	0	0	0
195	195	1288	1672.368	1402.344	235	418	405	160	36	209	509	391	131	23	368.724	496	443	420	407	396	384	367	346	318	270	157	120.400	150	132	128	124	122	119	117	115	113	111	103	0	0	0.000	0.000	0	0	0	0	0	0	0	0	0	0	0	0	0	0.000	0.000	0	0	0	0	0	0	0	0	0	0	0
196	196	2040	761.199	1410.929	326	463	663	430	111	299	428	701	459	110	164.209	206	190	185	179	174	168	160	153	145	132	103	245.059	355	325	306	289	270	249	227	208	189	156	109	0	0	0.000	0.000	0	0	0	0	0	0	0	0	0	0	0	0	0	0.000	0.000	0	0	0	0	0	0	0	0	0	0	0
197	197	1960	1824.168	1423.753	306	709	628	232	43	278	679	691	232	36	1599.408	23357	3184	727	382	296	253	226	212	194	175	127	332.279	2656	487	285	259	236	222	208	190	170	150	104	1	197	1816.299	1423.722	0	0	0	11665	0	0	0	1182	0	0	0	1	158	1816.434	1423.329	0	0	0	15134	0	0	0	1514	0	0	0
198	198	849	92.729	1412.645	126	241	237	181	45	96	304	285	133	14	266.812	396	333	311	293	279	266	255	244	226	198	145	104.976	116	109	108	107	106	105	104	103	102	101	97	0	0	0.000	0.000	0	0	0	0	0	0	0	0	0	0	0	0	0	0.000	0.000	0	0	0	0	0	0	0	0	0	0	0
199	199	1758	136.235	1424.399	365	533	484	283	58	363	540	519	264	45	306.713	471	392	372	353	333	318	302	280	247	190	121	104.974	122	111	108	106	105	104	103	103	102	101	96	0	0	0.000	0.000	0	0	0	0	0	0	0	0	0	0	0	0	0	0.000	0.000	0	0	0	0	0	0	0	0	0	0	0
200	200	1844	1488.220	1434.699	593	546	505	150	17	551	606	454	173	25	123.515	156	137	132	128	125	123	120	118	115	111	102	1054.805	1727	1535	1443	1353	1264	1157	987	818	649	441	145	0	0	0.000	0.000	0	0	0	0	0	0	0	0	0	0	0	0	0	0.000	0.000	0	0	0	0	0	0	0	0	0	0	0
201	201	2243	1720.762	1438.219	798	892	430	59	21	458	891	682	148	22	753.909	19590	817	316	228	200	189	182	176	168	157	120	294.823	3110	339	254	232	223	216	209	200	187	170	119	1	108	1725.077	1438.612	0	0	0	8251	0	0	0	1475	0	0	0	1	108	1725.063	1438.940	0	0	0	8251	0	0	0	1531	0	0	0
202	202	780	1215.956	1432.018	511	143	81	28	12	422	204	98	38	7	148.913	189	172	166	161	157	152	146	139	130	120	107	136.450	170	155	151	146	143	139	134	129	121	113	103	0	0	0.000	0.000	0	0	0	0	0	0	0	0	0	0	0	0	0	0.000	0.000	0	0	0	0	0	0	0	0	0	0	0
203	203	910	869.920	1439.213	121	252	266	182	65	79	326	273	167	46	113.001	131	122	119	116	114	112	111	109	107	105	100	142.335	181	163	157	152	148	142	138	134	128	120	101	0	0	0.000	0.000	0	0	0	0	0	0	0	0	0	0	0	0	0	0.000	0.000	0	0	0	0	0	0	0	0	0	0	0
204	204	1949	1873.023	1468.007	467	888	442	83	23	351	883	489	166	27	1310.268	15918	1316	1099	992	913	852	789	721	646	543	233	171.712	1364	174	152	146	140	135	131	126	122	117	104	1	109	1888.308	1466.418	0	0	0	8241	0	0	0	677	0	0	0	1	108	1888.310	1466.308	0	0	0	8547	0	0	0	693	0	0	0
205	205	1050	609.313	1468.676	627	284	106	17	7	538	283	172	31	10	257.748	377	330	319	308	291	275	251	222	187	157	121	112.467	138	123	117	114	112	111	110	108	107	105	99	0	0	0.000	0.000	0	0	0	0	0	0	0	0	0	0	0	0	0	0.000	0.000	0	0	0	0	0	0	0	0	0	0	0
206	206	1375	1046.485	1477.398	191	419	547	173	26	164	419	459	260	46	111.624	126	117	115	114	113	112	110	109	108	106	98	301.857	472	408	380	355	329	303	281	255	225	190	122	0	0	0.000	0.000	0	0	0	0	0	0	0	0	0	0	0	0	0	0.000	0.000	0	0	0	0	0	0	0	0	0	0	0
207	207	1569	1452.138	1479.949	325	616	445	136	15	287	581	426	231	17	114.750	148	121	119	117	116	115	114	112	111	109	99	105.201	122	110	108	106	105	104	104	103	102	101	96	0	0	0.000	0.000	0	0	0	0	0	0	0	0	0	0	0	0	0	0.000	0.000	0	0	0	0	0	0	0	0	0	0	0
208	208	1246	700.983	1479.349	120	397	473	196	45	110	431	428	201	51	1088.822	1798	1560	1429	1305	1188	1081	981	908	801	640	176	106.442	121	111	109	108	107	106	105	104	104	102	96	0	0	0.000	0.000	0	0	0	0	0	0	0	0	0	0	0	0	0	0.000	0.000	0	0	0	0	0	0	0	0	0	0	0
209	209	547	1301.566	1487.456	235	158	80	51	19	230	158	100	41	9	480.835	687	608	564	530	508	490	473	450	412	341	161	106.419	116	111	109	108	107	106	105	105	104	103	99	0	0	0.000	0.000	0	0	0	0	0	0	0	0	0	0	0	0	0	0.000	0.000	0	0	0	0	0	0	0	0	0	0	0
210	210	2709	1339.675	1520.295	2337	260	50	27	21	2192	307	128	33	24	255.748	485	431	389	350	310	255	180	129	118	113	103	105.511	123	109	108	107	106	105	104	104	103	102	96	0	0	0.000	0.000	0	0	0	0	0	0	0	0	0	0	0	0	0	0.000	0.000	0	0	0	0	0	0	0	0	0	0	0
211	211	579	1942.377	1510.328	107	196	179	71	18	59	129	167	161	49	269.713	338	301	293	286	278	273	268	260	250	234	155	107.988	125	115	112	110	108	107	106	105	104	103	97	0	0	0.000	0.000	0	0	0	0	0	0	0	0	0	0	0	0	0	0.000	0.000	0	0	0	0	0	0	0	0	0	0	0
212	212	1501	727.705	1523.027	394	642	353	79	10	228	649	365	199	41	1050.779	1864	1480	1339	1229	1133	1058	983	887	791	606	159	107.022	119	111	110	109	108	107	106	105	104	103	98	0	0	0.000	0.000	0	0	0	0	0	0	0	0	0	0	0	0	0	0.000	0.000	0	0	0	0	0	0	0	0	0	0	0
213	213	1544	1568.830	1526.677	287	508	373	281	76	263	499	437	259	58	110.856	124	115	114	113	112	111	110	109	108	106	101	105.837	123	110	108	107	106	105	105	104	103	102	95	0	0	0.000	0.000	0	0	0	0	0	0	0	0	0	0	0	0	0	0.000	0.000	0	0	0	0	0	0	0	0	0	0	0
214	214	1693	1034.545	1529.680	548	635	402	68	8	431	564	443	191	33	111.354	125	117	115	114	113	111	110	109	108	106	98	288.788	464	384	361	343	326	306	281	260	218	141	107	0	0	0.000	0.000	0	0	0	0	0	0	0	0	0	0	0	0	0	0.000	0.000	0	0	0	0	0	0	0	0	0	0	0
215	215	1789	488.402	1533.376	397	710	527	101	21	333	766	533	103	14	527.731	10284	751	270	189	169	162	156	151	142	130	106	276.949	1817	344	265	250	239	226	210	193	174	150	111	1	113	498.584	1535.032	0	0	0	4508	0	0	0	1033	0	0	0	1	112	498.627	1535.237	0	0	0	4587	0	0	0	1046	0	0	0
216	216	2556	1186.306	1544.648	843	953	578	120	23	768	1010	568	124	24	565.679	3476	984	784	651	543	473	417	363	319	278	150	106.462	120	111	109	108	107	106	105	105	104	103	97	1	42	1171.658	1550.736	0	0	0	2247	0	0	0	111	0	0	0	0	0	0.000	0.000	0	0	0	0	0	0	0	0	0	0	0
217	217	1199	1669.039	1535.308	233	449	346	129	18	213	545	302	106	8	124.249	750	128	124	121	119	118	117	115	113	111	103	145.134	185	163	159	154	150	147	142	137	131	125	107	1	24	1655.464	1535.647	0	0	0	305	0	0	0	148	0	0	0	0	0	0.000	0.000	0	0	0	0	0	0	0	0	0	0	0
218	218	2096	1380.211	1559.074	1609	305	101	45	23	1557	339	99	52	29	114.030	132	120	118	117	116	114	113	112	110	108	101	172.774	241	210	201	193	186	178	168	158	143	124	104	0	0	0.000	0.000	0	0	0	0	0	0	0	0	0	0	0	0	0	0.000	0.000	0	0	0	0	0	0	0	0	0	0	0
219	219	2045	848.807	1562.130	467	673	545	281	45	371	743	589	288	20	669.207	15322	770	289	215	194	179	166	154	142	124	102	353.074	1893	455	414	387	363	336	306	269	217	148	109	1	119	845.657	1557.480	0	0	0	6731	0	0	0	946	0	0	0	1	65	844.838	1557.621	0	0	0	11069	0	0	0	1322	0	0	0
220	220	976	440.010	1557.375	169	332	308	132	24	225	407	277	41	11	160.028	669	178	162	156	153	150	146	143	138	131	114	205.297	347	240	228	220	212	204	199	191	184	168	120	1	31	447.354	1564.012	0	0	0	393	0	0	0	260	0	0	0	0	0	0.000	0.000	0	0	0	0	0	0	0	0	0	0	0
221	221	1094	528.965	1564.804	338	402	250	68	17	236	380	348	92	19	116.054	139	125	122	119	117	115	113	112	110	108	102	399.558	621	554	525	486	448	416	376	333	285	216	118	0	0	0.000	0.000	0	0	0	0	0	0	0	0	0	0	0	0	0	0.000	0.000	0	0	0	0	0	0	0	0	0	0	0
222	222	2027	1747.379	1572.841	590	939	371	61	10	278	865	536	267	56	127.296	1635	127	122	119	118	116	115	113	112	110	102	144.071	217	163	158	153	148	144	140	135	130	124	106	1	23	1764.045	1568.273	0	0	0	621	0	0	0	147	0	0	0	0	0	0.000	0.000	0	0	0	0	0	0	0	0	0	0	0
223	223	2189	1630.697	1588.567	228	637	730	446	102	219	720	693	415	92	1312.640	2278	1901	1681	1572	1458	1343	1205	1038	881	731	214	108.384	125	114	111	110	109	108	107	106	105	104	96	0	0	0.000	0.000	0	0	0	0	0	0	0	0	0	0	0	0	0	0.000	0.000	0	0	0	0	0	0	0	0	0	0	0
224	224	1300	1017.608	1589.210	593	311	212	137	27	686	364	187	30	6	117.647	136	126	124	122	120	118	116	114	112	108	96	438.672	681	575	553	527	493	459	423	378	321	260	151	0	0	0.000	0.000	0	0	0	0	0	0	0	0	0	0	0	0	0	0.000	0.000	0	0	0	0	0	0	0	0	0	0	0
225	225	1405	1572.481	1592.376	337	593	385	55	12	242	595	433	101	16	1064.112	1631	1407	1311	1225	1148	1068	996	939	846	685	308	107.860	123	113	111	109	108	107	107	106	105	104	98	0	0	0.000	0.000	0	0	0	0	0	0	0	0	0	0	0	0	0	0.000	0.000	0	0	0	0	0	0	0	0	0	0	0
226	226	1952	260.821	1606.895	440	750	514	179	32	344	715	551	248	67	594.444	13151	736	319	261	243	230	218	206	194	170	120	157.178	1003	175	147	141	136	132	129	126	122	117	106	1	95	271.480	1605.841	0	0	0	5690	0	0	0	532	0	0	0	1	86	271.588	1606.182	0	0	0	6161	0	0	0	560	0	0	0
227	227	1017	1809.311	1596.476	343	400	194	54	9	111	487	305	60	25	124.107	171	141	134	130	126	122	119	116	113	110	103	160.190	526	216	188	173	162	149	134	121	116	111	101	0	0	0.000	0.000	0	0	0	0	0	0	0	0	0	0	0	1	39	1814.111	1598.128	0	0	0	150	0	0	0	350	0	0	0
228	228	1602	427.532	1603.320	370	639	402	156	12	315	686	424	140	10	335.171	525	432	404	385	369	347	325	295	255	217	138	126.616	150	138	134	132	129	127	125	122	119	114	102	0	0	0.000	0.000	0	0	0	0	0	0	0	0	0	0	0	0	0	0.000	0.000	0	0	0	0	0	0	0	0	0	0	0
229	229	2305	964.536	1606.698	870	630	468	250	41	901	731	468	155	8	117.315	137	124	122	120	119	118	116	115	112	110	99	593.560	977	860	800	752	702	619	535	464	375	282	146	0	0	0.000	0.000	0	0	0	0	0	0	0	0	0	0	0	0	0	0.000	0.000	0	0	0	0	0	0	0	0	0	0	0
230	230	2368	812.475	1609.809	548	857	676	213	33	442	761	726	349	39	159.520	203	182	177	173	168	164	157	149	140	131	105	351.097	550	485	457	427	394	363	327	284	240	199	133	0	0	0.000	0.000	0	0	0	0	0	0	0	0	0	0	0	0	0	0.000	0.000	0	0	0	0	0	0	0	0	0	0	0
231	231	1025	544.831	1603.674	161	299	284	212	54	140	355	285	194	34	158.945	185	173	169	166	163	161	158	154	149	142	115	205.917	268	232	226	219	214	208	202	197	189	174	134	0	0	0.000	0.000	0	0	0	0	0	0	0	0	0	0	0	0	0	0.000	0.000	0	0	0	0	0	0	0	0	0	0	0
232	232	1686	1913.369	1609.052	203	441	553	396	63	190	417	537	412	104	334.803	7837	303	211	197	188	181	176	170	161	144	114	128.820	437	139	133	129	126	123	120	118	115	111	101	1	52	1920.632	1593.498	0	0	0	3799	0	0	0	248	0	0	0	1	47	1921.487	1593.983	0	0	0	3883	0	0	0	281	0	0	0
233	233	1359	1094.770	1613.644	490	605	214	13	8	231	489	386	195	25	685.620	1145	957	871	792	736	689	647	603	535	400	184	109.706	131	118	113	111	110	108	107	106	105	104	99	0	0	0.000	0.000	0	0	0	0	0	0	0	0	0	0	0	0	0	0.000	0.000	0	0	0	0	0	0	0	0	0	0	0
234	234	809	1270.395	1619.962	141	267	222	125	32	131	302	240	117	13	296.068	395	347	337	326	318	310	297	281	259	226	118	108.960	126	116	113	110	109	108	107	106	105	104	100	0	0	0.000	0.000	0	0	0	0	0	0	0	0	0	0	0	0	0	0.000	0.000	0	0	0	0	0	0	0	0	0	0	0
235	235	2101	1542.868	1636.881	728	865	428	40	10	453	714	556	313	37	117.727	151	125	123	121	119	118	116	115	113	109	99	205.580	279	249	237	228	220	212	203	192	174	149	111	0	0	0.000	0.000	0	0	0	0	0	0	0	0	0	0	0	0	0	0.000	0.000	0	0	0	0	0	0	0	0	0	0	0
236	236	1738	1599.794	1633.024	276	586	548	243	42	288	688	563	156	12	115.842	138	123	120	118	117	116	114	113	111	109	102	148.665	179	164	160	157	154	151	147	143	137	129	105	0	0	0.000	0.000	0	0	0	0	0	0	0	0	0	0	0	0	0	0.000	0.000	0	0	0	0	0	0	0	0	0	0	0
237	237	1464	1225.072	1630.387	165	490	526	202	53	158	603	507	143	29	293.389	427	359	343	328	310	292	276	263	249	227	147	107.380	119	112	110	109	108	107	106	106	105	104	96	0	0	0.000	0.000	0	0	0	0	0	0	0	0	0	0	0	0	0	0.000	0.000	0	0	0	0	0	0	0	0	0	0	0
238	238	1442	1654.719	1639.412	336	531	358	157	38	246	510	471	154	37	112.510	136	118	116	114	113	112	111	110	109	107	100	143.174	178	160	155	152	148	144	141	137	132	125	105	0	0	0.000	0.000	0	0	0	0	0	0	0	0	0	0	0	0	0	0.000	0.000	0	0	0	0	0	0	0	0	0	0	0
239	239	1576	999.639	1647.585	227	528	509	241	39	219	671	461	181	15	1446.742	19828	3032	775	472	361	288	244	224	199	171	108	341.417	2481	538	311	272	250	233	215	199	183	162	113	1	174	997.619	1651.282	0	0	0	9098	0	0	0	1067	0	0	0	1	137	997.881	1651.292	0	0	0	11650	0	0	0	1362	0	0	0
240	240	1374	499.445	1647.683	313	459	338	210	32	274	490	343	208	29	351.962	8646	266	180	172	166	160	152	144	139	132	114	207.166	966	239	224	213	202	191	181	172	164	155	119	1	66	484.946	1656.947	0	0	0	3437	0	0	0	505	0	0	0	1	47	485.127	1656.496	0	0	0	4955	0	0	0	587	0	0	0
241	241	1592	1161.130	1652.629	362	623	416	138	36	315	604	408	202	39	116.021	135	123	121	119	118	116	114	113	111	109	101	372.943	544	485	463	444	417	390	365	330	283	219	130	0	0	0.000	0.000	0	0	0	0	0	0	0	0	0	0	0	0	0	0.000	0.000	0	0	0	0	0	0	0	0	0	0	0
242	242	2094	1871.857	1659.655	297	827	670	235	26	256	949	571	254	25	538.532	10483	577	306	268	248	233	224	212	197	173	104	168.144	921	188	169	160	152	147	142	137	131	122	100	1	102	1884.518	1654.259	0	0	0	4997	0	0	0	386	0	0	0	1	97	1884.703	1655.371	0	0	0	4727	0	0	0	519	0	0	0
243	243	1994	1088.334	1668.132	400	715	662	165	23	286	548	732	322	68	113.668	136	119	117	116	115	114	113	111	110	108	102	108.333	133	114	112	110	109	108	107	106	105	103	98	0	0	0.000	0.000	0	0	0	0	0	0	0	0	0	0	0	0	0	0.000	0.000	0	0	0	0	0	0	0	0	0	0	0
244	244	1711	913.119	1676.096	392	558	502	217	21	296	488	517	312	66	501.290	2313	637	603	578	548	511	473	436	373	276	140	119.537	287	130	126	122	120	118	116	114	111	109	99	0	0	0.000	0.000	0	0	0	0	0	0	0	0	0	0	0	1	18	920.979	1666.900	0	0	0	1329	0	0	0	198	0	0	0
245	245	2799	1215.564	1679.479	666	966	763	294	65	679	1089	713	228	42	113.149	131	119	117	115	114	113	112	111	109	108	101	329.811	517	441	406	385	365	341	319	291	248	192	119	0	0	0.000	0.000	0	0	0	0	0	0	0	0	0	0	0	0	0	0.000	0.000	0	0	0	0	0	0	0	0	0	0	0
246	246	1425	143.664	1676.728	257	465	400	215	57	290	545	421	137	12	332.192	514	455	427	398	367	337	314	285	252	187	112	105.161	121	112	108	106	105	104	103	103	102	101	97	0	0	0.000	0.000	0	0	0	0	0	0	0	0	0	0	0	0	0	0.000	0.000	0	0	0	0	0	0	0	0	0	0	0
247	247	1233	234.799	1682.054	126	358	392	278	57	154	427	462	160	13	269.118	373	321	307	296	286	277	267	252	233	202	127	129.083	155	141	137	135	132	130	127	124	121	116	105	0	0	0.000	0.000	0	0	0	0	0	0	0	0	0	0	0	0	0	0.000	0.000	0	0	0	0	0	0	0	0	0	0	0
248	248	1366	1917.954	1689.548	312	468	421	120	20	312	530	335	134	26	824.743	1332	1093	1029	964	911	849	780	707	612	513	242	127.254	155	141	137	133	130	127	124	121	118	114	102	0	0	0.000	0.000	0	0	0	0	0	0	0	0	0	0	0	0	0	0.000	0.000	0	0	0	0	0	0	0	0	0	0	0
249	249	2899	1036.826	1698.339	2117	557	126	53	16	1811	708	210	101	33	167.606	312	266	243	205	161	136	125	119	115	109	99	161.807	324	280	240	192	153	122	111	108	106	104	97	0	0	0.000	0.000	0	0	0	0	0	0	0	0	0	0	0	0	0	0.000	0.000	0	0	0	0	0	0	0	0	0	0	0
250	250	1824	548.785	1695.110	676	864	221	16	7	491	747	491	49	10	1396.426	20360	2848	663	346	261	237	226	216	201	174	120	270.910	1866	412	239	206	194	186	179	171	160	144	107	1	180	555.850	1698.212	0	0	0	9896	0	0	0	937	0	0	0	1	159	555.989	1698.043	0	0	0	11518	0	0	0	1048	0	0	0
251	251	1652	1470.093	1708.382	598	609	277	118	24	417	595	371	165	71	347.706	694	523	444	404	374	350	321	288	242	166	103	111.289	125	117	115	114	112	111	110	109	107	105	99	0	0	0.000	0.000	0	0	0	0	0	0	0	0	0	0	0	0	0	0.000	0.000	0	0	0	0	0	0	0	0	0	0	0
252	252	695	321.674	1702.768	209	241	151	62	16	130	180	187	131	54	149.245	179	167	162	158	153	150	146	142	136	131	114	239.708	319	297	286	274	260	247	235	217	198	165	119	0	0	0.000	0.000	0	0	0	0	0	0	0	0	0	0	0	0	0	0.000	0.000	0	0	0	0	0	0	0	0	0	0	0
253	253	1575	1867.431	1715.731	343	573	421	170	47	254	639	435	180	44	637.500	1047	867	780	730	678	639	596	557	515	420	152	108.102	128	115	112	110	108	107	106	105	104	103	96	0	0	0.000	0.000	0	0	0	0	0	0	0	0	0	0	0	0	0	0.000	0.000	0	0	0	0	0	0	0	0	0	0	0
254	254	1810	361.023	1721.773	272	470	628	331	77	250	643	603	247	17	626.272	14956	734	288	217	191	176	165	155	144	130	108	298.428	1625	422	363	325	295	267	241	213	183	132	105	1	92	360.826	1713.310	0	0	0	6562	0	0	0	445	0	0	0	1	68	360.843	1715.886	0	0	0	3382	0	0	0	1001	0	0	0
255	255	1687	120.729	1722.231	400	437	415	323	90	534	552	452	110	8	337.018	497	427	403	383	362	344	325	300	271	235	124	105.185	122	111	108	107	105	105	104	103	102	101	96	0	0	0.000	0.000	0	0	0	0	0	0	0	0	0	0	0	0	0	0.000	0.000	0	0	0	0	0	0	0	0	0	0	0
256	256	1320	1644.597	1725.612	203	451	458	164	17	201	564	400	116	12	108.614	122	113	112	110	109	109	108	107	106	104	97	198.433	273	233	220	211	205	199	193	187	177	163	124	0	0	0.000	0.000	0	0	0	0	0	0	0	0	0	0	0	0	0	0.000	0.000	0	0	0	0	0	0	0	0	0	0	0
257	257	1114	1828.720	1742.843	325	360	287	93	28	291	416	284	88	13	594.671	865	739	701	676	652	631	602	569	511	377	152	106.662	118	111	109	108	107	106	106	105	104	103	97	0	0	0.000	0.000	0	0	0	0	0	0	0	0	0	0	0	0	0	0.000	0.000	0	0	0	0	0	0	0	0	0	0	0
258	258	2132	1316.819	1750.534	1828	181	55	21	21	1747	267	53	21	21	142.905	1340	160	139	132	129	127	124	122	119	116	103	238.839	357	292	280	270	259	247	233	217	199	170	110	0	0	0.000	0.000	0	0	0	0	0	0	0	0	0	0	0	0	0	0.000	0.000	0	0	0	0	0	0	0	0	0	0	0
259	259	823	1225.298	1746.529	135	268	238	151	21	81	338	237	134	27	114.911	137	123	120	118	116	114	113	111	110	108	103	106.561	117	111	109	108	107	106	106	105	104	103	99	0	0	0.000	0.000	0	0	0	0	0	0	0	0	0	0	0	0	0	0.000	0.000	0	0	0	0	0	0	0	0	0	0	0
260	260	978	1043.872	1751.682	268	340	239	86	23	230	376	248	92	17	326.652	478	397	375	360	345	331	320	306	288	243	126	106.781	122	112	109	108	107	106	105	105	104	103	98	0	0	0.000	0.000	0	0	0	0	0	0	0	0	0	0	0	0	0	0.000	0.000	0	0	0	0	0	0	0	0	0	0	0
261	261	1139	857.944	1756.943	154	397	259	202	110	196	417	327	153	22	113.957	128	119	117	116	115	114	113	112	111	109	103	205.247	281	245	236	226	215	206	196	187	178	163	126	0	0	0.000	0.000	0	0	0	0	0	0	0	0	0	0	0	0	0	0.000	0.000	0	0	0	0	0	0	0	0	0	0	0
262	262	1817	1668.166	1771.706	415	609	516	174	67	499	796	373	86	27	479.542	11506	532	201	185	175	167	158	149	143	135	109	224.975	1548	256	233	214	199	190	181	174	164	148	112	1	83	1679.581	1757.644	0	0	0	5142	0	0	0	775	0	0	0	1	71	1679.169	1757.725	0	0	0	6204	0	0	0	878	0	0	0
263	263	1737	1523.723	1773.880	284	569	578	229	40	403	774	467	48	9	111.942	124	117	115	114	113	112	111	110	109	107	100	150.068	196	167	162	159	155	152	147	143	138	130	111	0	0	0.000	0.000	0	0	0	0	0	0	0	0	0	0	0	0	0	0.000	0.000	0	0	0	0	0	0	0	0	0	0	0
264	264	1197	1619.930	1774.099	111	371	433	222	39	111	445	432	158	22	146.195	178	163	159	155	152	148	144	139	134	126	103	181.243	248	223	210	199	189	178	170	163	155	145	113	0	0	0.000	0.000	0	0	0	0	0	0	0	0	0	0	0	0	0	0.000	0.000	0	0	0	0	0	0	0	0	0	0	0
265	265	1628	1259.556	1781.794	365	692	455	70	17	289	680	470	151	17	747.445	15515	777	329	303	289	279	268	254	231	199	133	139.887	839	144	128	124	121	118	116	114	112	109	101	1	89	1254.088	1793.866	0	0	0	7464	0	0	0	441	0	0	0	1	81	1254.005	1793.593	0	0	0	7627	0	0	0	450	0	0	0
266	266	857	1726.147	1782.773	153	276	218	146	46	158	297	246	122	20	190.041	244	224	217	210	204	197	187	175	162	145	113	148.487	191	175	169	163	158	153	147	138	127	114	103	0	0	0.000	0.000	0	0	0	0	0	0	0	0	0	0	0	0	0	0.000	0.000	0	0	0	0	0	0	0	0	0	0	0
267	267	1505	1062.635	1794.010	234	493	471	226	54	270	514	464	198	29	327.946	464	407	381	363	344	329	314	300	281	249	132	105.476	120	109	108	107	106	105	104	104	103	102	95	0	0	0.000	0.000	0	0	0	0	0	0	0	0	0	0	0	0	0	0.000	0.000	0	0	0	0	0	0	0	0	0	0	0
268	268	1227	1016.738	1795.836	286	374	361	149	35	284	398	393	110	19	226.369	340	272	252	239	230	222	216	210	202	187	134	108.472	125	113	111	110	109	108	107	106	105	104	95	0	0	0.000	0.000	0	0	0	0	0	0	0	0	0	0	0	0	0	0.000	0.000	0	0	0	0	0	0	0	0	0	0	0
269	269	1199	217.573	1794.747	792	300	53	23	19	792	291	77	19	8	114.112	135	124	120	117	115	113	111	109	108	106	101	105.349	128	110	107	106	105	104	104	103	102	101	97	0	0	0.000	0.000	0	0	0	0	0	0	0	0	0	0	0	0	0	0.000	0.000	0	0	0	0	0	0	0	0	0	0	0
270	270	1524	1111.595	1809.830	301	613	447	113	21	314	647	438	90	13	175.199	227	205	199	193	188	181	173	164	150	134	106	150.892	194	175	170	165	160	154	148	141	132	120	102	0	0	0.000	0.000	0	0	0	0	0	0	0	0	0	0	0	0	0	0.000	0.000	0	0	0	0	0	0	0	0	0	0	0
271	271	1610	275.537	1816.050	1016	284	192	80	16	959	269	219	115	41	134.642	363	179	128	122	118	116	114	112	111	108	99	104.714	122	108	107	106	105	104	104	103	102	101	96	0	0	0.000	0.000	0	0	0	0	0	0	0	0	0	0	0	0	0	0.000	0.000	0	0	0	0	0	0	0	0	0	0	0
272	272	1818	1720.463	1833.081	527	773	430	54	9	349	714	523	186	18	1800.273	24477	4441	883	374	273	241	226	213	199	181	127	288.184	2473	485	228	190	176	168	160	153	146	138	111	1	214	1722.961	1840.677	0	0	0	11899	0	0	0	929	0	0	0	1	169	1723.757	1840.048	0	0	0	14805	0	0	0	1236	0	0	0
273	273	1699	1657.649	1825.228	279	505	520	299	68	295	620	536	192	15	225.353	5520	203	177	170	165	161	158	154	149	139	108	197.714	565	239	227	217	204	194	185	176	167	150	111	1	43	1665.485	1809.214	0	0	0	2582	0	0	0	362	0	0	0	1	16	1664.886	1809.116	0	0	0	3985	0	0	0	464	0	0	0
274	274	1208	1533.482	1825.577	268	407	381	110	17	183	429	385	159	24	112.114	130	118	116	114	113	112	111	110	108	106	100	153.176	199	181	174	168	161	155	148	139	130	123	105	0	0	0.000	0.000	0	0	0	0	0	0	0	0	0	0	0	0	0	0.000	0.000	0	0	0	0	0	0	0	0	0	0	0
275	275	1317	1260.571	1828.065	337	400	362	182	23	302	438	346	174	29	280.814	2255	298	281	273	264	255	245	229	209	177	124	114.107	171	123	120	117	115	113	111	110	108	106	99	1	35	1255.966	1840.087	0	0	0	1177	0	0	0	113	0	0	0	1	13	1260.998	1838.816	0	0	0	379	0	0	0	148	0	0	0
276	276	2229	788.050	1842.152	1422	544	188	26	13	1297	585	265	48	12	144.798	256	189	175	161	148	136	128	123	117	112	103	153.536	533	284	155	125	121	118	115	112	110	107	100	0	0	0.000	0.000	0	0	0	0	0	0	0	0	0	0	0	0	0	0.000	0.000	0	0	0	0	0	0	0	0	0	0	0
277	277	4634	239.962	1854.831	3891	569	81	39	17	3594	800	150	42	19	362.494	9622	715	548	298	195	177	162	150	135	122	103	119.170	959	130	120	115	112	110	108	107	105	104	96	0	0	0.000	0.000	0	0	0	0	0	0	0	0	0	0	0	0	0	0.000	0.000	0	0	0	0	0	0	0	0	0	0	0
278	278	1486	995.147	1841.746	596	535	257	54	21	506	465	342	120	32	112.668	128	119	117	115	114	112	111	110	109	107	101	294.939	426	365	347	336	326	312	299	274	237	187	130	0	0	0.000	0.000	0	0	0	0	0	0	0	0	0	0	0	0	0	0.000	0.000	0	0	0	0	0	0	0	0	0	0	0
279	279	720	756.241	1838.455	257	202	125	99	28	226	218	127	108	34	119.931	139	130	127	124	122	120	118	116	113	110	103	265.533	436	391	366	338	308	274	238	192	157	134	112	0	0	0.000	0.000	0	0	0	0	0	0	0	0	0	0	0	0	0	0.000	0.000	0	0	0	0	0	0	0	0	0	0	0
280	280	2051	1067.492	1847.151	314	740	705	224	28	205	651	740	341	68	639.356	13453	805	329	239	207	193	183	172	161	146	112	191.494	1363	219	178	169	163	157	151	143	134	123	102	1	113	1067.624	1837.560	0	0	0	6491	0	0	0	728	0	0	0	1	105	1066.738	1837.330	0	0	0	5677	0	0	0	748	0	0	0
281	281	1605	1202.744	1850.525	378	511	414	206	68	373	546	428	192	31	1089.946	18114	1764	627	416	383	359	333	307	275	227	145	166.341	1405	210	143	132	125	121	117	115	112	109	100	1	108	1210.410	1851.354	0	0	0	8602	0	0	0	343	0	0	0	1	92	1210.010	1848.803	0	0	0	3279	0	0	0	658	0	0	0
282	282	1547	946.653	1859.909	149	448	500	332	81	116	628	476	270	25	111.827	126	117	115	114	113	112	111	110	108	107	100	106.830	119	112	110	108	107	106	105	105	104	103	98	0	0	0.000	0.000	0	0	0	0	0	0	0	0	0	0	0	0	0	0.000	0.000	0	0	0	0	0	0	0	0	0	0	0
283	283	1066	1151.677	1859.617	174	335	291	210	40	148	470	277	137	10	280.861	385	342	324	310	295	283	271	259	241	214	155	116.609	156	129	122	118	116	114	113	111	110	108	100	0	0	0.000	0.000	0	0	0	0	0	0	0	0	0	0	0	1	19	1146.882	1849.549	0	0	0	255	0	0	0	145	0	0	0
284	284	2303	1844.725	1873.361	533	947	634	123	23	538	1116	530	75	6	152.665	183	167	163	160	157	154	152	148	143	134	109	565.997	839	728	680	647	612	581	548	514	467	373	162	0	0	0.000	0.000	0	0	0	0	0	0	0	0	0	0	0	0	0	0.000	0.000	0	0	0	0	0	0	0	0	0	0	0
285	285	2377	1393.009	1877.537	509	745	741	302	42	511	850	667	276	34	682.824	1143	911	843	793	749	704	655	592	525	412	168	138.634	175	155	150	146	143	139	136	132	127	121	105	0	0	0.000	0.000	0	0	0	0	0	0	0	0	0	0	0	0	0	0.000	0.000	0	0	0	0	0	0	0	0	0	0	0
286	286	1800	336.830	1874.746	277	512	538	331	107	262	646	537	285	38	118.994	136	125	123	122	120	119	118	117	115	113	103	278.928	431	369	338	315	300	285	271	251	223	173	112	0	0	0.000	0.000	0	0	0	0	0	0	0	0	0	0	0	0	0	0.000	0.000	0	0	0	0	0	0	0	0	0	0	0
287	287	1176	1283.616	1883.562	242	308	313	248	41	194	315	309	231	102	774.761	1201	1002	949	908	859	809	751	681	618	481	224	140.399	177	158	152	149	145	142	139	134	129	120	105	0	0	0.000	0.000	0	0	0	0	0	0	0	0	0	0	0	0	0	0.000	0.000	0	0	0	0	0	0	0	0	0	0	0
288	288	2025	288.956	1900.615	1252	448	222	67	20	1286	463	206	45	5	248.406	1481	483	297	213	178	168	156	144	134	126	107	110.743	164	125	117	112	109	107	106	105	104	103	97	0	0	0.000	0.000	0	0	0	0	0	0	0	0	0	0	0	0	0	0.000	0.000	0	0	0	0	0	0	0	0	0	0	0
289	289	2192	387.629	1898.816	574	635	613	292	39	497	697	632	278	48	114.395	130	121	119	117	116	114	113	112	110	108	101	278.612	425	365	333	315	300	284	271	255	224	173	114	0	0	0.000	0.000	0	0	0	0	0	0	0	0	0	0	0	0	0	0.000	0.000	0	0	0	0	0	0	0	0	0	0	0
290	290	2198	216.119	1897.045	437	774	662	252	23	326	783	688	292	69	972.532	11756	1564	588	427	388	366	342	302	252	198	125	229.847	2407	268	160	143	137	131	126	122	117	112	103	1	209	216.989	1888.838	0	0	0	6120	0	0	0	1116	0	0	0	1	195	217.505	1888.433	0	0	0	6456	0	0	0	1218	0	0	0
291	291	1102	1681.844	1894.811	941	70	36	25	21	972	65	27	20	17	439.351	1288	984	897	739	448	211	150	127	117	111	103	114.832	206	126	121	118	115	112	110	108	107	105	99	0	0	0.000	0.000	0	0	0	0	0	0	0	0	0	0	0	0	0	0.000	0.000	0	0	0	0	0	0	0	0	0	0	0
292	292	599	1075.534	1893.228	240	204	101	32	17	227	207	80	50	22	124.661	145	133	130	128	126	125	124	122	119	117	103	138.484	169	152	148	145	142	139	137	133	130	124	109	0	0	0.000	0.000	0	0	0	0	0	0	0	0	0	0	0	0	0	0.000	0.000	0	0	0	0	0	0	0	0	0	0	0
293	293	1773	1236.948	1904.538	301	680	648	102	14	408	876	417	29	9	788.372	1229	1014	941	897	855	812	768	711	634	512	209	141.501	174	156	152	149	145	142	139	136	132	125	106	0	0	0.000	0.000	0	0	0	0	0	0	0	0	0	0	0	0	0	0.000	0.000	0	0	0	0	0	0	0	0	0	0	0
294	294	1892	1173.396	1914.041	370	668	554	237	34	255	656	574	324	39	827.840	5563	1102	956	869	801	756	700	635	537	411	158	156.399	473	183	170	162	157	152	146	140	133	126	109	2	13	1159.605	1920.645	30	1181.752	1913.197	2772	0	3846	0	252	0	337	0	1	36	1182.480	1912.908	0	0	0	3505	0	0	0	333	0	0	0
295	295	1286	967.075	1917.572	215	410	452	158	38	239	502	413	80	22	235.865	343	299	278	266	253	240	229	217	197	157	113	123.408	152	136	132	128	125	123	120	118	115	111	104	0	0	0.000	0.000	0	0	0	0	0	0	0	0	0	0	0	0	0	0.000	0.000	0	0	0	0	0	0	0	0	0	0	0
296	296	1449	1367.143	1923.663	286	441	360	281	62	127	413	444	302	124	714.752	1216	1002	914	852	779	721	657	606	536	409	110	138.469	185	160	154	148	143	138	133	129	124	118	100	0	0	0.000	0.000	0	0	0	0	0	0	0	0	0	0	0	0	0	0.000	0.000	0	0	0	0	0	0	0	0	0	0	0
297	297	1975	615.943	1934.094	443	649	617	206	22	394	860	627	56	6	111.466	128	118	115	114	113	111	110	109	107	105	99	168.315	221	200	191	183	177	169	162	155	147	135	108	0	0	0.000	0.000	0	0	0	0	0	0	0	0	0	0	0	0	0	0.000	0.000	0	0	0	0	0	0	0	0	0	0	0
298	298	1902	1877.477	1943.065	225	515	592	427	109	272	655	629	277	30	1178.183	19459	2147	509	288	229	215	205	192	175	156	121	261.502	1770	360	235	216	208	199	190	182	170	153	115	1	166	1869.578	1934.329	0	0	0	9344	0	0	0	807	0	0	0	1	129	1869.188	1934.128	0	0	0	12049	0	0	0	975	0	0	0
299	299	1659	665.847	1951.890	172	508	528	337	83	93	527	617	341	54	109.349	120	114	112	111	110	109	108	107	106	105	99	251.809	353	319	302	284	266	252	238	224	207	184	120	0	0	0.000	0.000	0	0	0	0	0	0	0	0	0	0	0	0	0	0.000	0.000	0	0	0	0	0	0	0	0	0	0	0
300	300	2133	1202.699	1961.707	878	810	330	64	15	808	822	400	52	10	120.870	158	132	127	124	122	120	118	116	114	111	102	263.012	418	371	336	308	287	268	247	221	190	147	105	0	0	0.000	0.000	0	0	0	0	0	0	0	0	0	0	0	0	0	0.000	0.000	0	0	0	0	0	0	0	0	0	0	0
301	301	679	1648.144	1954.468	223	249	91	74	33	195	252	140	55	19	354.764	468	438	425	409	393	371	346	322	293	241	154	345.704	467	435	423	405	383	360	334	305	275	231	151	0	0	0.000	0.000	0	0	0	0	0	0	0	0	0	0	0	0	0	0.000	0.000	0	0	0	0	0	0	0	0	0	0	0
302	302	1008	391.566	1985.814	221	268	302	156	43	225	333	304	118	20	343.946	484	429	411	393	377	363	345	312	272	224	149	122.597	143	133	130	127	125	123	121	118	114	111	103	0	0	0.000	0.000	0	0	0	0	0	0	0	0	0	0	0	0	0	0.000	0.000	0	0	0	0	0	0	0	0	0	0	0
