 	cell	area	x	y	BFI_lev_b1	BFI_lev_b2	BFI_lev_b3	BFI_lev_b4	BFI_lev_b5	BFO_lev_b1	BFO_lev_b2	BFO_lev_b3	BFO_lev_b4	BFO_lev_b5	GFP_int_mean	GFP_int_b0	GFP_int_b1	GFP_int_b2	GFP_int_b3	GFP_int_b4	GFP_int_b5	GFP_int_b6	GFP_int_b7	GFP_int_b8	GFP_int_b9	GFP_int_b10	RFP_int_mean	RFP_int_b0	RFP_int_b1	RFP_int_b2	RFP_int_b3	RFP_int_b4	RFP_int_b5	RFP_int_b6	RFP_int_b7	RFP_int_b8	RFP_int_b9	RFP_int_b10	inGFPnfoci	f1_inGFParea	f1_inGFPx	f1_inGFPy	f2_inGFParea	f2_inGFPx	f2_inGFPy	f1_inGFP_toGFPmed	f1_inGFP_toGFPmean	f2_inGFP_toGFPmed	f2_inGFP_toGFPmean	f1_inGFP_toRFPmed	f1_inGFP_toRFPmean	f2_inGFP_toRFPmed	f2_inGFP_toRFPmean	inRFPnfoci	f1_inRFParea	f1_inRFPx	f1_inRFPy	f2_inRFParea	f2_inRFPx	f2_inRFPy	f1_inRFP_toGFPmed	f1_inRFP_toGFPmean	f2_inRFP_toGFPmed	f2_inRFP_toGFPmean	f1_inRFP_toRFPmed	f1_inRFP_toRFPmean	f2_inRFP_toRFPmed	f2_inRFP_toRFPmean
1	1	1449	1613.126	79.482	475	453	340	139	20	349	432	392	196	65	111.166	126	117	115	114	113	111	110	109	107	104	99	142.147	190	170	162	155	148	143	138	132	122	109	99	0	0	0.000	0.000	0	0	0	0	0	0	0	0	0	0	0	0	0	0.000	0.000	0	0	0	0	0	0	0	0	0	0	0
2	2	1157	1664.653	79.599	258	387	361	130	5	178	465	346	133	14	110.933	126	118	115	113	112	111	110	108	106	104	99	206.153	290	259	249	241	230	219	208	189	159	122	101	0	0	0.000	0.000	0	0	0	0	0	0	0	0	0	0	0	0	0	0.000	0.000	0	0	0	0	0	0	0	0	0	0	0
3	3	1817	439.787	88.973	328	480	609	345	30	199	562	739	251	27	756.324	1220	1034	973	923	867	807	725	637	530	393	145	126.382	162	144	138	134	130	126	123	118	114	109	99	0	0	0.000	0.000	0	0	0	0	0	0	0	0	0	0	0	0	0	0.000	0.000	0	0	0	0	0	0	0	0	0	0	0
4	4	1442	1471.739	89.477	260	406	527	207	15	233	484	454	204	41	182.157	2387	180	162	157	153	149	145	138	131	121	102	165.171	457	201	190	180	171	160	152	145	138	123	99	1	36	1455.644	91.761	0	0	0	1207	0	0	0	309	0	0	0	1	24	1455.839	91.688	0	0	0	1556	0	0	0	337	0	0	0
5	5	1220	598.972	95.674	255	357	331	225	28	172	369	411	167	78	125.335	149	136	133	131	128	126	124	122	117	112	101	178.196	250	219	206	196	188	181	175	166	150	128	102	0	0	0.000	0.000	0	0	0	0	0	0	0	0	0	0	0	0	0	0.000	0.000	0	0	0	0	0	0	0	0	0	0	0
6	6	1661	941.735	98.209	144	500	631	285	71	149	772	509	152	49	320.071	4150	353	287	272	261	251	241	226	206	181	115	139.178	652	149	139	135	132	130	127	124	120	115	104	1	51	945.765	86.446	0	0	0	2031	0	0	0	362	0	0	0	1	44	946.194	86.348	0	0	0	2160	0	0	0	401	0	0	0
7	7	1815	355.694	110.622	142	599	752	265	23	101	626	721	264	63	1561.705	18327	2310	1365	1126	1010	905	826	759	697	606	176	207.766	1754	280	179	161	154	147	140	134	128	123	106	1	107	350.809	102.229	0	0	0	9442	0	0	0	945	0	0	0	1	125	350.953	102.250	0	0	0	8186	0	0	0	862	0	0	0
8	8	1251	1914.162	126.552	199	470	429	114	13	139	446	458	155	36	120.557	138	129	126	124	123	122	120	118	115	111	99	138.563	168	155	150	146	143	140	137	133	128	120	103	0	0	0.000	0.000	0	0	0	0	0	0	0	0	0	0	0	0	0	0.000	0.000	0	0	0	0	0	0	0	0	0	0	0
9	9	1848	405.272	132.583	356	776	578	87	18	180	579	699	304	56	1292.141	15704	2034	940	778	719	678	630	558	460	357	135	162.161	976	213	149	137	130	126	121	117	114	110	102	1	129	395.120	134.157	0	0	0	8321	0	0	0	552	0	0	0	1	141	394.844	134.098	0	0	0	7710	0	0	0	513	0	0	0
10	10	1204	972.972	134.489	782	269	86	46	10	664	283	132	62	37	127.898	168	149	140	132	128	125	122	120	117	113	102	135.774	221	191	172	147	126	119	116	113	111	109	101	0	0	0.000	0.000	0	0	0	0	0	0	0	0	0	0	0	0	0	0.000	0.000	0	0	0	0	0	0	0	0	0	0	0
11	11	1747	309.550	136.989	311	612	580	184	30	253	584	658	198	29	993.701	1576	1381	1292	1212	1138	1057	984	877	716	451	141	143.554	187	166	160	156	151	145	139	134	127	117	100	0	0	0.000	0.000	0	0	0	0	0	0	0	0	0	0	0	0	0	0.000	0.000	0	0	0	0	0	0	0	0	0	0	0
12	12	1813	1869.699	149.066	334	859	470	91	28	399	968	367	37	15	123.041	144	133	130	127	125	124	122	119	116	112	101	141.247	181	162	156	150	146	141	136	132	128	121	103	0	0	0.000	0.000	0	0	0	0	0	0	0	0	0	0	0	0	0	0.000	0.000	0	0	0	0	0	0	0	0	0	0	0
13	13	1943	486.737	149.239	458	728	489	198	23	338	854	532	166	16	970.418	20558	1361	313	225	206	194	184	172	154	136	107	305.990	3234	401	237	224	213	201	187	175	160	140	104	1	130	480.080	141.782	0	0	0	9618	0	0	0	1569	0	0	0	1	117	480.152	141.445	0	0	0	9978	0	0	0	1679	0	0	0
14	14	1681	1506.813	149.325	351	525	464	289	28	277	599	496	215	60	172.754	907	196	188	182	178	173	168	159	143	119	103	168.190	268	206	200	193	185	176	166	152	132	113	100	1	26	1500.079	162.970	0	0	0	522	0	0	0	205	0	0	0	0	0	0.000	0.000	0	0	0	0	0	0	0	0	0	0	0
15	15	1672	1454.239	151.746	397	612	471	142	23	215	696	457	202	75	427.517	10004	480	217	182	171	164	159	152	146	135	104	184.574	849	216	194	184	176	170	164	156	142	123	103	1	76	1461.273	158.505	0	0	0	4194	0	0	0	502	0	0	0	1	61	1460.348	157.929	0	0	0	4037	0	0	0	545	0	0	0
16	16	1700	542.839	154.030	287	487	593	282	30	188	476	644	269	97	180.980	935	212	199	191	183	176	169	162	151	131	105	188.796	336	238	224	212	201	189	177	167	156	136	104	1	31	537.611	156.349	0	0	0	497	0	0	0	257	0	0	0	0	0	0.000	0.000	0	0	0	0	0	0	0	0	0	0	0
17	17	988	372.136	162.444	180	409	283	88	11	264	479	205	18	8	121.568	146	133	129	126	124	121	119	117	114	111	103	597.102	1109	951	854	772	696	627	536	426	310	204	126	0	0	0.000	0.000	0	0	0	0	0	0	0	0	0	0	0	0	0	0.000	0.000	0	0	0	0	0	0	0	0	0	0	0
18	18	1515	426.216	176.229	299	600	459	108	30	231	516	450	241	53	611.137	9037	762	490	450	416	380	343	308	271	229	131	162.631	1124	190	148	139	135	132	129	126	122	117	106	1	70	415.490	179.324	0	0	0	4450	0	0	0	577	0	0	0	1	72	415.947	179.806	0	0	0	4303	0	0	0	613	0	0	0
19	19	1392	1925.502	170.283	242	503	409	193	24	142	555	456	167	46	118.093	138	126	123	121	120	118	116	115	113	110	102	135.902	168	152	147	144	140	136	133	129	125	119	103	0	0	0.000	0.000	0	0	0	0	0	0	0	0	0	0	0	0	0	0.000	0.000	0	0	0	0	0	0	0	0	0	0	0
20	20	1974	278.072	182.341	424	700	612	188	14	292	656	613	316	68	559.225	946	764	707	668	620	569	524	481	424	316	152	105.254	118	109	107	106	106	105	104	104	103	102	96	0	0	0.000	0.000	0	0	0	0	0	0	0	0	0	0	0	0	0	0.000	0.000	0	0	0	0	0	0	0	0	0	0	0
21	21	1440	802.298	184.584	344	448	398	172	42	347	609	325	111	16	144.910	256	164	155	150	147	144	141	137	131	121	106	147.932	182	167	162	158	155	151	147	142	136	121	101	0	0	0.000	0.000	0	0	0	0	0	0	0	0	0	0	0	0	0	0.000	0.000	0	0	0	0	0	0	0	0	0	0	0
22	22	1223	1381.865	188.233	75	435	414	236	45	157	531	322	148	35	688.712	997	888	850	806	760	702	653	601	542	452	245	154.056	190	172	168	163	160	156	152	147	140	133	113	0	0	0.000	0.000	0	0	0	0	0	0	0	0	0	0	0	0	0	0.000	0.000	0	0	0	0	0	0	0	0	0	0	0
23	23	541	756.950	189.560	155	198	111	57	12	125	187	159	50	15	144.876	251	182	158	150	144	140	135	130	126	121	107	144.773	175	161	157	153	150	147	143	139	134	126	103	0	0	0.000	0.000	0	0	0	0	0	0	0	0	0	0	0	0	0	0.000	0.000	0	0	0	0	0	0	0	0	0	0	0
24	24	1546	858.886	200.496	167	384	505	360	91	101	458	604	284	73	129.920	411	140	136	133	130	128	125	122	119	115	100	133.516	172	151	146	141	137	133	129	126	122	116	103	1	21	849.095	186.190	0	0	0	254	0	0	0	142	0	0	0	0	0	0.000	0.000	0	0	0	0	0	0	0	0	0	0	0
25	25	1404	490.581	204.962	339	502	419	100	11	295	680	325	63	13	435.180	8892	507	220	185	176	171	166	159	149	138	108	165.212	813	185	165	158	153	148	142	136	130	124	102	1	70	488.613	190.499	0	0	0	4011	0	0	0	474	0	0	0	1	66	488.761	189.912	0	0	0	3848	0	0	0	491	0	0	0
26	26	3177	396.862	218.288	1815	889	317	91	33	1773	926	365	67	13	251.734	556	456	407	364	295	194	142	126	119	112	102	143.203	197	170	162	155	149	144	138	131	123	115	103	0	0	0.000	0.000	0	0	0	0	0	0	0	0	0	0	0	0	0	0.000	0.000	0	0	0	0	0	0	0	0	0	0	0
27	27	1658	1422.865	216.549	202	596	504	293	38	198	825	461	129	15	721.609	1099	926	865	819	781	746	705	653	587	476	211	151.160	199	175	166	161	156	151	146	141	136	129	104	0	0	0.000	0.000	0	0	0	0	0	0	0	0	0	0	0	0	0	0.000	0.000	0	0	0	0	0	0	0	0	0	0	0
28	28	1182	656.455	213.561	602	216	161	150	40	503	264	262	110	22	158.204	925	201	158	147	142	137	133	129	124	118	107	392.979	1420	530	473	433	409	388	362	321	270	215	121	2	31	658.444	225.695	33	657.591	211.156	499	0	313	0	860	0	704	0	0	0	0.000	0.000	0	0	0	0	0	0	0	0	0	0	0
29	29	1280	703.129	214.321	179	358	375	300	56	80	318	470	262	123	128.214	148	137	135	133	130	129	127	125	122	118	105	151.741	183	167	163	160	156	153	150	147	142	134	108	0	0	0.000	0.000	0	0	0	0	0	0	0	0	0	0	0	0	0	0.000	0.000	0	0	0	0	0	0	0	0	0	0	0
30	30	2024	775.447	231.534	302	784	725	154	13	244	639	714	324	60	176.414	3395	171	152	145	142	138	134	130	126	119	105	156.839	390	187	177	169	162	154	147	141	134	125	103	1	39	764.956	229.804	0	0	0	1462	0	0	0	267	0	0	0	1	18	764.592	229.277	0	0	0	2303	0	0	0	324	0	0	0
31	31	1808	315.625	228.431	387	376	508	381	116	318	650	512	235	53	666.035	1113	961	847	790	741	692	644	570	470	326	143	107.396	127	114	110	109	107	107	106	105	104	103	98	0	0	0.000	0.000	0	0	0	0	0	0	0	0	0	0	0	0	0	0.000	0.000	0	0	0	0	0	0	0	0	0	0	0
32	32	2427	1359.538	233.464	765	994	497	114	15	738	1120	395	107	30	118.607	178	126	123	121	120	118	117	115	114	111	102	433.499	780	650	598	541	489	445	402	350	275	163	104	0	0	0.000	0.000	0	0	0	0	0	0	0	0	0	0	0	0	0	0.000	0.000	0	0	0	0	0	0	0	0	0	0	0
33	33	1847	1690.954	238.543	186	680	667	232	41	186	780	585	195	63	200.014	1836	225	205	194	187	181	175	168	156	138	110	186.896	348	229	218	208	197	186	177	168	158	139	105	1	32	1698.815	227.255	0	0	0	957	0	0	0	275	0	0	0	0	0	0.000	0.000	0	0	0	0	0	0	0	0	0	0	0
34	34	1707	1752.944	249.403	194	529	514	346	92	204	762	509	191	19	889.817	16288	1363	432	295	247	224	209	195	181	166	127	278.752	2060	373	255	234	221	209	197	186	174	161	124	1	121	1754.817	251.085	0	0	0	7399	0	0	0	1036	0	0	0	1	109	1755.500	251.184	0	0	0	8134	0	0	0	1095	0	0	0
35	35	1794	1926.839	258.967	157	513	586	411	85	114	542	756	267	94	284.373	738	348	331	317	303	289	274	255	233	198	114	147.089	280	165	159	155	151	148	144	139	133	124	102	0	0	0.000	0.000	0	0	0	0	0	0	0	0	0	0	0	0	0	0.000	0.000	0	0	0	0	0	0	0	0	0	0	0
36	36	1836	634.114	253.558	1325	348	115	18	8	1232	353	135	75	16	380.573	9046	455	209	153	141	134	128	121	116	111	101	498.269	7710	703	417	366	331	296	254	217	189	158	112	1	89	633.983	244.885	0	0	0	3773	0	0	0	3372	0	0	0	1	87	634.064	245.011	0	0	0	3790	0	0	0	3562	0	0	0
37	37	2414	383.692	280.106	714	848	581	178	61	701	1161	425	81	12	3104.826	30512	12574	1792	627	361	287	265	246	219	182	110	1128.845	9152	3277	837	534	493	462	430	388	331	255	128	1	415	379.538	281.440	0	0	0	16166	0	0	0	4106	0	0	0	1	348	379.535	281.389	0	0	0	19406	0	0	0	4962	0	0	0
38	38	1375	803.873	282.105	251	315	452	262	66	199	381	407	282	79	110.658	125	115	114	113	112	111	110	109	107	106	101	105.063	115	109	107	106	106	105	104	104	103	102	97	0	0	0.000	0.000	0	0	0	0	0	0	0	0	0	0	0	0	0	0.000	0.000	0	0	0	0	0	0	0	0	0	0	0
39	39	1859	1722.414	288.083	1115	652	28	13	19	1323	477	19	7	11	449.208	10767	531	250	202	183	175	167	160	151	136	108	175.366	993	203	176	166	160	154	149	143	137	128	102	1	84	1727.914	286.269	0	0	0	4310	0	0	0	510	0	0	0	1	74	1728.164	286.516	0	0	0	5031	0	0	0	558	0	0	0
40	40	2140	1829.148	304.457	373	662	673	323	74	367	1117	493	113	17	3725.046	27654	7668	3440	2680	2256	2033	1888	1746	1432	1007	284	333.541	2843	657	269	208	183	171	162	155	147	134	104	1	236	1826.094	306.254	0	0	0	17019	0	0	0	1434	0	0	0	1	231	1826.050	305.773	0	0	0	17091	0	0	0	1453	0	0	0
41	41	1438	1675.743	306.593	184	458	493	246	27	104	491	535	230	42	166.969	1203	182	171	165	159	154	149	143	137	127	107	142.482	237	161	155	151	147	144	140	137	129	117	98	1	38	1673.293	302.189	0	0	0	580	0	0	0	173	0	0	0	0	0	0.000	0.000	0	0	0	0	0	0	0	0	0	0	0
42	42	1629	1551.720	310.928	204	419	520	345	102	181	480	577	218	137	349.682	497	436	417	403	390	378	357	322	278	211	120	111.525	131	118	116	114	113	111	110	109	107	106	98	0	0	0.000	0.000	0	0	0	0	0	0	0	0	0	0	0	0	0	0.000	0.000	0	0	0	0	0	0	0	0	0	0	0
43	43	2631	838.036	324.520	1227	896	367	90	13	815	882	563	258	65	111.164	129	116	114	113	112	111	110	109	108	106	99	107.507	128	113	111	109	108	107	106	105	104	103	99	0	0	0.000	0.000	0	0	0	0	0	0	0	0	0	0	0	0	0	0.000	0.000	0	0	0	0	0	0	0	0	0	0	0
44	44	1355	1091.559	314.147	202	472	392	237	31	160	513	381	228	52	172.672	1020	189	177	171	166	163	159	155	149	141	113	177.104	255	204	195	188	182	176	171	166	161	152	111	1	24	1095.168	305.548	0	0	0	530	0	0	0	228	0	0	0	0	0	0.000	0.000	0	0	0	0	0	0	0	0	0	0	0
45	45	952	111.699	334.510	544	222	122	35	14	507	241	130	48	18	125.564	148	135	131	129	127	126	124	122	120	117	107	132.455	159	146	141	138	135	132	130	127	123	119	106	0	0	0.000	0.000	0	0	0	0	0	0	0	0	0	0	0	0	0	0.000	0.000	0	0	0	0	0	0	0	0	0	0	0
46	46	1937	1607.398	344.290	464	661	561	186	30	376	878	431	170	51	232.593	3445	230	207	198	190	184	177	170	158	142	106	180.890	1165	208	192	182	175	167	160	152	144	131	103	1	54	1593.547	337.173	0	0	0	1555	0	0	0	511	0	0	0	1	45	1592.123	336.027	0	0	0	962	0	0	0	654	0	0	0
47	47	2194	1791.516	347.199	358	653	818	284	42	182	670	902	299	95	2091.337	12062	2761	2501	2335	2134	1998	1856	1686	1382	966	258	172.090	881	195	180	172	165	159	153	147	140	127	101	1	38	1795.225	355.911	0	0	0	8731	0	0	0	654	0	0	0	1	56	1794.776	355.889	0	0	0	7616	0	0	0	561	0	0	0
48	48	1180	1057.043	347.567	184	426	385	140	24	150	494	350	126	33	114.597	128	120	118	117	116	115	114	113	111	109	102	117.822	139	127	124	121	119	117	116	114	112	110	102	0	0	0.000	0.000	0	0	0	0	0	0	0	0	0	0	0	0	0	0.000	0.000	0	0	0	0	0	0	0	0	0	0	0
49	49	1549	1444.107	365.402	168	555	464	295	40	118	641	480	188	93	152.471	203	177	166	160	155	151	147	143	138	130	108	208.444	316	260	236	224	216	207	200	191	179	161	114	0	0	0.000	0.000	0	0	0	0	0	0	0	0	0	0	0	0	0	0.000	0.000	0	0	0	0	0	0	0	0	0	0	0
50	50	812	183.172	367.272	505	164	95	30	11	404	179	94	69	57	281.921	1650	315	302	292	284	274	265	254	226	186	120	169.483	493	193	185	178	174	170	166	159	150	131	107	0	0	0.000	0.000	0	0	0	0	0	0	0	0	0	0	0	0	0	0.000	0.000	0	0	0	0	0	0	0	0	0	0	0
51	51	1901	140.096	373.865	1040	547	221	51	20	990	553	230	71	31	126.067	231	137	131	128	126	124	122	120	118	115	103	121.997	151	135	129	126	123	121	119	117	115	111	100	0	0	0.000	0.000	0	0	0	0	0	0	0	0	0	0	0	0	0	0.000	0.000	0	0	0	0	0	0	0	0	0	0	0
52	52	1446	1082.063	386.313	205	467	437	276	34	117	478	496	254	77	122.183	140	130	128	126	124	123	121	119	116	113	103	242.875	343	297	283	273	263	250	236	222	201	174	124	0	0	0.000	0.000	0	0	0	0	0	0	0	0	0	0	0	0	0	0.000	0.000	0	0	0	0	0	0	0	0	0	0	0
53	53	1997	1164.226	396.427	373	845	532	188	29	215	754	565	342	77	587.819	887	767	731	694	656	608	572	539	481	329	142	129.358	162	140	137	135	133	131	128	126	122	117	101	0	0	0.000	0.000	0	0	0	0	0	0	0	0	0	0	0	0	0	0.000	0.000	0	0	0	0	0	0	0	0	0	0	0
54	54	1970	1486.234	401.971	177	608	656	437	59	129	856	606	277	61	193.054	3614	183	172	166	161	156	150	143	136	127	104	199.811	350	252	237	223	211	201	192	179	164	145	106	1	35	1509.937	409.927	0	0	0	1631	0	0	0	260	0	0	0	0	0	0.000	0.000	0	0	0	0	0	0	0	0	0	0	0
55	55	1643	1813.488	401.397	225	510	622	253	11	162	612	550	219	57	486.357	7440	604	417	369	341	317	287	256	227	191	121	120.659	409	133	121	117	114	112	110	109	107	105	97	1	68	1811.903	394.116	0	0	0	3555	0	0	0	252	0	0	0	1	72	1811.656	393.087	0	0	0	2218	0	0	0	252	0	0	0
56	56	1866	1744.787	414.822	514	904	332	75	17	759	929	107	14	8	463.627	665	610	583	553	519	489	460	416	355	256	126	138.935	173	156	152	148	145	142	138	134	125	115	102	0	0	0.000	0.000	0	0	0	0	0	0	0	0	0	0	0	0	0	0.000	0.000	0	0	0	0	0	0	0	0	0	0	0
57	57	2293	1584.407	430.968	590	727	529	329	91	616	912	489	180	45	726.939	13356	1014	261	193	174	164	156	150	142	129	106	298.144	3030	380	227	206	191	182	173	165	155	133	103	1	176	1572.187	435.313	0	0	0	6316	0	0	0	1534	0	0	0	1	167	1571.978	435.062	0	0	0	6471	0	0	0	1580	0	0	0
58	58	1097	1092.448	434.041	177	420	308	145	29	144	451	338	114	27	121.609	141	130	127	125	124	122	120	119	116	113	102	238.154	348	304	285	270	254	238	225	216	199	171	109	0	0	0.000	0.000	0	0	0	0	0	0	0	0	0	0	0	0	0	0.000	0.000	0	0	0	0	0	0	0	0	0	0	0
59	59	1261	85.147	443.985	155	396	445	211	31	91	329	512	231	70	291.996	406	361	339	324	313	301	291	274	248	205	121	122.200	145	133	129	127	125	122	120	117	115	111	101	0	0	0.000	0.000	0	0	0	0	0	0	0	0	0	0	0	0	0	0.000	0.000	0	0	0	0	0	0	0	0	0	0	0
60	60	1621	1654.504	446.820	212	405	595	325	48	207	553	580	221	25	193.734	1693	212	188	182	177	172	167	161	151	140	111	158.880	418	185	173	165	160	156	151	146	138	129	103	1	37	1656.999	433.082	0	0	0	890	0	0	0	263	0	0	0	1	23	1655.548	431.831	0	0	0	550	0	0	0	331	0	0	0
61	61	1129	1524.302	452.220	73	216	414	335	72	111	304	421	192	78	187.647	256	223	215	209	202	195	187	178	163	131	106	124.711	151	137	134	131	129	126	123	120	115	109	100	0	0	0.000	0.000	0	0	0	0	0	0	0	0	0	0	0	0	0	0.000	0.000	0	0	0	0	0	0	0	0	0	0	0
62	62	1882	1470.252	457.380	242	563	565	372	107	131	752	580	297	71	498.906	10277	578	255	213	193	180	172	165	157	146	104	163.819	1380	181	139	133	128	125	123	121	118	115	99	1	102	1460.157	447.978	0	0	0	4642	0	0	0	662	0	0	0	1	102	1459.689	448.069	0	0	0	4642	0	0	0	662	0	0	0
63	63	1225	1808.407	455.833	255	309	341	228	70	252	466	328	125	26	142.203	177	159	155	151	148	145	141	136	130	121	104	116.669	136	126	123	121	118	117	114	113	110	107	98	0	0	0.000	0.000	0	0	0	0	0	0	0	0	0	0	0	0	0	0.000	0.000	0	0	0	0	0	0	0	0	0	0	0
64	64	1895	1758.506	469.194	315	791	515	219	23	267	739	503	275	78	137.234	163	151	147	144	142	140	137	133	128	118	102	116.202	133	124	122	120	118	116	115	113	111	108	100	0	0	0.000	0.000	0	0	0	0	0	0	0	0	0	0	0	0	0	0.000	0.000	0	0	0	0	0	0	0	0	0	0	0
65	65	1677	1562.235	482.330	274	573	444	273	89	224	675	478	232	32	218.089	3444	212	181	172	167	163	160	157	152	145	114	219.007	588	266	245	234	225	217	209	201	189	166	112	1	45	1562.641	501.670	0	0	0	1487	0	0	0	257	0	0	0	0	0	0.000	0.000	0	0	0	0	0	0	0	0	0	0	0
66	66	2607	415.613	494.407	571	874	819	246	41	406	660	1067	322	119	322.322	4450	394	365	341	320	302	280	250	202	151	107	176.409	2078	199	184	174	166	158	150	141	129	115	99	1	35	422.630	476.012	0	0	0	2352	0	0	0	1106	0	0	0	1	44	422.935	475.811	0	0	0	1629	0	0	0	962	0	0	0
67	67	1921	1659.133	497.287	245	821	604	185	22	193	849	588	228	35	1168.738	1812	1495	1411	1351	1287	1226	1154	1067	929	742	212	105.934	118	110	108	107	106	106	105	104	104	103	97	0	0	0.000	0.000	0	0	0	0	0	0	0	0	0	0	0	0	0	0.000	0.000	0	0	0	0	0	0	0	0	0	0	0
68	68	1300	1019.863	496.362	288	241	390	266	95	253	399	441	154	34	686.948	12635	1090	340	238	217	205	194	179	158	136	102	845.078	13971	1294	488	436	411	387	346	285	227	171	112	1	93	1022.125	491.966	0	0	0	5275	0	0	0	5713	0	0	0	1	81	1022.080	491.781	0	0	0	6084	0	0	0	6307	0	0	0
69	69	2010	1601.788	513.650	182	675	799	293	23	126	610	802	315	102	1444.129	2417	2041	1903	1738	1622	1504	1346	1194	1026	749	181	107.359	122	112	110	109	108	107	106	105	104	103	96	0	0	0.000	0.000	0	0	0	0	0	0	0	0	0	0	0	0	0	0.000	0.000	0	0	0	0	0	0	0	0	0	0	0
70	70	732	1698.332	515.544	96	191	196	176	63	134	364	160	44	15	983.251	1586	1426	1304	1246	1186	1074	951	800	598	390	177	105.978	114	109	108	107	106	106	105	105	104	103	95	0	0	0.000	0.000	0	0	0	0	0	0	0	0	0	0	0	0	0	0.000	0.000	0	0	0	0	0	0	0	0	0	0	0
71	71	1785	144.129	527.255	238	380	623	409	96	191	349	582	494	140	119.982	134	126	124	123	121	120	119	117	116	113	102	104.759	113	108	107	106	105	105	104	104	103	102	90	0	0	0.000	0.000	0	0	0	0	0	0	0	0	0	0	0	0	0	0.000	0.000	0	0	0	0	0	0	0	0	0	0	0
72	72	1204	813.613	521.355	572	309	204	85	21	509	386	236	49	7	122.488	160	133	130	127	125	122	120	118	115	112	103	338.654	557	468	430	407	386	356	320	280	237	178	114	0	0	0.000	0.000	0	0	0	0	0	0	0	0	0	0	0	0	0	0.000	0.000	0	0	0	0	0	0	0	0	0	0	0
73	73	2169	1338.562	545.136	417	669	687	325	28	297	711	727	275	112	1701.801	13401	2234	2026	1821	1681	1543	1409	1219	986	731	289	178.760	1318	202	184	173	162	154	147	141	135	127	103	1	54	1325.833	548.162	0	0	0	8705	0	0	0	806	0	0	0	1	71	1326.022	547.480	0	0	0	7133	0	0	0	706	0	0	0
74	74	1871	953.670	546.761	346	701	501	218	59	446	873	375	120	29	964.610	1669	1349	1165	1102	1042	988	943	878	752	513	186	165.221	234	195	186	178	171	165	158	153	146	134	105	0	0	0.000	0.000	0	0	0	0	0	0	0	0	0	0	0	0	0	0.000	0.000	0	0	0	0	0	0	0	0	0	0	0
75	75	1079	774.047	552.119	625	268	96	55	20	535	314	117	52	44	125.020	156	137	132	129	127	124	122	120	117	114	105	307.495	543	458	418	379	342	301	260	231	209	160	119	0	0	0.000	0.000	0	0	0	0	0	0	0	0	0	0	0	0	0	0.000	0.000	0	0	0	0	0	0	0	0	0	0	0
76	76	1342	1696.410	557.139	502	337	269	166	53	453	457	309	77	24	115.560	135	124	121	119	117	115	113	112	110	108	101	243.151	381	334	305	282	266	252	233	203	171	142	111	0	0	0.000	0.000	0	0	0	0	0	0	0	0	0	0	0	0	0	0.000	0.000	0	0	0	0	0	0	0	0	0	0	0
77	77	969	148.469	571.275	453	291	161	41	13	385	297	190	66	17	157.071	205	182	176	171	166	160	156	150	137	122	108	107.206	118	111	110	109	108	107	106	105	105	103	96	0	0	0.000	0.000	0	0	0	0	0	0	0	0	0	0	0	0	0	0.000	0.000	0	0	0	0	0	0	0	0	0	0	0
78	78	1980	906.051	582.438	303	590	756	258	26	298	717	732	168	19	1153.270	8431	1556	1338	1236	1171	1110	1042	919	739	510	151	187.529	1305	211	193	184	178	171	165	158	148	132	105	1	39	894.202	583.929	0	0	0	5334	0	0	0	793	0	0	0	1	45	893.643	582.929	0	0	0	3712	0	0	0	727	0	0	0
79	79	2132	996.829	584.479	267	831	755	239	9	272	1030	581	195	18	625.927	15965	719	290	223	202	192	181	171	159	143	107	265.370	2189	295	257	242	232	224	212	197	178	153	107	1	97	992.182	589.014	0	0	0	7293	0	0	0	1115	0	0	0	1	87	991.973	588.544	0	0	0	7613	0	0	0	1208	0	0	0
80	80	867	590.551	592.164	136	316	255	132	14	124	386	226	105	17	128.656	151	140	137	134	132	129	127	124	120	116	104	120.131	162	138	130	124	119	116	114	112	111	108	103	0	0	0.000	0.000	0	0	0	0	0	0	0	0	0	0	0	0	0	0.000	0.000	0	0	0	0	0	0	0	0	0	0	0
81	81	1739	1328.603	591.867	438	603	543	112	12	271	634	562	202	37	3048.157	24871	6014	2484	2114	1874	1680	1482	1305	1063	753	196	357.865	3459	638	252	216	193	178	165	154	144	132	104	1	192	1326.463	584.232	0	0	0	14149	0	0	0	1669	0	0	0	1	185	1326.336	584.003	0	0	0	14739	0	0	0	1741	0	0	0
82	82	3869	1405.024	640.210	3092	553	108	58	14	2986	660	92	73	28	110.743	133	119	116	114	113	111	109	107	105	103	96	280.306	598	478	435	400	349	272	183	129	115	108	98	0	0	0.000	0.000	0	0	0	0	0	0	0	0	0	0	0	0	0	0.000	0.000	0	0	0	0	0	0	0	0	0	0	0
83	83	1903	624.375	623.029	240	516	639	392	79	211	746	649	226	42	136.719	172	151	146	143	140	137	135	132	127	122	105	119.662	163	135	127	123	120	117	115	113	111	109	100	0	0	0.000	0.000	0	0	0	0	0	0	0	0	0	0	0	0	0	0.000	0.000	0	0	0	0	0	0	0	0	0	0	0
84	84	572	107.795	621.696	337	140	43	30	15	282	149	88	34	12	197.544	909	220	206	200	195	190	183	174	163	150	112	140.909	253	156	150	147	144	141	138	134	128	122	102	0	0	0.000	0.000	0	0	0	0	0	0	0	0	0	0	0	0	0	0.000	0.000	0	0	0	0	0	0	0	0	0	0	0
85	85	996	1285.839	654.857	71	329	349	189	39	56	413	310	152	47	270.617	364	321	304	290	280	271	264	256	244	224	120	106.952	117	111	109	108	108	107	106	105	104	104	95	0	0	0.000	0.000	0	0	0	0	0	0	0	0	0	0	0	0	0	0.000	0.000	0	0	0	0	0	0	0	0	0	0	0
86	86	1864	1334.101	662.445	265	741	690	120	19	129	618	698	321	60	278.631	411	350	328	313	297	283	265	249	233	199	127	107.392	123	112	110	109	108	107	106	106	105	104	98	0	0	0.000	0.000	0	0	0	0	0	0	0	0	0	0	0	0	0	0.000	0.000	0	0	0	0	0	0	0	0	0	0	0
87	87	1320	1125.403	659.048	115	355	496	278	53	143	463	551	119	19	113.141	126	119	117	115	114	113	112	111	110	108	102	278.559	372	342	329	318	304	287	268	247	225	202	133	0	0	0.000	0.000	0	0	0	0	0	0	0	0	0	0	0	0	0	0.000	0.000	0	0	0	0	0	0	0	0	0	0	0
88	88	2092	1456.487	667.304	500	808	456	243	38	650	993	304	86	11	115.174	134	121	119	118	116	115	114	113	111	109	101	420.831	640	535	507	485	461	434	410	383	335	272	128	0	0	0.000	0.000	0	0	0	0	0	0	0	0	0	0	0	0	0	0.000	0.000	0	0	0	0	0	0	0	0	0	0	0
89	89	2734	707.692	667.186	598	1051	863	161	14	436	894	904	342	104	1201.986	14326	1435	959	876	808	736	670	617	536	359	161	476.725	7161	565	314	283	265	247	233	218	193	158	114	1	169	707.259	661.971	0	0	0	7735	0	0	0	3399	0	0	0	1	162	706.797	661.943	0	0	0	8087	0	0	0	3567	0	0	0
90	90	1869	1506.403	672.838	1106	484	169	73	21	1051	482	199	82	34	172.620	3437	244	204	155	123	112	109	107	105	104	99	216.309	1356	377	299	222	187	176	164	148	130	115	103	0	0	0.000	0.000	0	0	0	0	0	0	0	0	0	0	0	0	0	0.000	0.000	0	0	0	0	0	0	0	0	0	0	0
91	91	1160	317.432	672.202	305	439	276	93	21	390	501	204	38	14	574.699	817	741	713	687	652	597	549	497	438	357	179	133.407	165	150	146	141	137	133	129	125	121	117	103	0	0	0.000	0.000	0	0	0	0	0	0	0	0	0	0	0	0	0	0.000	0.000	0	0	0	0	0	0	0	0	0	0	0
92	92	1983	1377.396	698.033	986	807	103	39	17	1085	720	108	21	15	622.105	14159	693	321	259	238	228	219	211	201	177	107	213.395	2355	241	175	165	158	153	148	144	138	130	107	1	97	1376.066	705.922	0	0	0	6411	0	0	0	1070	0	0	0	1	91	1375.016	705.465	0	0	0	4897	0	0	0	1125	0	0	0
93	93	1418	1044.110	689.913	281	397	404	278	34	227	454	422	232	58	118.250	135	126	123	121	120	118	117	115	113	110	102	207.475	307	267	247	233	222	212	197	185	167	143	111	0	0	0.000	0.000	0	0	0	0	0	0	0	0	0	0	0	0	0	0.000	0.000	0	0	0	0	0	0	0	0	0	0	0
94	94	1936	1111.569	712.377	202	711	676	275	35	176	826	632	211	48	112.871	126	118	116	115	114	113	112	111	109	108	99	275.447	430	353	322	304	290	278	263	244	223	202	120	0	0	0.000	0.000	0	0	0	0	0	0	0	0	0	0	0	0	0	0.000	0.000	0	0	0	0	0	0	0	0	0	0	0
95	95	1622	679.442	720.527	354	675	445	116	10	526	734	279	43	9	139.097	212	161	148	142	138	135	133	130	128	124	106	148.423	188	169	163	156	152	148	144	140	136	129	103	0	0	0.000	0.000	0	0	0	0	0	0	0	0	0	0	0	0	0	0.000	0.000	0	0	0	0	0	0	0	0	0	0	0
96	96	616	1069.976	717.934	94	187	181	112	31	75	180	215	100	33	113.719	133	120	118	116	115	113	112	111	110	108	102	199.631	265	246	237	229	219	209	199	182	161	130	105	0	0	0.000	0.000	0	0	0	0	0	0	0	0	0	0	0	0	0	0.000	0.000	0	0	0	0	0	0	0	0	0	0	0
97	97	1679	546.819	737.985	838	387	216	157	52	939	370	194	107	42	257.510	2787	317	246	231	219	207	196	182	165	144	111	240.149	2289	309	232	214	201	192	185	173	158	135	103	2	25	552.149	748.621	50	549.808	730.356	556	0	1551	0	570	0	1315	0	2	25	551.209	748.318	56	549.786	730.035	472	0	1207	0	570	0	1174	0
98	98	2056	789.822	747.405	390	529	652	366	88	366	830	581	195	31	314.408	5615	324	255	234	223	214	205	195	181	154	113	196.311	1312	218	204	194	186	179	171	163	152	133	107	1	63	791.224	749.078	0	0	0	2728	0	0	0	716	0	0	0	1	57	790.469	748.411	0	0	0	1755	0	0	0	782	0	0	0
99	99	1477	1406.983	744.070	113	493	561	260	33	130	584	471	208	60	230.037	2648	261	207	198	190	185	179	173	166	156	120	147.433	511	163	154	149	146	142	138	134	130	125	108	1	37	1416.996	750.998	0	0	0	1373	0	0	0	300	0	0	0	1	33	1418.116	750.501	0	0	0	1126	0	0	0	321	0	0	0
100	100	1639	91.752	749.678	529	716	328	34	11	645	814	133	16	9	690.713	13303	986	318	229	204	191	180	171	160	144	113	244.475	1822	319	220	204	195	186	178	169	158	142	114	1	112	89.538	743.600	0	0	0	6160	0	0	0	894	0	0	0	1	102	90.141	743.960	0	0	0	6426	0	0	0	979	0	0	0
101	101	1887	900.637	756.258	263	705	716	156	12	240	665	664	240	43	1990.064	18965	2376	1759	1631	1565	1484	1377	1231	994	730	278	248.517	2737	262	196	186	180	174	167	158	146	133	111	1	132	899.541	742.132	0	0	0	11029	0	0	0	1447	0	0	0	1	146	899.984	742.190	0	0	0	10579	0	0	0	1358	0	0	0
102	102	1928	1101.531	770.085	818	894	147	23	17	990	767	103	19	13	114.828	181	121	119	117	116	114	113	112	110	108	98	296.158	482	420	384	352	319	291	265	237	208	183	129	0	0	0.000	0.000	0	0	0	0	0	0	0	0	0	0	0	0	0	0.000	0.000	0	0	0	0	0	0	0	0	0	0	0
103	103	1403	697.345	766.491	156	234	495	385	105	149	383	559	224	63	291.410	403	358	340	328	315	300	284	263	241	212	138	106.949	122	111	109	108	108	107	106	105	104	103	97	0	0	0.000	0.000	0	0	0	0	0	0	0	0	0	0	0	0	0	0.000	0.000	0	0	0	0	0	0	0	0	0	0	0
104	104	1430	747.159	779.358	238	302	483	337	45	254	679	354	105	14	262.057	379	328	316	305	294	282	266	244	202	146	107	108.159	123	113	111	110	109	108	107	106	105	104	100	0	0	0.000	0.000	0	0	0	0	0	0	0	0	0	0	0	0	0	0.000	0.000	0	0	0	0	0	0	0	0	0	0	0
105	105	1157	1541.522	786.558	127	407	371	201	33	154	529	300	114	36	308.269	419	371	353	342	333	322	310	292	264	220	124	111.110	129	119	116	113	112	110	109	108	106	105	96	0	0	0.000	0.000	0	0	0	0	0	0	0	0	0	0	0	0	0	0.000	0.000	0	0	0	0	0	0	0	0	0	0	0
106	106	675	649.795	789.055	84	192	199	151	35	93	241	195	110	31	138.812	161	149	146	143	141	139	137	135	132	128	113	135.428	159	150	146	143	140	137	134	130	126	117	105	0	0	0.000	0.000	0	0	0	0	0	0	0	0	0	0	0	0	0	0.000	0.000	0	0	0	0	0	0	0	0	0	0	0
107	107	936	787.092	804.505	91	306	309	159	55	61	201	382	227	43	145.556	182	163	158	153	150	146	143	138	133	126	102	206.691	292	259	241	229	220	211	201	189	171	148	106	0	0	0.000	0.000	0	0	0	0	0	0	0	0	0	0	0	0	0	0.000	0.000	0	0	0	0	0	0	0	0	0	0	0
108	108	1346	837.327	806.508	181	454	460	197	29	97	433	486	239	66	216.346	4636	242	174	160	155	150	147	143	138	132	114	227.900	578	280	258	243	234	226	217	207	194	178	117	1	28	840.448	808.205	0	0	0	2001	0	0	0	339	0	0	0	0	0	0.000	0.000	0	0	0	0	0	0	0	0	0	0	0
109	109	1313	694.046	809.689	132	370	532	225	34	113	444	483	205	49	1235.384	1746	1596	1541	1486	1409	1327	1229	1112	961	694	255	108.676	121	114	112	111	109	108	107	107	106	104	98	0	0	0.000	0.000	0	0	0	0	0	0	0	0	0	0	0	0	0	0.000	0.000	0	0	0	0	0	0	0	0	0	0	0
110	110	1549	1578.511	818.965	562	775	148	24	16	777	657	63	18	13	321.434	444	389	371	360	351	342	330	309	272	217	113	111.340	129	120	116	113	111	110	109	108	107	105	98	0	0	0.000	0.000	0	0	0	0	0	0	0	0	0	0	0	0	0	0.000	0.000	0	0	0	0	0	0	0	0	0	0	0
111	111	1597	651.539	831.580	296	472	526	260	19	199	447	601	234	82	224.281	4886	196	170	165	162	158	155	152	146	138	112	149.046	372	167	161	156	151	147	143	138	134	127	107	1	35	662.036	848.010	0	0	0	2220	0	0	0	167	0	0	0	1	16	663.716	842.775	0	0	0	328	0	0	0	293	0	0	0
112	112	1412	1513.031	831.082	210	485	494	164	28	272	710	338	55	11	129.101	155	139	136	133	132	130	127	125	122	118	105	243.700	340	292	280	270	261	252	241	226	209	183	121	0	0	0.000	0.000	0	0	0	0	0	0	0	0	0	0	0	0	0	0.000	0.000	0	0	0	0	0	0	0	0	0	0	0
113	113	2418	745.928	841.477	423	931	725	270	31	376	950	709	268	65	1276.201	2133	1719	1610	1511	1411	1320	1216	1098	962	739	227	109.211	121	114	112	111	110	109	108	107	106	105	99	0	0	0.000	0.000	0	0	0	0	0	0	0	0	0	0	0	0	0	0.000	0.000	0	0	0	0	0	0	0	0	0	0	0
114	114	1632	805.981	847.072	151	303	575	446	126	141	504	601	250	100	152.480	190	171	166	161	157	154	149	145	139	132	112	210.819	293	264	248	233	223	213	203	192	180	152	109	0	0	0.000	0.000	0	0	0	0	0	0	0	0	0	0	0	0	0	0.000	0.000	0	0	0	0	0	0	0	0	0	0	0
115	115	3773	1277.461	857.287	3499	124	75	33	30	3505	119	80	37	24	111.667	192	118	114	112	111	110	108	107	106	104	98	152.462	241	197	184	172	162	152	139	127	118	112	100	0	0	0.000	0.000	0	0	0	0	0	0	0	0	0	0	0	0	0	0.000	0.000	0	0	0	0	0	0	0	0	0	0	0
116	116	582	847.342	850.214	76	144	195	127	26	90	231	168	72	11	277.330	371	339	326	315	306	296	279	261	238	174	118	119.644	135	127	125	124	122	120	119	117	114	110	100	0	0	0.000	0.000	0	0	0	0	0	0	0	0	0	0	0	0	0	0.000	0.000	0	0	0	0	0	0	0	0	0	0	0
117	117	1332	1877.092	861.809	753	389	89	48	35	819	361	101	30	13	1136.799	1808	1639	1522	1405	1295	1145	1026	921	825	594	148	144.011	179	165	160	154	150	145	139	134	130	123	102	0	0	0.000	0.000	0	0	0	0	0	0	0	0	0	0	0	0	0	0.000	0.000	0	0	0	0	0	0	0	0	0	0	0
118	118	759	338.738	869.591	263	162	196	105	23	257	259	203	22	8	116.401	134	126	123	120	118	116	114	112	110	108	101	223.170	364	315	290	268	248	224	209	181	151	124	105	0	0	0.000	0.000	0	0	0	0	0	0	0	0	0	0	0	0	0	0.000	0.000	0	0	0	0	0	0	0	0	0	0	0
119	119	2428	1815.896	880.010	541	980	636	214	21	528	1068	559	201	23	1678.727	21604	3956	730	450	372	339	310	271	228	185	120	382.229	4066	848	233	171	155	147	140	132	124	117	102	1	285	1814.023	878.222	0	0	0	10642	0	0	0	1916	0	0	0	1	277	1814.040	877.992	0	0	0	10997	0	0	0	2011	0	0	0
120	120	1523	634.836	887.110	220	450	599	197	25	196	514	479	231	73	1263.471	2068	1789	1646	1554	1450	1332	1205	1063	864	583	192	146.050	191	171	165	159	153	148	142	135	128	118	101	0	0	0.000	0.000	0	0	0	0	0	0	0	0	0	0	0	0	0	0.000	0.000	0	0	0	0	0	0	0	0	0	0	0
121	121	2283	559.847	897.736	254	874	867	229	23	246	822	832	281	51	1024.548	19729	1571	344	223	207	197	188	180	171	157	115	278.877	3067	362	192	178	171	165	159	153	145	135	110	1	175	550.552	900.918	0	0	0	8941	0	0	0	1373	0	0	0	1	158	550.464	900.771	0	0	0	10101	0	0	0	1593	0	0	0
122	122	808	774.532	885.160	105	388	242	48	15	83	400	255	50	7	135.254	160	147	144	141	139	136	133	130	127	122	110	190.444	238	219	213	207	200	195	187	179	170	156	123	0	0	0.000	0.000	0	0	0	0	0	0	0	0	0	0	0	0	0	0.000	0.000	0	0	0	0	0	0	0	0	0	0	0
123	123	2225	828.992	901.293	308	536	763	499	72	288	1027	627	221	18	155.284	2201	151	143	139	136	134	131	128	124	120	104	191.142	308	231	220	209	199	190	182	174	165	152	113	1	37	829.124	918.941	0	0	0	960	0	0	0	234	0	0	0	0	0	0.000	0.000	0	0	0	0	0	0	0	0	0	0	0
124	124	1469	447.764	902.237	226	536	473	191	23	120	388	621	231	81	184.667	243	216	208	202	196	189	183	173	160	144	111	144.268	179	163	158	154	151	146	142	136	130	121	99	0	0	0.000	0.000	0	0	0	0	0	0	0	0	0	0	0	0	0	0.000	0.000	0	0	0	0	0	0	0	0	0	0	0
125	125	881	368.978	906.426	267	258	249	77	17	212	245	273	119	10	119.070	140	128	125	123	121	119	117	115	113	110	103	108.331	123	113	111	110	109	108	107	106	105	104	99	0	0	0.000	0.000	0	0	0	0	0	0	0	0	0	0	0	0	0	0.000	0.000	0	0	0	0	0	0	0	0	0	0	0
126	126	1015	1280.655	906.558	104	285	363	181	64	46	338	408	168	39	180.613	1194	203	177	169	163	158	154	147	141	133	111	145.087	272	166	156	150	146	142	139	135	130	123	105	1	34	1279.930	897.434	0	0	0	649	0	0	0	229	0	0	0	1	15	1279.420	896.268	0	0	0	628	0	0	0	253	0	0	0
127	127	1147	912.486	920.577	174	449	412	63	22	144	459	400	101	11	179.040	248	216	204	195	188	181	174	164	155	140	109	236.984	338	305	286	269	257	244	231	216	190	154	108	0	0	0.000	0.000	0	0	0	0	0	0	0	0	0	0	0	0	0	0.000	0.000	0	0	0	0	0	0	0	0	0	0	0
128	128	1190	1845.326	928.868	246	289	308	247	84	184	387	363	192	44	302.887	416	366	350	337	323	311	298	283	258	226	134	135.225	167	151	146	141	138	135	132	129	125	120	104	0	0	0.000	0.000	0	0	0	0	0	0	0	0	0	0	0	0	0	0.000	0.000	0	0	0	0	0	0	0	0	0	0	0
129	129	2563	604.763	938.735	351	881	857	377	47	339	956	794	366	48	1341.175	2298	1936	1744	1629	1522	1401	1274	1127	912	650	141	150.531	201	177	171	165	158	151	145	138	132	120	101	0	0	0.000	0.000	0	0	0	0	0	0	0	0	0	0	0	0	0	0.000	0.000	0	0	0	0	0	0	0	0	0	0	0
130	130	1836	957.900	944.843	308	430	789	235	28	212	515	798	232	41	214.951	2942	236	219	208	196	186	174	162	151	138	104	156.950	524	197	181	168	157	148	141	134	129	123	107	1	29	945.636	946.568	0	0	0	1587	0	0	0	352	0	0	0	1	29	945.929	946.446	0	0	0	1177	0	0	0	362	0	0	0
131	131	1571	1888.030	948.412	152	607	561	195	24	145	563	561	224	57	1117.435	1585	1433	1336	1263	1208	1148	1086	1019	938	753	339	165.723	211	190	182	177	172	167	162	156	150	140	114	0	0	0.000	0.000	0	0	0	0	0	0	0	0	0	0	0	0	0	0.000	0.000	0	0	0	0	0	0	0	0	0	0	0
132	132	1980	535.883	948.198	416	601	698	210	21	375	829	470	211	41	533.208	14420	582	251	192	178	169	161	153	144	132	106	240.718	2308	274	230	213	202	191	182	173	162	141	109	1	86	545.448	945.542	0	0	0	6294	0	0	0	1117	0	0	0	1	78	545.325	945.195	0	0	0	6880	0	0	0	1168	0	0	0
133	133	1766	1740.034	959.608	947	434	193	107	65	999	419	203	92	30	146.817	269	174	162	154	147	141	137	132	128	123	111	117.612	170	136	121	117	115	114	113	111	110	108	102	0	0	0.000	0.000	0	0	0	0	0	0	0	0	0	0	0	0	0	0.000	0.000	0	0	0	0	0	0	0	0	0	0	0
134	134	2060	876.901	959.124	256	663	758	310	28	208	729	685	325	75	341.563	6903	376	215	196	184	171	158	149	141	134	108	243.779	1662	306	256	234	220	207	192	180	170	156	107	1	86	872.207	946.963	0	0	0	3124	0	0	0	897	0	0	0	1	74	872.409	947.133	0	0	0	3748	0	0	0	1018	0	0	0
135	135	1864	478.858	961.005	291	554	545	389	51	308	793	453	236	38	118.716	155	131	126	122	120	117	115	113	111	109	101	634.117	1253	973	849	779	702	628	551	482	408	302	149	0	0	0.000	0.000	0	0	0	0	0	0	0	0	0	0	0	0	0	0.000	0.000	0	0	0	0	0	0	0	0	0	0	0
136	136	966	390.300	956.251	157	262	251	174	102	173	338	275	130	38	114.536	131	121	119	118	116	115	113	111	110	108	100	354.644	587	503	471	437	399	353	313	271	238	205	152	0	0	0.000	0.000	0	0	0	0	0	0	0	0	0	0	0	0	0	0.000	0.000	0	0	0	0	0	0	0	0	0	0	0
137	137	2222	1825.577	976.839	438	840	629	277	16	328	877	628	278	74	117.067	134	123	121	119	118	117	116	115	113	112	104	159.562	211	185	177	172	167	162	157	151	144	128	106	0	0	0.000	0.000	0	0	0	0	0	0	0	0	0	0	0	0	0	0.000	0.000	0	0	0	0	0	0	0	0	0	0	0
138	138	1908	119.078	978.920	356	503	597	356	62	296	591	625	283	76	584.892	904	760	722	688	655	618	577	529	456	332	128	105.600	120	110	108	107	106	105	105	104	103	102	96	0	0	0.000	0.000	0	0	0	0	0	0	0	0	0	0	0	0	0	0.000	0.000	0	0	0	0	0	0	0	0	0	0	0
139	139	1635	430.627	978.211	374	535	472	184	36	309	719	408	133	27	116.854	134	124	121	120	118	117	116	114	112	110	102	570.051	924	790	742	700	653	592	528	463	395	305	151	0	0	0.000	0.000	0	0	0	0	0	0	0	0	0	0	0	0	0	0.000	0.000	0	0	0	0	0	0	0	0	0	0	0
140	140	1228	634.383	984.662	209	460	400	111	27	299	616	233	54	12	256.413	357	315	299	288	277	267	255	237	213	178	121	119.256	148	132	126	123	120	118	116	114	112	109	101	0	0	0.000	0.000	0	0	0	0	0	0	0	0	0	0	0	0	0	0.000	0.000	0	0	0	0	0	0	0	0	0	0	0
141	141	1583	1772.560	992.669	313	552	527	136	33	366	536	457	161	36	116.783	134	122	120	119	118	117	116	114	113	111	104	152.681	192	170	165	162	158	154	150	146	141	132	104	0	0	0.000	0.000	0	0	0	0	0	0	0	0	0	0	0	0	0	0.000	0.000	0	0	0	0	0	0	0	0	0	0	0
142	142	1583	681.053	998.870	715	752	59	20	13	461	703	302	39	42	273.428	398	346	325	307	290	274	262	248	230	193	118	124.385	153	137	133	129	126	124	121	119	116	113	103	0	0	0.000	0.000	0	0	0	0	0	0	0	0	0	0	0	0	0	0.000	0.000	0	0	0	0	0	0	0	0	0	0	0
143	143	1792	972.467	997.917	516	596	470	157	20	454	682	407	187	35	576.961	14065	612	256	232	221	213	204	192	175	154	111	230.402	2846	237	184	177	171	165	160	153	143	130	104	1	89	983.567	1001.797	0	0	0	5439	0	0	0	1254	0	0	0	1	80	983.391	1001.788	0	0	0	6535	0	0	0	1369	0	0	0
144	144	2227	1884.274	1008.370	218	732	877	307	36	177	915	793	220	68	1100.225	1636	1453	1379	1309	1246	1180	1096	998	805	592	209	170.478	215	196	190	185	180	175	169	161	150	136	106	0	0	0.000	0.000	0	0	0	0	0	0	0	0	0	0	0	0	0	0.000	0.000	0	0	0	0	0	0	0	0	0	0	0
145	145	2660	755.977	1015.654	778	1076	678	70	15	678	1062	636	208	18	336.351	2889	561	309	257	236	221	209	194	172	146	105	163.873	697	191	169	161	155	148	142	136	129	119	102	1	182	748.797	1002.815	0	0	0	1462	0	0	0	352	0	0	0	1	123	749.109	1002.347	0	0	0	1800	0	0	0	431	0	0	0
146	146	1405	873.812	1015.638	210	448	447	256	26	198	480	482	183	40	111.394	125	117	115	113	112	111	110	109	108	106	99	107.359	131	114	110	108	107	106	105	105	104	103	94	0	0	0.000	0.000	0	0	0	0	0	0	0	0	0	0	0	0	0	0.000	0.000	0	0	0	0	0	0	0	0	0	0	0
147	147	991	598.564	1021.025	124	276	310	204	55	191	422	248	91	16	114.845	129	121	119	117	116	115	114	112	111	109	103	158.006	207	186	177	172	165	159	153	146	138	128	109	0	0	0.000	0.000	0	0	0	0	0	0	0	0	0	0	0	0	0	0.000	0.000	0	0	0	0	0	0	0	0	0	0	0
148	148	2375	654.504	1053.805	514	660	832	312	20	430	860	739	262	45	1366.848	20031	1466	1015	944	883	829	774	684	551	393	130	453.203	8705	484	262	239	227	215	204	189	168	147	104	1	118	657.793	1058.854	0	0	0	10483	0	0	0	4303	0	0	0	1	117	657.908	1058.547	0	0	0	10483	0	0	0	4303	0	0	0
149	149	2186	709.607	1039.443	419	1160	493	43	28	515	1267	312	33	17	2431.292	25366	5403	1480	1001	846	738	669	609	528	403	141	824.364	10312	1934	478	291	235	208	192	179	165	146	106	1	269	710.126	1036.707	0	0	0	13627	0	0	0	4508	0	0	0	1	247	709.993	1036.193	0	0	0	14716	0	0	0	4841	0	0	0
150	150	920	508.008	1040.024	145	273	254	196	36	65	277	347	179	40	137.103	173	154	148	144	141	138	135	131	125	118	106	155.588	200	183	176	171	165	160	153	145	136	118	103	0	0	0.000	0.000	0	0	0	0	0	0	0	0	0	0	0	0	0	0.000	0.000	0	0	0	0	0	0	0	0	0	0	0
151	151	1203	1920.752	1043.236	250	388	326	178	42	237	456	362	93	35	136.449	162	148	145	142	140	138	135	131	128	123	113	701.273	1255	1077	954	860	755	682	622	560	463	330	158	0	0	0.000	0.000	0	0	0	0	0	0	0	0	0	0	0	0	0	0.000	0.000	0	0	0	0	0	0	0	0	0	0	0
152	152	1509	910.409	1056.287	345	631	428	60	14	338	724	322	81	15	115.148	129	122	120	118	117	115	114	112	110	108	100	109.713	139	119	114	111	109	108	107	106	105	103	97	0	0	0.000	0.000	0	0	0	0	0	0	0	0	0	0	0	0	0	0.000	0.000	0	0	0	0	0	0	0	0	0	0	0
153	153	1654	589.051	1064.283	532	467	407	172	55	582	743	243	50	16	125.496	151	137	134	131	129	126	123	120	117	113	103	234.741	372	319	300	284	262	238	217	193	168	141	107	0	0	0.000	0.000	0	0	0	0	0	0	0	0	0	0	0	0	0	0.000	0.000	0	0	0	0	0	0	0	0	0	0	0
154	154	1722	477.746	1071.944	189	293	679	430	97	172	524	688	261	43	223.805	5668	232	167	158	153	149	144	139	135	129	109	167.540	656	193	184	177	169	162	156	149	142	131	103	1	33	485.729	1079.397	0	0	0	2693	0	0	0	301	0	0	0	1	32	485.036	1077.731	0	0	0	984	0	0	0	418	0	0	0
155	155	1593	871.321	1083.467	522	682	260	77	23	548	758	183	60	27	118.189	197	125	122	120	118	117	116	114	113	111	102	107.535	123	112	110	109	108	107	106	105	104	103	95	0	0	0.000	0.000	0	0	0	0	0	0	0	0	0	0	0	0	0	0.000	0.000	0	0	0	0	0	0	0	0	0	0	0
156	156	1641	422.012	1074.627	201	341	650	363	59	173	640	588	187	19	146.358	189	164	158	153	150	146	143	139	135	128	109	161.316	223	191	182	174	167	160	154	149	143	134	107	0	0	0.000	0.000	0	0	0	0	0	0	0	0	0	0	0	0	0	0.000	0.000	0	0	0	0	0	0	0	0	0	0	0
157	157	1729	1887.245	1085.977	1259	350	48	26	12	1317	310	55	17	13	131.065	178	146	139	135	132	130	127	125	121	117	104	727.160	1242	1116	1031	932	823	724	643	557	464	319	117	0	0	0.000	0.000	0	0	0	0	0	0	0	0	0	0	0	0	0	0.000	0.000	0	0	0	0	0	0	0	0	0	0	0
158	158	2314	1679.352	1123.873	320	1125	658	146	25	282	1304	509	153	31	2455.343	3705	3320	3157	2983	2776	2569	2354	2115	1785	1354	433	113.414	131	120	118	116	114	113	112	110	109	107	100	0	0	0.000	0.000	0	0	0	0	0	0	0	0	0	0	0	0	0	0.000	0.000	0	0	0	0	0	0	0	0	0	0	0
159	159	2136	83.280	1128.574	286	809	836	153	14	140	456	975	348	182	338.587	496	425	401	384	369	355	337	312	279	220	117	151.415	196	171	166	162	158	154	149	144	137	127	102	0	0	0.000	0.000	0	0	0	0	0	0	0	0	0	0	0	0	0	0.000	0.000	0	0	0	0	0	0	0	0	0	0	0
160	160	1987	1434.853	1137.286	397	633	673	235	20	472	941	428	96	14	716.004	1098	993	956	912	847	765	690	593	460	327	172	196.728	271	243	235	228	216	203	189	174	156	135	106	0	0	0.000	0.000	0	0	0	0	0	0	0	0	0	0	0	0	0	0.000	0.000	0	0	0	0	0	0	0	0	0	0	0
161	161	1939	1632.292	1149.804	349	673	580	252	39	262	801	572	205	60	130.416	210	142	136	133	130	128	127	125	123	120	110	286.371	440	378	352	331	309	291	269	249	226	189	113	0	0	0.000	0.000	0	0	0	0	0	0	0	0	0	0	0	0	0	0.000	0.000	0	0	0	0	0	0	0	0	0	0	0
162	162	1524	138.796	1154.702	143	433	511	341	70	126	444	585	235	109	272.688	370	337	321	310	301	290	274	252	223	180	113	126.075	150	138	135	132	129	127	124	121	118	113	99	0	0	0.000	0.000	0	0	0	0	0	0	0	0	0	0	0	0	0	0.000	0.000	0	0	0	0	0	0	0	0	0	0	0
163	163	2041	1730.413	1162.419	515	780	443	227	38	724	862	289	121	16	1116.697	1887	1529	1423	1349	1272	1168	1068	949	815	595	191	110.693	127	117	114	112	111	110	109	108	107	106	101	0	0	0.000	0.000	0	0	0	0	0	0	0	0	0	0	0	0	0	0.000	0.000	0	0	0	0	0	0	0	0	0	0	0
164	164	884	1857.570	1173.306	720	86	35	20	16	596	161	64	33	21	246.986	415	322	296	278	262	248	231	214	196	170	127	291.818	614	452	370	332	309	283	254	222	195	165	116	0	0	0.000	0.000	0	0	0	0	0	0	0	0	0	0	0	0	0	0.000	0.000	0	0	0	0	0	0	0	0	0	0	0
165	165	1645	1674.109	1183.216	188	522	550	297	51	218	875	340	161	27	2249.318	3396	3031	2921	2805	2642	2422	2174	1869	1552	1128	378	113.196	129	119	117	115	114	113	112	111	110	108	101	0	0	0.000	0.000	0	0	0	0	0	0	0	0	0	0	0	0	0	0.000	0.000	0	0	0	0	0	0	0	0	0	0	0
166	166	1332	459.603	1182.515	361	295	328	258	70	363	423	324	169	28	130.483	155	141	138	136	133	131	128	126	122	119	108	324.674	550	461	409	380	359	335	312	274	228	173	114	0	0	0.000	0.000	0	0	0	0	0	0	0	0	0	0	0	0	0	0.000	0.000	0	0	0	0	0	0	0	0	0	0	0
167	167	2100	611.754	1196.953	479	660	596	275	56	367	858	546	216	76	1576.434	23669	2998	664	363	274	238	221	201	181	153	116	384.897	3519	572	314	278	252	232	216	198	174	148	109	1	214	607.561	1190.926	0	0	0	11232	0	0	0	1573	0	0	0	1	169	607.206	1190.606	0	0	0	14065	0	0	0	1962	0	0	0
168	168	2261	141.050	1207.543	466	711	739	281	23	472	658	670	358	67	299.334	455	384	357	341	325	308	292	271	243	193	117	131.225	162	147	143	139	136	132	128	124	120	114	102	0	0	0.000	0.000	0	0	0	0	0	0	0	0	0	0	0	0	0	0.000	0.000	0	0	0	0	0	0	0	0	0	0	0
169	169	1553	421.108	1208.365	102	316	560	384	160	159	743	394	177	44	145.297	176	160	155	152	149	146	143	140	135	129	111	169.571	227	203	192	183	176	170	165	158	148	136	110	0	0	0.000	0.000	0	0	0	0	0	0	0	0	0	0	0	0	0	0.000	0.000	0	0	0	0	0	0	0	0	0	0	0
170	170	1833	202.645	1211.334	219	420	701	410	53	191	441	703	350	110	274.488	422	347	330	317	304	283	259	238	220	189	123	125.967	152	139	134	131	129	126	124	120	117	113	102	0	0	0.000	0.000	0	0	0	0	0	0	0	0	0	0	0	0	0	0.000	0.000	0	0	0	0	0	0	0	0	0	0	0
171	171	1998	506.923	1218.334	1102	519	216	102	20	852	615	262	157	78	392.514	6159	476	394	365	348	330	313	292	268	226	141	144.020	777	156	149	142	137	133	129	126	122	118	105	0	0	0.000	0.000	0	0	0	0	0	0	0	0	0	0	0	1	59	506.969	1233.134	0	0	0	1350	0	0	0	430	0	0	0
172	172	875	243.316	1232.915	163	276	269	130	22	104	287	275	163	32	235.759	333	289	271	259	248	240	232	222	207	173	117	123.504	146	134	131	129	127	125	122	120	116	111	100	0	0	0.000	0.000	0	0	0	0	0	0	0	0	0	0	0	0	0	0.000	0.000	0	0	0	0	0	0	0	0	0	0	0
173	173	2088	1356.732	1244.444	262	681	749	302	65	270	1110	510	147	20	1429.958	7860	1803	1699	1617	1529	1435	1324	1194	989	728	191	196.239	1136	214	204	198	193	188	181	172	159	138	107	1	29	1354.388	1226.338	0	0	0	6023	0	0	0	771	0	0	0	1	49	1355.040	1225.851	0	0	0	4559	0	0	0	687	0	0	0
174	174	1043	1274.788	1242.185	321	331	254	113	17	255	304	322	123	21	127.231	147	135	132	131	129	127	126	124	122	119	109	321.488	543	480	434	395	353	316	280	249	216	174	117	0	0	0.000	0.000	0	0	0	0	0	0	0	0	0	0	0	0	0	0.000	0.000	0	0	0	0	0	0	0	0	0	0	0
175	175	1656	418.351	1260.205	302	533	531	201	52	257	657	504	189	24	357.004	10477	380	193	170	160	153	148	143	136	129	112	182.481	942	217	201	189	178	170	162	151	140	126	103	1	54	421.542	1269.240	0	0	0	4173	0	0	0	508	0	0	0	1	43	421.786	1269.080	0	0	0	5282	0	0	0	580	0	0	0
176	176	1019	1310.818	1266.359	63	254	361	253	66	68	367	322	173	66	325.338	428	385	369	356	347	336	325	308	287	251	152	116.161	129	122	120	119	117	116	115	114	112	110	100	0	0	0.000	0.000	0	0	0	0	0	0	0	0	0	0	0	0	0	0.000	0.000	0	0	0	0	0	0	0	0	0	0	0
177	177	2406	1414.618	1281.665	1881	362	64	37	34	1796	439	78	40	23	291.256	493	430	400	370	347	323	284	216	138	121	105	118.609	200	126	122	120	118	117	115	113	112	110	101	0	0	0.000	0.000	0	0	0	0	0	0	0	0	0	0	0	0	0	0.000	0.000	0	0	0	0	0	0	0	0	0	0	0
178	178	793	493.374	1287.728	113	191	255	185	41	121	192	290	133	42	142.380	165	154	151	148	146	144	141	138	134	128	112	157.100	192	175	170	167	164	160	156	152	146	133	106	0	0	0.000	0.000	0	0	0	0	0	0	0	0	0	0	0	0	0	0.000	0.000	0	0	0	0	0	0	0	0	0	0	0
179	179	1938	1332.467	1310.947	423	655	526	254	44	346	701	538	242	75	333.343	486	421	401	382	363	347	329	304	272	216	119	115.840	136	125	122	119	117	115	113	112	110	108	102	0	0	0.000	0.000	0	0	0	0	0	0	0	0	0	0	0	0	0	0.000	0.000	0	0	0	0	0	0	0	0	0	0	0
180	180	1171	498.359	1327.810	142	293	432	238	48	149	446	391	142	20	114.655	137	120	118	117	115	114	113	112	111	110	103	111.221	126	117	115	114	112	111	110	109	107	106	98	0	0	0.000	0.000	0	0	0	0	0	0	0	0	0	0	0	0	0	0.000	0.000	0	0	0	0	0	0	0	0	0	0	0
181	181	701	893.993	1350.479	214	189	198	69	15	238	217	179	37	14	115.653	132	122	120	118	117	115	114	113	111	109	103	110.575	122	115	114	113	112	111	110	109	107	106	100	0	0	0.000	0.000	0	0	0	0	0	0	0	0	0	0	0	0	0	0.000	0.000	0	0	0	0	0	0	0	0	0	0	0
182	182	1552	624.179	1423.882	524	542	345	102	16	425	614	373	84	21	120.433	138	128	125	124	122	121	119	117	115	113	101	176.876	242	214	202	193	186	179	170	161	151	138	110	0	0	0.000	0.000	0	0	0	0	0	0	0	0	0	0	0	0	0	0.000	0.000	0	0	0	0	0	0	0	0	0	0	0
183	183	1942	1887.774	1439.600	365	1000	439	92	13	282	933	528	128	33	586.442	12984	661	289	241	230	222	212	203	192	180	122	216.515	1858	245	197	188	180	173	167	159	151	140	111	1	99	1890.118	1452.333	0	0	0	5246	0	0	0	851	0	0	0	1	86	1890.077	1451.753	0	0	0	5390	0	0	0	899	0	0	0
184	184	1926	122.439	1452.859	407	603	564	269	56	356	662	563	270	50	129.319	155	141	138	135	133	131	128	125	120	114	102	146.948	190	172	165	158	153	147	142	137	130	121	102	0	0	0.000	0.000	0	0	0	0	0	0	0	0	0	0	0	0	0	0.000	0.000	0	0	0	0	0	0	0	0	0	0	0
185	185	1091	670.659	1461.757	175	317	345	197	44	193	465	296	84	29	1481.334	2384	2078	1947	1815	1686	1523	1397	1221	1041	794	230	109.552	122	114	112	111	110	109	109	108	107	106	100	0	0	0.000	0.000	0	0	0	0	0	0	0	0	0	0	0	0	0	0.000	0.000	0	0	0	0	0	0	0	0	0	0	0
186	186	1371	1228.531	1462.218	155	435	420	255	74	373	718	237	17	5	274.074	2640	313	288	273	258	246	235	222	208	190	133	133.842	344	148	142	137	133	130	127	124	121	117	108	1	30	1219.763	1466.293	0	0	0	1126	0	0	0	245	0	0	0	1	27	1219.490	1465.411	0	0	0	855	0	0	0	245	0	0	0
187	187	1485	1062.541	1485.270	200	628	494	122	13	143	727	439	109	46	631.189	4834	769	719	674	637	597	557	514	472	393	147	149.831	723	167	157	151	146	141	138	134	129	124	105	1	21	1055.424	1485.942	0	0	0	2901	0	0	0	405	0	0	0	1	30	1056.654	1486.059	0	0	0	1752	0	0	0	422	0	0	0
188	188	826	1528.374	1482.665	426	204	135	28	18	421	250	97	24	27	219.809	295	260	251	240	231	221	213	205	195	175	122	155.483	208	186	175	165	159	155	150	143	137	129	108	0	0	0.000	0.000	0	0	0	0	0	0	0	0	0	0	0	0	0	0.000	0.000	0	0	0	0	0	0	0	0	0	0	0
189	189	2573	100.317	1511.982	292	906	1083	223	11	183	729	1154	390	62	130.095	160	143	139	136	134	131	128	125	121	116	101	148.928	193	174	168	161	155	149	143	137	131	124	103	0	0	0.000	0.000	0	0	0	0	0	0	0	0	0	0	0	0	0	0.000	0.000	0	0	0	0	0	0	0	0	0	0	0
190	190	2083	161.108	1510.627	457	658	724	181	24	197	512	819	380	145	113.747	127	120	118	116	115	114	113	111	110	108	101	105.776	127	110	108	107	106	106	105	104	103	102	97	0	0	0.000	0.000	0	0	0	0	0	0	0	0	0	0	0	0	0	0.000	0.000	0	0	0	0	0	0	0	0	0	0	0
191	191	1461	1094.667	1514.272	413	744	237	32	16	231	762	363	48	26	859.496	9711	1107	885	769	665	607	546	484	423	361	136	183.866	1578	204	169	157	149	143	138	133	128	121	103	1	63	1093.902	1499.967	0	0	0	5206	0	0	0	851	0	0	0	1	72	1093.719	1500.318	0	0	0	4828	0	0	0	761	0	0	0
192	192	1854	1139.629	1528.540	328	501	629	309	60	382	643	582	177	45	130.412	153	141	138	136	134	131	129	127	123	119	103	185.846	249	226	216	205	196	187	178	168	158	145	114	0	0	0.000	0.000	0	0	0	0	0	0	0	0	0	0	0	0	0	0.000	0.000	0	0	0	0	0	0	0	0	0	0	0
193	193	1563	1534.489	1530.598	327	556	484	147	12	239	568	504	191	29	406.257	7376	376	319	303	288	272	251	232	208	168	123	169.345	1065	189	169	159	152	145	140	135	129	123	107	1	65	1519.957	1536.385	0	0	0	3434	0	0	0	451	0	0	0	1	65	1520.693	1536.118	0	0	0	3372	0	0	0	573	0	0	0
194	194	1091	1853.631	1526.327	134	314	395	182	38	122	410	360	132	43	260.385	368	329	312	297	281	264	247	230	211	185	120	138.720	167	155	151	148	144	140	136	131	126	121	108	0	0	0.000	0.000	0	0	0	0	0	0	0	0	0	0	0	0	0	0.000	0.000	0	0	0	0	0	0	0	0	0	0	0
195	195	1743	1903.220	1531.297	161	544	624	336	43	173	850	463	190	41	779.275	13466	903	453	414	382	347	319	293	273	236	134	199.670	1841	230	162	155	149	143	138	134	130	125	107	1	101	1904.090	1517.522	0	0	0	6679	0	0	0	826	0	0	0	1	101	1904.620	1517.883	0	0	0	6679	0	0	0	900	0	0	0
196	196	1872	1591.496	1538.505	542	856	362	57	30	557	894	275	89	32	1023.256	15842	1190	755	667	608	572	543	499	425	339	119	191.689	1783	208	157	150	145	141	136	133	129	123	103	1	96	1578.980	1535.522	0	0	0	8169	0	0	0	900	0	0	0	1	101	1579.029	1535.030	0	0	0	6795	0	0	0	878	0	0	0
197	197	1819	1810.289	1578.737	282	567	615	283	42	272	675	593	190	57	589.269	11368	667	392	339	316	301	288	268	238	206	124	214.840	1926	238	192	181	173	167	161	156	150	140	114	1	82	1799.670	1587.692	0	0	0	5067	0	0	0	991	0	0	0	1	84	1800.041	1587.463	0	0	0	5055	0	0	0	924	0	0	0
198	198	1104	1549.134	1578.705	529	402	116	22	14	532	420	95	29	13	166.487	205	186	180	176	172	169	165	161	154	146	104	148.462	195	174	167	160	155	149	143	138	131	122	101	0	0	0.000	0.000	0	0	0	0	0	0	0	0	0	0	0	0	0	0.000	0.000	0	0	0	0	0	0	0	0	0	0	0
199	199	1409	1067.641	1585.246	171	366	424	328	90	169	617	377	170	50	468.935	6294	519	453	425	401	376	346	316	282	241	150	129.308	565	141	132	126	123	121	119	116	114	111	102	1	37	1069.970	1595.589	0	0	0	3219	0	0	0	229	0	0	0	1	39	1071.521	1595.965	0	0	0	1655	0	0	0	324	0	0	0
200	200	1524	1913.778	1585.290	320	434	377	290	75	268	585	416	173	59	314.167	3380	363	320	303	288	274	261	245	214	169	114	138.845	462	156	146	141	137	134	130	127	123	116	104	1	35	1903.648	1578.880	0	0	0	1742	0	0	0	286	0	0	0	1	33	1902.862	1578.479	0	0	0	1445	0	0	0	291	0	0	0
201	201	1214	1740.102	1585.116	101	384	377	287	42	127	493	377	147	50	215.795	296	268	257	247	234	222	207	191	173	152	114	359.516	529	486	459	436	404	372	337	300	258	216	132	0	0	0.000	0.000	0	0	0	0	0	0	0	0	0	0	0	0	0	0.000	0.000	0	0	0	0	0	0	0	0	0	0	0
202	202	1531	1118.855	1604.312	545	680	201	43	26	463	798	178	35	34	114.770	131	121	119	117	116	115	114	113	111	109	101	113.843	130	120	118	116	115	114	112	111	110	108	101	0	0	0.000	0.000	0	0	0	0	0	0	0	0	0	0	0	0	0	0.000	0.000	0	0	0	0	0	0	0	0	0	0	0
203	203	2229	1262.463	1606.933	558	430	656	476	79	439	532	736	378	113	132.194	159	146	142	139	137	134	130	127	123	116	102	512.430	804	723	690	643	586	529	468	414	361	261	121	0	0	0.000	0.000	0	0	0	0	0	0	0	0	0	0	0	0	0	0.000	0.000	0	0	0	0	0	0	0	0	0	0	0
204	204	1229	1324.031	1628.174	104	463	374	218	43	208	671	202	111	20	170.562	211	196	189	184	178	173	169	161	151	139	114	212.770	291	261	249	239	230	220	209	195	175	150	112	0	0	0.000	0.000	0	0	0	0	0	0	0	0	0	0	0	0	0	0.000	0.000	0	0	0	0	0	0	0	0	0	0	0
205	205	1788	1797.077	1637.255	226	491	615	328	93	130	668	685	213	53	414.248	7181	423	312	286	271	254	240	223	200	174	121	129.525	501	137	129	125	123	120	118	117	114	112	103	1	75	1806.455	1651.034	0	0	0	3070	0	0	0	227	0	0	0	1	69	1807.334	1649.491	0	0	0	2165	0	0	0	305	0	0	0
206	206	1791	1884.768	1639.312	275	625	650	196	19	182	625	662	232	54	395.816	645	536	487	456	431	409	385	355	312	228	105	106.394	120	112	109	108	107	106	105	104	103	102	97	0	0	0.000	0.000	0	0	0	0	0	0	0	0	0	0	0	0	0	0.000	0.000	0	0	0	0	0	0	0	0	0	0	0
207	207	2301	1160.057	1649.085	256	1026	774	178	20	386	1220	531	114	20	113.997	132	122	119	117	115	114	112	111	109	107	98	114.992	133	122	119	118	116	115	113	112	111	109	102	0	0	0.000	0.000	0	0	0	0	0	0	0	0	0	0	0	0	0	0.000	0.000	0	0	0	0	0	0	0	0	0	0	0
208	208	1545	614.151	1660.197	420	480	370	215	32	322	611	379	180	32	403.641	3698	528	456	428	399	367	332	295	254	192	119	333.651	3123	441	386	347	311	277	250	223	190	157	107	1	37	611.747	1658.347	0	0	0	1821	0	0	0	1082	0	0	0	1	43	610.119	1659.392	0	0	0	1003	0	0	0	1594	0	0	0
209	209	1831	1507.341	1664.718	413	674	508	180	31	398	945	352	88	15	332.363	7112	358	262	245	232	221	208	195	178	157	114	379.572	2221	509	446	405	377	354	327	299	265	211	120	1	52	1514.228	1674.885	0	0	0	3166	0	0	0	1182	0	0	0	1	37	1514.547	1674.296	0	0	0	3484	0	0	0	1456	0	0	0
210	210	1324	1255.815	1657.486	147	383	510	197	70	137	621	397	122	28	835.431	1282	1131	1056	994	934	873	790	717	615	495	172	156.310	205	183	177	170	163	156	150	144	137	128	110	0	0	0.000	0.000	0	0	0	0	0	0	0	0	0	0	0	0	0	0.000	0.000	0	0	0	0	0	0	0	0	0	0	0
211	211	1941	940.398	1664.692	398	744	575	163	28	323	1010	396	158	25	115.247	132	121	119	118	116	115	114	113	111	109	101	368.500	577	500	470	446	419	386	352	312	265	204	119	0	0	0.000	0.000	0	0	0	0	0	0	0	0	0	0	0	0	0	0.000	0.000	0	0	0	0	0	0	0	0	0	0	0
212	212	2177	1633.885	1662.697	334	838	709	235	27	377	1203	429	114	19	732.627	17145	866	360	275	255	238	222	209	195	175	129	254.391	3351	281	198	188	179	169	161	152	144	135	112	1	103	1639.126	1654.343	0	0	0	8128	0	0	0	1527	0	0	0	1	98	1639.424	1654.272	0	0	0	8280	0	0	0	1588	0	0	0
213	213	1541	803.882	1674.240	186	565	510	227	30	141	554	571	195	64	286.381	409	358	337	320	307	294	277	258	237	210	124	142.256	191	162	155	150	145	142	139	135	131	124	103	0	0	0.000	0.000	0	0	0	0	0	0	0	0	0	0	0	0	0	0.000	0.000	0	0	0	0	0	0	0	0	0	0	0
214	214	1772	1908.351	1683.422	188	508	639	367	28	141	668	587	266	67	450.943	732	610	558	518	487	461	430	397	344	280	141	106.473	122	112	110	108	107	106	105	104	103	102	96	0	0	0.000	0.000	0	0	0	0	0	0	0	0	0	0	0	0	0	0.000	0.000	0	0	0	0	0	0	0	0	0	0	0
215	215	1203	1684.551	1678.454	138	442	411	166	27	149	374	373	221	70	225.027	285	256	246	240	234	228	222	214	205	188	148	157.446	195	174	169	165	162	159	155	151	147	140	114	0	0	0.000	0.000	0	0	0	0	0	0	0	0	0	0	0	0	0	0.000	0.000	0	0	0	0	0	0	0	0	0	0	0
216	216	2003	1761.509	1681.564	288	683	626	309	48	315	926	500	196	20	1276.593	23017	1530	528	414	380	349	322	293	258	216	148	191.985	2032	207	149	139	133	129	126	123	119	114	103	1	213	1761.989	1666.586	0	0	0	11504	0	0	0	909	0	0	0	1	190	1762.064	1666.155	0	0	0	13323	0	0	0	983	0	0	0
217	217	1529	1290.980	1688.958	229	626	496	137	16	210	806	373	105	10	895.768	9379	1129	849	794	748	690	644	592	533	441	218	169.333	1290	193	162	151	145	141	136	130	126	121	104	1	57	1291.624	1680.586	0	0	0	4919	0	0	0	679	0	0	0	1	54	1291.655	1680.769	0	0	0	5294	0	0	0	700	0	0	0
218	218	1030	878.104	1689.960	122	305	333	210	42	184	496	204	116	14	285.711	402	353	333	322	310	296	280	257	235	201	145	138.236	165	153	148	145	142	139	136	132	128	123	107	0	0	0.000	0.000	0	0	0	0	0	0	0	0	0	0	0	0	0	0.000	0.000	0	0	0	0	0	0	0	0	0	0	0
219	219	742	1336.377	1688.808	88	260	214	138	35	41	273	298	84	28	652.418	941	843	774	726	684	647	616	585	548	483	208	142.213	169	156	152	149	146	144	140	137	132	127	108	0	0	0.000	0.000	0	0	0	0	0	0	0	0	0	0	0	0	0	0.000	0.000	0	0	0	0	0	0	0	0	0	0	0
220	220	1655	646.834	1696.459	305	575	560	155	25	170	617	539	211	77	1112.749	1788	1512	1388	1313	1259	1191	1106	990	830	584	171	135.705	170	152	147	143	139	136	132	129	126	119	105	0	0	0.000	0.000	0	0	0	0	0	0	0	0	0	0	0	0	0	0.000	0.000	0	0	0	0	0	0	0	0	0	0	0
221	221	1806	835.678	1710.404	354	707	521	187	12	283	883	435	160	11	334.556	508	416	393	379	366	350	330	308	272	219	124	145.096	185	163	157	153	150	147	143	139	133	123	106	0	0	0.000	0.000	0	0	0	0	0	0	0	0	0	0	0	0	0	0.000	0.000	0	0	0	0	0	0	0	0	0	0	0
222	222	1308	1480.740	1704.997	370	407	343	153	17	342	563	278	100	14	451.287	777	668	613	558	504	457	416	370	309	202	112	113.244	131	120	118	116	115	113	112	110	109	107	99	0	0	0.000	0.000	0	0	0	0	0	0	0	0	0	0	0	0	0	0.000	0.000	0	0	0	0	0	0	0	0	0	0	0
223	223	2046	919.945	1715.751	344	743	650	253	23	215	793	656	252	84	115.042	131	122	119	118	116	115	114	112	111	108	100	321.966	518	433	403	379	357	332	302	264	234	196	133	0	0	0.000	0.000	0	0	0	0	0	0	0	0	0	0	0	0	0	0.000	0.000	0	0	0	0	0	0	0	0	0	0	0
224	224	971	1369.974	1712.855	171	293	221	198	71	239	427	127	113	42	180.786	221	204	198	194	190	186	181	175	165	146	115	224.907	286	268	260	253	246	238	230	213	188	152	108	0	0	0.000	0.000	0	0	0	0	0	0	0	0	0	0	0	0	0	0.000	0.000	0	0	0	0	0	0	0	0	0	0	0
225	225	1744	1648.173	1718.706	120	474	538	409	168	190	714	579	192	31	377.632	7303	417	261	244	232	224	216	207	197	181	133	173.425	1019	192	176	168	162	156	151	146	140	132	107	1	65	1645.244	1730.158	0	0	0	3292	0	0	0	315	0	0	0	1	56	1647.111	1729.848	0	0	0	1730	0	0	0	561	0	0	0
226	226	853	1699.400	1718.430	97	402	222	93	21	188	416	187	31	9	200.584	260	229	218	213	208	203	198	193	184	169	124	153.198	186	169	165	162	158	155	151	147	142	134	111	0	0	0.000	0.000	0	0	0	0	0	0	0	0	0	0	0	0	0	0.000	0.000	0	0	0	0	0	0	0	0	0	0	0
227	227	733	1742.943	1733.613	61	308	223	107	24	33	352	251	74	7	256.547	316	297	289	282	273	263	251	237	222	208	165	125.847	156	141	135	131	127	125	122	119	117	113	105	0	0	0.000	0.000	0	0	0	0	0	0	0	0	0	0	0	0	0	0.000	0.000	0	0	0	0	0	0	0	0	0	0	0
228	228	693	1818.368	1733.888	139	191	160	150	39	125	256	162	99	36	421.691	613	563	534	507	475	445	406	356	313	239	145	109.247	122	115	113	111	110	109	108	107	106	104	99	0	0	0.000	0.000	0	0	0	0	0	0	0	0	0	0	0	0	0	0.000	0.000	0	0	0	0	0	0	0	0	0	0	0
229	229	954	1478.968	1745.842	183	282	298	149	18	158	293	264	179	37	210.157	905	234	211	202	197	193	188	183	177	169	141	134.381	242	143	139	137	134	133	131	129	127	124	111	1	32	1464.328	1736.346	0	0	0	556	0	0	0	175	0	0	0	0	0	0.000	0.000	0	0	0	0	0	0	0	0	0	0	0
230	230	737	1587.484	1744.682	341	260	89	21	16	365	258	81	17	8	129.720	159	143	140	137	135	132	129	124	118	112	103	181.308	268	227	216	210	203	195	183	154	131	118	104	0	0	0.000	0.000	0	0	0	0	0	0	0	0	0	0	0	0	0	0.000	0.000	0	0	0	0	0	0	0	0	0	0	0
231	231	1962	1333.946	1759.271	310	571	584	394	59	207	658	639	317	93	417.420	10204	428	230	217	210	202	191	175	158	134	103	148.174	843	155	148	144	140	137	132	127	119	110	98	1	75	1339.523	1769.928	0	0	0	4409	0	0	0	349	0	0	0	1	66	1339.323	1771.230	0	0	0	3263	0	0	0	487	0	0	0
232	232	2556	537.693	1761.670	1276	1005	176	43	11	1000	1109	290	78	41	1265.004	5387	1669	1586	1509	1425	1356	1258	1128	882	571	156	197.259	1072	228	220	212	205	196	187	175	158	137	106	0	0	0.000	0.000	0	0	0	0	0	0	0	0	0	0	0	1	35	548.348	1781.878	0	0	0	3279	0	0	0	670	0	0	0
233	233	1753	860.896	1763.262	301	462	571	319	68	236	671	558	211	41	111.963	124	117	115	114	113	112	111	110	108	107	100	199.072	289	249	235	225	217	209	198	182	160	128	102	0	0	0.000	0.000	0	0	0	0	0	0	0	0	0	0	0	0	0	0.000	0.000	0	0	0	0	0	0	0	0	0	0	0
234	234	1350	1714.157	1764.988	160	442	432	236	50	153	540	387	200	38	644.325	962	811	749	713	681	646	616	583	536	475	267	106.290	118	110	109	108	107	106	105	104	104	103	96	0	0	0.000	0.000	0	0	0	0	0	0	0	0	0	0	0	0	0	0.000	0.000	0	0	0	0	0	0	0	0	0	0	0
235	235	1492	1874.685	1764.968	232	438	413	262	125	336	610	322	164	37	126.924	150	139	135	132	130	127	125	122	119	114	100	103.975	114	107	106	105	104	104	103	103	102	101	96	0	0	0.000	0.000	0	0	0	0	0	0	0	0	0	0	0	0	0	0.000	0.000	0	0	0	0	0	0	0	0	0	0	0
236	236	2294	477.315	1771.080	457	807	706	262	24	323	849	720	282	75	1396.942	2046	1866	1796	1708	1593	1467	1343	1180	1027	773	320	199.279	278	246	234	224	212	200	190	178	165	150	111	0	0	0.000	0.000	0	0	0	0	0	0	0	0	0	0	0	0	0	0.000	0.000	0	0	0	0	0	0	0	0	0	0	0
237	237	1364	1762.812	1772.885	154	517	453	200	18	102	683	416	121	17	1332.564	5561	1843	1643	1510	1390	1276	1150	1045	978	808	286	180.503	606	224	204	193	181	170	160	152	146	139	110	1	11	1760.312	1776.973	0	0	0	4488	0	0	0	485	0	0	0	1	33	1760.323	1775.743	0	0	0	2993	0	0	0	397	0	0	0
238	238	659	758.240	1764.080	347	117	101	66	21	251	171	128	84	15	157.809	214	191	183	175	167	159	153	143	131	121	107	293.730	458	409	378	352	329	307	284	245	206	154	115	0	0	0.000	0.000	0	0	0	0	0	0	0	0	0	0	0	0	0	0.000	0.000	0	0	0	0	0	0	0	0	0	0	0
239	239	1531	1808.569	1777.799	162	557	528	243	16	142	666	475	196	20	518.965	727	659	627	600	577	553	517	469	407	327	160	110.730	129	117	114	113	111	110	109	108	107	105	100	0	0	0.000	0.000	0	0	0	0	0	0	0	0	0	0	0	0	0	0.000	0.000	0	0	0	0	0	0	0	0	0	0	0
240	240	1068	1633.605	1774.840	661	320	40	20	16	683	277	60	19	10	464.386	772	650	589	532	497	458	422	389	356	288	172	106.215	118	110	109	108	107	106	105	104	104	103	98	0	0	0.000	0.000	0	0	0	0	0	0	0	0	0	0	0	0	0	0.000	0.000	0	0	0	0	0	0	0	0	0	0	0
241	241	1101	1512.746	1777.401	168	397	325	176	16	189	554	203	120	14	206.876	283	250	239	228	218	210	202	192	178	154	120	140.434	169	156	152	148	145	142	138	134	129	124	106	0	0	0.000	0.000	0	0	0	0	0	0	0	0	0	0	0	0	0	0.000	0.000	0	0	0	0	0	0	0	0	0	0	0
242	242	1704	1568.182	1786.829	291	683	533	143	23	174	900	479	102	21	428.883	9814	482	240	208	197	188	182	174	165	150	119	214.094	1538	234	207	198	191	186	179	173	162	149	111	1	71	1572.711	1794.040	0	0	0	4215	0	0	0	734	0	0	0	1	54	1572.809	1793.897	0	0	0	5598	0	0	0	932	0	0	0
243	243	846	1243.325	1784.845	76	337	281	114	16	125	381	192	109	25	164.300	204	185	180	175	170	166	162	157	150	141	112	193.491	248	227	221	215	210	203	195	182	165	140	107	0	0	0.000	0.000	0	0	0	0	0	0	0	0	0	0	0	0	0	0.000	0.000	0	0	0	0	0	0	0	0	0	0	0
244	244	2049	1375.181	1793.598	421	780	551	214	39	401	934	513	137	26	114.709	130	121	119	117	116	115	114	112	111	109	101	159.325	202	183	177	172	168	161	154	147	141	134	105	0	0	0.000	0.000	0	0	0	0	0	0	0	0	0	0	0	0	0	0.000	0.000	0	0	0	0	0	0	0	0	0	0	0
245	245	668	1935.390	1795.040	135	301	182	30	8	79	221	240	98	16	666.298	936	869	833	791	743	693	640	581	502	408	228	137.126	167	155	150	145	142	138	134	130	125	119	104	0	0	0.000	0.000	0	0	0	0	0	0	0	0	0	0	0	0	0	0.000	0.000	0	0	0	0	0	0	0	0	0	0	0
246	246	1597	704.616	1806.705	254	402	480	312	117	196	527	501	268	84	110.396	122	115	114	112	111	110	109	108	107	106	101	136.865	164	150	146	143	141	139	136	132	128	121	104	0	0	0.000	0.000	0	0	0	0	0	0	0	0	0	0	0	0	0	0.000	0.000	0	0	0	0	0	0	0	0	0	0	0
247	247	1832	1281.292	1813.137	173	448	591	451	126	170	555	613	323	134	303.055	6238	333	223	200	190	184	178	170	158	142	115	205.236	826	250	231	218	204	195	185	177	166	143	108	1	56	1282.598	1801.571	0	0	0	2716	0	0	0	328	0	0	0	1	43	1281.344	1798.790	0	0	0	869	0	0	0	549	0	0	0
248	248	2479	1726.765	1819.990	389	1162	689	173	20	360	1334	567	149	27	1546.368	6065	2094	1904	1755	1670	1580	1457	1308	1124	884	280	184.567	607	216	204	195	188	182	176	168	156	142	104	0	0	0.000	0.000	0	0	0	0	0	0	0	0	0	0	0	1	30	1708.779	1810.147	0	0	0	3899	0	0	0	455	0	0	0
249	249	1650	1890.805	1812.337	292	567	480	228	44	255	735	424	154	51	136.391	167	151	146	143	140	137	134	130	127	121	104	104.678	115	108	107	106	105	104	104	103	102	101	97	0	0	0.000	0.000	0	0	0	0	0	0	0	0	0	0	0	0	0	0.000	0.000	0	0	0	0	0	0	0	0	0	0	0
250	250	1785	543.209	1814.605	223	516	606	341	68	190	807	524	183	40	732.385	1088	935	884	852	812	772	718	651	575	488	181	163.558	207	187	181	176	171	166	160	154	146	137	107	0	0	0.000	0.000	0	0	0	0	0	0	0	0	0	0	0	0	0	0.000	0.000	0	0	0	0	0	0	0	0	0	0	0
251	251	868	1330.933	1811.668	77	229	259	195	94	91	351	274	120	19	111.379	127	117	115	114	112	111	110	109	108	106	99	147.560	184	165	161	157	154	150	146	140	134	125	109	0	0	0.000	0.000	0	0	0	0	0	0	0	0	0	0	0	0	0	0.000	0.000	0	0	0	0	0	0	0	0	0	0	0
252	252	1860	1416.057	1828.347	378	661	601	148	32	335	979	431	77	13	112.372	126	117	116	115	113	112	111	110	109	107	100	155.977	221	187	179	171	163	154	147	140	135	126	104	0	0	0.000	0.000	0	0	0	0	0	0	0	0	0	0	0	0	0	0.000	0.000	0	0	0	0	0	0	0	0	0	0	0
253	253	1912	908.682	1832.850	390	881	523	70	11	243	933	528	158	11	390.411	9269	397	242	228	218	208	197	186	174	152	106	157.413	1308	162	147	141	138	135	132	129	125	119	104	1	64	895.268	1840.888	0	0	0	4338	0	0	0	559	0	0	0	1	58	894.967	1841.712	0	0	0	4338	0	0	0	665	0	0	0
254	254	1312	1529.182	1821.216	107	351	531	238	70	166	598	342	146	35	181.740	1464	196	181	176	172	168	165	159	152	141	105	179.134	363	207	200	192	186	179	174	167	160	146	112	1	31	1539.751	1810.833	0	0	0	584	0	0	0	225	0	0	0	0	0	0.000	0.000	0	0	0	0	0	0	0	0	0	0	0
255	255	1735	301.163	1835.161	244	599	557	257	33	179	673	565	224	60	186.376	2232	198	176	170	165	159	153	146	139	130	111	188.312	459	230	219	206	194	184	175	167	156	142	111	1	35	308.716	1836.581	0	0	0	1048	0	0	0	340	0	0	0	1	16	309.075	1836.364	0	0	0	1522	0	0	0	391	0	0	0
256	256	1311	1478.064	1834.542	580	620	59	17	9	519	639	86	22	13	460.799	687	576	545	522	502	484	463	432	377	296	147	138.789	174	156	152	147	143	139	135	132	127	121	102	0	0	0.000	0.000	0	0	0	0	0	0	0	0	0	0	0	0	0	0.000	0.000	0	0	0	0	0	0	0	0	0	0	0
257	257	1171	1577.257	1836.066	108	263	470	229	80	88	482	452	113	19	126.295	144	134	132	130	129	127	125	123	120	116	105	190.449	258	232	220	209	199	190	180	173	164	152	112	0	0	0.000	0.000	0	0	0	0	0	0	0	0	0	0	0	0	0	0.000	0.000	0	0	0	0	0	0	0	0	0	0	0
258	258	2726	788.627	1850.500	793	833	711	304	34	686	864	751	319	60	314.069	10369	248	187	178	172	167	163	159	152	139	110	386.463	1364	476	444	422	402	385	370	348	314	249	143	1	69	804.532	1857.878	0	0	0	4274	0	0	0	865	0	0	0	1	24	804.128	1856.520	0	0	0	6779	0	0	0	1117	0	0	0
259	259	2026	671.085	1851.808	351	689	668	239	34	242	533	793	350	62	113.695	128	120	118	116	115	114	113	111	110	108	97	152.993	199	179	172	165	160	154	149	142	134	124	104	0	0	0.000	0.000	0	0	0	0	0	0	0	0	0	0	0	0	0	0.000	0.000	0	0	0	0	0	0	0	0	0	0	0
260	260	943	1860.196	1847.088	166	283	258	169	44	180	392	252	76	25	590.266	877	762	720	689	661	622	589	541	465	344	154	115.329	136	125	121	119	117	115	113	111	109	107	101	0	0	0.000	0.000	0	0	0	0	0	0	0	0	0	0	0	0	0	0.000	0.000	0	0	0	0	0	0	0	0	0	0	0
261	261	1890	177.385	1858.105	347	539	601	294	79	283	601	566	297	107	1194.922	18394	2229	614	364	287	254	231	211	187	156	106	288.574	2766	463	214	190	177	166	156	146	138	127	103	1	171	173.220	1851.374	0	0	0	9072	0	0	0	1261	0	0	0	1	161	173.160	1851.557	0	0	0	9240	0	0	0	1376	0	0	0
262	262	2121	1521.824	1875.109	322	834	668	231	25	151	951	705	232	46	769.972	14336	807	604	542	485	441	411	389	363	320	152	188.518	2261	192	152	147	144	141	138	135	131	123	103	1	85	1530.602	1870.463	0	0	0	6357	0	0	0	971	0	0	0	1	80	1530.622	1870.792	0	0	0	7005	0	0	0	1025	0	0	0
263	263	945	1753.456	1862.845	213	254	229	176	56	149	250	255	221	50	533.628	700	637	615	600	586	571	548	509	441	368	222	112.499	127	119	117	115	114	112	111	110	108	106	98	0	0	0.000	0.000	0	0	0	0	0	0	0	0	0	0	0	0	0	0.000	0.000	0	0	0	0	0	0	0	0	0	0	0
264	264	1989	1461.268	1884.012	654	735	417	120	29	765	873	270	42	6	113.598	129	120	118	117	115	114	112	111	109	107	100	107.247	123	113	110	109	108	107	106	105	104	103	95	0	0	0.000	0.000	0	0	0	0	0	0	0	0	0	0	0	0	0	0.000	0.000	0	0	0	0	0	0	0	0	0	0	0
265	265	1719	1576.035	1886.233	223	450	531	386	92	197	542	554	329	62	153.892	1626	153	142	138	135	133	130	127	124	119	105	205.062	389	251	240	230	219	206	193	179	166	155	122	1	43	1567.589	1890.184	0	0	0	727	0	0	0	220	0	0	0	0	0	0.000	0.000	0	0	0	0	0	0	0	0	0	0	0
266	266	1968	289.041	1883.532	407	725	474	277	48	393	756	479	261	43	452.812	10724	546	241	198	187	179	171	162	152	136	113	219.222	1479	251	218	206	196	190	184	174	158	141	106	1	89	284.951	1871.570	0	0	0	4399	0	0	0	697	0	0	0	1	74	285.646	1871.379	0	0	0	5315	0	0	0	876	0	0	0
267	267	1171	423.513	1885.305	245	446	307	138	18	167	372	393	178	36	122.437	142	131	128	126	124	123	121	119	117	114	105	140.306	170	159	154	149	144	140	136	132	127	122	105	0	0	0.000	0.000	0	0	0	0	0	0	0	0	0	0	0	0	0	0.000	0.000	0	0	0	0	0	0	0	0	0	0	0
268	268	2344	1840.755	1892.107	511	964	658	143	26	447	1058	567	188	36	1253.567	2077	1769	1631	1509	1420	1345	1246	1105	889	542	155	106.808	121	112	110	108	107	106	105	105	104	102	95	0	0	0.000	0.000	0	0	0	0	0	0	0	0	0	0	0	0	0	0.000	0.000	0	0	0	0	0	0	0	0	0	0	0
269	269	1370	1700.481	1894.836	81	388	481	288	97	111	696	390	126	19	530.472	763	683	645	612	582	553	526	493	429	325	153	147.670	183	168	162	157	152	147	143	140	135	127	107	0	0	0.000	0.000	0	0	0	0	0	0	0	0	0	0	0	0	0	0.000	0.000	0	0	0	0	0	0	0	0	0	0	0
270	270	2413	1907.432	1909.752	372	634	761	488	117	360	858	732	351	75	1544.076	2455	2149	2002	1882	1772	1642	1493	1303	1069	749	310	107.279	136	116	110	108	107	106	105	104	103	102	96	0	0	0.000	0.000	0	0	0	0	0	0	0	0	0	0	0	0	0	0.000	0.000	0	0	0	0	0	0	0	0	0	0	0
271	271	862	168.411	1908.371	62	235	268	217	58	40	300	317	159	27	183.284	248	220	212	204	195	187	179	170	156	136	107	143.524	182	166	162	156	151	146	140	134	125	115	102	0	0	0.000	0.000	0	0	0	0	0	0	0	0	0	0	0	0	0	0.000	0.000	0	0	0	0	0	0	0	0	0	0	0
272	272	1784	1745.603	1913.821	323	649	521	235	23	194	814	439	245	61	233.946	2525	267	216	206	198	192	185	177	166	150	109	324.602	1250	417	381	360	340	320	297	273	244	196	107	1	50	1740.254	1909.212	0	0	0	1284	0	0	0	525	0	0	0	1	23	1739.894	1905.141	0	0	0	495	0	0	0	941	0	0	0
273	273	1547	1423.037	1927.337	186	439	405	381	102	218	605	457	208	30	110.542	126	116	115	113	112	111	109	108	106	104	97	106.741	119	112	110	108	107	106	105	105	104	103	95	0	0	0.000	0.000	0	0	0	0	0	0	0	0	0	0	0	0	0	0.000	0.000	0	0	0	0	0	0	0	0	0	0	0
274	274	1389	1599.892	1930.217	138	412	556	239	29	122	616	449	149	23	130.637	153	142	139	136	134	132	130	127	123	117	102	201.621	259	235	227	219	212	206	200	192	179	158	116	0	0	0.000	0.000	0	0	0	0	0	0	0	0	0	0	0	0	0	0.000	0.000	0	0	0	0	0	0	0	0	0	0	0
275	275	2606	1539.918	1938.895	495	991	728	303	33	500	1343	516	192	9	140.093	1830	144	140	137	134	132	129	126	122	115	101	192.683	308	241	229	218	207	196	184	175	158	134	105	1	32	1538.031	1915.452	0	0	0	774	0	0	0	213	0	0	0	0	0	0.000	0.000	0	0	0	0	0	0	0	0	0	0	0
276	276	798	1464.894	1931.721	304	183	198	87	14	329	237	150	56	9	110.494	124	117	115	113	112	111	109	108	106	104	97	110.049	125	117	115	112	111	110	108	107	105	104	99	0	0	0.000	0.000	0	0	0	0	0	0	0	0	0	0	0	0	0	0.000	0.000	0	0	0	0	0	0	0	0	0	0	0
277	277	1624	1817.810	1937.998	246	530	497	265	57	159	672	523	201	42	225.896	2298	243	222	213	206	199	190	180	165	143	111	148.665	335	170	162	156	151	146	142	138	132	123	105	1	38	1802.890	1924.738	0	0	0	1149	0	0	0	224	0	0	0	1	17	1803.662	1925.357	0	0	0	1753	0	0	0	296	0	0	0
278	278	2052	976.632	1942.189	249	791	705	235	33	187	993	573	235	36	1993.174	3401	2999	2743	2504	2247	2034	1826	1567	1265	911	269	110.212	126	116	114	113	111	110	109	108	106	105	97	0	0	0.000	0.000	0	0	0	0	0	0	0	0	0	0	0	0	0	0.000	0.000	0	0	0	0	0	0	0	0	0	0	0
279	279	1544	1103.598	1941.284	300	597	408	160	43	490	697	235	73	16	534.293	10933	695	288	238	222	209	199	188	179	167	131	245.418	1210	298	273	251	235	221	209	197	182	163	120	1	81	1116.720	1941.798	0	0	0	4721	0	0	0	624	0	0	0	1	52	1117.124	1941.534	0	0	0	6989	0	0	0	832	0	0	0
280	280	1801	617.208	1947.057	239	610	555	318	48	241	830	452	230	11	317.193	472	401	378	361	346	325	300	276	256	227	129	104.615	120	108	107	106	105	104	104	103	103	102	96	0	0	0.000	0.000	0	0	0	0	0	0	0	0	0	0	0	0	0	0.000	0.000	0	0	0	0	0	0	0	0	0	0	0
281	281	1409	740.005	1952.620	607	401	259	104	19	558	511	266	43	10	120.104	140	130	127	125	123	121	118	116	113	110	100	196.825	294	243	229	221	213	201	190	174	159	143	111	0	0	0.000	0.000	0	0	0	0	0	0	0	0	0	0	0	0	0	0.000	0.000	0	0	0	0	0	0	0	0	0	0	0
282	282	2581	1036.917	1958.887	283	796	1025	386	55	180	675	1054	486	144	1779.763	3000	2423	2260	2121	1996	1873	1696	1503	1277	996	316	110.334	129	115	114	112	111	110	109	108	107	106	98	0	0	0.000	0.000	0	0	0	0	0	0	0	0	0	0	0	0	0	0.000	0.000	0	0	0	0	0	0	0	0	0	0	0
283	283	2149	1700.666	1952.112	321	712	655	353	70	336	924	509	281	57	511.650	11831	597	293	227	201	188	182	174	165	145	107	362.138	3367	468	359	323	306	289	268	246	220	155	112	1	96	1705.098	1949.272	0	0	0	5185	0	0	0	1685	0	0	0	1	89	1704.307	1948.100	0	0	0	3491	0	0	0	1899	0	0	0
284	284	2174	1762.445	1965.905	380	755	731	242	27	355	1198	471	96	8	842.971	15963	1265	447	298	256	233	216	200	182	155	109	248.944	2607	345	199	175	164	155	147	139	129	113	100	1	144	1758.248	1966.579	0	0	0	7360	0	0	0	1142	0	0	0	1	140	1758.092	1965.228	0	0	0	5486	0	0	0	1274	0	0	0
285	285	2583	1160.962	1976.641	985	731	637	165	28	910	805	620	173	36	853.074	1952	1486	1316	1183	1082	946	736	497	220	133	105	114.429	230	122	117	115	113	112	111	110	108	107	99	0	0	0.000	0.000	0	0	0	0	0	0	0	0	0	0	0	0	0	0.000	0.000	0	0	0	0	0	0	0	0	0	0	0
286	286	1301	1896.114	1965.934	264	473	404	124	14	187	550	346	173	17	455.760	689	588	563	537	512	482	448	408	356	268	126	142.228	188	166	160	155	149	144	138	132	124	116	99	0	0	0.000	0.000	0	0	0	0	0	0	0	0	0	0	0	0	0	0.000	0.000	0	0	0	0	0	0	0	0	0	0	0
287	287	1075	1206.174	1978.028	421	332	232	64	9	279	380	211	123	62	118.333	148	132	127	123	120	117	114	112	110	107	102	849.150	2315	1535	1258	1059	920	825	684	527	352	220	126	0	0	0.000	0.000	0	0	0	0	0	0	0	0	0	0	0	0	0	0.000	0.000	0	0	0	0	0	0	0	0	0	0	0
