 	cell	area	x	y	BFI_lev_b1	BFI_lev_b2	BFI_lev_b3	BFI_lev_b4	BFI_lev_b5	BFO_lev_b1	BFO_lev_b2	BFO_lev_b3	BFO_lev_b4	BFO_lev_b5	GFP_int_mean	GFP_int_b0	GFP_int_b1	GFP_int_b2	GFP_int_b3	GFP_int_b4	GFP_int_b5	GFP_int_b6	GFP_int_b7	GFP_int_b8	GFP_int_b9	GFP_int_b10	RFP_int_mean	RFP_int_b0	RFP_int_b1	RFP_int_b2	RFP_int_b3	RFP_int_b4	RFP_int_b5	RFP_int_b6	RFP_int_b7	RFP_int_b8	RFP_int_b9	RFP_int_b10	inGFPnfoci	f1_inGFParea	f1_inGFPx	f1_inGFPy	f2_inGFParea	f2_inGFPx	f2_inGFPy	f1_inGFP_toGFPmed	f1_inGFP_toGFPmean	f2_inGFP_toGFPmed	f2_inGFP_toGFPmean	f1_inGFP_toRFPmed	f1_inGFP_toRFPmean	f2_inGFP_toRFPmed	f2_inGFP_toRFPmean	inRFPnfoci	f1_inRFParea	f1_inRFPx	f1_inRFPy	f2_inRFParea	f2_inRFPx	f2_inRFPy	f1_inRFP_toGFPmed	f1_inRFP_toGFPmean	f2_inRFP_toGFPmed	f2_inRFP_toGFPmean	f1_inRFP_toRFPmed	f1_inRFP_toRFPmean	f2_inRFP_toRFPmed	f2_inRFP_toRFPmean
1	1	2650	744.886	86.286	505	979	866	225	24	442	1028	914	192	25	112.381	129	118	117	115	114	113	111	110	108	106	99	236.678	385	334	303	277	253	235	216	196	171	138	106	0	0	0.000	0.000	0	0	0	0	0	0	0	0	0	0	0	0	0	0.000	0.000	0	0	0	0	0	0	0	0	0	0	0
2	2	2707	514.809	100.876	887	1516	227	19	9	394	1213	804	223	23	4011.403	31553	13049	2849	1826	1557	1415	1303	1149	966	667	227	1340.679	14403	4167	828	414	304	271	252	233	209	169	114	1	444	514.157	106.728	0	0	0	18089	0	0	0	5586	0	0	0	1	374	513.898	104.797	0	0	0	19036	0	0	0	7118	0	0	0
3	3	1199	1066.739	84.781	403	381	215	124	57	449	422	201	82	24	643.446	11036	1046	393	284	256	241	228	217	199	171	117	156.726	921	201	144	137	132	126	122	119	116	112	101	1	77	1060.484	77.304	0	0	0	4647	0	0	0	474	0	0	0	1	75	1060.490	76.479	0	0	0	3726	0	0	0	477	0	0	0
4	4	2060	625.372	98.753	358	674	582	332	78	307	764	652	269	35	851.426	10095	898	751	714	685	647	606	568	509	400	171	168.336	1114	181	155	151	147	143	138	134	129	123	101	1	82	637.558	102.261	0	0	0	5455	0	0	0	661	0	0	0	1	97	636.818	102.104	0	0	0	4513	0	0	0	583	0	0	0
5	5	1280	1741.172	93.841	179	353	435	233	39	146	393	517	183	20	397.301	575	519	489	462	432	408	380	351	311	258	148	133.125	167	149	145	141	137	134	130	126	121	116	101	0	0	0.000	0.000	0	0	0	0	0	0	0	0	0	0	0	0	0	0.000	0.000	0	0	0	0	0	0	0	0	0	0	0
6	6	1633	1613.851	100.710	300	567	523	191	21	191	691	502	202	16	440.145	9641	556	267	223	200	190	183	175	164	148	102	173.911	1814	206	143	135	131	128	125	122	119	114	99	1	74	1621.255	92.295	0	0	0	4179	0	0	0	841	0	0	0	1	74	1621.316	91.936	0	0	0	4179	0	0	0	841	0	0	0
7	7	1498	1663.633	104.894	212	421	508	297	27	118	328	539	363	115	190.307	246	214	207	201	197	192	188	183	176	164	119	127.971	152	138	135	132	130	129	126	124	121	117	105	0	0	0.000	0.000	0	0	0	0	0	0	0	0	0	0	0	0	0	0.000	0.000	0	0	0	0	0	0	0	0	0	0	0
8	8	1183	1268.559	102.645	432	363	222	125	25	439	371	263	80	7	1137.505	1536	1432	1380	1324	1252	1187	1116	1021	906	754	300	158.674	194	176	171	167	164	161	157	152	147	139	109	0	0	0.000	0.000	0	0	0	0	0	0	0	0	0	0	0	0	0	0.000	0.000	0	0	0	0	0	0	0	0	0	0	0
9	9	1220	850.858	110.989	208	341	330	262	57	233	432	338	176	28	366.047	6294	407	269	235	224	216	208	198	187	166	118	171.176	850	205	171	161	156	151	146	141	136	129	109	1	51	845.628	123.502	0	0	0	2806	0	0	0	466	0	0	0	1	51	845.888	123.072	0	0	0	2235	0	0	0	496	0	0	0
10	10	1739	568.965	122.455	179	496	534	373	127	160	774	509	221	34	264.333	4921	254	198	189	184	178	172	165	157	148	113	159.143	535	178	169	163	159	155	150	144	138	130	104	1	57	580.777	125.449	0	0	0	2068	0	0	0	313	0	0	0	1	35	580.905	125.482	0	0	0	2728	0	0	0	385	0	0	0
11	11	2637	1010.348	133.174	794	940	641	196	26	728	1202	497	149	14	115.391	131	122	119	118	117	115	114	113	111	109	99	413.578	669	593	553	503	464	421	373	326	286	227	115	0	0	0.000	0.000	0	0	0	0	0	0	0	0	0	0	0	0	0	0.000	0.000	0	0	0	0	0	0	0	0	0	0	0
12	12	1590	471.491	130.704	159	412	595	303	80	138	555	570	250	44	127.224	154	138	135	132	130	128	126	123	120	116	103	149.921	190	171	165	160	155	151	147	143	137	126	104	0	0	0.000	0.000	0	0	0	0	0	0	0	0	0	0	0	0	0	0.000	0.000	0	0	0	0	0	0	0	0	0	0	0
13	13	1604	893.812	132.664	320	457	430	287	73	391	614	416	141	11	345.683	7015	362	231	207	196	188	182	175	164	146	110	178.361	1051	203	179	170	164	159	153	145	137	128	109	1	60	898.298	131.635	0	0	0	3271	0	0	0	596	0	0	0	1	60	897.693	131.651	0	0	0	3056	0	0	0	596	0	0	0
14	14	1756	1763.188	137.879	511	734	406	66	8	329	591	531	206	67	396.558	674	567	516	465	424	388	357	330	301	235	110	133.351	175	152	146	141	137	134	130	126	121	113	101	0	0	0.000	0.000	0	0	0	0	0	0	0	0	0	0	0	0	0	0.000	0.000	0	0	0	0	0	0	0	0	0	0	0
15	15	1968	762.852	146.589	344	555	686	311	37	261	546	783	292	42	114.080	129	119	118	116	115	114	113	112	110	108	100	279.504	419	363	332	311	297	282	269	256	231	188	107	0	0	0.000	0.000	0	0	0	0	0	0	0	0	0	0	0	0	0	0.000	0.000	0	0	0	0	0	0	0	0	0	0	0
16	16	1730	1701.329	146.009	248	380	656	347	72	229	422	672	358	20	312.784	490	422	388	357	332	311	291	271	248	210	110	135.822	174	158	152	146	140	134	130	125	122	116	101	0	0	0.000	0.000	0	0	0	0	0	0	0	0	0	0	0	0	0	0.000	0.000	0	0	0	0	0	0	0	0	0	0	0
17	17	1605	953.985	151.231	224	500	555	243	54	251	760	416	138	17	320.442	6535	359	227	199	185	177	170	162	153	140	106	180.569	1333	202	178	167	161	156	150	144	138	130	104	1	58	953.235	150.537	0	0	0	2762	0	0	0	574	0	0	0	1	51	953.421	149.289	0	0	0	2112	0	0	0	701	0	0	0
18	18	671	1653.392	144.859	124	228	192	100	18	100	173	233	113	36	306.052	408	372	352	335	319	304	291	280	264	245	178	140.632	172	154	149	146	144	141	138	135	132	127	113	0	0	0.000	0.000	0	0	0	0	0	0	0	0	0	0	0	0	0	0.000	0.000	0	0	0	0	0	0	0	0	0	0	0
19	19	1916	1608.783	155.289	335	609	623	290	29	223	674	686	209	81	344.157	8142	356	219	204	195	188	180	172	163	144	106	148.287	921	157	144	140	136	133	130	127	123	116	100	1	65	1620.676	147.980	0	0	0	3232	0	0	0	467	0	0	0	1	65	1620.654	147.570	0	0	0	3232	0	0	0	467	0	0	0
20	20	1688	826.623	157.976	292	377	503	404	85	237	452	572	342	58	1144.254	1728	1520	1433	1333	1264	1211	1137	1025	863	648	237	145.412	179	164	159	155	152	148	144	139	131	122	102	0	0	0.000	0.000	0	0	0	0	0	0	0	0	0	0	0	0	0	0.000	0.000	0	0	0	0	0	0	0	0	0	0	0
21	21	1011	526.166	152.389	129	267	342	221	35	136	305	330	190	35	154.827	193	178	171	167	163	158	153	146	137	126	107	137.810	181	160	155	151	147	143	137	128	116	107	98	0	0	0.000	0.000	0	0	0	0	0	0	0	0	0	0	0	0	0	0.000	0.000	0	0	0	0	0	0	0	0	0	0	0
22	22	2205	1415.241	161.990	334	502	749	463	115	281	756	738	302	80	600.722	10456	699	487	432	406	377	347	314	277	231	141	174.839	1490	195	165	157	150	142	136	130	125	119	102	1	77	1423.046	159.353	0	0	0	5233	0	0	0	782	0	0	0	1	86	1423.037	159.424	0	0	0	4844	0	0	0	745	0	0	0
23	23	1782	1496.693	178.573	338	526	519	312	47	235	561	529	355	73	111.672	128	117	115	114	113	112	111	109	108	106	97	238.251	331	300	285	272	260	247	233	217	190	160	109	0	0	0.000	0.000	0	0	0	0	0	0	0	0	0	0	0	0	0	0.000	0.000	0	0	0	0	0	0	0	0	0	0	0
24	24	915	1041.589	172.179	267	284	240	91	20	195	313	264	109	15	112.828	130	120	118	117	115	113	111	109	107	105	94	381.167	645	570	530	479	432	389	341	296	232	167	116	0	0	0.000	0.000	0	0	0	0	0	0	0	0	0	0	0	0	0	0.000	0.000	0	0	0	0	0	0	0	0	0	0	0
25	25	955	676.235	174.831	171	331	311	114	10	160	430	236	88	13	113.542	127	119	117	115	114	114	112	111	110	108	103	134.195	165	150	144	140	136	134	131	128	125	120	104	0	0	0.000	0.000	0	0	0	0	0	0	0	0	0	0	0	0	0	0.000	0.000	0	0	0	0	0	0	0	0	0	0	0
26	26	1934	590.196	187.582	298	709	555	302	36	193	667	625	346	67	858.557	1387	1177	1077	998	935	881	817	736	641	508	242	109.835	138	122	114	111	109	107	106	106	105	103	94	0	0	0.000	0.000	0	0	0	0	0	0	0	0	0	0	0	0	0	0.000	0.000	0	0	0	0	0	0	0	0	0	0	0
27	27	1856	875.018	184.714	354	668	557	228	17	301	699	520	234	60	1132.782	1695	1480	1415	1369	1325	1256	1162	1015	854	550	188	142.871	177	161	157	153	150	147	142	137	129	115	101	0	0	0.000	0.000	0	0	0	0	0	0	0	0	0	0	0	0	0	0.000	0.000	0	0	0	0	0	0	0	0	0	0	0
28	28	686	992.026	177.319	149	174	157	163	29	100	263	179	105	23	145.762	177	164	160	156	153	149	145	141	131	119	105	140.248	167	155	150	148	145	143	140	136	129	121	104	0	0	0.000	0.000	0	0	0	0	0	0	0	0	0	0	0	0	0	0.000	0.000	0	0	0	0	0	0	0	0	0	0	0
29	29	647	1321.125	178.421	108	206	187	116	19	78	251	205	78	22	125.393	145	135	132	130	128	126	124	121	118	114	104	147.471	184	166	161	158	153	148	144	139	135	127	107	0	0	0.000	0.000	0	0	0	0	0	0	0	0	0	0	0	0	0	0.000	0.000	0	0	0	0	0	0	0	0	0	0	0
30	30	967	644.266	196.857	143	334	295	134	42	119	388	275	106	56	486.314	712	619	583	561	542	513	482	444	383	306	145	132.759	159	148	144	141	138	134	131	126	122	115	102	0	0	0.000	0.000	0	0	0	0	0	0	0	0	0	0	0	0	0	0.000	0.000	0	0	0	0	0	0	0	0	0	0	0
31	31	1883	1447.351	210.539	254	665	626	284	21	116	691	662	309	70	437.585	6198	430	393	372	357	345	335	319	289	235	111	147.757	743	155	148	144	141	138	135	131	128	121	101	1	56	1432.969	218.157	0	0	0	2971	0	0	0	414	0	0	0	1	54	1433.361	218.200	0	0	0	3107	0	0	0	415	0	0	0
32	32	1070	498.929	208.610	172	264	307	233	80	130	393	337	169	25	528.891	779	691	658	623	592	559	520	460	397	309	178	159.980	207	184	178	173	168	164	158	151	142	128	105	0	0	0.000	0.000	0	0	0	0	0	0	0	0	0	0	0	0	0	0.000	0.000	0	0	0	0	0	0	0	0	0	0	0
33	33	1803	1345.152	216.128	321	465	618	324	51	244	538	600	317	60	142.115	1511	144	137	133	130	127	125	122	119	114	101	153.349	245	182	171	163	156	151	147	142	136	127	107	1	31	1337.760	232.061	0	0	0	664	0	0	0	156	0	0	0	0	0	0.000	0.000	0	0	0	0	0	0	0	0	0	0	0
34	34	1743	1025.334	219.163	349	771	496	84	11	149	593	618	298	57	154.378	195	175	169	164	159	155	151	146	141	133	103	328.678	495	415	390	376	363	347	327	301	270	202	120	0	0	0.000	0.000	0	0	0	0	0	0	0	0	0	0	0	0	0	0.000	0.000	0	0	0	0	0	0	0	0	0	0	0
35	35	759	762.421	212.225	90	223	194	169	65	63	266	204	143	64	365.153	515	458	430	410	393	378	360	334	298	253	168	132.266	157	145	142	139	136	134	130	127	122	117	106	0	0	0.000	0.000	0	0	0	0	0	0	0	0	0	0	0	0	0	0.000	0.000	0	0	0	0	0	0	0	0	0	0	0
36	36	1546	688.436	219.848	231	416	524	308	33	153	457	550	310	48	112.618	129	118	116	115	114	113	112	110	109	107	100	135.415	167	153	148	144	140	136	132	128	124	116	102	0	0	0.000	0.000	0	0	0	0	0	0	0	0	0	0	0	0	0	0.000	0.000	0	0	0	0	0	0	0	0	0	0	0
37	37	1425	953.296	228.780	216	492	452	224	23	155	477	442	285	31	138.757	174	154	149	145	142	140	137	133	129	122	105	190.222	264	231	218	209	201	191	180	172	162	151	108	0	0	0.000	0.000	0	0	0	0	0	0	0	0	0	0	0	0	0	0.000	0.000	0	0	0	0	0	0	0	0	0	0	0
38	38	1850	1108.343	233.218	338	793	517	150	13	139	666	673	282	65	109.825	122	115	113	112	111	110	109	108	107	105	98	207.609	296	253	243	232	222	212	199	187	173	155	112	0	0	0.000	0.000	0	0	0	0	0	0	0	0	0	0	0	0	0	0.000	0.000	0	0	0	0	0	0	0	0	0	0	0
39	39	1651	1599.682	230.886	364	524	467	234	28	233	520	520	298	44	588.758	10773	733	340	305	286	273	258	238	212	181	128	186.259	1418	243	192	162	150	143	138	133	126	118	102	1	87	1610.589	232.983	0	0	0	4836	0	0	0	680	0	0	0	1	83	1610.495	232.477	0	0	0	4836	0	0	0	717	0	0	0
40	40	1602	618.509	237.664	316	405	510	284	58	294	496	468	258	53	684.682	1015	907	863	829	794	755	697	619	506	314	136	109.412	135	120	114	110	109	107	106	105	104	103	97	0	0	0.000	0.000	0	0	0	0	0	0	0	0	0	0	0	1	341	622.429	238.149	0	0	0	852	0	0	0	119	0	0	0
41	41	1561	1513.863	238.374	210	409	432	366	114	198	566	443	275	53	109.714	123	115	113	112	111	110	109	108	106	105	99	199.383	259	236	227	219	211	203	195	186	173	153	118	0	0	0.000	0.000	0	0	0	0	0	0	0	0	0	0	0	0	0	0.000	0.000	0	0	0	0	0	0	0	0	0	0	0
42	42	1857	840.552	255.696	197	548	659	345	79	171	606	671	319	42	266.380	5388	268	205	192	183	175	166	157	149	137	109	160.273	688	184	173	165	157	151	144	138	131	123	104	1	56	847.162	243.125	0	0	0	2373	0	0	0	392	0	0	0	1	51	847.179	242.668	0	0	0	2389	0	0	0	397	0	0	0
43	43	1571	736.047	260.471	178	447	523	340	49	142	589	529	253	23	366.736	540	464	443	419	395	372	353	334	302	251	147	135.595	167	152	147	143	140	136	133	129	125	118	101	0	0	0.000	0.000	0	0	0	0	0	0	0	0	0	0	0	0	0	0.000	0.000	0	0	0	0	0	0	0	0	0	0	0
44	44	744	695.035	271.656	160	182	148	165	77	140	254	229	85	19	114.387	136	124	121	119	117	115	112	109	107	105	98	120.147	147	138	134	130	126	121	115	109	105	103	97	0	0	0.000	0.000	0	0	0	0	0	0	0	0	0	0	0	0	0	0.000	0.000	0	0	0	0	0	0	0	0	0	0	0
45	45	1810	930.869	279.803	335	890	395	134	26	406	1038	273	49	15	483.993	11839	525	243	219	205	197	190	183	175	158	107	187.677	1426	199	177	172	167	160	153	148	141	131	105	1	74	943.863	277.188	0	0	0	5499	0	0	0	670	0	0	0	1	68	944.463	277.598	0	0	0	5803	0	0	0	776	0	0	0
46	46	2187	1485.065	289.898	243	585	738	496	68	147	663	793	456	89	120.588	148	131	127	124	122	120	118	116	114	110	99	165.521	243	202	185	176	170	164	158	151	144	133	104	0	0	0.000	0.000	0	0	0	0	0	0	0	0	0	0	0	0	0	0.000	0.000	0	0	0	0	0	0	0	0	0	0	0
47	47	1342	1608.880	283.928	120	378	422	347	51	108	431	471	253	50	235.027	1042	279	266	255	246	236	223	205	189	165	117	129.316	166	143	139	136	133	129	126	123	120	115	103	1	14	1598.915	268.033	0	0	0	749	0	0	0	155	0	0	0	0	0	0.000	0.000	0	0	0	0	0	0	0	0	0	0	0
48	48	503	361.351	288.358	79	130	142	97	47	69	143	166	95	22	440.024	665	564	524	504	482	454	423	394	364	291	153	126.992	156	141	138	136	133	130	126	120	113	107	100	0	0	0.000	0.000	0	0	0	0	0	0	0	0	0	0	0	0	0	0.000	0.000	0	0	0	0	0	0	0	0	0	0	0
49	49	1555	605.180	300.311	162	414	446	350	151	187	652	448	207	29	356.712	563	470	448	428	404	378	345	302	259	203	121	106.542	123	112	109	108	107	106	105	104	103	103	97	0	0	0.000	0.000	0	0	0	0	0	0	0	0	0	0	0	0	0	0.000	0.000	0	0	0	0	0	0	0	0	0	0	0
50	50	1481	1404.561	297.013	324	469	401	203	48	284	575	369	200	26	110.246	126	117	114	113	111	110	109	107	106	104	96	237.324	336	295	284	271	256	242	226	211	196	172	110	0	0	0.000	0.000	0	0	0	0	0	0	0	0	0	0	0	0	0	0.000	0.000	0	0	0	0	0	0	0	0	0	0	0
51	51	596	1287.745	293.641	85	235	204	48	14	47	90	242	150	45	119.933	139	128	126	124	122	121	119	116	114	111	99	164.413	214	194	186	179	174	168	162	155	143	126	108	0	0	0.000	0.000	0	0	0	0	0	0	0	0	0	0	0	0	0	0.000	0.000	0	0	0	0	0	0	0	0	0	0	0
52	52	1811	1331.741	301.115	324	488	598	350	22	251	398	691	319	127	118.187	136	126	124	122	120	119	117	115	113	109	100	157.612	209	185	177	171	165	159	153	148	140	124	101	0	0	0.000	0.000	0	0	0	0	0	0	0	0	0	0	0	0	0	0.000	0.000	0	0	0	0	0	0	0	0	0	0	0
53	53	1333	752.929	315.893	344	254	327	287	95	336	398	389	157	36	112.202	129	118	116	115	113	112	111	110	108	106	99	257.248	384	328	313	301	287	270	251	224	196	159	113	0	0	0.000	0.000	0	0	0	0	0	0	0	0	0	0	0	0	0	0.000	0.000	0	0	0	0	0	0	0	0	0	0	0
54	54	2398	960.796	329.901	495	952	570	300	36	450	1179	538	170	20	160.269	2437	160	152	147	143	139	135	131	124	118	100	185.843	314	228	215	206	197	190	181	169	152	137	108	1	35	949.903	320.611	0	0	0	1079	0	0	0	244	0	0	0	0	0	0.000	0.000	0	0	0	0	0	0	0	0	0	0	0
55	55	1268	802.460	326.310	184	601	414	41	12	74	409	537	199	26	1368.880	2090	1820	1723	1598	1490	1385	1320	1248	1116	837	176	149.989	180	169	163	159	155	152	149	145	138	128	101	0	0	0.000	0.000	0	0	0	0	0	0	0	0	0	0	0	0	0	0.000	0.000	0	0	0	0	0	0	0	0	0	0	0
56	56	2993	1685.644	342.158	693	796	990	421	47	594	789	1032	395	118	1012.146	1669	1392	1293	1227	1136	1042	955	870	770	555	141	164.186	219	192	185	180	174	168	160	153	144	130	101	0	0	0.000	0.000	0	0	0	0	0	0	0	0	0	0	0	0	0	0.000	0.000	0	0	0	0	0	0	0	0	0	0	0
57	57	2096	1625.202	336.152	482	649	607	306	20	416	844	579	202	14	1302.296	16379	1602	1260	1085	967	894	823	721	614	370	131	259.151	3850	306	185	168	159	151	144	137	129	116	101	1	98	1625.657	333.121	0	0	0	8542	0	0	0	1919	0	0	0	1	109	1625.682	332.843	0	0	0	7557	0	0	0	1624	0	0	0
58	58	2167	687.373	344.290	350	656	764	314	30	244	566	842	413	47	115.470	133	123	121	119	117	115	114	113	111	108	99	200.964	290	256	239	223	211	202	191	181	168	147	103	0	0	0.000	0.000	0	0	0	0	0	0	0	0	0	0	0	0	0	0.000	0.000	0	0	0	0	0	0	0	0	0	0	0
59	59	1106	1840.671	336.535	225	373	335	142	13	105	227	323	263	161	114.747	132	121	119	117	116	115	114	112	111	109	100	170.751	217	199	192	186	181	175	168	160	151	136	110	0	0	0.000	0.000	0	0	0	0	0	0	0	0	0	0	0	0	0	0.000	0.000	0	0	0	0	0	0	0	0	0	0	0
60	60	1851	849.939	341.263	224	564	629	344	50	235	840	528	185	23	1461.400	2301	2001	1841	1731	1653	1586	1479	1316	1074	690	161	152.406	196	177	170	165	161	155	150	144	135	120	104	0	0	0.000	0.000	0	0	0	0	0	0	0	0	0	0	0	0	0	0.000	0.000	0	0	0	0	0	0	0	0	0	0	0
61	61	1450	1500.669	340.525	260	504	444	179	22	202	442	484	212	69	120.466	140	129	127	125	123	121	120	117	114	110	100	160.628	218	191	184	177	170	165	160	152	138	116	99	0	0	0.000	0.000	0	0	0	0	0	0	0	0	0	0	0	0	0	0.000	0.000	0	0	0	0	0	0	0	0	0	0	0
62	62	1683	1917.670	343.212	122	392	637	405	100	166	536	717	208	21	110.561	124	116	114	113	112	111	110	109	107	106	95	144.654	172	159	155	152	149	146	143	139	134	128	105	0	0	0.000	0.000	0	0	0	0	0	0	0	0	0	0	0	0	0	0.000	0.000	0	0	0	0	0	0	0	0	0	0	0
63	63	2199	1400.135	347.782	393	744	680	303	42	281	669	743	345	122	172.827	231	204	196	189	183	178	172	165	152	128	100	179.373	250	218	209	199	190	182	175	167	154	132	103	0	0	0.000	0.000	0	0	0	0	0	0	0	0	0	0	0	0	0	0.000	0.000	0	0	0	0	0	0	0	0	0	0	0
64	64	717	1091.399	341.573	101	172	176	167	83	50	266	196	120	72	180.388	235	210	203	198	192	184	175	168	157	146	110	132.870	161	147	143	140	137	133	130	127	122	118	104	0	0	0.000	0.000	0	0	0	0	0	0	0	0	0	0	0	0	0	0.000	0.000	0	0	0	0	0	0	0	0	0	0	0
65	65	1610	611.749	352.641	278	663	519	105	11	181	443	653	268	41	217.393	2579	222	202	195	191	187	182	177	168	156	116	152.036	441	168	162	157	153	149	145	142	137	131	109	1	33	632.925	353.645	0	0	0	1293	0	0	0	218	0	0	0	1	21	634.590	353.734	0	0	0	1016	0	0	0	333	0	0	0
66	66	2064	1875.743	371.989	409	535	665	369	52	315	587	758	284	90	115.737	138	124	121	119	117	116	114	112	110	108	99	160.097	219	197	189	181	171	161	151	142	133	121	102	0	0	0.000	0.000	0	0	0	0	0	0	0	0	0	0	0	0	0	0.000	0.000	0	0	0	0	0	0	0	0	0	0	0
67	67	1730	763.650	361.616	298	700	561	106	35	372	896	370	37	19	562.099	13046	682	294	220	201	190	181	174	165	151	112	189.071	1691	221	168	156	149	144	140	136	131	124	103	1	84	752.991	353.256	0	0	0	5820	0	0	0	838	0	0	0	1	82	752.942	353.276	0	0	0	5823	0	0	0	843	0	0	0
68	68	1862	570.355	382.200	276	590	654	270	37	233	609	638	290	52	290.411	6270	287	202	187	178	168	159	150	144	136	107	193.322	704	227	214	206	197	187	177	167	158	145	106	1	60	563.290	390.637	0	0	0	2823	0	0	0	442	0	0	0	1	32	563.130	389.314	0	0	0	2704	0	0	0	537	0	0	0
69	69	2100	1448.178	380.947	429	804	554	243	32	305	927	485	290	60	574.860	14571	597	264	216	199	186	176	166	154	139	110	225.853	2037	254	212	200	191	183	175	166	154	138	104	1	95	1450.619	380.163	0	0	0	6635	0	0	0	962	0	0	0	1	81	1450.758	380.031	0	0	0	7804	0	0	0	1061	0	0	0
70	70	2574	642.809	391.644	1928	387	150	63	30	1906	436	139	61	21	134.378	206	179	166	150	133	124	117	112	109	106	99	124.738	192	157	148	136	124	117	112	108	106	104	96	0	0	0.000	0.000	0	0	0	0	0	0	0	0	0	0	0	0	0	0.000	0.000	0	0	0	0	0	0	0	0	0	0	0
71	71	1916	342.940	387.049	213	742	718	170	30	120	554	738	388	78	571.593	942	790	739	695	652	601	563	509	410	265	104	141.205	191	164	157	151	146	141	136	132	127	119	102	0	0	0.000	0.000	0	0	0	0	0	0	0	0	0	0	0	0	0	0.000	0.000	0	0	0	0	0	0	0	0	0	0	0
72	72	1770	1076.249	388.103	198	676	650	189	24	171	988	484	77	14	971.012	18750	1460	425	303	263	243	226	210	190	168	116	209.899	1913	273	169	152	145	141	137	133	129	122	105	1	122	1071.084	389.437	0	0	0	8932	0	0	0	927	0	0	0	1	123	1071.471	389.177	0	0	0	8763	0	0	0	909	0	0	0
73	73	1409	1543.502	383.408	177	433	489	257	34	159	530	449	204	39	330.244	2470	371	351	341	331	321	309	290	259	218	141	130.891	352	140	136	133	131	129	126	124	120	115	102	1	21	1553.062	392.967	0	0	0	1216	0	0	0	247	0	0	0	1	27	1552.511	391.801	0	0	0	696	0	0	0	245	0	0	0
74	74	1634	724.962	391.249	150	381	605	431	38	105	431	641	359	56	117.797	135	125	122	121	119	118	117	115	113	111	100	207.853	296	263	249	237	223	211	199	186	171	143	106	0	0	0.000	0.000	0	0	0	0	0	0	0	0	0	0	0	0	0	0.000	0.000	0	0	0	0	0	0	0	0	0	0	0
75	75	1975	1495.712	410.359	390	904	545	95	14	233	700	740	241	27	608.216	11173	695	445	393	369	354	331	294	259	218	125	165.134	1552	181	144	136	132	130	127	124	120	115	102	1	80	1490.958	418.526	0	0	0	5196	0	0	0	817	0	0	0	1	82	1491.391	418.135	0	0	0	4996	0	0	0	755	0	0	0
76	76	1828	775.041	417.970	611	513	429	234	11	463	533	391	330	89	174.667	1142	200	189	182	177	171	162	151	131	111	100	130.123	237	150	145	140	136	132	128	121	111	104	95	1	35	782.163	400.654	0	0	0	614	0	0	0	165	0	0	0	0	0	0.000	0.000	0	0	0	0	0	0	0	0	0	0	0
77	77	1925	1638.909	427.446	281	523	612	382	77	204	480	775	319	113	571.662	995	820	738	679	636	574	516	466	410	320	132	113.953	133	122	119	117	115	114	112	110	109	106	100	0	0	0.000	0.000	0	0	0	0	0	0	0	0	0	0	0	0	0	0.000	0.000	0	0	0	0	0	0	0	0	0	0	0
78	78	2733	1029.582	431.991	363	744	1025	480	67	286	778	1089	448	88	143.616	189	163	155	150	147	144	140	137	132	125	102	308.098	487	406	372	346	327	311	295	277	252	205	117	0	0	0.000	0.000	0	0	0	0	0	0	0	0	0	0	0	0	0	0.000	0.000	0	0	0	0	0	0	0	0	0	0	0
79	79	523	1910.384	425.212	61	171	151	97	33	35	143	179	109	51	111.694	123	117	115	114	113	112	111	110	109	106	99	137.922	163	152	148	145	142	139	136	133	128	121	106	0	0	0.000	0.000	0	0	0	0	0	0	0	0	0	0	0	0	0	0.000	0.000	0	0	0	0	0	0	0	0	0	0	0
80	80	1456	1096.541	437.349	287	515	462	156	19	279	691	324	118	19	250.758	3296	274	236	222	210	197	186	174	161	146	110	134.041	325	151	144	139	134	131	128	125	121	116	103	1	40	1101.445	447.766	0	0	0	1509	0	0	0	186	0	0	0	1	23	1102.640	446.765	0	0	0	1365	0	0	0	239	0	0	0
81	81	1257	724.409	436.750	509	324	341	60	5	432	358	314	126	8	458.022	732	608	565	538	515	495	474	418	318	225	129	107.173	120	112	110	109	108	107	106	105	104	103	96	0	0	0.000	0.000	0	0	0	0	0	0	0	0	0	0	0	0	0	0.000	0.000	0	0	0	0	0	0	0	0	0	0	0
82	82	1907	351.797	445.178	476	627	535	189	42	480	807	495	82	19	114.877	130	122	119	118	116	115	114	112	110	108	101	370.930	623	523	476	434	401	375	341	313	279	214	117	0	0	0.000	0.000	0	0	0	0	0	0	0	0	0	0	0	0	0	0.000	0.000	0	0	0	0	0	0	0	0	0	0	0
83	83	1971	1291.404	450.654	352	514	587	382	106	255	602	655	357	70	718.678	7812	879	668	575	530	501	470	420	369	315	165	194.208	1718	224	168	159	153	146	140	134	128	121	106	1	96	1294.735	458.271	0	0	0	4367	0	0	0	931	0	0	0	1	102	1295.271	457.893	0	0	0	4005	0	0	0	891	0	0	0
84	84	2085	841.694	445.724	418	419	594	499	129	337	526	771	316	99	493.000	10989	465	325	309	297	283	263	237	204	163	112	161.311	1459	165	150	144	140	136	132	127	121	112	102	1	75	847.561	433.420	0	0	0	5054	0	0	0	672	0	0	0	1	67	847.992	433.333	0	0	0	5521	0	0	0	717	0	0	0
85	85	1402	930.150	447.452	294	560	430	80	10	144	572	467	156	31	119.540	140	127	124	123	121	120	118	117	115	111	103	147.347	185	166	161	156	152	149	146	142	134	125	104	0	0	0.000	0.000	0	0	0	0	0	0	0	0	0	0	0	0	0	0.000	0.000	0	0	0	0	0	0	0	0	0	0	0
86	86	1035	681.582	447.757	297	370	264	79	11	202	403	288	115	17	117.703	146	129	125	121	119	116	114	113	111	108	100	211.236	333	262	250	239	230	219	206	187	168	142	111	0	0	0.000	0.000	0	0	0	0	0	0	0	0	0	0	0	0	0	0.000	0.000	0	0	0	0	0	0	0	0	0	0	0
87	87	1720	1420.550	463.977	245	627	485	298	30	178	608	570	239	88	220.766	326	268	253	244	235	226	214	202	189	166	112	134.316	162	148	144	141	138	136	133	129	125	118	103	0	0	0.000	0.000	0	0	0	0	0	0	0	0	0	0	0	0	0	0.000	0.000	0	0	0	0	0	0	0	0	0	0	0
88	88	517	1486.298	457.276	93	126	126	116	47	46	145	139	111	67	197.280	252	228	222	217	211	204	196	183	171	157	112	111.646	123	117	115	114	113	112	111	109	108	106	101	0	0	0.000	0.000	0	0	0	0	0	0	0	0	0	0	0	0	0	0.000	0.000	0	0	0	0	0	0	0	0	0	0	0
89	89	1999	600.195	470.980	391	634	559	318	51	289	710	605	292	63	126.222	157	134	132	130	128	126	125	123	120	117	106	207.294	303	259	241	229	220	210	200	188	172	150	106	0	0	0.000	0.000	0	0	0	0	0	0	0	0	0	0	0	0	0	0.000	0.000	0	0	0	0	0	0	0	0	0	0	0
90	90	574	1585.059	460.234	249	138	103	39	37	287	153	71	34	21	112.671	127	119	117	115	114	113	112	110	108	106	99	104.430	113	108	106	106	105	104	104	103	102	101	97	0	0	0.000	0.000	0	0	0	0	0	0	0	0	0	0	0	0	0	0.000	0.000	0	0	0	0	0	0	0	0	0	0	0
91	91	1691	469.761	475.147	189	459	602	373	38	144	522	641	273	73	937.603	7246	1183	1061	986	929	882	811	723	652	519	206	164.320	888	189	178	171	165	160	152	144	136	127	103	1	36	479.097	456.932	0	0	0	4490	0	0	0	425	0	0	0	0	0	0.000	0.000	0	0	0	0	0	0	0	0	0	0	0
92	92	1150	649.958	481.764	208	409	375	119	19	192	352	438	135	17	1083.250	3130	1301	1236	1180	1127	1090	1050	993	904	750	310	155.871	389	173	165	159	155	152	148	145	141	136	108	0	0	0.000	0.000	0	0	0	0	0	0	0	0	0	0	0	1	14	639.961	490.915	0	0	0	2317	0	0	0	313	0	0	0
93	93	1769	548.788	492.713	272	812	547	81	14	226	967	416	115	14	122.911	147	132	129	127	125	123	121	119	117	114	104	192.646	287	250	231	215	201	189	178	166	157	143	110	0	0	0.000	0.000	0	0	0	0	0	0	0	0	0	0	0	0	0	0.000	0.000	0	0	0	0	0	0	0	0	0	0	0
94	94	1757	1510.969	494.267	238	652	563	250	32	203	570	635	239	68	831.143	13377	1284	448	356	330	303	273	246	220	194	126	170.506	1311	216	141	129	124	120	117	115	112	109	101	1	118	1506.824	500.999	0	0	0	6538	0	0	0	640	0	0	0	1	122	1507.612	500.461	0	0	0	5505	0	0	0	694	0	0	0
95	95	800	1281.792	492.755	84	291	246	108	58	84	383	221	75	19	173.660	209	191	186	182	179	175	171	167	162	156	117	149.171	172	161	158	155	152	150	148	145	141	136	114	0	0	0.000	0.000	0	0	0	0	0	0	0	0	0	0	0	0	0	0.000	0.000	0	0	0	0	0	0	0	0	0	0	0
96	96	1617	1463.722	507.842	140	544	559	336	16	87	526	584	324	58	193.270	1739	203	188	180	175	167	160	153	145	134	109	110.824	224	116	113	111	110	109	108	106	105	104	97	1	45	1459.247	490.841	0	0	0	916	0	0	0	148	0	0	0	1	46	1459.936	491.457	0	0	0	878	0	0	0	159	0	0	0
97	97	2238	1667.860	506.275	422	1000	665	106	9	294	610	896	334	61	559.785	918	772	721	676	623	566	515	461	404	323	167	113.673	140	124	119	116	115	113	111	109	108	105	98	0	0	0.000	0.000	0	0	0	0	0	0	0	0	0	0	0	0	0	0.000	0.000	0	0	0	0	0	0	0	0	0	0	0
98	98	1953	1333.598	503.987	354	1036	495	26	7	105	757	715	302	23	298.625	5845	321	222	207	196	187	179	171	162	148	112	167.022	1146	184	169	161	155	149	143	138	132	126	104	1	64	1334.150	513.499	0	0	0	2514	0	0	0	563	0	0	0	1	57	1334.013	513.147	0	0	0	2541	0	0	0	621	0	0	0
99	99	839	1621.314	499.237	167	285	235	93	31	162	321	258	59	26	522.303	801	709	648	610	581	543	504	459	403	296	145	114.277	133	123	119	117	115	114	112	110	109	107	101	0	0	0.000	0.000	0	0	0	0	0	0	0	0	0	0	0	0	0	0.000	0.000	0	0	0	0	0	0	0	0	0	0	0
100	100	1365	696.878	503.332	163	408	482	226	64	110	492	496	206	34	319.737	1720	384	356	341	324	308	293	279	259	215	127	134.262	300	145	141	137	135	133	130	128	124	118	105	1	17	710.964	504.486	0	0	0	1244	0	0	0	245	0	0	0	1	23	710.096	504.280	0	0	0	797	0	0	0	238	0	0	0
101	101	1419	904.938	507.383	277	633	408	62	15	153	425	506	204	101	115.292	129	121	119	118	117	115	114	113	111	108	99	158.925	209	183	176	171	167	163	159	153	143	125	100	0	0	0.000	0.000	0	0	0	0	0	0	0	0	0	0	0	0	0	0.000	0.000	0	0	0	0	0	0	0	0	0	0	0
102	102	1113	1895.925	517.549	158	360	346	200	27	125	449	369	119	15	169.041	215	194	187	181	175	170	166	160	153	139	114	164.065	211	193	184	177	172	166	162	155	144	131	108	0	0	0.000	0.000	0	0	0	0	0	0	0	0	0	0	0	0	0	0.000	0.000	0	0	0	0	0	0	0	0	0	0	0
103	103	1700	598.884	525.833	361	597	481	201	21	356	541	532	201	34	1135.008	3524	1537	1379	1291	1222	1139	1051	983	883	665	241	149.275	426	169	163	157	152	147	141	135	131	124	107	0	0	0.000	0.000	0	0	0	0	0	0	0	0	0	0	0	1	23	594.563	532.427	0	0	0	2166	0	0	0	322	0	0	0
104	104	2613	350.276	530.041	469	1141	797	146	17	349	974	914	308	20	120.218	140	127	125	123	122	120	119	117	115	113	103	218.094	328	270	255	244	232	219	208	196	182	161	110	0	0	0.000	0.000	0	0	0	0	0	0	0	0	0	0	0	0	0	0.000	0.000	0	0	0	0	0	0	0	0	0	0	0
105	105	1369	1381.317	536.054	176	369	501	242	50	126	523	530	129	24	406.011	566	498	473	453	434	411	391	372	341	299	173	132.413	164	148	143	138	135	132	129	126	123	118	106	0	0	0.000	0.000	0	0	0	0	0	0	0	0	0	0	0	0	0	0.000	0.000	0	0	0	0	0	0	0	0	0	0	0
106	106	854	526.485	536.634	140	290	286	100	27	120	308	333	66	11	122.875	141	131	129	127	125	123	121	119	117	114	103	198.829	265	242	232	223	214	203	190	179	165	150	118	0	0	0.000	0.000	0	0	0	0	0	0	0	0	0	0	0	0	0	0.000	0.000	0	0	0	0	0	0	0	0	0	0	0
107	107	1957	1828.998	543.794	291	495	729	336	66	268	677	734	209	37	241.455	4371	240	195	184	178	172	165	158	149	139	109	169.428	436	197	187	180	174	167	160	154	146	136	113	1	56	1818.623	549.605	0	0	0	1839	0	0	0	282	0	0	0	1	17	1817.958	548.608	0	0	0	2530	0	0	0	363	0	0	0
108	108	2282	479.727	549.164	528	731	686	260	37	432	825	672	277	35	992.564	10547	1140	1021	953	906	862	817	758	652	482	177	164.578	1144	179	164	157	151	146	142	137	131	123	99	1	59	473.891	535.900	0	0	0	5755	0	0	0	677	0	0	0	1	66	473.951	536.447	0	0	0	5296	0	0	0	619	0	0	0
109	109	1651	409.406	554.387	195	453	577	354	38	182	513	596	289	47	124.704	157	133	130	128	126	125	123	121	119	116	104	223.247	326	285	265	251	237	223	210	199	187	166	108	0	0	0.000	0.000	0	0	0	0	0	0	0	0	0	0	0	0	0	0.000	0.000	0	0	0	0	0	0	0	0	0	0	0
110	110	1635	1485.418	556.640	214	580	546	220	42	253	570	535	192	48	431.085	9439	414	214	193	180	171	164	157	147	133	105	188.057	953	213	197	185	177	170	164	156	145	130	104	1	83	1487.726	540.601	0	0	0	4084	0	0	0	501	0	0	0	1	63	1487.816	540.350	0	0	0	5230	0	0	0	602	0	0	0
111	111	1982	1331.989	559.988	279	583	724	320	44	211	557	675	405	104	651.282	11565	775	519	461	427	400	375	347	317	275	133	175.547	2031	186	150	143	138	135	131	127	122	115	100	1	75	1337.472	558.139	0	0	0	5118	0	0	0	927	0	0	0	1	72	1337.894	558.119	0	0	0	5411	0	0	0	941	0	0	0
112	112	1412	650.406	559.836	355	426	426	160	18	271	555	402	131	25	995.565	1478	1296	1227	1175	1130	1079	1022	932	767	513	162	145.417	180	164	159	155	152	148	144	139	132	122	102	0	0	0.000	0.000	0	0	0	0	0	0	0	0	0	0	0	0	0	0.000	0.000	0	0	0	0	0	0	0	0	0	0	0
113	113	1190	907.634	562.295	231	521	295	95	34	222	557	306	63	22	173.873	227	201	193	185	180	175	171	165	157	144	113	133.607	161	147	143	140	137	135	132	129	125	117	102	0	0	0.000	0.000	0	0	0	0	0	0	0	0	0	0	0	0	0	0.000	0.000	0	0	0	0	0	0	0	0	0	0	0
114	114	579	603.845	570.925	69	137	175	139	51	91	244	147	69	17	787.699	1128	980	921	894	871	847	812	744	658	502	182	136.069	161	151	148	145	141	137	134	130	125	119	102	0	0	0.000	0.000	0	0	0	0	0	0	0	0	0	0	0	0	0	0.000	0.000	0	0	0	0	0	0	0	0	0	0	0
115	115	1567	719.945	578.333	243	530	551	195	25	155	373	692	253	73	496.919	823	687	623	582	552	517	480	428	361	274	121	108.513	127	114	112	110	109	108	107	106	105	104	98	0	0	0.000	0.000	0	0	0	0	0	0	0	0	0	0	0	0	0	0.000	0.000	0	0	0	0	0	0	0	0	0	0	0
116	116	1920	858.148	584.142	351	976	469	76	8	184	977	551	148	19	118.079	141	127	124	122	120	118	116	114	112	110	102	125.182	163	140	135	130	126	124	121	119	116	113	105	0	0	0.000	0.000	0	0	0	0	0	0	0	0	0	0	0	0	0	0.000	0.000	0	0	0	0	0	0	0	0	0	0	0
117	117	1723	525.568	590.126	387	547	544	199	25	297	532	559	279	25	615.308	935	804	740	702	670	645	613	573	495	355	125	132.355	159	146	142	140	137	134	131	128	123	114	98	0	0	0.000	0.000	0	0	0	0	0	0	0	0	0	0	0	0	0	0.000	0.000	0	0	0	0	0	0	0	0	0	0	0
118	118	1761	1274.839	591.855	183	397	687	389	75	153	506	739	257	75	135.157	172	150	145	142	139	136	133	130	126	118	102	202.321	290	253	239	229	218	207	198	187	168	133	103	0	0	0.000	0.000	0	0	0	0	0	0	0	0	0	0	0	0	0	0.000	0.000	0	0	0	0	0	0	0	0	0	0	0
119	119	1875	390.176	598.097	247	849	637	98	10	97	441	927	316	53	2246.924	6009	3269	2979	2740	2449	2194	1952	1768	1549	1242	451	221.054	650	279	263	246	226	211	200	189	178	163	119	0	0	0.000	0.000	0	0	0	0	0	0	0	0	0	0	0	1	14	398.727	587.558	0	0	0	5108	0	0	0	529	0	0	0
120	120	1799	334.708	607.356	371	859	504	26	11	229	696	622	209	24	2646.192	4739	3822	3430	3197	3029	2790	2475	2106	1741	1313	358	204.967	306	262	248	236	224	207	191	175	159	145	110	0	0	0.000	0.000	0	0	0	0	0	0	0	0	0	0	0	0	0	0.000	0.000	0	0	0	0	0	0	0	0	0	0	0
121	121	2443	585.366	609.811	518	766	754	323	42	372	616	932	394	74	1720.781	2653	2286	2147	2063	1976	1899	1799	1587	1249	801	161	124.517	154	138	134	131	128	125	122	119	115	109	101	0	0	0.000	0.000	0	0	0	0	0	0	0	0	0	0	0	0	0	0.000	0.000	0	0	0	0	0	0	0	0	0	0	0
122	122	769	904.016	611.502	285	252	151	56	15	297	236	156	39	25	112.159	126	117	116	115	113	112	111	110	109	107	99	149.322	188	171	166	162	157	153	149	143	132	118	101	0	0	0.000	0.000	0	0	0	0	0	0	0	0	0	0	0	0	0	0.000	0.000	0	0	0	0	0	0	0	0	0	0	0
123	123	1128	1343.109	614.942	152	413	350	173	24	102	440	356	148	62	110.742	126	116	114	113	112	111	110	108	107	106	100	142.773	181	164	157	153	149	145	141	136	129	116	100	0	0	0.000	0.000	0	0	0	0	0	0	0	0	0	0	0	0	0	0.000	0.000	0	0	0	0	0	0	0	0	0	0	0
124	124	1558	437.128	628.639	121	475	616	298	26	113	476	662	247	25	2022.350	3317	2841	2629	2472	2341	2172	1954	1729	1391	936	154	202.662	293	257	243	231	219	204	192	178	166	144	100	0	0	0.000	0.000	0	0	0	0	0	0	0	0	0	0	0	0	0	0.000	0.000	0	0	0	0	0	0	0	0	0	0	0
125	125	1717	856.175	631.644	229	543	675	220	18	182	476	635	329	66	121.830	146	130	127	125	123	122	120	119	116	114	104	129.612	157	143	138	135	132	130	127	124	121	117	105	0	0	0.000	0.000	0	0	0	0	0	0	0	0	0	0	0	0	0	0.000	0.000	0	0	0	0	0	0	0	0	0	0	0
126	126	2425	778.661	638.163	434	726	777	361	70	533	967	648	205	32	2941.141	28798	11221	1573	545	340	279	253	234	208	167	109	932.433	8924	2835	613	348	294	273	253	233	215	173	107	1	443	776.499	634.266	0	0	0	13870	0	0	0	3384	0	0	0	1	349	776.408	633.946	0	0	0	19329	0	0	0	4541	0	0	0
127	127	1349	369.021	640.943	320	391	433	166	16	249	288	367	337	75	2661.391	4056	3743	3579	3384	3154	2830	2517	2160	1676	1291	336	210.329	307	276	262	246	231	214	197	178	155	140	111	0	0	0.000	0.000	0	0	0	0	0	0	0	0	0	0	0	0	0	0.000	0.000	0	0	0	0	0	0	0	0	0	0	0
128	128	1913	1436.218	659.780	247	797	605	206	18	160	651	665	327	75	110.453	125	115	113	112	111	110	109	108	107	106	97	198.665	276	246	232	217	205	196	188	180	170	154	119	0	0	0.000	0.000	0	0	0	0	0	0	0	0	0	0	0	0	0	0.000	0.000	0	0	0	0	0	0	0	0	0	0	0
129	129	1557	1514.640	655.202	178	588	509	223	30	148	820	357	174	35	391.891	7826	470	259	227	213	203	195	188	179	165	119	177.911	1157	195	176	170	165	159	151	142	134	126	107	1	60	1516.986	664.562	0	0	0	3433	0	0	0	585	0	0	0	1	54	1515.804	663.983	0	0	0	2700	0	0	0	613	0	0	0
130	130	1795	1350.689	661.107	219	571	636	299	40	181	630	609	263	82	109.515	122	114	112	111	110	109	109	108	107	105	100	145.950	185	165	160	156	152	147	143	139	133	124	104	0	0	0.000	0.000	0	0	0	0	0	0	0	0	0	0	0	0	0	0.000	0.000	0	0	0	0	0	0	0	0	0	0	0
131	131	2290	613.852	667.486	1311	499	243	145	71	1461	454	196	129	24	317.133	1193	961	646	206	152	142	136	130	126	121	108	106.434	127	115	110	107	106	105	104	103	103	102	97	0	0	0.000	0.000	0	0	0	0	0	0	0	0	0	0	0	0	0	0.000	0.000	0	0	0	0	0	0	0	0	0	0	0
132	132	1086	1057.075	681.286	116	324	368	205	59	125	365	385	154	34	186.786	246	213	205	199	194	190	185	178	169	155	113	140.647	169	156	151	147	144	141	138	136	131	126	106	0	0	0.000	0.000	0	0	0	0	0	0	0	0	0	0	0	0	0	0.000	0.000	0	0	0	0	0	0	0	0	0	0	0
133	133	1292	1485.149	687.262	178	467	412	190	13	158	460	407	177	62	767.446	1247	1014	955	893	849	797	739	665	567	453	216	107.746	120	113	111	109	108	107	106	105	104	103	95	0	0	0.000	0.000	0	0	0	0	0	0	0	0	0	0	0	0	0	0.000	0.000	0	0	0	0	0	0	0	0	0	0	0
134	134	785	1547.968	687.969	178	302	251	35	10	49	155	363	159	42	178.465	235	206	199	192	187	181	176	171	161	143	112	150.308	185	171	166	162	158	155	150	144	133	122	107	0	0	0.000	0.000	0	0	0	0	0	0	0	0	0	0	0	0	0	0.000	0.000	0	0	0	0	0	0	0	0	0	0	0
135	135	2147	942.326	704.313	381	855	740	124	12	276	623	767	345	87	204.550	284	254	242	229	219	207	197	185	169	149	112	190.959	264	237	225	214	203	191	181	171	159	143	107	0	0	0.000	0.000	0	0	0	0	0	0	0	0	0	0	0	0	0	0.000	0.000	0	0	0	0	0	0	0	0	0	0	0
136	136	1566	1878.997	706.009	190	557	525	229	29	174	498	557	259	55	265.489	1910	310	284	267	255	246	236	224	210	187	121	135.026	258	152	145	140	136	133	130	127	123	118	102	1	33	1864.581	710.171	0	0	0	995	0	0	0	153	0	0	0	1	16	1866.778	706.352	0	0	0	398	0	0	0	230	0	0	0
137	137	1721	393.334	708.576	597	956	110	20	15	402	988	240	33	21	167.016	1088	184	175	168	164	159	154	148	141	130	108	151.131	256	173	166	160	156	151	147	143	136	127	106	1	28	404.202	713.973	0	0	0	571	0	0	0	203	0	0	0	0	0	0.000	0.000	0	0	0	0	0	0	0	0	0	0	0
138	138	1831	1031.418	715.150	1373	394	21	15	7	1127	594	31	29	17	298.764	8248	252	215	204	195	186	178	168	158	141	105	151.677	1326	158	152	147	143	139	135	130	125	118	102	1	60	1036.896	701.769	0	0	0	3969	0	0	0	680	0	0	0	0	0	0.000	0.000	0	0	0	0	0	0	0	0	0	0	0
139	139	1966	1101.504	715.049	414	675	574	225	35	294	650	650	267	74	397.835	8868	381	259	244	233	221	207	193	176	156	112	168.818	1288	177	163	156	151	146	141	136	129	122	105	1	71	1096.248	702.995	0	0	0	4010	0	0	0	645	0	0	0	1	65	1096.158	702.442	0	0	0	4213	0	0	0	703	0	0	0
140	140	2351	1737.348	721.286	343	763	884	279	39	315	783	863	295	42	1272.550	8471	1784	1538	1359	1238	1160	1082	984	849	633	240	162.143	851	183	170	161	154	150	145	141	135	126	103	1	44	1730.990	722.083	0	0	0	5381	0	0	0	563	0	0	0	1	52	1731.491	721.801	0	0	0	4722	0	0	0	522	0	0	0
141	141	807	1789.837	709.948	111	320	234	97	34	95	329	242	116	13	181.504	238	214	206	198	191	185	177	167	156	143	119	139.307	170	158	153	149	145	140	136	131	126	119	104	0	0	0.000	0.000	0	0	0	0	0	0	0	0	0	0	0	0	0	0.000	0.000	0	0	0	0	0	0	0	0	0	0	0
142	142	1824	1423.429	723.295	246	477	548	387	133	215	602	578	312	80	113.208	129	119	117	115	114	113	112	111	109	107	101	205.235	286	251	240	230	223	213	204	189	168	142	107	0	0	0.000	0.000	0	0	0	0	0	0	0	0	0	0	0	0	0	0.000	0.000	0	0	0	0	0	0	0	0	0	0	0
143	143	1919	1836.204	723.963	281	685	599	275	43	178	767	630	225	79	1777.769	23466	4063	896	470	348	288	252	225	201	174	111	494.753	5946	1037	315	213	181	164	153	144	136	127	100	1	219	1838.243	723.524	0	0	0	11071	0	0	0	2500	0	0	0	1	202	1838.356	723.557	0	0	0	12426	0	0	0	2703	0	0	0
144	144	1910	613.199	736.277	169	468	644	461	124	271	774	570	210	39	520.566	11667	599	263	218	203	193	185	176	165	148	119	161.955	1070	183	149	142	138	135	131	127	123	118	102	1	98	602.451	738.026	0	0	0	5045	0	0	0	450	0	0	0	1	95	602.795	736.693	0	0	0	2777	0	0	0	559	0	0	0
145	145	2054	1918.792	734.919	399	758	629	216	22	358	736	581	314	31	651.133	15550	708	336	276	254	241	225	207	183	153	104	181.843	1809	206	155	147	141	137	132	128	122	115	100	1	92	1923.270	726.698	0	0	0	6879	0	0	0	920	0	0	0	1	103	1923.321	727.204	0	0	0	6662	0	0	0	828	0	0	0
146	146	1817	1244.610	727.408	319	551	581	293	39	280	580	576	275	65	437.147	8295	539	313	261	233	218	206	193	178	156	111	162.629	1035	187	159	151	144	139	135	130	126	119	102	1	82	1241.695	720.200	0	0	0	3776	0	0	0	528	0	0	0	1	77	1241.972	720.676	0	0	0	3900	0	0	0	553	0	0	0
147	147	2235	160.618	736.564	1524	423	224	39	12	1424	420	243	109	21	552.472	3847	1210	1025	687	443	361	300	244	193	154	120	133.032	448	165	149	140	133	128	122	117	113	109	101	0	0	0.000	0.000	0	0	0	0	0	0	0	0	0	0	0	0	0	0.000	0.000	0	0	0	0	0	0	0	0	0	0	0
148	148	2042	1483.094	743.447	228	804	645	270	53	201	792	706	269	33	668.189	1277	917	821	762	718	677	627	576	509	391	152	106.884	123	112	110	108	107	106	105	105	104	103	96	0	0	0.000	0.000	0	0	0	0	0	0	0	0	0	0	0	0	0	0.000	0.000	0	0	0	0	0	0	0	0	0	0	0
149	149	1656	817.017	748.461	151	371	628	385	89	155	398	588	358	121	195.060	1208	223	203	195	188	181	174	166	156	143	111	177.109	378	212	203	195	187	179	169	160	150	135	107	1	30	809.554	755.288	0	0	0	678	0	0	0	216	0	0	0	0	0	0.000	0.000	0	0	0	0	0	0	0	0	0	0	0
150	150	752	1286.473	746.430	143	157	215	165	58	120	169	217	180	54	163.879	214	194	185	178	171	165	160	154	145	130	105	122.963	151	137	134	131	129	125	122	116	110	105	99	0	0	0.000	0.000	0	0	0	0	0	0	0	0	0	0	0	0	0	0.000	0.000	0	0	0	0	0	0	0	0	0	0	0
151	151	1489	1683.637	770.607	217	476	559	184	30	142	529	514	222	54	120.976	137	128	126	124	122	121	120	118	116	114	102	155.727	197	178	172	167	162	157	154	149	142	128	103	0	0	0.000	0.000	0	0	0	0	0	0	0	0	0	0	0	0	0	0.000	0.000	0	0	0	0	0	0	0	0	0	0	0
152	152	1018	1845.959	771.578	516	412	33	23	19	711	240	20	16	15	230.525	2652	247	230	223	216	207	200	190	177	162	114	149.049	552	162	155	151	147	144	141	137	133	126	103	0	0	0.000	0.000	0	0	0	0	0	0	0	0	0	0	0	1	42	1856.835	785.058	0	0	0	1454	0	0	0	363	0	0	0
153	153	2344	533.936	785.898	372	836	648	381	66	259	684	752	460	147	116.198	134	122	120	119	118	116	115	114	112	110	101	278.812	414	351	329	314	301	289	274	254	226	192	113	0	0	0.000	0.000	0	0	0	0	0	0	0	0	0	0	0	0	0	0.000	0.000	0	0	0	0	0	0	0	0	0	0	0
154	154	1178	635.359	786.185	248	313	307	251	40	156	302	309	301	80	171.787	528	195	187	182	177	172	166	159	148	132	106	127.043	150	139	135	133	130	128	126	123	119	112	102	1	12	636.231	769.859	0	0	0	451	0	0	0	130	0	0	0	0	0	0.000	0.000	0	0	0	0	0	0	0	0	0	0	0
155	155	1929	1740.975	789.697	422	605	578	252	44	414	752	539	150	31	125.963	156	135	132	129	128	126	124	122	120	116	105	165.662	248	204	189	179	172	165	159	151	140	127	103	0	0	0.000	0.000	0	0	0	0	0	0	0	0	0	0	0	0	0	0.000	0.000	0	0	0	0	0	0	0	0	0	0	0
156	156	1406	1893.751	789.463	177	578	468	138	13	184	539	369	237	51	785.787	1169	955	902	870	840	810	773	730	680	572	261	149.410	185	166	160	157	153	150	147	143	140	132	109	0	0	0.000	0.000	0	0	0	0	0	0	0	0	0	0	0	0	0	0.000	0.000	0	0	0	0	0	0	0	0	0	0	0
157	157	2079	831.518	799.788	266	644	704	377	36	200	669	779	318	65	706.370	1091	920	854	811	774	732	688	644	566	433	200	107.887	122	112	111	110	109	108	107	106	105	104	98	0	0	0.000	0.000	0	0	0	0	0	0	0	0	0	0	0	0	0	0.000	0.000	0	0	0	0	0	0	0	0	0	0	0
158	158	2512	1276.325	807.573	1642	576	148	77	46	1729	561	137	44	23	277.396	508	395	365	343	323	302	268	220	168	117	97	138.501	191	168	159	153	148	141	133	124	115	106	98	0	0	0.000	0.000	0	0	0	0	0	0	0	0	0	0	0	0	0	0.000	0.000	0	0	0	0	0	0	0	0	0	0	0
159	159	1244	581.341	804.648	265	419	381	151	13	222	343	363	231	59	117.907	134	125	123	121	119	118	117	115	113	111	104	237.447	362	307	287	273	259	243	225	209	189	154	108	0	0	0.000	0.000	0	0	0	0	0	0	0	0	0	0	0	0	0	0.000	0.000	0	0	0	0	0	0	0	0	0	0	0
160	160	2064	427.803	818.763	224	515	721	476	94	282	636	771	307	36	113.501	130	120	118	116	115	114	112	111	109	107	97	249.726	365	325	306	290	273	253	233	213	197	168	108	0	0	0.000	0.000	0	0	0	0	0	0	0	0	0	0	0	0	0	0.000	0.000	0	0	0	0	0	0	0	0	0	0	0
161	161	873	189.505	827.253	109	248	292	171	41	74	253	285	200	45	209.433	283	250	236	227	219	214	205	194	182	166	120	193.833	264	234	221	212	205	196	187	176	167	152	112	0	0	0.000	0.000	0	0	0	0	0	0	0	0	0	0	0	0	0	0.000	0.000	0	0	0	0	0	0	0	0	0	0	0
162	162	2015	782.144	842.554	525	655	563	206	39	492	673	525	243	60	191.062	300	255	233	213	197	186	178	168	156	132	99	109.367	133	117	114	111	110	108	107	106	105	103	96	0	0	0.000	0.000	0	0	0	0	0	0	0	0	0	0	0	0	0	0.000	0.000	0	0	0	0	0	0	0	0	0	0	0
163	163	678	1108.483	840.393	233	173	109	113	44	273	184	123	70	16	140.214	180	164	158	152	147	142	137	130	120	112	100	239.168	383	326	305	289	270	247	226	201	166	132	107	0	0	0.000	0.000	0	0	0	0	0	0	0	0	0	0	0	0	0	0.000	0.000	0	0	0	0	0	0	0	0	0	0	0
164	164	1390	828.413	854.564	158	277	459	343	122	171	570	395	184	37	557.073	830	721	684	658	632	601	556	512	442	300	147	107.071	122	113	110	109	107	107	106	105	104	103	95	0	0	0.000	0.000	0	0	0	0	0	0	0	0	0	0	0	0	0	0.000	0.000	0	0	0	0	0	0	0	0	0	0	0
165	165	1054	401.861	865.721	200	322	373	118	23	105	287	344	252	47	112.046	126	118	116	115	114	112	111	109	108	106	97	234.076	330	299	286	271	258	241	223	204	180	154	118	0	0	0.000	0.000	0	0	0	0	0	0	0	0	0	0	0	0	0	0.000	0.000	0	0	0	0	0	0	0	0	0	0	0
166	166	2354	482.579	882.164	430	724	793	334	18	289	606	977	339	92	137.414	173	155	151	147	143	138	134	129	124	117	103	437.304	703	630	593	552	506	458	395	337	274	216	130	0	0	0.000	0.000	0	0	0	0	0	0	0	0	0	0	0	0	0	0.000	0.000	0	0	0	0	0	0	0	0	0	0	0
167	167	2159	1075.482	887.877	378	460	719	454	111	283	484	751	448	155	456.745	663	579	557	537	516	491	460	411	345	268	152	209.130	280	254	246	239	230	221	208	191	170	142	104	0	0	0.000	0.000	0	0	0	0	0	0	0	0	0	0	0	0	0	0.000	0.000	0	0	0	0	0	0	0	0	0	0	0
168	168	2468	1303.908	889.473	578	961	734	142	24	538	1215	561	107	14	210.483	4005	195	175	169	164	160	156	151	144	135	109	161.709	634	175	169	165	162	158	155	151	144	134	109	1	57	1302.449	870.657	0	0	0	1677	0	0	0	311	0	0	0	1	39	1301.630	870.913	0	0	0	2118	0	0	0	435	0	0	0
169	169	1313	1230.805	894.013	182	407	481	204	20	108	381	487	231	84	107.788	120	112	110	109	109	108	107	106	105	104	97	245.920	334	295	284	273	263	253	244	233	215	184	105	0	0	0.000	0.000	0	0	0	0	0	0	0	0	0	0	0	0	0	0.000	0.000	0	0	0	0	0	0	0	0	0	0	0
170	170	2006	81.107	907.581	449	403	608	395	117	367	580	657	294	74	833.564	1246	1095	1056	1022	979	908	818	724	618	434	160	155.274	212	187	178	170	162	155	148	140	134	124	100	0	0	0.000	0.000	0	0	0	0	0	0	0	0	0	0	0	0	0	0.000	0.000	0	0	0	0	0	0	0	0	0	0	0
171	171	1893	986.955	911.134	243	459	628	459	64	204	544	791	261	64	747.418	1098	947	908	867	835	792	740	678	602	461	173	106.391	120	111	109	108	107	106	105	104	103	102	96	0	0	0.000	0.000	0	0	0	0	0	0	0	0	0	0	0	0	0	0.000	0.000	0	0	0	0	0	0	0	0	0	0	0
172	172	2566	431.813	919.364	387	595	985	470	73	246	597	1001	562	114	128.251	157	141	137	135	132	129	126	122	118	114	99	396.309	634	557	526	493	456	416	372	320	266	197	116	0	0	0.000	0.000	0	0	0	0	0	0	0	0	0	0	0	0	0	0.000	0.000	0	0	0	0	0	0	0	0	0	0	0
173	173	2180	1128.693	923.288	300	529	781	479	44	255	531	864	385	105	813.364	13844	964	574	517	469	432	393	358	319	264	128	327.108	4258	402	253	226	210	199	186	172	158	137	105	1	106	1132.562	929.209	0	0	0	6871	0	0	0	2363	0	0	0	1	125	1132.641	929.001	0	0	0	5782	0	0	0	2048	0	0	0
174	174	1579	1879.922	925.843	173	471	536	313	54	180	674	451	233	15	118.991	139	126	123	122	120	119	118	116	115	112	103	150.422	185	168	164	160	156	153	149	144	138	129	104	0	0	0.000	0.000	0	0	0	0	0	0	0	0	0	0	0	0	0	0.000	0.000	0	0	0	0	0	0	0	0	0	0	0
175	175	1928	948.359	947.477	381	969	492	32	10	280	812	585	199	22	718.297	1134	940	865	821	781	732	683	640	579	454	193	105.810	120	111	109	107	106	105	105	104	103	102	96	0	0	0.000	0.000	0	0	0	0	0	0	0	0	0	0	0	0	0	0.000	0.000	0	0	0	0	0	0	0	0	0	0	0
176	176	1427	1338.459	961.961	181	371	504	263	73	233	748	285	125	14	423.606	8696	516	271	221	203	194	187	177	167	151	112	160.259	862	185	159	150	145	140	137	133	129	121	103	1	57	1336.893	962.945	0	0	0	4088	0	0	0	445	0	0	0	1	58	1337.802	962.918	0	0	0	3742	0	0	0	497	0	0	0
177	177	1170	405.333	961.243	189	444	377	130	19	115	363	427	169	63	126.529	143	135	133	130	129	127	125	123	121	117	107	129.785	154	141	138	135	132	130	128	125	122	118	106	0	0	0.000	0.000	0	0	0	0	0	0	0	0	0	0	0	0	0	0.000	0.000	0	0	0	0	0	0	0	0	0	0	0
178	178	1750	452.347	971.186	113	441	711	334	117	91	590	706	268	61	128.253	157	138	135	132	130	128	126	124	122	118	106	130.433	153	141	137	135	133	131	129	126	124	120	105	0	0	0.000	0.000	0	0	0	0	0	0	0	0	0	0	0	0	0	0.000	0.000	0	0	0	0	0	0	0	0	0	0	0
179	179	1270	1907.149	971.452	168	305	400	303	57	140	570	343	154	32	114.207	132	120	118	117	115	114	113	112	110	108	98	147.523	186	168	162	158	154	149	144	139	133	126	104	0	0	0.000	0.000	0	0	0	0	0	0	0	0	0	0	0	0	0	0.000	0.000	0	0	0	0	0	0	0	0	0	0	0
180	180	2582	1062.004	980.126	316	441	904	637	230	320	613	1141	352	105	2101.507	3163	2842	2677	2539	2392	2234	2058	1818	1497	1131	323	192.793	257	234	224	216	208	199	187	174	159	145	102	0	0	0.000	0.000	0	0	0	0	0	0	0	0	0	0	0	0	0	0.000	0.000	0	0	0	0	0	0	0	0	0	0	0
181	181	2400	488.648	1016.212	233	502	895	585	142	235	797	830	418	70	1472.808	2516	2195	2025	1843	1696	1515	1343	1150	945	653	153	182.949	279	234	220	208	196	183	170	158	146	133	103	0	0	0.000	0.000	0	0	0	0	0	0	0	0	0	0	0	0	0	0.000	0.000	0	0	0	0	0	0	0	0	0	0	0
182	182	2251	1010.963	1010.172	555	602	764	302	11	480	678	727	263	65	1769.432	2847	2527	2306	2158	2035	1927	1794	1569	1161	696	260	174.813	241	212	203	194	186	179	172	162	146	126	105	0	0	0.000	0.000	0	0	0	0	0	0	0	0	0	0	0	0	0	0.000	0.000	0	0	0	0	0	0	0	0	0	0	0
183	183	1598	435.341	1022.682	290	579	469	210	15	208	576	433	318	30	130.071	156	142	138	135	132	130	127	125	123	119	106	130.919	162	147	140	136	133	130	127	125	121	117	103	0	0	0.000	0.000	0	0	0	0	0	0	0	0	0	0	0	0	0	0.000	0.000	0	0	0	0	0	0	0	0	0	0	0
184	184	805	1248.499	1014.635	67	232	288	166	42	82	325	267	84	22	435.998	696	579	534	482	455	431	408	386	360	298	150	106.748	118	111	109	108	107	106	106	105	104	103	97	0	0	0.000	0.000	0	0	0	0	0	0	0	0	0	0	0	0	0	0.000	0.000	0	0	0	0	0	0	0	0	0	0	0
185	185	1616	1164.761	1028.029	251	496	512	288	30	237	618	495	223	21	652.052	1090	864	793	747	699	652	610	564	509	449	183	105.994	119	111	108	107	106	105	105	104	103	102	97	0	0	0.000	0.000	0	0	0	0	0	0	0	0	0	0	0	0	0	0.000	0.000	0	0	0	0	0	0	0	0	0	0	0
186	186	1408	921.076	1034.054	104	313	453	403	99	115	484	524	220	42	165.996	1196	188	168	160	155	151	146	141	136	127	108	141.905	255	162	155	150	145	140	136	132	128	121	101	1	28	913.572	1037.124	0	0	0	678	0	0	0	199	0	0	0	0	0	0.000	0.000	0	0	0	0	0	0	0	0	0	0	0
187	187	1749	1850.740	1053.780	447	653	510	95	17	339	689	424	231	31	219.752	314	275	261	248	237	224	211	195	179	155	123	571.863	920	813	757	697	639	575	521	456	388	317	166	0	0	0.000	0.000	0	0	0	0	0	0	0	0	0	0	0	0	0	0.000	0.000	0	0	0	0	0	0	0	0	0	0	0
188	188	1469	225.090	1053.500	304	383	444	273	36	246	322	556	245	80	114.993	134	122	120	118	116	115	114	112	110	108	100	134.867	164	149	145	142	139	137	134	130	125	116	101	0	0	0.000	0.000	0	0	0	0	0	0	0	0	0	0	0	0	0	0.000	0.000	0	0	0	0	0	0	0	0	0	0	0
189	189	1181	796.801	1064.737	104	230	443	298	82	101	351	474	171	61	111.614	125	117	115	114	113	112	111	109	108	107	98	172.986	232	208	199	190	182	174	165	156	148	138	112	0	0	0.000	0.000	0	0	0	0	0	0	0	0	0	0	0	0	0	0.000	0.000	0	0	0	0	0	0	0	0	0	0	0
190	190	1620	1280.572	1070.081	396	621	416	125	44	410	730	313	111	27	114.646	137	122	119	117	116	114	113	111	110	108	99	157.133	238	194	177	168	160	153	148	142	134	125	106	0	0	0.000	0.000	0	0	0	0	0	0	0	0	0	0	0	0	0	0.000	0.000	0	0	0	0	0	0	0	0	0	0	0
191	191	1400	1917.770	1073.408	328	488	394	138	33	245	607	349	152	22	186.819	1693	196	182	176	172	167	161	154	143	126	102	208.093	341	258	248	240	231	220	206	187	164	132	102	1	38	1911.750	1076.885	0	0	0	806	0	0	0	277	0	0	0	0	0	0.000	0.000	0	0	0	0	0	0	0	0	0	0	0
192	192	1279	1191.534	1070.836	155	468	437	178	22	247	651	270	78	6	606.710	922	771	720	690	666	633	598	558	499	381	148	106.065	117	110	108	107	107	106	105	104	104	103	97	0	0	0.000	0.000	0	0	0	0	0	0	0	0	0	0	0	0	0	0.000	0.000	0	0	0	0	0	0	0	0	0	0	0
193	193	726	469.685	1070.582	160	191	208	118	37	185	250	185	71	22	1062.955	2148	1726	1510	1279	1104	983	860	795	737	490	194	107.493	118	111	110	109	108	107	107	106	105	104	99	0	0	0.000	0.000	0	0	0	0	0	0	0	0	0	0	0	0	0	0.000	0.000	0	0	0	0	0	0	0	0	0	0	0
194	194	1516	530.689	1075.019	187	373	523	359	44	158	577	490	244	22	235.489	329	281	270	263	256	246	233	217	197	172	118	141.212	178	161	154	150	146	143	140	136	128	115	101	0	0	0.000	0.000	0	0	0	0	0	0	0	0	0	0	0	0	0	0.000	0.000	0	0	0	0	0	0	0	0	0	0	0
195	195	1938	1078.274	1078.024	405	400	589	404	99	390	683	562	237	29	458.788	9368	510	345	317	297	283	270	250	218	182	118	290.193	3005	333	298	276	259	244	228	208	181	138	104	1	61	1082.022	1066.796	0	0	0	4222	0	0	0	921	0	0	0	1	60	1083.444	1065.360	0	0	0	1638	0	0	0	1554	0	0	0
196	196	1908	843.636	1087.754	278	636	617	305	39	263	829	604	155	23	110.764	126	116	114	113	112	111	110	109	107	106	97	176.386	241	206	198	191	185	178	171	164	155	140	111	0	0	0.000	0.000	0	0	0	0	0	0	0	0	0	0	0	0	0	0.000	0.000	0	0	0	0	0	0	0	0	0	0	0
197	197	1852	775.612	1102.891	196	456	602	402	159	180	527	652	413	52	110.771	122	115	114	113	112	111	110	109	108	106	89	234.941	322	286	275	267	256	243	230	217	200	164	108	0	0	0.000	0.000	0	0	0	0	0	0	0	0	0	0	0	0	0	0.000	0.000	0	0	0	0	0	0	0	0	0	0	0
198	198	500	1312.640	1093.440	309	101	29	31	28	302	104	40	36	15	135.112	162	151	147	143	140	136	132	128	123	117	105	209.030	280	256	245	235	225	214	204	188	173	151	112	0	0	0.000	0.000	0	0	0	0	0	0	0	0	0	0	0	0	0	0.000	0.000	0	0	0	0	0	0	0	0	0	0	0
199	199	2323	1844.346	1110.293	478	744	817	220	25	382	979	718	170	25	614.985	14722	617	279	244	226	214	203	194	183	163	116	916.512	12783	1053	820	742	663	598	537	485	445	346	171	1	109	1830.516	1112.939	0	0	0	6845	0	0	0	5967	0	0	0	1	103	1830.704	1112.701	0	0	0	7019	0	0	0	6291	0	0	0
200	200	1689	1128.000	1107.006	297	538	499	309	17	248	643	437	256	66	339.695	1329	420	393	375	358	343	323	298	269	237	137	254.214	687	300	285	276	266	255	245	234	215	187	119	0	0	0.000	0.000	0	0	0	0	0	0	0	0	0	0	0	0	0	0.000	0.000	0	0	0	0	0	0	0	0	0	0	0
201	201	1551	1273.517	1120.754	209	457	530	298	39	207	568	470	240	40	256.943	3514	296	231	214	203	191	181	171	163	152	113	146.648	695	164	154	146	140	134	130	125	121	117	100	1	49	1269.229	1127.137	0	0	0	1518	0	0	0	279	0	0	0	1	49	1267.449	1127.062	0	0	0	892	0	0	0	369	0	0	0
202	202	1765	951.720	1129.515	597	630	392	96	23	563	668	334	128	42	117.559	136	126	123	121	119	118	116	114	112	109	98	638.100	975	886	836	779	724	670	597	531	453	334	164	0	0	0.000	0.000	0	0	0	0	0	0	0	0	0	0	0	0	0	0.000	0.000	0	0	0	0	0	0	0	0	0	0	0
203	203	1780	1911.373	1125.070	212	571	717	221	34	236	888	445	140	30	489.440	11165	553	245	209	199	190	183	176	168	158	116	253.235	1153	316	277	260	248	234	220	203	185	169	114	1	85	1919.104	1133.488	0	0	0	4815	0	0	0	653	0	0	0	1	56	1918.885	1132.389	0	0	0	5409	0	0	0	827	0	0	0
204	204	1766	262.680	1131.032	287	633	588	183	30	324	844	484	75	12	921.600	1527	1311	1186	1059	972	898	849	800	716	539	192	159.941	222	190	180	173	166	160	154	147	141	130	106	0	0	0.000	0.000	0	0	0	0	0	0	0	0	0	0	0	0	0	0.000	0.000	0	0	0	0	0	0	0	0	0	0	0
205	205	1450	1580.620	1141.968	161	276	491	376	122	161	401	562	212	77	126.041	145	137	134	131	129	127	124	122	118	114	103	104.011	114	107	106	105	104	104	103	103	102	101	95	0	0	0.000	0.000	0	0	0	0	0	0	0	0	0	0	0	0	0	0.000	0.000	0	0	0	0	0	0	0	0	0	0	0
206	206	1694	1335.233	1161.347	260	679	567	154	4	224	953	381	105	5	537.989	835	705	660	622	586	551	508	464	421	349	187	138.994	171	157	151	146	142	139	135	132	128	122	104	0	0	0.000	0.000	0	0	0	0	0	0	0	0	0	0	0	0	0	0.000	0.000	0	0	0	0	0	0	0	0	0	0	0
207	207	2002	928.940	1174.081	1830	77	40	29	21	1815	83	40	31	25	105.361	119	109	108	107	106	105	104	104	103	102	96	135.905	247	180	153	138	132	127	123	119	116	111	100	0	0	0.000	0.000	0	0	0	0	0	0	0	0	0	0	0	0	0	0.000	0.000	0	0	0	0	0	0	0	0	0	0	0
208	208	1774	566.667	1177.954	222	457	610	375	72	200	784	507	223	22	561.117	830	710	665	634	612	591	565	519	462	367	140	143.694	183	163	157	152	148	144	141	137	131	122	105	0	0	0.000	0.000	0	0	0	0	0	0	0	0	0	0	0	0	0	0.000	0.000	0	0	0	0	0	0	0	0	0	0	0
209	209	1819	1590.787	1192.182	226	355	610	406	190	251	521	667	250	103	125.883	156	139	134	131	128	126	124	120	117	111	101	105.252	119	109	107	106	105	105	104	104	103	102	94	0	0	0.000	0.000	0	0	0	0	0	0	0	0	0	0	0	0	0	0.000	0.000	0	0	0	0	0	0	0	0	0	0	0
210	210	2117	620.291	1195.418	287	664	732	351	44	268	752	678	338	42	740.604	11068	733	649	612	587	563	532	493	423	326	147	162.492	1183	174	160	153	147	142	137	132	128	122	105	1	66	603.102	1190.105	0	0	0	5727	0	0	0	633	0	0	0	1	72	602.773	1190.284	0	0	0	5428	0	0	0	592	0	0	0
211	211	2000	1195.336	1206.416	318	733	558	309	46	467	818	530	139	6	624.715	14229	707	293	231	216	203	186	175	163	143	107	347.215	2582	428	363	340	314	289	265	246	223	181	117	1	105	1200.428	1197.650	0	0	0	6611	0	0	0	1281	0	0	0	1	78	1200.415	1197.719	0	0	0	8607	0	0	0	1522	0	0	0
212	212	1864	1878.373	1213.834	182	510	626	378	136	108	575	691	352	95	112.026	125	117	116	114	113	112	111	110	108	107	100	221.804	306	270	256	242	231	221	211	203	192	175	124	0	0	0.000	0.000	0	0	0	0	0	0	0	0	0	0	0	0	0	0.000	0.000	0	0	0	0	0	0	0	0	0	0	0
213	213	1862	456.668	1220.468	235	384	705	425	80	228	656	627	239	70	395.691	551	498	476	455	436	417	394	360	317	257	139	124.302	156	137	132	129	127	124	122	119	116	112	100	0	0	0.000	0.000	0	0	0	0	0	0	0	0	0	0	0	0	0	0.000	0.000	0	0	0	0	0	0	0	0	0	0	0
214	214	1501	276.195	1227.274	385	491	469	120	14	320	573	427	147	11	351.245	7910	396	198	171	163	158	153	147	140	130	104	144.733	698	158	147	141	136	132	127	123	119	114	103	1	58	267.836	1237.554	0	0	0	3533	0	0	0	401	0	0	0	1	62	268.206	1237.233	0	0	0	3336	0	0	0	383	0	0	0
215	215	1905	1684.666	1239.091	474	618	534	208	33	503	756	426	160	25	324.213	471	408	385	365	348	331	312	293	270	229	131	164.233	216	192	184	178	171	165	159	153	146	134	103	0	0	0.000	0.000	0	0	0	0	0	0	0	0	0	0	0	0	0	0.000	0.000	0	0	0	0	0	0	0	0	0	0	0
216	216	856	1634.364	1234.601	94	176	272	213	82	53	236	281	241	33	250.591	358	300	281	270	262	253	244	231	218	199	151	145.792	187	167	161	155	150	145	140	135	132	127	113	0	0	0.000	0.000	0	0	0	0	0	0	0	0	0	0	0	0	0	0.000	0.000	0	0	0	0	0	0	0	0	0	0	0
217	217	2145	682.285	1255.579	1188	563	258	81	18	1212	556	272	68	16	192.697	4609	176	142	136	131	128	125	121	118	115	102	415.411	3293	544	482	433	401	370	346	317	286	254	160	1	49	691.168	1270.511	0	0	0	1935	0	0	0	1483	0	0	0	1	38	690.725	1269.470	0	0	0	1923	0	0	0	1890	0	0	0
218	218	2512	1569.991	1256.654	374	820	716	472	73	340	884	751	417	71	313.411	7048	322	212	195	184	173	162	152	144	135	109	226.786	1845	263	238	223	210	196	182	169	158	146	116	1	81	1560.508	1260.468	0	0	0	3201	0	0	0	915	0	0	0	1	72	1560.562	1260.300	0	0	0	3752	0	0	0	1061	0	0	0
219	219	2407	1215.810	1266.292	426	867	658	342	68	509	926	614	276	38	485.172	11811	522	249	220	208	198	188	178	167	150	113	276.066	3923	298	225	212	200	188	178	168	158	144	108	1	103	1211.323	1264.205	0	0	0	5135	0	0	0	1701	0	0	0	1	95	1211.207	1264.454	0	0	0	5406	0	0	0	1798	0	0	0
220	220	655	734.854	1253.842	60	234	160	118	71	77	239	175	110	39	144.156	181	161	155	151	148	145	142	138	134	126	105	182.513	235	213	201	194	188	183	179	173	164	151	126	0	0	0.000	0.000	0	0	0	0	0	0	0	0	0	0	0	0	0	0.000	0.000	0	0	0	0	0	0	0	0	0	0	0
221	221	1178	911.800	1260.715	136	317	429	208	64	162	467	381	122	28	521.349	771	653	614	587	561	536	506	475	429	361	212	134.026	159	147	143	140	137	134	132	129	126	121	105	0	0	0.000	0.000	0	0	0	0	0	0	0	0	0	0	0	0	0	0.000	0.000	0	0	0	0	0	0	0	0	0	0	0
222	222	1862	434.924	1268.409	407	555	516	291	57	334	596	580	263	68	1008.924	17075	1258	557	511	483	460	429	385	334	263	148	175.545	1486	210	150	138	131	127	123	120	117	113	101	1	110	426.614	1260.687	0	0	0	7812	0	0	0	766	0	0	0	1	112	426.868	1260.942	0	0	0	7799	0	0	0	745	0	0	0
223	223	900	296.661	1266.745	488	322	37	19	15	505	285	66	22	8	159.107	211	184	177	171	167	163	157	151	142	125	103	134.490	174	156	150	145	141	136	130	124	118	111	99	0	0	0.000	0.000	0	0	0	0	0	0	0	0	0	0	0	0	0	0.000	0.000	0	0	0	0	0	0	0	0	0	0	0
224	224	1233	1101.615	1268.257	135	238	406	308	121	140	522	321	167	64	585.874	849	745	687	654	628	599	571	534	478	408	270	106.591	116	110	109	108	107	107	106	105	105	103	98	0	0	0.000	0.000	0	0	0	0	0	0	0	0	0	0	0	0	0	0.000	0.000	0	0	0	0	0	0	0	0	0	0	0
225	225	1691	1925.643	1275.407	171	442	606	364	80	154	473	638	301	87	692.906	1052	910	846	802	764	725	679	621	530	426	172	217.640	305	262	251	241	231	222	211	199	184	166	122	0	0	0.000	0.000	0	0	0	0	0	0	0	0	0	0	0	0	0	0.000	0.000	0	0	0	0	0	0	0	0	0	0	0
226	226	1026	84.114	1271.920	157	262	406	163	19	121	288	421	148	32	677.175	974	866	829	787	743	701	660	622	565	432	169	126.521	151	139	135	132	129	127	125	122	119	114	102	0	0	0.000	0.000	0	0	0	0	0	0	0	0	0	0	0	0	0	0.000	0.000	0	0	0	0	0	0	0	0	0	0	0
227	227	1372	1627.922	1275.161	139	246	478	374	113	95	370	607	206	62	172.562	224	199	193	188	183	178	171	162	150	136	110	196.467	264	230	221	214	208	201	194	185	171	154	119	0	0	0.000	0.000	0	0	0	0	0	0	0	0	0	0	0	0	0	0.000	0.000	0	0	0	0	0	0	0	0	0	0	0
228	228	1039	257.804	1279.572	137	445	354	80	11	62	383	357	144	64	113.324	129	119	117	116	115	113	112	111	109	107	99	139.253	163	151	147	145	143	141	138	135	131	125	107	0	0	0.000	0.000	0	0	0	0	0	0	0	0	0	0	0	0	0	0.000	0.000	0	0	0	0	0	0	0	0	0	0	0
229	229	2121	771.795	1283.482	267	624	730	399	67	218	826	710	270	58	379.877	8957	364	223	203	190	177	168	161	153	142	103	233.796	1076	288	264	248	231	214	201	189	178	164	106	1	85	789.966	1280.572	0	0	0	3802	0	0	0	607	0	0	0	1	54	789.847	1280.037	0	0	0	5672	0	0	0	753	0	0	0
230	230	1582	1716.643	1286.427	148	365	552	374	110	174	650	446	224	59	348.401	519	427	405	388	372	356	334	312	289	256	177	176.261	244	209	199	190	184	177	169	162	154	145	113	0	0	0.000	0.000	0	0	0	0	0	0	0	0	0	0	0	0	0	0.000	0.000	0	0	0	0	0	0	0	0	0	0	0
231	231	1799	1762.241	1296.492	233	418	729	342	51	186	390	707	354	129	1497.170	16313	2020	1278	1145	1055	969	889	807	664	463	169	348.316	5020	468	241	213	200	186	174	162	149	131	104	1	109	1756.640	1289.551	0	0	0	9135	0	0	0	2043	0	0	0	1	108	1757.442	1289.404	0	0	0	9136	0	0	0	2302	0	0	0
232	232	1857	862.357	1315.301	146	446	681	417	137	140	624	785	196	73	498.191	12080	552	265	220	206	196	188	179	165	152	120	187.606	1818	201	165	158	153	149	145	140	135	128	109	1	77	862.279	1324.325	0	0	0	5572	0	0	0	861	0	0	0	1	72	862.292	1324.290	0	0	0	6103	0	0	0	904	0	0	0
233	233	2037	1893.353	1318.040	308	535	671	446	29	223	516	682	477	96	896.208	11580	1156	882	759	695	637	586	519	474	405	179	266.919	2987	326	248	223	210	200	192	183	172	156	115	1	72	1899.486	1310.327	0	0	0	5876	0	0	0	1532	0	0	0	1	72	1898.981	1310.825	0	0	0	5876	0	0	0	1533	0	0	0
234	234	1764	1036.285	1320.376	304	556	567	269	31	234	650	555	254	39	2692.725	7653	3603	3258	3016	2826	2691	2550	2367	2107	1781	491	234.025	857	278	259	246	233	225	217	209	197	180	117	0	0	0.000	0.000	0	0	0	0	0	0	0	0	0	0	0	1	25	1023.297	1318.212	0	0	0	4235	0	0	0	621	0	0	0
235	235	1432	984.377	1319.246	142	592	505	143	17	98	576	441	213	77	805.279	7141	921	832	765	729	684	644	604	569	511	282	163.219	956	174	163	156	151	147	142	138	134	129	112	1	42	976.172	1304.864	0	0	0	3979	0	0	0	561	0	0	0	1	42	975.676	1305.492	0	0	0	3979	0	0	0	561	0	0	0
236	236	1267	264.559	1322.326	252	416	405	145	23	219	459	362	158	34	114.710	128	121	119	117	116	115	114	112	111	109	96	142.086	174	158	153	149	146	143	140	136	131	125	108	0	0	0.000	0.000	0	0	0	0	0	0	0	0	0	0	0	0	0	0.000	0.000	0	0	0	0	0	0	0	0	0	0	0
237	237	1622	1643.086	1326.671	398	521	402	238	34	354	516	530	161	31	1420.152	2286	1904	1764	1666	1586	1507	1422	1282	1052	738	230	109.475	125	116	114	112	110	109	108	106	105	104	97	0	0	0.000	0.000	0	0	0	0	0	0	0	0	0	0	0	0	0	0.000	0.000	0	0	0	0	0	0	0	0	0	0	0
238	238	1450	805.088	1325.035	214	429	513	250	19	141	547	464	239	31	228.330	2252	249	225	216	207	199	192	181	169	153	113	144.269	472	160	152	148	143	139	136	132	128	122	105	1	34	805.762	1335.611	0	0	0	1097	0	0	0	297	0	0	0	1	31	806.009	1335.238	0	0	0	1097	0	0	0	300	0	0	0
239	239	1582	1837.644	1329.771	166	407	630	300	48	162	794	472	121	9	606.798	851	746	707	683	664	640	611	572	512	399	189	202.943	278	237	229	220	213	205	198	190	181	163	126	0	0	0.000	0.000	0	0	0	0	0	0	0	0	0	0	0	0	0	0.000	0.000	0	0	0	0	0	0	0	0	0	0	0
240	240	1075	935.486	1329.661	87	292	359	240	81	104	533	253	121	40	367.512	519	440	421	405	390	372	357	339	315	283	146	134.590	170	154	146	140	135	132	130	127	123	120	106	0	0	0.000	0.000	0	0	0	0	0	0	0	0	0	0	0	0	0	0.000	0.000	0	0	0	0	0	0	0	0	0	0	0
241	241	602	1179.637	1337.969	66	94	121	179	134	56	134	234	129	38	529.214	760	700	659	628	595	560	509	455	397	315	184	106.319	124	110	108	108	107	106	106	105	104	103	98	0	0	0.000	0.000	0	0	0	0	0	0	0	0	0	0	0	0	0	0.000	0.000	0	0	0	0	0	0	0	0	0	0	0
242	242	1627	1730.662	1358.742	175	468	545	319	96	148	503	634	249	56	113.056	127	118	117	115	114	113	112	111	109	108	99	147.655	194	172	163	157	151	147	143	138	133	124	104	0	0	0.000	0.000	0	0	0	0	0	0	0	0	0	0	0	0	0	0.000	0.000	0	0	0	0	0	0	0	0	0	0	0
243	243	1105	841.298	1361.815	298	343	242	183	22	279	367	265	147	27	345.752	468	421	401	382	368	354	333	317	293	264	174	118.071	142	130	126	123	119	117	114	112	111	108	101	0	0	0.000	0.000	0	0	0	0	0	0	0	0	0	0	0	0	0	0.000	0.000	0	0	0	0	0	0	0	0	0	0	0
244	244	1846	1864.363	1376.031	221	490	668	361	80	196	575	649	284	106	763.060	8891	861	759	704	662	618	570	529	478	395	135	242.945	2268	263	240	226	217	206	196	185	172	156	113	1	54	1873.585	1361.554	0	0	0	4844	0	0	0	1305	0	0	0	1	59	1873.529	1361.154	0	0	0	4479	0	0	0	1187	0	0	0
245	245	1413	1662.748	1376.434	209	471	438	256	22	139	481	483	206	73	1327.150	1940	1743	1654	1583	1488	1400	1321	1208	1033	746	305	107.807	122	114	111	109	108	107	106	105	104	103	96	0	0	0.000	0.000	0	0	0	0	0	0	0	0	0	0	0	0	0	0.000	0.000	0	0	0	0	0	0	0	0	0	0	0
246	246	1163	1175.202	1377.282	199	301	355	260	37	137	421	376	176	27	167.666	208	190	183	178	173	169	166	160	153	143	115	179.206	237	210	201	194	186	180	173	166	158	148	114	0	0	0.000	0.000	0	0	0	0	0	0	0	0	0	0	0	0	0	0.000	0.000	0	0	0	0	0	0	0	0	0	0	0
247	247	1645	128.147	1384.416	233	488	508	319	61	216	638	457	232	64	426.876	636	558	522	495	464	440	417	390	338	272	119	142.244	183	163	158	153	148	144	140	135	128	115	100	0	0	0.000	0.000	0	0	0	0	0	0	0	0	0	0	0	0	0	0.000	0.000	0	0	0	0	0	0	0	0	0	0	0
248	248	1511	1029.192	1394.194	149	334	588	322	89	110	493	615	215	40	1819.919	18637	4334	1241	864	744	675	632	581	496	376	138	357.056	3209	771	270	200	176	165	158	150	140	127	103	1	167	1033.138	1392.456	0	0	0	9779	0	0	0	1619	0	0	0	1	169	1032.873	1391.991	0	0	0	9508	0	0	0	1610	0	0	0
249	249	1674	326.703	1392.564	319	419	473	324	104	267	455	513	325	85	113.350	131	120	118	116	115	113	112	110	109	107	99	140.846	183	160	154	150	145	142	138	133	128	120	102	0	0	0.000	0.000	0	0	0	0	0	0	0	0	0	0	0	0	0	0.000	0.000	0	0	0	0	0	0	0	0	0	0	0
250	250	1941	1818.302	1406.789	245	550	692	327	89	213	592	778	264	54	315.506	2743	367	345	326	312	296	282	267	249	220	128	151.772	710	168	161	155	151	147	143	139	135	127	106	1	26	1805.698	1414.830	0	0	0	1484	0	0	0	451	0	0	0	1	30	1806.014	1414.579	0	0	0	1440	0	0	0	417	0	0	0
251	251	1472	925.429	1405.733	127	404	595	303	14	111	436	561	247	97	660.022	11498	762	444	401	375	356	335	307	279	242	135	172.990	1459	190	151	144	138	133	128	125	121	117	104	1	70	916.430	1399.444	0	0	0	5300	0	0	0	787	0	0	0	1	76	916.738	1399.492	0	0	0	5110	0	0	0	752	0	0	0
252	252	1854	802.052	1411.407	281	596	538	315	79	273	761	447	269	75	435.076	624	542	512	495	479	459	433	395	348	286	187	121.086	146	131	127	125	123	121	119	117	115	111	100	0	0	0.000	0.000	0	0	0	0	0	0	0	0	0	0	0	0	0	0.000	0.000	0	0	0	0	0	0	0	0	0	0	0
253	253	2119	978.517	1419.713	304	391	738	475	172	230	558	849	321	127	680.403	1053	940	892	839	779	708	631	559	475	363	174	162.149	224	201	190	181	172	162	152	144	134	123	106	0	0	0.000	0.000	0	0	0	0	0	0	0	0	0	0	0	0	0	0.000	0.000	0	0	0	0	0	0	0	0	0	0	0
254	254	1000	849.207	1411.628	95	327	281	211	70	91	401	313	132	40	364.617	519	456	429	404	383	366	350	331	310	279	143	119.463	140	129	126	123	121	119	117	115	113	110	102	0	0	0.000	0.000	0	0	0	0	0	0	0	0	0	0	0	0	0	0.000	0.000	0	0	0	0	0	0	0	0	0	0	0
255	255	1770	677.729	1420.936	749	530	367	85	15	601	648	306	160	29	120.626	139	130	127	125	123	121	119	117	114	110	102	108.062	127	114	111	110	108	107	107	106	105	103	99	0	0	0.000	0.000	0	0	0	0	0	0	0	0	0	0	0	0	0	0.000	0.000	0	0	0	0	0	0	0	0	0	0	0
256	256	1793	99.749	1423.935	315	698	538	190	24	266	688	528	232	47	371.109	524	459	442	425	406	387	366	341	302	253	140	136.180	170	154	149	145	142	139	134	129	123	114	99	0	0	0.000	0.000	0	0	0	0	0	0	0	0	0	0	0	0	0	0.000	0.000	0	0	0	0	0	0	0	0	0	0	0
257	257	1418	1433.689	1421.569	104	310	523	354	103	102	398	557	247	84	213.129	273	246	238	233	229	223	215	203	187	163	114	187.537	237	216	210	204	199	194	187	178	166	148	108	0	0	0.000	0.000	0	0	0	0	0	0	0	0	0	0	0	0	0	0.000	0.000	0	0	0	0	0	0	0	0	0	0	0
258	258	1950	1484.175	1422.568	313	822	527	241	15	213	746	640	239	73	584.520	12579	671	309	266	248	234	221	207	191	175	105	251.864	2455	294	224	212	204	194	184	174	164	153	104	1	97	1473.124	1421.128	0	0	0	5280	0	0	0	1141	0	0	0	1	85	1473.197	1420.883	0	0	0	6103	0	0	0	1215	0	0	0
259	259	1707	1228.975	1422.511	406	704	422	136	13	320	649	530	148	34	280.828	5741	279	208	199	187	177	171	164	155	140	112	210.491	1188	252	234	220	206	193	181	171	161	144	112	1	49	1245.448	1410.100	0	0	0	2683	0	0	0	589	0	0	0	1	43	1245.418	1411.038	0	0	0	2215	0	0	0	688	0	0	0
260	260	1492	1360.824	1438.201	227	301	482	378	79	215	479	492	228	51	181.718	1010	200	190	184	179	173	165	157	148	134	105	212.869	443	259	247	237	227	218	206	193	180	152	106	1	41	1347.739	1433.530	0	0	0	536	0	0	0	316	0	0	0	0	0	0.000	0.000	0	0	0	0	0	0	0	0	0	0	0
261	261	920	146.994	1440.932	224	284	276	101	14	163	258	232	198	57	316.830	479	417	394	379	358	336	314	281	232	171	112	134.510	167	152	147	144	140	136	132	127	121	113	100	0	0	0.000	0.000	0	0	0	0	0	0	0	0	0	0	0	0	0	0.000	0.000	0	0	0	0	0	0	0	0	0	0	0
262	262	2102	1858.697	1459.348	389	616	754	266	40	294	510	655	464	139	1329.437	22451	2283	538	302	238	212	200	187	172	150	106	282.132	3192	414	195	167	158	151	145	138	132	123	103	1	184	1860.561	1463.892	0	0	0	10232	0	0	0	1336	0	0	0	1	163	1860.349	1463.514	0	0	0	11732	0	0	0	1530	0	0	0
263	263	1708	205.628	1457.651	188	408	593	389	107	179	617	627	224	27	458.198	696	591	551	519	493	465	440	410	374	309	165	105.824	118	110	108	107	106	106	105	104	103	102	96	0	0	0.000	0.000	0	0	0	0	0	0	0	0	0	0	0	0	0	0.000	0.000	0	0	0	0	0	0	0	0	0	0	0
264	264	1237	1805.680	1457.052	181	364	386	240	41	158	429	389	196	48	200.555	270	239	228	220	211	204	195	186	175	159	114	155.526	195	177	171	166	162	157	153	146	140	132	108	0	0	0.000	0.000	0	0	0	0	0	0	0	0	0	0	0	0	0	0.000	0.000	0	0	0	0	0	0	0	0	0	0	0
265	265	1165	808.965	1463.698	69	324	456	248	44	60	347	527	165	39	426.288	619	532	506	485	459	441	419	390	346	296	175	120.042	140	130	127	125	122	120	118	115	113	110	102	0	0	0.000	0.000	0	0	0	0	0	0	0	0	0	0	0	0	0	0.000	0.000	0	0	0	0	0	0	0	0	0	0	0
266	266	1406	1091.303	1465.880	173	470	480	241	21	161	476	474	207	62	195.095	1425	210	194	187	181	176	171	166	158	146	109	162.533	353	187	176	170	165	161	156	151	146	137	109	1	32	1104.828	1472.345	0	0	0	726	0	0	0	255	0	0	0	0	0	0.000	0.000	0	0	0	0	0	0	0	0	0	0	0
267	267	1810	1170.239	1473.734	293	403	631	356	92	251	550	660	257	55	117.484	132	124	122	120	119	117	116	115	113	111	102	155.863	213	190	181	172	164	156	149	141	134	119	103	0	0	0.000	0.000	0	0	0	0	0	0	0	0	0	0	0	0	0	0.000	0.000	0	0	0	0	0	0	0	0	0	0	0
268	268	1000	525.069	1470.738	280	278	325	80	17	188	369	304	92	30	952.436	1804	1560	1293	1115	998	899	823	765	641	443	233	108.354	122	114	112	110	109	108	107	106	105	103	98	0	0	0.000	0.000	0	0	0	0	0	0	0	0	0	0	0	0	0	0.000	0.000	0	0	0	0	0	0	0	0	0	0	0
269	269	1510	1294.923	1489.453	168	523	468	266	55	82	630	515	211	44	288.262	419	361	345	330	313	295	279	262	234	195	120	106.128	121	111	109	108	107	105	105	104	103	102	95	0	0	0.000	0.000	0	0	0	0	0	0	0	0	0	0	0	0	0	0.000	0.000	0	0	0	0	0	0	0	0	0	0	0
270	270	1794	252.077	1494.776	190	444	666	367	89	180	486	804	236	57	112.726	168	119	117	115	114	112	111	110	108	106	99	137.574	173	155	149	146	142	139	135	131	127	118	100	0	0	0.000	0.000	0	0	0	0	0	0	0	0	0	0	0	0	0	0.000	0.000	0	0	0	0	0	0	0	0	0	0	0
271	271	1473	708.556	1488.416	348	428	343	265	60	281	676	282	173	36	379.940	568	495	466	441	419	397	377	341	298	227	140	106.972	125	111	109	108	107	107	106	105	104	103	97	0	0	0.000	0.000	0	0	0	0	0	0	0	0	0	0	0	0	0	0.000	0.000	0	0	0	0	0	0	0	0	0	0	0
272	272	1420	757.131	1489.979	200	455	535	179	27	139	537	517	155	38	389.280	591	514	480	450	430	405	373	342	301	240	131	108.642	131	115	112	110	109	108	107	106	105	104	98	0	0	0.000	0.000	0	0	0	0	0	0	0	0	0	0	0	0	0	0.000	0.000	0	0	0	0	0	0	0	0	0	0	0
273	273	1889	409.941	1505.029	296	707	677	162	12	153	682	695	282	50	399.762	9167	413	234	210	197	188	179	170	160	143	107	156.556	659	176	165	158	152	146	141	136	131	124	101	1	76	414.894	1513.510	0	0	0	4074	0	0	0	365	0	0	0	1	51	415.277	1513.500	0	0	0	5560	0	0	0	437	0	0	0
274	274	1513	363.041	1500.726	206	488	421	289	80	295	510	431	195	52	113.122	129	118	117	115	114	113	112	111	109	108	100	138.117	170	152	148	144	141	139	135	132	129	124	108	0	0	0.000	0.000	0	0	0	0	0	0	0	0	0	0	0	0	0	0.000	0.000	0	0	0	0	0	0	0	0	0	0	0
275	275	1739	131.277	1504.914	311	589	498	249	49	196	542	548	328	94	700.932	7630	812	719	672	640	599	552	508	434	325	158	155.015	1024	161	152	148	144	140	136	131	124	116	104	1	50	141.109	1512.158	0	0	0	4138	0	0	0	380	0	0	0	1	57	140.219	1513.661	0	0	0	2554	0	0	0	554	0	0	0
276	276	2424	1046.427	1505.687	1327	980	42	14	8	1290	1007	47	16	12	1894.575	24931	3933	808	435	333	297	277	261	242	209	128	358.764	3480	608	249	201	186	178	170	162	153	143	112	1	287	1047.426	1500.068	0	0	0	11673	0	0	0	1460	0	0	0	1	247	1047.220	1499.565	0	0	0	14968	0	0	0	1720	0	0	0
277	277	3517	809.409	1520.317	2892	500	74	21	14	2755	607	70	27	26	215.346	3560	315	281	247	202	167	145	124	113	109	99	146.780	572	197	172	160	151	140	123	113	108	106	99	0	0	0.000	0.000	0	0	0	0	0	0	0	0	0	0	0	1	36	835.354	1508.536	0	0	0	655	0	0	0	338	0	0	0
278	278	1820	1831.758	1512.613	198	619	695	228	36	102	526	758	292	106	266.592	4456	268	229	215	204	194	185	176	164	149	125	149.939	788	164	155	148	142	137	133	129	125	121	107	1	49	1816.524	1506.546	0	0	0	2051	0	0	0	360	0	0	0	1	50	1817.418	1506.443	0	0	0	1977	0	0	0	424	0	0	0
279	279	1041	1455.035	1517.311	167	337	301	174	40	147	412	247	146	80	112.481	150	119	116	114	113	112	111	110	108	107	100	261.868	402	340	310	290	276	266	254	237	213	177	122	0	0	0.000	0.000	0	0	0	0	0	0	0	0	0	0	0	0	0	0.000	0.000	0	0	0	0	0	0	0	0	0	0	0
280	280	1722	1555.847	1521.798	266	552	591	251	29	203	612	596	247	33	133.425	160	147	143	140	138	135	132	129	125	117	104	149.521	195	175	168	161	155	149	145	140	134	122	106	0	0	0.000	0.000	0	0	0	0	0	0	0	0	0	0	0	0	0	0.000	0.000	0	0	0	0	0	0	0	0	0	0	0
281	281	1242	88.604	1521.106	157	381	384	246	49	119	511	410	153	25	514.163	736	648	624	604	585	559	526	469	389	301	141	134.063	160	147	144	141	138	135	132	129	125	119	104	0	0	0.000	0.000	0	0	0	0	0	0	0	0	0	0	0	0	0	0.000	0.000	0	0	0	0	0	0	0	0	0	0	0
282	282	1048	326.750	1532.635	176	290	303	225	39	142	438	290	142	16	111.320	129	117	115	113	112	111	110	109	108	106	100	131.102	151	143	139	136	134	132	130	127	124	119	104	0	0	0.000	0.000	0	0	0	0	0	0	0	0	0	0	0	0	0	0.000	0.000	0	0	0	0	0	0	0	0	0	0	0
283	283	1165	1337.082	1536.345	182	284	414	234	29	150	312	451	178	51	263.252	393	343	328	314	303	279	258	230	188	147	109	106.512	117	111	109	108	107	106	106	105	104	103	96	0	0	0.000	0.000	0	0	0	0	0	0	0	0	0	0	0	0	0	0.000	0.000	0	0	0	0	0	0	0	0	0	0	0
284	284	1588	522.842	1538.467	463	414	440	186	57	355	459	426	249	81	2034.559	3853	3280	2784	2391	2240	2103	1925	1644	1181	727	297	109.911	128	117	114	112	111	109	108	107	106	104	99	0	0	0.000	0.000	0	0	0	0	0	0	0	0	0	0	0	0	0	0.000	0.000	0	0	0	0	0	0	0	0	0	0	0
285	285	2141	1878.743	1548.345	417	879	648	139	15	254	753	727	300	65	301.662	467	403	381	359	340	321	289	248	213	177	123	110.747	123	115	114	113	112	111	110	109	108	106	98	0	0	0.000	0.000	0	0	0	0	0	0	0	0	0	0	0	0	0	0.000	0.000	0	0	0	0	0	0	0	0	0	0	0
286	286	1896	1428.791	1554.902	408	918	445	66	25	549	977	282	40	14	578.988	13645	542	242	208	197	190	183	177	167	148	112	342.601	2425	392	351	332	316	304	291	274	247	203	118	1	102	1443.420	1546.134	0	0	0	6573	0	0	0	1201	0	0	0	1	76	1443.068	1545.757	0	0	0	8573	0	0	0	1470	0	0	0
287	287	770	423.051	1549.734	165	282	181	105	30	213	316	154	71	8	159.738	195	182	176	173	169	165	159	152	142	127	109	139.403	169	156	152	149	146	141	137	132	127	120	104	0	0	0.000	0.000	0	0	0	0	0	0	0	0	0	0	0	0	0	0.000	0.000	0	0	0	0	0	0	0	0	0	0	0
288	288	1666	577.912	1556.180	223	417	529	390	82	138	455	633	307	90	745.365	1141	1007	925	861	804	757	719	665	600	455	161	107.287	123	112	110	109	108	107	106	105	104	103	99	0	0	0.000	0.000	0	0	0	0	0	0	0	0	0	0	0	0	0	0.000	0.000	0	0	0	0	0	0	0	0	0	0	0
289	289	1044	903.142	1562.563	143	329	332	180	36	190	333	331	140	26	367.944	509	443	419	398	387	375	361	346	324	285	178	108.193	122	114	112	110	108	107	107	106	105	104	99	0	0	0.000	0.000	0	0	0	0	0	0	0	0	0	0	0	0	0	0.000	0.000	0	0	0	0	0	0	0	0	0	0	0
290	290	2094	1065.261	1569.152	418	654	659	286	39	309	607	752	294	94	376.999	6222	410	300	277	261	251	241	226	204	178	112	186.077	978	216	195	185	177	169	161	153	145	134	103	1	72	1060.622	1578.534	0	0	0	3076	0	0	0	621	0	0	0	1	70	1060.541	1577.963	0	0	0	2930	0	0	0	625	0	0	0
291	291	1742	153.632	1574.672	377	581	524	218	13	327	540	484	304	53	110.608	124	116	114	113	112	111	110	108	107	105	100	125.425	158	142	137	133	129	126	121	118	114	108	99	0	0	0.000	0.000	0	0	0	0	0	0	0	0	0	0	0	0	0	0.000	0.000	0	0	0	0	0	0	0	0	0	0	0
292	292	2119	727.155	1584.730	789	690	446	152	12	684	785	436	152	20	128.371	154	139	136	133	131	129	126	124	121	117	106	322.890	495	445	407	377	349	327	302	275	244	194	117	0	0	0.000	0.000	0	0	0	0	0	0	0	0	0	0	0	0	0	0.000	0.000	0	0	0	0	0	0	0	0	0	0	0
293	293	1638	1479.425	1584.201	264	406	552	335	50	210	425	529	385	60	206.076	2461	233	195	185	179	174	167	160	152	141	108	298.332	836	382	352	334	320	302	286	265	231	179	114	1	31	1485.738	1589.533	0	0	0	1161	0	0	0	566	0	0	0	0	0	0.000	0.000	0	0	0	0	0	0	0	0	0	0	0
294	294	713	83.309	1577.225	79	180	185	212	42	63	216	193	189	40	515.332	796	699	646	610	574	531	485	437	397	306	159	105.801	119	111	109	107	106	105	104	104	103	102	93	0	0	0.000	0.000	0	0	0	0	0	0	0	0	0	0	0	0	0	0.000	0.000	0	0	0	0	0	0	0	0	0	0	0
295	295	1634	1711.873	1595.716	297	473	533	255	49	301	527	521	220	46	119.029	138	127	125	123	121	120	118	116	114	110	102	201.330	268	243	232	223	214	205	197	187	176	153	106	0	0	0.000	0.000	0	0	0	0	0	0	0	0	0	0	0	0	0	0.000	0.000	0	0	0	0	0	0	0	0	0	0	0
296	296	669	989.482	1597.537	145	247	176	74	13	82	215	229	108	23	112.312	125	117	116	114	113	112	111	110	109	107	101	209.740	277	246	235	228	223	217	209	198	180	162	127	0	0	0.000	0.000	0	0	0	0	0	0	0	0	0	0	0	0	0	0.000	0.000	0	0	0	0	0	0	0	0	0	0	0
297	297	574	116.496	1593.892	28	138	177	166	56	30	204	230	81	18	112.686	127	118	116	115	114	113	112	111	109	108	100	129.361	148	139	136	134	132	130	127	125	123	119	107	0	0	0.000	0.000	0	0	0	0	0	0	0	0	0	0	0	0	0	0.000	0.000	0	0	0	0	0	0	0	0	0	0	0
298	298	1261	593.931	1599.222	216	467	410	117	22	220	583	310	107	23	129.182	152	138	135	134	132	130	128	126	123	119	107	147.978	180	163	159	156	153	150	148	144	139	127	104	0	0	0.000	0.000	0	0	0	0	0	0	0	0	0	0	0	0	0	0.000	0.000	0	0	0	0	0	0	0	0	0	0	0
299	299	1761	930.363	1606.245	372	504	445	329	77	354	638	454	219	57	337.154	511	424	402	383	368	349	331	313	281	211	128	109.531	130	117	114	111	109	108	107	106	105	104	98	0	0	0.000	0.000	0	0	0	0	0	0	0	0	0	0	0	0	0	0.000	0.000	0	0	0	0	0	0	0	0	0	0	0
300	300	837	1635.351	1597.886	152	175	289	153	46	114	254	301	119	33	377.044	542	487	461	435	411	384	358	333	295	248	163	132.271	154	145	141	139	136	133	130	126	123	119	107	0	0	0.000	0.000	0	0	0	0	0	0	0	0	0	0	0	0	0	0.000	0.000	0	0	0	0	0	0	0	0	0	0	0
301	301	981	1438.168	1604.353	754	187	16	7	7	720	226	9	6	3	417.807	615	541	507	482	461	434	399	372	330	271	124	163.624	221	194	185	177	171	166	159	151	143	130	105	0	0	0.000	0.000	0	0	0	0	0	0	0	0	0	0	0	0	0	0.000	0.000	0	0	0	0	0	0	0	0	0	0	0
302	302	2577	1335.926	1622.519	795	718	605	329	97	801	862	620	219	35	1288.945	18110	1956	703	549	480	407	328	250	184	138	105	490.916	7169	714	258	208	188	172	156	139	125	115	104	1	246	1334.047	1619.102	0	0	0	8758	0	0	0	3026	0	0	0	1	213	1334.029	1619.052	0	0	0	10732	0	0	0	3466	0	0	0
303	303	1637	77.513	1621.812	166	433	598	338	77	142	544	621	235	66	645.018	1040	888	829	773	711	658	610	559	493	339	148	105.899	126	111	109	107	106	105	104	104	103	102	96	0	0	0.000	0.000	0	0	0	0	0	0	0	0	0	0	0	1	26	80.520	1630.275	0	0	0	611	0	0	0	115	0	0	0
304	304	1581	1797.285	1620.634	215	555	471	272	41	187	735	408	188	40	154.107	198	172	167	162	158	155	152	148	142	134	110	250.347	360	306	286	272	260	251	242	232	218	193	131	0	0	0.000	0.000	0	0	0	0	0	0	0	0	0	0	0	0	0	0.000	0.000	0	0	0	0	0	0	0	0	0	0	0
305	305	1879	1747.268	1634.872	254	581	685	251	71	207	1027	466	125	13	123.179	142	133	130	128	126	124	122	120	117	113	100	239.820	348	306	286	267	252	240	228	217	196	172	119	0	0	0.000	0.000	0	0	0	0	0	0	0	0	0	0	0	0	0	0.000	0.000	0	0	0	0	0	0	0	0	0	0	0
306	306	1561	140.218	1626.505	253	510	538	219	24	219	611	506	173	21	111.878	125	117	115	114	113	112	111	110	109	107	99	127.001	154	140	136	133	130	127	124	122	118	113	98	0	0	0.000	0.000	0	0	0	0	0	0	0	0	0	0	0	0	0	0.000	0.000	0	0	0	0	0	0	0	0	0	0	0
307	307	2211	1393.109	1636.117	424	862	671	190	26	418	1045	513	160	34	468.571	724	638	600	556	520	483	442	401	352	273	135	160.663	222	192	183	175	168	161	154	147	141	128	104	0	0	0.000	0.000	0	0	0	0	0	0	0	0	0	0	0	0	0	0.000	0.000	0	0	0	0	0	0	0	0	0	0	0
308	308	1192	459.139	1636.669	166	403	306	201	96	185	523	258	152	51	111.310	124	117	115	113	112	111	110	109	108	106	100	153.469	191	176	171	167	162	156	150	142	135	126	107	0	0	0.000	0.000	0	0	0	0	0	0	0	0	0	0	0	0	0	0.000	0.000	0	0	0	0	0	0	0	0	0	0	0
309	309	1916	187.176	1649.140	376	759	528	210	8	181	604	613	365	113	146.099	185	165	160	156	152	148	143	138	131	124	105	252.619	359	318	302	287	272	258	242	221	202	179	127	0	0	0.000	0.000	0	0	0	0	0	0	0	0	0	0	0	0	0	0.000	0.000	0	0	0	0	0	0	0	0	0	0	0
310	310	2174	995.169	1644.133	140	510	778	538	166	150	700	788	354	137	211.040	4755	204	184	174	168	162	157	151	144	135	107	315.122	628	420	387	361	340	322	295	266	240	208	127	1	32	1010.887	1642.808	0	0	0	2270	0	0	0	432	0	0	0	0	0	0.000	0.000	0	0	0	0	0	0	0	0	0	0	0
311	311	2071	1446.267	1653.675	394	613	637	337	53	269	740	729	248	39	599.014	965	810	757	719	684	650	604	535	422	295	106	153.211	207	181	173	166	160	155	150	143	134	121	100	0	0	0.000	0.000	0	0	0	0	0	0	0	0	0	0	0	0	0	0.000	0.000	0	0	0	0	0	0	0	0	0	0	0
312	312	1395	373.272	1663.962	475	490	184	148	67	430	436	280	152	67	109.948	121	115	113	112	111	110	109	108	107	105	99	151.811	190	173	168	164	159	155	150	144	135	124	105	0	0	0.000	0.000	0	0	0	0	0	0	0	0	0	0	0	0	0	0.000	0.000	0	0	0	0	0	0	0	0	0	0	0
313	313	1393	431.399	1672.454	228	424	402	272	41	178	455	429	269	34	107.653	120	112	110	109	108	108	107	106	105	104	98	147.374	185	164	159	154	150	147	144	140	137	132	113	0	0	0.000	0.000	0	0	0	0	0	0	0	0	0	0	0	0	0	0.000	0.000	0	0	0	0	0	0	0	0	0	0	0
314	314	1319	235.393	1672.839	109	402	462	268	54	161	535	394	157	43	555.309	807	718	679	639	607	572	535	499	448	363	189	129.368	154	142	138	135	132	129	126	124	120	116	105	0	0	0.000	0.000	0	0	0	0	0	0	0	0	0	0	0	0	0	0.000	0.000	0	0	0	0	0	0	0	0	0	0	0
315	315	1781	1814.007	1681.490	240	693	547	220	43	203	767	547	193	45	117.756	138	125	123	121	119	118	117	115	113	110	99	199.516	254	234	227	220	212	203	194	184	172	159	116	0	0	0.000	0.000	0	0	0	0	0	0	0	0	0	0	0	0	0	0.000	0.000	0	0	0	0	0	0	0	0	0	0	0
316	316	1964	867.926	1686.139	409	574	525	317	104	364	638	639	233	55	2285.360	3686	3211	2983	2800	2610	2381	2162	1924	1569	1179	279	116.330	135	124	121	119	118	116	115	113	112	110	102	0	0	0.000	0.000	0	0	0	0	0	0	0	0	0	0	0	0	0	0.000	0.000	0	0	0	0	0	0	0	0	0	0	0
317	317	1778	1169.144	1680.961	406	581	567	164	38	554	778	365	43	10	117.718	141	127	124	122	119	118	116	114	111	108	102	373.015	626	524	486	454	428	398	367	325	249	146	108	0	0	0.000	0.000	0	0	0	0	0	0	0	0	0	0	0	0	0	0.000	0.000	0	0	0	0	0	0	0	0	0	0	0
318	318	1275	1341.291	1675.443	356	460	315	92	23	277	483	335	125	21	700.917	1163	1046	958	873	791	706	654	576	461	317	140	216.898	332	293	274	254	232	211	199	186	167	140	109	0	0	0.000	0.000	0	0	0	0	0	0	0	0	0	0	0	0	0	0.000	0.000	0	0	0	0	0	0	0	0	0	0	0
319	319	1539	1765.312	1687.220	291	408	440	294	84	221	426	430	346	101	117.143	137	124	122	120	119	117	116	114	113	110	103	217.475	290	261	249	237	228	218	209	200	191	173	119	0	0	0.000	0.000	0	0	0	0	0	0	0	0	0	0	0	0	0	0.000	0.000	0	0	0	0	0	0	0	0	0	0	0
320	320	1327	1001.643	1694.649	118	259	458	347	119	89	251	712	205	52	163.023	221	188	179	175	169	165	159	152	145	137	113	317.319	467	402	374	355	341	325	308	287	260	220	142	0	0	0.000	0.000	0	0	0	0	0	0	0	0	0	0	0	0	0	0.000	0.000	0	0	0	0	0	0	0	0	0	0	0
321	321	1073	1454.180	1701.871	123	358	381	172	22	97	373	321	210	56	553.843	818	733	671	636	607	576	543	487	429	347	183	148.664	184	168	162	158	154	150	146	141	136	126	108	0	0	0.000	0.000	0	0	0	0	0	0	0	0	0	0	0	0	0	0.000	0.000	0	0	0	0	0	0	0	0	0	0	0
322	322	1912	272.636	1708.975	254	667	543	347	56	234	779	529	252	87	672.215	5607	831	739	681	634	591	562	529	486	424	173	140.549	690	150	142	138	135	132	130	127	125	120	105	1	42	256.686	1705.840	0	0	0	3151	0	0	0	387	0	0	0	1	39	256.731	1706.135	0	0	0	3247	0	0	0	421	0	0	0
323	323	2055	203.561	1726.923	206	811	715	243	35	171	746	759	272	61	352.005	502	439	417	397	380	362	343	319	289	251	128	105.781	117	110	108	107	106	106	105	104	103	102	97	0	0	0.000	0.000	0	0	0	0	0	0	0	0	0	0	0	0	0	0.000	0.000	0	0	0	0	0	0	0	0	0	0	0
324	324	1321	580.566	1722.492	221	442	477	128	29	218	609	391	68	9	145.414	178	158	155	152	150	147	144	140	136	131	113	263.512	354	317	301	292	282	271	260	244	225	196	134	0	0	0.000	0.000	0	0	0	0	0	0	0	0	0	0	0	0	0	0.000	0.000	0	0	0	0	0	0	0	0	0	0	0
325	325	1754	1367.885	1734.856	186	595	535	363	49	135	747	473	319	53	574.453	960	811	727	677	630	585	533	480	421	335	147	150.284	206	179	169	161	154	148	143	138	132	126	107	0	0	0.000	0.000	0	0	0	0	0	0	0	0	0	0	0	0	0	0.000	0.000	0	0	0	0	0	0	0	0	0	0	0
326	326	2111	871.119	1738.819	289	739	682	270	69	281	912	695	160	23	870.490	18436	1133	421	284	247	233	221	210	195	173	119	272.305	2880	337	216	195	184	177	170	164	157	145	106	1	122	867.812	1731.178	0	0	0	8171	0	0	0	1424	0	0	0	1	124	866.705	1731.067	0	0	0	6482	0	0	0	1481	0	0	0
327	327	1740	811.301	1746.607	170	436	594	389	114	123	562	713	233	63	244.534	3001	266	249	240	232	223	214	201	182	154	113	179.643	527	210	199	192	185	180	174	167	154	137	111	1	31	810.468	1729.412	0	0	0	1347	0	0	0	306	0	0	0	1	16	809.939	1729.895	0	0	0	1891	0	0	0	398	0	0	0
328	328	3416	1021.896	1786.321	2874	344	111	53	18	2915	350	81	41	17	999.211	21278	1147	397	358	330	282	190	155	130	113	99	300.224	4918	357	175	159	150	142	132	123	112	107	95	2	220	1024.301	1801.059	56	1007.136	1752.370	10032	0	2795	0	2079	0	727	0	2	199	1024.172	1800.951	61	1007.665	1752.070	10833	0	2598	0	2229	0	671	0
329	329	1533	761.616	1773.136	333	402	408	276	83	353	476	401	216	55	132.417	154	141	139	136	134	133	131	129	127	123	101	126.795	158	138	134	131	128	126	124	122	120	117	107	0	0	0.000	0.000	0	0	0	0	0	0	0	0	0	0	0	0	0	0.000	0.000	0	0	0	0	0	0	0	0	0	0	0
330	330	1962	199.906	1788.394	251	497	638	409	124	257	662	629	348	36	329.151	463	408	392	381	370	354	332	300	261	205	112	105.581	121	110	108	107	106	105	104	104	103	102	94	0	0	0.000	0.000	0	0	0	0	0	0	0	0	0	0	0	0	0	0.000	0.000	0	0	0	0	0	0	0	0	0	0	0
331	331	2338	313.568	1786.600	362	656	786	435	48	324	899	786	244	33	476.433	4154	625	569	525	475	433	399	360	322	251	139	135.000	629	149	142	137	133	128	125	121	118	113	101	1	43	301.543	1773.593	0	0	0	2072	0	0	0	327	0	0	0	1	43	300.648	1772.939	0	0	0	1804	0	0	0	348	0	0	0
332	332	767	1384.378	1781.130	113	172	194	185	93	83	264	213	138	53	476.983	734	647	609	571	539	494	457	415	340	260	144	148.342	192	171	166	161	156	152	146	138	130	120	105	0	0	0.000	0.000	0	0	0	0	0	0	0	0	0	0	0	0	0	0.000	0.000	0	0	0	0	0	0	0	0	0	0	0
333	333	1637	143.314	1790.173	288	479	487	300	55	293	658	486	160	13	746.422	1090	964	930	896	842	772	716	647	566	465	239	119.910	158	137	131	126	120	117	114	112	110	107	100	0	0	0.000	0.000	0	0	0	0	0	0	0	0	0	0	0	0	0	0.000	0.000	0	0	0	0	0	0	0	0	0	0	0
334	334	1995	1696.076	1798.502	389	580	572	342	73	369	726	569	251	46	519.015	13305	608	250	201	188	180	173	165	154	138	108	200.214	1468	223	198	189	182	173	163	153	144	134	109	1	82	1683.485	1792.466	0	0	0	5855	0	0	0	755	0	0	0	1	70	1683.301	1792.804	0	0	0	7189	0	0	0	815	0	0	0
335	335	3146	1054.780	1824.698	2656	236	99	74	62	2628	259	132	75	43	262.825	2011	417	281	244	219	197	177	161	142	121	101	129.545	435	154	133	126	122	119	116	113	110	107	100	1	172	1051.046	1832.728	0	0	0	1064	0	0	0	255	0	0	0	1	143	1051.495	1832.069	0	0	0	1126	0	0	0	274	0	0	0
336	336	830	1540.906	1803.347	184	234	177	191	23	119	227	194	165	108	144.771	179	163	159	154	150	146	141	136	131	125	105	140.784	171	160	156	151	147	143	139	133	126	116	101	0	0	0.000	0.000	0	0	0	0	0	0	0	0	0	0	0	0	0	0.000	0.000	0	0	0	0	0	0	0	0	0	0	0
337	337	1913	1588.433	1809.822	533	773	490	62	11	278	846	501	227	39	246.025	4766	265	185	168	162	156	151	147	140	131	107	160.318	631	185	170	163	157	152	145	140	134	127	108	1	60	1577.657	1817.793	0	0	0	2115	0	0	0	385	0	0	0	1	48	1576.974	1816.959	0	0	0	1502	0	0	0	411	0	0	0
338	338	1478	1130.718	1816.066	106	351	457	388	147	116	572	471	259	29	114.835	133	122	119	118	116	115	114	112	110	108	101	113.056	131	120	118	116	114	113	112	110	108	107	101	0	0	0.000	0.000	0	0	0	0	0	0	0	0	0	0	0	0	0	0.000	0.000	0	0	0	0	0	0	0	0	0	0	0
339	339	1877	140.754	1831.306	1240	345	163	89	29	1226	336	194	86	21	255.254	917	594	315	219	193	179	167	153	138	125	107	106.928	121	112	110	108	107	106	106	105	104	102	95	0	0	0.000	0.000	0	0	0	0	0	0	0	0	0	0	0	0	0	0.000	0.000	0	0	0	0	0	0	0	0	0	0	0
340	340	2141	93.646	1850.608	282	648	638	390	152	264	780	695	293	76	808.454	8637	1019	710	628	582	546	512	477	427	353	170	202.007	1873	225	168	158	153	149	145	141	135	127	105	1	122	89.694	1855.565	0	0	0	4649	0	0	0	911	0	0	0	1	115	89.133	1855.898	0	0	0	4786	0	0	0	936	0	0	0
341	341	1366	1665.673	1839.746	214	366	387	289	97	166	524	415	199	33	166.225	217	191	184	179	175	171	166	157	146	132	110	159.786	209	188	180	174	166	161	156	151	141	127	105	0	0	0.000	0.000	0	0	0	0	0	0	0	0	0	0	0	0	0	0.000	0.000	0	0	0	0	0	0	0	0	0	0	0
342	342	2062	822.309	1849.086	473	962	442	111	30	416	1132	351	109	19	949.755	1635	1316	1173	1103	1024	916	834	781	726	646	247	112.986	129	119	117	115	114	113	111	110	109	108	100	0	0	0.000	0.000	0	0	0	0	0	0	0	0	0	0	0	0	0	0.000	0.000	0	0	0	0	0	0	0	0	0	0	0
343	343	1620	1171.808	1857.445	249	436	451	324	134	229	655	417	248	49	119.171	137	127	125	123	121	120	118	116	114	111	99	114.700	136	123	120	118	116	115	113	111	109	107	99	0	0	0.000	0.000	0	0	0	0	0	0	0	0	0	0	0	0	0	0.000	0.000	0	0	0	0	0	0	0	0	0	0	0
344	344	1451	1620.041	1875.166	158	385	435	352	92	154	488	457	216	112	114.680	133	122	120	118	116	115	113	111	109	107	98	120.174	145	132	127	124	122	119	118	116	113	110	98	0	0	0.000	0.000	0	0	0	0	0	0	0	0	0	0	0	0	0	0.000	0.000	0	0	0	0	0	0	0	0	0	0	0
345	345	1072	1890.624	1874.732	188	298	316	201	53	192	344	319	173	25	110.346	122	116	114	113	111	110	110	108	107	105	99	131.442	163	149	143	138	134	130	127	124	121	116	103	0	0	0.000	0.000	0	0	0	0	0	0	0	0	0	0	0	0	0	0.000	0.000	0	0	0	0	0	0	0	0	0	0	0
346	346	1307	146.694	1876.814	154	314	373	368	82	159	390	406	288	45	246.200	336	285	273	266	260	252	244	234	220	195	126	111.401	131	119	116	114	112	111	109	108	107	105	100	0	0	0.000	0.000	0	0	0	0	0	0	0	0	0	0	0	0	0	0.000	0.000	0	0	0	0	0	0	0	0	0	0	0
347	347	2106	859.256	1889.856	304	599	755	301	95	330	792	663	215	62	696.768	1122	970	888	811	734	682	641	601	541	431	154	109.204	132	114	112	111	110	109	108	107	106	105	101	0	0	0.000	0.000	0	0	0	0	0	0	0	0	0	0	0	0	0	0.000	0.000	0	0	0	0	0	0	0	0	0	0	0
348	348	2030	1258.373	1890.736	291	701	606	322	72	286	727	626	271	72	644.785	1005	869	798	740	697	645	604	561	507	409	191	112.409	132	120	117	115	113	112	110	109	108	106	98	0	0	0.000	0.000	0	0	0	0	0	0	0	0	0	0	0	0	0	0.000	0.000	0	0	0	0	0	0	0	0	0	0	0
349	349	1522	1717.727	1890.332	259	455	412	294	83	242	645	373	193	49	123.425	148	136	132	130	127	124	121	118	114	109	96	132.854	165	151	147	143	139	134	130	124	118	112	94	0	0	0.000	0.000	0	0	0	0	0	0	0	0	0	0	0	0	0	0.000	0.000	0	0	0	0	0	0	0	0	0	0	0
350	350	2956	1472.853	1901.707	514	689	823	671	207	429	659	872	685	258	3245.212	32556	12410	1650	601	328	267	247	228	204	169	112	673.189	6991	1798	405	257	230	213	196	180	164	143	105	1	519	1477.518	1903.148	0	0	0	16257	0	0	0	2288	0	0	0	1	390	1477.549	1902.840	0	0	0	21582	0	0	0	3380	0	0	0
351	351	1761	1769.631	1891.980	297	604	455	317	65	292	741	408	240	46	128.714	679	136	131	129	126	124	122	118	115	110	101	127.459	161	145	139	135	131	128	124	119	115	111	99	1	25	1754.209	1894.179	0	0	0	370	0	0	0	117	0	0	0	0	0	0.000	0.000	0	0	0	0	0	0	0	0	0	0	0
352	352	2587	1390.244	1901.570	525	641	881	426	67	422	610	976	400	118	640.070	12458	624	331	294	280	263	248	230	209	180	112	231.626	1576	243	223	214	205	194	183	173	163	148	109	1	144	1382.658	1889.432	0	0	0	6046	0	0	0	829	0	0	0	1	128	1382.870	1888.891	0	0	0	6413	0	0	0	951	0	0	0
353	353	1579	1927.427	1908.714	228	515	591	197	29	140	470	523	328	83	112.604	128	118	117	115	114	112	111	110	109	107	100	135.431	167	151	146	142	139	136	132	129	124	120	103	0	0	0.000	0.000	0	0	0	0	0	0	0	0	0	0	0	0	0	0.000	0.000	0	0	0	0	0	0	0	0	0	0	0
354	354	2028	697.588	1913.966	399	741	568	233	46	409	832	538	162	44	789.778	1272	990	932	900	864	824	786	723	642	502	214	128.410	160	142	138	135	132	129	125	123	119	115	101	0	0	0.000	0.000	0	0	0	0	0	0	0	0	0	0	0	0	0	0.000	0.000	0	0	0	0	0	0	0	0	0	0	0
355	355	2567	1874.031	1926.762	506	878	846	282	15	330	976	839	328	40	132.652	162	145	142	139	136	134	131	128	124	118	103	376.203	571	490	457	433	410	383	357	335	305	241	127	0	0	0.000	0.000	0	0	0	0	0	0	0	0	0	0	0	0	0	0.000	0.000	0	0	0	0	0	0	0	0	0	0	0
356	356	767	166.345	1911.960	75	235	194	154	100	101	342	174	107	27	227.232	301	270	259	252	242	232	224	212	195	173	129	113.040	135	123	119	116	114	112	110	109	107	105	100	0	0	0.000	0.000	0	0	0	0	0	0	0	0	0	0	0	0	0	0.000	0.000	0	0	0	0	0	0	0	0	0	0	0
357	357	1761	760.342	1922.182	206	467	552	387	113	239	469	596	299	123	120.399	149	127	125	123	122	120	119	118	116	113	102	107.344	123	112	110	109	108	107	106	105	104	103	97	0	0	0.000	0.000	0	0	0	0	0	0	0	0	0	0	0	0	0	0.000	0.000	0	0	0	0	0	0	0	0	0	0	0
358	358	1058	1341.976	1926.467	156	302	284	241	58	117	310	381	186	42	275.180	1083	401	321	281	257	239	224	211	200	185	120	192.017	282	233	223	211	201	191	181	172	164	152	120	0	0	0.000	0.000	0	0	0	0	0	0	0	0	0	0	0	0	0	0.000	0.000	0	0	0	0	0	0	0	0	0	0	0
359	359	1461	1618.774	1933.170	130	381	469	327	122	109	484	489	293	57	743.632	1081	946	902	862	820	780	740	678	580	459	217	121.986	144	133	129	126	124	121	119	118	115	112	101	0	0	0.000	0.000	0	0	0	0	0	0	0	0	0	0	0	0	0	0.000	0.000	0	0	0	0	0	0	0	0	0	0	0
360	360	1180	1507.830	1933.008	198	335	343	229	53	139	426	386	176	26	219.599	327	267	255	244	236	225	209	194	181	166	127	196.957	326	244	227	214	204	194	184	176	165	152	121	0	0	0.000	0.000	0	0	0	0	0	0	0	0	0	0	0	0	0	0.000	0.000	0	0	0	0	0	0	0	0	0	0	0
361	361	2749	648.883	1954.547	386	655	849	566	219	422	827	891	466	86	1562.515	24681	2785	644	357	276	234	208	188	165	142	110	482.307	5937	759	308	255	232	215	199	180	157	129	102	1	267	648.738	1954.121	0	0	0	12614	0	0	0	2573	0	0	0	1	225	649.069	1953.866	0	0	0	15329	0	0	0	3101	0	0	0
362	362	2402	1576.345	1961.223	406	651	702	444	152	333	826	728	401	74	113.932	129	120	118	116	115	114	113	111	110	108	101	333.097	497	421	399	382	368	351	325	292	260	222	133	0	0	0.000	0.000	0	0	0	0	0	0	0	0	0	0	0	0	0	0.000	0.000	0	0	0	0	0	0	0	0	0	0	0
363	363	1459	142.900	1954.156	331	405	384	280	31	242	530	359	256	49	318.979	3657	357	312	295	279	266	251	237	216	181	117	118.940	314	125	121	119	117	116	114	112	110	107	99	1	35	147.657	1964.779	0	0	0	1829	0	0	0	227	0	0	0	1	37	147.717	1964.322	0	0	0	1826	0	0	0	221	0	0	0
364	364	1255	788.583	1965.112	228	257	328	316	105	202	394	404	182	53	112.509	126	118	116	115	114	112	111	110	108	106	100	104.836	120	109	107	106	105	104	104	103	102	101	96	0	0	0.000	0.000	0	0	0	0	0	0	0	0	0	0	0	0	0	0.000	0.000	0	0	0	0	0	0	0	0	0	0	0
365	365	1775	1124.849	1975.237	238	413	561	376	161	205	449	737	277	79	298.350	486	386	352	335	319	303	288	267	243	196	122	129.042	161	142	138	135	132	129	127	124	120	115	103	0	0	0.000	0.000	0	0	0	0	0	0	0	0	0	0	0	0	0	0.000	0.000	0	0	0	0	0	0	0	0	0	0	0
366	366	578	1636.943	1970.464	72	151	148	120	80	88	182	160	106	29	557.151	854	731	688	650	617	578	533	493	434	343	170	118.747	140	128	125	123	121	119	117	115	112	108	102	0	0	0.000	0.000	0	0	0	0	0	0	0	0	0	0	0	0	0	0.000	0.000	0	0	0	0	0	0	0	0	0	0	0
367	367	1108	235.145	1979.841	297	412	304	52	23	427	505	133	12	8	1001.836	1501	1287	1215	1145	1097	1044	977	908	824	636	291	132.303	157	145	142	139	136	133	130	127	123	118	103	0	0	0.000	0.000	0	0	0	0	0	0	0	0	0	0	0	0	0	0.000	0.000	0	0	0	0	0	0	0	0	0	0	0
368	368	869	538.872	1977.098	115	269	262	151	49	91	281	266	159	54	642.358	981	857	795	737	695	662	631	584	506	390	137	133.391	162	148	144	140	137	135	131	128	124	116	100	0	0	0.000	0.000	0	0	0	0	0	0	0	0	0	0	0	0	0	0.000	0.000	0	0	0	0	0	0	0	0	0	0	0
