 	cell	area	x	y	BFI_lev_b1	BFI_lev_b2	BFI_lev_b3	BFI_lev_b4	BFI_lev_b5	BFO_lev_b1	BFO_lev_b2	BFO_lev_b3	BFO_lev_b4	BFO_lev_b5	GFP_int_mean	GFP_int_b0	GFP_int_b1	GFP_int_b2	GFP_int_b3	GFP_int_b4	GFP_int_b5	GFP_int_b6	GFP_int_b7	GFP_int_b8	GFP_int_b9	GFP_int_b10	RFP_int_mean	RFP_int_b0	RFP_int_b1	RFP_int_b2	RFP_int_b3	RFP_int_b4	RFP_int_b5	RFP_int_b6	RFP_int_b7	RFP_int_b8	RFP_int_b9	RFP_int_b10	inGFPnfoci	f1_inGFParea	f1_inGFPx	f1_inGFPy	f2_inGFParea	f2_inGFPx	f2_inGFPy	f1_inGFP_toGFPmed	f1_inGFP_toGFPmean	f2_inGFP_toGFPmed	f2_inGFP_toGFPmean	f1_inGFP_toRFPmed	f1_inGFP_toRFPmean	f2_inGFP_toRFPmed	f2_inGFP_toRFPmean	inRFPnfoci	f1_inRFParea	f1_inRFPx	f1_inRFPy	f2_inRFParea	f2_inRFPx	f2_inRFPy	f1_inRFP_toGFPmed	f1_inRFP_toGFPmean	f2_inRFP_toGFPmed	f2_inRFP_toGFPmean	f1_inRFP_toRFPmed	f1_inRFP_toRFPmean	f2_inRFP_toRFPmed	f2_inRFP_toRFPmean
1	1	1260	1581.549	75.654	168	275	368	324	100	185	377	405	219	50	131.517	160	145	141	139	136	133	130	127	121	115	103	135.460	169	154	149	145	141	137	132	128	122	114	103	0	0	0.000	0.000	0	0	0	0	0	0	0	0	0	0	0	0	0	0.000	0.000	0	0	0	0	0	0	0	0	0	0	0
2	2	2044	1438.725	79.500	364	941	596	98	15	201	638	783	325	48	352.440	543	464	426	395	376	358	338	314	290	232	114	104.259	119	108	106	105	105	104	103	103	102	101	96	0	0	0.000	0.000	0	0	0	0	0	0	0	0	0	0	0	0	0	0.000	0.000	0	0	0	0	0	0	0	0	0	0	0
3	3	2242	159.025	91.859	378	988	729	97	9	185	450	1047	423	97	350.896	551	468	435	404	379	356	332	304	270	220	134	109.550	124	116	114	112	111	109	108	107	105	104	96	0	0	0.000	0.000	0	0	0	0	0	0	0	0	0	0	0	0	0	0.000	0.000	0	0	0	0	0	0	0	0	0	0	0
4	4	1334	1710.661	85.749	131	212	555	366	44	66	170	511	478	87	122.963	140	130	128	126	125	123	122	120	118	115	103	127.530	148	137	134	132	130	128	126	124	121	117	104	0	0	0.000	0.000	0	0	0	0	0	0	0	0	0	0	0	0	0	0.000	0.000	0	0	0	0	0	0	0	0	0	0	0
5	5	1847	338.627	104.009	290	627	600	277	25	185	603	527	413	82	329.522	528	438	415	389	365	341	317	290	252	186	108	105.256	122	109	108	107	106	105	104	104	103	102	96	0	0	0.000	0.000	0	0	0	0	0	0	0	0	0	0	0	0	0	0.000	0.000	0	0	0	0	0	0	0	0	0	0	0
6	6	867	1379.124	99.706	123	229	274	204	26	106	291	302	129	15	298.524	431	399	375	357	338	319	298	260	215	159	113	104.476	117	108	106	105	105	104	104	103	102	101	95	0	0	0.000	0.000	0	0	0	0	0	0	0	0	0	0	0	0	0	0.000	0.000	0	0	0	0	0	0	0	0	0	0	0
7	7	782	682.020	108.744	144	124	226	198	79	130	212	246	130	46	114.657	134	123	120	118	116	115	113	111	109	107	100	125.648	159	142	138	135	131	127	122	118	112	106	100	0	0	0.000	0.000	0	0	0	0	0	0	0	0	0	0	0	0	0	0.000	0.000	0	0	0	0	0	0	0	0	0	0	0
8	8	1522	1675.088	118.967	273	434	515	219	41	229	469	528	194	65	108.327	121	114	112	110	109	108	107	106	105	103	95	134.777	165	150	146	143	140	136	133	129	123	116	102	0	0	0.000	0.000	0	0	0	0	0	0	0	0	0	0	0	0	0	0.000	0.000	0	0	0	0	0	0	0	0	0	0	0
9	9	2510	1024.412	132.157	515	1186	642	104	21	299	1065	779	295	22	284.675	468	394	358	328	299	274	253	233	214	198	107	112.712	132	119	117	115	114	112	111	110	108	107	99	0	0	0.000	0.000	0	0	0	0	0	0	0	0	0	0	0	0	0	0.000	0.000	0	0	0	0	0	0	0	0	0	0	0
10	10	822	541.878	113.273	139	257	243	141	30	141	310	270	68	16	128.726	153	140	136	134	131	129	127	124	121	117	105	150.648	189	170	164	160	156	151	147	142	137	130	105	0	0	0.000	0.000	0	0	0	0	0	0	0	0	0	0	0	0	0	0.000	0.000	0	0	0	0	0	0	0	0	0	0	0
11	11	1426	616.098	122.285	218	384	419	304	74	183	477	430	275	35	113.109	129	119	117	115	114	113	112	111	109	107	98	129.846	154	141	138	136	133	131	128	126	122	116	101	0	0	0.000	0.000	0	0	0	0	0	0	0	0	0	0	0	0	0	0.000	0.000	0	0	0	0	0	0	0	0	0	0	0
12	12	1356	386.396	123.139	263	321	355	300	77	266	406	340	248	63	264.610	369	335	318	305	292	279	266	243	207	160	109	104.471	114	108	107	106	105	104	104	103	102	101	96	0	0	0.000	0.000	0	0	0	0	0	0	0	0	0	0	0	0	0	0.000	0.000	0	0	0	0	0	0	0	0	0	0	0
13	13	1595	1196.835	129.769	147	474	559	329	50	128	575	637	210	15	593.261	12447	781	296	211	184	174	167	161	154	146	109	233.383	1323	293	236	221	210	201	189	177	166	155	111	1	88	1199.873	136.599	0	0	0	5848	0	0	0	732	0	0	0	1	75	1199.709	136.315	0	0	0	6442	0	0	0	780	0	0	0
14	14	2472	1585.885	135.056	533	929	761	196	17	343	875	738	395	86	183.281	239	215	208	203	196	190	182	172	157	137	102	159.046	204	186	179	173	167	161	155	148	140	128	100	0	0	0.000	0.000	0	0	0	0	0	0	0	0	0	0	0	0	0	0.000	0.000	0	0	0	0	0	0	0	0	0	0	0
15	15	789	142.732	135.717	51	190	267	197	63	67	186	292	176	45	263.293	364	317	301	291	281	270	258	245	225	198	121	108.551	121	113	112	110	109	108	107	107	106	104	99	0	0	0.000	0.000	0	0	0	0	0	0	0	0	0	0	0	0	0	0.000	0.000	0	0	0	0	0	0	0	0	0	0	0
16	16	1391	571.438	142.433	205	340	470	293	65	160	437	548	191	35	112.305	131	119	117	115	114	112	111	110	108	105	98	126.434	161	142	136	132	129	126	123	120	116	111	101	0	0	0.000	0.000	0	0	0	0	0	0	0	0	0	0	0	0	0	0.000	0.000	0	0	0	0	0	0	0	0	0	0	0
17	17	1108	1718.632	140.275	145	324	317	258	37	105	426	342	169	33	107.827	120	113	111	110	109	108	107	106	105	103	99	129.240	152	142	139	136	133	130	128	124	120	113	101	0	0	0.000	0.000	0	0	0	0	0	0	0	0	0	0	0	0	0	0.000	0.000	0	0	0	0	0	0	0	0	0	0	0
18	18	1448	518.996	146.825	123	499	492	280	31	105	469	501	250	98	150.939	1571	154	139	135	132	129	127	124	120	115	101	150.847	232	173	167	162	158	152	147	141	133	125	104	1	31	513.861	156.262	0	0	0	713	0	0	0	160	0	0	0	0	0	0.000	0.000	0	0	0	0	0	0	0	0	0	0	0
19	19	1036	1156.022	146.393	80	260	388	259	33	53	233	482	205	40	164.416	219	194	186	179	172	166	159	151	143	132	112	203.223	287	250	238	228	217	208	198	187	172	144	110	0	0	0.000	0.000	0	0	0	0	0	0	0	0	0	0	0	0	0	0.000	0.000	0	0	0	0	0	0	0	0	0	0	0
20	20	1229	1504.282	156.814	704	302	134	55	14	668	312	136	57	44	113.987	145	128	123	118	114	112	110	108	106	104	99	223.732	532	377	291	248	216	194	176	163	150	130	110	0	0	0.000	0.000	0	0	0	0	0	0	0	0	0	0	0	1	88	1496.978	158.493	0	0	0	127	0	0	0	448	0	0	0
21	21	904	1384.093	157.396	325	219	193	129	27	288	286	201	87	26	301.431	559	458	406	372	340	311	273	234	177	136	109	111.104	128	121	117	115	113	110	108	107	105	103	99	0	0	0.000	0.000	0	0	0	0	0	0	0	0	0	0	0	0	0	0.000	0.000	0	0	0	0	0	0	0	0	0	0	0
22	22	1918	1827.323	175.371	404	758	593	108	24	369	911	510	78	14	460.530	747	631	580	538	503	464	423	389	355	283	145	119.502	144	129	126	124	122	120	117	115	112	109	100	0	0	0.000	0.000	0	0	0	0	0	0	0	0	0	0	0	0	0	0.000	0.000	0	0	0	0	0	0	0	0	0	0	0
23	23	1812	1665.094	173.492	470	454	440	355	76	434	581	479	256	35	119.036	139	129	127	125	123	120	118	115	110	106	99	233.395	337	298	282	269	257	245	228	209	181	146	105	0	0	0.000	0.000	0	0	0	0	0	0	0	0	0	0	0	0	0	0.000	0.000	0	0	0	0	0	0	0	0	0	0	0
24	24	1263	165.038	173.232	74	241	462	347	115	60	341	473	281	81	794.195	1265	1102	995	929	870	796	724	653	591	509	211	144.485	179	165	159	154	149	144	140	135	130	124	109	0	0	0.000	0.000	0	0	0	0	0	0	0	0	0	0	0	0	0	0.000	0.000	0	0	0	0	0	0	0	0	0	0	0
25	25	1434	1178.164	185.520	266	511	454	170	11	168	447	413	306	78	200.219	266	236	229	222	217	210	203	190	171	144	103	146.041	177	163	159	156	153	150	146	141	132	121	105	0	0	0.000	0.000	0	0	0	0	0	0	0	0	0	0	0	0	0	0.000	0.000	0	0	0	0	0	0	0	0	0	0	0
26	26	1546	1770.923	183.454	171	450	375	366	142	142	406	468	366	122	437.721	664	574	525	488	459	434	408	390	365	314	153	118.098	138	126	123	122	120	118	116	115	113	110	99	0	0	0.000	0.000	0	0	0	0	0	0	0	0	0	0	0	0	0	0.000	0.000	0	0	0	0	0	0	0	0	0	0	0
27	27	1548	1024.709	189.729	258	409	486	309	51	171	515	549	239	45	297.906	458	382	362	341	320	301	283	267	242	199	121	113.194	136	120	118	116	115	113	112	110	108	106	100	0	0	0.000	0.000	0	0	0	0	0	0	0	0	0	0	0	0	0	0.000	0.000	0	0	0	0	0	0	0	0	0	0	0
28	28	2343	1568.878	192.687	734	1115	421	25	9	473	962	619	238	17	1040.372	20132	1426	384	246	206	193	183	174	163	142	107	240.059	2248	303	193	178	167	160	155	149	141	127	104	1	175	1576.470	191.823	0	0	0	9454	0	0	0	1014	0	0	0	1	154	1576.549	191.185	0	0	0	10978	0	0	0	1189	0	0	0
29	29	1109	1723.748	186.076	155	460	281	144	49	139	549	273	113	22	456.335	640	571	542	524	500	473	441	410	376	316	164	119.931	136	127	125	123	122	120	119	117	115	112	105	0	0	0.000	0.000	0	0	0	0	0	0	0	0	0	0	0	0	0	0.000	0.000	0	0	0	0	0	0	0	0	0	0	0
30	30	1925	520.858	197.935	368	799	559	151	13	194	835	544	292	24	113.016	129	119	117	115	114	113	112	111	109	107	99	108.033	125	113	111	110	109	108	107	106	105	104	97	0	0	0.000	0.000	0	0	0	0	0	0	0	0	0	0	0	0	0	0.000	0.000	0	0	0	0	0	0	0	0	0	0	0
31	31	1874	203.378	205.375	284	486	593	427	52	233	659	637	264	44	769.671	6803	1152	951	803	717	640	578	518	452	343	116	151.174	763	175	159	150	144	138	133	127	122	115	101	1	44	184.979	207.315	0	0	0	3948	0	0	0	484	0	0	0	1	65	184.726	207.794	0	0	0	2891	0	0	0	399	0	0	0
32	32	1166	149.899	213.425	385	419	246	72	24	287	503	268	75	11	120.058	150	132	127	124	121	119	117	115	112	109	101	227.172	369	303	278	262	249	239	224	197	163	134	102	0	0	0.000	0.000	0	0	0	0	0	0	0	0	0	0	0	0	0	0.000	0.000	0	0	0	0	0	0	0	0	0	0	0
33	33	1647	467.431	216.265	173	399	577	421	49	131	322	753	288	127	113.602	129	120	118	116	115	114	112	111	109	107	99	107.957	121	113	111	110	109	108	107	106	105	103	97	0	0	0.000	0.000	0	0	0	0	0	0	0	0	0	0	0	0	0	0.000	0.000	0	0	0	0	0	0	0	0	0	0	0
34	34	1203	555.322	233.947	151	293	415	252	61	129	384	474	164	24	112.002	129	118	116	114	113	112	111	110	108	106	98	107.277	119	111	110	109	108	107	106	106	105	103	99	0	0	0.000	0.000	0	0	0	0	0	0	0	0	0	0	0	0	0	0.000	0.000	0	0	0	0	0	0	0	0	0	0	0
35	35	1716	1607.551	238.418	360	605	572	135	10	247	486	560	324	65	150.765	201	175	168	163	158	152	147	142	135	123	102	107.697	123	114	111	109	108	107	106	105	104	103	95	0	0	0.000	0.000	0	0	0	0	0	0	0	0	0	0	0	0	0	0.000	0.000	0	0	0	0	0	0	0	0	0	0	0
36	36	1450	1733.471	231.544	420	369	303	210	130	277	467	400	244	42	1504.352	18259	4544	1039	474	307	240	205	189	178	167	128	450.574	2923	953	416	313	282	264	254	247	239	226	146	1	197	1730.767	228.168	0	0	0	7741	0	0	0	1234	0	0	0	1	170	1731.410	226.741	0	0	0	6815	0	0	0	1572	0	0	0
37	37	2000	1161.837	244.623	330	810	629	172	24	219	675	658	313	102	514.838	10838	594	267	239	230	221	210	195	179	155	108	205.388	1848	228	182	172	166	161	157	150	141	127	103	1	98	1153.366	252.827	0	0	0	4943	0	0	0	897	0	0	0	1	91	1153.280	251.854	0	0	0	4235	0	0	0	924	0	0	0
38	38	607	430.574	237.199	31	162	196	169	34	52	145	256	103	36	110.180	125	116	114	112	111	110	109	108	106	104	97	107.153	117	111	110	109	108	107	106	105	104	103	98	0	0	0.000	0.000	0	0	0	0	0	0	0	0	0	0	0	0	0	0.000	0.000	0	0	0	0	0	0	0	0	0	0	0
39	39	1181	1558.794	250.646	153	324	374	246	57	106	446	353	206	45	161.961	210	184	178	175	171	166	161	154	146	130	104	106.681	127	113	109	108	107	106	105	104	103	102	99	0	0	0.000	0.000	0	0	0	0	0	0	0	0	0	0	0	0	0	0.000	0.000	0	0	0	0	0	0	0	0	0	0	0
40	40	1934	209.289	259.263	499	642	588	148	18	427	650	558	242	23	674.338	951	880	841	804	768	725	675	624	522	368	136	113.847	138	125	120	117	115	113	111	109	107	105	100	0	0	0.000	0.000	0	0	0	0	0	0	0	0	0	0	0	0	0	0.000	0.000	0	0	0	0	0	0	0	0	0	0	0
41	41	2090	1699.091	267.637	1601	393	46	24	14	1376	356	218	88	29	109.642	150	125	115	110	108	106	105	104	103	102	95	111.178	185	119	115	112	110	108	107	106	105	103	97	0	0	0.000	0.000	0	0	0	0	0	0	0	0	0	0	0	0	0	0.000	0.000	0	0	0	0	0	0	0	0	0	0	0
42	42	2549	1644.524	277.360	345	910	945	281	11	215	791	954	455	84	587.109	14047	622	255	208	194	181	172	162	152	139	107	259.741	2315	310	246	230	216	199	187	174	160	143	111	1	132	1648.628	265.744	0	0	0	6170	0	0	0	1151	0	0	0	1	114	1648.420	265.135	0	0	0	6877	0	0	0	1237	0	0	0
43	43	1012	263.221	280.100	321	321	281	58	13	193	278	219	214	86	152.166	192	172	167	163	158	154	150	144	137	129	107	169.065	209	195	189	184	179	173	166	158	148	138	106	0	0	0.000	0.000	0	0	0	0	0	0	0	0	0	0	0	0	0	0.000	0.000	0	0	0	0	0	0	0	0	0	0	0
44	44	1799	305.724	303.083	1171	529	30	25	17	1004	661	59	23	17	429.768	9329	620	282	214	188	176	165	155	146	136	107	211.226	1032	273	235	212	200	189	178	168	157	144	108	1	76	310.767	296.561	0	0	0	3975	0	0	0	578	0	0	0	1	59	310.944	296.690	0	0	0	5096	0	0	0	665	0	0	0
45	45	1673	577.887	314.208	248	659	528	181	13	193	756	497	177	16	569.503	9760	487	448	424	404	379	357	335	305	236	120	158.647	1333	156	140	136	133	131	127	124	120	111	99	1	77	564.089	323.170	0	0	0	4441	0	0	0	487	0	0	0	1	79	563.842	321.115	0	0	0	1603	0	0	0	627	0	0	0
46	46	1480	1734.392	324.949	175	450	463	285	73	169	626	403	216	42	112.472	130	118	116	115	114	112	111	110	109	107	100	106.083	118	110	108	107	107	106	105	105	104	103	95	0	0	0.000	0.000	0	0	0	0	0	0	0	0	0	0	0	0	0	0.000	0.000	0	0	0	0	0	0	0	0	0	0	0
47	47	2424	1606.494	337.698	515	892	768	214	11	324	661	803	482	103	179.232	257	216	205	196	190	185	178	167	152	132	103	216.622	307	272	257	247	237	227	213	195	172	145	105	0	0	0.000	0.000	0	0	0	0	0	0	0	0	0	0	0	0	0	0.000	0.000	0	0	0	0	0	0	0	0	0	0	0
48	48	1876	1085.262	336.116	511	834	436	47	13	273	787	434	265	82	119.131	138	128	125	124	122	120	118	115	113	108	100	197.950	273	238	226	218	210	202	195	185	171	149	110	0	0	0.000	0.000	0	0	0	0	0	0	0	0	0	0	0	0	0	0.000	0.000	0	0	0	0	0	0	0	0	0	0	0
49	49	1189	277.726	340.046	187	288	407	255	43	141	329	433	209	53	314.868	456	387	362	350	339	329	318	302	267	212	113	139.426	176	154	150	147	144	141	138	135	130	121	104	0	0	0.000	0.000	0	0	0	0	0	0	0	0	0	0	0	0	0	0.000	0.000	0	0	0	0	0	0	0	0	0	0	0
50	50	1470	542.931	341.816	213	424	504	260	39	139	533	513	211	39	368.652	2331	454	422	395	375	352	334	314	279	232	127	127.897	307	142	135	131	127	125	122	119	116	110	98	1	22	552.299	340.784	0	0	0	1409	0	0	0	222	0	0	0	1	29	550.849	339.204	0	0	0	654	0	0	0	228	0	0	0
51	51	2347	1372.290	357.192	537	1114	607	34	7	354	886	689	338	37	1084.446	18838	1643	410	278	239	220	205	192	172	141	105	447.528	4170	652	365	333	308	284	263	238	202	162	114	1	197	1367.927	365.804	0	0	0	8874	0	0	0	2025	0	0	0	1	184	1368.071	364.940	0	0	0	8591	0	0	0	2226	0	0	0
52	52	1136	395.234	351.703	294	379	280	126	35	203	435	326	122	32	114.837	134	123	120	118	116	115	113	111	110	108	101	410.966	606	544	509	469	445	424	403	374	323	252	123	0	0	0.000	0.000	0	0	0	0	0	0	0	0	0	0	0	0	0	0.000	0.000	0	0	0	0	0	0	0	0	0	0	0
53	53	1442	1865.097	357.989	217	363	402	348	79	148	396	436	326	104	114.936	139	124	120	118	116	114	113	111	109	107	100	105.134	113	108	107	106	106	105	104	104	103	102	96	0	0	0.000	0.000	0	0	0	0	0	0	0	0	0	0	0	0	0	0.000	0.000	0	0	0	0	0	0	0	0	0	0	0
54	54	1820	1916.450	380.910	241	609	557	293	92	176	643	596	302	72	936.670	13912	1063	704	663	620	569	524	478	434	377	181	201.780	1848	232	167	161	157	152	148	143	138	128	103	1	88	1924.305	390.599	0	0	0	6430	0	0	0	964	0	0	0	1	92	1924.206	390.234	0	0	0	6416	0	0	0	955	0	0	0
55	55	1949	1816.253	381.395	318	644	589	241	112	341	822	491	209	59	112.419	134	119	117	115	113	112	111	110	108	106	98	104.958	120	108	107	106	106	105	104	104	103	102	96	0	0	0.000	0.000	0	0	0	0	0	0	0	0	0	0	0	0	0	0.000	0.000	0	0	0	0	0	0	0	0	0	0	0
56	56	1051	1115.506	374.293	387	360	250	27	8	218	264	217	240	100	118.949	142	129	125	123	121	119	117	115	113	109	101	180.189	270	222	211	202	192	180	168	161	152	136	105	0	0	0.000	0.000	0	0	0	0	0	0	0	0	0	0	0	0	0	0.000	0.000	0	0	0	0	0	0	0	0	0	0	0
57	57	892	1278.188	380.607	219	263	308	73	18	201	292	249	105	28	121.923	156	139	133	127	123	120	117	115	112	108	98	448.575	780	630	586	554	514	466	417	371	316	216	118	0	0	0.000	0.000	0	0	0	0	0	0	0	0	0	0	0	0	0	0.000	0.000	0	0	0	0	0	0	0	0	0	0	0
58	58	1666	461.483	412.045	284	673	538	126	10	149	454	660	292	75	280.411	425	358	331	315	299	283	268	253	234	195	119	143.862	183	164	157	152	148	144	141	136	131	124	100	0	0	0.000	0.000	0	0	0	0	0	0	0	0	0	0	0	0	0	0.000	0.000	0	0	0	0	0	0	0	0	0	0	0
59	59	1512	1386.073	407.806	288	370	409	293	128	235	613	391	185	60	204.464	293	258	243	228	218	209	197	184	167	143	111	271.663	409	358	336	317	301	284	261	237	206	161	112	0	0	0.000	0.000	0	0	0	0	0	0	0	0	0	0	0	0	0	0.000	0.000	0	0	0	0	0	0	0	0	0	0	0
60	60	1383	1674.160	414.602	240	631	403	70	15	120	318	536	294	86	463.401	694	624	584	550	518	485	455	416	352	254	109	108.871	127	115	113	111	109	108	107	106	105	104	98	0	0	0.000	0.000	0	0	0	0	0	0	0	0	0	0	0	0	0	0.000	0.000	0	0	0	0	0	0	0	0	0	0	0
61	61	1703	1284.937	427.615	593	707	342	22	9	292	464	470	328	118	114.974	147	128	123	120	117	114	111	109	107	104	97	408.668	658	582	550	524	485	441	383	328	260	163	110	0	0	0.000	0.000	0	0	0	0	0	0	0	0	0	0	0	0	0	0.000	0.000	0	0	0	0	0	0	0	0	0	0	0
62	62	1916	629.381	432.038	352	569	584	332	42	374	683	587	214	23	359.242	7617	366	251	227	213	203	191	179	167	149	112	174.454	1201	194	177	167	160	154	147	140	133	122	100	1	70	631.927	429.265	0	0	0	3451	0	0	0	594	0	0	0	1	67	632.343	428.348	0	0	0	2155	0	0	0	642	0	0	0
63	63	913	1810.423	431.613	477	235	105	43	39	477	264	92	39	17	178.054	235	211	201	192	186	180	173	166	157	143	111	186.637	243	214	207	203	199	192	185	175	164	150	115	0	0	0.000	0.000	0	0	0	0	0	0	0	0	0	0	0	0	0	0.000	0.000	0	0	0	0	0	0	0	0	0	0	0
64	64	942	677.135	442.458	159	177	249	254	84	130	226	330	184	51	172.513	233	211	200	191	185	178	170	159	145	125	102	144.328	182	167	162	158	154	149	143	134	125	112	101	0	0	0.000	0.000	0	0	0	0	0	0	0	0	0	0	0	0	0	0.000	0.000	0	0	0	0	0	0	0	0	0	0	0
65	65	1947	1634.425	454.013	361	572	651	267	55	352	629	631	270	34	482.635	785	665	598	554	522	490	451	412	373	305	143	107.523	123	113	111	109	108	107	106	105	104	103	96	0	0	0.000	0.000	0	0	0	0	0	0	0	0	0	0	0	0	0	0.000	0.000	0	0	0	0	0	0	0	0	0	0	0
66	66	1704	79.038	462.946	207	552	624	229	62	240	624	652	125	25	255.053	2332	297	272	258	247	235	222	208	191	171	123	120.277	216	130	126	123	121	119	117	115	113	111	100	1	30	81.532	458.849	0	0	0	1211	0	0	0	175	0	0	0	1	21	81.169	457.883	0	0	0	835	0	0	0	176	0	0	0
67	67	1940	445.365	471.817	540	730	438	155	39	528	854	369	138	16	117.025	139	125	122	121	119	117	116	114	111	108	99	239.565	361	308	288	271	257	242	230	216	195	161	106	0	0	0.000	0.000	0	0	0	0	0	0	0	0	0	0	0	0	0	0.000	0.000	0	0	0	0	0	0	0	0	0	0	0
68	68	1307	1825.958	472.259	236	469	351	181	51	223	506	392	118	31	268.542	380	337	318	298	283	268	258	246	228	197	123	120.259	143	131	127	125	122	120	118	116	113	110	100	0	0	0.000	0.000	0	0	0	0	0	0	0	0	0	0	0	0	0	0.000	0.000	0	0	0	0	0	0	0	0	0	0	0
69	69	1023	224.380	475.711	150	445	328	61	18	54	265	473	166	46	180.455	221	204	200	196	192	187	180	172	160	147	107	130.067	167	145	139	135	132	129	127	124	121	117	104	0	0	0.000	0.000	0	0	0	0	0	0	0	0	0	0	0	0	0	0.000	0.000	0	0	0	0	0	0	0	0	0	0	0
70	70	1486	260.461	495.718	347	476	415	177	47	346	502	467	126	20	829.885	15069	1407	400	248	215	199	186	175	165	148	111	209.841	1960	297	155	140	136	133	130	126	122	117	104	1	108	256.412	502.733	0	0	0	6877	0	0	0	937	0	0	0	1	108	256.397	502.743	0	0	0	6877	0	0	0	937	0	0	0
71	71	1676	1928.553	501.074	543	819	236	22	15	559	880	173	15	22	115.559	133	122	120	118	117	115	114	113	111	109	101	104.436	114	108	106	106	105	104	104	103	102	101	97	0	0	0.000	0.000	0	0	0	0	0	0	0	0	0	0	0	0	0	0.000	0.000	0	0	0	0	0	0	0	0	0	0	0
72	72	1555	1180.205	526.466	266	644	476	138	14	141	511	488	333	54	204.577	1941	222	206	198	191	185	178	170	159	146	112	142.012	309	159	153	148	144	141	137	134	128	121	106	1	36	1180.674	514.407	0	0	0	862	0	0	0	204	0	0	0	0	0	0.000	0.000	0	0	0	0	0	0	0	0	0	0	0
73	73	1645	1668.319	529.398	444	802	325	30	7	247	513	618	176	51	734.566	11737	677	595	521	476	448	425	395	351	294	135	163.917	1389	155	140	134	131	128	125	123	120	116	104	1	96	1661.478	543.999	0	0	0	5606	0	0	0	721	0	0	0	1	102	1661.968	543.829	0	0	0	5285	0	0	0	683	0	0	0
74	74	1440	359.408	538.561	833	368	152	50	18	790	453	123	41	16	505.143	8012	696	551	472	423	369	324	285	256	214	117	172.599	1983	185	157	147	141	137	133	129	124	116	100	1	41	357.397	554.070	0	0	0	3460	0	0	0	913	0	0	0	1	37	357.293	553.891	0	0	0	3563	0	0	0	918	0	0	0
75	75	1453	1315.864	530.309	159	411	412	343	99	144	461	515	257	44	188.694	1455	207	190	182	176	170	165	159	149	138	110	150.169	482	168	161	156	151	147	143	139	135	126	104	1	29	1312.914	514.444	0	0	0	810	0	0	0	212	0	0	0	1	20	1310.159	513.718	0	0	0	364	0	0	0	345	0	0	0
76	76	2033	659.823	544.106	548	1108	285	40	17	646	1132	196	15	13	624.252	1013	845	796	755	716	677	626	543	430	305	125	153.996	201	182	173	167	161	155	151	144	135	122	101	0	0	0.000	0.000	0	0	0	0	0	0	0	0	0	0	0	0	0	0.000	0.000	0	0	0	0	0	0	0	0	0	0	0
77	77	1838	226.065	554.839	228	530	669	358	28	193	647	640	277	46	120.423	143	128	126	124	122	121	119	117	115	112	102	312.819	436	385	366	350	338	326	312	293	259	219	124	0	0	0.000	0.000	0	0	0	0	0	0	0	0	0	0	0	0	0	0.000	0.000	0	0	0	0	0	0	0	0	0	0	0
78	78	1137	1629.475	554.623	245	318	355	172	19	187	275	296	278	79	111.481	126	116	115	114	112	111	110	109	108	107	99	118.806	138	128	125	123	121	119	117	115	113	109	100	0	0	0.000	0.000	0	0	0	0	0	0	0	0	0	0	0	0	0	0.000	0.000	0	0	0	0	0	0	0	0	0	0	0
79	79	1943	1340.000	575.967	574	773	455	85	26	440	637	498	284	56	122.055	172	137	132	128	124	121	118	115	112	109	99	385.208	647	545	511	476	440	398	355	312	261	188	110	0	0	0.000	0.000	0	0	0	0	0	0	0	0	0	0	0	0	0	0.000	0.000	0	0	0	0	0	0	0	0	0	0	0
80	80	2135	768.549	584.401	431	729	648	266	35	390	890	609	204	12	112.221	125	117	115	114	113	112	111	110	109	107	100	233.055	375	305	276	260	248	235	220	201	182	165	116	0	0	0.000	0.000	0	0	0	0	0	0	0	0	0	0	0	0	0	0.000	0.000	0	0	0	0	0	0	0	0	0	0	0
81	81	1209	369.334	586.832	168	315	356	254	85	186	379	361	181	79	432.428	2835	537	504	475	452	428	406	379	338	288	126	148.246	459	164	158	154	150	147	143	139	134	127	106	0	0	0.000	0.000	0	0	0	0	0	0	0	0	0	0	0	0	0	0.000	0.000	0	0	0	0	0	0	0	0	0	0	0
82	82	1869	687.303	599.520	222	484	682	361	84	196	470	801	273	86	688.875	1134	945	858	798	752	706	663	603	523	396	166	164.186	228	199	188	180	173	165	158	150	140	129	102	0	0	0.000	0.000	0	0	0	0	0	0	0	0	0	0	0	0	0	0.000	0.000	0	0	0	0	0	0	0	0	0	0	0
83	83	1906	1928.686	615.001	401	644	593	203	19	333	628	570	263	86	121.472	144	131	128	126	124	122	120	118	115	111	101	248.342	359	315	298	283	270	256	238	220	199	169	116	0	0	0.000	0.000	0	0	0	0	0	0	0	0	0	0	0	0	0	0.000	0.000	0	0	0	0	0	0	0	0	0	0	0
84	84	1231	236.820	604.035	218	365	374	234	22	178	377	391	217	47	116.561	143	125	122	121	119	117	115	113	110	107	101	252.327	418	354	331	309	287	262	244	219	157	119	101	0	0	0.000	0.000	0	0	0	0	0	0	0	0	0	0	0	0	0	0.000	0.000	0	0	0	0	0	0	0	0	0	0	0
85	85	1182	810.236	613.429	190	226	339	268	131	196	264	329	283	95	110.255	121	115	113	112	111	110	109	108	107	105	100	202.185	291	264	248	236	217	201	184	169	158	144	113	0	0	0.000	0.000	0	0	0	0	0	0	0	0	0	0	0	0	0	0.000	0.000	0	0	0	0	0	0	0	0	0	0	0
86	86	1211	454.296	612.301	302	413	378	84	13	148	317	357	291	81	111.385	122	117	115	114	113	112	110	109	108	106	99	194.107	261	232	221	213	207	201	194	185	171	139	105	0	0	0.000	0.000	0	0	0	0	0	0	0	0	0	0	0	0	0	0.000	0.000	0	0	0	0	0	0	0	0	0	0	0
87	87	1788	407.898	623.301	301	374	526	379	175	363	661	477	191	60	112.583	129	119	117	115	114	113	111	110	108	106	100	209.966	283	255	242	232	225	218	211	198	177	146	107	0	0	0.000	0.000	0	0	0	0	0	0	0	0	0	0	0	0	0	0.000	0.000	0	0	0	0	0	0	0	0	0	0	0
88	88	502	1637.605	614.776	48	132	161	112	41	36	150	191	96	17	111.592	125	116	115	113	112	111	111	110	109	107	102	178.795	226	205	198	194	189	185	179	171	159	143	111	0	0	0.000	0.000	0	0	0	0	0	0	0	0	0	0	0	0	0	0.000	0.000	0	0	0	0	0	0	0	0	0	0	0
89	89	1059	1663.722	642.286	132	387	326	157	39	98	405	347	149	40	662.385	940	835	778	742	710	683	654	615	544	457	235	109.077	133	117	114	111	109	108	107	106	104	103	95	0	0	0.000	0.000	0	0	0	0	0	0	0	0	0	0	0	0	0	0.000	0.000	0	0	0	0	0	0	0	0	0	0	0
90	90	1896	1500.847	657.524	251	497	616	413	81	251	551	741	293	27	220.997	2819	242	232	224	215	206	195	182	163	139	108	129.489	551	142	136	133	129	126	122	119	116	111	101	1	59	1476.722	655.557	0	0	0	1029	0	0	0	242	0	0	0	1	43	1476.950	655.043	0	0	0	1335	0	0	0	270	0	0	0
91	91	1698	1441.634	672.745	397	578	545	129	23	311	639	497	170	43	1045.472	19126	1690	472	291	237	212	194	180	160	135	109	273.424	3467	408	190	155	144	137	132	127	121	114	101	1	133	1437.515	677.101	0	0	0	8712	0	0	0	1473	0	0	0	1	115	1437.614	676.872	0	0	0	9950	0	0	0	1711	0	0	0
92	92	2008	994.142	681.187	313	630	738	266	19	183	473	838	336	134	379.072	558	491	464	441	419	397	365	331	290	241	142	158.483	204	183	177	171	166	160	153	148	140	131	110	0	0	0.000	0.000	0	0	0	0	0	0	0	0	0	0	0	0	0	0.000	0.000	0	0	0	0	0	0	0	0	0	0	0
93	93	1664	1592.585	686.825	328	649	522	102	22	217	507	612	240	49	406.044	732	581	523	484	447	399	357	324	292	240	132	108.462	133	117	112	109	108	107	106	105	104	103	96	0	0	0.000	0.000	0	0	0	0	0	0	0	0	0	0	0	1	196	1590.330	664.402	0	0	0	239	0	0	0	121	0	0	0
94	94	1616	1665.464	686.678	324	615	466	158	19	253	514	536	241	45	808.165	1327	1094	1038	971	906	851	790	711	603	400	156	107.929	128	114	111	109	108	107	106	105	104	103	97	0	0	0.000	0.000	0	0	0	0	0	0	0	0	0	0	0	0	0	0.000	0.000	0	0	0	0	0	0	0	0	0	0	0
95	95	1013	363.085	697.565	277	247	278	169	27	243	342	263	106	38	115.590	138	124	121	119	117	115	114	112	110	107	98	278.784	492	395	355	322	298	273	248	229	203	173	123	0	0	0.000	0.000	0	0	0	0	0	0	0	0	0	0	0	0	0	0.000	0.000	0	0	0	0	0	0	0	0	0	0	0
96	96	1184	559.318	710.871	80	311	420	258	101	164	442	383	136	38	115.215	127	121	119	118	116	115	114	113	111	110	102	235.833	315	286	273	264	254	242	229	215	198	174	113	0	0	0.000	0.000	0	0	0	0	0	0	0	0	0	0	0	0	0	0.000	0.000	0	0	0	0	0	0	0	0	0	0	0
97	97	1889	1207.817	727.731	154	536	683	377	98	109	558	778	328	85	109.612	126	115	113	112	110	109	108	107	106	105	97	172.383	233	206	196	189	182	173	166	157	148	137	107	0	0	0.000	0.000	0	0	0	0	0	0	0	0	0	0	0	0	0	0.000	0.000	0	0	0	0	0	0	0	0	0	0	0
98	98	1374	1736.977	731.202	42	137	291	741	139	44	102	347	714	134	124.732	143	133	131	128	127	125	123	121	119	115	105	131.586	157	143	140	137	135	132	130	127	123	119	105	0	0	0.000	0.000	0	0	0	0	0	0	0	0	0	0	0	0	0	0.000	0.000	0	0	0	0	0	0	0	0	0	0	0
99	99	2430	1024.445	732.891	632	645	748	335	30	597	927	591	253	30	679.551	9518	936	534	459	416	386	361	330	261	192	118	290.609	3819	338	210	188	176	167	159	151	140	125	102	1	139	1024.467	728.415	0	0	0	4406	0	0	0	1934	0	0	0	1	139	1023.453	728.516	0	0	0	4174	0	0	0	1934	0	0	0
100	100	1486	1611.205	744.817	279	483	467	175	56	369	583	368	102	41	124.715	282	135	129	126	124	122	120	118	115	112	101	110.652	132	118	114	113	111	110	109	107	106	105	100	0	0	0.000	0.000	0	0	0	0	0	0	0	0	0	0	0	0	0	0.000	0.000	0	0	0	0	0	0	0	0	0	0	0
101	101	1784	598.514	744.664	410	672	529	117	20	360	701	447	210	26	113.775	128	120	118	116	115	114	113	111	110	107	101	211.264	305	262	248	236	225	215	203	188	173	157	118	0	0	0.000	0.000	0	0	0	0	0	0	0	0	0	0	0	0	0	0.000	0.000	0	0	0	0	0	0	0	0	0	0	0
102	102	1216	1768.963	757.666	83	361	457	249	36	132	574	329	158	14	114.921	134	122	119	118	116	115	114	112	110	108	100	140.576	171	157	151	147	144	142	138	135	131	123	102	0	0	0.000	0.000	0	0	0	0	0	0	0	0	0	0	0	0	0	0.000	0.000	0	0	0	0	0	0	0	0	0	0	0
103	103	1653	936.513	762.423	277	627	568	144	11	230	508	581	234	66	175.158	238	212	202	192	185	176	170	161	148	134	107	171.809	242	208	198	190	183	175	166	155	144	132	106	0	0	0.000	0.000	0	0	0	0	0	0	0	0	0	0	0	0	0	0.000	0.000	0	0	0	0	0	0	0	0	0	0	0
104	104	1878	773.261	781.537	271	708	650	195	21	196	729	567	262	79	901.621	1429	1191	1117	1052	1005	960	913	815	677	496	141	162.865	217	193	182	174	168	163	157	152	145	132	107	0	0	0.000	0.000	0	0	0	0	0	0	0	0	0	0	0	0	0	0.000	0.000	0	0	0	0	0	0	0	0	0	0	0
105	105	1433	1636.041	787.226	152	395	473	283	89	145	514	470	223	51	114.879	129	121	119	117	116	115	114	113	111	109	101	230.405	317	279	268	259	251	239	224	210	195	166	117	0	0	0.000	0.000	0	0	0	0	0	0	0	0	0	0	0	0	0	0.000	0.000	0	0	0	0	0	0	0	0	0	0	0
106	106	1760	1748.883	807.355	209	449	570	403	92	215	467	564	361	108	114.943	140	121	119	118	116	115	114	112	110	108	100	139.670	181	157	152	149	145	142	138	134	127	116	103	0	0	0.000	0.000	0	0	0	0	0	0	0	0	0	0	0	0	0	0.000	0.000	0	0	0	0	0	0	0	0	0	0	0
107	107	1277	830.820	807.286	368	519	304	48	12	182	408	401	222	38	218.644	291	261	251	243	235	227	216	203	187	161	114	154.000	192	173	169	165	160	156	152	147	140	131	106	0	0	0.000	0.000	0	0	0	0	0	0	0	0	0	0	0	0	0	0.000	0.000	0	0	0	0	0	0	0	0	0	0	0
108	108	1949	304.127	810.661	191	431	784	473	32	164	521	794	326	114	693.514	13730	866	311	249	236	220	205	191	178	157	120	200.650	1744	247	169	160	154	147	140	133	126	119	104	1	121	312.531	804.252	0	0	0	6425	0	0	0	833	0	0	0	1	116	312.429	804.249	0	0	0	6834	0	0	0	872	0	0	0
109	109	1542	1926.567	819.721	254	399	396	341	124	222	563	418	240	64	157.057	209	180	172	167	162	158	154	149	143	131	107	129.681	165	145	140	137	134	131	128	124	120	110	99	0	0	0.000	0.000	0	0	0	0	0	0	0	0	0	0	0	0	0	0.000	0.000	0	0	0	0	0	0	0	0	0	0	0
110	110	1638	141.814	826.059	236	447	559	309	57	216	675	495	198	35	149.524	191	168	163	159	156	152	148	143	136	125	105	134.665	167	150	146	142	139	135	132	128	125	118	102	0	0	0.000	0.000	0	0	0	0	0	0	0	0	0	0	0	0	0	0.000	0.000	0	0	0	0	0	0	0	0	0	0	0
111	111	1496	751.556	827.503	284	498	487	187	20	208	349	507	264	142	853.996	1259	1112	1047	999	955	914	866	775	646	484	212	160.529	207	182	177	172	169	164	158	152	144	133	107	0	0	0.000	0.000	0	0	0	0	0	0	0	0	0	0	0	0	0	0.000	0.000	0	0	0	0	0	0	0	0	0	0	0
112	112	2020	357.941	838.850	469	825	626	46	12	280	590	743	314	52	201.363	278	245	234	224	216	207	197	186	170	147	108	148.902	191	172	166	161	157	152	146	139	131	121	104	0	0	0.000	0.000	0	0	0	0	0	0	0	0	0	0	0	0	0	0.000	0.000	0	0	0	0	0	0	0	0	0	0	0
113	113	1424	1727.768	872.954	133	219	581	337	119	78	192	703	327	94	128.316	219	138	134	132	130	128	126	123	120	117	106	135.084	161	148	145	141	139	136	133	130	125	121	108	0	0	0.000	0.000	0	0	0	0	0	0	0	0	0	0	0	0	0	0.000	0.000	0	0	0	0	0	0	0	0	0	0	0
114	114	932	119.897	866.321	104	362	327	94	18	77	416	309	102	13	692.898	962	868	822	787	751	714	678	623	564	482	270	134.047	159	145	142	139	137	134	132	130	126	122	107	0	0	0.000	0.000	0	0	0	0	0	0	0	0	0	0	0	0	0	0.000	0.000	0	0	0	0	0	0	0	0	0	0	0
115	115	1643	1806.156	873.433	211	502	548	299	52	198	570	482	269	94	788.401	15486	1188	310	216	187	174	163	153	142	127	107	187.357	1425	245	161	148	141	136	131	127	122	115	100	1	116	1795.760	870.868	0	0	0	6710	0	0	0	640	0	0	0	1	102	1796.557	869.719	0	0	0	5209	0	0	0	793	0	0	0
116	116	1274	166.216	879.631	289	441	370	128	29	406	527	231	73	16	1525.868	16746	3495	1112	762	681	615	549	493	412	319	113	232.401	1793	446	202	152	139	133	129	125	121	116	101	1	128	169.463	882.749	0	0	0	8307	0	0	0	917	0	0	0	1	133	169.850	882.305	0	0	0	8006	0	0	0	877	0	0	0
117	117	1857	1848.495	918.846	260	591	621	291	49	312	674	611	208	23	413.503	8909	464	257	223	207	193	183	173	162	147	107	162.381	1193	181	151	144	140	136	132	128	124	119	104	1	77	1840.963	928.312	0	0	0	4229	0	0	0	643	0	0	0	1	74	1841.265	927.889	0	0	0	4371	0	0	0	648	0	0	0
118	118	1932	171.049	925.331	312	708	629	236	20	224	662	650	252	95	183.835	247	217	208	202	195	188	181	173	160	139	108	135.504	172	153	148	144	140	136	133	128	123	115	102	0	0	0.000	0.000	0	0	0	0	0	0	0	0	0	0	0	0	0	0.000	0.000	0	0	0	0	0	0	0	0	0	0	0
119	119	2020	992.335	926.800	670	871	424	29	10	437	877	484	176	14	210.134	295	260	250	241	231	216	203	189	173	145	106	386.742	575	531	499	468	434	398	359	324	288	216	127	0	0	0.000	0.000	0	0	0	0	0	0	0	0	0	0	0	0	0	0.000	0.000	0	0	0	0	0	0	0	0	0	0	0
120	120	1060	1801.788	923.211	181	268	320	208	67	159	274	307	230	71	160.549	844	177	163	157	152	149	146	142	139	131	113	130.021	224	143	138	135	132	129	126	123	120	115	102	1	33	1809.469	927.519	0	0	0	393	0	0	0	171	0	0	0	0	0	0.000	0.000	0	0	0	0	0	0	0	0	0	0	0
121	121	2241	1705.369	936.548	353	662	730	390	62	369	815	727	220	70	1005.522	15868	1106	789	669	598	554	522	479	415	322	161	171.025	1479	183	146	139	134	131	128	125	120	115	100	1	120	1699.600	945.700	0	0	0	7710	0	0	0	476	0	0	0	1	120	1700.997	944.708	0	0	0	4778	0	0	0	747	0	0	0
122	122	2958	284.918	946.268	1492	499	455	336	128	1405	539	438	363	168	119.342	142	128	125	122	121	119	117	116	114	112	104	104.593	118	107	106	106	105	104	104	103	103	102	97	0	0	0.000	0.000	0	0	0	0	0	0	0	0	0	0	0	0	0	0.000	0.000	0	0	0	0	0	0	0	0	0	0	0
123	123	1230	1893.256	942.011	206	309	316	270	99	205	329	338	269	67	191.730	245	215	209	203	199	196	191	186	178	163	118	134.903	167	149	144	141	137	135	132	129	126	122	106	0	0	0.000	0.000	0	0	0	0	0	0	0	0	0	0	0	0	0	0.000	0.000	0	0	0	0	0	0	0	0	0	0	0
124	124	1638	123.224	952.377	308	574	582	142	9	233	376	551	322	120	426.742	8254	484	270	229	210	197	183	169	155	133	106	150.472	800	170	150	143	138	133	129	124	118	110	100	1	83	121.863	946.473	0	0	0	3600	0	0	0	416	0	0	0	1	81	120.872	946.518	0	0	0	2679	0	0	0	417	0	0	0
125	125	1763	1751.674	973.290	207	501	621	251	150	179	637	629	196	91	373.813	546	482	458	441	425	397	365	330	290	223	126	119.491	142	129	126	124	122	120	118	116	112	108	99	0	0	0.000	0.000	0	0	0	0	0	0	0	0	0	0	0	0	0	0.000	0.000	0	0	0	0	0	0	0	0	0	0	0
126	126	1804	1929.166	977.378	156	426	750	395	53	147	673	694	230	22	675.763	12093	919	424	340	316	297	275	256	233	202	139	164.592	1334	190	144	135	129	126	123	120	117	113	101	1	99	1932.117	979.865	0	0	0	5433	0	0	0	644	0	0	0	1	93	1932.387	979.528	0	0	0	5607	0	0	0	686	0	0	0
127	127	1828	1130.668	1000.107	341	903	510	33	11	163	771	555	269	38	607.248	6742	703	635	586	553	517	482	434	369	294	135	150.906	863	161	151	146	142	138	134	130	125	119	103	1	44	1134.488	992.360	0	0	0	3828	0	0	0	512	0	0	0	1	56	1134.722	991.999	0	0	0	3276	0	0	0	481	0	0	0
128	128	1265	1917.168	1024.334	183	347	385	256	76	183	397	412	199	50	564.038	9218	564	427	406	389	373	354	334	313	281	166	240.021	2244	259	231	223	216	208	199	191	182	166	117	1	70	1902.524	1024.379	0	0	0	4712	0	0	0	1307	0	0	0	0	0	0.000	0.000	0	0	0	0	0	0	0	0	0	0	0
129	129	1608	1706.555	1042.269	57	170	410	836	116	14	88	454	757	263	124.183	141	132	130	128	126	124	123	121	119	116	107	134.244	157	147	143	140	138	135	132	129	125	121	108	0	0	0.000	0.000	0	0	0	0	0	0	0	0	0	0	0	0	0	0.000	0.000	0	0	0	0	0	0	0	0	0	0	0
130	130	1129	1130.307	1046.562	147	330	334	238	60	165	411	310	166	56	451.236	701	559	529	506	487	469	443	413	376	306	172	134.850	163	149	145	141	137	135	132	129	126	120	105	0	0	0.000	0.000	0	0	0	0	0	0	0	0	0	0	0	0	0	0.000	0.000	0	0	0	0	0	0	0	0	0	0	0
131	131	1385	1562.955	1068.934	448	567	308	37	5	416	716	201	21	4	113.725	129	120	118	117	115	114	112	111	109	107	100	153.148	193	174	168	163	159	155	151	146	138	128	107	0	0	0.000	0.000	0	0	0	0	0	0	0	0	0	0	0	0	0	0.000	0.000	0	0	0	0	0	0	0	0	0	0	0
132	132	3650	833.372	1082.872	2969	483	115	43	20	2904	482	151	52	32	147.416	368	189	178	168	157	144	128	119	116	113	103	154.757	900	191	175	165	157	149	134	127	123	119	104	0	0	0.000	0.000	0	0	0	0	0	0	0	0	0	0	0	0	0	0.000	0.000	0	0	0	0	0	0	0	0	0	0	0
133	133	1421	1589.602	1106.151	348	552	367	117	13	279	541	336	187	57	161.115	2359	165	137	132	129	126	123	121	117	113	101	160.739	354	185	177	171	165	161	156	150	141	128	109	1	37	1594.025	1105.007	0	0	0	1004	0	0	0	244	0	0	0	0	0	0.000	0.000	0	0	0	0	0	0	0	0	0	0	0
134	134	622	421.902	1139.338	222	149	116	88	39	125	108	137	171	64	135.796	175	158	152	146	141	136	130	124	119	115	104	229.968	364	319	296	281	258	233	208	183	158	137	108	0	0	0.000	0.000	0	0	0	0	0	0	0	0	0	0	0	0	0	0.000	0.000	0	0	0	0	0	0	0	0	0	0	0
135	135	4379	256.731	1173.459	3452	639	164	60	26	3327	717	204	62	23	786.981	5470	1579	1434	1199	984	733	400	165	130	119	104	142.742	808	184	173	163	150	134	117	108	105	104	98	1	38	242.949	1152.033	0	0	0	3689	0	0	0	473	0	0	0	1	50	243.342	1151.445	0	0	0	3036	0	0	0	453	0	0	0
136	136	1420	1701.570	1169.912	88	142	313	686	168	61	135	579	485	127	122.936	144	132	129	127	125	123	121	119	117	114	105	134.323	157	147	143	140	138	135	132	129	126	121	106	0	0	0.000	0.000	0	0	0	0	0	0	0	0	0	0	0	0	0	0.000	0.000	0	0	0	0	0	0	0	0	0	0	0
137	137	2308	382.546	1189.934	436	1003	736	80	12	267	887	685	365	68	410.312	7811	432	350	327	307	291	276	257	218	161	112	164.467	1644	172	156	149	144	140	136	131	125	115	97	1	65	371.900	1203.043	0	0	0	3377	0	0	0	627	0	0	0	1	65	370.610	1202.973	0	0	0	2720	0	0	0	806	0	0	0
138	138	758	963.768	1215.021	206	321	193	13	9	135	259	237	94	22	169.425	219	201	194	189	182	174	165	156	145	127	105	138.817	165	150	148	145	143	140	137	134	130	125	110	0	0	0.000	0.000	0	0	0	0	0	0	0	0	0	0	0	0	0	0.000	0.000	0	0	0	0	0	0	0	0	0	0	0
139	139	573	1934.888	1212.281	111	154	154	116	25	95	168	154	118	30	106.124	116	110	109	108	107	106	105	104	104	102	98	115.729	130	122	120	119	117	116	115	113	111	108	101	0	0	0.000	0.000	0	0	0	0	0	0	0	0	0	0	0	0	0	0.000	0.000	0	0	0	0	0	0	0	0	0	0	0
140	140	1952	207.803	1248.329	184	643	731	308	46	158	594	730	349	90	815.470	11926	996	670	624	586	544	493	440	385	308	131	184.503	1857	207	160	151	144	139	132	127	121	115	98	1	85	215.959	1252.519	0	0	0	5632	0	0	0	915	0	0	0	1	91	215.925	1252.674	0	0	0	5400	0	0	0	899	0	0	0
141	141	1515	1308.463	1240.610	297	634	468	74	19	243	620	409	174	31	287.875	4617	299	238	224	215	206	197	186	175	160	115	372.187	1707	469	437	408	382	360	336	316	289	240	126	1	46	1319.970	1253.168	0	0	0	2162	0	0	0	424	0	0	0	1	21	1322.691	1249.927	0	0	0	561	0	0	0	1328	0	0	0
142	142	1699	151.159	1262.608	301	750	487	98	25	201	766	474	203	27	413.330	571	516	495	476	456	435	411	379	333	271	126	127.901	165	139	136	133	131	129	126	123	120	115	101	0	0	0.000	0.000	0	0	0	0	0	0	0	0	0	0	0	0	0	0.000	0.000	0	0	0	0	0	0	0	0	0	0	0
143	143	732	193.237	1292.620	96	190	219	149	58	144	231	182	118	46	403.791	565	502	481	461	444	426	402	377	326	259	149	129.283	152	141	138	136	133	130	127	124	120	116	103	0	0	0.000	0.000	0	0	0	0	0	0	0	0	0	0	0	0	0	0.000	0.000	0	0	0	0	0	0	0	0	0	0	0
144	144	1817	107.872	1309.324	515	817	406	23	14	260	677	550	272	28	112.517	128	119	117	115	114	112	111	110	108	107	99	135.101	166	151	147	143	140	136	133	128	123	117	101	0	0	0.000	0.000	0	0	0	0	0	0	0	0	0	0	0	0	0	0.000	0.000	0	0	0	0	0	0	0	0	0	0	0
145	145	1239	440.644	1309.961	172	354	454	188	47	155	411	434	169	43	109.678	126	115	113	112	111	110	109	107	106	104	98	146.554	182	163	158	154	151	148	145	142	137	127	104	0	0	0.000	0.000	0	0	0	0	0	0	0	0	0	0	0	0	0	0.000	0.000	0	0	0	0	0	0	0	0	0	0	0
146	146	1537	1800.445	1310.831	240	388	468	350	59	245	425	437	328	66	516.519	745	659	623	596	573	549	519	469	406	309	172	107.979	131	115	111	109	108	107	106	105	104	103	97	0	0	0.000	0.000	0	0	0	0	0	0	0	0	0	0	0	0	0	0.000	0.000	0	0	0	0	0	0	0	0	0	0	0
147	147	1844	1662.082	1345.306	116	195	246	958	312	70	155	519	832	241	128.809	148	138	135	133	131	129	127	125	122	119	107	139.361	171	153	149	146	143	140	137	134	130	126	111	0	0	0.000	0.000	0	0	0	0	0	0	0	0	0	0	0	0	0	0.000	0.000	0	0	0	0	0	0	0	0	0	0	0
148	148	1388	1352.691	1342.024	159	340	415	315	143	129	418	424	234	157	843.746	1333	1164	1106	1042	957	873	811	735	601	419	178	146.457	204	179	171	164	155	146	140	133	121	110	101	0	0	0.000	0.000	0	0	0	0	0	0	0	0	0	0	0	0	0	0.000	0.000	0	0	0	0	0	0	0	0	0	0	0
149	149	1124	1085.077	1346.016	326	576	172	13	6	135	512	261	161	35	182.677	246	211	203	197	193	187	181	173	162	145	117	143.640	176	162	158	153	148	144	141	136	130	122	105	0	0	0.000	0.000	0	0	0	0	0	0	0	0	0	0	0	0	0	0.000	0.000	0	0	0	0	0	0	0	0	0	0	0
150	150	2217	898.038	1362.993	717	854	506	86	18	665	808	564	122	25	125.199	160	136	132	130	128	126	123	121	117	113	103	977.654	1705	1398	1257	1141	1072	1018	962	854	691	470	206	0	0	0.000	0.000	0	0	0	0	0	0	0	0	0	0	0	0	0	0.000	0.000	0	0	0	0	0	0	0	0	0	0	0
151	151	1171	115.999	1360.879	145	185	295	316	206	148	335	392	222	57	110.126	123	116	114	113	111	110	109	108	106	105	98	133.188	171	151	145	141	138	134	130	126	121	114	102	0	0	0.000	0.000	0	0	0	0	0	0	0	0	0	0	0	0	0	0.000	0.000	0	0	0	0	0	0	0	0	0	0	0
152	152	2661	207.852	1372.384	1343	942	269	49	18	1058	879	483	169	32	114.275	138	124	120	117	115	113	112	110	108	106	98	331.494	712	545	464	401	343	300	266	234	204	171	114	0	0	0.000	0.000	0	0	0	0	0	0	0	0	0	0	0	0	0	0.000	0.000	0	0	0	0	0	0	0	0	0	0	0
153	153	1703	264.122	1373.824	564	658	407	42	10	394	520	497	232	25	112.394	140	121	117	115	113	112	110	109	107	104	99	338.569	591	505	456	410	372	335	296	265	230	179	111	0	0	0.000	0.000	0	0	0	0	0	0	0	0	0	0	0	0	0	0.000	0.000	0	0	0	0	0	0	0	0	0	0	0
154	154	2011	1476.850	1390.110	582	958	379	43	14	295	970	489	193	41	115.220	138	122	120	118	117	115	114	113	111	108	100	140.498	174	156	152	148	145	142	139	135	130	121	103	0	0	0.000	0.000	0	0	0	0	0	0	0	0	0	0	0	0	0	0.000	0.000	0	0	0	0	0	0	0	0	0	0	0
155	155	2098	1352.567	1402.937	281	606	666	410	93	262	763	669	280	79	217.822	5202	211	176	169	164	160	154	148	139	129	109	203.361	663	246	231	220	209	199	190	182	169	153	106	1	35	1360.619	1390.981	0	0	0	2444	0	0	0	442	0	0	0	1	19	1360.169	1390.839	0	0	0	3201	0	0	0	526	0	0	0
156	156	1428	1794.188	1399.332	231	358	421	286	108	219	492	410	216	73	445.287	681	600	547	521	497	468	434	391	334	250	129	107.448	128	113	110	109	108	107	106	105	104	103	97	0	0	0.000	0.000	0	0	0	0	0	0	0	0	0	0	0	0	0	0.000	0.000	0	0	0	0	0	0	0	0	0	0	0
157	157	1164	1206.685	1421.914	119	279	394	229	117	118	418	351	158	95	137.828	173	155	149	145	142	138	135	132	127	120	106	165.670	222	200	193	186	177	169	157	147	140	126	105	0	0	0.000	0.000	0	0	0	0	0	0	0	0	0	0	0	0	0	0.000	0.000	0	0	0	0	0	0	0	0	0	0	0
158	158	1918	1257.251	1427.120	350	701	562	246	15	269	639	622	302	36	190.070	2760	197	174	166	161	157	152	146	137	123	103	185.942	585	228	215	205	196	187	180	170	152	124	104	1	48	1244.820	1411.957	0	0	0	1222	0	0	0	319	0	0	0	1	16	1244.547	1411.262	0	0	0	1829	0	0	0	474	0	0	0
159	159	3081	1026.538	1462.593	2400	474	104	48	36	2498	420	91	38	11	324.660	1427	662	424	334	283	239	170	132	123	118	104	254.160	801	638	457	275	157	138	128	121	116	112	103	0	0	0.000	0.000	0	0	0	0	0	0	0	0	0	0	0	0	0	0.000	0.000	0	0	0	0	0	0	0	0	0	0	0
160	160	1765	1407.149	1464.434	527	953	219	30	10	262	794	489	166	23	1655.145	2589	2284	2144	2014	1895	1720	1562	1421	1198	874	213	112.144	130	119	116	114	113	112	111	109	108	106	98	0	0	0.000	0.000	0	0	0	0	0	0	0	0	0	0	0	0	0	0.000	0.000	0	0	0	0	0	0	0	0	0	0	0
161	161	1824	1684.572	1462.934	296	482	637	328	51	222	571	662	265	73	110.097	124	115	114	112	111	110	109	108	107	105	99	141.743	173	158	154	151	148	143	139	134	129	123	101	0	0	0.000	0.000	0	0	0	0	0	0	0	0	0	0	0	0	0	0.000	0.000	0	0	0	0	0	0	0	0	0	0	0
162	162	2894	606.906	1482.701	828	1439	562	14	6	508	1098	886	323	28	217.767	697	256	247	239	232	225	216	204	185	160	109	333.326	477	422	400	383	367	351	331	299	261	215	128	0	0	0.000	0.000	0	0	0	0	0	0	0	0	0	0	0	0	0	0.000	0.000	0	0	0	0	0	0	0	0	0	0	0
163	163	1079	1633.663	1485.385	455	209	294	69	28	336	242	269	165	51	121.396	144	132	129	126	124	121	119	117	114	111	102	140.185	180	160	154	150	147	142	138	131	125	118	104	0	0	0.000	0.000	0	0	0	0	0	0	0	0	0	0	0	0	0	0.000	0.000	0	0	0	0	0	0	0	0	0	0	0
164	164	2331	1368.568	1509.329	846	826	483	103	31	636	657	694	254	51	116.583	135	124	122	120	119	117	115	114	111	108	99	457.878	671	592	565	537	505	477	443	399	355	294	132	0	0	0.000	0.000	0	0	0	0	0	0	0	0	0	0	0	0	0	0.000	0.000	0	0	0	0	0	0	0	0	0	0	0
165	165	2697	548.723	1509.358	909	1223	470	54	10	650	997	750	226	29	1442.176	20913	2643	601	342	255	220	203	189	169	145	106	548.884	5328	890	427	362	325	295	273	251	215	176	115	1	290	552.659	1508.565	0	0	0	10283	0	0	0	2409	0	0	0	1	247	552.584	1508.519	0	0	0	12574	0	0	0	2773	0	0	0
166	166	1916	1833.097	1504.129	349	554	530	332	117	294	675	609	240	73	349.538	7949	362	218	199	188	177	167	157	147	137	112	227.299	976	270	256	241	229	215	202	189	175	157	111	1	74	1834.219	1495.847	0	0	0	3373	0	0	0	531	0	0	0	1	44	1834.246	1495.475	0	0	0	5087	0	0	0	707	0	0	0
167	167	1899	157.090	1529.075	322	441	544	400	158	284	600	634	301	40	483.300	710	614	589	572	554	533	499	436	360	265	145	126.728	158	142	136	132	130	127	124	121	117	112	99	0	0	0.000	0.000	0	0	0	0	0	0	0	0	0	0	0	0	0	0.000	0.000	0	0	0	0	0	0	0	0	0	0	0
168	168	628	1876.086	1531.875	197	246	105	58	12	147	238	120	70	36	133.150	166	149	144	140	137	134	130	126	122	117	105	155.734	220	181	171	166	161	157	152	146	137	127	113	0	0	0.000	0.000	0	0	0	0	0	0	0	0	0	0	0	0	0	0.000	0.000	0	0	0	0	0	0	0	0	0	0	0
169	169	1787	1160.806	1549.535	818	617	288	31	8	528	671	361	155	40	117.235	143	127	124	122	120	118	115	113	110	107	98	320.855	545	461	418	384	355	330	302	261	215	165	119	0	0	0.000	0.000	0	0	0	0	0	0	0	0	0	0	0	0	0	0.000	0.000	0	0	0	0	0	0	0	0	0	0	0
170	170	1325	1399.591	1555.114	541	393	251	104	13	506	388	269	115	23	115.528	135	126	122	120	118	116	113	111	109	106	99	453.411	681	607	580	553	516	485	451	396	324	236	125	0	0	0.000	0.000	0	0	0	0	0	0	0	0	0	0	0	0	0	0.000	0.000	0	0	0	0	0	0	0	0	0	0	0
171	171	1577	821.003	1563.327	984	412	101	34	25	1055	358	103	30	11	116.327	142	125	122	120	118	116	115	112	110	107	99	358.705	629	510	458	416	390	364	336	304	259	195	117	0	0	0.000	0.000	0	0	0	0	0	0	0	0	0	0	0	0	0	0.000	0.000	0	0	0	0	0	0	0	0	0	0	0
172	172	1962	196.452	1569.488	543	765	552	62	11	376	411	773	292	77	751.433	10245	759	668	635	601	566	533	492	438	336	153	151.924	1014	155	145	141	138	134	130	126	121	113	99	1	70	193.560	1584.082	0	0	0	4874	0	0	0	500	0	0	0	1	75	191.803	1584.651	0	0	0	2168	0	0	0	516	0	0	0
173	173	1429	529.066	1560.083	178	373	485	302	66	178	568	459	170	25	858.640	3262	1149	1012	930	877	838	802	762	672	496	177	153.971	389	175	166	160	155	152	148	143	137	127	106	0	0	0.000	0.000	0	0	0	0	0	0	0	0	0	0	0	1	16	537.359	1554.195	0	0	0	2208	0	0	0	304	0	0	0
174	174	1004	1615.315	1568.140	116	169	340	293	65	36	116	366	356	108	118.287	133	125	123	122	120	119	117	115	113	111	103	129.876	151	140	137	135	133	130	128	125	123	119	109	0	0	0.000	0.000	0	0	0	0	0	0	0	0	0	0	0	0	0	0.000	0.000	0	0	0	0	0	0	0	0	0	0	0
175	175	1064	116.908	1597.244	370	221	257	157	37	338	238	332	113	21	494.419	9593	762	311	224	196	179	168	156	145	130	103	281.384	2731	385	256	232	215	197	181	170	153	137	107	1	58	123.663	1599.581	0	0	0	4254	0	0	0	1418	0	0	0	1	56	123.690	1600.056	0	0	0	4261	0	0	0	1454	0	0	0
176	176	563	164.571	1601.978	149	157	127	83	38	82	185	143	100	37	108.467	120	114	112	111	109	108	107	106	105	103	96	208.904	281	254	245	234	227	215	201	189	174	152	121	0	0	0.000	0.000	0	0	0	0	0	0	0	0	0	0	0	0	0	0.000	0.000	0	0	0	0	0	0	0	0	0	0	0
177	177	1965	199.355	1629.185	371	574	611	346	27	353	659	559	298	54	111.443	124	117	115	114	113	112	110	109	108	105	100	246.574	371	321	307	290	269	249	230	216	195	156	108	0	0	0.000	0.000	0	0	0	0	0	0	0	0	0	0	0	0	0	0.000	0.000	0	0	0	0	0	0	0	0	0	0	0
178	178	2042	1590.332	1657.427	380	944	359	213	97	222	947	559	208	70	121.181	139	129	126	124	123	121	119	118	116	114	103	130.451	167	143	139	135	132	130	127	125	122	119	107	0	0	0.000	0.000	0	0	0	0	0	0	0	0	0	0	0	0	0	0.000	0.000	0	0	0	0	0	0	0	0	0	0	0
179	179	2201	1914.778	1676.384	191	656	856	401	54	247	1004	742	153	17	1062.839	19630	1482	456	310	274	252	235	217	198	175	109	221.858	2159	278	165	150	144	140	136	132	127	121	104	1	155	1911.195	1676.888	0	0	0	9685	0	0	0	1119	0	0	0	1	160	1910.911	1676.464	0	0	0	9310	0	0	0	1077	0	0	0
180	180	1881	1412.790	1694.372	492	928	397	18	7	170	760	569	287	66	109.973	127	115	113	112	111	110	109	108	107	105	97	182.767	255	224	206	197	188	181	174	167	159	147	110	0	0	0.000	0.000	0	0	0	0	0	0	0	0	0	0	0	0	0	0.000	0.000	0	0	0	0	0	0	0	0	0	0	0
181	181	1450	979.570	1688.203	243	504	504	158	10	136	475	519	264	36	154.533	201	174	167	162	158	154	150	147	142	137	115	142.506	176	157	153	150	146	143	139	136	132	128	110	0	0	0.000	0.000	0	0	0	0	0	0	0	0	0	0	0	0	0	0.000	0.000	0	0	0	0	0	0	0	0	0	0	0
182	182	1403	1368.555	1702.079	460	429	312	138	45	468	447	295	144	35	195.514	284	249	235	225	214	200	188	173	153	129	102	135.893	193	155	147	143	139	136	132	127	122	116	100	0	0	0.000	0.000	0	0	0	0	0	0	0	0	0	0	0	0	0	0.000	0.000	0	0	0	0	0	0	0	0	0	0	0
183	183	1388	270.770	1697.678	369	525	406	56	11	190	576	389	175	38	431.167	699	571	529	484	453	435	414	387	341	280	147	105.961	125	111	109	107	106	105	105	104	103	102	97	0	0	0.000	0.000	0	0	0	0	0	0	0	0	0	0	0	0	0	0.000	0.000	0	0	0	0	0	0	0	0	0	0	0
184	184	1931	314.502	1736.431	454	749	569	114	10	248	577	649	335	83	420.325	657	561	531	504	467	423	388	350	309	267	140	105.229	120	109	107	106	105	105	104	103	103	102	94	0	0	0.000	0.000	0	0	0	0	0	0	0	0	0	0	0	0	0	0.000	0.000	0	0	0	0	0	0	0	0	0	0	0
185	185	1313	1608.278	1735.446	630	300	224	107	36	739	334	141	72	9	127.335	156	140	136	133	130	128	125	122	118	114	101	212.989	291	254	244	235	226	218	210	198	183	162	111	0	0	0.000	0.000	0	0	0	0	0	0	0	0	0	0	0	0	0	0.000	0.000	0	0	0	0	0	0	0	0	0	0	0
186	186	592	467.558	1737.005	90	162	191	113	29	61	215	191	104	13	152.699	185	171	164	158	155	152	149	146	143	137	114	128.142	150	139	135	132	130	128	126	124	122	118	106	0	0	0.000	0.000	0	0	0	0	0	0	0	0	0	0	0	0	0	0.000	0.000	0	0	0	0	0	0	0	0	0	0	0
187	187	1439	1347.634	1744.176	430	486	323	133	41	370	427	421	151	51	465.765	1172	815	648	545	467	419	367	320	271	201	112	110.179	132	115	114	112	111	110	109	108	107	105	100	0	0	0.000	0.000	0	0	0	0	0	0	0	0	0	0	0	0	0	0.000	0.000	0	0	0	0	0	0	0	0	0	0	0
188	188	1034	1811.582	1745.264	134	268	289	247	82	99	294	318	224	71	169.079	228	197	189	182	178	172	166	157	147	136	109	138.229	171	155	151	147	144	140	136	131	125	118	103	0	0	0.000	0.000	0	0	0	0	0	0	0	0	0	0	0	0	0	0.000	0.000	0	0	0	0	0	0	0	0	0	0	0
189	189	2313	513.247	1759.160	734	843	529	157	13	489	926	494	293	63	409.106	1502	587	498	445	398	363	340	324	300	228	121	111.879	127	118	116	114	113	112	111	109	108	106	98	1	59	523.245	1769.762	0	0	0	1151	0	0	0	114	0	0	0	0	0	0.000	0.000	0	0	0	0	0	0	0	0	0	0	0
190	190	1532	1903.269	1751.259	212	682	420	169	15	170	763	374	179	23	109.522	126	115	113	111	110	109	108	107	106	105	99	107.143	117	111	110	109	108	107	106	106	105	104	99	0	0	0.000	0.000	0	0	0	0	0	0	0	0	0	0	0	0	0	0.000	0.000	0	0	0	0	0	0	0	0	0	0	0
191	191	1705	1732.382	1749.804	292	617	519	222	31	231	583	514	292	54	555.530	11008	701	328	261	238	223	212	200	183	163	121	173.571	1402	208	156	144	138	133	129	126	122	115	102	1	86	1734.965	1746.004	0	0	0	4938	0	0	0	653	0	0	0	1	86	1733.976	1745.001	0	0	0	2327	0	0	0	730	0	0	0
192	192	1608	1657.827	1761.432	945	389	196	42	19	924	480	147	24	12	166.432	1198	187	148	143	139	136	132	127	122	115	102	293.281	1366	340	316	299	287	276	258	236	203	168	112	1	79	1645.823	1750.627	0	0	0	661	0	0	0	861	0	0	0	1	61	1646.503	1750.207	0	0	0	735	0	0	0	1027	0	0	0
193	193	1958	430.875	1769.317	304	778	727	106	17	179	468	789	381	87	261.324	4348	269	220	210	201	193	184	175	161	146	107	147.108	652	163	153	148	143	138	133	128	125	120	106	1	54	420.653	1776.714	0	0	0	2173	0	0	0	340	0	0	0	1	52	421.510	1776.810	0	0	0	2173	0	0	0	384	0	0	0
194	194	2061	1870.072	1790.072	580	631	439	323	62	560	673	434	279	72	1184.592	17681	2729	463	199	168	159	152	144	136	129	105	442.438	4560	907	299	219	201	190	179	167	158	148	106	1	207	1873.761	1795.396	0	0	0	8681	0	0	0	2329	0	0	0	1	214	1873.780	1795.013	0	0	0	8404	0	0	0	2299	0	0	0
195	195	1504	1767.272	1788.240	245	422	434	307	67	264	654	340	206	9	226.053	1422	260	247	237	229	221	211	197	179	156	109	127.551	223	142	137	134	131	127	124	120	115	110	100	1	21	1755.115	1788.722	0	0	0	829	0	0	0	151	0	0	0	0	0	0.000	0.000	0	0	0	0	0	0	0	0	0	0	0
196	196	1658	675.127	1782.463	493	478	434	190	36	423	643	378	154	38	544.664	891	740	699	663	618	579	537	470	377	261	118	118.209	145	130	125	122	119	117	115	113	111	109	101	0	0	0.000	0.000	0	0	0	0	0	0	0	0	0	0	0	0	0	0.000	0.000	0	0	0	0	0	0	0	0	0	0	0
197	197	1538	235.453	1803.507	260	554	443	233	18	226	623	393	208	55	167.315	215	192	185	180	175	171	166	160	151	136	108	161.804	209	187	180	173	167	162	157	152	145	134	110	0	0	0.000	0.000	0	0	0	0	0	0	0	0	0	0	0	0	0	0.000	0.000	0	0	0	0	0	0	0	0	0	0	0
198	198	1699	1715.310	1812.023	204	431	625	370	36	189	464	691	264	66	674.506	1045	917	851	793	734	680	628	580	513	405	214	185.588	251	225	214	205	195	188	179	169	158	144	105	0	0	0.000	0.000	0	0	0	0	0	0	0	0	0	0	0	0	0	0.000	0.000	0	0	0	0	0	0	0	0	0	0	0
199	199	2052	297.361	1817.762	490	925	515	72	13	295	785	592	307	38	522.220	923	718	652	602	567	537	501	447	377	304	149	108.705	129	118	113	110	108	107	106	105	104	103	96	0	0	0.000	0.000	0	0	0	0	0	0	0	0	0	0	0	0	0	0.000	0.000	0	0	0	0	0	0	0	0	0	0	0
200	200	1251	1654.629	1811.115	107	293	475	304	42	101	363	487	230	43	827.379	1251	1091	1024	963	901	852	794	721	637	526	245	205.986	296	251	238	228	217	208	196	186	174	158	106	0	0	0.000	0.000	0	0	0	0	0	0	0	0	0	0	0	0	0	0.000	0.000	0	0	0	0	0	0	0	0	0	0	0
201	201	2202	1822.040	1821.771	426	447	723	402	167	359	583	743	330	149	217.794	300	263	249	239	230	222	213	202	187	165	116	283.200	423	368	338	318	303	287	271	252	229	192	129	0	0	0.000	0.000	0	0	0	0	0	0	0	0	0	0	0	0	0	0.000	0.000	0	0	0	0	0	0	0	0	0	0	0
202	202	958	753.710	1838.192	303	452	153	23	10	137	458	238	92	13	168.789	211	192	185	181	176	171	167	162	155	140	112	138.410	167	152	148	144	142	139	136	133	130	124	107	0	0	0.000	0.000	0	0	0	0	0	0	0	0	0	0	0	0	0	0.000	0.000	0	0	0	0	0	0	0	0	0	0	0
203	203	1498	91.138	1844.759	404	657	350	54	17	228	615	413	196	23	142.778	184	162	155	149	145	142	139	135	131	125	102	220.025	330	273	254	238	225	216	207	198	188	173	119	0	0	0.000	0.000	0	0	0	0	0	0	0	0	0	0	0	0	0	0.000	0.000	0	0	0	0	0	0	0	0	0	0	0
204	204	697	339.863	1842.000	50	167	310	105	51	40	337	203	79	23	179.455	228	203	194	190	186	182	178	172	164	151	117	138.861	164	150	147	145	143	141	138	134	130	124	109	0	0	0.000	0.000	0	0	0	0	0	0	0	0	0	0	0	0	0	0.000	0.000	0	0	0	0	0	0	0	0	0	0	0
205	205	1464	627.807	1870.266	406	687	302	36	13	201	597	386	207	43	501.515	815	710	649	595	555	508	469	426	368	277	120	109.894	128	114	113	112	111	110	109	108	107	105	98	0	0	0.000	0.000	0	0	0	0	0	0	0	0	0	0	0	0	0	0.000	0.000	0	0	0	0	0	0	0	0	0	0	0
206	206	2093	1526.025	1881.640	769	1209	61	22	12	528	1329	164	26	15	133.871	162	146	142	139	137	134	132	129	126	121	107	146.198	177	162	157	154	151	147	144	140	135	128	108	0	0	0.000	0.000	0	0	0	0	0	0	0	0	0	0	0	0	0	0.000	0.000	0	0	0	0	0	0	0	0	0	0	0
207	207	1667	1889.438	1905.400	352	470	421	327	79	246	496	483	297	116	191.049	257	225	218	212	206	199	189	179	164	143	105	169.051	225	201	192	184	178	171	163	156	147	135	110	0	0	0.000	0.000	0	0	0	0	0	0	0	0	0	0	0	0	0	0.000	0.000	0	0	0	0	0	0	0	0	0	0	0
208	208	1275	1831.285	1930.430	263	306	303	267	116	211	321	384	232	101	331.759	465	412	396	378	359	343	326	303	269	226	158	104.315	123	108	106	105	105	104	103	103	102	101	93	0	0	0.000	0.000	0	0	0	0	0	0	0	0	0	0	0	0	0	0.000	0.000	0	0	0	0	0	0	0	0	0	0	0
209	209	1643	1872.101	1953.186	204	522	500	290	92	255	608	443	263	48	1112.987	18103	2102	545	297	233	215	203	191	177	162	111	250.745	1921	383	206	190	181	173	165	155	144	132	108	1	141	1864.086	1952.408	0	0	0	8438	0	0	0	947	0	0	0	1	132	1864.287	1952.040	0	0	0	8898	0	0	0	985	0	0	0
210	210	1604	1593.158	1961.843	347	485	461	251	41	240	555	470	262	50	194.698	3005	202	170	161	156	151	145	141	135	127	106	152.499	345	173	165	161	157	153	148	142	135	127	109	1	38	1588.797	1968.111	0	0	0	1307	0	0	0	221	0	0	0	1	10	1589.130	1968.677	0	0	0	2570	0	0	0	318	0	0	0
211	211	1724	1803.740	1974.069	238	542	512	301	91	226	745	498	189	45	336.945	498	429	398	376	357	342	326	310	281	240	135	104.328	119	109	107	106	105	104	103	103	102	101	94	0	0	0.000	0.000	0	0	0	0	0	0	0	0	0	0	0	0	0	0.000	0.000	0	0	0	0	0	0	0	0	0	0	0
212	212	896	278.011	1966.861	310	294	165	85	27	218	268	235	123	34	119.076	151	137	130	124	119	116	114	112	109	106	95	286.954	466	407	372	340	311	285	260	233	200	170	123	0	0	0.000	0.000	0	0	0	0	0	0	0	0	0	0	0	0	0	0.000	0.000	0	0	0	0	0	0	0	0	0	0	0
213	213	1511	1545.775	1976.025	442	374	338	277	51	402	433	356	258	33	431.761	871	613	569	525	497	462	411	338	258	191	125	113.602	133	122	119	117	115	114	112	110	108	105	97	0	0	0.000	0.000	0	0	0	0	0	0	0	0	0	0	0	0	0	0.000	0.000	0	0	0	0	0	0	0	0	0	0	0
