 	cell	area	x	y	BFI_lev_b1	BFI_lev_b2	BFI_lev_b3	BFI_lev_b4	BFI_lev_b5	BFO_lev_b1	BFO_lev_b2	BFO_lev_b3	BFO_lev_b4	BFO_lev_b5	GFP_int_mean	GFP_int_b0	GFP_int_b1	GFP_int_b2	GFP_int_b3	GFP_int_b4	GFP_int_b5	GFP_int_b6	GFP_int_b7	GFP_int_b8	GFP_int_b9	GFP_int_b10	RFP_int_mean	RFP_int_b0	RFP_int_b1	RFP_int_b2	RFP_int_b3	RFP_int_b4	RFP_int_b5	RFP_int_b6	RFP_int_b7	RFP_int_b8	RFP_int_b9	RFP_int_b10	inGFPnfoci	f1_inGFParea	f1_inGFPx	f1_inGFPy	f2_inGFParea	f2_inGFPx	f2_inGFPy	f1_inGFP_toGFPmed	f2_inGFP_toGFPmed	f2_inGFP_toGFPmean	f1_inGFP_toRFPmed	f2_inGFP_toRFPmed	f2_inGFP_toRFPmean	inRFPnfoci	f1_inRFParea	f1_inRFPx	f1_inRFPy	f2_inRFParea	f2_inRFPx	f2_inRFPy	f1_inRFP_toGFPmed	f2_inRFP_toGFPmed	f2_inRFP_toGFPmean	f1_inRFP_toRFPmed	f2_inRFP_toRFPmed	f2_inRFP_toRFPmean	f1_inGFP_toGFPmean	f1_inGFP_toRFPmean	f1_inRFP_toGFPmean	f1_inRFP_toRFPmean
1	1	1937	134.766	87.464	274	631	635	303	46	215	773	616	221	79	606.186	10779	711	442	399	369	337	307	281	243	198	127	166.932	1295	191	151	144	139	135	131	126	121	115	98	1	81	128.831	87.846	0	0	0	5195	0	0	703	0	0	1	97	129.266	87.648	0	0	0	4655	0	0	630	0	0	0	0	0	0
2	2	1993	1051.878	80.209	238	653	753	266	60	305	1047	508	92	16	850.539	17518	868	314	250	235	224	214	204	193	175	119	207.542	1928	221	163	155	150	145	141	136	132	124	105	1	144	1060.785	71.128	0	0	0	7995	0	0	924	0	0	1	140	1060.760	70.932	0	0	0	8066	0	0	966	0	0	0	0	0	0
3	3	1712	994.589	92.731	276	636	487	262	18	266	902	360	138	13	1937.939	3349	2875	2571	2331	2108	1935	1782	1579	1321	999	360	154.909	211	184	176	168	161	156	150	142	134	123	103	0	0	0.000	0.000	0	0	0	0	0	0	0	0	0	0	0	0.000	0.000	0	0	0	0	0	0	0	0	0	0	0	0	0
4	4	2038	1807.047	102.557	336	781	570	267	35	263	861	597	240	36	453.369	10469	502	270	232	212	199	189	177	160	141	101	144.365	947	162	136	130	125	122	119	117	114	110	100	1	85	1814.699	105.455	0	0	0	4552	0	0	488	0	0	1	90	1814.680	104.798	0	0	0	4091	0	0	472	0	0	0	0	0	0
5	5	1476	1228.107	99.273	206	442	447	278	70	145	554	500	191	58	542.512	779	685	637	605	579	559	536	508	459	370	189	107.386	125	113	110	109	108	107	106	105	104	103	97	0	0	0.000	0.000	0	0	0	0	0	0	0	0	0	0	0	0.000	0.000	0	0	0	0	0	0	0	0	0	0	0	0	0
6	6	1556	938.173	101.725	221	543	414	306	39	269	745	307	182	27	226.084	1787	258	228	218	210	203	196	187	175	153	117	151.297	439	172	161	154	150	146	142	138	133	126	108	1	30	948.739	99.820	0	0	0	1045	0	0	322	0	0	1	32	947.262	98.759	0	0	0	654	0	0	322	0	0	0	0	0	0
7	7	1420	96.958	118.341	327	493	442	127	12	294	519	346	198	25	323.170	489	414	396	381	364	344	322	289	245	187	123	131.104	161	146	142	138	136	133	130	126	121	112	100	0	0	0.000	0.000	0	0	0	0	0	0	0	0	0	0	0	0.000	0.000	0	0	0	0	0	0	0	0	0	0	0	0	0
8	8	2018	1174.203	123.247	1031	639	228	56	31	977	686	226	83	25	448.246	737	625	566	523	489	458	431	399	325	234	138	108.655	128	115	112	110	109	108	107	106	105	104	98	0	0	0.000	0.000	0	0	0	0	0	0	0	0	0	0	0	0.000	0.000	0	0	0	0	0	0	0	0	0	0	0	0	0
9	9	1893	457.376	134.199	215	553	565	412	117	181	681	573	374	45	423.549	9318	460	234	199	187	179	171	163	150	134	102	238.931	1958	273	228	218	211	201	189	175	157	138	108	1	89	455.086	140.628	0	0	0	4046	0	0	894	0	0	1	86	454.903	139.812	0	0	0	3619	0	0	1016	0	0	0	0	0	0
10	10	1646	971.653	139.564	176	613	552	242	31	109	852	453	170	31	2184.997	3605	3001	2822	2671	2473	2264	2036	1812	1527	1184	388	168.746	219	198	192	185	177	170	163	156	147	136	109	0	0	0.000	0.000	0	0	0	0	0	0	0	0	0	0	0	0.000	0.000	0	0	0	0	0	0	0	0	0	0	0	0	0
11	11	1240	710.887	139.444	232	494	362	118	13	135	303	477	239	68	151.873	193	178	172	166	161	156	150	142	132	117	101	150.599	191	176	170	165	160	155	149	141	131	115	100	0	0	0.000	0.000	0	0	0	0	0	0	0	0	0	0	0	0.000	0.000	0	0	0	0	0	0	0	0	0	0	0	0	0
12	12	1506	1232.391	143.369	1040	379	39	18	12	952	405	92	30	8	124.183	145	133	130	128	126	124	123	121	118	115	104	277.213	433	370	353	327	305	287	268	244	211	153	109	0	0	0.000	0.000	0	0	0	0	0	0	0	0	0	0	0	0.000	0.000	0	0	0	0	0	0	0	0	0	0	0	0	0
13	13	1070	1570.919	144.728	133	250	347	250	70	110	250	438	189	63	108.460	119	113	111	110	109	108	108	107	106	104	98	135.852	164	153	150	146	142	137	132	127	122	116	103	0	0	0.000	0.000	0	0	0	0	0	0	0	0	0	0	0	0.000	0.000	0	0	0	0	0	0	0	0	0	0	0	0	0
14	14	1255	1911.546	147.429	532	379	187	105	27	519	432	188	64	36	188.342	252	222	214	205	198	191	184	175	164	149	105	141.320	170	158	153	150	146	143	139	134	129	122	106	0	0	0.000	0.000	0	0	0	0	0	0	0	0	0	0	0	0.000	0.000	0	0	0	0	0	0	0	0	0	0	0	0	0
15	15	2370	356.337	158.818	375	713	784	405	47	292	789	875	305	63	247.253	4611	241	186	176	168	163	158	150	140	126	102	164.116	633	195	181	171	162	155	149	143	135	118	100	1	74	370.648	168.229	0	0	0	2178	0	0	393	0	0	1	71	370.512	167.560	0	0	0	2031	0	0	396	0	0	0	0	0	0
16	16	1847	1815.923	160.810	320	668	603	194	26	262	618	629	237	59	196.588	1689	210	202	196	191	185	179	169	156	135	104	123.070	222	135	130	127	125	123	120	118	115	109	100	1	41	1809.394	145.609	0	0	0	804	0	0	146	0	0	1	15	1807.498	142.792	0	0	0	338	0	0	195	0	0	0	0	0	0
17	17	1480	816.033	165.966	251	406	470	291	31	202	467	481	226	74	112.909	124	118	116	115	114	113	112	111	109	108	101	136.872	171	155	150	146	142	137	134	130	124	116	104	0	0	0.000	0.000	0	0	0	0	0	0	0	0	0	0	0	0.000	0.000	0	0	0	0	0	0	0	0	0	0	0	0	0
18	18	1776	750.648	172.025	318	716	483	193	36	301	889	413	114	13	354.694	7918	383	205	186	178	171	165	156	146	133	103	169.542	656	194	180	173	167	161	154	146	138	125	106	1	71	749.294	181.991	0	0	0	3570	0	0	401	0	0	1	56	749.549	181.242	0	0	0	4028	0	0	455	0	0	0	0	0	0
19	19	2376	416.855	171.686	311	1058	743	187	22	172	1078	734	280	68	732.343	16427	762	300	241	221	208	198	188	175	155	109	212.442	1367	252	207	192	183	176	169	162	153	138	101	1	142	429.522	166.939	0	0	0	7139	0	0	714	0	0	1	125	429.440	166.499	0	0	0	8307	0	0	756	0	0	0	0	0	0
20	20	2431	1871.164	183.282	365	772	919	310	25	252	682	897	477	67	526.275	12734	542	245	216	205	194	183	172	161	149	104	186.371	1945	203	155	148	142	137	132	128	123	118	104	1	106	1868.738	195.310	0	0	0	5959	0	0	944	0	0	1	113	1869.149	194.828	0	0	0	5479	0	0	908	0	0	0	0	0	0
21	21	922	479.048	172.793	113	341	270	139	35	89	407	251	134	20	159.925	197	178	174	170	167	163	158	153	146	136	108	188.517	243	222	215	209	202	193	182	173	160	147	113	0	0	0.000	0.000	0	0	0	0	0	0	0	0	0	0	0	0.000	0.000	0	0	0	0	0	0	0	0	0	0	0	0	0
22	22	1743	871.210	188.064	352	730	509	97	14	365	933	344	54	12	1028.604	1689	1445	1320	1233	1158	1079	978	867	723	536	211	156.749	209	183	176	169	164	159	153	146	137	126	107	0	0	0.000	0.000	0	0	0	0	0	0	0	0	0	0	0	0.000	0.000	0	0	0	0	0	0	0	0	0	0	0	0	0
23	23	931	504.495	207.179	293	287	256	67	14	260	482	146	21	8	112.803	130	119	117	115	114	113	111	110	108	106	101	195.546	307	262	240	225	214	204	188	167	142	119	103	0	0	0.000	0.000	0	0	0	0	0	0	0	0	0	0	0	0.000	0.000	0	0	0	0	0	0	0	0	0	0	0	0	0
24	24	2245	821.905	217.881	613	976	535	74	13	397	929	578	245	57	894.603	8235	1185	1050	947	879	809	740	679	560	375	114	167.954	1423	175	162	156	150	145	140	135	130	121	99	1	54	823.473	209.166	0	0	0	4698	0	0	863	0	0	1	66	823.198	208.883	0	0	0	4200	0	0	721	0	0	0	0	0	0
25	25	3374	1823.433	233.531	1121	1425	674	69	25	911	1427	826	122	23	335.709	5972	413	237	208	196	186	177	165	146	126	102	211.083	1195	247	230	218	207	197	184	167	149	127	103	1	148	1825.185	238.505	0	0	0	2575	0	0	633	0	0	1	116	1825.420	237.455	0	0	0	2948	0	0	743	0	0	0	0	0	0
26	26	1734	1453.130	225.954	234	429	609	369	50	216	740	462	226	56	119.386	138	127	125	123	121	120	118	116	114	111	104	151.183	210	182	173	166	158	151	144	137	131	120	101	0	0	0.000	0.000	0	0	0	0	0	0	0	0	0	0	0	0.000	0.000	0	0	0	0	0	0	0	0	0	0	0	0	0
27	27	1312	1019.488	234.815	822	401	35	19	9	769	435	59	20	12	192.373	279	232	222	213	207	200	193	181	159	134	113	225.490	332	286	268	259	250	240	228	204	170	138	107	0	0	0.000	0.000	0	0	0	0	0	0	0	0	0	0	0	0.000	0.000	0	0	0	0	0	0	0	0	0	0	0	0	0
28	28	1568	1616.987	242.719	316	689	463	61	10	305	553	560	101	21	107.876	135	116	111	109	107	106	105	104	104	102	97	116.230	176	140	129	121	115	110	107	106	104	103	98	0	0	0.000	0.000	0	0	0	0	0	0	0	0	0	1	258	1620.641	245.792	0	0	0	117	0	0	142	0	0	0	0	0	0
29	29	2123	733.960	256.911	334	532	672	423	129	360	1024	476	206	21	307.240	506	427	391	368	343	318	290	261	221	160	109	473.138	777	680	622	579	544	496	445	385	317	223	127	0	0	0.000	0.000	0	0	0	0	0	0	0	0	0	0	0	0.000	0.000	0	0	0	0	0	0	0	0	0	0	0	0	0
30	30	1900	527.272	257.851	269	696	575	295	28	318	757	507	237	47	377.097	573	497	459	428	403	387	365	338	302	243	124	106.588	123	112	109	108	107	106	105	104	104	103	94	0	0	0.000	0.000	0	0	0	0	0	0	0	0	0	0	0	0.000	0.000	0	0	0	0	0	0	0	0	0	0	0	0	0
31	31	2570	861.000	265.560	346	785	924	411	58	340	1311	651	193	22	1819.911	26635	3437	812	513	408	361	333	306	259	193	119	762.505	6146	1298	725	600	524	481	440	398	342	238	118	1	267	858.034	268.674	0	0	0	12913	0	0	2946	0	0	1	216	858.144	268.357	0	0	0	16066	0	0	3446	0	0	0	0	0	0
32	32	2268	944.556	268.406	311	438	878	444	146	325	1009	690	175	30	1756.493	10625	2226	2137	2046	1872	1706	1546	1366	1219	992	287	188.661	1279	209	197	189	181	172	164	156	149	138	108	1	29	952.770	274.095	0	0	0	7467	0	0	927	0	0	1	51	952.958	273.505	0	0	0	6072	0	0	732	0	0	0	0	0	0
33	33	1541	1914.162	265.479	411	391	438	262	21	335	523	469	179	12	115.236	136	123	120	118	117	115	113	112	110	107	101	202.252	295	263	244	231	216	204	193	182	161	132	102	0	0	0.000	0.000	0	0	0	0	0	0	0	0	0	0	0	0.000	0.000	0	0	0	0	0	0	0	0	0	0	0	0	0
34	34	1273	578.305	261.768	241	463	325	204	25	126	414	497	184	32	338.822	485	437	423	410	393	367	335	292	251	188	115	107.763	130	114	111	109	108	107	106	105	104	103	97	0	0	0.000	0.000	0	0	0	0	0	0	0	0	0	0	0	0.000	0.000	0	0	0	0	0	0	0	0	0	0	0	0	0
35	35	3138	796.600	275.323	494	895	1000	579	112	461	1070	987	466	85	486.657	10118	472	408	379	354	322	288	260	229	196	113	481.521	1896	679	610	567	524	470	415	359	313	258	146	1	98	804.251	286.635	0	0	0	4586	0	0	1199	0	0	1	41	803.469	287.293	0	0	0	7277	0	0	1545	0	0	0	0	0	0
36	36	1580	1243.915	264.133	278	521	444	227	85	301	728	393	104	20	400.905	7343	477	316	274	248	235	228	219	208	190	117	145.384	668	160	146	140	136	132	130	127	123	119	105	1	53	1255.023	258.171	0	0	0	3392	0	0	330	0	0	1	57	1254.189	256.483	0	0	0	1481	0	0	404	0	0	0	0	0	0
37	37	881	1419.463	260.556	106	178	261	214	104	149	182	354	139	40	153.279	604	195	147	139	135	133	131	129	126	123	111	178.365	224	206	199	194	189	183	175	167	156	144	121	0	0	0.000	0.000	0	0	0	0	0	0	0	0	0	0	0	0.000	0.000	0	0	0	0	0	0	0	0	0	0	0	0	0
38	38	1207	353.118	271.161	207	334	369	223	58	128	329	484	208	43	158.109	227	188	177	171	166	160	154	147	136	124	105	125.132	151	140	136	132	128	125	122	119	115	110	100	0	0	0.000	0.000	0	0	0	0	0	0	0	0	0	0	0	0.000	0.000	0	0	0	0	0	0	0	0	0	0	0	0	0
39	39	1481	1584.932	284.155	172	492	597	179	23	129	700	486	123	17	302.639	5239	365	219	196	186	176	167	158	146	131	107	134.456	624	147	132	128	125	122	119	116	113	109	101	1	60	1579.248	280.322	0	0	0	2387	0	0	330	0	0	1	54	1579.104	280.920	0	0	0	2400	0	0	374	0	0	0	0	0	0
40	40	1409	1478.437	290.060	218	411	425	283	48	217	359	422	325	68	288.329	415	351	333	317	305	295	283	268	247	210	139	143.663	180	161	156	152	148	144	141	137	132	125	109	0	0	0.000	0.000	0	0	0	0	0	0	0	0	0	0	0	0.000	0.000	0	0	0	0	0	0	0	0	0	0	0	0	0
41	41	717	1533.906	301.610	297	205	128	53	18	241	218	185	53	10	142.397	187	168	162	154	149	143	137	131	124	116	105	220.568	330	296	277	263	245	226	205	187	160	132	107	0	0	0.000	0.000	0	0	0	0	0	0	0	0	0	0	0	0.000	0.000	0	0	0	0	0	0	0	0	0	0	0	0	0
42	42	992	1609.446	320.301	58	241	396	206	66	53	246	481	160	37	166.889	218	195	187	181	175	169	162	155	145	136	109	121.413	145	133	129	127	124	121	119	116	114	110	103	0	0	0.000	0.000	0	0	0	0	0	0	0	0	0	0	0	0.000	0.000	0	0	0	0	0	0	0	0	0	0	0	0	0
43	43	1833	960.317	332.346	471	703	518	106	13	379	848	391	154	29	1122.099	4620	1628	1519	1404	1295	1195	1094	961	600	306	159	155.582	580	186	175	167	161	154	147	140	126	114	100	0	0	0.000	0.000	0	0	0	0	0	0	0	0	0	1	28	953.131	346.099	0	0	0	3127	0	0	368	0	0	0	0	0	0
44	44	2420	1507.534	338.865	343	862	826	311	29	315	1053	741	240	28	400.808	4970	538	472	419	377	339	307	282	255	201	117	195.901	2176	224	206	191	178	167	157	148	139	129	108	1	44	1522.984	343.830	0	0	0	2425	0	0	1019	0	0	1	51	1522.009	344.222	0	0	0	1914	0	0	1029	0	0	0	0	0	0
45	45	1159	774.726	334.564	232	402	365	126	20	173	440	375	137	19	120.805	145	132	128	125	123	121	118	116	113	110	103	345.329	563	501	458	418	384	345	310	274	240	189	129	0	0	0.000	0.000	0	0	0	0	0	0	0	0	0	0	0	0.000	0.000	0	0	0	0	0	0	0	0	0	0	0	0	0
46	46	1586	1566.715	335.943	170	373	517	421	78	139	446	591	293	80	299.779	5219	344	216	202	193	186	179	169	158	141	107	137.052	650	149	137	132	128	124	122	119	116	111	101	1	58	1577.910	329.337	0	0	0	2376	0	0	337	0	0	1	56	1578.306	329.824	0	0	0	2526	0	0	379	0	0	0	0	0	0
47	47	2970	596.825	336.063	713	813	906	445	36	586	909	967	321	126	1606.310	25279	2391	554	371	316	275	245	214	186	146	104	622.877	5325	906	634	552	482	414	353	300	250	183	110	1	293	593.584	327.989	0	0	0	11817	0	0	2332	0	0	1	221	593.491	327.681	0	0	0	16478	0	0	3051	0	0	0	0	0	0
48	48	1621	719.962	340.699	151	352	655	375	59	148	388	697	277	79	191.263	268	231	221	211	204	197	188	176	162	142	109	273.544	395	352	333	317	296	280	263	245	218	180	111	0	0	0.000	0.000	0	0	0	0	0	0	0	0	0	0	0	0.000	0.000	0	0	0	0	0	0	0	0	0	0	0	0	0
49	49	2791	661.945	348.624	560	635	978	501	69	504	1021	825	282	106	248.124	363	315	299	283	267	256	243	225	198	163	108	428.837	705	601	558	516	472	444	414	365	305	230	118	0	0	0.000	0.000	0	0	0	0	0	0	0	0	0	0	0	0.000	0.000	0	0	0	0	0	0	0	0	0	0	0	0	0
50	50	1431	1328.160	344.699	324	539	401	126	16	262	544	418	160	27	133.164	624	140	134	131	128	126	124	122	119	116	106	159.331	208	186	179	173	169	162	156	149	140	124	104	1	32	1322.043	339.555	0	0	0	348	0	0	181	0	0	0	0	0.000	0.000	0	0	0	0	0	0	0	0	0	0	0	0	0
51	51	1644	1024.101	359.234	179	449	582	302	100	246	690	495	163	24	262.690	4465	279	222	207	198	188	180	172	161	148	118	143.965	677	157	147	142	138	134	130	126	123	118	104	1	42	1018.294	366.494	0	0	0	2163	0	0	425	0	0	1	46	1018.378	365.899	0	0	0	1444	0	0	381	0	0	0	0	0	0
52	52	1581	1423.411	359.853	402	523	398	204	21	327	453	535	168	67	500.915	837	730	669	619	573	517	464	408	329	235	120	131.949	170	152	147	142	138	133	128	122	116	110	99	0	0	0.000	0.000	0	0	0	0	0	0	0	0	0	0	0	0.000	0.000	0	0	0	0	0	0	0	0	0	0	0	0	0
53	53	1057	1864.604	373.339	337	241	253	159	52	272	268	312	156	29	112.417	130	121	118	117	115	112	110	108	106	104	98	324.547	477	435	417	401	381	356	313	257	218	174	111	0	0	0.000	0.000	0	0	0	0	0	0	0	0	0	0	0	0.000	0.000	0	0	0	0	0	0	0	0	0	0	0	0	0
54	54	1339	831.474	378.403	365	497	314	114	29	299	546	334	96	45	1415.061	19594	3254	781	421	314	264	238	217	197	167	118	324.588	3004	645	259	196	172	162	156	149	139	126	104	1	140	829.381	376.096	0	0	0	9112	0	0	1435	0	0	1	140	829.381	376.096	0	0	0	9112	0	0	1435	0	0	0	0	0	0
55	55	2032	760.114	375.141	369	604	645	329	47	374	752	656	186	26	900.107	17642	1264	361	253	211	190	178	167	155	138	106	338.621	2774	491	324	278	252	235	216	200	181	146	108	1	148	753.544	372.495	0	0	0	7519	0	0	1471	0	0	1	134	753.358	372.078	0	0	0	9015	0	0	1587	0	0	0	0	0	0
56	56	2145	377.255	386.181	400	697	600	343	63	323	810	642	262	71	112.454	129	118	116	115	114	113	111	110	109	107	95	144.270	187	166	159	153	149	144	139	135	130	123	106	0	0	0.000	0.000	0	0	0	0	0	0	0	0	0	0	0	0.000	0.000	0	0	0	0	0	0	0	0	0	0	0	0	0
57	57	1087	1130.083	380.537	340	332	278	98	19	391	352	267	52	11	564.463	915	823	748	679	621	566	510	457	417	313	144	130.783	157	145	141	138	135	132	129	126	120	113	101	0	0	0.000	0.000	0	0	0	0	0	0	0	0	0	0	0	0.000	0.000	0	0	0	0	0	0	0	0	0	0	0	0	0
58	58	914	1482.138	383.002	171	264	251	175	39	180	429	207	81	3	384.849	520	453	437	423	409	395	381	362	335	295	178	178.065	226	202	196	191	187	182	177	171	163	146	109	0	0	0.000	0.000	0	0	0	0	0	0	0	0	0	0	0	0.000	0.000	0	0	0	0	0	0	0	0	0	0	0	0	0
59	59	3091	164.365	407.823	502	762	1006	636	133	409	1249	913	414	48	428.866	646	573	529	493	469	444	416	388	334	250	132	1072.815	1733	1543	1374	1262	1188	1114	1024	941	761	537	215	0	0	0.000	0.000	0	0	0	0	0	0	0	0	0	0	0	0.000	0.000	0	0	0	0	0	0	0	0	0	0	0	0	0
60	60	621	973.428	404.999	55	240	182	102	29	47	132	217	174	41	157.699	197	178	174	168	164	161	155	149	143	132	110	189.924	233	220	214	209	203	196	187	178	168	147	118	0	0	0.000	0.000	0	0	0	0	0	0	0	0	0	0	0	0.000	0.000	0	0	0	0	0	0	0	0	0	0	0	0	0
61	61	1291	1295.305	413.087	382	442	340	89	18	256	404	352	192	61	117.699	141	126	124	122	120	118	116	114	111	108	102	499.879	890	782	701	643	586	532	473	391	265	149	104	0	0	0.000	0.000	0	0	0	0	0	0	0	0	0	0	0	0.000	0.000	0	0	0	0	0	0	0	0	0	0	0	0	0
62	62	651	343.979	414.338	372	190	48	19	18	322	205	68	31	17	116.378	141	128	125	122	119	115	113	111	108	106	99	137.091	171	157	152	147	143	139	134	128	121	114	105	0	0	0.000	0.000	0	0	0	0	0	0	0	0	0	0	0	0.000	0.000	0	0	0	0	0	0	0	0	0	0	0	0	0
63	63	2878	780.798	428.839	377	1141	900	326	71	372	1398	772	234	51	246.097	5630	249	223	210	201	192	182	169	154	137	108	224.044	700	291	271	258	243	226	211	190	169	141	102	1	48	783.597	435.003	0	0	0	2503	0	0	346	0	0	1	17	782.598	431.821	0	0	0	850	0	0	550	0	0	0	0	0	0
64	64	2711	225.420	444.450	501	600	881	561	108	477	1104	751	289	36	421.482	657	559	531	509	484	456	420	364	300	219	125	1054.033	1590	1464	1391	1314	1234	1155	1041	872	680	483	164	0	0	0.000	0.000	0	0	0	0	0	0	0	0	0	0	0	0.000	0.000	0	0	0	0	0	0	0	0	0	0	0	0	0
65	65	1807	1240.819	443.811	452	507	580	217	21	480	711	455	120	20	832.945	1500	1161	1099	1031	944	855	757	680	590	432	154	112.125	136	120	116	114	113	111	110	109	108	106	101	0	0	0.000	0.000	0	0	0	0	0	0	0	0	0	0	0	0.000	0.000	0	0	0	0	0	0	0	0	0	0	0	0	0
66	66	1215	963.247	440.740	103	286	386	346	74	168	487	386	135	15	187.221	379	218	205	198	191	185	179	173	164	154	127	213.338	301	256	242	232	223	214	203	194	185	173	127	0	0	0.000	0.000	0	0	0	0	0	0	0	0	0	0	0	0.000	0.000	0	0	0	0	0	0	0	0	0	0	0	0	0
67	67	1540	1330.614	448.760	106	332	592	405	83	118	490	604	218	77	155.862	196	179	173	169	163	158	152	147	139	128	105	281.013	400	362	348	327	307	286	267	245	224	192	115	0	0	0.000	0.000	0	0	0	0	0	0	0	0	0	0	0	0.000	0.000	0	0	0	0	0	0	0	0	0	0	0	0	0
68	68	1771	736.918	468.751	262	801	392	245	38	421	873	274	144	12	169.552	237	199	192	185	178	172	166	158	148	132	106	201.040	294	252	240	228	217	204	192	180	166	140	105	0	0	0.000	0.000	0	0	0	0	0	0	0	0	0	0	0	0.000	0.000	0	0	0	0	0	0	0	0	0	0	0	0	0
69	69	576	1101.427	459.934	88	166	189	106	18	79	127	248	90	15	895.082	1418	1300	1245	1174	1081	975	853	697	532	331	167	119.432	137	131	128	125	123	120	118	113	110	107	101	0	0	0.000	0.000	0	0	0	0	0	0	0	0	0	0	0	0.000	0.000	0	0	0	0	0	0	0	0	0	0	0	0	0
70	70	1708	1375.101	472.967	329	723	451	165	11	281	682	552	128	30	195.393	3696	191	169	160	154	150	146	142	137	129	105	275.221	473	348	328	307	290	276	263	250	233	198	114	1	31	1357.775	465.276	0	0	0	1608	0	0	347	0	0	0	0	0.000	0.000	0	0	0	0	0	0	0	0	0	0	0	0	0
71	71	1651	1281.024	477.608	148	330	617	431	98	112	425	672	329	80	280.997	413	359	335	316	295	274	261	247	228	210	142	135.898	172	151	146	143	139	136	132	129	125	120	106	0	0	0.000	0.000	0	0	0	0	0	0	0	0	0	0	0	0.000	0.000	0	0	0	0	0	0	0	0	0	0	0	0	0
72	72	1770	1130.080	490.035	302	401	543	359	135	313	643	574	180	35	936.790	1696	1331	1213	1129	1065	995	896	769	657	434	153	120.896	144	132	128	126	124	121	119	116	113	109	100	0	0	0.000	0.000	0	0	0	0	0	0	0	0	0	0	0	0.000	0.000	0	0	0	0	0	0	0	0	0	0	0	0	0
73	73	2169	1336.610	504.270	493	894	552	163	19	360	950	571	218	47	516.550	14643	479	211	181	172	165	157	149	139	125	103	324.369	2593	391	359	337	310	286	257	226	195	159	111	1	89	1341.036	515.720	0	0	0	6482	0	0	1184	0	0	1	70	1341.599	515.515	0	0	0	8293	0	0	1467	0	0	0	0	0	0
74	74	1807	1238.545	503.722	275	642	595	246	19	190	544	753	224	66	114.338	128	120	118	117	116	115	113	112	111	108	100	141.944	187	162	156	151	148	143	139	135	128	118	101	0	0	0.000	0.000	0	0	0	0	0	0	0	0	0	0	0	0.000	0.000	0	0	0	0	0	0	0	0	0	0	0	0	0
75	75	1498	583.425	502.920	309	576	438	130	21	345	804	257	51	12	331.353	4587	410	312	289	272	254	232	209	180	148	106	139.476	901	149	136	131	128	124	121	118	114	109	100	1	49	576.344	503.130	0	0	0	2074	0	0	432	0	0	1	48	575.732	502.616	0	0	0	1891	0	0	458	0	0	0	0	0	0
76	76	2090	1003.979	517.667	290	777	651	264	67	231	860	642	254	60	128.370	181	141	136	132	130	127	125	123	120	116	103	325.809	520	439	414	395	373	342	308	273	233	181	108	0	0	0.000	0.000	0	0	0	0	0	0	0	0	0	0	0	0.000	0.000	0	0	0	0	0	0	0	0	0	0	0	0	0
77	77	1637	1623.285	518.347	220	379	621	332	53	149	524	637	245	49	196.492	266	234	225	216	209	200	191	182	169	150	114	170.855	222	200	191	185	180	174	168	160	151	136	107	0	0	0.000	0.000	0	0	0	0	0	0	0	0	0	0	0	0.000	0.000	0	0	0	0	0	0	0	0	0	0	0	0	0
78	78	1715	804.142	518.854	261	475	562	315	71	223	497	609	306	45	189.816	3925	175	156	150	145	141	137	133	129	123	108	159.524	341	185	176	170	165	159	152	145	139	131	105	1	36	792.749	514.622	0	0	0	1721	0	0	260	0	0	1	12	792.932	514.965	0	0	0	2977	0	0	304	0	0	0	0	0	0
79	79	1057	1046.768	522.759	106	334	337	221	41	85	399	400	120	26	2015.249	3258	2806	2548	2353	2221	2093	1915	1710	1495	1144	456	157.035	207	181	174	169	163	159	153	146	140	131	109	0	0	0.000	0.000	0	0	0	0	0	0	0	0	0	0	0	0.000	0.000	0	0	0	0	0	0	0	0	0	0	0	0	0
80	80	695	1665.684	518.847	81	241	202	144	15	83	280	249	61	8	118.873	136	128	125	123	121	120	118	115	112	109	100	129.990	151	143	139	137	134	132	129	126	121	114	103	0	0	0.000	0.000	0	0	0	0	0	0	0	0	0	0	0	0.000	0.000	0	0	0	0	0	0	0	0	0	0	0	0	0
81	81	1929	740.693	527.034	176	499	691	414	102	175	771	741	174	36	144.686	871	162	154	148	142	137	132	128	123	118	104	160.321	234	198	185	176	166	157	149	141	135	128	104	1	27	716.856	531.221	0	0	0	461	0	0	170	0	0	0	0	0.000	0.000	0	0	0	0	0	0	0	0	0	0	0	0	0
82	82	1404	1289.355	526.810	154	362	549	257	56	191	678	389	94	17	754.610	12501	1049	488	390	350	317	303	285	262	224	134	208.043	2128	266	169	154	148	143	139	133	126	119	107	1	79	1284.931	523.537	0	0	0	6012	0	0	1060	0	0	1	81	1284.991	523.509	0	0	0	5932	0	0	1058	0	0	0	0	0	0
83	83	1189	1142.244	535.639	226	306	341	236	58	198	363	370	180	64	1136.153	2008	1634	1454	1354	1261	1187	1117	1015	839	456	156	122.194	144	133	130	128	125	123	121	119	114	108	99	0	0	0.000	0.000	0	0	0	0	0	0	0	0	0	0	0	0.000	0.000	0	0	0	0	0	0	0	0	0	0	0	0	0
84	84	2020	1780.881	537.192	210	650	767	303	33	297	1182	409	88	11	128.065	157	140	137	134	131	129	126	123	120	114	102	144.236	184	163	158	154	151	147	143	138	130	119	100	0	0	0.000	0.000	0	0	0	0	0	0	0	0	0	0	0	0.000	0.000	0	0	0	0	0	0	0	0	0	0	0	0	0
85	85	2018	841.978	554.261	150	491	971	309	61	187	1149	527	76	18	245.216	345	301	288	276	263	248	235	221	205	186	123	522.615	772	699	664	623	575	529	484	438	395	339	153	0	0	0.000	0.000	0	0	0	0	0	0	0	0	0	0	0	0.000	0.000	0	0	0	0	0	0	0	0	0	0	0	0	0
86	86	1045	702.747	558.513	194	272	343	179	35	140	291	360	167	64	134.704	189	152	146	142	138	135	131	127	123	118	102	156.815	218	192	180	170	162	156	149	142	135	124	103	0	0	0.000	0.000	0	0	0	0	0	0	0	0	0	0	0	0.000	0.000	0	0	0	0	0	0	0	0	0	0	0	0	0
87	87	1501	785.100	563.105	163	471	461	322	61	113	642	518	178	23	720.305	1084	924	860	811	773	740	706	665	595	487	210	109.103	126	115	112	111	109	108	108	107	106	105	99	0	0	0.000	0.000	0	0	0	0	0	0	0	0	0	0	0	0.000	0.000	0	0	0	0	0	0	0	0	0	0	0	0	0
88	88	2056	1064.764	571.093	283	731	730	242	17	230	886	597	269	37	2310.751	4165	3501	3103	2835	2605	2340	2126	1847	1469	1050	376	159.261	215	194	185	177	168	159	150	143	134	124	104	0	0	0.000	0.000	0	0	0	0	0	0	0	0	0	0	0	0.000	0.000	0	0	0	0	0	0	0	0	0	0	0	0	0
89	89	1963	1598.322	572.419	366	742	672	114	26	315	1056	444	97	15	200.715	1726	241	221	209	198	187	177	166	153	138	105	167.577	739	205	193	182	170	160	152	146	138	126	104	1	32	1583.185	562.704	0	0	0	833	0	0	224	0	0	1	25	1585.412	560.685	0	0	0	325	0	0	437	0	0	0	0	0	0
90	90	1365	1730.379	566.419	274	450	415	170	23	271	536	380	131	17	124.987	151	137	133	130	128	126	124	120	116	111	98	141.514	191	161	156	151	147	143	138	133	127	119	101	0	0	0.000	0.000	0	0	0	0	0	0	0	0	0	0	0	0.000	0.000	0	0	0	0	0	0	0	0	0	0	0	0	0
91	91	1808	1306.923	570.424	983	438	236	111	21	953	455	251	109	22	190.158	501	303	236	192	181	173	162	147	131	114	101	120.753	172	138	128	123	120	118	116	114	111	108	100	0	0	0.000	0.000	0	0	0	0	0	0	0	0	0	0	0	0.000	0.000	0	0	0	0	0	0	0	0	0	0	0	0	0
92	92	2939	1518.289	592.436	639	798	966	424	61	590	1187	803	268	35	1749.277	26612	3612	561	265	219	203	187	176	160	136	105	557.915	6395	957	329	281	255	238	224	207	185	154	107	1	316	1521.831	598.976	0	0	0	13349	0	0	2892	0	0	1	289	1521.726	598.779	0	0	0	14719	0	0	3205	0	0	0	0	0	0
93	93	1875	1254.922	581.194	619	650	451	97	24	811	776	242	14	9	931.764	18875	1187	458	395	363	340	316	293	266	202	113	338.679	5599	410	207	179	168	160	152	144	136	122	104	1	100	1248.224	580.113	0	0	0	9153	0	0	2903	0	0	1	106	1248.138	579.745	0	0	0	8830	0	0	2600	0	0	0	0	0	0
94	94	1842	740.342	588.505	363	597	516	285	52	346	705	487	189	71	810.251	1403	1150	1033	968	904	836	770	695	558	418	181	108.851	124	114	112	110	109	108	107	106	106	104	98	0	0	0.000	0.000	0	0	0	0	0	0	0	0	0	0	0	0.000	0.000	0	0	0	0	0	0	0	0	0	0	0	0	0
95	95	2005	1150.373	587.945	304	512	701	401	51	269	688	647	266	99	201.541	279	242	231	223	215	207	199	189	173	148	106	136.892	184	163	154	147	140	135	131	127	122	112	97	0	0	0.000	0.000	0	0	0	0	0	0	0	0	0	0	0	0.000	0.000	0	0	0	0	0	0	0	0	0	0	0	0	0
96	96	515	1848.066	582.372	97	150	138	83	38	41	178	175	78	30	110.847	126	117	116	114	112	111	109	108	106	104	98	162.025	223	204	197	190	183	169	156	137	116	108	102	0	0	0.000	0.000	0	0	0	0	0	0	0	0	0	0	0	0.000	0.000	0	0	0	0	0	0	0	0	0	0	0	0	0
97	97	2349	952.095	605.760	401	522	773	499	125	298	801	852	298	52	607.399	1069	809	740	693	656	625	589	542	476	373	176	123.331	201	135	130	127	124	122	120	118	115	112	102	0	0	0.000	0.000	0	0	0	0	0	0	0	0	0	1	20	946.035	594.053	0	0	0	901	0	0	174	0	0	0	0	0	0
98	98	1719	420.508	604.029	438	572	510	137	28	377	676	487	127	16	233.987	341	286	269	258	248	239	229	216	201	169	116	188.582	252	223	214	206	198	192	184	176	166	146	115	0	0	0.000	0.000	0	0	0	0	0	0	0	0	0	0	0	0.000	0.000	0	0	0	0	0	0	0	0	0	0	0	0	0
99	99	2010	1878.196	614.999	201	495	676	464	132	240	808	648	227	47	117.400	138	127	124	122	119	118	116	113	111	108	100	209.214	327	278	256	236	220	208	195	182	165	141	107	0	0	0.000	0.000	0	0	0	0	0	0	0	0	0	0	0	0.000	0.000	0	0	0	0	0	0	0	0	0	0	0	0	0
100	100	1672	1818.074	613.469	286	446	631	248	29	236	535	567	266	45	116.286	134	123	121	120	118	117	115	113	111	108	100	204.524	302	262	246	234	224	210	198	186	161	130	102	0	0	0.000	0.000	0	0	0	0	0	0	0	0	0	0	0	0.000	0.000	0	0	0	0	0	0	0	0	0	0	0	0	0
101	101	1841	1367.909	619.041	1200	524	44	25	22	1187	523	43	35	23	887.880	10196	1032	919	852	804	753	697	601	456	309	159	190.187	1973	207	175	165	158	151	146	140	130	117	103	1	53	1374.147	626.723	0	0	0	5992	0	0	1192	0	0	1	68	1373.802	626.974	0	0	0	5064	0	0	963	0	0	0	0	0	0
102	102	1605	1311.831	614.241	266	543	436	283	55	251	755	395	159	21	619.515	8252	659	572	532	498	467	433	401	356	286	126	183.272	1672	192	172	165	159	151	144	138	133	124	102	1	57	1325.812	612.621	0	0	0	4346	0	0	838	0	0	1	59	1325.788	612.690	0	0	0	4300	0	0	829	0	0	0	0	0	0
103	103	1343	535.051	619.656	242	311	355	298	116	220	374	434	236	56	358.284	1083	456	437	421	401	376	345	309	267	203	118	135.497	298	152	147	143	140	136	132	127	121	112	97	0	0	0.000	0.000	0	0	0	0	0	0	0	0	0	1	12	537.480	625.815	0	0	0	713	0	0	259	0	0	0	0	0	0
104	104	1843	1064.772	629.990	251	673	718	151	16	152	604	627	390	32	1577.021	2886	2390	2144	1951	1783	1637	1414	1206	995	734	208	140.044	193	167	158	151	145	139	132	127	122	117	101	0	0	0.000	0.000	0	0	0	0	0	0	0	0	0	0	0	0.000	0.000	0	0	0	0	0	0	0	0	0	0	0	0	0
105	105	1625	1421.145	626.858	322	455	539	255	33	211	396	601	274	113	586.564	927	795	748	701	648	603	558	499	428	335	176	142.009	180	161	156	152	148	142	138	133	128	121	105	0	0	0.000	0.000	0	0	0	0	0	0	0	0	0	0	0	0.000	0.000	0	0	0	0	0	0	0	0	0	0	0	0	0
106	106	2739	227.633	648.054	435	689	845	602	114	512	967	874	283	52	1981.868	13128	2817	2454	2188	1987	1851	1722	1514	1172	716	232	230.691	1916	269	238	221	208	198	188	177	159	136	105	1	59	228.772	647.892	0	0	0	9300	0	0	1296	0	0	1	89	228.302	647.889	0	0	0	7090	0	0	1048	0	0	0	0	0	0
107	107	1793	1160.147	643.412	462	504	517	273	19	384	613	501	199	63	482.308	11987	507	271	236	219	209	197	181	155	129	103	170.691	1675	197	153	143	138	134	129	124	117	109	97	1	71	1168.334	644.238	0	0	0	5460	0	0	839	0	0	1	74	1168.286	644.381	0	0	0	5442	0	0	812	0	0	0	0	0	0
108	108	2528	1514.841	649.097	465	479	936	494	111	403	1050	762	211	33	255.637	5085	241	202	195	189	182	175	166	154	136	106	245.403	1397	302	279	262	247	232	217	202	183	154	104	1	64	1508.209	631.847	0	0	0	2425	0	0	836	0	0	1	50	1508.219	631.540	0	0	0	2977	0	0	914	0	0	0	0	0	0
109	109	1930	966.964	657.878	613	655	468	130	33	812	801	246	36	10	123.180	156	135	132	129	126	124	121	117	114	110	100	511.456	1197	861	704	616	556	505	448	365	274	173	111	0	0	0.000	0.000	0	0	0	0	0	0	0	0	0	0	0	0.000	0.000	0	0	0	0	0	0	0	0	0	0	0	0	0
110	110	3483	1609.329	673.662	2447	639	225	83	53	2453	622	257	78	42	104.966	124	109	107	106	105	104	104	103	102	101	95	104.030	117	107	106	105	104	104	103	103	102	101	94	0	0	0.000	0.000	0	0	0	0	0	0	0	0	0	0	0	0.000	0.000	0	0	0	0	0	0	0	0	0	0	0	0	0
111	111	1556	1317.941	662.388	151	335	508	400	129	122	568	588	200	58	397.736	550	502	481	459	434	409	387	359	320	265	148	146.891	189	169	162	157	152	146	142	137	132	125	104	0	0	0.000	0.000	0	0	0	0	0	0	0	0	0	0	0	0.000	0.000	0	0	0	0	0	0	0	0	0	0	0	0	0
112	112	1653	1708.332	659.644	1044	496	59	20	6	499	772	310	39	12	121.162	180	147	138	129	120	114	111	108	107	105	99	236.460	551	406	365	312	250	202	169	142	121	110	101	0	0	0.000	0.000	0	0	0	0	0	0	0	0	0	0	0	0.000	0.000	0	0	0	0	0	0	0	0	0	0	0	0	0
113	113	2760	639.525	671.770	1246	899	404	138	31	1524	890	280	30	6	119.187	153	132	127	123	120	118	116	113	111	108	99	457.957	753	649	604	564	527	492	439	378	299	205	113	0	0	0.000	0.000	0	0	0	0	0	0	0	0	0	0	0	0.000	0.000	0	0	0	0	0	0	0	0	0	0	0	0	0
114	114	1334	1097.233	667.749	164	326	457	305	53	150	381	528	175	68	1965.221	3058	2861	2696	2529	2342	2089	1834	1551	1199	857	289	157.100	228	191	180	172	165	158	151	142	132	119	102	0	0	0.000	0.000	0	0	0	0	0	0	0	0	0	0	0	0.000	0.000	0	0	0	0	0	0	0	0	0	0	0	0	0
115	115	2563	1456.069	696.892	401	485	824	628	183	416	716	884	452	44	1901.996	3143	2654	2463	2323	2163	2007	1821	1673	1345	909	238	171.484	254	214	196	186	178	172	166	157	146	129	103	0	0	0.000	0.000	0	0	0	0	0	0	0	0	0	0	0	0.000	0.000	0	0	0	0	0	0	0	0	0	0	0	0	0
116	116	2157	160.878	699.326	144	432	882	527	129	153	722	905	266	78	1200.708	4513	1590	1488	1394	1315	1239	1152	1027	876	651	233	160.076	509	186	177	170	163	157	151	145	138	128	104	0	0	0.000	0.000	0	0	0	0	0	0	0	0	0	1	28	146.478	702.476	0	0	0	2998	0	0	358	0	0	0	0	0	0
117	117	2162	238.045	720.742	261	626	762	454	21	223	692	773	370	58	2445.648	22330	4172	1903	1681	1532	1407	1286	1107	860	584	167	415.383	4617	721	265	218	205	197	187	174	157	139	111	1	203	235.802	727.805	0	0	0	12683	0	0	2214	0	0	1	195	236.206	727.743	0	0	0	13170	0	0	2318	0	0	0	0	0	0
118	118	1901	450.479	703.170	215	511	681	369	86	175	841	643	183	18	871.676	17487	1321	438	286	231	207	192	177	161	144	104	233.978	1836	312	214	193	180	171	163	154	143	129	105	1	128	456.249	698.498	0	0	0	7825	0	0	914	0	0	1	127	454.865	698.048	0	0	0	5186	0	0	917	0	0	0	0	0	0
119	119	1441	922.425	711.253	267	434	403	249	62	182	524	491	158	51	182.192	1173	200	187	181	176	171	166	159	149	135	109	193.306	294	228	218	213	206	200	192	181	166	147	114	1	39	911.155	713.022	0	0	0	580	0	0	237	0	0	0	0	0.000	0.000	0	0	0	0	0	0	0	0	0	0	0	0	0
120	120	1310	498.123	718.917	124	321	525	281	38	106	421	545	172	33	196.247	255	228	222	216	211	204	196	187	172	151	107	176.445	221	206	201	197	192	187	180	168	153	120	101	0	0	0.000	0.000	0	0	0	0	0	0	0	0	0	0	0	0.000	0.000	0	0	0	0	0	0	0	0	0	0	0	0	0
121	121	1562	1558.967	729.571	192	430	609	242	49	224	471	545	246	53	113.499	128	119	117	116	115	114	112	111	110	108	99	125.248	151	139	134	131	128	125	123	120	116	112	101	0	0	0.000	0.000	0	0	0	0	0	0	0	0	0	0	0	0.000	0.000	0	0	0	0	0	0	0	0	0	0	0	0	0
122	122	2102	703.198	740.381	629	723	455	215	43	709	773	388	157	32	714.059	1149	979	879	819	779	744	700	633	542	426	162	113.576	130	120	118	116	115	113	112	111	109	107	101	0	0	0.000	0.000	0	0	0	0	0	0	0	0	0	0	0	0.000	0.000	0	0	0	0	0	0	0	0	0	0	0	0	0
123	123	1351	280.612	742.102	624	483	174	33	13	617	495	166	41	9	122.441	153	136	132	128	125	122	119	116	113	109	101	183.551	299	238	222	212	201	189	176	158	135	114	103	0	0	0.000	0.000	0	0	0	0	0	0	0	0	0	0	0	0.000	0.000	0	0	0	0	0	0	0	0	0	0	0	0	0
124	124	1845	903.778	755.377	250	517	596	352	82	220	669	627	232	59	303.522	7054	314	198	182	172	165	159	152	145	133	111	197.695	633	238	221	210	201	192	184	174	161	140	110	1	59	898.209	749.802	0	0	0	3226	0	0	409	0	0	1	29	897.092	749.406	0	0	0	4106	0	0	510	0	0	0	0	0	0
125	125	1832	327.857	756.173	225	542	672	338	21	214	694	569	281	44	145.031	187	165	159	154	150	146	142	137	131	123	102	164.999	228	200	189	180	173	166	159	151	142	127	104	0	0	0.000	0.000	0	0	0	0	0	0	0	0	0	0	0	0.000	0.000	0	0	0	0	0	0	0	0	0	0	0	0	0
126	126	1761	458.618	756.729	278	574	682	169	24	258	688	539	223	21	325.944	6468	392	218	187	178	171	165	158	147	132	104	177.011	1129	207	175	166	160	155	149	144	137	122	102	1	69	466.486	751.972	0	0	0	2819	0	0	578	0	0	1	66	465.981	751.817	0	0	0	2819	0	0	599	0	0	0	0	0	0
127	127	1793	1517.839	758.068	259	386	578	428	108	223	548	682	273	40	115.583	135	122	120	118	117	116	114	113	111	109	102	131.882	173	152	146	140	135	131	127	123	118	113	99	0	0	0.000	0.000	0	0	0	0	0	0	0	0	0	0	0	0.000	0.000	0	0	0	0	0	0	0	0	0	0	0	0	0
128	128	1786	218.098	766.066	215	563	552	334	81	214	643	601	214	70	1221.436	6125	1744	1582	1474	1361	1233	1131	974	744	463	143	174.069	680	207	195	185	176	168	160	152	143	128	105	1	19	201.857	762.410	0	0	0	4375	0	0	269	0	0	1	35	204.149	761.814	0	0	0	3004	0	0	447	0	0	0	0	0	0
129	129	640	1585.050	758.365	108	201	196	101	23	115	189	206	100	14	113.031	130	120	117	116	114	113	112	110	109	106	100	125.298	148	138	134	132	129	126	124	121	116	110	101	0	0	0.000	0.000	0	0	0	0	0	0	0	0	0	0	0	0.000	0.000	0	0	0	0	0	0	0	0	0	0	0	0	0
130	130	1638	1797.044	789.520	260	496	514	281	47	298	673	428	160	44	1224.101	1922	1740	1655	1579	1477	1307	1179	976	759	505	255	170.803	228	209	201	192	184	175	164	153	139	126	106	0	0	0.000	0.000	0	0	0	0	0	0	0	0	0	0	0	0.000	0.000	0	0	0	0	0	0	0	0	0	0	0	0	0
131	131	751	426.885	790.528	76	190	246	162	59	94	235	269	124	16	141.197	172	159	155	152	148	144	140	133	126	117	107	140.445	171	157	152	149	146	142	139	134	128	119	105	0	0	0.000	0.000	0	0	0	0	0	0	0	0	0	0	0	0.000	0.000	0	0	0	0	0	0	0	0	0	0	0	0	0
132	132	1886	118.304	813.364	257	531	666	357	41	216	804	609	194	32	288.270	6814	308	178	162	155	149	142	135	127	118	99	166.844	1146	182	169	160	154	148	143	137	130	122	104	1	66	118.185	810.055	0	0	0	2898	0	0	582	0	0	1	60	117.569	810.143	0	0	0	3233	0	0	603	0	0	0	0	0	0
133	133	2439	254.742	822.999	338	443	938	519	161	329	872	883	253	57	669.385	10524	673	604	571	542	511	474	435	378	288	133	246.185	3032	247	223	212	201	192	182	170	160	143	106	1	72	257.634	839.323	0	0	0	5525	0	0	1695	0	0	1	85	258.140	839.027	0	0	0	4620	0	0	1427	0	0	0	0	0	0
134	134	1365	318.026	813.409	133	286	455	353	113	152	414	457	245	58	146.974	184	164	160	157	153	150	145	140	134	125	104	169.512	225	201	193	185	178	170	163	156	148	136	106	0	0	0.000	0.000	0	0	0	0	0	0	0	0	0	0	0	0.000	0.000	0	0	0	0	0	0	0	0	0	0	0	0	0
135	135	3786	1709.487	824.182	2696	814	123	84	25	2772	747	167	46	15	405.014	11728	661	353	284	242	214	200	187	168	144	112	162.805	2245	177	161	153	145	136	127	121	117	113	101	1	72	1706.613	829.438	0	0	0	5150	0	0	1052	0	0	1	72	1706.996	828.997	0	0	0	4929	0	0	1052	0	0	0	0	0	0
136	136	1401	362.255	811.536	753	342	171	84	34	759	326	200	71	22	241.465	481	337	308	286	263	243	224	197	168	135	103	315.729	630	467	420	374	347	317	287	247	204	159	112	0	0	0.000	0.000	0	0	0	0	0	0	0	0	0	0	0	0.000	0.000	0	0	0	0	0	0	0	0	0	0	0	0	0
137	137	1435	999.006	816.579	260	467	486	185	9	151	246	652	260	103	345.731	507	439	408	388	373	355	337	313	281	236	132	152.256	198	177	169	164	159	154	150	144	137	121	103	0	0	0.000	0.000	0	0	0	0	0	0	0	0	0	0	0	0.000	0.000	0	0	0	0	0	0	0	0	0	0	0	0	0
138	138	1543	947.728	829.510	66	307	497	500	141	99	432	650	253	78	329.993	475	426	400	376	354	336	316	290	262	229	127	152.684	198	179	174	168	160	154	146	139	133	125	103	0	0	0.000	0.000	0	0	0	0	0	0	0	0	0	0	0	0.000	0.000	0	0	0	0	0	0	0	0	0	0	0	0	0
139	139	720	1513.306	822.103	285	201	115	67	35	236	303	105	38	25	140.978	188	170	162	158	150	143	132	124	117	111	103	242.964	427	372	343	322	296	251	197	152	126	116	103	0	0	0.000	0.000	0	0	0	0	0	0	0	0	0	0	0	0.000	0.000	0	0	0	0	0	0	0	0	0	0	0	0	0
140	140	1618	460.266	834.516	325	373	450	374	80	233	548	498	244	64	484.818	10913	591	259	189	168	160	154	147	136	122	102	223.132	1822	280	213	194	183	175	167	157	143	127	104	1	80	457.021	825.603	0	0	0	4654	0	0	952	0	0	1	85	456.939	826.030	0	0	0	4602	0	0	894	0	0	0	0	0	0
141	141	912	758.940	837.261	112	233	300	194	47	120	311	287	147	31	286.482	391	362	348	333	316	297	276	254	226	193	130	135.884	169	153	149	144	140	137	133	129	124	117	104	0	0	0.000	0.000	0	0	0	0	0	0	0	0	0	0	0	0.000	0.000	0	0	0	0	0	0	0	0	0	0	0	0	0
142	142	2608	1452.150	857.080	416	808	963	344	29	347	825	1011	304	75	1327.611	2376	2024	1852	1725	1604	1452	1252	1016	753	396	139	319.500	543	453	418	390	363	331	296	258	215	162	109	0	0	0.000	0.000	0	0	0	0	0	0	0	0	0	0	0	0.000	0.000	0	0	0	0	0	0	0	0	0	0	0	0	0
143	143	1565	1672.692	858.510	323	466	473	249	24	230	480	493	255	83	216.647	3122	215	195	186	181	176	171	165	157	143	113	146.907	1058	159	152	147	143	138	134	128	123	117	102	0	0	0.000	0.000	0	0	0	0	0	0	0	0	0	0	0	0.000	0.000	0	0	0	0	0	0	0	0	0	0	0	0	0
144	144	1618	511.698	857.143	160	447	581	357	39	131	515	662	226	43	161.231	221	191	184	176	169	163	157	148	139	128	104	185.350	287	244	222	206	193	183	173	161	149	134	98	0	0	0.000	0.000	0	0	0	0	0	0	0	0	0	0	0	0.000	0.000	0	0	0	0	0	0	0	0	0	0	0	0	0
145	145	870	300.472	858.004	84	201	345	191	33	66	193	427	151	21	386.097	628	525	489	464	422	387	363	331	288	223	129	178.702	235	214	205	198	190	183	176	165	152	135	107	0	0	0.000	0.000	0	0	0	0	0	0	0	0	0	0	0	0.000	0.000	0	0	0	0	0	0	0	0	0	0	0	0	0
146	146	1717	793.486	870.492	175	565	670	240	36	176	722	543	203	33	474.325	7135	573	371	341	317	295	276	254	231	195	126	161.705	1212	183	152	144	139	135	130	126	121	115	102	1	76	792.703	872.109	0	0	0	3355	0	0	587	0	0	1	71	792.518	872.116	0	0	0	3471	0	0	623	0	0	0	0	0	0
147	147	2234	267.123	888.908	602	742	654	164	39	563	718	686	188	38	1673.940	22424	3033	720	597	548	505	453	406	356	274	134	652.932	8820	1329	331	235	216	202	189	177	164	146	108	1	224	269.534	893.662	0	0	0	11258	0	0	3963	0	0	1	224	269.529	893.671	0	0	0	11258	0	0	3963	0	0	0	0	0	0
148	148	1301	922.804	881.436	107	285	422	315	143	174	494	384	185	39	244.885	457	331	297	274	254	238	219	204	192	169	119	139.815	190	159	151	147	144	140	137	133	127	118	103	0	0	0.000	0.000	0	0	0	0	0	0	0	0	0	0	0	0.000	0.000	0	0	0	0	0	0	0	0	0	0	0	0	0
149	149	1701	1387.623	885.491	286	479	550	306	49	283	718	503	141	24	785.921	4461	1054	964	899	845	791	723	648	530	344	149	189.650	792	223	208	199	193	187	179	167	152	127	103	1	23	1389.227	871.888	0	0	0	3000	0	0	514	0	0	1	35	1387.948	870.286	0	0	0	1427	0	0	514	0	0	0	0	0	0
150	150	1728	1053.425	898.951	330	765	502	77	17	417	984	240	49	8	1187.473	18834	2239	588	317	234	204	187	172	156	138	107	462.959	5111	775	349	288	263	241	218	198	176	151	110	1	154	1050.767	898.616	0	0	0	9431	0	0	2350	0	0	1	140	1050.215	898.453	0	0	0	9980	0	0	2505	0	0	0	0	0	0
151	151	1272	1547.766	912.618	459	516	210	36	29	577	558	78	27	13	531.405	729	665	637	615	592	566	534	490	426	339	167	162.528	207	186	179	174	169	165	161	155	146	133	109	0	0	0.000	0.000	0	0	0	0	0	0	0	0	0	0	0	0.000	0.000	0	0	0	0	0	0	0	0	0	0	0	0	0
152	152	2206	710.202	924.862	152	416	828	620	133	138	793	898	289	49	372.381	554	480	449	425	402	376	352	331	306	258	132	196.626	278	237	225	215	206	197	188	180	170	157	113	0	0	0.000	0.000	0	0	0	0	0	0	0	0	0	0	0	0.000	0.000	0	0	0	0	0	0	0	0	0	0	0	0	0
153	153	1789	799.598	920.957	209	824	549	155	17	189	1022	360	147	38	475.340	6126	505	454	422	401	381	364	341	309	255	142	171.538	1425	177	165	159	154	150	146	142	136	129	109	1	49	787.702	908.419	0	0	0	3213	0	0	712	0	0	1	52	788.215	907.863	0	0	0	3199	0	0	733	0	0	0	0	0	0
154	154	751	1422.244	916.606	106	235	234	127	37	83	252	241	131	29	562.162	896	737	660	623	579	553	530	507	466	419	180	152.205	193	168	163	160	157	154	151	147	142	132	107	0	0	0.000	0.000	0	0	0	0	0	0	0	0	0	0	0	0.000	0.000	0	0	0	0	0	0	0	0	0	0	0	0	0
155	155	2163	644.634	930.328	275	485	907	370	77	225	751	870	229	47	2520.409	4041	3506	3202	2986	2804	2644	2448	2106	1795	1401	440	185.940	257	224	211	201	194	187	180	172	160	147	104	0	0	0.000	0.000	0	0	0	0	0	0	0	0	0	0	0	0.000	0.000	0	0	0	0	0	0	0	0	0	0	0	0	0
156	156	2157	1889.151	940.987	385	606	741	359	31	312	718	694	300	94	114.538	135	122	119	117	116	114	113	111	110	108	99	106.102	119	110	109	108	107	106	105	104	104	102	96	0	0	0.000	0.000	0	0	0	0	0	0	0	0	0	0	0	0.000	0.000	0	0	0	0	0	0	0	0	0	0	0	0	0
157	157	1317	755.571	936.366	166	664	360	93	14	214	754	267	49	19	358.882	1157	465	418	387	364	349	334	318	296	249	147	219.995	645	265	247	234	225	216	207	199	190	166	109	0	0	0.000	0.000	0	0	0	0	0	0	0	0	0	1	14	772.663	935.053	0	0	0	516	0	0	561	0	0	0	0	0	0
158	158	3172	930.940	947.479	407	1172	1072	393	48	383	1404	879	393	46	1558.247	21303	3149	606	322	252	227	209	197	184	164	110	899.439	9699	1606	563	442	411	381	352	324	291	236	115	1	374	931.931	949.932	0	0	0	10361	0	0	4295	0	0	1	323	932.003	949.909	0	0	0	12465	0	0	5197	0	0	0	0	0	0
159	159	1538	1684.683	938.763	508	505	273	189	42	573	587	182	128	40	486.454	813	671	624	583	547	513	476	431	339	224	133	111.789	130	119	116	114	112	111	110	109	108	106	101	0	0	0.000	0.000	0	0	0	0	0	0	0	0	0	0	0	0.000	0.000	0	0	0	0	0	0	0	0	0	0	0	0	0
160	160	1904	1040.126	949.838	412	671	627	149	12	358	705	597	164	40	174.925	248	209	200	193	186	179	170	161	148	134	104	243.567	377	322	305	288	267	246	226	203	183	160	105	0	0	0.000	0.000	0	0	0	0	0	0	0	0	0	0	0	0.000	0.000	0	0	0	0	0	0	0	0	0	0	0	0	0
161	161	2340	422.604	967.764	268	779	861	372	23	210	995	784	273	31	822.635	1348	1112	1037	987	940	892	810	711	582	402	130	156.743	211	184	175	169	164	159	154	147	138	124	102	0	0	0.000	0.000	0	0	0	0	0	0	0	0	0	0	0	0.000	0.000	0	0	0	0	0	0	0	0	0	0	0	0	0
162	162	1281	1408.471	953.814	219	463	423	142	7	299	502	362	72	14	182.153	249	214	207	200	196	190	183	172	154	132	107	125.775	152	138	135	132	130	127	124	121	116	109	101	0	0	0.000	0.000	0	0	0	0	0	0	0	0	0	0	0	0.000	0.000	0	0	0	0	0	0	0	0	0	0	0	0	0
163	163	2290	1275.896	962.607	300	475	836	582	53	309	1059	654	209	15	1526.652	2530	2223	2062	1906	1746	1579	1391	1203	1008	762	297	144.921	191	172	164	157	151	144	138	132	126	120	103	0	0	0.000	0.000	0	0	0	0	0	0	0	0	0	0	0	0.000	0.000	0	0	0	0	0	0	0	0	0	0	0	0	0
164	164	1956	841.257	969.519	259	703	682	260	23	558	1027	282	46	7	838.634	1651	1271	1128	1019	917	820	732	655	561	424	182	114.460	133	122	119	117	116	114	113	111	109	107	100	0	0	0.000	0.000	0	0	0	0	0	0	0	0	0	0	0	0.000	0.000	0	0	0	0	0	0	0	0	0	0	0	0	0
165	165	1792	526.024	971.756	146	559	617	367	73	207	780	531	198	32	233.756	1457	288	268	253	242	230	214	196	177	152	112	195.786	641	248	233	224	214	203	186	169	149	120	102	1	22	541.626	967.616	0	0	0	897	0	0	256	0	0	0	0	0.000	0.000	0	0	0	0	0	0	0	0	0	0	0	0	0
166	166	1664	718.352	981.866	338	414	486	308	83	267	454	468	365	68	326.802	464	402	381	366	355	342	328	306	271	217	127	174.587	231	203	195	189	184	179	172	164	154	137	110	0	0	0.000	0.000	0	0	0	0	0	0	0	0	0	0	0	0.000	0.000	0	0	0	0	0	0	0	0	0	0	0	0	0
167	167	1338	369.034	991.190	151	293	366	316	179	168	358	435	281	76	733.314	1143	971	903	843	788	741	704	656	578	466	242	150.276	196	174	166	160	154	149	144	140	136	129	108	0	0	0.000	0.000	0	0	0	0	0	0	0	0	0	0	0	0.000	0.000	0	0	0	0	0	0	0	0	0	0	0	0	0
168	168	2075	661.948	999.831	163	503	752	467	154	231	735	763	256	44	2490.035	3926	3381	3139	2930	2761	2610	2411	2179	1871	1440	324	183.734	258	223	213	202	193	184	175	167	159	143	107	0	0	0.000	0.000	0	0	0	0	0	0	0	0	0	0	0	0.000	0.000	0	0	0	0	0	0	0	0	0	0	0	0	0
169	169	2261	1775.723	1001.301	255	535	939	444	38	264	768	831	283	45	147.864	183	165	160	157	154	151	147	143	136	125	103	188.454	266	234	219	209	200	191	182	171	157	139	104	0	0	0.000	0.000	0	0	0	0	0	0	0	0	0	0	0	0.000	0.000	0	0	0	0	0	0	0	0	0	0	0	0	0
170	170	2421	893.692	998.219	291	747	846	463	28	251	1106	708	266	38	441.890	8936	454	291	266	249	235	219	198	176	149	110	419.081	3211	513	461	431	407	379	345	301	252	196	121	1	109	898.747	988.323	0	0	0	4086	0	0	1521	0	0	1	74	898.609	987.762	0	0	0	5374	0	0	2047	0	0	0	0	0	0
171	171	2072	1898.935	1004.390	375	795	678	179	13	311	754	652	271	37	111.448	124	117	115	114	112	111	110	109	108	106	100	105.866	118	110	108	107	106	106	105	104	103	102	96	0	0	0.000	0.000	0	0	0	0	0	0	0	0	0	0	0	0.000	0.000	0	0	0	0	0	0	0	0	0	0	0	0	0
172	172	1990	952.415	1019.154	220	464	805	412	57	187	642	781	288	54	113.145	130	120	117	115	114	113	112	111	109	107	101	188.623	283	230	216	206	198	191	184	177	163	137	107	0	0	0.000	0.000	0	0	0	0	0	0	0	0	0	0	0	0.000	0.000	0	0	0	0	0	0	0	0	0	0	0	0	0
173	173	1401	1722.276	1012.476	105	450	459	259	100	117	561	474	189	34	301.005	4396	329	250	229	213	203	193	186	174	154	114	404.926	1393	573	494	444	419	394	373	346	304	217	121	1	51	1721.556	1016.661	0	0	0	2081	0	0	631	0	0	1	14	1721.796	1013.377	0	0	0	984	0	0	1226	0	0	0	0	0	0
174	174	1308	757.226	1015.232	200	374	368	273	63	246	462	438	126	11	161.956	290	183	172	167	162	159	155	152	148	142	112	236.430	310	271	262	255	248	241	233	226	214	194	128	0	0	0.000	0.000	0	0	0	0	0	0	0	0	0	0	0	0.000	0.000	0	0	0	0	0	0	0	0	0	0	0	0	0
175	175	1084	1069.054	1017.270	161	332	313	202	53	93	358	356	216	46	159.152	212	188	179	172	167	161	156	149	140	126	100	227.722	329	294	274	261	249	238	223	206	181	143	105	0	0	0.000	0.000	0	0	0	0	0	0	0	0	0	0	0	0.000	0.000	0	0	0	0	0	0	0	0	0	0	0	0	0
176	176	2080	427.733	1024.456	213	570	803	410	51	211	878	672	243	36	865.732	1491	1293	1145	1024	940	854	769	695	596	489	205	157.085	210	188	178	170	162	155	149	143	138	130	105	0	0	0.000	0.000	0	0	0	0	0	0	0	0	0	0	0	0.000	0.000	0	0	0	0	0	0	0	0	0	0	0	0	0
177	177	1758	1494.634	1027.499	424	458	445	293	103	406	500	502	220	99	516.494	803	679	645	608	585	563	528	477	382	262	149	139.246	182	159	153	148	144	141	137	132	126	115	103	0	0	0.000	0.000	0	0	0	0	0	0	0	0	0	0	0	0.000	0.000	0	0	0	0	0	0	0	0	0	0	0	0	0
178	178	1554	373.111	1038.365	300	416	535	249	23	276	450	487	278	29	117.418	139	126	123	121	119	117	116	114	112	109	99	322.793	540	437	407	376	348	320	295	271	246	217	118	0	0	0.000	0.000	0	0	0	0	0	0	0	0	0	0	0	0.000	0.000	0	0	0	0	0	0	0	0	0	0	0	0	0
179	179	1439	1857.417	1037.131	244	473	522	157	16	174	518	515	175	23	111.092	126	117	115	113	112	111	110	109	107	105	99	105.636	117	110	108	107	106	105	105	104	103	102	97	0	0	0.000	0.000	0	0	0	0	0	0	0	0	0	0	0	0.000	0.000	0	0	0	0	0	0	0	0	0	0	0	0	0
180	180	1928	280.110	1044.735	515	752	553	63	10	339	765	466	253	69	630.639	1127	906	836	768	714	660	612	543	406	268	146	260.966	408	337	320	304	289	276	261	236	197	150	107	0	0	0.000	0.000	0	0	0	0	0	0	0	0	0	0	0	0.000	0.000	0	0	0	0	0	0	0	0	0	0	0	0	0
181	181	1358	857.961	1042.388	283	304	386	313	46	233	398	362	288	50	191.184	269	237	228	217	207	197	186	173	155	131	107	296.979	442	402	382	360	337	310	282	249	212	162	107	0	0	0.000	0.000	0	0	0	0	0	0	0	0	0	0	0	0.000	0.000	0	0	0	0	0	0	0	0	0	0	0	0	0
182	182	1823	723.289	1052.821	261	475	579	374	109	298	801	466	184	46	579.737	14389	558	221	194	184	176	169	161	148	132	110	332.185	2308	405	360	330	304	282	264	247	220	176	120	1	98	733.719	1062.283	0	0	0	6129	0	0	1104	0	0	1	73	733.444	1061.678	0	0	0	7811	0	0	1334	0	0	0	0	0	0
183	183	1880	1567.999	1061.644	266	583	736	253	15	202	758	675	176	26	2637.340	25755	7476	1480	973	798	730	690	654	603	476	165	320.028	2817	730	207	157	147	142	139	136	132	124	104	1	273	1560.653	1064.917	0	0	0	12940	0	0	1164	0	0	1	233	1560.496	1064.677	0	0	0	14707	0	0	1364	0	0	0	0	0	0
184	184	1000	468.096	1059.393	179	315	348	128	13	145	259	393	152	24	684.035	1083	977	882	815	758	703	637	572	488	373	170	156.228	250	180	173	168	163	157	152	145	136	125	105	0	0	0.000	0.000	0	0	0	0	0	0	0	0	0	0	0	0.000	0.000	0	0	0	0	0	0	0	0	0	0	0	0	0
185	185	1881	533.125	1063.521	217	490	720	372	42	262	837	577	145	13	490.538	10415	576	307	264	247	238	229	215	191	158	107	200.057	1924	227	174	164	158	154	150	144	135	120	104	1	85	543.079	1058.477	0	0	0	4267	0	0	956	0	0	1	86	543.334	1058.202	0	0	0	4267	0	0	956	0	0	0	0	0	0
186	186	1655	1387.191	1066.286	206	371	652	346	41	167	492	700	233	38	163.447	216	189	181	176	171	165	160	154	146	135	108	225.111	325	275	261	249	238	227	217	204	190	169	117	0	0	0.000	0.000	0	0	0	0	0	0	0	0	0	0	0	0.000	0.000	0	0	0	0	0	0	0	0	0	0	0	0	0
187	187	1354	763.500	1067.356	98	379	499	277	83	106	638	397	136	54	278.914	418	335	320	310	300	289	277	263	239	198	118	136.480	173	151	147	143	140	138	135	132	127	120	102	0	0	0.000	0.000	0	0	0	0	0	0	0	0	0	0	0	0.000	0.000	0	0	0	0	0	0	0	0	0	0	0	0	0
188	188	1828	608.161	1068.913	415	703	580	76	22	678	797	282	22	12	258.280	4291	306	229	210	200	193	186	177	162	140	109	166.788	513	198	186	179	172	165	159	150	139	119	103	1	43	619.189	1070.255	0	0	0	2134	0	0	287	0	0	1	26	620.000	1069.506	0	0	0	2577	0	0	406	0	0	0	0	0	0
189	189	3356	1173.694	1082.153	2475	506	239	87	20	2349	547	270	124	42	105.924	118	110	108	107	106	106	105	104	103	102	96	106.229	118	109	108	108	107	106	106	105	104	103	97	0	0	0.000	0.000	0	0	0	0	0	0	0	0	0	0	0	0.000	0.000	0	0	0	0	0	0	0	0	0	0	0	0	0
190	190	1903	809.777	1077.213	157	342	705	484	176	168	678	692	233	98	325.951	463	419	394	374	356	339	319	292	258	213	122	142.480	177	161	156	152	148	143	140	135	129	122	100	0	0	0.000	0.000	0	0	0	0	0	0	0	0	0	0	0	0.000	0.000	0	0	0	0	0	0	0	0	0	0	0	0	0
191	191	2424	929.701	1080.394	822	706	561	274	14	807	796	580	163	43	579.949	15601	528	263	249	237	224	209	194	175	149	110	857.933	8948	1078	984	908	828	726	618	529	433	317	125	1	102	916.250	1073.344	0	0	0	6731	0	0	4070	0	0	1	75	915.781	1072.727	0	0	0	7549	0	0	5004	0	0	0	0	0	0
192	192	1161	1524.219	1078.443	184	306	382	228	37	151	366	424	157	44	115.176	162	123	119	117	115	114	113	111	110	108	101	106.461	118	110	109	108	107	106	106	105	104	103	98	0	0	0.000	0.000	0	0	0	0	0	0	0	0	0	0	0	0.000	0.000	0	0	0	0	0	0	0	0	0	0	0	0	0
193	193	2782	376.017	1090.858	394	720	919	475	222	511	1178	741	257	45	119.254	145	131	127	124	122	119	117	114	111	107	96	388.105	642	548	514	478	439	398	359	321	266	193	120	0	0	0.000	0.000	0	0	0	0	0	0	0	0	0	0	0	0.000	0.000	0	0	0	0	0	0	0	0	0	0	0	0	0
194	194	1077	651.435	1082.035	102	328	284	240	94	111	406	349	147	45	169.636	219	194	188	183	178	174	169	162	151	138	107	149.210	183	170	164	159	155	151	147	141	135	126	103	0	0	0.000	0.000	0	0	0	0	0	0	0	0	0	0	0	0.000	0.000	0	0	0	0	0	0	0	0	0	0	0	0	0
195	195	1185	228.260	1093.836	153	286	370	277	68	144	325	475	168	51	117.861	138	126	124	122	120	118	116	114	112	109	100	122.625	149	133	129	127	125	123	120	118	115	112	103	0	0	0.000	0.000	0	0	0	0	0	0	0	0	0	0	0	0.000	0.000	0	0	0	0	0	0	0	0	0	0	0	0	0
196	196	1563	278.008	1097.760	322	743	353	101	22	222	826	327	142	22	138.221	1181	146	133	130	127	125	122	120	117	113	97	129.892	209	142	138	135	132	129	127	124	121	117	101	1	32	286.272	1090.881	0	0	0	536	0	0	159	0	0	0	0	0.000	0.000	0	0	0	0	0	0	0	0	0	0	0	0	0
197	197	1925	1918.634	1099.183	216	511	686	393	90	245	704	724	193	19	233.251	325	284	273	262	252	238	226	212	195	172	116	107.757	127	115	111	109	108	107	106	105	104	103	96	0	0	0.000	0.000	0	0	0	0	0	0	0	0	0	0	0	0.000	0.000	0	0	0	0	0	0	0	0	0	0	0	0	0
198	198	1145	1557.939	1103.782	307	407	293	102	19	318	447	238	105	14	117.482	184	128	123	121	118	116	114	112	109	106	98	417.013	659	567	540	520	496	465	415	362	274	174	112	0	0	0.000	0.000	0	0	0	0	0	0	0	0	0	0	0	0.000	0.000	0	0	0	0	0	0	0	0	0	0	0	0	0
199	199	937	895.552	1113.760	170	242	255	151	100	234	317	266	85	20	171.914	219	196	190	185	181	177	172	165	155	138	111	630.046	1053	909	809	719	677	647	600	535	453	348	143	0	0	0.000	0.000	0	0	0	0	0	0	0	0	0	0	0	0.000	0.000	0	0	0	0	0	0	0	0	0	0	0	0	0
200	200	1374	539.227	1114.131	184	340	513	273	39	174	514	461	164	32	169.687	1155	197	181	171	164	158	151	144	135	123	102	175.608	345	219	207	197	188	176	168	157	142	118	102	1	33	537.011	1117.579	0	0	0	496	0	0	265	0	0	0	0	0.000	0.000	0	0	0	0	0	0	0	0	0	0	0	0	0
201	201	1802	1492.157	1122.278	283	472	659	336	28	254	816	455	201	38	110.884	127	117	115	113	112	111	110	108	107	105	98	105.481	116	109	108	107	106	105	105	104	103	102	98	0	0	0.000	0.000	0	0	0	0	0	0	0	0	0	0	0	0.000	0.000	0	0	0	0	0	0	0	0	0	0	0	0	0
202	202	1605	1729.974	1118.518	203	492	486	354	39	169	544	554	216	87	111.812	125	117	116	114	113	112	111	109	108	106	100	129.996	163	147	141	137	134	130	127	124	119	112	101	0	0	0.000	0.000	0	0	0	0	0	0	0	0	0	0	0	0.000	0.000	0	0	0	0	0	0	0	0	0	0	0	0	0
203	203	2551	420.329	1132.942	312	628	1052	455	45	263	1087	833	270	50	119.704	147	128	126	124	122	121	119	116	113	110	98	398.592	611	543	507	463	429	403	376	349	303	248	132	0	0	0.000	0.000	0	0	0	0	0	0	0	0	0	0	0	0.000	0.000	0	0	0	0	0	0	0	0	0	0	0	0	0
204	204	2298	699.184	1129.182	464	567	592	489	139	579	1007	412	212	41	431.975	797	620	568	524	484	452	410	354	287	203	108	110.568	128	118	115	113	111	110	109	108	106	105	98	0	0	0.000	0.000	0	0	0	0	0	0	0	0	0	0	0	0.000	0.000	0	0	0	0	0	0	0	0	0	0	0	0	0
205	205	4858	1198.290	1147.869	3411	949	346	90	29	3387	1006	345	55	30	122.063	371	157	126	115	112	110	108	107	106	104	98	119.942	263	158	118	113	111	109	108	107	106	105	96	1	388	1181.368	1167.920	0	0	0	210	0	0	215	0	0	0	0	0.000	0.000	0	0	0	0	0	0	0	0	0	0	0	0	0
206	206	589	249.166	1130.705	26	95	248	161	48	39	249	238	38	10	346.450	489	427	406	390	370	346	327	308	285	264	168	130.939	153	142	139	136	134	131	129	126	124	120	106	0	0	0.000	0.000	0	0	0	0	0	0	0	0	0	0	0	0.000	0.000	0	0	0	0	0	0	0	0	0	0	0	0	0
207	207	2701	1264.916	1152.418	1263	665	573	153	13	1074	672	540	348	39	134.484	1591	138	130	125	121	117	114	111	108	106	95	135.437	258	162	155	148	141	135	128	120	114	109	101	1	52	1254.974	1135.443	0	0	0	628	0	0	175	0	0	0	0	0.000	0.000	0	0	0	0	0	0	0	0	0	0	0	0	0
208	208	2072	208.696	1150.442	397	489	542	486	123	388	685	573	268	117	119.520	140	127	125	124	122	121	118	116	114	110	99	138.267	175	154	149	146	143	140	136	133	127	119	102	0	0	0.000	0.000	0	0	0	0	0	0	0	0	0	0	0	0.000	0.000	0	0	0	0	0	0	0	0	0	0	0	0	0
209	209	2072	152.557	1150.865	408	550	656	339	79	301	766	696	205	64	146.908	2396	148	135	131	128	125	122	119	116	111	100	149.094	284	170	164	160	155	151	146	141	134	120	100	1	27	157.755	1153.462	0	0	0	1138	0	0	213	0	0	0	0	0.000	0.000	0	0	0	0	0	0	0	0	0	0	0	0	0
210	210	1177	1692.905	1146.960	224	347	399	167	18	215	402	378	120	32	111.679	127	119	116	115	113	112	110	109	107	105	99	128.251	155	144	139	135	131	128	126	123	118	112	100	0	0	0.000	0.000	0	0	0	0	0	0	0	0	0	0	0	0.000	0.000	0	0	0	0	0	0	0	0	0	0	0	0	0
211	211	1932	568.652	1156.477	214	494	691	392	106	203	718	662	258	54	386.758	9869	375	204	193	184	177	167	158	149	136	106	210.359	971	247	232	220	209	199	188	176	163	146	115	1	67	577.319	1170.915	0	0	0	4492	0	0	566	0	0	1	51	576.851	1170.623	0	0	0	5820	0	0	655	0	0	0	0	0	0
212	212	1222	1531.411	1148.136	172	289	362	309	66	165	497	355	156	25	111.820	124	118	116	114	113	112	111	109	108	106	99	156.821	206	184	177	170	164	157	151	146	139	128	106	0	0	0.000	0.000	0	0	0	0	0	0	0	0	0	0	0	0.000	0.000	0	0	0	0	0	0	0	0	0	0	0	0	0
213	213	855	1015.750	1145.570	92	182	287	169	103	57	149	411	205	17	112.034	127	119	116	115	113	112	111	109	107	106	99	344.923	481	441	427	415	391	366	335	296	255	218	139	0	0	0.000	0.000	0	0	0	0	0	0	0	0	0	0	0	0.000	0.000	0	0	0	0	0	0	0	0	0	0	0	0	0
214	214	1975	262.311	1177.010	204	367	1052	293	22	200	533	979	195	33	603.670	7664	701	597	543	503	462	424	390	352	295	161	166.283	1384	176	158	151	146	141	136	131	126	120	105	1	60	252.036	1184.822	0	0	0	4126	0	0	764	0	0	1	69	251.787	1184.436	0	0	0	3385	0	0	702	0	0	0	0	0	0
215	215	1654	850.325	1182.545	295	479	487	316	39	257	615	485	215	48	213.733	2393	228	208	199	191	183	175	165	151	132	106	169.688	705	204	190	180	170	163	155	147	138	122	102	1	37	853.163	1191.090	0	0	0	1326	0	0	382	0	0	1	34	853.493	1191.405	0	0	0	1353	0	0	446	0	0	0	0	0	0
216	216	2019	452.594	1184.703	268	471	681	473	72	207	758	724	238	57	117.734	141	127	124	121	120	118	116	114	111	108	100	363.384	573	491	448	425	402	381	354	321	273	202	120	0	0	0.000	0.000	0	0	0	0	0	0	0	0	0	0	0	0.000	0.000	0	0	0	0	0	0	0	0	0	0	0	0	0
217	217	1853	1498.537	1183.919	472	617	518	196	23	460	723	408	197	26	112.411	127	118	116	115	114	113	111	110	109	106	100	157.557	204	182	175	170	164	159	154	149	141	130	108	0	0	0.000	0.000	0	0	0	0	0	0	0	0	0	0	0	0.000	0.000	0	0	0	0	0	0	0	0	0	0	0	0	0
218	218	1701	1001.629	1189.251	281	477	531	302	68	281	668	508	185	36	113.710	131	120	118	117	115	114	112	111	109	107	96	369.689	547	494	465	441	416	388	356	321	275	210	120	0	0	0.000	0.000	0	0	0	0	0	0	0	0	0	0	0	0.000	0.000	0	0	0	0	0	0	0	0	0	0	0	0	0
219	219	1611	1430.735	1190.519	211	457	484	368	58	180	659	465	237	42	393.615	610	512	483	458	434	407	380	349	305	242	128	106.633	121	112	109	108	107	106	105	105	104	103	96	0	0	0.000	0.000	0	0	0	0	0	0	0	0	0	0	0	0.000	0.000	0	0	0	0	0	0	0	0	0	0	0	0	0
220	220	1890	1903.146	1203.218	217	538	674	394	40	155	671	677	296	49	589.383	11196	658	478	419	370	339	309	278	236	162	108	165.170	1514	171	151	143	137	132	127	123	118	111	101	1	74	1913.209	1196.300	0	0	0	5102	0	0	767	0	0	1	79	1912.924	1195.900	0	0	0	4772	0	0	723	0	0	0	0	0	0
221	221	1519	555.845	1210.033	262	456	408	273	100	243	590	439	189	37	348.938	592	463	412	390	368	350	330	301	271	238	125	112.394	133	121	118	115	113	111	110	109	107	106	101	0	0	0.000	0.000	0	0	0	0	0	0	0	0	0	0	0	0.000	0.000	0	0	0	0	0	0	0	0	0	0	0	0	0
222	222	2314	1748.584	1228.591	651	728	553	296	53	654	936	424	202	60	479.833	840	693	630	574	525	483	439	389	336	246	135	108.416	120	113	111	110	109	108	107	106	106	104	99	0	0	0.000	0.000	0	0	0	0	0	0	0	0	0	0	0	0.000	0.000	0	0	0	0	0	0	0	0	0	0	0	0	0
223	223	2425	1259.733	1237.755	530	824	664	296	66	643	1114	511	106	7	115.279	142	123	120	118	117	115	114	112	109	107	98	384.430	677	532	487	457	434	412	382	339	260	170	105	0	0	0.000	0.000	0	0	0	0	0	0	0	0	0	0	0	0.000	0.000	0	0	0	0	0	0	0	0	0	0	0	0	0
224	224	2425	511.626	1247.080	429	893	734	257	60	617	1235	382	123	19	309.986	482	401	375	355	338	318	296	271	244	199	121	109.310	125	114	112	111	110	109	108	107	106	105	99	0	0	0.000	0.000	0	0	0	0	0	0	0	0	0	0	0	0.000	0.000	0	0	0	0	0	0	0	0	0	0	0	0	0
225	225	1371	571.224	1250.797	136	393	491	292	37	234	739	303	65	9	145.730	182	163	158	155	152	148	145	140	133	123	103	204.001	283	247	234	224	216	209	201	191	175	150	116	0	0	0.000	0.000	0	0	0	0	0	0	0	0	0	0	0	0.000	0.000	0	0	0	0	0	0	0	0	0	0	0	0	0
226	226	1470	1197.396	1263.552	280	541	533	75	8	223	604	391	186	38	112.039	133	122	118	115	113	111	109	108	106	105	97	222.968	377	312	283	255	233	218	200	185	166	143	112	0	0	0.000	0.000	0	0	0	0	0	0	0	0	0	0	0	0.000	0.000	0	0	0	0	0	0	0	0	0	0	0	0	0
227	227	1579	652.009	1268.195	266	486	528	246	21	175	376	454	385	164	147.987	184	167	162	158	154	150	146	141	135	124	102	209.383	287	258	246	235	222	212	201	190	175	154	114	0	0	0.000	0.000	0	0	0	0	0	0	0	0	0	0	0	0.000	0.000	0	0	0	0	0	0	0	0	0	0	0	0	0
228	228	1476	828.667	1283.579	146	338	627	318	17	113	402	621	218	84	456.331	9398	591	281	234	219	205	195	184	169	148	108	214.704	2286	241	188	179	171	163	156	149	142	131	102	1	64	829.946	1291.733	0	0	0	4235	0	0	1075	0	0	1	58	829.929	1291.208	0	0	0	4689	0	0	1203	0	0	0	0	0	0
229	229	1595	708.199	1284.294	199	541	458	297	78	186	684	447	182	66	111.113	124	116	115	113	112	111	110	109	108	106	99	142.660	175	160	155	151	147	143	139	135	131	126	111	0	0	0.000	0.000	0	0	0	0	0	0	0	0	0	0	0	0.000	0.000	0	0	0	0	0	0	0	0	0	0	0	0	0
230	230	960	1116.470	1284.965	193	266	279	163	44	227	360	298	55	8	115.484	137	125	122	119	117	115	113	111	109	107	98	119.733	144	132	128	124	121	118	116	114	112	110	103	0	0	0.000	0.000	0	0	0	0	0	0	0	0	0	0	0	0.000	0.000	0	0	0	0	0	0	0	0	0	0	0	0	0
231	231	1259	669.189	1315.667	190	366	404	248	32	183	459	447	133	19	114.258	132	121	119	117	116	114	113	111	109	107	100	148.339	184	168	162	158	154	151	147	142	134	124	103	0	0	0.000	0.000	0	0	0	0	0	0	0	0	0	0	0	0.000	0.000	0	0	0	0	0	0	0	0	0	0	0	0	0
232	232	1746	1009.043	1327.946	364	861	440	30	18	432	949	296	35	11	641.610	13693	777	367	293	269	254	240	229	216	188	128	215.637	2274	245	184	170	163	157	152	147	141	132	109	1	89	1010.610	1332.766	0	0	0	5717	0	0	978	0	0	1	82	1010.477	1333.055	0	0	0	6364	0	0	1070	0	0	0	0	0	0
233	233	581	807.491	1320.046	86	169	212	97	9	87	145	164	133	45	154.348	183	169	165	162	159	156	153	150	146	137	114	144.836	167	157	154	151	149	147	144	141	135	130	116	0	0	0.000	0.000	0	0	0	0	0	0	0	0	0	0	0	0.000	0.000	0	0	0	0	0	0	0	0	0	0	0	0	0
234	234	1088	721.218	1327.212	141	316	390	190	37	147	444	330	137	14	255.698	340	309	298	289	278	265	252	238	215	182	122	149.062	186	168	162	158	154	150	147	142	136	127	110	0	0	0.000	0.000	0	0	0	0	0	0	0	0	0	0	0	0.000	0.000	0	0	0	0	0	0	0	0	0	0	0	0	0
235	235	1810	852.160	1330.093	278	746	511	208	24	262	855	437	180	33	219.036	2628	250	211	193	182	176	168	161	151	138	105	167.497	866	197	179	167	159	154	149	144	139	132	109	1	52	856.662	1322.355	0	0	0	1189	0	0	369	0	0	1	39	857.530	1322.582	0	0	0	1380	0	0	511	0	0	0	0	0	0
236	236	716	1899.848	1327.907	87	277	233	96	6	81	249	283	74	17	261.473	363	316	301	292	284	275	260	243	213	186	137	158.859	203	186	182	179	174	169	160	145	128	114	100	0	0	0.000	0.000	0	0	0	0	0	0	0	0	0	0	0	0.000	0.000	0	0	0	0	0	0	0	0	0	0	0	0	0
237	237	1331	1566.602	1333.191	882	283	109	30	14	866	306	109	23	12	275.778	4706	355	206	185	174	166	157	147	138	128	105	251.974	2326	304	261	238	219	204	190	177	163	146	104	1	59	1566.481	1323.612	0	0	0	1763	0	0	962	0	0	1	42	1566.168	1322.774	0	0	0	1813	0	0	1168	0	0	0	0	0	0
238	238	2664	1197.099	1353.092	547	910	916	240	15	518	1190	719	160	24	114.483	134	122	120	118	116	115	113	111	109	107	96	420.178	653	590	548	505	468	444	408	357	296	204	119	0	0	0.000	0.000	0	0	0	0	0	0	0	0	0	0	0	0.000	0.000	0	0	0	0	0	0	0	0	0	0	0	0	0
239	239	1793	1837.961	1343.997	297	571	564	291	32	229	583	587	297	65	250.740	373	326	301	281	263	250	236	222	203	176	123	162.767	226	199	188	177	170	163	157	149	140	123	102	0	0	0.000	0.000	0	0	0	0	0	0	0	0	0	0	0	0.000	0.000	0	0	0	0	0	0	0	0	0	0	0	0	0
240	240	1199	934.117	1353.279	186	458	362	144	23	156	465	364	145	56	153.927	200	173	167	162	158	155	152	148	142	132	107	161.440	200	184	176	170	166	162	158	154	148	138	113	0	0	0.000	0.000	0	0	0	0	0	0	0	0	0	0	0	0.000	0.000	0	0	0	0	0	0	0	0	0	0	0	0	0
241	241	1076	258.404	1358.888	587	257	155	47	16	591	349	95	17	8	151.403	201	183	176	170	164	157	146	134	123	113	100	300.592	470	414	393	375	356	330	286	235	186	150	114	0	0	0.000	0.000	0	0	0	0	0	0	0	0	0	0	0	0.000	0.000	0	0	0	0	0	0	0	0	0	0	0	0	0
242	242	1795	888.810	1373.607	170	512	609	376	93	187	690	590	253	37	323.962	6577	355	217	197	186	179	172	165	158	149	115	187.238	786	216	198	189	181	174	167	161	154	146	113	1	70	897.320	1364.925	0	0	0	2722	0	0	420	0	0	1	45	896.800	1364.612	0	0	0	3739	0	0	527	0	0	0	0	0	0
243	243	531	83.481	1365.795	17	146	196	125	33	55	107	214	131	14	296.072	376	347	336	326	316	309	299	287	261	217	151	113.927	126	120	118	116	115	114	113	112	110	109	101	0	0	0.000	0.000	0	0	0	0	0	0	0	0	0	0	0	0.000	0.000	0	0	0	0	0	0	0	0	0	0	0	0	0
244	244	1230	832.993	1375.717	206	294	360	264	82	187	471	352	160	39	177.785	233	213	201	193	184	177	170	164	156	145	112	174.898	229	208	197	189	183	176	168	160	152	143	116	0	0	0.000	0.000	0	0	0	0	0	0	0	0	0	0	0	0.000	0.000	0	0	0	0	0	0	0	0	0	0	0	0	0
245	245	1075	588.177	1390.536	154	323	402	138	38	172	467	319	81	22	174.000	227	202	192	184	179	175	171	165	157	144	115	164.663	209	191	184	178	172	165	158	153	146	137	114	0	0	0.000	0.000	0	0	0	0	0	0	0	0	0	0	0	0.000	0.000	0	0	0	0	0	0	0	0	0	0	0	0	0
246	246	2105	783.182	1416.919	235	621	837	320	42	206	1017	631	175	27	523.670	9383	583	346	304	281	261	245	227	202	171	115	155.876	1063	167	144	138	134	130	126	123	120	116	101	1	109	775.867	1417.415	0	0	0	4259	0	0	539	0	0	1	103	776.521	1417.369	0	0	0	4587	0	0	547	0	0	0	0	0	0
247	247	1808	861.621	1422.039	365	796	486	126	11	250	887	499	133	10	496.312	12809	542	246	211	197	187	178	170	162	151	116	211.716	1448	230	211	200	190	183	175	170	163	153	112	1	74	873.290	1426.294	0	0	0	5755	0	0	782	0	0	1	64	873.649	1425.600	0	0	0	5755	0	0	831	0	0	0	0	0	0
248	248	1613	708.218	1427.242	296	708	517	55	9	279	844	358	89	5	203.689	2936	207	191	183	177	172	166	160	153	141	111	204.329	505	247	236	224	213	202	192	182	173	156	113	1	26	704.453	1445.012	0	0	0	1623	0	0	360	0	0	0	0	0.000	0.000	0	0	0	0	0	0	0	0	0	0	0	0	0
249	249	1863	1106.490	1437.440	356	411	580	396	85	238	389	643	428	125	1282.196	2017	1676	1579	1511	1447	1366	1262	1143	974	696	299	186.856	260	228	217	206	197	188	179	169	158	142	113	0	0	0.000	0.000	0	0	0	0	0	0	0	0	0	0	0	0.000	0.000	0	0	0	0	0	0	0	0	0	0	0	0	0
250	250	977	1232.068	1429.343	381	418	136	17	8	406	451	84	12	6	121.456	169	142	132	126	122	119	116	113	109	106	96	215.663	421	324	263	234	217	201	188	174	160	141	111	0	0	0.000	0.000	0	0	0	0	0	0	0	0	0	0	0	0.000	0.000	0	0	0	0	0	0	0	0	0	0	0	0	0
251	251	2705	1284.666	1451.509	855	1148	553	90	14	804	1145	573	125	14	117.292	151	131	126	122	120	116	113	110	108	105	98	336.366	555	460	432	408	378	349	314	280	240	181	113	0	0	0.000	0.000	0	0	0	0	0	0	0	0	0	0	0	0.000	0.000	0	0	0	0	0	0	0	0	0	0	0	0	0
252	252	547	761.108	1461.369	61	135	210	99	33	42	85	225	144	36	201.333	253	233	221	212	205	201	196	191	185	174	138	129.055	150	138	135	133	131	129	127	125	123	119	110	0	0	0.000	0.000	0	0	0	0	0	0	0	0	0	0	0	0.000	0.000	0	0	0	0	0	0	0	0	0	0	0	0	0
253	253	1014	312.134	1498.591	133	308	367	168	22	111	394	323	147	19	139.591	172	157	152	149	145	141	137	133	128	119	103	147.046	181	166	161	158	154	149	144	139	132	125	103	0	0	0.000	0.000	0	0	0	0	0	0	0	0	0	0	0	0.000	0.000	0	0	0	0	0	0	0	0	0	0	0	0	0
254	254	2303	261.406	1506.653	509	1071	548	103	25	615	1263	328	38	12	110.295	132	117	114	113	111	110	109	107	106	104	98	157.080	214	187	177	170	164	159	152	145	137	124	103	0	0	0.000	0.000	0	0	0	0	0	0	0	0	0	0	0	0.000	0.000	0	0	0	0	0	0	0	0	0	0	0	0	0
255	255	2141	1890.877	1508.525	503	673	657	228	36	502	1006	440	141	26	2320.384	3634	3269	3125	2950	2794	2571	2274	1896	1433	960	342	240.731	339	307	297	286	270	251	231	208	180	152	113	0	0	0.000	0.000	0	0	0	0	0	0	0	0	0	0	0	0.000	0.000	0	0	0	0	0	0	0	0	0	0	0	0	0
256	256	890	164.292	1519.885	285	288	225	69	10	205	220	218	163	69	117.684	140	126	123	121	119	118	116	114	112	109	99	261.064	367	322	300	287	276	266	252	240	223	197	135	0	0	0.000	0.000	0	0	0	0	0	0	0	0	0	0	0	0.000	0.000	0	0	0	0	0	0	0	0	0	0	0	0	0
257	257	1632	996.466	1540.421	241	379	618	328	36	156	500	647	216	88	224.789	325	276	257	246	237	227	218	206	191	168	123	147.382	182	166	160	155	151	148	144	140	135	129	111	0	0	0.000	0.000	0	0	0	0	0	0	0	0	0	0	0	0.000	0.000	0	0	0	0	0	0	0	0	0	0	0	0	0
258	258	1956	938.888	1553.091	255	825	683	139	13	174	1040	533	153	13	423.594	10156	395	275	248	234	225	219	212	201	180	129	181.432	1698	188	164	157	153	150	147	144	140	134	113	1	70	927.291	1548.118	0	0	0	4780	0	0	808	0	0	1	67	927.771	1547.660	0	0	0	3847	0	0	828	0	0	0	0	0	0
259	259	1820	225.436	1551.830	249	512	593	368	72	174	650	643	250	63	111.341	125	117	115	114	112	111	110	109	108	106	100	169.156	229	200	192	183	175	169	163	156	150	139	109	0	0	0.000	0.000	0	0	0	0	0	0	0	0	0	0	0	0.000	0.000	0	0	0	0	0	0	0	0	0	0	0	0	0
260	260	1471	1320.034	1562.388	284	465	538	146	15	188	590	511	124	29	221.006	3020	243	196	183	176	170	164	158	152	140	113	154.993	561	180	167	158	152	147	142	137	133	126	105	1	39	1323.008	1572.887	0	0	0	1394	0	0	346	0	0	1	35	1322.352	1573.469	0	0	0	1141	0	0	374	0	0	0	0	0	0
261	261	2116	581.271	1571.711	271	640	572	473	118	240	974	582	237	39	117.483	132	123	122	120	119	118	117	115	113	111	103	361.690	533	464	429	405	384	368	347	326	298	254	148	0	0	0.000	0.000	0	0	0	0	0	0	0	0	0	0	0	0.000	0.000	0	0	0	0	0	0	0	0	0	0	0	0	0
262	262	2295	1090.137	1575.865	384	787	691	372	23	256	865	784	299	50	2465.430	22748	3136	2389	2148	1968	1789	1631	1374	1055	729	246	238.559	2138	286	202	189	179	170	162	152	139	124	102	1	128	1095.272	1573.849	0	0	0	13860	0	0	1174	0	0	1	149	1096.264	1573.615	0	0	0	12178	0	0	1117	0	0	0	0	0	0
263	263	853	1272.488	1577.423	229	291	218	87	15	67	291	246	204	30	161.994	205	186	180	175	170	165	158	152	143	133	115	151.055	195	174	168	163	158	153	147	141	134	126	109	0	0	0.000	0.000	0	0	0	0	0	0	0	0	0	0	0	0.000	0.000	0	0	0	0	0	0	0	0	0	0	0	0	0
264	264	1280	263.397	1582.723	81	321	440	309	105	78	270	580	223	95	111.644	127	118	116	114	113	112	110	109	108	106	97	107.165	119	111	110	108	108	107	106	105	105	103	98	0	0	0.000	0.000	0	0	0	0	0	0	0	0	0	0	0	0.000	0.000	0	0	0	0	0	0	0	0	0	0	0	0	0
265	265	1995	538.075	1608.980	203	542	738	395	70	183	740	723	244	63	1068.805	1902	1568	1430	1305	1208	1081	973	880	726	496	189	156.762	220	188	179	171	162	156	150	143	137	124	107	0	0	0.000	0.000	0	0	0	0	0	0	0	0	0	0	0	0.000	0.000	0	0	0	0	0	0	0	0	0	0	0	0	0
266	266	1731	1313.546	1612.692	271	728	561	142	5	205	666	592	177	63	565.560	13316	677	248	208	196	189	182	175	166	152	114	185.407	1018	206	186	179	172	165	157	150	141	132	107	1	84	1326.951	1611.352	0	0	0	6240	0	0	552	0	0	1	72	1327.117	1611.306	0	0	0	6805	0	0	621	0	0	0	0	0	0
267	267	1240	856.348	1614.355	158	356	391	244	65	113	334	451	231	81	178.864	226	200	194	190	186	182	178	172	165	153	112	329.272	439	396	380	365	353	340	328	310	282	243	132	0	0	0.000	0.000	0	0	0	0	0	0	0	0	0	0	0	0.000	0.000	0	0	0	0	0	0	0	0	0	0	0	0	0
268	268	1631	1128.550	1622.228	220	299	716	324	43	165	436	738	234	35	469.146	4519	576	524	487	455	425	395	358	314	233	111	124.503	326	138	129	125	123	120	118	115	112	109	101	1	34	1137.086	1628.916	0	0	0	2504	0	0	155	0	0	1	41	1137.939	1624.330	0	0	0	609	0	0	228	0	0	0	0	0	0
269	269	1970	232.765	1623.535	337	767	660	153	14	299	1036	479	121	7	111.384	126	118	116	114	113	111	110	109	107	104	98	106.628	117	110	109	108	107	106	106	105	104	103	99	0	0	0.000	0.000	0	0	0	0	0	0	0	0	0	0	0	0.000	0.000	0	0	0	0	0	0	0	0	0	0	0	0	0
270	270	2547	294.099	1630.845	550	874	731	295	47	488	1067	698	214	36	111.216	136	118	116	114	113	111	110	108	106	104	96	106.781	121	111	109	108	107	106	106	105	104	103	97	0	0	0.000	0.000	0	0	0	0	0	0	0	0	0	0	0	0.000	0.000	0	0	0	0	0	0	0	0	0	0	0	0	0
271	271	2474	1261.802	1634.674	467	765	878	310	12	377	875	853	265	64	1952.634	8879	2567	2371	2245	2123	1977	1788	1549	1285	905	322	194.686	1010	223	209	201	193	185	175	163	150	134	108	1	34	1257.816	1635.293	0	0	0	7540	0	0	633	0	0	1	63	1259.480	1635.644	0	0	0	5853	0	0	669	0	0	0	0	0	0
272	272	1944	1640.452	1631.264	1355	440	71	42	13	1062	612	145	49	33	430.769	724	630	567	524	467	426	391	357	303	225	113	108.378	122	114	111	110	109	108	107	106	105	104	99	0	0	0.000	0.000	0	0	0	0	0	0	0	0	0	0	0	0.000	0.000	0	0	0	0	0	0	0	0	0	0	0	0	0
273	273	1238	584.689	1629.783	148	336	445	230	60	95	475	454	157	35	116.590	132	123	121	119	118	117	116	114	112	110	103	336.549	474	430	409	391	370	353	329	307	272	210	129	0	0	0.000	0.000	0	0	0	0	0	0	0	0	0	0	0	0.000	0.000	0	0	0	0	0	0	0	0	0	0	0	0	0
274	274	1853	1013.494	1630.406	308	658	572	233	47	265	799	530	169	46	131.500	179	150	141	136	132	130	127	124	121	117	104	753.181	1235	1060	1009	958	879	799	705	610	506	344	146	0	0	0.000	0.000	0	0	0	0	0	0	0	0	0	0	0	0.000	0.000	0	0	0	0	0	0	0	0	0	0	0	0	0
275	275	1072	122.603	1630.717	157	312	338	194	48	139	414	325	143	25	193.424	255	232	224	216	209	201	193	180	165	136	104	106.729	120	111	109	108	107	106	106	105	104	103	98	0	0	0.000	0.000	0	0	0	0	0	0	0	0	0	0	0	0.000	0.000	0	0	0	0	0	0	0	0	0	0	0	0	0
276	276	1829	1065.377	1639.769	164	370	814	402	39	99	412	915	311	59	1644.711	7999	2225	1994	1842	1715	1591	1443	1303	1171	890	292	174.564	678	208	191	180	171	163	157	151	145	136	105	1	24	1072.155	1627.134	0	0	0	6048	0	0	569	0	0	1	43	1072.006	1626.059	0	0	0	3939	0	0	453	0	0	0	0	0	0
277	277	518	1854.304	1634.253	217	135	95	49	12	162	160	125	48	15	127.600	179	147	140	135	131	127	122	117	113	110	101	181.454	300	240	221	208	197	185	166	148	133	121	108	0	0	0.000	0.000	0	0	0	0	0	0	0	0	0	0	0	0.000	0.000	0	0	0	0	0	0	0	0	0	0	0	0	0
278	278	2147	831.328	1657.024	559	845	579	118	16	407	942	512	214	17	384.314	556	480	459	442	426	404	373	345	316	263	122	921.540	1449	1218	1156	1104	1042	953	871	798	723	546	196	0	0	0.000	0.000	0	0	0	0	0	0	0	0	0	0	0	0.000	0.000	0	0	0	0	0	0	0	0	0	0	0	0	0
279	279	1601	1892.587	1665.051	188	531	516	286	55	137	511	564	257	106	112.310	127	118	116	115	114	112	111	110	108	106	98	175.478	227	206	198	190	183	178	172	165	154	140	109	0	0	0.000	0.000	0	0	0	0	0	0	0	0	0	0	0	0.000	0.000	0	0	0	0	0	0	0	0	0	0	0	0	0
280	280	2048	526.527	1672.494	313	550	674	364	111	281	813	625	239	58	1320.615	2142	1804	1664	1553	1470	1386	1303	1176	974	693	218	155.605	202	178	171	166	162	158	153	148	140	128	105	0	0	0.000	0.000	0	0	0	0	0	0	0	0	0	0	0	0.000	0.000	0	0	0	0	0	0	0	0	0	0	0	0	0
281	281	1767	1135.862	1668.924	143	421	743	361	66	157	651	644	205	59	1179.117	17521	1868	806	605	521	474	426	384	340	261	129	182.531	1441	247	156	139	131	125	121	118	114	110	102	1	125	1134.002	1664.738	0	0	0	8207	0	0	408	0	0	1	139	1134.512	1662.762	0	0	0	3105	0	0	701	0	0	0	0	0	0
282	282	1847	580.085	1698.032	379	533	571	291	38	290	684	549	200	88	1513.290	2581	2130	1985	1852	1740	1625	1458	1271	1012	697	290	163.023	218	191	183	178	172	166	160	151	141	130	109	0	0	0.000	0.000	0	0	0	0	0	0	0	0	0	0	0	0.000	0.000	0	0	0	0	0	0	0	0	0	0	0	0	0
283	283	2260	129.660	1714.251	572	837	661	144	13	593	881	550	163	32	371.214	720	546	498	460	414	374	331	294	247	162	113	114.704	138	126	122	119	116	114	112	110	107	104	98	0	0	0.000	0.000	0	0	0	0	0	0	0	0	0	0	0	0.000	0.000	0	0	0	0	0	0	0	0	0	0	0	0	0
284	284	1366	846.286	1708.369	389	518	329	98	10	336	421	421	141	27	119.702	146	129	126	123	121	119	117	116	113	110	100	203.466	321	270	253	233	213	197	185	175	163	140	107	0	0	0.000	0.000	0	0	0	0	0	0	0	0	0	0	0	0.000	0.000	0	0	0	0	0	0	0	0	0	0	0	0	0
285	285	2195	470.142	1724.061	352	723	698	342	42	288	910	624	258	66	621.921	1021	902	859	813	742	647	549	465	385	283	150	187.105	264	239	230	220	205	189	173	157	143	133	105	0	0	0.000	0.000	0	0	0	0	0	0	0	0	0	0	0	0.000	0.000	0	0	0	0	0	0	0	0	0	0	0	0	0
286	286	732	1135.608	1716.969	137	255	220	92	15	65	164	282	141	66	314.682	495	443	408	378	351	322	294	259	218	175	120	119.773	144	134	130	127	124	120	116	112	109	106	101	0	0	0.000	0.000	0	0	0	0	0	0	0	0	0	0	0	0.000	0.000	0	0	0	0	0	0	0	0	0	0	0	0	0
287	287	1699	1387.101	1767.175	335	516	498	292	29	217	551	536	283	75	510.139	839	676	642	613	584	536	486	436	378	293	147	113.059	133	121	119	116	114	112	111	109	108	106	100	0	0	0.000	0.000	0	0	0	0	0	0	0	0	0	0	0	0.000	0.000	0	0	0	0	0	0	0	0	0	0	0	0	0
288	288	1978	439.783	1779.414	553	585	530	256	19	493	815	400	201	35	816.887	9621	1115	901	815	734	655	583	495	398	230	109	263.494	3537	319	243	224	208	193	177	162	148	124	103	1	60	441.833	1788.047	0	0	0	5535	0	0	1862	0	0	1	73	441.980	1788.258	0	0	0	4594	0	0	1611	0	0	0	0	0	0
289	289	1459	1580.738	1774.116	299	601	368	123	37	294	619	408	100	14	1120.630	18065	2316	550	323	256	230	214	196	181	157	109	289.541	1739	421	281	257	241	223	206	191	178	153	112	1	127	1589.101	1776.028	0	0	0	7991	0	0	919	0	0	1	103	1589.126	1775.719	0	0	0	9943	0	0	1067	0	0	0	0	0	0
290	290	1357	1615.471	1776.317	689	357	155	121	25	691	342	153	131	27	127.639	395	161	139	129	121	116	111	108	106	104	99	123.640	239	147	136	129	123	118	114	110	108	106	98	0	0	0.000	0.000	0	0	0	0	0	0	0	0	0	0	0	0.000	0.000	0	0	0	0	0	0	0	0	0	0	0	0	0
291	291	1179	1749.891	1779.167	148	388	396	198	28	93	408	451	161	43	112.103	127	118	116	114	113	112	111	110	108	106	98	132.276	162	147	143	140	136	133	129	125	121	117	105	0	0	0.000	0.000	0	0	0	0	0	0	0	0	0	0	0	0.000	0.000	0	0	0	0	0	0	0	0	0	0	0	0	0
292	292	1259	158.968	1784.799	136	351	424	264	56	87	323	538	212	83	131.884	163	148	143	139	136	132	128	125	121	115	102	178.968	244	220	207	198	188	178	169	161	152	139	110	0	0	0.000	0.000	0	0	0	0	0	0	0	0	0	0	0	0.000	0.000	0	0	0	0	0	0	0	0	0	0	0	0	0
293	293	2177	1309.137	1786.067	1312	629	161	45	14	1107	592	282	124	40	134.542	178	154	146	143	139	136	132	128	120	111	98	119.745	153	130	127	124	122	120	118	115	112	109	101	0	0	0.000	0.000	0	0	0	0	0	0	0	0	0	0	0	0.000	0.000	0	0	0	0	0	0	0	0	0	0	0	0	0
294	294	1911	1712.319	1811.511	287	577	520	390	100	214	736	554	260	94	112.014	131	118	116	114	113	112	111	110	108	106	100	132.759	158	145	142	139	137	134	132	128	123	118	103	0	0	0.000	0.000	0	0	0	0	0	0	0	0	0	0	0	0.000	0.000	0	0	0	0	0	0	0	0	0	0	0	0	0
295	295	1906	1081.333	1817.770	332	638	652	226	19	253	694	613	262	34	460.940	6093	525	417	384	366	347	326	298	265	213	116	146.484	855	155	142	137	134	132	129	126	122	116	104	1	67	1081.826	1826.132	0	0	0	3151	0	0	401	0	0	1	62	1082.437	1826.405	0	0	0	3321	0	0	482	0	0	0	0	0	0
296	296	2469	1877.306	1855.664	669	988	647	121	14	489	923	701	267	53	264.572	375	342	326	309	292	271	251	232	209	170	110	448.188	779	626	587	550	505	454	401	360	313	248	134	0	0	0.000	0.000	0	0	0	0	0	0	0	0	0	0	0	0.000	0.000	0	0	0	0	0	0	0	0	0	0	0	0	0
297	297	1700	1359.886	1862.166	362	524	521	245	24	223	639	537	216	56	353.764	2142	440	407	383	366	351	332	305	263	213	135	142.128	423	157	151	147	143	139	136	132	127	120	104	1	20	1361.222	1878.690	0	0	0	1306	0	0	247	0	0	1	27	1362.126	1877.679	0	0	0	830	0	0	303	0	0	0	0	0	0
298	298	2456	437.376	1875.149	357	712	873	408	45	261	1016	807	258	57	415.070	9797	456	301	261	239	222	205	189	171	151	102	366.340	1339	502	460	422	390	360	325	286	244	197	118	1	77	436.361	1869.387	0	0	0	4645	0	0	759	0	0	1	32	438.100	1869.475	0	0	0	5485	0	0	1160	0	0	0	0	0	0
299	299	1488	936.374	1864.853	250	519	463	198	19	201	572	506	158	22	952.100	14348	1409	626	524	471	435	409	387	343	265	153	237.002	2451	324	188	166	155	149	145	141	136	129	110	1	92	930.097	1861.944	0	0	0	7397	0	0	1183	0	0	1	95	929.964	1861.909	0	0	0	6870	0	0	1160	0	0	0	0	0	0
300	300	1906	1697.466	1874.542	161	466	750	421	82	136	650	726	276	65	117.977	134	125	123	121	120	118	117	115	113	111	102	136.757	177	153	148	142	138	136	133	130	127	122	106	0	0	0.000	0.000	0	0	0	0	0	0	0	0	0	0	0	0.000	0.000	0	0	0	0	0	0	0	0	0	0	0	0	0
301	301	1981	487.998	1886.384	234	544	653	453	53	217	727	651	280	72	385.434	600	510	475	448	422	398	373	340	292	236	118	138.443	175	157	151	146	143	139	135	131	126	119	101	0	0	0.000	0.000	0	0	0	0	0	0	0	0	0	0	0	0.000	0.000	0	0	0	0	0	0	0	0	0	0	0	0	0
302	302	1426	128.078	1887.215	277	418	470	212	22	215	486	422	194	77	114.239	132	122	120	118	116	115	113	111	108	105	99	122.446	155	136	132	129	126	123	121	117	112	106	99	0	0	0.000	0.000	0	0	0	0	0	0	0	0	0	0	0	0.000	0.000	0	0	0	0	0	0	0	0	0	0	0	0	0
303	303	2930	1828.150	1903.154	985	854	793	215	34	849	818	814	340	62	708.069	17970	717	332	272	251	238	223	211	195	170	120	377.597	8332	417	208	182	169	162	155	149	142	131	103	1	129	1833.873	1910.094	0	0	0	7999	0	0	3705	0	0	1	132	1833.694	1909.515	0	0	0	7922	0	0	3626	0	0	0	0	0	0
304	304	1338	984.019	1889.247	303	445	341	179	40	320	666	268	49	10	407.095	588	527	502	480	457	427	400	360	309	244	150	142.313	176	160	155	151	147	144	140	136	130	122	102	0	0	0.000	0.000	0	0	0	0	0	0	0	0	0	0	0	0.000	0.000	0	0	0	0	0	0	0	0	0	0	0	0	0
305	305	3921	1527.806	1908.625	3044	459	222	151	33	2891	434	280	183	104	118.464	150	130	126	122	119	117	115	113	112	109	101	108.867	122	114	112	111	110	109	108	107	106	104	97	0	0	0.000	0.000	0	0	0	0	0	0	0	0	0	0	0	0.000	0.000	0	0	0	0	0	0	0	0	0	0	0	0	0
306	306	3168	1904.377	1915.202	666	1045	919	398	82	522	1082	1065	376	70	1694.380	21097	3499	711	467	381	336	293	259	227	191	124	639.928	4390	924	621	556	497	457	420	376	319	251	139	1	383	1902.747	1911.046	0	0	0	10628	0	0	1956	0	0	1	264	1902.544	1910.509	0	0	0	15352	0	0	2709	0	0	0	0	0	0
307	307	2006	895.396	1922.715	428	812	550	159	14	371	968	474	108	33	272.759	2653	343	251	230	216	205	195	186	174	156	116	258.509	513	316	301	287	274	260	248	234	218	184	123	1	88	891.415	1920.310	0	0	0	1326	0	0	368	0	0	0	0	0.000	0.000	0	0	0	0	0	0	0	0	0	0	0	0	0
308	308	2106	1165.103	1924.311	611	667	528	225	35	522	905	479	151	20	114.634	133	123	120	119	117	115	113	111	108	106	98	119.439	150	131	126	123	121	119	117	115	112	110	100	0	0	0.000	0.000	0	0	0	0	0	0	0	0	0	0	0	0.000	0.000	0	0	0	0	0	0	0	0	0	0	0	0	0
309	309	2616	405.625	1941.657	402	796	858	476	42	354	1332	675	213	11	240.234	358	304	284	269	259	248	235	216	192	164	115	402.678	603	538	502	480	457	428	392	343	288	233	132	0	0	0.000	0.000	0	0	0	0	0	0	0	0	0	0	0	0.000	0.000	0	0	0	0	0	0	0	0	0	0	0	0	0
310	310	1435	1365.440	1938.710	152	417	560	250	27	114	540	562	177	25	466.505	753	624	578	537	505	476	443	399	356	299	143	159.175	210	184	176	171	166	161	156	148	140	131	110	0	0	0.000	0.000	0	0	0	0	0	0	0	0	0	0	0	0.000	0.000	0	0	0	0	0	0	0	0	0	0	0	0	0
311	311	1139	249.129	1931.080	175	324	370	199	37	129	337	378	202	72	343.746	548	461	433	396	371	349	329	299	266	213	137	104.301	118	108	106	105	105	104	103	103	102	101	97	0	0	0.000	0.000	0	0	0	0	0	0	0	0	0	0	0	0.000	0.000	0	0	0	0	0	0	0	0	0	0	0	0	0
312	312	1475	464.904	1935.915	210	351	426	363	97	227	622	365	221	28	357.412	499	445	425	410	394	377	355	331	288	236	133	138.549	172	156	151	147	144	141	137	132	126	118	102	0	0	0.000	0.000	0	0	0	0	0	0	0	0	0	0	0	0.000	0.000	0	0	0	0	0	0	0	0	0	0	0	0	0
313	313	1928	298.658	1938.713	240	545	555	444	113	219	779	539	267	85	382.667	614	528	483	441	402	375	353	337	301	238	118	104.327	115	108	106	106	105	104	103	103	102	101	93	0	0	0.000	0.000	0	0	0	0	0	0	0	0	0	0	0	0.000	0.000	0	0	0	0	0	0	0	0	0	0	0	0	0
314	314	2101	807.234	1942.589	412	691	566	352	42	329	818	578	269	69	274.009	6283	285	205	184	171	160	152	145	137	128	105	166.574	968	196	178	167	159	152	145	136	129	122	104	1	63	804.444	1952.604	0	0	0	2637	0	0	397	0	0	1	52	805.611	1952.467	0	0	0	2771	0	0	585	0	0	0	0	0	0
315	315	1818	1796.409	1945.224	206	542	648	347	43	260	783	523	189	25	310.487	4531	300	261	251	242	234	224	212	198	171	116	119.828	359	127	123	120	118	116	114	112	110	107	99	1	62	1782.901	1925.918	0	0	0	2096	0	0	215	0	0	1	51	1783.141	1925.432	0	0	0	2247	0	0	228	0	0	0	0	0	0
316	316	1665	648.716	1954.199	274	493	498	304	61	295	715	445	152	24	588.567	11054	698	380	326	297	273	254	233	200	163	113	183.735	2112	207	143	135	130	126	122	119	115	111	100	1	82	641.224	1947.319	0	0	0	5290	0	0	987	0	0	1	80	641.551	1947.287	0	0	0	5443	0	0	1021	0	0	0	0	0	0
317	317	1864	112.011	1956.394	350	580	506	347	39	292	789	472	212	54	105.832	119	110	108	107	107	106	105	104	103	102	97	116.826	140	126	123	121	119	117	115	113	110	107	99	0	0	0.000	0.000	0	0	0	0	0	0	0	0	0	0	0	0.000	0.000	0	0	0	0	0	0	0	0	0	0	0	0	0
318	318	1114	857.099	1955.692	94	307	367	247	74	61	286	485	179	74	151.372	193	175	167	161	156	152	147	142	137	129	107	154.779	205	180	173	167	161	156	150	144	138	128	104	0	0	0.000	0.000	0	0	0	0	0	0	0	0	0	0	0	0.000	0.000	0	0	0	0	0	0	0	0	0	0	0	0	0
319	319	541	1483.692	1952.018	67	174	187	89	16	13	80	171	196	66	127.177	143	135	133	131	129	127	126	124	121	119	111	129.031	146	139	136	134	133	130	127	125	121	118	105	0	0	0.000	0.000	0	0	0	0	0	0	0	0	0	0	0	0.000	0.000	0	0	0	0	0	0	0	0	0	0	0	0	0
320	320	2149	1878.252	1967.262	748	637	517	189	25	671	611	567	226	37	1347.100	22484	2611	483	259	205	180	165	152	141	131	107	319.296	3313	505	254	212	191	180	166	152	140	130	109	1	204	1871.469	1961.714	0	0	0	10006	0	0	1390	0	0	1	169	1871.570	1961.474	0	0	0	12335	0	0	1656	0	0	0	0	0	0
321	321	726	1089.464	1962.836	84	182	212	174	57	72	154	288	160	33	132.503	153	144	141	139	136	134	131	128	124	118	104	109.884	121	114	113	112	111	110	109	108	107	106	100	0	0	0.000	0.000	0	0	0	0	0	0	0	0	0	0	0	0.000	0.000	0	0	0	0	0	0	0	0	0	0	0	0	0
322	322	1162	964.593	1975.433	429	457	214	27	15	386	479	221	34	22	162.378	2423	166	158	153	149	145	142	138	133	127	103	314.258	452	406	382	365	344	322	292	267	248	222	128	0	0	0.000	0.000	0	0	0	0	0	0	0	0	0	0	0	0.000	0.000	0	0	0	0	0	0	0	0	0	0	0	0	0
323	323	867	70.804	1979.295	180	207	270	157	31	130	193	223	252	48	105.254	115	109	108	107	106	105	104	104	103	101	97	111.439	132	120	117	115	113	111	110	108	106	104	98	0	0	0.000	0.000	0	0	0	0	0	0	0	0	0	0	0	0.000	0.000	0	0	0	0	0	0	0	0	0	0	0	0	0
324	324	878	1752.754	1982.445	180	349	230	84	11	87	323	290	138	17	204.809	269	245	233	226	219	211	203	192	178	153	115	121.584	140	132	129	126	124	122	120	117	114	111	103	0	0	0.000	0.000	0	0	0	0	0	0	0	0	0	0	0	0.000	0.000	0	0	0	0	0	0	0	0	0	0	0	0	0
