 	cell	area	x	y	BFI_lev_b1	BFI_lev_b2	BFI_lev_b3	BFI_lev_b4	BFI_lev_b5	BFO_lev_b1	BFO_lev_b2	BFO_lev_b3	BFO_lev_b4	BFO_lev_b5	GFP_int_mean	GFP_int_b0	GFP_int_b1	GFP_int_b2	GFP_int_b3	GFP_int_b4	GFP_int_b5	GFP_int_b6	GFP_int_b7	GFP_int_b8	GFP_int_b9	GFP_int_b10	RFP_int_mean	RFP_int_b0	RFP_int_b1	RFP_int_b2	RFP_int_b3	RFP_int_b4	RFP_int_b5	RFP_int_b6	RFP_int_b7	RFP_int_b8	RFP_int_b9	RFP_int_b10	inGFPnfoci	f1_inGFParea	f1_inGFPx	f1_inGFPy	f2_inGFParea	f2_inGFPx	f2_inGFPy	f1_inGFP_toGFPmed	f1_inGFP_toGFPmean	f2_inGFP_toGFPmed	f2_inGFP_toGFPmean	f1_inGFP_toRFPmed	f1_inGFP_toRFPmean	f2_inGFP_toRFPmed	f2_inGFP_toRFPmean	inRFPnfoci	f1_inRFParea	f1_inRFPx	f1_inRFPy	f2_inRFParea	f2_inRFPx	f2_inRFPy	f1_inRFP_toGFPmed	f1_inRFP_toGFPmean	f2_inRFP_toGFPmed	f2_inRFP_toGFPmean	f1_inRFP_toRFPmed	f1_inRFP_toRFPmean	f2_inRFP_toRFPmed	f2_inRFP_toRFPmean
1	1	889	1087.283	83.343	270	237	212	127	32	227	190	228	202	24	119.236	136	126	124	123	121	120	118	116	114	111	98	136.083	199	152	147	144	140	137	133	129	124	118	99	0	0	0.000	0.000	0	0	0	0	0	0	0	0	0	0	0	0	0	0.000	0.000	0	0	0	0	0	0	0	0	0	0	0
2	2	2121	714.808	94.743	370	530	799	331	49	244	603	840	295	93	113.726	132	122	119	117	116	114	112	111	108	105	100	210.602	290	261	251	242	232	220	207	192	170	137	100	0	0	0.000	0.000	0	0	0	0	0	0	0	0	0	0	0	0	0	0.000	0.000	0	0	0	0	0	0	0	0	0	0	0
3	3	1277	1919.439	97.989	316	435	360	138	10	152	310	449	233	109	106.832	119	112	110	109	108	107	106	105	104	102	92	194.186	270	247	234	223	209	195	183	168	155	140	108	0	0	0.000	0.000	0	0	0	0	0	0	0	0	0	0	0	0	0	0.000	0.000	0	0	0	0	0	0	0	0	0	0	0
4	4	1704	287.472	104.812	290	548	508	279	53	172	621	545	275	53	153.178	1838	160	137	132	128	125	122	119	116	112	100	247.588	641	303	279	265	253	244	233	223	211	187	116	1	46	296.077	110.364	0	0	0	835	0	0	0	369	0	0	0	0	0	0.000	0.000	0	0	0	0	0	0	0	0	0	0	0
5	5	1562	498.286	104.441	337	412	434	287	56	330	628	434	115	32	1600.549	22724	3324	825	472	364	321	292	263	226	181	105	231.890	2247	436	176	138	126	120	116	113	109	106	98	1	161	502.188	103.318	0	0	0	10569	0	0	0	942	0	0	0	1	148	502.614	102.966	0	0	0	11553	0	0	0	1048	0	0	0
6	6	2202	343.434	125.435	313	580	607	513	149	312	709	676	388	77	127.623	154	139	136	133	131	128	126	123	120	115	95	108.875	124	115	113	111	110	108	107	106	105	104	97	0	0	0.000	0.000	0	0	0	0	0	0	0	0	0	0	0	0	0	0.000	0.000	0	0	0	0	0	0	0	0	0	0	0
7	7	808	584.097	112.967	77	265	242	176	35	122	262	255	134	20	310.879	450	405	375	355	340	326	304	275	247	205	111	107.006	122	111	109	108	107	107	106	105	104	103	99	0	0	0.000	0.000	0	0	0	0	0	0	0	0	0	0	0	0	0	0.000	0.000	0	0	0	0	0	0	0	0	0	0	0
8	8	1774	1039.585	125.241	382	484	566	270	38	270	521	578	271	100	184.399	3528	188	144	136	131	128	124	121	118	113	103	153.849	616	178	164	157	150	145	141	136	130	118	100	1	48	1045.197	125.322	0	0	0	1467	0	0	0	333	0	0	0	1	43	1043.883	123.615	0	0	0	610	0	0	0	403	0	0	0
9	9	1638	468.478	149.665	621	637	274	66	10	560	743	249	48	12	474.889	12854	559	226	172	156	145	138	132	126	121	104	134.020	484	147	133	129	126	124	122	120	117	114	102	1	72	467.443	139.409	0	0	0	5577	0	0	0	294	0	0	0	1	69	467.443	139.253	0	0	0	5873	0	0	0	301	0	0	0
10	10	1201	1731.443	149.732	335	385	299	127	28	265	341	342	165	67	109.795	127	116	114	112	111	110	108	107	105	104	97	151.050	205	183	174	167	160	153	145	137	127	115	97	0	0	0.000	0.000	0	0	0	0	0	0	0	0	0	0	0	0	0	0.000	0.000	0	0	0	0	0	0	0	0	0	0	0
11	11	1554	296.069	158.391	255	574	462	212	15	159	459	557	261	93	127.449	150	140	136	134	131	128	125	122	118	114	102	107.503	122	113	111	109	108	107	106	105	104	103	98	0	0	0.000	0.000	0	0	0	0	0	0	0	0	0	0	0	0	0	0.000	0.000	0	0	0	0	0	0	0	0	0	0	0
12	12	1241	958.755	163.636	235	379	448	142	22	192	195	566	178	93	125.215	149	137	134	132	130	127	125	121	115	107	97	146.572	194	176	169	163	157	151	143	134	121	108	98	0	0	0.000	0.000	0	0	0	0	0	0	0	0	0	0	0	0	0	0.000	0.000	0	0	0	0	0	0	0	0	0	0	0
13	13	1271	1144.968	168.006	111	471	467	168	36	54	565	448	146	28	133.560	162	145	141	138	136	134	132	129	126	121	108	144.899	172	159	154	151	148	146	143	139	135	130	112	0	0	0.000	0.000	0	0	0	0	0	0	0	0	0	0	0	0	0	0.000	0.000	0	0	0	0	0	0	0	0	0	0	0
14	14	1906	1359.159	170.432	201	816	733	112	10	91	483	901	311	92	681.467	17265	627	178	151	144	139	135	130	125	119	102	168.944	1075	179	159	151	145	141	137	133	128	123	102	1	108	1376.866	168.626	0	0	0	7642	0	0	0	565	0	0	0	1	100	1376.708	167.990	0	0	0	7607	0	0	0	584	0	0	0
15	15	2115	1839.614	179.634	375	536	785	334	50	233	429	839	469	102	645.391	4578	857	789	733	681	634	586	512	408	275	118	133.498	480	151	141	136	131	127	124	120	116	110	96	1	31	1841.175	182.321	0	0	0	2708	0	0	0	348	0	0	0	1	50	1841.029	183.336	0	0	0	2237	0	0	0	298	0	0	0
16	16	1888	1001.289	187.478	257	563	711	304	27	193	555	735	302	54	790.585	17273	1025	285	198	165	150	140	133	126	119	104	213.802	1718	279	191	178	169	161	154	145	130	113	100	1	124	1000.092	189.949	0	0	0	7647	0	0	0	846	0	0	0	1	118	1000.314	188.987	0	0	0	6328	0	0	0	863	0	0	0
17	17	1242	779.871	181.771	226	387	382	187	43	115	313	329	342	115	285.498	413	354	331	315	305	293	279	262	240	206	128	105.955	127	112	109	107	106	105	104	104	103	102	96	0	0	0.000	0.000	0	0	0	0	0	0	0	0	0	0	0	0	0	0.000	0.000	0	0	0	0	0	0	0	0	0	0	0
18	18	2630	612.745	195.089	505	628	949	427	73	318	577	1180	391	131	214.601	3328	200	189	184	180	175	169	161	149	132	104	519.943	1263	701	663	626	581	542	506	458	366	255	118	1	71	595.148	194.055	0	0	0	1416	0	0	0	867	0	0	0	0	0	0.000	0.000	0	0	0	0	0	0	0	0	0	0	0
19	19	1721	387.250	195.892	325	549	481	276	60	255	726	465	205	37	130.052	1343	128	123	120	118	116	114	112	111	108	98	219.829	293	263	251	241	232	224	215	206	191	165	127	1	29	404.809	187.316	0	0	0	635	0	0	0	235	0	0	0	0	0	0.000	0.000	0	0	0	0	0	0	0	0	0	0	0
20	20	2754	161.287	201.461	559	1373	700	52	25	787	1452	423	28	20	1768.640	3302	2742	2353	2051	1880	1744	1646	1491	1201	798	271	110.946	140	122	116	113	111	109	108	107	105	104	98	0	0	0.000	0.000	0	0	0	0	0	0	0	0	0	0	0	0	0	0.000	0.000	0	0	0	0	0	0	0	0	0	0	0
21	21	1874	1396.532	203.530	343	620	622	219	33	261	706	637	206	30	164.601	2509	174	144	136	131	128	124	120	115	109	98	136.994	505	153	145	140	136	133	130	125	120	109	99	1	48	1406.028	200.267	0	0	0	1116	0	0	0	184	0	0	0	1	42	1406.801	196.527	0	0	0	254	0	0	0	323	0	0	0
22	22	2302	1240.215	202.277	267	731	862	331	48	155	528	951	502	111	258.858	6904	217	151	140	136	134	131	128	124	119	101	320.231	1157	392	366	350	332	314	299	278	255	219	126	1	74	1235.384	194.322	0	0	0	3055	0	0	0	718	0	0	0	1	25	1235.467	193.600	0	0	0	5035	0	0	0	964	0	0	0
23	23	2009	830.443	204.981	695	1037	201	23	20	748	1007	182	14	18	265.633	380	329	310	298	288	278	264	244	219	180	105	107.394	134	116	111	108	107	106	105	104	103	102	94	0	0	0.000	0.000	0	0	0	0	0	0	0	0	0	0	0	0	0	0.000	0.000	0	0	0	0	0	0	0	0	0	0	0
24	24	1925	730.873	204.284	240	656	597	347	49	173	681	700	260	71	201.044	4301	203	140	132	127	124	122	119	116	111	102	141.054	559	158	148	143	138	133	128	124	120	116	104	1	54	719.992	195.695	0	0	0	2032	0	0	0	229	0	0	0	1	50	721.261	196.512	0	0	0	1538	0	0	0	352	0	0	0
25	25	939	1323.263	209.520	188	294	325	92	23	103	353	314	131	27	119.064	142	128	126	123	121	120	118	115	112	108	101	130.698	156	145	142	138	136	132	129	125	119	113	102	0	0	0.000	0.000	0	0	0	0	0	0	0	0	0	0	0	0	0	0.000	0.000	0	0	0	0	0	0	0	0	0	0	0
26	26	1867	221.215	221.381	134	419	751	426	98	106	371	935	340	73	1464.563	2379	1990	1824	1739	1667	1559	1458	1309	1063	755	175	109.956	128	117	114	112	110	109	108	107	106	104	99	0	0	0.000	0.000	0	0	0	0	0	0	0	0	0	0	0	0	0	0.000	0.000	0	0	0	0	0	0	0	0	0	0	0
27	27	696	494.479	232.120	63	134	157	188	140	88	155	247	151	44	293.319	421	388	374	356	339	319	288	248	201	157	111	119.260	139	131	128	125	122	120	117	114	110	107	99	0	0	0.000	0.000	0	0	0	0	0	0	0	0	0	0	0	0	0	0.000	0.000	0	0	0	0	0	0	0	0	0	0	0
28	28	1092	369.005	238.219	190	432	368	62	14	93	420	384	157	24	110.842	123	117	115	113	112	111	110	108	107	105	98	195.723	266	239	230	222	213	204	195	178	159	136	103	0	0	0.000	0.000	0	0	0	0	0	0	0	0	0	0	0	0	0	0.000	0.000	0	0	0	0	0	0	0	0	0	0	0
29	29	808	753.411	243.764	202	216	229	137	11	104	201	291	148	41	115.783	129	123	121	119	118	116	115	113	111	107	99	126.090	155	142	139	136	133	129	125	117	110	106	99	0	0	0.000	0.000	0	0	0	0	0	0	0	0	0	0	0	0	0	0.000	0.000	0	0	0	0	0	0	0	0	0	0	0
30	30	1697	128.384	251.903	439	682	445	82	17	260	666	443	235	49	880.334	16710	1300	416	293	245	215	200	185	169	150	109	150.179	965	189	129	123	119	116	113	111	109	107	100	1	117	121.245	242.526	0	0	0	7777	0	0	0	476	0	0	0	1	124	121.561	242.864	0	0	0	7500	0	0	0	469	0	0	0
31	31	1885	1086.052	259.594	350	655	558	256	27	228	646	671	215	88	108.804	123	113	112	111	110	109	108	107	106	104	97	145.018	183	166	159	155	151	146	143	138	131	120	102	0	0	0.000	0.000	0	0	0	0	0	0	0	0	0	0	0	0	0	0.000	0.000	0	0	0	0	0	0	0	0	0	0	0
32	32	1871	849.683	270.669	215	550	718	286	72	210	768	668	161	31	113.433	133	120	118	117	115	114	112	111	109	106	97	135.796	163	150	147	143	141	138	135	131	125	117	101	0	0	0.000	0.000	0	0	0	0	0	0	0	0	0	0	0	0	0	0.000	0.000	0	0	0	0	0	0	0	0	0	0	0
33	33	2081	577.849	265.332	267	424	736	503	112	231	634	771	330	74	141.321	2424	138	125	122	120	118	116	114	112	108	98	213.443	343	274	256	239	224	214	205	195	177	143	106	1	34	570.816	253.127	0	0	0	920	0	0	0	285	0	0	0	0	0	0.000	0.000	0	0	0	0	0	0	0	0	0	0	0
34	34	1485	208.565	264.443	152	324	486	401	85	142	344	575	317	81	774.875	17365	1028	283	194	165	151	143	136	127	119	106	174.001	1444	208	143	134	129	126	122	118	114	110	101	1	94	212.121	254.981	0	0	0	7901	0	0	0	763	0	0	0	1	102	212.156	255.019	0	0	0	7357	0	0	0	720	0	0	0
35	35	1903	1825.808	276.797	495	623	536	201	16	316	734	553	208	52	1271.665	21194	2427	532	275	192	163	149	142	134	124	102	368.548	4576	615	247	195	178	168	160	151	142	131	102	1	181	1823.703	281.597	0	0	0	9242	0	0	0	1889	0	0	0	1	157	1823.883	281.662	0	0	0	11044	0	0	0	2103	0	0	0
36	36	1962	80.141	274.675	170	687	696	318	58	148	843	628	269	23	162.064	728	183	172	165	158	152	146	140	134	127	109	204.363	421	252	236	225	212	201	190	181	169	153	120	2	26	69.490	263.955	33	90.419	253.408	366	0	391	0	356	0	321	0	0	0	0.000	0.000	0	0	0	0	0	0	0	0	0	0	0
37	37	1233	1488.709	267.929	166	245	423	313	55	124	333	531	189	35	110.359	132	116	114	113	112	110	109	108	106	104	98	105.239	116	109	108	107	106	105	104	103	103	102	97	0	0	0.000	0.000	0	0	0	0	0	0	0	0	0	0	0	0	0	0.000	0.000	0	0	0	0	0	0	0	0	0	0	0
38	38	584	624.035	273.510	32	143	179	148	70	40	193	189	110	41	112.925	132	120	117	116	114	113	112	110	108	106	99	179.658	237	218	211	205	199	190	175	161	144	125	103	0	0	0.000	0.000	0	0	0	0	0	0	0	0	0	0	0	0	0	0.000	0.000	0	0	0	0	0	0	0	0	0	0	0
39	39	1156	252.287	283.585	265	346	408	109	8	164	269	471	178	48	130.741	168	148	142	138	135	132	128	123	118	111	100	116.555	137	125	123	121	119	117	115	113	110	107	100	0	0	0.000	0.000	0	0	0	0	0	0	0	0	0	0	0	0	0	0.000	0.000	0	0	0	0	0	0	0	0	0	0	0
40	40	2381	343.679	286.727	432	638	807	396	70	301	728	907	280	117	1422.003	24134	2371	535	306	236	195	175	163	149	130	99	213.952	2051	319	158	136	128	123	118	115	112	108	97	1	213	338.529	282.929	0	0	0	11576	0	0	0	934	0	0	0	1	205	338.377	282.866	0	0	0	12227	0	0	0	972	0	0	0
41	41	1690	477.605	294.350	165	359	583	404	154	135	480	706	278	60	108.453	126	113	112	110	109	108	107	106	105	104	99	124.999	156	141	136	132	128	125	122	118	114	109	99	0	0	0.000	0.000	0	0	0	0	0	0	0	0	0	0	0	0	0	0.000	0.000	0	0	0	0	0	0	0	0	0	0	0
42	42	1021	1217.043	299.866	126	330	329	188	35	138	288	337	185	42	359.965	496	452	429	410	395	379	360	339	298	234	114	108.401	141	115	112	110	109	107	106	105	104	103	98	0	0	0.000	0.000	0	0	0	0	0	0	0	0	0	0	0	0	0	0.000	0.000	0	0	0	0	0	0	0	0	0	0	0
43	43	1659	1902.893	307.090	272	494	525	292	44	215	565	552	243	50	137.992	179	157	152	147	144	139	134	129	123	118	103	154.199	212	187	178	169	160	153	144	137	131	125	105	0	0	0.000	0.000	0	0	0	0	0	0	0	0	0	0	0	0	0	0.000	0.000	0	0	0	0	0	0	0	0	0	0	0
44	44	1867	124.731	311.845	248	593	598	330	53	164	510	750	338	73	199.844	1318	242	224	209	196	186	178	169	158	139	112	119.545	174	130	126	124	121	119	116	114	112	109	102	1	36	111.849	315.504	0	0	0	625	0	0	0	131	0	0	0	0	0	0.000	0.000	0	0	0	0	0	0	0	0	0	0	0
45	45	1733	185.636	316.173	225	554	643	250	27	141	487	699	279	90	244.836	5631	210	169	161	153	147	141	135	129	122	105	129.094	491	139	132	127	124	121	118	116	114	111	100	1	58	195.097	299.415	0	0	0	2225	0	0	0	300	0	0	0	1	59	194.972	299.098	0	0	0	2201	0	0	0	297	0	0	0
46	46	2006	1486.074	313.918	318	573	702	334	41	278	674	734	226	60	111.450	125	117	115	114	113	112	110	109	107	105	99	106.001	123	112	109	107	106	105	104	104	103	102	96	0	0	0.000	0.000	0	0	0	0	0	0	0	0	0	0	0	0	0	0.000	0.000	0	0	0	0	0	0	0	0	0	0	0
47	47	1813	735.451	321.114	483	773	452	58	14	447	887	414	32	4	526.677	13778	641	238	172	152	143	136	132	127	121	103	179.469	1333	209	166	158	153	147	143	138	131	122	101	1	86	736.018	316.366	0	0	0	5892	0	0	0	669	0	0	0	1	80	735.923	315.804	0	0	0	6292	0	0	0	723	0	0	0
48	48	1876	642.831	327.055	282	724	584	228	26	158	612	695	305	80	111.082	124	116	114	113	112	111	110	109	108	106	99	136.432	177	157	152	146	141	136	131	127	122	116	96	0	0	0.000	0.000	0	0	0	0	0	0	0	0	0	0	0	0	0	0.000	0.000	0	0	0	0	0	0	0	0	0	0	0
49	49	2445	324.392	344.613	508	604	786	407	89	421	780	885	276	42	173.429	1453	221	183	170	163	156	150	144	136	126	102	117.605	252	128	123	119	117	115	114	112	110	108	97	1	38	307.125	351.522	0	0	0	802	0	0	0	154	0	0	0	1	39	308.806	351.574	0	0	0	562	0	0	0	188	0	0	0
50	50	1532	1538.010	335.968	297	692	404	76	43	408	737	285	54	19	111.668	124	117	115	114	113	112	111	109	108	106	99	105.317	125	111	108	106	105	104	104	103	102	101	94	0	0	0.000	0.000	0	0	0	0	0	0	0	0	0	0	0	0	0	0.000	0.000	0	0	0	0	0	0	0	0	0	0	0
51	51	1036	452.470	335.711	251	363	307	87	18	102	236	412	183	85	108.615	123	114	112	111	109	108	107	106	105	103	99	121.061	159	138	133	128	124	121	117	113	108	105	99	0	0	0.000	0.000	0	0	0	0	0	0	0	0	0	0	0	0	0	0.000	0.000	0	0	0	0	0	0	0	0	0	0	0
52	52	2517	1775.360	366.690	429	674	848	475	47	353	779	912	350	80	239.245	6000	214	179	172	166	160	154	148	141	131	105	444.198	1410	602	569	533	489	444	399	355	311	266	127	1	52	1762.001	376.532	0	0	0	2746	0	0	0	875	0	0	0	0	0	0.000	0.000	0	0	0	0	0	0	0	0	0	0	0
53	53	587	680.598	352.978	116	158	138	133	32	102	130	161	147	36	110.216	120	114	113	112	111	110	109	108	107	105	100	125.273	154	143	139	136	132	128	122	115	109	105	99	0	0	0.000	0.000	0	0	0	0	0	0	0	0	0	0	0	0	0	0.000	0.000	0	0	0	0	0	0	0	0	0	0	0
54	54	2325	870.030	371.712	292	623	877	451	37	203	717	977	255	136	159.917	210	185	178	172	167	162	157	150	142	131	103	361.511	564	486	458	423	390	360	333	310	279	233	135	0	0	0.000	0.000	0	0	0	0	0	0	0	0	0	0	0	0	0	0.000	0.000	0	0	0	0	0	0	0	0	0	0	0
55	55	1518	1583.630	363.293	183	382	532	341	41	124	406	622	279	52	110.533	124	116	114	113	112	111	109	108	107	105	97	104.289	114	108	107	106	105	104	103	103	102	101	96	0	0	0.000	0.000	0	0	0	0	0	0	0	0	0	0	0	0	0	0.000	0.000	0	0	0	0	0	0	0	0	0	0	0
56	56	1556	1493.175	364.510	254	571	464	211	35	299	805	323	93	11	133.202	923	136	132	130	128	126	124	121	119	114	99	187.282	261	223	211	203	196	191	185	178	165	142	104	1	25	1498.430	378.586	0	0	0	483	0	0	0	216	0	0	0	0	0	0.000	0.000	0	0	0	0	0	0	0	0	0	0	0
57	57	1272	945.496	371.824	79	279	550	282	49	66	204	653	256	73	307.866	428	386	374	363	351	332	305	274	236	188	114	107.011	126	113	110	109	107	106	105	104	103	102	96	0	0	0.000	0.000	0	0	0	0	0	0	0	0	0	0	0	0	0	0.000	0.000	0	0	0	0	0	0	0	0	0	0	0
58	58	1365	1005.244	389.050	138	327	498	308	65	135	419	518	198	65	112.845	298	118	115	114	112	111	110	108	107	105	99	190.720	271	233	222	212	204	194	183	172	160	143	110	1	23	1003.036	393.456	0	0	0	194	0	0	0	240	0	0	0	0	0	0.000	0.000	0	0	0	0	0	0	0	0	0	0	0
59	59	1968	1456.852	408.682	245	576	732	319	52	232	799	724	166	12	331.737	9348	326	163	140	133	130	127	124	120	115	99	215.208	966	256	235	220	209	201	194	186	173	153	113	1	69	1459.318	424.344	0	0	0	4175	0	0	0	538	0	0	0	1	50	1458.797	424.837	0	0	0	5326	0	0	0	663	0	0	0
60	60	2237	1919.040	417.813	515	881	629	161	14	396	762	671	326	47	3409.399	32939	13890	2129	727	394	259	202	168	151	137	106	1128.162	12297	3603	726	337	245	215	197	180	161	143	105	1	409	1919.107	420.131	0	0	0	16810	0	0	0	4071	0	0	0	1	311	1919.144	419.458	0	0	0	23172	0	0	0	5906	0	0	0
61	61	1598	721.765	408.320	220	478	499	319	48	155	474	538	333	64	1021.115	15264	1205	713	649	608	573	537	495	427	335	127	161.403	1316	175	137	130	125	122	119	117	114	111	101	1	89	732.010	410.659	0	0	0	7360	0	0	0	683	0	0	0	1	90	732.585	410.064	0	0	0	7233	0	0	0	683	0	0	0
62	62	1744	906.817	409.336	159	389	574	506	80	163	610	622	245	72	318.541	482	409	379	360	348	338	321	295	253	194	110	106.803	119	111	110	108	107	106	106	105	104	103	98	0	0	0.000	0.000	0	0	0	0	0	0	0	0	0	0	0	0	0	0.000	0.000	0	0	0	0	0	0	0	0	0	0	0
63	63	1637	538.769	413.893	287	457	527	306	34	278	631	494	175	23	140.478	172	156	152	149	146	142	138	133	128	121	105	248.100	366	316	304	290	273	255	234	214	193	170	118	0	0	0.000	0.000	0	0	0	0	0	0	0	0	0	0	0	0	0	0.000	0.000	0	0	0	0	0	0	0	0	0	0	0
64	64	1518	1579.613	415.142	216	420	532	294	24	130	388	626	247	97	124.195	145	135	132	130	127	125	123	119	117	112	101	147.085	187	171	165	160	155	150	146	140	129	115	100	0	0	0.000	0.000	0	0	0	0	0	0	0	0	0	0	0	0	0	0.000	0.000	0	0	0	0	0	0	0	0	0	0	0
65	65	614	1725.109	412.925	107	191	183	85	39	40	143	186	157	74	125.134	150	136	133	130	127	125	123	120	118	114	105	191.948	243	227	221	215	207	199	190	177	166	142	113	0	0	0.000	0.000	0	0	0	0	0	0	0	0	0	0	0	0	0	0.000	0.000	0	0	0	0	0	0	0	0	0	0	0
66	66	1620	1303.803	423.444	206	359	557	402	64	160	367	635	339	95	466.403	4404	593	526	489	460	432	402	364	323	256	121	115.315	255	126	122	118	116	114	111	109	108	105	100	1	30	1309.288	409.744	0	0	0	2310	0	0	0	134	0	0	0	0	0	0.000	0.000	0	0	0	0	0	0	0	0	0	0	0
67	67	1849	91.415	421.364	1153	521	98	31	22	1306	443	43	18	12	151.024	296	174	168	165	160	154	148	140	130	120	103	232.898	361	324	306	293	272	242	208	176	154	130	107	0	0	0.000	0.000	0	0	0	0	0	0	0	0	0	0	0	0	0	0.000	0.000	0	0	0	0	0	0	0	0	0	0	0
68	68	2643	1785.190	430.508	535	662	962	409	20	373	533	961	572	155	1008.991	16351	1455	352	224	187	167	156	148	140	131	108	512.442	3653	696	507	471	436	398	352	310	271	216	121	1	242	1785.321	433.936	0	0	0	8016	0	0	0	1727	0	0	0	1	176	1785.267	433.215	0	0	0	11204	0	0	0	2252	0	0	0
69	69	2385	758.418	433.445	227	666	924	443	83	180	785	903	368	104	644.584	14635	636	253	203	179	164	154	145	136	126	105	229.990	1361	272	232	214	203	194	186	176	163	149	108	1	136	753.720	431.172	0	0	0	7023	0	0	0	773	0	0	0	1	118	754.218	431.362	0	0	0	7463	0	0	0	814	0	0	0
70	70	1747	983.403	432.454	156	334	753	382	95	169	589	708	202	45	111.545	129	117	115	114	113	112	110	109	108	106	100	175.588	258	220	204	194	184	174	164	156	149	133	104	0	0	0.000	0.000	0	0	0	0	0	0	0	0	0	0	0	0	0	0.000	0.000	0	0	0	0	0	0	0	0	0	0	0
71	71	1135	681.524	429.117	200	309	360	218	28	171	379	384	155	23	536.412	834	710	668	624	595	572	544	498	426	271	124	119.678	145	131	128	124	122	120	117	115	112	108	99	0	0	0.000	0.000	0	0	0	0	0	0	0	0	0	0	0	0	0	0.000	0.000	0	0	0	0	0	0	0	0	0	0	0
72	72	1870	1214.951	435.646	174	529	660	403	66	131	452	758	361	126	110.910	129	116	114	113	112	111	110	109	108	106	98	186.002	262	222	211	204	198	192	184	173	159	141	101	0	0	0.000	0.000	0	0	0	0	0	0	0	0	0	0	0	0	0	0.000	0.000	0	0	0	0	0	0	0	0	0	0	0
73	73	787	1623.792	437.079	134	373	216	36	12	107	188	346	122	13	336.586	507	435	414	393	373	348	323	297	260	214	135	131.645	160	147	142	139	136	132	129	125	122	115	103	0	0	0.000	0.000	0	0	0	0	0	0	0	0	0	0	0	0	0	0.000	0.000	0	0	0	0	0	0	0	0	0	0	0
74	74	1931	432.061	443.395	327	828	556	153	26	417	948	365	142	23	924.879	20334	1284	345	198	155	142	137	132	126	118	101	218.010	1599	274	201	185	174	166	157	149	141	130	103	1	125	440.280	438.081	0	0	0	9432	0	0	0	809	0	0	0	1	114	440.611	437.495	0	0	0	10058	0	0	0	906	0	0	0
75	75	1324	1267.253	451.250	102	390	508	254	43	71	540	457	181	55	113.971	129	120	118	116	115	114	113	112	110	108	102	143.995	179	161	155	152	148	145	142	138	135	125	102	0	0	0.000	0.000	0	0	0	0	0	0	0	0	0	0	0	0	0	0.000	0.000	0	0	0	0	0	0	0	0	0	0	0
76	76	1854	1728.313	453.073	492	660	530	132	9	339	511	690	204	70	121.003	137	129	126	125	123	121	120	118	116	112	101	200.453	385	261	242	231	220	209	196	175	143	114	98	0	0	0.000	0.000	0	0	0	0	0	0	0	0	0	0	0	0	0	0.000	0.000	0	0	0	0	0	0	0	0	0	0	0
77	77	2106	1666.664	464.825	388	682	701	270	29	298	683	798	271	24	1037.281	17327	1314	576	483	451	421	384	346	304	246	122	302.971	4774	391	189	156	144	137	132	127	123	117	105	1	139	1669.342	469.516	0	0	0	7939	0	0	0	2064	0	0	0	1	129	1669.715	468.907	0	0	0	8760	0	0	0	2166	0	0	0
78	78	1008	306.590	453.537	99	220	374	243	49	99	287	418	149	42	439.842	654	579	547	502	466	444	420	387	345	293	153	104.448	139	108	106	106	105	104	104	103	102	101	94	0	0	0.000	0.000	0	0	0	0	0	0	0	0	0	0	0	0	0	0.000	0.000	0	0	0	0	0	0	0	0	0	0	0
79	79	1307	1880.543	456.304	737	339	134	61	16	556	452	186	63	34	167.184	225	198	189	183	177	171	163	155	143	128	104	116.145	134	125	122	120	118	116	114	112	110	107	99	0	0	0.000	0.000	0	0	0	0	0	0	0	0	0	0	0	0	0	0.000	0.000	0	0	0	0	0	0	0	0	0	0	0
80	80	2256	150.008	466.438	461	578	713	424	38	406	755	699	315	41	112.691	128	120	117	116	114	113	112	110	108	105	99	196.664	301	256	241	227	213	200	188	172	150	123	103	0	0	0.000	0.000	0	0	0	0	0	0	0	0	0	0	0	0	0	0.000	0.000	0	0	0	0	0	0	0	0	0	0	0
81	81	1120	1166.596	461.471	217	462	317	93	14	312	580	184	20	7	114.186	138	120	118	116	115	114	113	112	111	109	102	193.506	240	217	209	204	199	194	190	185	180	170	117	0	0	0.000	0.000	0	0	0	0	0	0	0	0	0	0	0	0	0	0.000	0.000	0	0	0	0	0	0	0	0	0	0	0
82	82	1866	1593.040	470.704	176	571	773	285	29	118	578	759	326	44	337.009	6850	366	185	156	143	137	132	129	125	120	105	176.653	790	201	182	175	168	162	156	150	142	130	104	1	96	1592.369	459.928	0	0	0	2936	0	0	0	439	0	0	0	1	63	1592.855	459.804	0	0	0	4129	0	0	0	531	0	0	0
83	83	1688	565.639	480.225	229	523	489	315	101	254	621	518	211	57	178.430	5533	158	142	138	134	131	129	126	123	118	103	207.961	593	252	239	231	223	212	198	184	170	155	108	0	0	0.000	0.000	0	0	0	0	0	0	0	0	0	0	0	0	0	0.000	0.000	0	0	0	0	0	0	0	0	0	0	0
84	84	2233	720.642	481.866	430	639	754	360	17	276	650	872	282	124	148.210	732	168	158	152	147	143	139	134	128	120	104	196.369	292	252	239	225	210	197	185	174	159	134	104	1	21	736.891	474.556	0	0	0	433	0	0	0	265	0	0	0	0	0	0.000	0.000	0	0	0	0	0	0	0	0	0	0	0
85	85	2197	1109.932	482.588	402	610	785	325	39	252	565	868	336	133	4366.028	34017	21035	3770	1151	587	379	279	229	203	181	132	1353.701	9095	4426	1262	766	643	557	496	441	392	304	125	0	0	0.000	0.000	0	0	0	0	0	0	0	0	0	0	0	1	395	1106.787	483.071	0	0	0	22799	0	0	0	4978	0	0	0
86	86	737	383.748	474.505	468	164	57	18	20	487	161	36	24	20	148.708	206	177	167	161	156	151	145	138	128	115	103	303.967	529	421	393	369	344	325	301	257	200	135	106	0	0	0.000	0.000	0	0	0	0	0	0	0	0	0	0	0	0	0	0.000	0.000	0	0	0	0	0	0	0	0	0	0	0
87	87	1634	339.841	489.059	235	420	547	309	89	167	592	572	246	37	479.518	771	671	613	560	522	493	460	413	358	274	108	105.660	125	111	109	107	106	105	104	103	102	101	91	0	0	0.000	0.000	0	0	0	0	0	0	0	0	0	0	0	0	0	0.000	0.000	0	0	0	0	0	0	0	0	0	0	0
88	88	1663	430.949	496.363	259	359	564	351	97	235	691	474	194	33	165.373	2406	174	139	133	130	127	123	120	115	110	101	168.732	403	203	193	185	176	168	159	150	141	127	105	1	46	421.512	504.072	0	0	0	1014	0	0	0	278	0	0	0	1	13	421.826	503.990	0	0	0	1932	0	0	0	355	0	0	0
89	89	1835	1009.071	499.729	170	383	729	419	90	117	492	864	263	56	1340.780	22444	2331	525	287	212	181	162	150	137	125	104	251.079	2675	367	182	154	145	138	131	127	122	115	100	1	162	1013.326	497.827	0	0	0	10990	0	0	0	1178	0	0	0	1	151	1013.483	497.346	0	0	0	11674	0	0	0	1254	0	0	0
90	90	1568	1913.689	503.296	817	520	148	44	18	723	486	241	81	16	172.628	244	209	199	192	184	176	168	157	143	129	105	110.817	126	117	115	113	112	111	109	108	106	104	99	0	0	0.000	0.000	0	0	0	0	0	0	0	0	0	0	0	0	0	0.000	0.000	0	0	0	0	0	0	0	0	0	0	0
91	91	1653	1857.740	504.811	262	600	519	200	43	101	507	621	316	77	118.039	134	124	122	121	119	118	117	115	114	111	103	155.668	205	182	174	166	159	154	149	145	140	132	102	0	0	0.000	0.000	0	0	0	0	0	0	0	0	0	0	0	0	0	0.000	0.000	0	0	0	0	0	0	0	0	0	0	0
92	92	1705	1697.407	507.349	179	478	622	355	42	124	510	625	310	105	1501.504	9964	2005	1776	1553	1384	1264	1165	1070	976	816	262	168.759	972	184	167	161	156	151	144	138	130	122	105	1	52	1709.930	509.430	0	0	0	6444	0	0	0	614	0	0	0	1	70	1710.215	508.675	0	0	0	5577	0	0	0	572	0	0	0
93	93	1823	1644.468	515.928	339	752	590	104	10	161	456	825	244	94	1414.396	6322	1947	1781	1614	1478	1382	1278	1134	989	788	321	148.548	571	172	160	154	147	142	136	131	126	119	103	1	16	1641.822	526.302	0	0	0	5163	0	0	0	284	0	0	0	1	40	1642.789	524.245	0	0	0	2535	0	0	0	372	0	0	0
94	94	1298	603.911	515.679	442	485	306	36	8	226	184	380	384	97	117.683	138	128	125	122	120	118	116	113	110	107	101	262.339	421	366	339	315	294	273	248	214	180	138	106	0	0	0.000	0.000	0	0	0	0	0	0	0	0	0	0	0	0	0	0.000	0.000	0	0	0	0	0	0	0	0	0	0	0
95	95	1609	141.039	520.735	164	420	537	377	87	138	585	511	273	70	127.517	159	140	136	134	131	129	126	123	118	113	100	160.081	212	192	184	178	171	164	156	147	136	120	99	0	0	0.000	0.000	0	0	0	0	0	0	0	0	0	0	0	0	0	0.000	0.000	0	0	0	0	0	0	0	0	0	0	0
96	96	1495	1431.751	522.334	212	401	554	272	33	164	461	581	208	60	109.868	235	114	112	110	109	108	107	107	106	104	99	126.003	159	142	136	133	129	125	122	119	116	112	101	1	27	1433.009	514.914	0	0	0	161	0	0	0	126	0	0	0	0	0	0.000	0.000	0	0	0	0	0	0	0	0	0	0	0
97	97	1967	195.420	535.245	209	759	654	295	21	167	649	699	287	125	330.295	8990	321	158	139	135	131	128	124	120	114	100	241.189	1144	288	268	253	241	229	214	196	181	160	107	1	74	180.462	542.425	0	0	0	3955	0	0	0	614	0	0	0	1	47	180.912	541.880	0	0	0	5025	0	0	0	791	0	0	0
98	98	1530	1583.959	527.979	176	331	501	448	53	125	411	587	249	120	329.928	498	416	388	374	360	344	325	306	274	215	125	112.856	136	122	118	116	113	112	110	109	108	106	100	0	0	0.000	0.000	0	0	0	0	0	0	0	0	0	0	0	0	0	0.000	0.000	0	0	0	0	0	0	0	0	0	0	0
99	99	1156	654.112	530.521	120	233	441	303	38	85	293	461	224	75	111.632	126	117	115	114	113	111	110	109	108	106	100	116.410	141	127	123	120	117	116	114	112	110	108	99	0	0	0.000	0.000	0	0	0	0	0	0	0	0	0	0	0	0	0	0.000	0.000	0	0	0	0	0	0	0	0	0	0	0
100	100	1286	1321.475	537.836	277	578	334	69	11	231	691	291	39	11	119.062	135	127	124	123	121	120	118	116	114	111	103	133.401	161	146	143	140	137	134	131	128	124	119	104	0	0	0.000	0.000	0	0	0	0	0	0	0	0	0	0	0	0	0	0.000	0.000	0	0	0	0	0	0	0	0	0	0	0
101	101	1809	250.512	541.593	284	490	584	360	55	219	504	627	386	41	117.120	136	125	123	121	119	118	116	114	111	108	100	138.964	177	158	153	150	145	140	135	131	125	116	97	0	0	0.000	0.000	0	0	0	0	0	0	0	0	0	0	0	0	0	0.000	0.000	0	0	0	0	0	0	0	0	0	0	0
102	102	1880	1375.624	542.071	263	341	731	464	54	223	287	874	294	176	133.958	533	144	140	137	134	132	130	126	122	115	103	256.820	398	329	310	293	274	258	248	236	212	168	114	1	28	1362.023	534.737	0	0	0	305	0	0	0	327	0	0	0	0	0	0.000	0.000	0	0	0	0	0	0	0	0	0	0	0
103	103	788	1487.363	542.844	55	88	267	264	99	39	203	316	185	33	112.292	128	117	116	114	113	112	111	110	109	107	102	137.011	163	149	145	142	140	137	135	133	129	125	108	0	0	0.000	0.000	0	0	0	0	0	0	0	0	0	0	0	0	0	0.000	0.000	0	0	0	0	0	0	0	0	0	0	0
104	104	1781	1261.442	551.450	260	698	540	207	49	165	871	481	185	39	752.535	13748	892	456	406	378	358	339	315	292	256	143	148.898	1133	163	129	124	121	119	117	116	114	112	103	1	91	1255.464	557.573	0	0	0	6446	0	0	0	496	0	0	0	1	92	1256.116	556.835	0	0	0	6008	0	0	0	564	0	0	0
105	105	1955	554.202	555.958	368	504	602	397	48	366	999	402	141	11	114.382	130	122	119	118	116	115	113	111	109	107	97	143.513	191	168	160	154	150	145	140	134	125	116	102	0	0	0.000	0.000	0	0	0	0	0	0	0	0	0	0	0	0	0	0.000	0.000	0	0	0	0	0	0	0	0	0	0	0
106	106	1076	818.243	546.680	409	293	221	89	47	290	439	253	68	7	185.501	2046	236	165	149	139	133	127	121	116	111	101	222.260	2124	294	220	202	190	175	161	148	134	121	107	1	44	819.862	543.788	0	0	0	915	0	0	0	1016	0	0	0	1	42	820.233	543.346	0	0	0	1020	0	0	0	1017	0	0	0
107	107	2539	313.646	563.436	303	595	984	516	74	311	1277	702	186	22	261.350	8014	240	152	134	129	125	123	120	117	112	100	161.178	911	178	168	163	158	152	146	138	130	121	101	1	72	325.320	562.083	0	0	0	3352	0	0	0	487	0	0	0	1	65	325.533	561.529	0	0	0	3703	0	0	0	507	0	0	0
108	108	2267	117.131	574.540	311	660	692	482	78	302	719	743	350	115	410.131	10424	439	207	168	151	141	134	128	122	115	100	172.828	920	202	174	165	158	153	148	143	136	123	101	1	105	123.906	575.112	0	0	0	4436	0	0	0	497	0	0	0	1	98	124.139	575.010	0	0	0	4781	0	0	0	520	0	0	0
109	109	1774	493.404	569.368	266	615	712	139	14	132	405	757	339	98	365.604	2587	454	421	400	377	353	329	297	252	196	119	121.957	240	142	133	126	122	119	116	113	110	106	100	1	27	508.425	575.294	0	0	0	1606	0	0	0	148	0	0	0	1	28	510.465	575.290	0	0	0	1046	0	0	0	191	0	0	0
110	110	992	964.915	580.286	542	354	63	10	7	444	419	68	23	14	111.477	145	120	117	114	112	110	108	107	105	104	100	137.053	264	177	158	150	141	131	119	113	110	107	102	1	18	955.644	583.222	0	0	0	139	0	0	0	219	0	0	0	2	40	953.669	581.170	13	968.811	571.959	125	0	111	0	220	0	216	0
111	111	2193	1494.563	595.750	122	512	935	508	70	76	663	1036	319	52	427.520	13125	384	186	173	162	154	148	142	136	129	104	149.262	980	155	144	140	136	133	130	127	123	117	101	1	78	1503.630	606.752	0	0	0	5551	0	0	0	508	0	0	0	1	73	1503.056	606.995	0	0	0	5728	0	0	0	532	0	0	0
112	112	2217	174.998	594.265	302	344	724	565	236	247	644	834	321	121	130.007	157	143	140	137	134	132	129	125	120	114	101	233.630	334	296	282	270	256	246	233	214	185	143	104	0	0	0.000	0.000	0	0	0	0	0	0	0	0	0	0	0	0	0	0.000	0.000	0	0	0	0	0	0	0	0	0	0	0
113	113	993	827.574	594.245	545	196	140	79	25	527	228	134	81	14	129.116	182	147	141	137	133	129	125	120	116	110	102	168.920	238	208	199	190	183	173	164	151	138	118	104	0	0	0.000	0.000	0	0	0	0	0	0	0	0	0	0	0	0	0	0.000	0.000	0	0	0	0	0	0	0	0	0	0	0
114	114	2184	724.501	607.567	448	749	628	271	44	624	1000	421	103	8	506.403	14306	563	185	147	137	130	126	123	119	115	100	166.211	800	183	170	162	156	152	147	142	136	126	103	1	95	708.400	601.149	0	0	0	6373	0	0	0	473	0	0	0	1	81	708.498	600.687	0	0	0	6727	0	0	0	492	0	0	0
115	115	733	1595.358	599.963	76	136	327	146	38	54	101	313	195	58	122.207	136	128	127	125	124	123	121	120	118	115	104	165.447	210	193	185	178	172	165	159	153	147	139	116	0	0	0.000	0.000	0	0	0	0	0	0	0	0	0	0	0	0	0	0.000	0.000	0	0	0	0	0	0	0	0	0	0	0
116	116	2329	348.879	616.332	261	551	889	480	110	257	835	817	278	88	1061.377	1762	1582	1439	1330	1216	1094	963	821	673	537	161	120.128	147	134	129	126	123	120	117	114	111	108	97	0	0	0.000	0.000	0	0	0	0	0	0	0	0	0	0	0	0	0	0.000	0.000	0	0	0	0	0	0	0	0	0	0	0
117	117	1247	779.265	605.262	165	368	437	225	30	112	372	439	224	78	120.706	328	129	125	123	121	119	117	115	113	109	99	133.918	177	151	146	143	140	136	133	129	122	110	100	1	20	787.722	594.489	0	0	0	210	0	0	0	159	0	0	0	0	0	0.000	0.000	0	0	0	0	0	0	0	0	0	0	0
118	118	907	1137.106	603.987	67	201	292	245	82	75	269	340	180	29	154.798	195	176	168	163	159	154	150	146	142	135	113	269.977	374	332	316	302	287	273	260	245	229	202	127	0	0	0.000	0.000	0	0	0	0	0	0	0	0	0	0	0	0	0	0.000	0.000	0	0	0	0	0	0	0	0	0	0	0
119	119	2223	406.148	624.270	173	595	885	493	38	138	521	1040	382	102	126.633	156	137	134	131	129	127	125	123	119	115	102	104.008	114	107	106	105	104	104	103	103	102	101	96	0	0	0.000	0.000	0	0	0	0	0	0	0	0	0	0	0	0	0	0.000	0.000	0	0	0	0	0	0	0	0	0	0	0
120	120	2089	555.712	621.031	328	741	775	175	30	213	763	780	231	57	793.776	12568	839	643	561	521	487	445	407	363	282	117	155.876	1107	167	146	138	132	128	125	121	117	112	101	1	98	540.187	608.278	0	0	0	5797	0	0	0	471	0	0	0	1	102	540.257	609.591	0	0	0	4971	0	0	0	571	0	0	0
121	121	510	603.425	624.768	64	122	162	123	31	46	98	211	117	28	343.596	527	458	416	394	379	365	341	298	261	202	129	118.588	143	130	126	123	120	119	117	114	111	108	100	0	0	0.000	0.000	0	0	0	0	0	0	0	0	0	0	0	0	0	0.000	0.000	0	0	0	0	0	0	0	0	0	0	0
122	122	1015	646.512	630.760	111	333	275	199	80	116	440	296	133	13	460.249	677	592	554	526	503	474	449	420	368	294	163	138.345	166	154	150	146	143	140	136	132	127	120	107	0	0	0.000	0.000	0	0	0	0	0	0	0	0	0	0	0	0	0	0.000	0.000	0	0	0	0	0	0	0	0	0	0	0
123	123	1810	1515.224	647.940	178	502	666	348	71	187	696	622	219	40	196.967	5291	180	131	123	120	118	116	115	113	110	101	191.182	1148	222	206	197	189	182	174	165	152	127	101	1	47	1516.452	656.310	0	0	0	1933	0	0	0	417	0	0	0	1	32	1514.082	655.068	0	0	0	635	0	0	0	726	0	0	0
124	124	2150	1007.625	649.709	239	514	813	473	65	242	804	780	235	41	109.489	122	114	113	111	110	109	109	108	106	105	97	233.662	362	309	285	264	247	230	214	200	186	169	111	0	0	0.000	0.000	0	0	0	0	0	0	0	0	0	0	0	0	0	0.000	0.000	0	0	0	0	0	0	0	0	0	0	0
125	125	1861	1604.821	643.994	448	480	614	251	40	273	472	685	305	85	114.095	129	120	118	117	116	114	113	112	110	108	100	148.017	190	170	164	159	155	150	145	140	133	122	105	0	0	0.000	0.000	0	0	0	0	0	0	0	0	0	0	0	0	0	0.000	0.000	0	0	0	0	0	0	0	0	0	0	0
126	126	2328	641.540	680.934	402	859	773	223	26	236	896	799	327	24	2238.761	25246	4915	1101	720	662	614	567	499	432	322	123	403.361	4594	813	234	177	162	153	145	138	131	121	102	1	290	635.962	681.083	0	0	0	12722	0	0	0	1805	0	0	0	1	251	635.923	680.815	0	0	0	14776	0	0	0	2182	0	0	0
127	127	2650	1055.105	681.491	594	855	851	272	33	512	804	873	358	54	110.543	137	117	114	113	111	110	109	108	106	105	95	224.718	360	298	279	262	244	227	210	191	176	146	102	0	0	0.000	0.000	0	0	0	0	0	0	0	0	0	0	0	0	0	0.000	0.000	0	0	0	0	0	0	0	0	0	0	0
128	128	565	701.962	671.523	33	99	155	201	72	22	107	235	146	47	115.635	139	124	121	119	116	115	113	112	110	108	99	125.807	147	138	136	133	130	128	124	120	116	111	103	0	0	0.000	0.000	0	0	0	0	0	0	0	0	0	0	0	0	0	0.000	0.000	0	0	0	0	0	0	0	0	0	0	0
129	129	2100	1556.068	697.042	986	920	126	21	11	709	1046	262	19	26	1081.256	20614	1620	391	223	203	191	179	168	157	139	106	296.205	4516	398	172	137	131	127	124	121	117	112	101	1	161	1552.567	702.985	0	0	0	9437	0	0	0	1781	0	0	0	1	144	1552.733	702.774	0	0	0	11220	0	0	0	1967	0	0	0
130	130	1940	226.289	694.945	249	617	604	373	60	211	699	646	273	62	240.938	400	328	300	277	256	238	221	205	186	156	105	103.819	115	107	106	105	104	104	103	103	102	101	94	0	0	0.000	0.000	0	0	0	0	0	0	0	0	0	0	0	0	0	0.000	0.000	0	0	0	0	0	0	0	0	0	0	0
131	131	1003	154.470	703.236	188	318	316	140	20	120	365	333	135	33	156.944	202	181	173	167	162	157	153	148	141	132	107	112.948	131	120	118	116	114	113	111	110	109	106	96	0	0	0.000	0.000	0	0	0	0	0	0	0	0	0	0	0	0	0	0.000	0.000	0	0	0	0	0	0	0	0	0	0	0
132	132	1789	692.352	715.491	322	413	623	349	44	307	503	617	251	76	476.534	2026	645	597	560	526	488	453	401	322	224	114	131.185	362	152	143	137	131	127	123	120	117	110	99	1	15	675.399	714.209	0	0	0	1451	0	0	0	252	0	0	0	1	29	676.519	715.232	0	0	0	1166	0	0	0	247	0	0	0
133	133	1763	1082.330	733.276	275	565	567	259	68	194	629	615	234	55	124.636	1156	127	122	120	118	116	115	113	111	109	101	161.252	214	187	180	174	169	164	160	154	147	125	101	1	23	1079.371	749.784	0	0	0	510	0	0	0	177	0	0	0	0	0	0.000	0.000	0	0	0	0	0	0	0	0	0	0	0
134	134	861	190.039	724.797	89	246	295	189	21	105	391	249	87	11	229.030	309	286	273	262	252	241	229	208	183	146	111	103.300	109	106	105	104	104	103	103	102	101	101	96	0	0	0.000	0.000	0	0	0	0	0	0	0	0	0	0	0	0	0	0.000	0.000	0	0	0	0	0	0	0	0	0	0	0
135	135	1410	566.682	733.139	138	335	533	294	85	132	359	613	202	70	260.821	389	340	325	310	295	277	256	229	195	144	107	114.212	135	125	120	117	115	113	111	110	108	106	100	0	0	0.000	0.000	0	0	0	0	0	0	0	0	0	0	0	0	0	0.000	0.000	0	0	0	0	0	0	0	0	0	0	0
136	136	1663	1639.863	734.434	254	652	569	144	22	144	667	521	240	51	545.551	13514	645	245	181	159	148	139	131	126	120	106	139.942	726	155	136	130	126	122	118	116	113	110	101	1	86	1634.708	730.953	0	0	0	5848	0	0	0	378	0	0	0	1	79	1635.139	731.199	0	0	0	6217	0	0	0	404	0	0	0
137	137	1443	492.111	743.780	184	386	475	322	48	138	538	445	230	60	123.725	146	134	131	129	127	124	122	119	116	113	102	157.902	215	187	178	170	162	156	150	145	140	132	105	0	0	0.000	0.000	0	0	0	0	0	0	0	0	0	0	0	0	0	0.000	0.000	0	0	0	0	0	0	0	0	0	0	0
138	138	1799	439.457	748.946	280	598	616	251	19	243	774	490	204	45	471.928	13780	476	207	160	144	136	130	125	121	115	101	210.753	1971	232	195	185	177	169	162	155	144	129	105	1	72	430.670	745.270	0	0	0	6197	0	0	0	998	0	0	0	1	70	430.981	744.854	0	0	0	6422	0	0	0	1016	0	0	0
139	139	1685	535.207	772.795	172	564	630	267	24	192	584	652	189	38	865.725	15284	1249	517	380	328	302	286	269	252	218	115	165.409	1403	207	137	127	121	117	115	112	110	108	101	1	112	539.665	773.226	0	0	0	6781	0	0	0	660	0	0	0	1	105	540.316	773.177	0	0	0	6953	0	0	0	700	0	0	0
140	140	2351	1817.440	787.121	478	702	725	329	75	501	929	603	226	30	922.577	1638	1389	1247	1148	1071	1022	956	788	522	243	110	109.900	164	123	116	112	109	108	106	105	104	102	97	0	0	0.000	0.000	0	0	0	0	0	0	0	0	0	0	0	0	0	0.000	0.000	0	0	0	0	0	0	0	0	0	0	0
141	141	1509	1696.786	804.896	361	399	429	249	41	339	498	407	204	30	123.815	155	137	131	128	125	123	121	118	116	112	104	115.846	147	127	122	119	117	115	113	111	109	107	99	0	0	0.000	0.000	0	0	0	0	0	0	0	0	0	0	0	0	0	0.000	0.000	0	0	0	0	0	0	0	0	0	0	0
142	142	1541	1029.416	806.535	217	486	497	268	39	239	463	507	242	55	108.001	119	113	111	110	109	108	107	106	105	103	99	109.265	124	115	113	112	110	109	108	107	105	103	96	0	0	0.000	0.000	0	0	0	0	0	0	0	0	0	0	0	0	0	0.000	0.000	0	0	0	0	0	0	0	0	0	0	0
143	143	1036	1742.770	810.393	185	378	319	122	15	90	351	341	180	60	113.820	152	119	117	116	114	113	112	111	110	108	103	107.509	121	113	111	109	108	107	106	105	104	103	99	0	0	0.000	0.000	0	0	0	0	0	0	0	0	0	0	0	0	0	0.000	0.000	0	0	0	0	0	0	0	0	0	0	0
144	144	2008	372.512	829.273	375	460	650	413	82	320	609	679	288	78	127.566	821	135	130	127	124	122	120	117	114	110	98	157.873	283	189	181	174	166	159	151	143	134	122	101	1	24	364.456	836.927	0	0	0	391	0	0	0	222	0	0	0	0	0	0.000	0.000	0	0	0	0	0	0	0	0	0	0	0
145	145	658	484.033	825.637	148	280	187	22	8	137	324	163	16	4	180.693	251	225	213	202	191	182	170	159	150	139	111	108.986	120	114	112	111	110	109	108	107	106	105	100	0	0	0.000	0.000	0	0	0	0	0	0	0	0	0	0	0	0	0	0.000	0.000	0	0	0	0	0	0	0	0	0	0	0
146	146	1970	897.985	850.654	375	388	692	408	77	309	613	676	257	69	910.902	19988	1228	357	213	171	158	145	136	128	121	106	287.491	4167	359	196	168	158	151	146	140	134	122	104	1	136	899.256	855.095	0	0	0	8413	0	0	0	1653	0	0	0	1	117	899.083	855.181	0	0	0	10037	0	0	0	1846	0	0	0
147	147	1823	246.944	843.563	461	586	513	210	33	414	740	426	180	26	306.694	498	413	383	360	338	315	292	270	237	171	105	104.934	119	109	107	106	105	105	104	103	102	101	95	0	0	0.000	0.000	0	0	0	0	0	0	0	0	0	0	0	0	0	0.000	0.000	0	0	0	0	0	0	0	0	0	0	0
148	148	1578	1815.959	849.683	318	533	424	218	55	259	479	471	231	115	695.331	11706	1019	447	332	296	274	255	235	213	175	115	192.551	2145	253	146	130	121	117	114	112	109	107	97	1	100	1812.258	850.980	0	0	0	5477	0	0	0	980	0	0	0	1	103	1811.815	851.406	0	0	0	5083	0	0	0	955	0	0	0
149	149	1179	775.861	856.757	128	462	363	181	26	86	344	514	139	74	140.029	168	153	149	146	144	141	138	135	131	126	103	119.595	140	131	127	124	122	119	117	115	112	110	99	0	0	0.000	0.000	0	0	0	0	0	0	0	0	0	0	0	0	0	0.000	0.000	0	0	0	0	0	0	0	0	0	0	0
150	150	1583	944.636	867.046	324	461	545	205	24	309	391	527	253	78	131.229	570	149	140	136	132	128	124	119	114	108	101	134.299	182	150	146	143	140	137	134	128	121	112	101	1	24	946.652	871.140	0	0	0	279	0	0	0	155	0	0	0	0	0	0.000	0.000	0	0	0	0	0	0	0	0	0	0	0
151	151	1679	489.960	866.536	296	427	488	338	103	189	593	555	239	72	387.040	7651	459	241	218	203	191	180	170	161	148	115	182.466	1183	194	173	168	164	160	156	150	142	129	102	1	74	479.238	874.427	0	0	0	3487	0	0	0	482	0	0	0	1	67	479.054	872.961	0	0	0	1704	0	0	0	660	0	0	0
152	152	1786	728.536	868.099	153	607	650	288	50	122	778	577	219	53	494.890	12372	563	244	189	171	159	150	142	134	125	103	151.273	1140	171	136	127	124	121	119	116	113	110	103	1	85	720.098	861.499	0	0	0	5063	0	0	0	595	0	0	0	1	89	720.376	861.219	0	0	0	4827	0	0	0	536	0	0	0
153	153	1745	1152.616	874.584	232	398	676	366	46	236	575	622	229	47	152.621	189	173	168	164	161	156	152	146	138	125	103	136.676	174	156	152	147	143	138	133	128	121	113	102	0	0	0.000	0.000	0	0	0	0	0	0	0	0	0	0	0	0	0	0.000	0.000	0	0	0	0	0	0	0	0	0	0	0
154	154	1715	619.591	882.833	100	544	751	243	45	58	321	848	367	81	345.964	6945	385	247	223	210	200	188	176	162	146	111	116.830	395	123	116	114	112	111	109	108	107	105	99	1	66	627.069	889.138	0	0	0	2927	0	0	0	226	0	0	0	1	59	626.201	888.989	0	0	0	2690	0	0	0	235	0	0	0
155	155	1171	1854.847	879.684	268	377	367	120	16	182	265	449	166	83	240.791	348	293	279	269	260	252	242	223	202	170	110	110.770	128	117	115	113	112	111	110	109	107	105	99	0	0	0.000	0.000	0	0	0	0	0	0	0	0	0	0	0	0	0	0.000	0.000	0	0	0	0	0	0	0	0	0	0	0
156	156	2618	222.739	891.795	374	825	849	463	58	253	673	980	517	156	793.105	15854	858	458	408	386	361	331	293	242	185	115	205.084	2214	227	165	154	147	140	133	128	122	115	100	1	132	231.336	886.303	0	0	0	7654	0	0	0	1191	0	0	0	1	152	231.766	886.465	0	0	0	6203	0	0	0	1037	0	0	0
157	157	2236	321.680	892.626	334	630	848	326	52	334	678	897	233	50	330.796	9834	325	173	147	136	129	124	120	116	112	103	152.898	875	168	152	146	142	138	134	130	125	119	105	1	77	329.317	894.104	0	0	0	4171	0	0	0	458	0	0	0	1	74	328.974	894.432	0	0	0	4434	0	0	0	471	0	0	0
158	158	1689	1748.195	898.424	259	517	634	213	27	208	348	693	286	119	1206.256	13561	1584	1045	970	918	862	786	701	604	464	142	115.612	295	124	116	113	111	110	109	108	106	105	98	1	89	1738.746	898.500	0	0	0	6748	0	0	0	187	0	0	0	1	79	1738.617	897.621	0	0	0	7218	0	0	0	200	0	0	0
159	159	1070	446.965	889.756	164	231	356	230	75	144	257	348	234	62	133.859	161	147	144	141	139	136	132	129	124	117	103	168.205	230	207	197	188	178	169	160	152	142	127	106	0	0	0.000	0.000	0	0	0	0	0	0	0	0	0	0	0	0	0	0.000	0.000	0	0	0	0	0	0	0	0	0	0	0
160	160	1902	151.641	907.260	344	511	616	373	27	298	615	592	296	70	351.633	548	487	463	436	411	384	345	300	229	146	103	138.328	188	164	156	150	145	140	135	127	117	108	98	0	0	0.000	0.000	0	0	0	0	0	0	0	0	0	0	0	0	0	0.000	0.000	0	0	0	0	0	0	0	0	0	0	0
161	161	1465	381.710	915.185	183	358	540	294	62	181	538	494	158	62	128.877	587	143	133	129	127	124	121	117	113	108	101	135.848	201	153	149	145	143	139	135	129	119	110	100	1	23	380.312	910.692	0	0	0	329	0	0	0	156	0	0	0	0	0	0.000	0.000	0	0	0	0	0	0	0	0	0	0	0
162	162	1327	743.571	918.895	147	513	396	202	37	152	644	317	137	57	140.894	171	156	152	149	146	142	139	135	129	123	105	269.647	355	329	317	307	295	281	265	248	221	191	120	0	0	0.000	0.000	0	0	0	0	0	0	0	0	0	0	0	0	0	0.000	0.000	0	0	0	0	0	0	0	0	0	0	0
163	163	1112	1363.997	921.882	112	190	450	266	67	112	496	360	106	19	149.642	188	169	163	159	155	151	147	143	137	129	105	117.765	141	129	125	122	119	117	115	113	111	108	97	0	0	0.000	0.000	0	0	0	0	0	0	0	0	0	0	0	0	0	0.000	0.000	0	0	0	0	0	0	0	0	0	0	0
164	164	1983	476.190	930.118	246	693	754	221	28	160	700	773	259	60	200.586	4152	200	145	137	133	129	126	122	118	114	103	157.576	534	183	173	165	157	150	143	137	133	126	105	1	58	465.090	929.311	0	0	0	1819	0	0	0	313	0	0	0	1	50	465.770	928.227	0	0	0	1466	0	0	0	364	0	0	0
165	165	1122	1226.248	938.018	190	203	348	301	52	150	142	341	273	199	442.617	656	595	559	521	490	455	422	391	341	269	120	122.957	163	136	131	128	125	122	120	117	115	110	99	0	0	0.000	0.000	0	0	0	0	0	0	0	0	0	0	0	0	0	0.000	0.000	0	0	0	0	0	0	0	0	0	0	0
166	166	1651	1406.390	944.791	206	426	624	341	32	202	685	470	211	46	133.568	161	147	144	141	138	135	132	128	124	118	104	186.833	257	233	222	211	199	187	176	165	155	141	105	0	0	0.000	0.000	0	0	0	0	0	0	0	0	0	0	0	0	0	0.000	0.000	0	0	0	0	0	0	0	0	0	0	0
167	167	932	526.416	938.246	133	282	286	171	43	136	314	309	112	37	117.454	135	125	122	121	119	117	116	115	113	110	101	146.251	185	165	158	154	151	147	143	139	134	127	109	0	0	0.000	0.000	0	0	0	0	0	0	0	0	0	0	0	0	0	0.000	0.000	0	0	0	0	0	0	0	0	0	0	0
168	168	1756	791.032	947.683	391	565	557	175	33	283	630	498	244	67	1434.307	22145	3111	627	287	195	162	150	143	133	120	99	403.013	3575	697	304	280	260	239	220	203	180	145	102	1	181	797.479	942.129	0	0	0	9992	0	0	0	1725	0	0	0	1	160	797.640	941.686	0	0	0	12126	0	0	0	1915	0	0	0
169	169	1531	1169.180	958.886	740	410	242	104	8	612	413	289	137	60	454.133	10736	567	272	212	188	171	158	149	140	131	109	225.224	2510	280	199	181	171	162	156	149	142	129	105	1	65	1172.659	965.057	0	0	0	4472	0	0	0	1111	0	0	0	1	65	1173.372	964.657	0	0	0	4316	0	0	0	1111	0	0	0
170	170	2171	226.913	963.238	358	621	756	363	37	323	1106	604	98	10	418.083	13859	308	161	144	137	133	129	125	120	113	101	162.565	980	177	166	160	155	149	142	135	128	119	102	1	83	241.768	953.078	0	0	0	5601	0	0	0	523	0	0	0	1	70	241.970	953.254	0	0	0	6732	0	0	0	577	0	0	0
171	171	1589	681.709	966.000	293	429	529	274	30	234	475	520	289	50	721.905	17197	986	311	180	150	138	131	125	118	111	101	186.560	1460	220	167	158	152	147	141	135	128	119	102	1	92	685.874	974.975	0	0	0	7938	0	0	0	738	0	0	0	1	89	686.232	974.132	0	0	0	6918	0	0	0	742	0	0	0
172	172	1596	732.703	967.982	236	703	524	100	13	131	736	426	214	54	129.400	158	141	137	135	133	130	128	125	121	117	102	153.388	203	182	175	168	160	153	147	139	132	125	107	0	0	0.000	0.000	0	0	0	0	0	0	0	0	0	0	0	0	0	0.000	0.000	0	0	0	0	0	0	0	0	0	0	0
173	173	727	1115.825	964.175	323	248	92	47	15	270	258	125	51	10	120.270	150	138	132	128	124	119	114	111	108	106	98	251.579	643	489	417	350	267	184	136	117	110	107	99	0	0	0.000	0.000	0	0	0	0	0	0	0	0	0	0	0	0	0	0.000	0.000	0	0	0	0	0	0	0	0	0	0	0
174	174	657	1323.355	963.173	367	149	58	39	37	400	119	84	31	14	124.837	143	132	130	128	127	125	124	122	120	117	107	159.685	200	184	178	173	167	161	156	150	142	131	104	0	0	0.000	0.000	0	0	0	0	0	0	0	0	0	0	0	0	0	0.000	0.000	0	0	0	0	0	0	0	0	0	0	0
175	175	1921	1841.023	981.772	337	900	514	105	24	318	1007	448	94	20	153.475	3341	143	122	119	117	115	114	112	110	108	99	124.194	221	137	132	128	125	123	121	118	115	112	96	1	43	1853.209	970.279	0	0	0	1189	0	0	0	148	0	0	0	1	13	1851.831	967.092	0	0	0	477	0	0	0	187	0	0	0
176	176	1912	1356.396	996.318	147	599	723	351	48	141	644	708	309	76	237.594	5398	245	157	144	136	131	128	125	121	117	103	163.515	724	185	175	168	161	154	149	144	137	128	106	1	58	1362.893	983.870	0	0	0	2538	0	0	0	388	0	0	0	1	49	1363.013	983.573	0	0	0	2686	0	0	0	413	0	0	0
177	177	1952	1595.583	996.524	653	907	304	46	11	592	809	413	72	15	124.732	158	138	132	129	126	124	122	120	116	113	101	231.904	382	322	298	278	258	243	223	194	149	117	102	0	0	0.000	0.000	0	0	0	0	0	0	0	0	0	0	0	0	0	0.000	0.000	0	0	0	0	0	0	0	0	0	0	0
178	178	1869	1419.640	998.197	316	699	610	188	22	245	556	602	339	97	699.813	15401	892	291	198	169	156	147	141	134	126	107	239.363	1538	279	243	225	211	199	187	177	166	146	106	1	112	1418.236	1000.361	0	0	0	7053	0	0	0	796	0	0	0	1	95	1417.753	1000.384	0	0	0	8227	0	0	0	897	0	0	0
179	179	1422	1199.273	998.345	582	405	260	111	38	629	367	273	117	16	217.736	4811	273	197	167	152	143	137	132	128	121	105	169.004	1118	200	179	168	160	153	147	142	135	120	99	2	18	1191.795	1000.222	30	1199.805	985.270	369	0	1981	0	190	0	593	0	1	32	1200.354	984.975	0	0	0	1556	0	0	0	593	0	0	0
180	180	2286	1296.913	999.964	256	472	821	617	74	290	647	908	351	59	1718.709	22071	2512	1195	1007	905	833	749	640	475	305	136	396.361	6084	527	235	196	179	164	152	141	130	116	101	1	170	1298.167	994.051	0	0	0	12060	0	0	0	2704	0	0	0	1	160	1297.833	993.619	0	0	0	12908	0	0	0	2899	0	0	0
181	181	1502	493.198	1002.623	216	503	479	237	40	278	703	343	119	26	730.913	15355	1006	289	188	156	143	136	130	125	119	103	250.797	2081	301	231	215	202	190	180	174	166	151	109	1	90	483.957	998.606	0	0	0	7720	0	0	0	1016	0	0	0	1	80	483.895	998.016	0	0	0	8715	0	0	0	1071	0	0	0
182	182	1629	248.056	1011.665	287	389	598	272	51	263	487	539	195	120	123.758	148	134	131	129	127	125	122	119	116	111	102	144.483	193	173	166	158	152	144	138	131	124	115	99	0	0	0.000	0.000	0	0	0	0	0	0	0	0	0	0	0	0	0	0.000	0.000	0	0	0	0	0	0	0	0	0	0	0
183	183	1413	1471.804	1013.062	113	364	430	346	141	167	474	478	199	72	493.587	9154	567	297	268	257	249	241	229	211	184	120	123.640	636	126	117	114	112	111	109	108	106	105	98	1	74	1483.249	1003.360	0	0	0	4186	0	0	0	314	0	0	0	1	68	1483.076	1002.905	0	0	0	4528	0	0	0	330	0	0	0
184	184	1301	542.171	1025.829	156	403	405	244	61	158	395	479	195	54	364.061	7350	487	185	148	136	131	127	124	121	115	103	189.176	1320	229	171	165	160	156	153	146	138	123	102	1	71	546.423	1035.067	0	0	0	3089	0	0	0	591	0	0	0	1	70	545.871	1035.509	0	0	0	3231	0	0	0	655	0	0	0
185	185	1480	1241.426	1027.166	268	488	487	172	30	208	520	428	234	47	754.553	1127	988	946	895	840	790	742	684	585	435	163	143.041	191	166	159	153	148	143	139	134	128	118	103	0	0	0.000	0.000	0	0	0	0	0	0	0	0	0	0	0	0	0	0.000	0.000	0	0	0	0	0	0	0	0	0	0	0
186	186	2299	340.687	1040.643	331	524	658	594	148	322	631	798	416	95	1527.236	24332	2525	611	332	232	190	165	151	138	121	104	604.106	5505	920	588	505	443	395	348	302	249	176	109	1	224	338.252	1039.247	0	0	0	11323	0	0	0	2289	0	0	0	1	163	338.820	1038.701	0	0	0	16448	0	0	0	3082	0	0	0
187	187	2786	473.482	1053.840	534	831	1033	280	55	417	852	970	438	58	202.687	896	235	225	218	212	206	198	187	172	150	113	151.485	506	177	168	161	154	148	143	139	133	125	106	1	17	471.823	1033.671	0	0	0	615	0	0	0	351	0	0	0	1	17	471.823	1033.671	0	0	0	615	0	0	0	351	0	0	0
188	188	1742	1347.238	1044.678	196	456	588	372	99	203	707	592	187	13	404.750	13116	301	192	177	167	159	154	148	143	134	110	183.289	2600	179	162	157	153	150	146	141	135	125	106	1	77	1350.492	1029.571	0	0	0	5574	0	0	0	1343	0	0	0	0	0	0.000	0.000	0	0	0	0	0	0	0	0	0	0	0
189	189	1292	1399.778	1055.838	198	301	531	220	15	147	261	564	214	73	137.988	168	155	150	146	142	139	135	131	127	120	103	138.108	172	153	149	145	142	140	137	133	127	121	104	0	0	0.000	0.000	0	0	0	0	0	0	0	0	0	0	0	0	0	0.000	0.000	0	0	0	0	0	0	0	0	0	0	0
190	190	888	1446.834	1056.150	125	196	330	177	40	110	248	336	137	44	273.337	397	361	341	323	306	283	263	237	206	166	113	109.151	125	115	113	111	110	109	107	106	105	104	99	0	0	0.000	0.000	0	0	0	0	0	0	0	0	0	0	0	0	0	0.000	0.000	0	0	0	0	0	0	0	0	0	0	0
191	191	1014	726.915	1056.791	277	353	275	83	9	313	410	204	44	13	110.656	124	116	115	113	112	111	109	108	107	105	97	110.671	127	119	115	113	111	110	108	107	106	104	98	0	0	0.000	0.000	0	0	0	0	0	0	0	0	0	0	0	0	0	0.000	0.000	0	0	0	0	0	0	0	0	0	0	0
192	192	2075	1491.555	1079.833	331	1012	626	56	12	197	729	786	300	12	838.130	17438	939	552	498	464	432	392	348	299	239	125	131.344	837	138	123	118	115	113	111	110	108	106	98	1	82	1500.667	1074.342	0	0	0	8719	0	0	0	427	0	0	0	1	85	1501.160	1073.975	0	0	0	7666	0	0	0	427	0	0	0
193	193	1308	1190.838	1076.981	240	343	429	225	45	229	424	352	247	32	114.688	133	122	119	118	116	115	113	112	110	108	99	145.265	208	163	157	153	149	146	143	139	133	126	108	0	0	0.000	0.000	0	0	0	0	0	0	0	0	0	0	0	0	0	0.000	0.000	0	0	0	0	0	0	0	0	0	0	0
194	194	1522	886.793	1078.156	383	487	438	178	16	364	561	398	157	13	601.725	11385	969	296	193	159	145	138	133	128	120	102	209.181	1648	265	180	169	162	156	151	146	139	130	107	1	103	895.199	1078.423	0	0	0	5081	0	0	0	787	0	0	0	1	99	894.978	1078.760	0	0	0	5371	0	0	0	797	0	0	0
195	195	1685	828.359	1089.016	201	476	571	316	77	214	524	643	217	49	134.733	840	153	142	136	132	128	125	121	116	111	100	144.531	294	167	160	155	150	146	141	135	124	113	97	1	28	832.984	1070.154	0	0	0	388	0	0	0	202	0	0	0	0	0	0.000	0.000	0	0	0	0	0	0	0	0	0	0	0
196	196	2023	755.372	1097.943	517	494	581	337	67	476	567	557	261	131	114.511	132	122	120	118	116	115	113	111	109	107	100	110.938	128	117	115	113	112	111	109	108	107	105	99	0	0	0.000	0.000	0	0	0	0	0	0	0	0	0	0	0	0	0	0.000	0.000	0	0	0	0	0	0	0	0	0	0	0
197	197	1385	1829.386	1092.351	289	568	471	21	10	148	382	450	241	129	1018.286	3038	1342	1237	1190	1144	1082	1006	900	739	559	218	133.554	316	153	145	139	135	131	127	124	120	116	102	0	0	0.000	0.000	0	0	0	0	0	0	0	0	0	0	0	0	0	0.000	0.000	0	0	0	0	0	0	0	0	0	0	0
198	198	772	924.087	1100.833	135	200	183	174	61	170	191	251	114	31	112.047	126	118	116	114	113	112	111	110	108	107	99	209.006	289	252	240	232	225	215	203	193	180	157	112	0	0	0.000	0.000	0	0	0	0	0	0	0	0	0	0	0	0	0	0.000	0.000	0	0	0	0	0	0	0	0	0	0	0
199	199	1864	527.835	1124.183	337	506	604	338	42	376	704	552	172	24	2503.356	25993	5914	1553	1043	906	814	737	668	557	388	142	329.413	3559	650	207	152	138	129	123	118	115	111	100	1	226	525.782	1128.230	0	0	0	13906	0	0	0	1487	0	0	0	1	190	525.852	1127.871	0	0	0	17074	0	0	0	1800	0	0	0
200	200	1108	1462.134	1117.574	346	233	268	180	62	343	273	301	146	31	115.431	136	124	121	119	117	116	114	112	109	107	101	247.426	397	345	316	290	265	251	233	210	176	144	107	0	0	0.000	0.000	0	0	0	0	0	0	0	0	0	0	0	0	0	0.000	0.000	0	0	0	0	0	0	0	0	0	0	0
201	201	2900	182.801	1154.982	2086	579	148	45	16	2067	559	159	69	22	225.849	378	313	289	271	255	234	208	181	156	123	101	121.526	162	137	132	128	125	122	118	115	110	105	98	0	0	0.000	0.000	0	0	0	0	0	0	0	0	0	0	0	0	0	0.000	0.000	0	0	0	0	0	0	0	0	0	0	0
202	202	2634	923.927	1148.746	672	862	627	368	74	662	1062	516	279	70	111.591	126	117	115	114	113	112	110	109	108	106	99	206.618	313	246	237	231	224	216	208	196	173	142	108	0	0	0.000	0.000	0	0	0	0	0	0	0	0	0	0	0	0	0	0.000	0.000	0	0	0	0	0	0	0	0	0	0	0
203	203	1218	1251.563	1143.820	97	291	473	288	42	112	381	435	220	52	379.760	527	472	448	431	411	393	373	349	319	270	148	110.422	123	116	114	113	111	110	109	108	107	105	99	0	0	0.000	0.000	0	0	0	0	0	0	0	0	0	0	0	0	0	0.000	0.000	0	0	0	0	0	0	0	0	0	0	0
204	204	855	753.785	1144.778	234	202	217	151	44	237	263	240	84	16	108.694	122	114	112	111	110	109	107	106	105	103	99	109.214	128	116	113	112	110	109	107	106	105	104	100	0	0	0.000	0.000	0	0	0	0	0	0	0	0	0	0	0	0	0	0.000	0.000	0	0	0	0	0	0	0	0	0	0	0
205	205	1677	1391.446	1154.733	472	433	449	259	44	465	584	381	188	31	116.455	146	127	122	120	118	116	114	112	109	107	99	279.063	528	446	403	357	317	280	242	188	139	118	102	0	0	0.000	0.000	0	0	0	0	0	0	0	0	0	0	0	0	0	0.000	0.000	0	0	0	0	0	0	0	0	0	0	0
206	206	1676	228.694	1170.178	328	572	490	195	48	268	578	546	188	68	296.349	419	375	355	341	328	316	302	280	234	174	110	132.520	164	147	143	140	137	135	132	128	122	114	101	0	0	0.000	0.000	0	0	0	0	0	0	0	0	0	0	0	0	0	0.000	0.000	0	0	0	0	0	0	0	0	0	0	0
207	207	2129	327.802	1185.866	403	711	682	264	30	362	830	610	278	12	294.139	7694	268	150	138	132	128	125	121	117	112	98	155.854	844	164	157	153	148	144	138	134	128	118	100	1	78	307.787	1177.776	0	0	0	3192	0	0	0	467	0	0	0	1	69	307.627	1177.624	0	0	0	3233	0	0	0	519	0	0	0
208	208	2513	982.263	1193.097	612	768	698	332	57	544	991	582	299	51	116.718	136	125	122	120	118	117	115	113	111	109	101	407.644	706	521	493	475	461	443	415	368	302	222	127	0	0	0.000	0.000	0	0	0	0	0	0	0	0	0	0	0	0	0	0.000	0.000	0	0	0	0	0	0	0	0	0	0	0
209	209	689	1912.868	1180.864	147	225	181	95	30	101	224	233	106	12	115.985	133	122	120	119	117	116	115	113	112	110	103	265.861	352	321	308	298	286	274	263	247	227	194	119	0	0	0.000	0.000	0	0	0	0	0	0	0	0	0	0	0	0	0	0.000	0.000	0	0	0	0	0	0	0	0	0	0	0
210	210	1448	529.145	1202.150	501	505	366	46	21	312	408	416	206	81	378.173	7920	467	178	148	139	134	131	127	123	118	103	275.704	1432	331	303	280	265	249	234	214	194	173	127	1	74	515.342	1203.409	0	0	0	3807	0	0	0	794	0	0	0	1	48	515.564	1203.330	0	0	0	4697	0	0	0	1008	0	0	0
211	211	1768	386.834	1202.688	221	366	579	450	111	189	384	649	405	105	129.296	512	139	134	130	127	125	122	120	116	113	102	138.158	220	153	148	145	142	139	136	132	128	120	102	2	31	398.614	1212.281	13	387.917	1186.981	251	0	220	0	164	0	162	0	0	0	0.000	0.000	0	0	0	0	0	0	0	0	0	0	0
212	212	848	1318.960	1199.886	139	221	313	136	24	143	248	287	123	30	113.375	133	120	118	116	114	113	112	110	109	107	99	128.163	154	142	138	134	131	129	126	122	119	114	101	0	0	0.000	0.000	0	0	0	0	0	0	0	0	0	0	0	0	0	0.000	0.000	0	0	0	0	0	0	0	0	0	0	0
213	213	1229	194.390	1210.477	240	314	350	259	52	235	375	371	197	33	285.833	420	353	328	313	303	293	284	274	247	197	121	129.656	156	141	138	135	133	131	129	126	121	114	104	0	0	0.000	0.000	0	0	0	0	0	0	0	0	0	0	0	0	0	0.000	0.000	0	0	0	0	0	0	0	0	0	0	0
214	214	1327	1497.626	1228.583	206	384	464	199	53	199	508	456	122	19	147.213	937	160	149	144	140	137	134	130	126	119	105	121.790	202	131	128	125	123	121	119	117	114	110	100	1	29	1492.371	1225.825	0	0	0	465	0	0	0	150	0	0	0	0	0	0.000	0.000	0	0	0	0	0	0	0	0	0	0	0
215	215	1280	828.660	1228.335	147	341	384	333	45	114	436	411	248	50	110.705	200	115	113	112	111	110	109	108	107	106	100	130.149	149	141	137	135	133	131	128	126	123	119	106	1	17	831.911	1246.522	0	0	0	151	0	0	0	129	0	0	0	0	0	0.000	0.000	0	0	0	0	0	0	0	0	0	0	0
216	216	2497	443.451	1229.861	1284	973	123	56	24	1382	884	147	29	17	3718.562	33615	17058	2566	914	472	309	231	192	166	138	106	1360.625	11458	4568	1057	618	482	419	378	344	283	213	112	1	502	443.573	1226.021	0	0	0	16948	0	0	0	4518	0	0	0	1	407	443.782	1226.154	0	0	0	22251	0	0	0	5894	0	0	0
217	217	1988	263.054	1233.337	279	608	741	288	36	198	612	818	255	59	111.155	146	116	115	113	112	111	110	109	107	105	99	141.455	175	160	154	150	147	143	139	135	128	119	104	0	0	0.000	0.000	0	0	0	0	0	0	0	0	0	0	0	0	0	0.000	0.000	0	0	0	0	0	0	0	0	0	0	0
218	218	986	711.466	1236.359	239	401	260	53	8	154	387	267	127	32	106.799	117	111	109	108	108	107	106	105	104	103	99	106.857	120	112	110	108	107	106	106	105	104	103	95	0	0	0.000	0.000	0	0	0	0	0	0	0	0	0	0	0	0	0	0.000	0.000	0	0	0	0	0	0	0	0	0	0	0
219	219	915	1013.455	1246.140	93	237	316	224	23	83	259	369	130	59	122.479	141	132	129	127	125	123	121	119	116	112	104	172.176	217	202	195	189	181	175	167	161	150	137	110	0	0	0.000	0.000	0	0	0	0	0	0	0	0	0	0	0	0	0	0.000	0.000	0	0	0	0	0	0	0	0	0	0	0
220	220	2690	384.323	1256.405	699	874	825	236	22	504	527	1000	462	154	545.245	11807	614	254	209	193	183	174	164	153	137	102	495.765	3660	605	508	474	443	416	389	361	311	226	116	1	147	394.620	1254.995	0	0	0	5460	0	0	0	1926	0	0	0	1	125	394.777	1255.322	0	0	0	6297	0	0	0	2244	0	0	0
221	221	2103	1339.889	1255.504	644	574	577	254	31	652	747	475	166	22	338.647	589	444	416	392	372	350	330	305	266	192	116	111.419	132	119	116	114	112	110	109	108	107	105	98	0	0	0.000	0.000	0	0	0	0	0	0	0	0	0	0	0	0	0	0.000	0.000	0	0	0	0	0	0	0	0	0	0	0
222	222	979	1572.450	1249.834	334	525	68	18	13	315	437	165	21	17	120.668	144	130	128	125	123	120	118	116	114	111	101	112.017	129	118	116	114	113	112	111	109	108	106	100	0	0	0.000	0.000	0	0	0	0	0	0	0	0	0	0	0	0	0	0.000	0.000	0	0	0	0	0	0	0	0	0	0	0
223	223	1402	1268.162	1257.434	168	373	525	264	44	112	352	599	220	93	147.403	179	163	159	156	153	150	147	142	136	127	105	300.244	432	385	368	352	332	309	285	258	233	206	127	0	0	0.000	0.000	0	0	0	0	0	0	0	0	0	0	0	0	0	0.000	0.000	0	0	0	0	0	0	0	0	0	0	0
224	224	1404	297.407	1264.938	307	467	412	173	18	197	452	430	203	86	109.068	121	114	112	111	110	109	108	107	106	104	98	137.056	170	156	150	145	141	138	134	129	124	117	106	0	0	0.000	0.000	0	0	0	0	0	0	0	0	0	0	0	0	0	0.000	0.000	0	0	0	0	0	0	0	0	0	0	0
225	225	1641	1163.374	1254.933	478	729	363	28	8	327	714	369	171	32	602.657	11627	623	217	189	179	166	158	150	141	130	106	291.628	3106	326	218	202	193	186	178	170	161	142	106	1	121	1151.949	1247.717	0	0	0	5214	0	0	0	1487	0	0	0	1	116	1152.321	1247.659	0	0	0	5523	0	0	0	1540	0	0	0
226	226	718	1124.947	1268.280	65	247	294	79	18	71	305	238	72	21	114.252	141	122	119	116	115	113	112	111	109	107	100	110.038	127	118	115	112	110	109	108	107	105	104	99	0	0	0.000	0.000	0	0	0	0	0	0	0	0	0	0	0	0	0	0.000	0.000	0	0	0	0	0	0	0	0	0	0	0
227	227	558	1215.645	1267.931	52	144	183	137	32	38	231	154	101	28	165.043	199	184	179	175	171	168	164	159	153	143	111	115.186	129	121	119	117	116	115	114	113	111	110	104	0	0	0.000	0.000	0	0	0	0	0	0	0	0	0	0	0	0	0	0.000	0.000	0	0	0	0	0	0	0	0	0	0	0
228	228	1720	1521.166	1280.989	413	837	379	43	13	212	638	624	192	27	705.553	9615	923	616	533	485	450	413	377	335	270	151	152.729	1159	175	138	129	125	121	118	115	113	110	101	1	80	1521.544	1282.511	0	0	0	4758	0	0	0	500	0	0	0	1	89	1522.617	1281.657	0	0	0	3395	0	0	0	554	0	0	0
229	229	1128	454.768	1290.021	173	404	365	130	29	101	273	336	297	107	111.239	130	117	115	114	112	111	110	108	107	105	101	113.769	130	121	118	116	115	114	112	111	109	107	100	0	0	0.000	0.000	0	0	0	0	0	0	0	0	0	0	0	0	0	0.000	0.000	0	0	0	0	0	0	0	0	0	0	0
230	230	2004	662.777	1300.356	472	601	547	289	52	444	768	456	223	83	632.236	16618	783	282	191	165	153	145	135	125	116	103	428.523	2650	555	490	458	421	392	357	318	263	191	108	1	101	663.444	1302.134	0	0	0	6886	0	0	0	1336	0	0	0	1	68	663.846	1302.040	0	0	0	9651	0	0	0	1694	0	0	0
231	231	1909	1290.523	1302.575	126	581	852	268	40	56	436	950	338	99	1546.211	20073	2635	864	646	562	506	460	413	368	309	171	186.550	1464	268	149	131	124	119	116	113	111	109	100	1	176	1292.315	1295.032	0	0	0	10469	0	0	0	567	0	0	0	1	168	1291.693	1296.105	0	0	0	9966	0	0	0	738	0	0	0
232	232	1555	1145.144	1312.107	281	382	548	293	24	220	309	466	377	156	156.967	1232	174	162	155	149	144	140	136	131	124	106	177.815	602	207	195	187	181	175	169	163	154	139	106	1	28	1136.221	1320.063	0	0	0	573	0	0	0	261	0	0	0	1	18	1133.951	1316.761	0	0	0	212	0	0	0	462	0	0	0
233	233	1882	1483.328	1321.556	461	798	507	70	16	336	684	608	194	24	646.844	9729	825	602	547	501	460	429	395	338	271	136	136.923	1038	146	129	124	120	117	115	113	111	108	100	1	58	1487.098	1317.378	0	0	0	4507	0	0	0	545	0	0	0	1	65	1487.089	1317.095	0	0	0	4300	0	0	0	514	0	0	0
234	234	2132	716.576	1319.927	329	466	678	464	157	362	990	507	204	30	143.081	177	160	155	152	149	145	141	137	131	122	106	404.301	584	533	506	478	447	414	382	352	313	256	152	0	0	0.000	0.000	0	0	0	0	0	0	0	0	0	0	0	0	0	0.000	0.000	0	0	0	0	0	0	0	0	0	0	0
235	235	1955	428.216	1327.482	444	589	627	205	50	541	746	459	160	19	111.218	127	117	115	114	113	111	110	109	107	105	98	112.851	138	122	118	116	114	112	110	109	107	105	94	0	0	0.000	0.000	0	0	0	0	0	0	0	0	0	0	0	0	0	0.000	0.000	0	0	0	0	0	0	0	0	0	0	0
236	236	1983	570.639	1322.022	250	869	622	191	25	184	762	658	241	80	868.211	18930	1333	386	236	188	166	153	143	135	124	104	264.136	3167	346	198	174	164	157	151	144	135	125	100	1	123	568.824	1315.800	0	0	0	8238	0	0	0	1457	0	0	0	1	123	568.787	1315.458	0	0	0	8238	0	0	0	1457	0	0	0
237	237	1636	1004.072	1327.455	412	722	420	51	9	193	710	493	176	32	1068.381	20950	1810	455	246	179	153	143	137	129	121	105	282.015	2558	382	247	222	207	196	187	176	160	138	105	1	118	1006.289	1322.995	0	0	0	9865	0	0	0	1129	0	0	0	1	102	1006.496	1322.750	0	0	0	11323	0	0	0	1337	0	0	0
238	238	1057	954.796	1336.620	130	273	371	198	60	108	387	349	125	65	115.589	131	121	119	118	117	115	114	113	112	110	101	134.001	159	146	142	140	138	135	133	130	125	119	105	0	0	0.000	0.000	0	0	0	0	0	0	0	0	0	0	0	0	0	0.000	0.000	0	0	0	0	0	0	0	0	0	0	0
239	239	713	1738.806	1338.965	98	234	250	113	12	82	230	234	129	28	110.393	121	115	114	113	111	110	109	108	107	105	99	151.752	182	168	164	161	157	154	150	146	140	132	112	0	0	0.000	0.000	0	0	0	0	0	0	0	0	0	0	0	0	0	0.000	0.000	0	0	0	0	0	0	0	0	0	0	0
240	240	1206	788.338	1347.506	228	515	357	76	11	115	377	498	172	22	126.532	153	139	136	133	130	127	124	121	117	112	103	208.953	293	266	253	239	226	215	199	185	166	142	105	0	0	0.000	0.000	0	0	0	0	0	0	0	0	0	0	0	0	0	0.000	0.000	0	0	0	0	0	0	0	0	0	0	0
241	241	1224	1279.249	1354.432	201	272	440	256	28	174	394	411	184	40	416.458	666	569	518	477	449	431	408	374	313	239	125	115.484	136	124	121	119	118	116	114	111	109	106	101	0	0	0.000	0.000	0	0	0	0	0	0	0	0	0	0	0	0	0	0.000	0.000	0	0	0	0	0	0	0	0	0	0	0
242	242	1553	1076.547	1365.505	377	390	471	249	49	322	544	434	185	32	114.293	128	120	118	116	115	114	113	112	111	109	103	107.473	123	113	110	109	108	107	106	105	104	103	99	0	0	0.000	0.000	0	0	0	0	0	0	0	0	0	0	0	0	0	0.000	0.000	0	0	0	0	0	0	0	0	0	0	0
243	243	1298	1665.632	1365.515	332	432	299	171	39	339	504	282	123	27	109.621	123	115	113	112	111	110	109	107	106	105	97	145.613	184	165	158	154	151	148	144	140	133	122	100	0	0	0.000	0.000	0	0	0	0	0	0	0	0	0	0	0	0	0	0.000	0.000	0	0	0	0	0	0	0	0	0	0	0
244	244	932	1232.716	1369.737	118	293	359	133	14	101	334	315	126	40	228.132	331	295	279	267	252	237	223	204	174	139	108	115.152	142	128	124	120	116	114	111	109	107	105	98	0	0	0.000	0.000	0	0	0	0	0	0	0	0	0	0	0	0	0	0.000	0.000	0	0	0	0	0	0	0	0	0	0	0
245	245	2201	974.919	1380.394	643	929	498	83	7	440	993	508	174	40	131.093	223	142	138	135	132	130	128	126	124	120	106	994.917	1493	1307	1259	1209	1151	1080	980	866	751	518	178	0	0	0.000	0.000	0	0	0	0	0	0	0	0	0	0	0	0	0	0.000	0.000	0	0	0	0	0	0	0	0	0	0	0
246	246	1601	1187.604	1388.403	496	564	432	66	19	302	389	468	262	142	836.285	16734	1249	518	378	322	294	267	243	210	168	115	165.079	1505	194	143	131	124	119	116	112	109	105	98	1	94	1186.719	1383.920	0	0	0	6801	0	0	0	686	0	0	0	1	81	1186.659	1383.867	0	0	0	7898	0	0	0	789	0	0	0
247	247	1666	796.131	1403.497	244	641	587	149	16	218	798	479	117	14	642.594	15307	871	297	189	161	149	142	137	132	126	105	171.939	1564	198	146	138	133	128	124	121	118	114	104	1	91	784.668	1405.247	0	0	0	6528	0	0	0	684	0	0	0	1	89	784.629	1405.178	0	0	0	6644	0	0	0	713	0	0	0
248	248	1645	333.584	1404.440	323	628	492	145	21	258	619	486	212	42	112.475	127	119	117	115	114	113	111	110	108	105	99	167.331	222	203	195	188	181	173	162	151	138	123	102	0	0	0.000	0.000	0	0	0	0	0	0	0	0	0	0	0	0	0	0.000	0.000	0	0	0	0	0	0	0	0	0	0	0
249	249	1775	1680.698	1415.178	193	552	591	348	57	150	426	638	415	112	108.114	120	113	111	110	109	108	107	106	105	104	98	142.004	174	159	154	150	147	144	140	135	130	122	103	0	0	0.000	0.000	0	0	0	0	0	0	0	0	0	0	0	0	0	0.000	0.000	0	0	0	0	0	0	0	0	0	0	0
250	250	1179	465.454	1411.888	133	302	393	259	70	175	474	311	168	31	107.307	122	112	110	109	108	107	106	105	104	103	97	142.108	180	160	154	149	146	143	140	136	130	123	105	0	0	0.000	0.000	0	0	0	0	0	0	0	0	0	0	0	0	0	0.000	0.000	0	0	0	0	0	0	0	0	0	0	0
251	251	1852	237.515	1422.506	348	639	580	214	39	203	394	596	438	183	689.657	5726	923	788	693	635	585	541	498	437	350	167	145.709	951	158	146	139	134	129	125	122	118	114	100	1	49	225.018	1418.407	0	0	0	3377	0	0	0	454	0	0	0	1	60	224.389	1419.298	0	0	0	3056	0	0	0	467	0	0	0
252	252	1768	438.475	1454.386	648	813	223	34	25	894	748	71	16	11	107.703	118	112	110	109	108	108	107	106	105	104	98	146.245	182	166	161	157	153	148	143	138	131	123	103	0	0	0.000	0.000	0	0	0	0	0	0	0	0	0	0	0	0	0	0.000	0.000	0	0	0	0	0	0	0	0	0	0	0
253	253	1283	187.718	1458.530	226	348	432	238	19	211	401	407	174	70	662.118	1041	932	844	781	738	694	646	587	474	334	137	148.108	194	174	167	162	156	150	144	139	129	117	102	0	0	0.000	0.000	0	0	0	0	0	0	0	0	0	0	0	0	0	0.000	0.000	0	0	0	0	0	0	0	0	0	0	0
254	254	1501	1182.408	1463.838	157	430	599	261	29	139	446	608	222	54	114.278	129	121	119	117	116	114	113	111	110	108	101	196.415	276	244	232	221	210	204	194	181	158	132	107	0	0	0.000	0.000	0	0	0	0	0	0	0	0	0	0	0	0	0	0.000	0.000	0	0	0	0	0	0	0	0	0	0	0
255	255	1576	655.819	1481.188	450	533	412	132	19	385	546	420	164	30	1082.323	22653	1160	475	351	310	287	268	243	209	170	116	284.460	4962	318	181	154	141	133	127	123	118	114	102	0	0	0.000	0.000	0	0	0	0	0	0	0	0	0	0	0	0	0	0.000	0.000	0	0	0	0	0	0	0	0	0	0	0
256	256	2456	1129.650	1491.707	481	933	732	244	27	395	966	685	299	66	142.673	3278	133	125	121	119	117	116	114	111	108	98	219.885	377	311	283	260	239	221	202	180	152	125	106	1	34	1102.838	1485.634	0	0	0	1268	0	0	0	133	0	0	0	0	0	0.000	0.000	0	0	0	0	0	0	0	0	0	0	0
257	257	2638	718.318	1505.876	799	781	695	282	44	713	960	627	254	43	114.729	134	122	120	118	116	115	113	111	109	107	98	314.754	613	468	402	365	342	321	295	259	210	146	109	0	0	0.000	0.000	0	0	0	0	0	0	0	0	0	0	0	0	0	0.000	0.000	0	0	0	0	0	0	0	0	0	0	0
258	258	2097	105.801	1500.216	448	661	666	258	31	392	605	671	307	86	2207.235	26570	6321	1165	468	289	218	183	162	145	125	104	422.671	3158	864	348	284	264	248	230	211	191	157	110	1	285	98.475	1497.632	0	0	0	12810	0	0	0	1433	0	0	0	1	230	98.480	1497.471	0	0	0	16567	0	0	0	1751	0	0	0
259	259	1828	1835.948	1499.349	180	409	635	495	86	86	406	777	435	95	662.260	11334	922	436	369	341	317	293	265	232	191	130	149.892	1001	170	134	129	125	122	120	117	114	111	101	1	98	1828.459	1490.200	0	0	0	5189	0	0	0	504	0	0	0	1	91	1828.113	1489.860	0	0	0	5417	0	0	0	541	0	0	0
260	260	2070	524.685	1504.909	365	659	666	294	47	300	894	617	174	38	633.199	13833	702	380	323	299	281	264	244	213	176	116	159.028	1540	171	137	130	126	123	120	118	115	111	101	1	89	520.664	1498.093	0	0	0	6432	0	0	0	656	0	0	0	1	86	521.124	1498.512	0	0	0	6764	0	0	0	789	0	0	0
261	261	2125	1202.316	1512.732	503	933	545	80	19	314	628	769	277	88	138.446	173	152	149	146	143	140	137	133	128	121	103	220.236	320	274	259	246	234	224	214	203	186	154	106	0	0	0.000	0.000	0	0	0	0	0	0	0	0	0	0	0	0	0	0.000	0.000	0	0	0	0	0	0	0	0	0	0	0
262	262	1721	436.571	1510.262	333	441	562	321	22	282	614	529	224	40	108.337	122	113	111	110	109	108	107	106	105	104	99	113.800	133	121	119	117	115	114	112	110	109	107	99	0	0	0.000	0.000	0	0	0	0	0	0	0	0	0	0	0	0	0	0.000	0.000	0	0	0	0	0	0	0	0	0	0	0
263	263	1379	1011.593	1507.296	388	517	344	85	24	478	493	287	78	12	122.837	161	134	130	127	124	122	120	118	116	113	104	399.797	682	570	527	483	444	413	374	332	292	188	114	0	0	0.000	0.000	0	0	0	0	0	0	0	0	0	0	0	0	0	0.000	0.000	0	0	0	0	0	0	0	0	0	0	0
264	264	1561	214.012	1517.686	472	471	398	175	24	286	401	396	343	101	110.552	124	116	114	113	112	111	110	108	107	105	97	132.195	166	148	145	141	138	135	131	126	120	110	100	0	0	0.000	0.000	0	0	0	0	0	0	0	0	0	0	0	0	0	0.000	0.000	0	0	0	0	0	0	0	0	0	0	0
265	265	1563	256.727	1540.155	409	534	447	134	12	257	499	469	242	68	115.961	500	121	117	114	113	111	110	108	107	105	99	134.295	220	152	147	143	139	136	132	127	120	112	99	1	26	267.345	1545.162	0	0	0	255	0	0	0	162	0	0	0	0	0	0.000	0.000	0	0	0	0	0	0	0	0	0	0	0
266	266	1845	464.093	1554.948	157	689	693	236	39	84	530	845	258	94	108.562	126	113	111	110	109	108	107	107	106	104	99	113.404	134	121	118	116	114	113	112	110	109	107	98	0	0	0.000	0.000	0	0	0	0	0	0	0	0	0	0	0	0	0	0.000	0.000	0	0	0	0	0	0	0	0	0	0	0
267	267	1338	1235.425	1554.816	214	350	484	241	25	172	370	564	146	57	129.874	151	141	138	136	134	132	130	127	121	114	100	209.750	280	253	245	239	232	223	210	199	174	135	106	0	0	0.000	0.000	0	0	0	0	0	0	0	0	0	0	0	0	0	0.000	0.000	0	0	0	0	0	0	0	0	0	0	0
268	268	2021	129.670	1560.720	630	840	476	41	11	346	684	612	299	39	612.596	10963	910	302	211	184	165	154	144	134	125	105	247.678	1197	322	256	233	216	206	200	193	181	155	107	1	145	123.299	1557.716	0	0	0	5209	0	0	0	704	0	0	0	1	118	123.491	1557.343	0	0	0	6010	0	0	0	783	0	0	0
269	269	2179	778.150	1565.812	216	687	697	449	80	283	895	701	230	35	687.479	1259	971	840	775	730	692	652	595	523	390	122	107.994	121	113	111	110	109	108	107	106	105	104	96	0	0	0.000	0.000	0	0	0	0	0	0	0	0	0	0	0	0	0	0.000	0.000	0	0	0	0	0	0	0	0	0	0	0
270	270	1974	1537.966	1569.296	504	1116	278	25	14	529	1089	306	23	6	310.250	5817	340	234	219	208	198	186	175	161	139	102	135.674	794	141	133	128	125	122	119	117	114	110	100	1	66	1546.181	1558.885	0	0	0	2612	0	0	0	436	0	0	0	1	67	1545.749	1558.979	0	0	0	2589	0	0	0	429	0	0	0
271	271	1567	659.447	1605.655	768	494	202	64	10	574	612	248	79	33	114.560	136	121	119	117	116	114	113	112	110	108	101	212.204	284	257	245	234	225	215	206	194	183	162	106	0	0	0.000	0.000	0	0	0	0	0	0	0	0	0	0	0	0	0	0.000	0.000	0	0	0	0	0	0	0	0	0	0	0
272	272	1993	905.000	1613.664	404	657	633	238	38	315	530	703	285	111	486.761	735	647	615	589	563	532	480	421	348	256	116	106.840	123	112	110	108	107	106	105	104	104	103	97	0	0	0.000	0.000	0	0	0	0	0	0	0	0	0	0	0	1	106	889.535	1607.299	0	0	0	433	0	0	0	114	0	0	0
273	273	2368	830.654	1638.747	347	990	823	125	32	265	674	1007	290	90	1774.163	14093	2591	2094	1814	1669	1512	1316	1140	885	564	173	189.358	1455	219	186	172	161	153	147	141	132	122	104	1	89	818.997	1644.570	0	0	0	8548	0	0	0	806	0	0	0	1	102	819.812	1644.249	0	0	0	7965	0	0	0	781	0	0	0
274	274	1061	193.955	1632.125	308	258	232	216	34	260	225	240	241	82	116.826	131	124	122	120	119	117	116	114	112	109	102	124.737	150	136	132	129	127	125	123	121	117	113	103	0	0	0.000	0.000	0	0	0	0	0	0	0	0	0	0	0	0	0	0.000	0.000	0	0	0	0	0	0	0	0	0	0	0
275	275	1992	1379.106	1638.138	253	735	558	343	49	432	833	482	179	21	113.439	129	120	118	116	115	113	112	111	109	107	99	333.234	474	408	393	380	365	346	333	312	280	224	114	0	0	0.000	0.000	0	0	0	0	0	0	0	0	0	0	0	0	0	0.000	0.000	0	0	0	0	0	0	0	0	0	0	0
276	276	802	1621.054	1639.098	170	223	202	155	41	131	242	215	158	43	110.344	122	116	114	113	111	110	109	108	107	104	99	106.778	119	111	110	108	107	107	106	105	104	103	95	0	0	0.000	0.000	0	0	0	0	0	0	0	0	0	0	0	0	0	0.000	0.000	0	0	0	0	0	0	0	0	0	0	0
277	277	1109	1108.506	1648.454	496	327	205	56	10	381	375	227	82	33	110.197	129	117	115	113	112	110	109	107	105	103	97	428.412	747	687	638	581	519	447	379	290	188	138	111	0	0	0.000	0.000	0	0	0	0	0	0	0	0	0	0	0	0	0	0.000	0.000	0	0	0	0	0	0	0	0	0	0	0
278	278	1595	781.756	1659.964	270	517	594	155	32	179	503	590	218	65	1422.424	2543	2196	1987	1806	1640	1497	1269	1050	859	599	221	150.773	214	187	178	170	162	152	142	131	121	113	101	0	0	0.000	0.000	0	0	0	0	0	0	0	0	0	0	0	0	0	0.000	0.000	0	0	0	0	0	0	0	0	0	0	0
279	279	1650	380.214	1690.304	427	646	428	99	21	424	818	333	44	10	533.345	803	680	645	621	604	580	535	482	402	305	152	121.124	167	139	129	124	121	119	117	114	111	109	100	0	0	0.000	0.000	0	0	0	0	0	0	0	0	0	0	0	0	0	0.000	0.000	0	0	0	0	0	0	0	0	0	0	0
280	280	989	757.611	1699.483	169	363	298	123	20	120	437	277	116	24	479.349	736	652	596	550	515	481	449	418	382	303	139	108.419	125	114	111	110	109	108	107	106	105	104	100	0	0	0.000	0.000	0	0	0	0	0	0	0	0	0	0	0	0	0	0.000	0.000	0	0	0	0	0	0	0	0	0	0	0
281	281	1529	1511.951	1707.225	250	583	525	133	14	171	607	495	197	32	1359.852	16129	2086	1000	868	815	754	699	648	592	437	128	216.666	2302	297	161	144	137	134	130	127	122	114	101	1	96	1506.548	1698.965	0	0	0	9369	0	0	0	1164	0	0	0	1	96	1506.914	1698.754	0	0	0	9369	0	0	0	1164	0	0	0
282	282	1758	266.958	1721.918	136	572	660	290	66	155	769	562	205	37	1015.001	1500	1308	1220	1153	1104	1061	1005	934	851	641	206	109.611	140	118	113	111	109	108	107	106	105	104	98	0	0	0.000	0.000	0	0	0	0	0	0	0	0	0	0	0	0	0	0.000	0.000	0	0	0	0	0	0	0	0	0	0	0
283	283	678	1122.397	1714.552	101	257	196	97	15	53	280	221	88	21	108.934	121	114	112	111	110	109	108	107	106	104	96	172.037	213	196	192	187	182	175	170	163	154	142	108	0	0	0.000	0.000	0	0	0	0	0	0	0	0	0	0	0	0	0	0.000	0.000	0	0	0	0	0	0	0	0	0	0	0
284	284	1763	530.963	1729.707	314	658	538	196	30	275	715	462	218	62	511.889	12362	615	199	152	138	133	130	127	124	120	107	171.904	1199	172	160	155	151	147	143	139	134	128	106	1	89	514.820	1733.891	0	0	0	5697	0	0	0	534	0	0	0	1	75	515.014	1733.997	0	0	0	6351	0	0	0	617	0	0	0
285	285	1257	355.409	1738.163	255	548	359	55	12	78	439	405	225	89	510.415	796	661	602	580	559	534	495	454	405	329	167	121.989	162	142	132	126	122	119	117	114	111	109	100	0	0	0.000	0.000	0	0	0	0	0	0	0	0	0	0	0	0	0	0.000	0.000	0	0	0	0	0	0	0	0	0	0	0
286	286	1605	401.459	1744.300	161	488	607	280	43	158	778	495	136	13	1572.093	2557	2215	2007	1879	1759	1653	1494	1335	1130	809	255	119.568	162	137	128	123	119	117	114	112	110	108	101	0	0	0.000	0.000	0	0	0	0	0	0	0	0	0	0	0	0	0	0.000	0.000	0	0	0	0	0	0	0	0	0	0	0
287	287	1609	307.777	1754.316	268	581	484	215	36	168	518	538	311	48	131.057	162	142	139	137	134	132	130	127	124	118	103	217.960	292	261	250	241	232	223	215	206	190	162	114	0	0	0.000	0.000	0	0	0	0	0	0	0	0	0	0	0	0	0	0.000	0.000	0	0	0	0	0	0	0	0	0	0	0
288	288	1924	1109.646	1755.562	189	462	723	396	119	143	535	833	302	78	113.400	130	119	117	116	115	113	112	111	109	107	100	189.219	267	235	219	205	195	186	178	171	162	152	119	0	0	0.000	0.000	0	0	0	0	0	0	0	0	0	0	0	0	0	0.000	0.000	0	0	0	0	0	0	0	0	0	0	0
289	289	1038	1668.041	1749.178	855	115	25	20	14	866	114	29	14	8	130.477	185	157	144	135	129	126	123	119	117	113	103	137.211	174	155	151	147	143	140	136	130	121	113	103	0	0	0.000	0.000	0	0	0	0	0	0	0	0	0	0	0	0	0	0.000	0.000	0	0	0	0	0	0	0	0	0	0	0
290	290	1468	1709.273	1768.731	294	556	427	137	22	219	513	451	202	53	112.574	129	119	117	115	114	112	111	110	109	107	101	214.914	307	270	255	239	226	215	204	195	183	156	110	0	0	0.000	0.000	0	0	0	0	0	0	0	0	0	0	0	0	0	0.000	0.000	0	0	0	0	0	0	0	0	0	0	0
291	291	2480	503.095	1779.424	481	871	734	317	41	344	709	780	538	71	354.751	11133	347	175	144	136	131	127	124	120	115	100	201.475	1227	228	209	200	192	184	177	169	157	139	110	1	83	494.903	1781.540	0	0	0	4650	0	0	0	634	0	0	0	1	70	495.407	1781.461	0	0	0	5246	0	0	0	693	0	0	0
292	292	1681	371.458	1788.279	325	506	517	256	44	240	499	544	305	67	1617.696	2670	2291	2088	1945	1799	1664	1526	1396	1170	848	226	118.411	155	135	128	122	119	116	114	111	109	107	101	0	0	0.000	0.000	0	0	0	0	0	0	0	0	0	0	0	0	0	0.000	0.000	0	0	0	0	0	0	0	0	0	0	0
293	293	2006	437.874	1786.495	340	757	656	203	23	149	602	634	484	106	136.315	1030	142	135	133	130	128	126	124	120	116	103	187.190	327	217	208	201	196	190	183	175	162	147	111	1	30	448.300	1791.304	0	0	0	494	0	0	0	287	0	0	0	0	0	0.000	0.000	0	0	0	0	0	0	0	0	0	0	0
294	294	1689	1446.054	1792.857	544	718	364	27	7	327	612	467	228	29	406.787	10373	468	184	151	138	130	125	122	118	113	98	183.676	993	210	188	178	171	164	159	154	147	135	106	1	72	1431.389	1788.568	0	0	0	4675	0	0	0	526	0	0	0	1	58	1431.573	1787.364	0	0	0	3459	0	0	0	582	0	0	0
295	295	2110	577.738	1804.327	530	856	577	105	20	313	993	531	206	24	1051.168	21167	1395	312	195	164	151	143	136	127	117	103	438.717	3729	564	398	371	351	330	308	281	244	190	122	1	154	583.172	1792.996	0	0	0	10229	0	0	0	1770	0	0	0	1	118	583.010	1793.322	0	0	0	12958	0	0	0	2145	0	0	0
296	296	2380	635.925	1811.825	625	961	590	136	31	392	816	768	310	51	145.401	180	160	157	153	150	147	144	140	134	127	107	339.758	502	452	426	401	377	351	322	291	260	209	124	0	0	0.000	0.000	0	0	0	0	0	0	0	0	0	0	0	0	0	0.000	0.000	0	0	0	0	0	0	0	0	0	0	0
297	297	2107	1705.034	1824.732	317	708	603	327	109	361	689	610	316	90	492.407	762	656	605	562	534	510	484	447	392	294	130	112.218	142	123	117	114	112	110	109	108	107	105	98	0	0	0.000	0.000	0	0	0	0	0	0	0	0	0	0	0	0	0	0.000	0.000	0	0	0	0	0	0	0	0	0	0	0
298	298	1208	297.713	1825.751	221	486	317	128	33	135	406	367	205	74	518.257	10478	617	217	161	144	135	129	125	121	115	101	249.580	1420	308	229	219	211	205	197	189	174	153	118	1	109	287.453	1830.733	0	0	0	4747	0	0	0	751	0	0	0	1	91	287.714	1830.260	0	0	0	5220	0	0	0	863	0	0	0
299	299	1103	400.571	1824.321	113	270	343	297	63	133	251	407	231	57	117.806	175	128	122	120	118	117	115	113	111	108	98	200.767	303	252	234	223	212	203	190	178	169	148	112	0	0	0.000	0.000	0	0	0	0	0	0	0	0	0	0	0	0	0	0.000	0.000	0	0	0	0	0	0	0	0	0	0	0
300	300	1715	1583.310	1832.103	407	598	474	173	32	286	561	434	303	97	338.180	508	415	399	387	375	361	345	314	269	212	128	109.550	128	118	114	111	109	108	107	106	105	104	99	0	0	0.000	0.000	0	0	0	0	0	0	0	0	0	0	0	0	0	0.000	0.000	0	0	0	0	0	0	0	0	0	0	0
301	301	1791	884.901	1844.334	185	486	677	341	65	190	607	663	248	53	415.779	647	551	514	476	447	419	390	363	331	276	132	134.343	167	149	144	140	137	134	131	129	125	121	105	0	0	0.000	0.000	0	0	0	0	0	0	0	0	0	0	0	0	0	0.000	0.000	0	0	0	0	0	0	0	0	0	0	0
302	302	1812	834.917	1866.192	443	732	465	116	15	282	624	601	224	31	921.639	1500	1287	1204	1116	1007	920	848	772	669	516	243	157.055	213	189	179	171	163	156	149	143	136	128	105	0	0	0.000	0.000	0	0	0	0	0	0	0	0	0	0	0	0	0	0.000	0.000	0	0	0	0	0	0	0	0	0	0	0
303	303	1386	569.131	1859.828	253	413	427	239	27	165	452	432	229	77	138.490	176	157	150	145	142	139	135	131	126	121	104	136.083	178	151	147	144	140	137	133	130	125	119	104	0	0	0.000	0.000	0	0	0	0	0	0	0	0	0	0	0	0	0	0.000	0.000	0	0	0	0	0	0	0	0	0	0	0
304	304	1280	929.365	1861.160	269	419	398	136	29	101	373	464	210	103	342.431	531	447	421	395	373	355	331	305	266	209	129	129.007	154	141	137	135	132	129	127	124	121	116	104	0	0	0.000	0.000	0	0	0	0	0	0	0	0	0	0	0	0	0	0.000	0.000	0	0	0	0	0	0	0	0	0	0	0
305	305	1821	1338.038	1879.903	375	793	498	109	12	231	708	513	259	72	108.962	122	114	112	111	110	109	108	107	105	104	98	122.146	147	132	129	127	125	122	120	118	115	111	102	0	0	0.000	0.000	0	0	0	0	0	0	0	0	0	0	0	0	0	0.000	0.000	0	0	0	0	0	0	0	0	0	0	0
306	306	1517	313.879	1881.347	378	494	524	78	16	235	444	388	320	102	132.394	1448	134	125	122	120	118	116	115	112	109	100	231.042	332	278	265	256	249	242	232	217	195	162	114	1	28	319.230	1889.458	0	0	0	577	0	0	0	237	0	0	0	0	0	0.000	0.000	0	0	0	0	0	0	0	0	0	0	0
307	307	1657	613.553	1888.080	399	636	389	166	27	212	680	463	231	39	1116.926	20027	2046	481	259	189	168	153	145	139	130	104	301.154	3539	465	189	155	145	140	135	131	127	120	104	1	133	618.258	1883.904	0	0	0	9209	0	0	0	1758	0	0	0	1	140	618.576	1884.012	0	0	0	8955	0	0	0	1697	0	0	0
308	308	1212	969.138	1909.408	287	450	278	145	26	260	454	352	113	14	116.365	200	123	120	118	117	116	114	112	111	108	101	260.030	399	344	324	299	279	261	244	228	204	168	113	0	0	0.000	0.000	0	0	0	0	0	0	0	0	0	0	0	0	0	0.000	0.000	0	0	0	0	0	0	0	0	0	0	0
309	309	1143	274.600	1926.339	283	365	292	158	25	157	359	368	187	50	112.506	130	119	117	116	114	113	112	110	108	105	96	209.724	277	252	242	235	228	220	209	198	177	145	108	0	0	0.000	0.000	0	0	0	0	0	0	0	0	0	0	0	0	0	0.000	0.000	0	0	0	0	0	0	0	0	0	0	0
310	310	1973	1346.569	1938.047	367	793	591	163	24	285	695	598	290	80	1048.664	20995	1639	442	258	199	179	165	153	142	130	106	247.105	3089	323	175	148	140	134	128	124	119	114	101	1	145	1340.802	1935.585	0	0	0	9205	0	0	0	1298	0	0	0	1	127	1340.986	1934.920	0	0	0	10246	0	0	0	1512	0	0	0
311	311	1490	1464.244	1938.035	382	566	364	125	20	338	589	396	120	25	372.683	7645	505	237	174	154	142	135	130	126	120	101	188.326	1024	216	189	182	176	171	165	159	149	128	103	1	75	1458.554	1940.396	0	0	0	3130	0	0	0	323	0	0	0	1	55	1460.483	1938.538	0	0	0	1259	0	0	0	625	0	0	0
312	312	813	367.698	1935.488	135	299	256	103	8	74	292	260	118	50	118.391	135	126	123	122	120	119	117	115	113	110	103	129.888	155	144	140	137	134	131	128	125	120	114	102	0	0	0.000	0.000	0	0	0	0	0	0	0	0	0	0	0	0	0	0.000	0.000	0	0	0	0	0	0	0	0	0	0	0
313	313	1490	1831.610	1937.087	504	514	249	153	48	452	541	254	164	59	109.969	127	115	113	112	111	110	109	108	106	104	98	146.695	186	168	163	159	155	151	146	139	129	117	101	0	0	0.000	0.000	0	0	0	0	0	0	0	0	0	0	0	0	0	0.000	0.000	0	0	0	0	0	0	0	0	0	0	0
314	314	1393	992.322	1945.941	582	526	201	42	17	406	596	248	100	24	113.797	131	120	118	117	115	114	112	111	109	107	98	249.051	374	328	308	290	274	255	232	216	196	157	109	0	0	0.000	0.000	0	0	0	0	0	0	0	0	0	0	0	0	0	0.000	0.000	0	0	0	0	0	0	0	0	0	0	0
315	315	1613	1505.370	1964.137	219	535	553	220	62	307	744	398	117	19	840.787	15886	1358	283	163	149	145	141	138	134	129	108	223.481	1827	286	189	176	170	163	158	153	148	141	116	1	113	1492.709	1969.778	0	0	0	7672	0	0	0	810	0	0	0	1	98	1493.226	1968.939	0	0	0	7802	0	0	0	934	0	0	0
316	316	2119	402.920	1958.422	349	768	709	239	15	256	599	739	416	58	1302.608	17669	1916	1030	868	790	714	633	526	407	269	125	257.440	3114	345	180	159	150	141	134	126	120	114	102	1	129	410.835	1948.219	0	0	0	8924	0	0	0	864	0	0	0	1	144	409.006	1949.780	0	0	0	4761	0	0	0	1485	0	0	0
317	317	1644	327.529	1961.623	370	580	591	72	11	220	483	536	302	70	374.612	8784	434	190	153	145	139	134	128	123	115	103	143.248	615	161	145	139	134	129	126	122	118	111	99	1	77	316.888	1958.292	0	0	0	3839	0	0	0	367	0	0	0	1	76	317.501	1958.364	0	0	0	3907	0	0	0	370	0	0	0
318	318	2018	453.289	1971.533	429	668	662	209	20	300	768	606	273	27	786.315	1188	1076	1029	972	908	839	745	646	541	409	162	137.146	183	159	152	147	142	137	132	127	122	115	103	0	0	0.000	0.000	0	0	0	0	0	0	0	0	0	0	0	0	0	0.000	0.000	0	0	0	0	0	0	0	0	0	0	0
319	319	2193	880.478	1973.787	556	774	587	203	48	434	837	533	274	74	110.460	124	116	114	112	111	110	109	108	107	106	99	111.456	129	118	116	114	113	111	110	108	107	105	99	0	0	0.000	0.000	0	0	0	0	0	0	0	0	0	0	0	0	0	0.000	0.000	0	0	0	0	0	0	0	0	0	0	0
320	320	1163	930.770	1969.579	478	512	124	16	13	291	550	247	41	14	118.577	253	129	124	121	119	117	115	112	110	108	98	141.646	185	164	157	151	146	142	137	132	126	119	102	0	0	0.000	0.000	0	0	0	0	0	0	0	0	0	0	0	0	0	0.000	0.000	0	0	0	0	0	0	0	0	0	0	0
321	321	1244	230.110	1975.042	168	383	444	191	28	109	445	485	152	30	139.114	171	154	150	147	144	141	137	133	128	121	105	124.023	145	134	131	129	126	124	122	120	117	113	104	0	0	0.000	0.000	0	0	0	0	0	0	0	0	0	0	0	0	0	0.000	0.000	0	0	0	0	0	0	0	0	0	0	0
322	322	672	1372.076	1979.294	97	179	175	160	48	78	230	212	120	21	124.979	152	137	133	131	128	126	124	121	117	111	98	122.106	138	132	129	126	125	123	120	118	115	112	103	0	0	0.000	0.000	0	0	0	0	0	0	0	0	0	0	0	0	0	0.000	0.000	0	0	0	0	0	0	0	0	0	0	0
323	323	1063	1789.102	1982.903	518	336	136	37	15	409	365	189	72	10	204.395	283	247	239	233	225	217	206	189	165	137	105	154.274	197	178	173	168	162	155	150	144	136	125	107	0	0	0.000	0.000	0	0	0	0	0	0	0	0	0	0	0	0	0	0.000	0.000	0	0	0	0	0	0	0	0	0	0	0
