 	cell	area	x	y	BFI_lev_b1	BFI_lev_b2	BFI_lev_b3	BFI_lev_b4	BFI_lev_b5	BFO_lev_b1	BFO_lev_b2	BFO_lev_b3	BFO_lev_b4	BFO_lev_b5	GFP_int_mean	GFP_int_b0	GFP_int_b1	GFP_int_b2	GFP_int_b3	GFP_int_b4	GFP_int_b5	GFP_int_b6	GFP_int_b7	GFP_int_b8	GFP_int_b9	GFP_int_b10	RFP_int_mean	RFP_int_b0	RFP_int_b1	RFP_int_b2	RFP_int_b3	RFP_int_b4	RFP_int_b5	RFP_int_b6	RFP_int_b7	RFP_int_b8	RFP_int_b9	RFP_int_b10	inGFPnfoci	f1_inGFParea	f1_inGFPx	f1_inGFPy	f2_inGFParea	f2_inGFPx	f2_inGFPy	f1_inGFP_toGFPmed	f1_inGFP_toGFPmean	f2_inGFP_toGFPmed	f2_inGFP_toGFPmean	f1_inGFP_toRFPmed	f1_inGFP_toRFPmean	f2_inGFP_toRFPmed	f2_inGFP_toRFPmean	inRFPnfoci	f1_inRFParea	f1_inRFPx	f1_inRFPy	f2_inRFParea	f2_inRFPx	f2_inRFPy	f1_inRFP_toGFPmed	f1_inRFP_toGFPmean	f2_inRFP_toGFPmed	f2_inRFP_toGFPmean	f1_inRFP_toRFPmed	f1_inRFP_toRFPmean	f2_inRFP_toRFPmed	f2_inRFP_toRFPmean
1	1	1433	1833.435	78.852	159	331	519	343	51	177	613	487	120	11	258.439	372	328	310	294	278	263	247	230	208	177	125	178.170	248	218	206	197	188	178	170	161	150	137	111	0	0	0.000	0.000	0	0	0	0	0	0	0	0	0	0	0	0	0	0.000	0.000	0	0	0	0	0	0	0	0	0	0	0
2	2	1175	120.658	78.918	189	355	319	268	26	136	284	430	224	75	690.613	1158	1008	893	804	750	712	662	601	498	334	157	102.079	111	105	104	103	103	102	102	101	101	100	93	0	0	0.000	0.000	0	0	0	0	0	0	0	0	0	0	0	0	0	0.000	0.000	0	0	0	0	0	0	0	0	0	0	0
3	3	2139	1550.470	85.225	235	513	765	482	117	205	746	788	298	55	1408.013	4578	2028	1861	1734	1620	1472	1324	1158	931	525	130	127.532	260	145	139	135	131	127	123	118	111	104	97	0	0	0.000	0.000	0	0	0	0	0	0	0	0	0	0	0	1	33	1555.070	70.041	0	0	0	2103	0	0	0	213	0	0	0
4	4	554	882.587	77.184	65	147	163	136	37	42	135	257	91	12	115.204	131	124	121	119	117	116	114	112	109	106	100	162.646	215	196	189	182	176	168	159	150	135	117	101	0	0	0.000	0.000	0	0	0	0	0	0	0	0	0	0	0	0	0	0.000	0.000	0	0	0	0	0	0	0	0	0	0	0
5	5	2987	400.949	103.529	531	1064	837	420	87	594	1586	582	170	16	444.966	837	631	562	521	486	445	407	372	327	247	128	104.472	117	108	107	106	105	104	104	103	102	101	93	0	0	0.000	0.000	0	0	0	0	0	0	0	0	0	0	0	0	0	0.000	0.000	0	0	0	0	0	0	0	0	0	0	0
6	6	2062	323.409	97.349	244	432	842	398	106	245	797	723	211	40	137.509	555	151	146	142	139	137	133	129	123	112	100	286.640	477	379	355	335	312	294	279	257	225	167	105	1	29	345.556	105.143	0	0	0	318	0	0	0	373	0	0	0	0	0	0.000	0.000	0	0	0	0	0	0	0	0	0	0	0
7	7	2007	1334.548	98.567	330	444	616	410	174	224	607	728	289	119	1521.336	8509	2185	1965	1741	1546	1426	1321	1217	1028	742	225	132.979	517	148	141	136	131	128	125	121	117	110	98	1	26	1326.536	82.641	0	0	0	6136	0	0	0	274	0	0	0	1	56	1326.428	81.457	0	0	0	2982	0	0	0	315	0	0	0
8	8	1873	1684.202	105.206	224	553	579	427	47	154	604	643	354	78	346.124	515	455	421	396	376	358	340	315	272	214	119	251.079	376	327	307	286	271	259	245	230	204	152	100	0	0	0.000	0.000	0	0	0	0	0	0	0	0	0	0	0	0	0	0.000	0.000	0	0	0	0	0	0	0	0	0	0	0
9	9	1345	1065.760	108.047	214	441	454	186	25	136	362	476	277	77	1457.842	2352	2066	1913	1795	1667	1525	1380	1237	1052	673	204	112.324	127	119	117	115	114	112	111	110	108	106	97	0	0	0.000	0.000	0	0	0	0	0	0	0	0	0	0	0	0	0	0.000	0.000	0	0	0	0	0	0	0	0	0	0	0
10	10	1905	1425.004	112.713	324	621	653	235	32	316	904	458	178	16	1282.256	15510	1635	1346	1192	1046	935	808	700	546	404	137	153.389	1221	173	140	132	127	123	120	115	111	107	97	1	74	1431.670	109.301	0	0	0	8577	0	0	0	655	0	0	0	1	96	1430.921	108.515	0	0	0	4988	0	0	0	593	0	0	0
11	11	1903	1133.656	115.290	527	735	511	90	14	381	960	403	90	25	2951.116	4963	4424	3915	3547	3240	3008	2808	2562	2097	1328	319	176.286	242	213	202	193	186	179	173	164	152	133	105	0	0	0.000	0.000	0	0	0	0	0	0	0	0	0	0	0	0	0	0.000	0.000	0	0	0	0	0	0	0	0	0	0	0
12	12	1669	1013.833	115.610	253	374	532	382	104	258	592	514	241	41	1091.883	1894	1527	1421	1349	1272	1167	1060	958	748	448	170	110.998	126	118	116	114	113	111	110	108	106	104	97	0	0	0.000	0.000	0	0	0	0	0	0	0	0	0	0	0	0	0	0.000	0.000	0	0	0	0	0	0	0	0	0	0	0
13	13	549	1181.026	107.420	99	143	147	115	34	116	145	192	70	12	2062.290	3470	3237	3019	2779	2503	2202	1880	1533	1071	640	241	155.517	220	198	189	182	171	157	144	133	118	110	101	0	0	0.000	0.000	0	0	0	0	0	0	0	0	0	0	0	0	0	0.000	0.000	0	0	0	0	0	0	0	0	0	0	0
14	14	2094	1866.133	125.865	264	775	754	247	16	197	767	766	294	24	2571.766	24550	4145	2242	1901	1674	1478	1305	1127	896	677	145	359.356	4785	563	219	182	167	157	150	140	131	123	102	1	176	1869.216	129.271	0	0	0	14320	0	0	0	1999	0	0	0	1	166	1869.083	128.486	0	0	0	14570	0	0	0	2190	0	0	0
15	15	1195	276.143	116.554	257	325	344	216	31	208	418	342	173	26	125.049	155	140	136	132	130	127	123	119	113	106	97	233.176	401	339	308	285	267	247	225	185	131	109	99	0	0	0.000	0.000	0	0	0	0	0	0	0	0	0	0	0	0	0	0.000	0.000	0	0	0	0	0	0	0	0	0	0	0
16	16	1939	1928.210	136.025	561	603	456	249	29	449	732	435	251	40	491.022	767	660	624	590	552	512	471	423	362	270	132	129.950	164	144	140	137	134	131	128	124	119	113	99	0	0	0.000	0.000	0	0	0	0	0	0	0	0	0	0	0	0	0	0.000	0.000	0	0	0	0	0	0	0	0	0	0	0
17	17	2145	1733.340	145.604	419	782	628	253	27	263	785	665	316	84	1969.895	25336	5274	937	428	372	322	280	245	214	187	128	370.389	2607	721	310	274	248	224	206	190	174	161	109	1	263	1740.522	152.199	0	0	0	12012	0	0	0	1335	0	0	0	1	234	1740.388	152.019	0	0	0	13623	0	0	0	1440	0	0	0
18	18	3595	653.666	131.717	3333	171	27	20	16	3479	65	20	11	10	1659.703	27690	1976	610	541	505	461	418	370	276	166	107	982.978	19802	1149	323	264	244	227	210	191	157	122	102	1	292	655.224	128.586	0	0	0	14124	0	0	0	7998	0	0	0	1	267	654.586	127.993	0	0	0	14650	0	0	0	8634	0	0	0
19	19	2058	1807.357	145.049	262	585	665	423	97	246	755	579	340	97	921.183	7201	1229	1040	948	882	813	755	711	654	507	222	125.312	453	135	127	124	121	119	117	115	112	110	99	1	42	1810.179	130.827	0	0	0	4132	0	0	0	276	0	0	0	1	56	1809.368	131.299	0	0	0	3592	0	0	0	276	0	0	0
20	20	1244	1639.245	141.301	163	339	412	259	46	103	369	490	228	36	1023.625	1518	1329	1268	1215	1162	1105	1042	933	749	540	249	111.470	125	117	115	114	113	111	110	109	108	106	98	0	0	0.000	0.000	0	0	0	0	0	0	0	0	0	0	0	0	0	0.000	0.000	0	0	0	0	0	0	0	0	0	0	0
21	21	1714	461.685	154.366	228	503	523	322	113	184	435	688	313	66	214.359	1613	243	229	221	214	207	199	188	170	143	110	149.044	232	171	165	161	156	151	147	141	133	121	102	1	37	476.537	141.259	0	0	0	745	0	0	0	166	0	0	0	0	0	0.000	0.000	0	0	0	0	0	0	0	0	0	0	0
22	22	1841	1349.005	151.191	238	698	555	258	57	152	596	682	296	82	1123.468	19348	1442	695	556	517	495	471	429	379	287	135	161.709	1537	191	129	120	117	115	113	111	109	106	100	1	105	1358.311	146.424	0	0	0	9060	0	0	0	725	0	0	0	1	106	1358.241	146.681	0	0	0	9060	0	0	0	725	0	0	0
23	23	1043	1395.293	157.799	119	281	321	247	62	139	351	294	188	52	449.783	736	600	568	538	504	464	430	388	331	252	129	113.904	133	122	119	117	115	114	112	110	109	106	98	0	0	0.000	0.000	0	0	0	0	0	0	0	0	0	0	0	0	0	0.000	0.000	0	0	0	0	0	0	0	0	0	0	0
24	24	1815	368.986	169.916	274	512	548	345	103	172	569	713	254	65	580.394	8819	648	463	423	401	382	359	325	281	225	133	126.048	559	135	120	117	115	113	112	110	108	106	99	1	77	360.940	158.236	0	0	0	4148	0	0	0	314	0	0	0	1	89	361.553	157.475	0	0	0	3282	0	0	0	314	0	0	0
25	25	1952	1291.982	177.192	204	503	611	477	128	189	540	684	408	104	1444.019	4126	1966	1784	1648	1541	1460	1365	1246	1103	867	187	150.110	356	173	164	159	153	148	143	139	134	126	103	0	0	0.000	0.000	0	0	0	0	0	0	0	0	0	0	0	1	15	1290.561	188.140	0	0	0	2546	0	0	0	298	0	0	0
26	26	1798	1603.788	176.805	409	614	585	138	16	321	792	444	190	26	1014.854	1765	1454	1339	1247	1164	1062	957	827	690	455	189	113.100	132	122	119	117	115	113	111	109	107	104	98	0	0	0.000	0.000	0	0	0	0	0	0	0	0	0	0	0	0	0	0.000	0.000	0	0	0	0	0	0	0	0	0	0	0
27	27	1024	1862.925	171.289	221	322	301	149	15	200	482	269	54	8	1487.560	2578	2336	2120	1917	1697	1478	1298	1102	893	616	245	156.587	213	191	182	174	165	157	149	141	132	121	104	0	0	0.000	0.000	0	0	0	0	0	0	0	0	0	0	0	0	0	0.000	0.000	0	0	0	0	0	0	0	0	0	0	0
28	28	744	326.748	176.565	98	247	242	123	18	92	240	254	118	28	468.878	700	629	588	561	528	491	454	407	349	277	123	121.941	145	133	130	128	126	123	120	118	113	109	99	0	0	0.000	0.000	0	0	0	0	0	0	0	0	0	0	0	0	0	0.000	0.000	0	0	0	0	0	0	0	0	0	0	0
29	29	2041	296.941	206.287	442	749	591	200	28	391	1002	470	128	25	1487.924	22816	2255	883	685	611	555	478	411	311	167	111	267.325	3667	360	164	143	135	129	123	118	112	105	98	1	153	298.092	207.680	0	0	0	11311	0	0	0	1254	0	0	0	1	152	296.968	206.247	0	0	0	5806	0	0	0	1600	0	0	0
30	30	2303	964.194	218.224	324	597	759	475	104	249	937	685	292	102	2777.234	27482	6344	1675	1212	1025	922	811	707	589	439	216	267.011	2649	481	176	141	132	127	123	120	116	111	99	1	302	964.226	223.371	0	0	0	13640	0	0	0	960	0	0	0	1	235	964.276	222.591	0	0	0	18990	0	0	0	1293	0	0	0
31	31	552	1191.641	207.049	102	193	173	60	16	48	207	209	68	11	541.100	807	742	716	684	642	588	523	453	366	251	138	120.549	150	141	137	133	128	120	111	107	104	102	97	0	0	0.000	0.000	0	0	0	0	0	0	0	0	0	0	0	0	0	0.000	0.000	0	0	0	0	0	0	0	0	0	0	0
32	32	1806	415.454	222.346	219	476	640	348	94	164	771	571	212	44	2781.175	4740	4262	3932	3571	3228	2839	2505	2102	1696	1117	346	142.839	187	166	161	156	150	144	137	131	125	117	100	0	0	0.000	0.000	0	0	0	0	0	0	0	0	0	0	0	0	0	0.000	0.000	0	0	0	0	0	0	0	0	0	0	0
33	33	1378	1318.607	222.348	147	316	474	296	122	166	566	385	207	31	1255.856	2116	1729	1584	1469	1395	1334	1265	1171	960	575	189	139.528	174	157	152	150	146	144	139	134	126	113	101	0	0	0.000	0.000	0	0	0	0	0	0	0	0	0	0	0	0	0	0.000	0.000	0	0	0	0	0	0	0	0	0	0	0
34	34	2172	1228.022	228.705	342	649	727	363	62	330	1059	548	172	28	671.812	1112	913	841	784	733	682	634	584	513	405	167	131.622	167	149	144	140	136	133	129	125	120	111	96	0	0	0.000	0.000	0	0	0	0	0	0	0	0	0	0	0	0	0	0.000	0.000	0	0	0	0	0	0	0	0	0	0	0
35	35	1482	1134.266	240.077	236	429	414	303	66	211	531	412	239	58	1515.100	2597	2204	2014	1824	1666	1530	1386	1229	1047	782	409	122.057	148	133	129	127	125	123	120	117	114	111	102	0	0	0.000	0.000	0	0	0	0	0	0	0	0	0	0	0	0	0	0.000	0.000	0	0	0	0	0	0	0	0	0	0	0
36	36	851	1620.691	233.487	111	236	267	176	45	63	251	314	163	40	620.095	946	852	806	760	708	651	586	509	430	328	178	130.324	155	145	142	139	135	132	128	124	118	112	102	0	0	0.000	0.000	0	0	0	0	0	0	0	0	0	0	0	0	0	0.000	0.000	0	0	0	0	0	0	0	0	0	0	0
37	37	1523	1012.089	243.870	170	362	476	338	152	187	533	469	216	84	883.267	1505	1318	1176	1066	973	896	825	738	607	406	179	121.147	148	132	129	127	124	122	119	116	113	108	99	0	0	0.000	0.000	0	0	0	0	0	0	0	0	0	0	0	0	0	0.000	0.000	0	0	0	0	0	0	0	0	0	0	0
38	38	1927	1577.141	254.019	282	500	582	411	112	208	711	633	269	74	650.838	6384	823	725	663	617	572	523	480	426	316	129	144.217	924	152	142	138	135	131	127	124	118	110	99	1	43	1589.208	261.976	0	0	0	3528	0	0	0	504	0	0	0	1	61	1589.160	262.398	0	0	0	2915	0	0	0	464	0	0	0
39	39	1430	493.032	260.864	199	481	436	259	30	123	398	573	236	80	1010.341	1557	1385	1292	1203	1130	1059	996	886	743	550	216	122.439	146	133	130	128	126	123	121	119	115	109	100	0	0	0.000	0.000	0	0	0	0	0	0	0	0	0	0	0	0	0	0.000	0.000	0	0	0	0	0	0	0	0	0	0	0
40	40	1509	432.269	271.104	251	290	516	360	59	230	323	619	224	87	2922.660	5320	4345	3856	3493	3273	3072	2824	2494	1971	1213	236	142.245	245	162	155	152	148	144	140	134	126	116	100	0	0	0.000	0.000	0	0	0	0	0	0	0	0	0	0	0	0	0	0.000	0.000	0	0	0	0	0	0	0	0	0	0	0
41	41	1972	1351.804	276.152	283	436	629	390	197	241	710	622	245	123	6727.488	11304	9545	8973	8383	7705	6912	6132	5560	4544	3242	614	233.397	356	299	281	266	251	237	222	207	185	160	107	0	0	0.000	0.000	0	0	0	0	0	0	0	0	0	0	0	0	0	0.000	0.000	0	0	0	0	0	0	0	0	0	0	0
42	42	1666	1401.060	286.528	117	556	624	293	50	117	636	538	271	73	443.821	9050	406	363	338	319	304	285	262	237	204	135	124.353	627	126	122	119	118	116	114	112	110	107	97	1	62	1384.772	286.527	0	0	0	3714	0	0	0	335	0	0	0	1	56	1385.232	286.195	0	0	0	3714	0	0	0	346	0	0	0
43	43	1599	628.939	292.131	248	421	482	347	80	186	473	582	302	24	742.704	4329	1078	964	903	839	764	682	588	398	202	108	114.271	276	123	119	117	115	113	110	108	104	102	97	1	19	630.280	288.558	0	0	0	3012	0	0	0	211	0	0	0	1	34	629.061	287.884	0	0	0	1750	0	0	0	197	0	0	0
44	44	1139	1131.812	286.664	160	314	292	271	79	151	439	290	174	61	1395.109	2401	2133	1896	1721	1555	1427	1264	1082	865	672	260	120.598	145	134	130	127	124	121	118	114	111	106	98	0	0	0.000	0.000	0	0	0	0	0	0	0	0	0	0	0	0	0	0.000	0.000	0	0	0	0	0	0	0	0	0	0	0
45	45	1824	478.778	308.518	293	383	538	415	165	232	556	649	247	104	1183.693	11818	1579	1302	1188	1096	998	892	782	663	453	164	140.876	883	154	138	133	129	124	120	117	112	107	99	1	54	470.635	302.577	0	0	0	6761	0	0	0	531	0	0	0	1	61	470.348	302.856	0	0	0	6289	0	0	0	484	0	0	0
46	46	2450	1337.876	332.369	273	847	861	378	51	417	1400	470	114	10	5041.153	12853	7306	6487	5857	5435	5079	4713	4244	3733	2625	719	214.390	1010	260	241	227	217	209	201	191	176	150	103	0	0	0.000	0.000	0	0	0	0	0	0	0	0	0	0	0	1	30	1354.942	343.231	0	0	0	9986	0	0	0	662	0	0	0
47	47	1289	1852.827	347.130	294	413	328	211	19	157	522	373	161	54	223.724	1257	259	235	225	217	208	200	190	174	150	116	261.843	638	323	301	289	278	269	259	244	213	166	114	1	32	1852.083	359.331	0	0	0	776	0	0	0	479	0	0	0	0	0	0.000	0.000	0	0	0	0	0	0	0	0	0	0	0
48	48	1656	1703.750	354.994	276	418	489	382	59	247	565	484	249	81	539.090	9353	564	473	437	409	378	346	303	266	199	112	125.769	612	133	122	119	117	115	113	111	108	105	96	1	57	1716.537	357.629	0	0	0	4124	0	0	0	170	0	0	0	1	62	1716.576	354.097	0	0	0	628	0	0	0	336	0	0	0
49	49	1586	935.929	359.616	205	302	508	394	145	224	399	536	269	126	600.818	8252	774	598	533	484	450	421	394	333	207	118	165.873	1180	193	160	151	145	140	136	131	121	108	98	1	49	934.627	349.179	0	0	0	4123	0	0	0	657	0	0	0	1	72	933.926	348.626	0	0	0	2150	0	0	0	593	0	0	0
50	50	2305	1391.672	383.313	330	737	805	354	31	395	1335	384	144	13	3098.996	29522	5580	2253	1863	1608	1435	1322	1205	1053	751	222	561.156	8205	905	271	205	186	174	165	157	148	133	103	1	244	1395.350	385.445	0	0	0	17095	0	0	0	3105	0	0	0	1	210	1395.463	385.187	0	0	0	19061	0	0	0	3758	0	0	0
51	51	1261	1914.913	371.234	258	600	316	56	10	155	437	390	207	47	175.497	248	223	214	203	191	179	165	152	135	121	106	188.508	265	243	234	222	208	193	177	160	143	126	103	0	0	0.000	0.000	0	0	0	0	0	0	0	0	0	0	0	0	0	0.000	0.000	0	0	0	0	0	0	0	0	0	0	0
52	52	1700	1253.048	375.805	197	503	588	368	21	184	667	466	266	84	550.111	8357	596	482	436	411	394	369	343	302	237	144	128.098	666	135	123	119	117	115	114	112	110	107	99	1	55	1250.934	363.617	0	0	0	4417	0	0	0	354	0	0	0	1	63	1251.281	364.190	0	0	0	3860	0	0	0	354	0	0	0
53	53	1373	1325.601	399.588	181	330	411	306	113	206	507	384	196	59	1482.731	9072	2247	1797	1575	1431	1321	1216	1108	981	720	304	156.955	771	184	163	153	147	143	139	134	129	119	102	1	29	1312.491	399.169	0	0	0	5899	0	0	0	527	0	0	0	1	44	1311.878	398.705	0	0	0	3870	0	0	0	458	0	0	0
54	54	3483	1605.052	446.935	2485	656	256	35	17	2366	656	335	52	25	1136.863	22457	1120	731	659	592	531	472	414	328	208	111	421.037	10005	387	197	179	169	161	153	144	133	118	99	1	173	1604.733	455.419	0	0	0	10587	0	0	0	4220	0	0	0	1	163	1605.214	455.356	0	0	0	12071	0	0	0	4630	0	0	0
55	55	2011	1246.272	431.067	257	533	569	467	140	299	822	527	266	54	599.348	991	820	757	720	669	626	573	516	444	318	160	159.169	212	187	179	173	167	162	157	149	139	124	102	0	0	0.000	0.000	0	0	0	0	0	0	0	0	0	0	0	0	0	0.000	0.000	0	0	0	0	0	0	0	0	0	0	0
56	56	1848	1761.558	436.203	1026	339	233	141	88	968	357	231	173	95	122.309	226	143	137	129	122	118	114	111	108	106	100	105.374	139	111	108	107	105	104	103	103	102	101	95	0	0	0.000	0.000	0	0	0	0	0	0	0	0	0	0	0	0	0	0.000	0.000	0	0	0	0	0	0	0	0	0	0	0
57	57	874	1879.119	431.480	120	214	251	211	63	147	370	188	114	40	590.630	922	786	742	721	688	644	582	507	410	304	176	130.500	157	146	142	139	136	133	128	124	119	111	100	0	0	0.000	0.000	0	0	0	0	0	0	0	0	0	0	0	0	0	0.000	0.000	0	0	0	0	0	0	0	0	0	0	0
58	58	1995	1706.386	445.556	294	544	659	382	78	351	1109	366	126	11	1551.379	15447	1994	1754	1551	1420	1323	1188	1022	793	501	183	170.466	1612	181	152	143	137	133	128	124	118	112	102	1	69	1708.101	456.124	0	0	0	8585	0	0	0	945	0	0	0	1	89	1708.296	456.027	0	0	0	7000	0	0	0	752	0	0	0
59	59	1832	1378.567	439.374	203	450	619	392	145	183	641	606	258	116	2887.053	5782	4348	3749	3471	3148	2856	2599	2321	2024	1376	342	110.883	135	118	115	113	112	111	109	108	106	105	98	0	0	0.000	0.000	0	0	0	0	0	0	0	0	0	0	0	0	0	0.000	0.000	0	0	0	0	0	0	0	0	0	0	0
60	60	2009	1918.255	443.888	246	656	741	311	20	146	824	748	217	35	1439.063	18789	1904	1050	922	851	771	704	633	564	421	176	266.206	3639	343	179	161	154	147	142	136	129	119	104	1	126	1913.068	443.775	0	0	0	10145	0	0	0	1388	0	0	0	1	121	1912.423	444.565	0	0	0	10119	0	0	0	1667	0	0	0
61	61	1244	1328.982	457.446	199	317	346	275	83	169	510	316	166	71	3766.280	6460	5506	5038	4604	4181	3847	3521	3199	2522	1702	588	114.564	133	123	120	118	116	115	113	111	109	107	100	0	0	0.000	0.000	0	0	0	0	0	0	0	0	0	0	0	0	0	0.000	0.000	0	0	0	0	0	0	0	0	0	0	0
62	62	1676	1437.094	462.794	346	629	426	228	18	269	653	419	228	74	264.270	4082	276	237	224	212	200	188	177	163	139	106	139.242	694	149	142	138	134	131	127	123	118	109	98	1	45	1431.178	450.780	0	0	0	1920	0	0	0	318	0	0	0	1	45	1430.710	451.259	0	0	0	1920	0	0	0	392	0	0	0
63	63	2117	1774.128	484.904	238	770	754	273	39	200	880	756	179	49	362.510	6805	390	301	277	264	254	243	230	211	174	112	143.952	717	158	145	140	137	134	131	127	123	113	101	1	58	1766.812	494.540	0	0	0	3069	0	0	0	436	0	0	0	1	60	1766.150	493.866	0	0	0	2537	0	0	0	429	0	0	0
64	64	2130	1896.048	490.110	530	836	592	113	30	457	974	514	135	22	524.275	3881	664	613	574	542	502	459	418	378	288	120	132.150	441	146	140	136	133	129	125	122	118	112	98	1	35	1882.765	486.251	0	0	0	2258	0	0	0	289	0	0	0	1	40	1882.834	485.860	0	0	0	2130	0	0	0	281	0	0	0
65	65	593	1016.790	478.648	99	174	176	106	27	69	125	177	170	41	1747.253	2729	2365	2171	2049	1921	1817	1688	1507	1291	1029	522	163.541	200	186	180	176	171	166	161	154	146	135	115	0	0	0.000	0.000	0	0	0	0	0	0	0	0	0	0	0	0	0	0.000	0.000	0	0	0	0	0	0	0	0	0	0	0
66	66	760	378.934	484.148	87	190	257	144	73	85	113	346	171	35	191.993	275	244	229	219	212	203	193	176	148	119	103	164.450	234	204	196	190	182	175	164	145	121	107	96	0	0	0.000	0.000	0	0	0	0	0	0	0	0	0	0	0	0	0	0.000	0.000	0	0	0	0	0	0	0	0	0	0	0
67	67	1089	1697.968	491.051	175	228	315	291	58	170	322	312	192	67	917.422	1396	1231	1145	1072	1025	975	925	836	692	471	156	121.348	141	130	127	125	124	122	120	118	115	111	101	0	0	0.000	0.000	0	0	0	0	0	0	0	0	0	0	0	0	0	0.000	0.000	0	0	0	0	0	0	0	0	0	0	0
68	68	703	801.719	491.300	165	237	206	71	11	93	192	282	119	9	109.624	123	115	113	112	111	110	108	107	106	104	98	181.172	239	216	209	202	197	189	180	170	154	127	103	0	0	0.000	0.000	0	0	0	0	0	0	0	0	0	0	0	0	0	0.000	0.000	0	0	0	0	0	0	0	0	0	0	0
69	69	1852	340.945	505.662	225	525	638	354	83	140	753	644	226	59	935.109	17216	1314	430	297	256	232	216	200	180	156	108	291.842	3024	453	246	208	191	177	168	161	150	129	99	1	131	338.159	507.827	0	0	0	8209	0	0	0	1136	0	0	0	1	129	338.143	506.422	0	0	0	5057	0	0	0	1433	0	0	0
70	70	1981	1036.354	518.984	327	516	570	409	118	344	842	496	208	60	1881.745	13343	2802	2380	2073	1888	1670	1484	1256	1091	685	173	182.667	1436	211	185	175	165	157	148	142	134	120	102	1	48	1033.756	522.987	0	0	0	8707	0	0	0	856	0	0	0	1	68	1032.729	522.762	0	0	0	6118	0	0	0	726	0	0	0
71	71	2254	899.973	521.144	325	770	780	316	22	445	1250	421	92	14	818.072	1441	1099	1014	957	899	848	790	726	627	453	172	152.824	204	174	168	163	159	155	151	146	138	127	102	0	0	0.000	0.000	0	0	0	0	0	0	0	0	0	0	0	0	0	0.000	0.000	0	0	0	0	0	0	0	0	0	0	0
72	72	2069	1726.917	520.141	217	609	739	361	109	259	1042	488	219	14	2922.204	21134	3807	3046	2711	2470	2293	2126	1855	1594	1225	264	343.842	3673	448	283	258	242	227	211	196	181	153	110	1	117	1719.753	518.546	0	0	0	13385	0	0	0	1949	0	0	0	1	118	1718.831	517.446	0	0	0	12121	0	0	0	1949	0	0	0
73	73	2444	774.429	527.322	490	589	871	366	75	517	1165	513	170	29	112.494	136	120	118	116	114	113	111	109	107	104	98	191.652	290	247	233	222	209	195	181	168	149	125	102	0	0	0.000	0.000	0	0	0	0	0	0	0	0	0	0	0	0	0	0.000	0.000	0	0	0	0	0	0	0	0	0	0	0
74	74	2782	483.108	525.125	444	812	1049	394	25	497	1330	730	159	13	4011.313	37004	14975	2450	1272	1039	945	865	767	595	374	137	1192.513	14898	3512	586	273	193	167	157	150	137	120	99	1	473	481.339	523.729	0	0	0	20377	0	0	0	4752	0	0	0	1	364	481.439	523.569	0	0	0	25670	0	0	0	7008	0	0	0
75	75	1425	381.829	540.669	210	362	442	309	80	220	503	381	248	40	263.256	3942	279	233	222	213	206	196	185	161	126	103	178.119	662	212	203	195	187	180	172	158	130	110	98	1	40	368.125	540.721	0	0	0	1881	0	0	0	289	0	0	0	1	27	369.034	538.916	0	0	0	1004	0	0	0	485	0	0	0
76	76	2047	1786.540	539.966	191	521	718	483	94	197	728	692	314	82	821.346	16063	991	413	328	305	289	273	258	244	209	121	234.751	3208	285	174	155	147	142	138	133	128	121	101	1	117	1792.891	532.821	0	0	0	7024	0	0	0	1294	0	0	0	1	106	1792.779	532.906	0	0	0	7978	0	0	0	1496	0	0	0
77	77	1124	1345.249	548.257	307	293	334	150	29	265	323	309	192	16	110.888	134	118	116	114	112	110	109	107	106	104	98	571.217	1071	955	864	765	685	625	528	378	224	133	101	0	0	0.000	0.000	0	0	0	0	0	0	0	0	0	0	0	0	0	0.000	0.000	0	0	0	0	0	0	0	0	0	0	0
78	78	1917	97.311	553.140	292	479	633	388	84	241	638	657	247	98	2291.826	27199	5719	1364	796	609	526	465	408	334	252	130	433.532	5195	965	263	167	146	135	129	123	118	112	101	1	235	99.608	552.500	0	0	0	13131	0	0	0	2123	0	0	0	1	214	99.011	552.586	0	0	0	15295	0	0	0	2317	0	0	0
79	79	1518	158.656	559.419	225	303	491	296	173	188	481	517	192	99	1113.975	1904	1628	1507	1393	1276	1150	1022	891	741	541	160	130.472	161	147	143	139	135	131	128	124	118	111	100	0	0	0.000	0.000	0	0	0	0	0	0	0	0	0	0	0	0	0	0.000	0.000	0	0	0	0	0	0	0	0	0	0	0
80	80	2125	870.357	572.870	361	662	693	339	39	320	991	564	184	30	630.220	16458	664	321	278	260	246	230	213	193	164	110	194.920	2564	206	153	143	139	135	131	126	121	114	100	1	86	866.110	578.748	0	0	0	6996	0	0	0	1310	0	0	0	1	87	866.168	578.446	0	0	0	6894	0	0	0	1224	0	0	0
81	81	1424	1829.760	564.986	160	284	394	400	159	143	405	443	309	100	254.984	344	310	298	287	276	265	252	239	217	180	117	133.905	161	149	145	142	139	136	133	128	123	113	99	0	0	0.000	0.000	0	0	0	0	0	0	0	0	0	0	0	0	0	0.000	0.000	0	0	0	0	0	0	0	0	0	0	0
82	82	1497	942.103	567.355	254	308	411	376	115	248	447	424	297	58	779.033	1275	1053	963	893	840	790	742	681	605	474	230	148.084	192	169	162	158	154	150	146	142	135	122	100	0	0	0.000	0.000	0	0	0	0	0	0	0	0	0	0	0	0	0	0.000	0.000	0	0	0	0	0	0	0	0	0	0	0
83	83	1278	1723.732	571.520	252	362	333	229	80	216	528	320	152	40	3014.152	4929	4195	3905	3759	3629	3402	3047	2602	2057	1077	189	250.764	367	320	302	291	279	266	246	225	195	153	103	0	0	0.000	0.000	0	0	0	0	0	0	0	0	0	0	0	0	0	0.000	0.000	0	0	0	0	0	0	0	0	0	0	0
84	84	1736	826.130	598.541	254	320	664	382	66	309	654	497	196	50	225.494	336	299	282	262	245	227	211	192	174	146	109	131.335	167	151	146	141	137	132	126	122	116	110	100	0	0	0.000	0.000	0	0	0	0	0	0	0	0	0	0	0	0	0	0.000	0.000	0	0	0	0	0	0	0	0	0	0	0
85	85	1722	1369.794	605.002	262	366	536	413	114	241	520	578	243	112	2075.202	4439	3298	2830	2470	2264	2092	1893	1698	1344	792	261	163.032	413	203	188	176	167	161	155	148	136	119	100	0	0	0.000	0.000	0	0	0	0	0	0	0	0	0	0	0	1	14	1360.396	619.062	0	0	0	2647	0	0	0	339	0	0	0
86	86	1619	101.432	606.490	212	280	551	361	185	195	526	579	255	31	484.088	793	720	668	608	538	495	432	369	309	243	141	123.925	149	139	135	132	128	125	120	116	112	107	99	0	0	0.000	0.000	0	0	0	0	0	0	0	0	0	0	0	0	0	0.000	0.000	0	0	0	0	0	0	0	0	0	0	0
87	87	1785	170.096	606.869	245	399	482	443	179	203	563	566	297	125	1325.880	13991	1960	1498	1313	1201	1083	962	779	557	359	124	157.729	1219	179	150	144	138	134	127	120	113	106	99	1	59	176.630	595.719	0	0	0	7788	0	0	0	702	0	0	0	1	77	176.911	596.014	0	0	0	6487	0	0	0	600	0	0	0
88	88	1937	320.262	619.491	186	427	648	490	157	135	546	801	291	125	920.853	18814	1311	449	306	271	248	231	217	205	183	127	267.025	3533	343	184	158	149	143	139	135	129	123	105	1	120	323.750	615.180	0	0	0	8638	0	0	0	1706	0	0	0	1	120	324.191	615.142	0	0	0	8638	0	0	0	1706	0	0	0
89	89	1067	224.712	633.741	128	275	370	230	43	51	177	484	220	119	1653.857	2684	2452	2304	2139	1947	1747	1518	1276	1016	705	278	133.775	165	150	146	143	139	135	130	125	120	115	105	0	0	0.000	0.000	0	0	0	0	0	0	0	0	0	0	0	0	0	0.000	0.000	0	0	0	0	0	0	0	0	0	0	0
90	90	1294	131.371	650.145	187	418	456	191	24	175	532	406	131	34	807.757	6367	1016	913	856	790	729	669	592	485	380	156	144.400	642	160	145	140	137	133	129	125	120	113	101	1	36	128.771	640.665	0	0	0	3853	0	0	0	425	0	0	0	1	51	127.732	639.846	0	0	0	2354	0	0	0	383	0	0	0
91	91	1577	1169.908	653.748	817	659	40	19	14	871	589	47	18	13	801.703	13272	895	618	572	547	513	473	428	381	279	141	150.904	1229	166	131	126	124	122	119	117	113	109	99	1	68	1179.177	661.762	0	0	0	6209	0	0	0	644	0	0	0	1	69	1179.284	661.311	0	0	0	6054	0	0	0	573	0	0	0
92	92	690	350.505	655.951	105	151	189	179	55	79	213	259	110	16	223.593	309	287	276	264	253	240	217	194	165	137	109	136.265	172	156	152	148	144	139	133	126	120	111	103	0	0	0.000	0.000	0	0	0	0	0	0	0	0	0	0	0	0	0	0.000	0.000	0	0	0	0	0	0	0	0	0	0	0
93	93	1877	907.260	660.536	234	322	669	472	152	261	598	689	247	45	2451.012	4204	3666	3405	3111	2818	2524	2237	1941	1602	1025	315	138.043	180	160	153	148	143	138	134	130	124	113	101	0	0	0.000	0.000	0	0	0	0	0	0	0	0	0	0	0	0	0	0.000	0.000	0	0	0	0	0	0	0	0	0	0	0
94	94	1752	310.916	679.157	286	494	607	299	39	238	674	525	235	50	272.556	4209	301	258	245	234	222	207	195	179	144	106	152.882	628	171	163	158	152	147	143	139	131	115	99	1	38	317.957	668.677	0	0	0	2021	0	0	0	374	0	0	0	1	34	318.326	667.555	0	0	0	1622	0	0	0	434	0	0	0
95	95	1566	1779.124	685.241	226	382	479	358	100	195	624	499	194	25	1730.452	3007	2553	2217	1996	1884	1805	1660	1491	1214	850	269	133.543	167	150	144	141	138	135	132	128	123	114	100	0	0	0.000	0.000	0	0	0	0	0	0	0	0	0	0	0	0	0	0.000	0.000	0	0	0	0	0	0	0	0	0	0	0
96	96	998	1868.072	688.027	13	102	430	360	73	22	204	477	245	34	102.817	116	106	105	104	103	103	102	102	101	100	94	101.679	111	104	103	103	102	102	101	101	100	99	95	0	0	0.000	0.000	0	0	0	0	0	0	0	0	0	0	0	0	0	0.000	0.000	0	0	0	0	0	0	0	0	0	0	0
97	97	1310	441.646	687.414	192	406	465	207	11	183	449	437	176	36	2721.854	4679	3940	3591	3358	3132	2975	2748	2368	1846	917	227	157.344	217	186	179	173	167	162	157	149	135	113	102	0	0	0.000	0.000	0	0	0	0	0	0	0	0	0	0	0	0	0	0.000	0.000	0	0	0	0	0	0	0	0	0	0	0
98	98	2464	110.434	690.626	446	742	753	427	54	433	1013	649	317	16	2401.703	26603	4345	1355	1105	943	837	749	668	532	317	132	534.455	8126	966	255	179	159	150	143	137	127	114	97	1	281	111.355	687.043	0	0	0	12861	0	0	0	2683	0	0	0	1	210	111.181	686.852	0	0	0	19397	0	0	0	3899	0	0	0
99	99	1779	396.962	706.177	313	730	490	196	21	267	843	443	163	30	2442.058	4510	3876	3423	3080	2688	2334	2075	1804	1511	1174	314	149.736	206	181	171	162	155	148	143	137	130	120	100	0	0	0.000	0.000	0	0	0	0	0	0	0	0	0	0	0	0	0	0.000	0.000	0	0	0	0	0	0	0	0	0	0	0
100	100	1760	871.744	706.230	235	347	519	491	131	234	490	653	232	113	3052.884	10141	4697	4238	3906	3509	3027	2588	2231	1861	1139	332	172.361	578	207	194	186	178	169	159	150	141	128	105	0	0	0.000	0.000	0	0	0	0	0	0	0	0	0	0	0	1	29	881.517	706.084	0	0	0	7733	0	0	0	414	0	0	0
101	101	1191	559.228	711.850	139	250	329	361	88	151	480	367	149	22	342.044	535	437	403	384	365	346	329	310	284	227	148	109.836	124	115	114	112	111	110	109	108	106	105	99	0	0	0.000	0.000	0	0	0	0	0	0	0	0	0	0	0	0	0	0.000	0.000	0	0	0	0	0	0	0	0	0	0	0
102	102	2111	1365.100	727.095	320	638	575	435	88	292	773	610	314	75	2263.343	4231	3328	2984	2754	2549	2339	2137	1906	1500	913	258	127.352	158	142	138	134	131	129	125	121	116	110	100	0	0	0.000	0.000	0	0	0	0	0	0	0	0	0	0	0	0	0	0.000	0.000	0	0	0	0	0	0	0	0	0	0	0
103	103	1793	1783.072	732.897	198	445	520	455	138	231	661	525	262	71	1979.011	3623	2843	2537	2358	2182	2014	1843	1649	1414	998	333	143.676	186	165	158	153	149	144	140	136	129	121	103	0	0	0.000	0.000	0	0	0	0	0	0	0	0	0	0	0	0	0	0.000	0.000	0	0	0	0	0	0	0	0	0	0	0
104	104	1785	186.995	745.169	174	351	572	450	193	204	613	612	244	71	213.157	2319	237	222	213	205	198	189	179	165	143	111	176.463	271	212	204	197	190	182	171	160	148	128	104	1	27	186.976	763.118	0	0	0	986	0	0	0	211	0	0	0	0	0	0.000	0.000	0	0	0	0	0	0	0	0	0	0	0
105	105	1440	428.891	746.946	209	342	536	294	39	199	525	447	210	34	831.413	8303	1064	944	854	772	700	646	576	494	344	143	123.570	490	133	124	120	118	116	113	111	109	106	99	1	35	427.958	743.846	0	0	0	4785	0	0	0	189	0	0	0	1	52	428.990	745.387	0	0	0	2823	0	0	0	277	0	0	0
106	106	1988	518.070	751.335	374	505	711	336	24	286	701	682	239	35	751.174	15380	866	505	450	402	377	356	327	287	222	133	136.049	945	141	122	119	116	115	113	111	109	107	99	1	82	512.842	760.119	0	0	0	7164	0	0	0	459	0	0	0	1	87	513.729	759.882	0	0	0	6450	0	0	0	478	0	0	0
107	107	1456	1092.416	746.792	140	435	456	307	91	164	758	288	187	32	2694.687	4348	3716	3427	3225	3071	2904	2712	2326	1865	1272	420	251.693	379	311	296	285	276	266	252	229	201	167	114	0	0	0.000	0.000	0	0	0	0	0	0	0	0	0	0	0	0	0	0.000	0.000	0	0	0	0	0	0	0	0	0	0	0
108	108	1547	1038.882	748.498	195	452	471	341	62	276	644	413	172	13	840.377	1268	1123	1061	997	933	882	827	740	614	492	201	151.405	191	173	167	162	157	153	149	143	136	126	106	0	0	0.000	0.000	0	0	0	0	0	0	0	0	0	0	0	0	0	0.000	0.000	0	0	0	0	0	0	0	0	0	0	0
109	109	1314	1411.280	754.392	265	312	345	308	58	216	353	401	234	80	2173.122	3584	3180	2921	2652	2460	2328	2147	1866	1425	853	263	125.372	157	138	134	131	129	126	124	120	116	111	102	0	0	0.000	0.000	0	0	0	0	0	0	0	0	0	0	0	0	0	0.000	0.000	0	0	0	0	0	0	0	0	0	0	0
110	110	1031	247.452	761.963	116	252	312	281	52	90	271	412	195	53	1047.008	1546	1397	1323	1256	1191	1135	1053	930	764	543	206	133.862	162	148	144	141	138	136	132	128	123	116	102	0	0	0.000	0.000	0	0	0	0	0	0	0	0	0	0	0	0	0	0.000	0.000	0	0	0	0	0	0	0	0	0	0	0
111	111	2498	1126.424	801.542	288	753	786	550	65	267	805	862	361	150	4614.553	34216	11438	3840	2854	2513	2223	1999	1659	1317	954	316	794.148	9536	1743	446	281	247	227	210	193	174	150	114	1	346	1123.818	806.393	0	0	0	22242	0	0	0	3611	0	0	0	1	295	1124.483	806.260	0	0	0	24620	0	0	0	4316	0	0	0
112	112	1415	1800.352	778.531	140	400	493	312	46	192	679	355	145	15	2520.035	5497	3967	3444	2943	2757	2608	2388	2065	1623	988	300	187.006	541	241	221	206	196	187	178	164	143	119	102	0	0	0.000	0.000	0	0	0	0	0	0	0	0	0	0	0	1	11	1799.398	770.028	0	0	0	4886	0	0	0	458	0	0	0
113	113	2847	356.437	788.010	367	718	987	606	124	361	998	970	338	136	1639.437	2701	2316	2128	1976	1842	1696	1550	1418	1225	812	228	150.557	196	176	169	164	158	153	148	142	134	117	100	0	0	0.000	0.000	0	0	0	0	0	0	0	0	0	0	0	0	0	0.000	0.000	0	0	0	0	0	0	0	0	0	0	0
114	114	2515	1743.074	780.061	551	950	816	152	21	778	1154	493	44	14	3228.322	20551	4775	3309	2941	2762	2569	2392	2168	1533	734	219	302.272	3147	411	236	208	198	191	182	168	145	117	102	1	167	1745.299	774.413	0	0	0	15225	0	0	0	1693	0	0	0	1	177	1744.748	774.106	0	0	0	14798	0	0	0	1582	0	0	0
115	115	1321	92.917	784.718	207	193	471	285	138	181	261	549	246	54	575.612	920	803	740	692	642	590	540	481	410	322	150	114.885	135	123	121	119	117	116	114	111	109	105	98	0	0	0.000	0.000	0	0	0	0	0	0	0	0	0	0	0	0	0	0.000	0.000	0	0	0	0	0	0	0	0	0	0	0
116	116	1654	878.461	791.905	133	245	532	464	242	159	521	633	267	40	828.029	17194	1132	426	337	310	293	280	267	241	203	126	186.719	2152	219	142	132	128	126	124	121	117	112	99	1	89	871.199	797.547	0	0	0	7827	0	0	0	696	0	0	0	1	89	872.023	796.323	0	0	0	5125	0	0	0	980	0	0	0
117	117	1015	697.320	789.295	95	212	375	267	52	103	164	474	198	57	768.151	1106	973	937	903	871	819	758	676	587	482	233	120.490	137	129	127	125	123	121	119	117	114	111	101	0	0	0.000	0.000	0	0	0	0	0	0	0	0	0	0	0	0	0	0.000	0.000	0	0	0	0	0	0	0	0	0	0	0
118	118	2046	1074.013	807.829	211	480	678	489	164	270	892	567	228	53	1400.560	19449	1760	1012	926	879	834	786	732	663	528	265	277.246	4449	322	175	159	155	151	147	142	137	129	106	1	102	1079.525	815.577	0	0	0	10346	0	0	0	2085	0	0	0	1	103	1079.601	816.081	0	0	0	10315	0	0	0	2037	0	0	0
119	119	2019	1452.424	817.124	294	628	650	322	86	196	801	625	285	70	1096.234	19193	1394	582	491	444	414	387	362	312	230	123	155.169	1293	181	128	121	118	115	113	111	108	105	96	1	131	1454.537	824.743	0	0	0	8983	0	0	0	567	0	0	0	1	121	1455.308	823.940	0	0	0	8230	0	0	0	624	0	0	0
120	120	2463	975.988	825.533	355	519	829	546	167	305	940	761	282	134	1676.132	25152	2352	814	646	576	512	465	414	354	277	139	236.065	2959	270	153	140	134	130	126	122	118	114	100	1	205	977.068	825.329	0	0	0	11872	0	0	0	1105	0	0	0	1	168	976.940	824.666	0	0	0	15286	0	0	0	1450	0	0	0
121	121	1533	837.168	823.377	205	356	467	323	143	239	622	398	194	43	2292.950	23069	4451	1806	1402	1176	1062	994	877	742	545	199	224.705	2089	358	165	141	134	128	123	119	115	109	100	1	144	837.575	827.427	0	0	0	11639	0	0	0	929	0	0	0	1	133	837.823	826.430	0	0	0	11013	0	0	0	1069	0	0	0
122	122	1715	1914.073	826.980	279	461	540	357	51	259	591	535	231	78	2487.963	20290	3722	2410	2203	2021	1861	1713	1524	1238	838	367	156.197	987	190	141	133	129	126	123	119	115	110	99	1	102	1912.823	833.369	0	0	0	11922	0	0	0	535	0	0	0	1	106	1912.958	832.874	0	0	0	11573	0	0	0	512	0	0	0
123	123	1066	913.978	827.207	171	298	317	211	49	157	465	314	100	22	289.398	423	374	355	340	324	308	289	265	227	153	107	120.827	144	131	128	126	124	122	120	117	113	108	98	0	0	0.000	0.000	0	0	0	0	0	0	0	0	0	0	0	0	0	0.000	0.000	0	0	0	0	0	0	0	0	0	0	0
124	124	1391	1037.660	839.829	51	238	500	388	196	56	323	606	268	116	1664.564	2719	2375	2171	2039	1897	1704	1521	1389	1213	905	223	182.429	249	221	211	201	192	183	174	167	158	145	108	0	0	0.000	0.000	0	0	0	0	0	0	0	0	0	0	0	0	0	0.000	0.000	0	0	0	0	0	0	0	0	0	0	0
125	125	777	368.607	839.728	67	179	252	212	55	61	194	313	150	48	332.495	482	438	411	385	364	346	323	295	263	207	124	118.592	147	127	125	123	121	119	117	115	112	109	101	0	0	0.000	0.000	0	0	0	0	0	0	0	0	0	0	0	0	0	0.000	0.000	0	0	0	0	0	0	0	0	0	0	0
126	126	2265	1089.837	858.578	243	506	855	522	114	282	841	729	264	108	1610.690	7197	2118	1994	1905	1822	1728	1620	1496	1212	732	189	190.643	1509	219	211	205	199	193	185	174	159	135	105	0	0	0.000	0.000	0	0	0	0	0	0	0	0	0	0	0	0	0	0.000	0.000	0	0	0	0	0	0	0	0	0	0	0
127	127	972	808.446	859.280	142	177	264	246	129	149	355	254	139	53	762.892	1197	1042	977	919	870	830	774	679	544	338	147	116.326	136	125	122	121	119	117	115	113	109	106	99	0	0	0.000	0.000	0	0	0	0	0	0	0	0	0	0	0	0	0	0.000	0.000	0	0	0	0	0	0	0	0	0	0	0
128	128	1245	1444.804	870.010	180	228	420	280	122	180	364	451	165	59	356.071	546	478	451	420	392	370	345	319	269	192	118	111.871	127	119	117	115	114	112	111	109	107	104	98	0	0	0.000	0.000	0	0	0	0	0	0	0	0	0	0	0	0	0	0.000	0.000	0	0	0	0	0	0	0	0	0	0	0
129	129	1118	1565.997	867.864	132	258	327	268	120	121	404	341	158	75	236.360	340	305	286	268	251	235	220	207	192	169	126	281.436	429	368	346	322	300	280	262	243	222	194	139	0	0	0.000	0.000	0	0	0	0	0	0	0	0	0	0	0	0	0	0.000	0.000	0	0	0	0	0	0	0	0	0	0	0
130	130	2315	955.952	881.868	336	684	758	421	64	288	845	714	326	103	3915.607	32942	14646	2789	1315	937	837	765	694	620	466	162	1792.611	21032	6049	1001	427	272	220	201	188	174	151	106	0	0	0.000	0.000	0	0	0	0	0	0	0	0	0	0	0	1	329	957.344	881.939	0	0	0	24182	0	0	0	10129	0	0	0
131	131	1718	384.693	881.456	213	494	552	323	103	165	540	611	271	89	852.887	15487	1126	564	458	417	385	351	310	267	207	121	167.469	1461	194	137	130	127	124	121	118	115	111	103	1	91	386.795	876.228	0	0	0	6950	0	0	0	778	0	0	0	1	93	386.916	876.303	0	0	0	6928	0	0	0	768	0	0	0
132	132	1755	1190.552	897.255	226	487	524	383	97	251	712	458	224	72	943.495	13309	1225	792	697	647	610	566	521	457	339	139	197.552	2534	231	151	139	135	131	128	125	121	115	98	1	82	1196.588	901.306	0	0	0	6046	0	0	0	1165	0	0	0	1	85	1196.196	900.832	0	0	0	5811	0	0	0	1096	0	0	0
133	133	1159	1139.124	899.181	175	261	340	262	98	253	366	342	147	25	513.580	2392	684	622	569	531	487	448	414	381	325	192	124.001	235	136	130	127	124	122	120	117	115	111	100	1	10	1136.242	886.857	0	0	0	1872	0	0	0	137	0	0	0	1	19	1141.041	883.620	0	0	0	620	0	0	0	193	0	0	0
134	134	1860	1543.424	910.850	209	494	736	315	76	204	667	694	181	66	631.713	13750	718	331	286	265	250	237	221	206	184	114	331.341	2261	402	349	324	306	290	268	239	218	183	115	1	86	1530.317	915.985	0	0	0	6618	0	0	0	1166	0	0	0	1	72	1530.895	915.159	0	0	0	6665	0	0	0	1359	0	0	0
135	135	5790	1669.017	936.385	3820	1349	365	143	39	3954	1213	379	128	37	1676.280	4993	3757	3230	2665	1917	1147	838	532	257	161	110	141.853	350	176	166	159	152	145	135	120	109	106	97	1	30	1685.945	936.951	0	0	0	3407	0	0	0	165	0	0	0	1	16	1696.383	918.446	0	0	0	3941	0	0	0	289	0	0	0
136	136	813	1001.178	905.726	142	249	230	131	50	154	272	232	103	34	224.295	311	270	260	253	246	235	224	209	189	152	112	152.277	190	174	170	166	162	157	152	144	135	118	103	0	0	0.000	0.000	0	0	0	0	0	0	0	0	0	0	0	0	0	0.000	0.000	0	0	0	0	0	0	0	0	0	0	0
137	137	820	133.892	924.104	47	189	330	210	26	77	187	307	188	46	364.667	554	506	478	450	416	385	348	308	250	173	118	112.738	129	122	119	118	116	113	111	108	105	103	97	0	0	0.000	0.000	0	0	0	0	0	0	0	0	0	0	0	0	0	0.000	0.000	0	0	0	0	0	0	0	0	0	0	0
138	138	1329	946.818	931.492	133	241	361	341	226	146	266	349	327	214	806.026	1336	1144	1059	967	893	819	746	666	555	440	206	187.373	270	234	222	209	198	189	179	168	153	137	104	0	0	0.000	0.000	0	0	0	0	0	0	0	0	0	0	0	0	0	0.000	0.000	0	0	0	0	0	0	0	0	0	0	0
139	139	2507	543.059	945.457	276	729	791	543	120	293	914	753	381	119	452.107	763	622	570	532	500	464	422	381	339	257	133	232.706	371	301	279	264	250	236	219	205	187	159	110	0	0	0.000	0.000	0	0	0	0	0	0	0	0	0	0	0	0	0	0.000	0.000	0	0	0	0	0	0	0	0	0	0	0
140	140	2052	993.829	951.125	227	550	699	442	109	320	789	562	245	89	502.574	11305	553	346	321	306	292	274	256	232	196	110	197.724	1811	218	191	183	175	169	161	155	146	133	101	1	63	1002.736	947.070	0	0	0	5468	0	0	0	884	0	0	0	1	56	1002.439	947.305	0	0	0	5918	0	0	0	981	0	0	0
141	141	1703	1612.680	959.481	290	410	528	305	136	268	644	519	186	64	1437.505	2367	1924	1750	1633	1550	1489	1422	1331	1142	821	231	111.465	128	118	116	114	112	111	110	108	107	105	97	0	0	0.000	0.000	0	0	0	0	0	0	0	0	0	0	0	0	0	0.000	0.000	0	0	0	0	0	0	0	0	0	0	0
142	142	1793	136.582	971.893	234	653	632	218	24	175	702	586	231	58	1858.823	23888	3785	1059	674	550	494	449	398	348	284	153	230.405	2173	404	171	136	126	121	117	114	111	108	98	1	189	137.815	974.121	0	0	0	11237	0	0	0	913	0	0	0	1	173	138.250	973.859	0	0	0	12835	0	0	0	1025	0	0	0
143	143	1625	341.847	968.023	111	365	569	458	88	146	629	487	256	70	1000.082	6046	1400	1259	1178	1088	976	858	723	600	483	179	137.275	543	153	145	139	135	131	127	123	119	114	102	1	23	336.502	958.671	0	0	0	4131	0	0	0	249	0	0	0	1	37	338.010	959.032	0	0	0	3167	0	0	0	332	0	0	0
144	144	1496	434.850	974.523	205	561	464	223	19	182	557	417	217	90	478.290	780	655	624	596	563	524	483	420	312	175	108	115.575	141	126	122	119	117	115	113	111	109	106	99	0	0	0.000	0.000	0	0	0	0	0	0	0	0	0	0	0	0	0	0.000	0.000	0	0	0	0	0	0	0	0	0	0	0
145	145	1682	1552.549	974.697	223	624	571	220	22	242	814	364	189	37	1103.729	17076	1250	861	798	760	730	695	632	515	360	177	180.276	1918	212	148	140	136	133	129	125	120	112	102	1	71	1544.361	967.918	0	0	0	8302	0	0	0	957	0	0	0	1	78	1543.994	967.650	0	0	0	7749	0	0	0	911	0	0	0
146	146	1396	1275.547	984.640	186	308	399	345	142	176	640	340	164	52	301.850	493	421	382	352	331	313	296	271	221	147	108	137.237	182	160	153	148	143	139	135	129	121	109	100	0	0	0.000	0.000	0	0	0	0	0	0	0	0	0	0	0	0	0	0.000	0.000	0	0	0	0	0	0	0	0	0	0	0
147	147	1073	173.946	992.879	137	233	357	291	37	134	295	353	226	49	2383.568	3954	3586	3339	3108	2870	2614	2320	1973	1376	590	222	153.030	196	179	173	167	162	156	149	143	134	121	103	0	0	0.000	0.000	0	0	0	0	0	0	0	0	0	0	0	0	0	0.000	0.000	0	0	0	0	0	0	0	0	0	0	0
148	148	844	300.080	988.600	104	142	288	229	67	77	223	354	146	30	1080.864	1804	1626	1500	1383	1242	1117	982	822	657	495	222	136.175	169	155	151	146	142	137	132	127	122	114	103	0	0	0.000	0.000	0	0	0	0	0	0	0	0	0	0	0	0	0	0.000	0.000	0	0	0	0	0	0	0	0	0	0	0
149	149	2645	377.623	1002.679	330	615	1030	492	114	302	883	992	318	103	1617.998	25021	2000	790	658	594	548	511	468	392	265	110	161.841	1397	182	123	117	114	112	110	108	107	104	92	1	219	365.023	997.946	0	0	0	12559	0	0	0	599	0	0	0	1	190	365.171	997.898	0	0	0	14614	0	0	0	689	0	0	0
150	150	1209	1431.296	997.237	134	297	402	264	86	130	575	290	158	33	1952.874	3641	3190	2817	2458	2173	1894	1608	1343	1175	895	340	151.979	202	184	176	167	158	150	143	136	129	123	108	0	0	0.000	0.000	0	0	0	0	0	0	0	0	0	0	0	0	0	0.000	0.000	0	0	0	0	0	0	0	0	0	0	0
151	151	1034	78.984	1006.267	60	144	357	316	133	59	285	443	212	20	516.215	849	713	665	622	565	518	479	445	388	283	154	119.095	146	130	127	124	122	119	117	115	111	107	100	0	0	0.000	0.000	0	0	0	0	0	0	0	0	0	0	0	0	0	0.000	0.000	0	0	0	0	0	0	0	0	0	0	0
152	152	1534	1166.243	1015.035	150	288	582	401	83	131	577	529	202	62	3519.222	5830	5265	4769	4440	4013	3676	3241	2815	2390	1505	429	145.814	197	177	168	161	155	149	143	133	120	107	99	0	0	0.000	0.000	0	0	0	0	0	0	0	0	0	0	0	0	0	0.000	0.000	0	0	0	0	0	0	0	0	0	0	0
153	153	2335	1589.896	1027.917	227	433	942	575	116	315	1020	654	276	36	3374.012	30367	6572	2491	2100	1794	1589	1427	1291	1144	811	220	581.738	7871	1025	322	227	207	195	183	171	162	147	113	1	261	1586.081	1030.592	0	0	0	18040	0	0	0	2786	0	0	0	1	212	1586.063	1030.227	0	0	0	20482	0	0	0	3804	0	0	0
154	154	2000	1403.959	1041.453	149	492	827	420	75	246	929	564	182	33	2085.894	23412	3143	1582	1403	1261	1105	946	788	646	506	176	181.726	1648	227	141	130	125	121	117	114	111	108	99	1	148	1407.081	1043.667	0	0	0	13168	0	0	0	805	0	0	0	1	140	1406.771	1043.631	0	0	0	14012	0	0	0	844	0	0	0
155	155	2222	1930.615	1043.495	350	691	739	331	70	331	915	629	251	61	693.889	17217	501	452	420	396	376	355	332	278	215	112	283.606	6361	213	176	170	166	161	155	148	139	124	103	1	110	1936.285	1055.593	0	0	0	8706	0	0	0	2547	0	0	0	1	104	1936.209	1055.036	0	0	0	8744	0	0	0	2736	0	0	0
156	156	1710	119.155	1036.849	179	365	549	425	163	209	602	535	278	52	666.157	9029	813	633	574	533	497	467	417	354	283	151	145.299	1205	153	130	126	123	121	118	115	112	108	98	1	60	120.562	1037.117	0	0	0	4377	0	0	0	641	0	0	0	1	67	121.070	1036.919	0	0	0	3710	0	0	0	557	0	0	0
157	157	1590	195.633	1037.781	190	308	581	390	92	194	604	462	222	75	1763.340	3512	2684	2383	2182	1987	1791	1584	1330	1153	814	234	138.384	179	160	153	148	143	139	134	129	123	116	100	0	0	0.000	0.000	0	0	0	0	0	0	0	0	0	0	0	0	0	0.000	0.000	0	0	0	0	0	0	0	0	0	0	0
158	158	1451	514.056	1039.736	192	403	482	316	34	228	677	355	137	27	1089.788	13809	1487	939	810	758	727	693	639	551	429	219	131.686	715	145	120	116	114	112	111	110	108	106	99	1	68	519.243	1044.942	0	0	0	6623	0	0	0	412	0	0	0	1	78	519.939	1044.316	0	0	0	5093	0	0	0	387	0	0	0
159	159	1677	1458.418	1039.061	160	453	570	365	94	155	607	563	221	96	1996.920	10750	3095	2503	2251	2067	1872	1665	1424	1180	915	207	157.973	748	187	169	159	154	148	141	134	127	118	100	1	30	1449.639	1040.316	0	0	0	7721	0	0	0	385	0	0	0	1	45	1450.825	1041.532	0	0	0	5964	0	0	0	417	0	0	0
160	160	1337	1107.367	1045.655	125	367	510	260	46	165	504	407	181	52	1171.313	12210	1436	1153	1010	938	894	843	799	723	596	263	149.190	1148	163	133	129	126	123	121	119	116	112	98	1	48	1114.103	1050.215	0	0	0	6868	0	0	0	492	0	0	0	1	57	1113.369	1048.825	0	0	0	3733	0	0	0	551	0	0	0
161	161	527	1290.292	1057.618	72	121	155	127	39	67	76	180	152	43	768.797	1227	1107	1045	983	933	860	779	640	459	267	143	108.465	121	115	113	112	110	109	107	106	104	102	97	0	0	0.000	0.000	0	0	0	0	0	0	0	0	0	0	0	0	0	0.000	0.000	0	0	0	0	0	0	0	0	0	0	0
162	162	1880	556.200	1081.852	331	618	547	312	36	339	995	294	191	32	3063.360	26779	5638	2603	2084	1884	1706	1486	1319	1155	762	203	352.098	3972	584	230	180	170	162	155	147	140	127	98	1	187	559.312	1088.289	0	0	0	16529	0	0	0	1730	0	0	0	1	161	559.041	1087.566	0	0	0	17748	0	0	0	1984	0	0	0
163	163	1225	1616.677	1067.837	163	249	371	332	85	186	434	376	158	49	1854.219	3375	2952	2741	2474	2179	1893	1557	1254	976	712	240	192.890	288	255	241	228	214	194	177	158	142	129	106	0	0	0.000	0.000	0	0	0	0	0	0	0	0	0	0	0	0	0	0.000	0.000	0	0	0	0	0	0	0	0	0	0	0
164	164	1725	1071.419	1084.086	194	436	623	379	59	161	770	505	202	49	1222.077	10182	1614	1434	1234	1121	1040	976	884	767	538	153	182.019	1603	208	174	163	155	149	144	138	131	121	102	1	48	1069.406	1089.200	0	0	0	5914	0	0	0	955	0	0	0	1	65	1069.706	1088.905	0	0	0	4963	0	0	0	763	0	0	0
165	165	2346	1316.094	1092.169	462	503	642	535	171	415	792	622	310	155	850.849	1507	1203	1080	1011	944	879	818	749	662	397	124	111.223	128	120	117	115	113	111	109	107	105	103	96	0	0	0.000	0.000	0	0	0	0	0	0	0	0	0	0	0	0	0	0.000	0.000	0	0	0	0	0	0	0	0	0	0	0
166	166	933	975.509	1082.414	126	173	306	244	65	107	191	368	160	92	2895.942	4644	4286	3947	3632	3276	2933	2649	2316	1964	1437	501	164.331	222	200	191	182	175	168	162	152	139	118	100	0	0	0.000	0.000	0	0	0	0	0	0	0	0	0	0	0	0	0	0.000	0.000	0	0	0	0	0	0	0	0	0	0	0
167	167	756	508.020	1083.501	98	158	225	198	59	63	203	294	127	59	1654.743	2747	2464	2276	2066	1889	1719	1521	1308	1092	762	250	153.122	201	185	177	171	164	157	148	140	128	114	101	0	0	0.000	0.000	0	0	0	0	0	0	0	0	0	0	0	0	0	0.000	0.000	0	0	0	0	0	0	0	0	0	0	0
168	168	1583	1415.099	1099.648	101	245	576	440	182	166	582	504	219	68	1359.027	2097	1882	1765	1631	1532	1412	1286	1157	972	728	301	123.907	149	135	132	129	127	124	122	119	116	111	102	0	0	0.000	0.000	0	0	0	0	0	0	0	0	0	0	0	0	0	0.000	0.000	0	0	0	0	0	0	0	0	0	0	0
169	169	1881	1582.271	1104.594	154	493	628	434	137	303	828	469	191	61	2976.212	15598	3971	3586	3363	3146	2883	2642	2313	1861	1374	265	205.156	1302	226	206	196	189	183	175	164	151	138	107	1	39	1583.375	1111.676	0	0	0	12050	0	0	0	999	0	0	0	1	75	1582.655	1111.933	0	0	0	8851	0	0	0	741	0	0	0
170	170	1411	1015.797	1102.084	193	404	454	267	67	178	590	368	196	49	2834.426	4832	3957	3699	3425	3209	2937	2640	2383	2079	1461	522	160.668	219	190	181	175	168	161	155	150	142	128	105	0	0	0.000	0.000	0	0	0	0	0	0	0	0	0	0	0	0	0	0.000	0.000	0	0	0	0	0	0	0	0	0	0	0
171	171	1081	1111.818	1109.866	74	196	361	319	104	116	441	296	166	42	918.236	1435	1274	1198	1131	1054	947	833	732	628	530	309	141.898	179	163	158	154	148	143	138	132	126	118	103	0	0	0.000	0.000	0	0	0	0	0	0	0	0	0	0	0	0	0	0.000	0.000	0	0	0	0	0	0	0	0	0	0	0
172	172	1299	1466.832	1114.249	97	351	474	281	80	102	385	513	185	91	1425.825	2498	2240	2046	1830	1583	1362	1207	1114	926	592	221	174.543	242	221	211	197	185	170	160	152	144	132	111	0	0	0.000	0.000	0	0	0	0	0	0	0	0	0	0	0	0	0	0.000	0.000	0	0	0	0	0	0	0	0	0	0	0
173	173	2144	1903.602	1128.392	249	613	749	420	75	227	840	712	259	67	974.889	15353	1221	809	725	669	613	544	469	415	333	114	127.632	668	136	119	115	113	112	110	108	107	105	98	1	92	1907.009	1121.818	0	0	0	7594	0	0	0	387	0	0	0	1	106	1906.739	1121.686	0	0	0	6405	0	0	0	371	0	0	0
174	174	2354	1502.418	1151.329	310	557	758	524	156	284	826	674	360	168	2986.159	29284	5675	2214	1724	1466	1276	1128	1000	820	511	184	646.527	9566	1222	334	224	189	172	160	152	133	111	100	1	262	1501.922	1150.141	0	0	0	16415	0	0	0	3506	0	0	0	1	218	1501.730	1150.349	0	0	0	19380	0	0	0	4269	0	0	0
175	175	1370	1575.270	1155.944	186	409	479	225	54	291	661	235	128	30	3536.390	5958	5375	4816	4556	4218	3700	3180	2660	2074	1442	640	200.901	292	256	240	232	220	206	190	176	160	137	107	0	0	0.000	0.000	0	0	0	0	0	0	0	0	0	0	0	0	0	0.000	0.000	0	0	0	0	0	0	0	0	0	0	0
176	176	2352	640.174	1165.867	370	663	812	417	54	299	734	810	322	143	1401.528	2719	1974	1712	1578	1503	1424	1342	1226	1045	783	301	152.924	207	175	167	162	159	155	151	146	137	126	103	0	0	0.000	0.000	0	0	0	0	0	0	0	0	0	0	0	0	0	0.000	0.000	0	0	0	0	0	0	0	0	0	0	0
177	177	1653	1112.706	1176.724	247	508	473	325	74	214	645	468	196	100	812.399	1385	1129	1028	951	896	835	770	692	597	441	160	116.785	139	127	123	121	118	117	114	112	110	107	98	0	0	0.000	0.000	0	0	0	0	0	0	0	0	0	0	0	0	0	0.000	0.000	0	0	0	0	0	0	0	0	0	0	0
178	178	1884	999.484	1185.121	232	385	593	459	177	185	649	655	257	99	781.670	12379	910	585	510	480	451	424	394	357	292	168	169.652	1661	185	144	135	131	128	125	122	118	112	101	1	80	1003.870	1180.432	0	0	0	6747	0	0	0	670	0	0	0	1	82	1003.860	1181.324	0	0	0	6409	0	0	0	876	0	0	0
179	179	1287	948.538	1188.993	159	280	456	297	63	178	432	425	202	29	282.471	1316	352	323	302	287	276	264	252	234	201	140	115.774	187	123	121	118	117	115	114	112	110	107	100	0	0	0.000	0.000	0	0	0	0	0	0	0	0	0	0	0	0	0	0.000	0.000	0	0	0	0	0	0	0	0	0	0	0
180	180	1855	849.060	1201.488	332	608	576	247	55	309	787	473	200	42	1057.002	11398	1356	1185	1015	925	861	789	708	623	457	161	191.129	1965	209	173	163	157	151	146	142	134	125	104	1	55	839.450	1200.463	0	0	0	6053	0	0	0	1089	0	0	0	1	63	839.040	1200.816	0	0	0	5535	0	0	0	965	0	0	0
181	181	2226	1469.703	1245.180	254	589	779	461	110	301	1010	563	269	43	2718.092	29672	8618	1255	473	359	335	316	297	268	227	129	1379.518	18392	3720	643	286	225	211	201	188	176	158	119	1	341	1470.534	1248.155	0	0	0	14708	0	0	0	6340	0	0	0	1	262	1470.379	1247.736	0	0	0	20701	0	0	0	8920	0	0	0
182	182	1884	116.514	1245.338	280	582	600	355	31	234	727	522	289	81	761.576	15077	1039	408	303	276	250	229	206	180	149	104	234.870	1919	309	221	207	197	183	169	155	141	122	98	1	110	113.285	1238.366	0	0	0	7073	0	0	0	966	0	0	0	1	108	113.014	1237.933	0	0	0	7109	0	0	0	970	0	0	0
183	183	3795	768.745	1288.045	898	1689	1019	127	12	821	1673	930	259	56	2206.791	30799	2910	1117	950	857	789	709	597	500	305	135	855.549	17166	970	283	219	202	189	179	166	153	129	103	1	355	771.364	1291.363	0	0	0	15461	0	0	0	5678	0	0	0	1	275	770.971	1291.278	0	0	0	20711	0	0	0	8180	0	0	0
184	184	1967	1013.177	1263.599	309	544	626	402	60	176	754	641	275	91	291.964	468	378	346	325	306	291	273	252	233	213	138	231.880	367	287	269	257	248	238	225	210	193	161	115	0	0	0.000	0.000	0	0	0	0	0	0	0	0	0	0	0	0	0	0.000	0.000	0	0	0	0	0	0	0	0	0	0	0
185	185	1360	1503.429	1263.521	135	318	414	338	130	113	530	462	172	50	1251.833	7341	1716	1505	1366	1267	1164	1075	991	842	644	281	143.918	543	172	150	143	138	133	130	127	123	118	105	1	24	1491.993	1263.056	0	0	0	5355	0	0	0	345	0	0	0	1	40	1492.125	1261.276	0	0	0	2588	0	0	0	336	0	0	0
186	186	2314	653.539	1275.352	324	673	771	442	67	296	854	705	329	81	2730.640	22653	7944	1771	1141	975	872	761	642	526	379	205	712.857	8206	1749	405	250	206	186	171	157	143	131	106	1	368	652.965	1274.359	0	0	0	12559	0	0	0	2656	0	0	0	1	285	652.724	1273.859	0	0	0	16987	0	0	0	3920	0	0	0
187	187	1428	821.194	1277.364	296	360	340	330	73	209	479	433	198	87	1108.399	1831	1558	1474	1389	1248	1117	1000	875	753	612	240	216.222	311	278	265	250	234	219	205	190	172	145	101	0	0	0.000	0.000	0	0	0	0	0	0	0	0	0	0	0	0	0	0.000	0.000	0	0	0	0	0	0	0	0	0	0	0
188	188	946	965.637	1275.138	128	256	232	200	111	149	260	272	159	92	273.905	361	329	318	307	296	284	270	252	234	205	140	214.256	287	256	247	239	232	225	216	205	188	143	109	0	0	0.000	0.000	0	0	0	0	0	0	0	0	0	0	0	0	0	0.000	0.000	0	0	0	0	0	0	0	0	0	0	0
189	189	996	1440.272	1279.907	87	171	389	254	77	83	339	363	148	50	420.357	588	509	486	467	450	432	415	399	373	307	134	121.123	138	130	127	125	124	122	120	118	115	111	101	0	0	0.000	0.000	0	0	0	0	0	0	0	0	0	0	0	0	0	0.000	0.000	0	0	0	0	0	0	0	0	0	0	0
190	190	1235	900.207	1292.292	155	258	400	307	88	144	414	407	181	64	1195.770	1970	1744	1608	1473	1359	1225	1090	946	770	596	298	134.389	171	153	148	143	139	135	130	126	121	115	103	0	0	0.000	0.000	0	0	0	0	0	0	0	0	0	0	0	0	0	0.000	0.000	0	0	0	0	0	0	0	0	0	0	0
191	191	1947	1506.314	1315.491	385	585	642	268	33	347	897	409	210	49	2397.074	26781	4157	1618	1256	1147	1070	952	851	717	501	171	293.733	3715	434	184	149	141	136	131	126	122	114	100	1	189	1509.656	1317.681	0	0	0	13560	0	0	0	1408	0	0	0	1	160	1509.834	1317.338	0	0	0	16696	0	0	0	1727	0	0	0
192	192	1375	690.228	1324.426	179	292	380	365	139	129	300	414	361	144	940.067	1500	1317	1230	1132	1055	966	884	791	655	506	246	176.292	241	215	206	194	184	176	168	159	149	136	111	0	0	0.000	0.000	0	0	0	0	0	0	0	0	0	0	0	0	0	0.000	0.000	0	0	0	0	0	0	0	0	0	0	0
193	193	1422	1454.033	1321.920	158	282	410	374	174	127	514	454	233	62	873.094	13509	1174	657	579	528	491	466	434	402	334	142	157.283	1242	185	136	131	128	125	122	120	116	112	101	1	73	1458.356	1310.133	0	0	0	6182	0	0	0	583	0	0	0	1	70	1458.398	1310.173	0	0	0	6400	0	0	0	611	0	0	0
194	194	1319	414.748	1330.741	192	283	433	270	114	177	413	471	169	70	677.965	1078	951	905	837	779	708	634	540	450	353	169	106.139	118	110	109	108	107	106	105	104	103	102	97	0	0	0.000	0.000	0	0	0	0	0	0	0	0	0	0	0	0	0	0.000	0.000	0	0	0	0	0	0	0	0	0	0	0
195	195	1047	1329.706	1329.093	98	279	335	255	56	72	270	417	219	50	248.444	805	332	298	278	262	246	230	216	193	151	111	156.400	258	189	180	172	165	156	149	143	135	119	99	0	0	0.000	0.000	0	0	0	0	0	0	0	0	0	0	0	0	0	0.000	0.000	0	0	0	0	0	0	0	0	0	0	0
196	196	1589	922.287	1337.590	162	501	507	318	69	223	729	395	178	36	1041.985	5244	1414	1254	1164	1084	992	900	818	738	615	176	137.499	479	151	144	140	136	133	130	126	122	117	104	1	23	910.250	1336.635	0	0	0	3862	0	0	0	338	0	0	0	1	33	911.308	1335.687	0	0	0	2262	0	0	0	288	0	0	0
197	197	2025	1059.581	1349.065	328	901	713	43	7	148	755	737	261	71	2226.355	4158	3322	2893	2637	2454	2292	2072	1833	1540	1053	295	109.767	126	116	113	112	111	109	108	107	106	104	97	0	0	0.000	0.000	0	0	0	0	0	0	0	0	0	0	0	0	0	0.000	0.000	0	0	0	0	0	0	0	0	0	0	0
198	198	1731	796.428	1354.333	650	726	302	16	9	736	762	180	15	8	117.877	235	126	123	120	119	117	115	113	111	108	101	186.210	269	224	214	205	197	190	181	170	158	141	108	1	22	784.923	1361.725	0	0	0	176	0	0	0	232	0	0	0	0	0	0.000	0.000	0	0	0	0	0	0	0	0	0	0	0
199	199	1952	1303.826	1357.692	221	477	677	406	141	249	786	590	220	66	1511.016	23132	2572	679	416	344	317	295	272	249	220	144	448.566	6380	728	287	216	197	186	176	165	154	133	101	1	177	1306.728	1358.935	0	0	0	10663	0	0	0	1596	0	0	0	1	145	1307.405	1356.904	0	0	0	5690	0	0	0	2886	0	0	0
200	200	1907	647.354	1366.716	243	426	631	464	109	173	490	821	277	110	2015.734	13668	2966	2454	2149	1939	1777	1642	1491	1263	839	247	169.609	1105	193	170	161	155	150	145	139	133	121	100	1	48	633.238	1374.160	0	0	0	9272	0	0	0	508	0	0	0	1	64	633.681	1372.170	0	0	0	5331	0	0	0	605	0	0	0
201	201	1214	700.446	1371.136	166	303	339	313	66	131	393	431	164	70	1644.670	2808	2465	2184	2006	1856	1702	1558	1383	1115	665	282	143.965	188	167	158	153	149	145	141	136	129	120	105	0	0	0.000	0.000	0	0	0	0	0	0	0	0	0	0	0	0	0	0.000	0.000	0	0	0	0	0	0	0	0	0	0	0
202	202	2194	414.798	1384.360	361	612	567	449	153	331	791	628	302	110	753.238	1258	1032	965	919	877	822	748	657	521	341	144	108.428	123	114	112	111	109	108	107	106	105	103	97	0	0	0.000	0.000	0	0	0	0	0	0	0	0	0	0	0	0	0	0.000	0.000	0	0	0	0	0	0	0	0	0	0	0
203	203	1974	911.973	1385.276	151	471	725	451	138	195	932	550	224	37	1361.178	13960	1689	1521	1409	1317	1207	1098	964	805	591	196	175.159	1917	179	167	161	155	150	144	139	132	123	102	1	51	909.765	1367.393	0	0	0	8300	0	0	0	650	0	0	0	1	70	911.092	1367.445	0	0	0	6156	0	0	0	961	0	0	0
204	204	877	76.886	1382.680	561	180	78	32	14	461	210	120	56	23	133.742	168	154	149	145	140	135	130	123	117	111	102	224.130	372	298	279	262	250	235	214	185	158	138	113	0	0	0.000	0.000	0	0	0	0	0	0	0	0	0	0	0	0	0	0.000	0.000	0	0	0	0	0	0	0	0	0	0	0
205	205	1430	1338.976	1397.169	240	666	403	76	7	190	626	396	140	54	695.890	13444	1010	344	278	260	247	233	219	204	171	108	190.832	1512	248	169	155	150	145	140	135	130	118	97	1	86	1333.554	1407.884	0	0	0	5806	0	0	0	590	0	0	0	1	81	1332.641	1406.371	0	0	0	2740	0	0	0	772	0	0	0
206	206	2330	1808.866	1404.977	420	719	761	331	58	369	805	747	301	81	457.797	779	654	591	544	505	464	416	373	321	258	135	108.324	121	114	112	110	109	108	107	106	105	103	97	0	0	0.000	0.000	0	0	0	0	0	0	0	0	0	0	0	0	0	0.000	0.000	0	0	0	0	0	0	0	0	0	0	0
207	207	1986	855.771	1424.136	261	648	639	325	73	237	987	562	153	23	1692.094	3200	2523	2189	2012	1889	1750	1559	1355	1100	813	287	142.850	184	162	157	153	149	145	140	134	127	120	102	0	0	0.000	0.000	0	0	0	0	0	0	0	0	0	0	0	0	0	0.000	0.000	0	0	0	0	0	0	0	0	0	0	0
208	208	1192	1355.930	1430.744	642	280	136	78	41	619	284	142	99	26	124.621	263	153	141	132	125	118	112	108	106	104	98	108.188	128	117	115	111	108	106	105	104	103	102	98	0	0	0.000	0.000	0	0	0	0	0	0	0	0	0	0	0	0	0	0.000	0.000	0	0	0	0	0	0	0	0	0	0	0
209	209	1392	1851.847	1438.801	267	457	367	234	39	156	553	397	220	38	520.741	790	720	673	622	562	514	470	436	399	331	170	107.516	121	112	110	109	108	107	107	106	105	103	97	0	0	0.000	0.000	0	0	0	0	0	0	0	0	0	0	0	0	0	0.000	0.000	0	0	0	0	0	0	0	0	0	0	0
210	210	1558	226.632	1445.961	452	666	347	39	25	449	709	295	63	25	908.229	6132	1232	1108	1026	936	854	771	710	604	429	208	130.154	503	141	134	130	126	123	120	117	114	109	99	1	26	240.097	1439.749	0	0	0	4080	0	0	0	363	0	0	0	1	44	240.050	1439.777	0	0	0	2993	0	0	0	306	0	0	0
211	211	1978	621.565	1441.653	149	346	743	500	211	178	608	741	280	137	1437.881	22610	2054	634	516	468	425	391	356	326	274	145	330.950	5123	463	191	159	151	144	136	130	124	118	101	1	156	622.205	1434.994	0	0	0	11251	0	0	0	2049	0	0	0	1	134	621.278	1434.682	0	0	0	10545	0	0	0	2372	0	0	0
212	212	1203	1897.768	1444.329	170	312	380	266	48	120	489	381	146	37	1460.219	2089	1836	1768	1705	1625	1537	1452	1351	1198	873	399	131.286	155	144	140	138	135	133	130	127	123	116	102	0	0	0.000	0.000	0	0	0	0	0	0	0	0	0	0	0	0	0	0.000	0.000	0	0	0	0	0	0	0	0	0	0	0
213	213	1249	810.956	1450.824	110	257	426	303	124	182	584	284	157	21	1419.366	2486	2136	1938	1756	1586	1412	1237	1082	939	738	305	134.992	175	156	149	144	139	135	130	126	121	116	103	0	0	0.000	0.000	0	0	0	0	0	0	0	0	0	0	0	0	0	0.000	0.000	0	0	0	0	0	0	0	0	0	0	0
214	214	1278	362.202	1465.666	254	337	330	268	69	195	375	497	179	16	1727.397	2809	2509	2294	2108	1940	1788	1612	1436	1211	849	333	150.969	195	177	169	164	158	152	146	140	133	123	103	0	0	0.000	0.000	0	0	0	0	0	0	0	0	0	0	0	0	0	0.000	0.000	0	0	0	0	0	0	0	0	0	0	0
215	215	2270	100.723	1475.134	340	565	774	455	98	249	667	842	356	112	1677.721	14813	2202	1887	1725	1575	1413	1262	1113	955	658	166	164.501	1304	178	157	149	144	138	133	129	124	116	99	1	71	107.113	1464.886	0	0	0	9208	0	0	0	777	0	0	0	1	80	107.131	1464.656	0	0	0	8361	0	0	0	698	0	0	0
216	216	1769	1886.328	1496.016	173	529	611	389	44	173	695	612	232	23	1953.780	3382	2872	2657	2428	2191	1979	1810	1591	1323	855	261	141.276	183	165	158	153	148	143	138	131	123	112	100	0	0	0.000	0.000	0	0	0	0	0	0	0	0	0	0	0	0	0	0.000	0.000	0	0	0	0	0	0	0	0	0	0	0
217	217	2040	318.623	1501.853	339	490	609	441	121	354	900	495	210	40	1420.699	2374	1965	1860	1736	1592	1467	1335	1205	1024	730	333	142.056	178	161	156	152	147	144	139	134	128	119	103	0	0	0.000	0.000	0	0	0	0	0	0	0	0	0	0	0	0	0	0.000	0.000	0	0	0	0	0	0	0	0	0	0	0
218	218	1319	598.197	1494.649	208	366	436	258	28	179	461	388	237	32	431.285	5278	538	389	357	336	320	294	268	236	197	121	132.075	690	146	127	123	121	119	116	114	111	107	97	1	52	591.584	1487.024	0	0	0	2683	0	0	0	349	0	0	0	1	48	591.020	1485.768	0	0	0	1887	0	0	0	408	0	0	0
219	219	2118	523.148	1520.990	305	490	686	450	141	239	783	723	251	80	2358.778	8221	3664	3261	2862	2527	2298	2048	1774	1481	1171	395	159.090	521	189	179	170	163	156	149	142	134	125	108	0	0	0.000	0.000	0	0	0	0	0	0	0	0	0	0	0	1	21	532.640	1519.924	0	0	0	4247	0	0	0	365	0	0	0
220	220	1895	1472.782	1547.804	337	535	581	375	25	262	681	577	315	27	2475.755	4394	3596	3279	3041	2832	2637	2376	2119	1648	1043	333	157.810	221	192	182	174	168	162	156	146	131	112	99	0	0	0.000	0.000	0	0	0	0	0	0	0	0	0	0	0	0	0	0.000	0.000	0	0	0	0	0	0	0	0	0	0	0
221	221	1517	239.043	1550.764	180	363	487	302	154	129	456	559	213	127	221.996	320	282	265	250	237	226	213	198	178	157	111	140.107	180	161	155	150	146	141	137	132	125	117	101	0	0	0.000	0.000	0	0	0	0	0	0	0	0	0	0	0	0	0	0.000	0.000	0	0	0	0	0	0	0	0	0	0	0
222	222	2257	299.972	1557.531	174	748	772	458	58	142	863	791	355	64	329.100	6576	325	283	266	254	241	224	205	185	165	119	154.739	1185	164	156	150	145	140	134	129	123	117	105	1	52	310.723	1562.193	0	0	0	3089	0	0	0	555	0	0	0	1	57	311.292	1561.511	0	0	0	2665	0	0	0	609	0	0	0
223	223	1390	548.938	1569.268	229	325	458	316	42	205	525	394	180	60	3650.455	5669	5315	5040	4666	4294	3925	3429	2881	2244	1527	659	191.878	259	235	227	219	209	198	187	172	153	138	107	0	0	0.000	0.000	0	0	0	0	0	0	0	0	0	0	0	0	0	0.000	0.000	0	0	0	0	0	0	0	0	0	0	0
224	224	1628	1707.090	1573.447	204	413	461	364	170	182	596	502	240	84	884.611	10829	1037	899	812	731	671	627	568	474	327	164	162.154	1509	179	145	139	134	130	127	123	118	111	100	1	53	1695.651	1572.473	0	0	0	5481	0	0	0	761	0	0	0	1	62	1695.752	1571.202	0	0	0	4554	0	0	0	716	0	0	0
225	225	1588	1358.122	1582.588	234	460	496	289	79	255	711	402	155	39	1027.528	1769	1501	1354	1236	1164	1091	1000	885	697	451	151	104.580	114	108	107	106	105	104	104	103	102	101	96	0	0	0.000	0.000	0	0	0	0	0	0	0	0	0	0	0	0	0	0.000	0.000	0	0	0	0	0	0	0	0	0	0	0
226	226	1575	1766.026	1596.611	341	406	440	311	48	255	604	403	204	78	1356.273	15648	1908	1453	1177	1018	925	850	754	626	395	133	183.397	1797	232	160	145	137	131	127	122	115	107	99	1	74	1772.354	1604.237	0	0	0	8378	0	0	0	403	0	0	0	1	83	1769.085	1602.852	0	0	0	2718	0	0	0	851	0	0	0
227	227	1477	1442.456	1595.505	259	380	405	311	95	253	639	331	194	36	2406.227	4470	3740	3400	3046	2831	2615	2372	1954	1286	564	227	152.804	224	194	185	176	169	161	148	126	110	105	98	0	0	0.000	0.000	0	0	0	0	0	0	0	0	0	0	0	0	0	0.000	0.000	0	0	0	0	0	0	0	0	0	0	0
228	228	1246	1008.902	1592.873	312	410	331	138	35	309	597	262	48	17	1936.009	3395	2706	2486	2332	2182	2026	1887	1706	1438	912	220	109.624	126	116	113	112	110	109	108	107	106	104	97	0	0	0.000	0.000	0	0	0	0	0	0	0	0	0	0	0	0	0	0.000	0.000	0	0	0	0	0	0	0	0	0	0	0
229	229	783	1727.462	1616.309	74	221	231	188	52	67	297	231	128	43	1144.940	1636	1525	1450	1362	1258	1171	1100	999	872	696	319	134.525	164	151	146	143	139	136	133	130	123	114	103	0	0	0.000	0.000	0	0	0	0	0	0	0	0	0	0	0	0	0	0.000	0.000	0	0	0	0	0	0	0	0	0	0	0
230	230	658	730.564	1619.438	89	140	185	143	87	61	112	248	164	64	1589.994	2441	2252	2105	1950	1805	1656	1496	1310	1104	842	380	107.553	117	112	111	110	109	108	107	106	104	103	97	0	0	0.000	0.000	0	0	0	0	0	0	0	0	0	0	0	0	0	0.000	0.000	0	0	0	0	0	0	0	0	0	0	0
231	231	2478	132.973	1638.450	462	595	754	530	92	375	762	731	458	108	389.719	9444	398	288	268	252	239	229	218	202	172	114	218.368	2188	228	210	201	194	188	181	173	161	141	104	1	64	133.091	1643.787	0	0	0	4508	0	0	0	1176	0	0	0	1	64	133.039	1643.873	0	0	0	4508	0	0	0	1176	0	0	0
232	232	1814	917.723	1632.763	307	354	525	384	196	280	653	556	193	95	1421.092	20237	2240	882	672	606	558	500	445	389	320	184	234.472	2877	326	165	142	131	127	123	120	116	112	101	1	136	920.411	1635.116	0	0	0	10138	0	0	0	1189	0	0	0	1	120	920.524	1634.554	0	0	0	12029	0	0	0	1371	0	0	0
233	233	1499	763.110	1643.769	307	369	369	315	113	269	523	376	182	110	1344.635	2584	1970	1769	1637	1501	1361	1185	1040	890	721	246	106.923	119	111	110	109	108	107	106	105	104	103	97	0	0	0.000	0.000	0	0	0	0	0	0	0	0	0	0	0	0	0	0.000	0.000	0	0	0	0	0	0	0	0	0	0	0
234	234	1396	1666.347	1654.378	204	357	383	320	109	213	650	327	156	23	294.610	443	390	357	336	319	300	282	262	230	188	115	418.755	652	579	525	492	456	424	397	364	318	246	141	0	0	0.000	0.000	0	0	0	0	0	0	0	0	0	0	0	0	0	0.000	0.000	0	0	0	0	0	0	0	0	0	0	0
235	235	2227	1719.521	1669.833	330	608	732	404	112	358	737	638	337	117	1445.199	21999	2534	671	403	338	313	295	277	255	213	120	709.942	7238	1070	587	499	454	424	395	363	321	254	146	1	212	1720.356	1677.401	0	0	0	10372	0	0	0	2926	0	0	0	1	160	1720.623	1677.171	0	0	0	14409	0	0	0	3792	0	0	0
236	236	1152	1539.618	1655.613	135	297	345	259	90	102	390	363	208	58	117.386	140	127	124	121	119	118	116	114	111	107	99	104.032	116	107	106	105	105	104	103	103	102	101	97	0	0	0.000	0.000	0	0	0	0	0	0	0	0	0	0	0	0	0	0.000	0.000	0	0	0	0	0	0	0	0	0	0	0
237	237	1678	1834.701	1661.369	280	550	487	260	69	204	719	465	202	57	207.768	291	255	240	230	219	210	201	192	175	153	107	168.083	227	198	189	181	176	170	165	158	148	134	101	0	0	0.000	0.000	0	0	0	0	0	0	0	0	0	0	0	0	0	0.000	0.000	0	0	0	0	0	0	0	0	0	0	0
238	238	1904	549.991	1671.192	463	529	493	321	70	416	682	435	286	51	3071.067	5561	4572	4134	3724	3406	3158	2979	2701	2139	1155	240	220.415	337	296	275	255	240	230	220	202	158	115	100	0	0	0.000	0.000	0	0	0	0	0	0	0	0	0	0	0	0	0	0.000	0.000	0	0	0	0	0	0	0	0	0	0	0
239	239	1444	880.062	1669.542	231	293	411	330	158	192	397	514	239	76	590.172	933	811	749	703	666	623	567	504	422	318	196	125.054	150	138	135	132	129	126	123	119	115	110	99	0	0	0.000	0.000	0	0	0	0	0	0	0	0	0	0	0	0	0	0.000	0.000	0	0	0	0	0	0	0	0	0	0	0
240	240	658	949.347	1665.158	57	176	186	155	75	64	166	247	135	25	1793.617	2732	2465	2329	2216	2096	1951	1754	1538	1229	826	311	190.199	260	230	219	212	205	198	188	173	158	137	106	0	0	0.000	0.000	0	0	0	0	0	0	0	0	0	0	0	0	0	0.000	0.000	0	0	0	0	0	0	0	0	0	0	0
241	241	1776	176.634	1679.057	335	657	583	157	21	285	766	446	208	36	1840.831	19894	2709	1422	1239	1164	1055	967	808	648	502	249	256.908	2725	374	187	159	151	146	140	134	127	119	102	1	137	173.193	1672.294	0	0	0	10721	0	0	0	1320	0	0	0	1	137	173.554	1672.300	0	0	0	10721	0	0	0	1320	0	0	0
242	242	1435	979.909	1692.559	307	481	396	164	45	368	702	283	44	12	1691.376	2509	2292	2166	2025	1874	1746	1635	1468	1276	1039	246	152.463	194	175	169	164	158	154	149	144	137	128	101	0	0	0.000	0.000	0	0	0	0	0	0	0	0	0	0	0	0	0	0.000	0.000	0	0	0	0	0	0	0	0	0	0	0
243	243	1003	131.373	1687.986	143	349	303	160	30	130	462	274	107	15	1150.407	1726	1580	1500	1398	1303	1202	1093	976	818	610	338	144.842	185	164	159	155	150	147	143	136	130	122	104	0	0	0.000	0.000	0	0	0	0	0	0	0	0	0	0	0	0	0	0.000	0.000	0	0	0	0	0	0	0	0	0	0	0
244	244	1229	291.956	1698.105	158	311	339	273	122	130	457	383	184	54	184.222	240	217	208	200	192	186	179	170	162	149	115	319.739	459	401	379	361	345	325	307	287	263	228	144	0	0	0.000	0.000	0	0	0	0	0	0	0	0	0	0	0	0	0	0.000	0.000	0	0	0	0	0	0	0	0	0	0	0
245	245	1572	78.675	1704.761	438	496	388	209	14	297	593	398	212	43	774.158	12485	1123	477	386	364	345	319	292	256	195	116	132.340	614	153	124	118	116	114	112	110	107	105	97	1	100	76.118	1694.153	0	0	0	6076	0	0	0	338	0	0	0	1	103	75.692	1694.510	0	0	0	5849	0	0	0	326	0	0	0
246	246	2804	575.209	1714.050	560	920	832	380	67	448	1027	836	368	86	3913.164	31558	5762	3858	3380	3029	2748	2522	2266	1843	1041	205	504.572	7974	632	306	268	249	235	220	202	175	130	101	1	202	572.541	1709.896	0	0	0	19517	0	0	0	3398	0	0	0	1	179	571.532	1709.770	0	0	0	20841	0	0	0	3803	0	0	0
247	247	1841	1039.917	1728.592	378	648	560	198	27	242	671	604	250	48	774.790	10681	943	769	677	595	527	472	425	388	329	170	152.738	1198	165	144	137	131	127	124	120	117	113	104	1	62	1041.489	1728.932	0	0	0	5506	0	0	0	631	0	0	0	1	70	1041.960	1728.183	0	0	0	4285	0	0	0	620	0	0	0
248	248	2147	334.080	1728.610	312	845	661	260	28	398	1078	502	113	13	413.844	8582	460	247	211	197	184	176	168	159	144	110	370.620	2599	433	375	358	337	316	297	279	254	211	131	1	108	335.359	1717.021	0	0	0	3687	0	0	0	1360	0	0	0	1	87	335.128	1716.886	0	0	0	4383	0	0	0	1589	0	0	0
249	249	3156	1676.317	1727.841	496	922	1011	567	95	526	1232	956	363	30	2145.637	26016	2371	1764	1524	1356	1253	1152	1041	875	508	156	556.644	11062	569	280	249	233	216	204	190	171	140	106	1	205	1677.213	1721.177	0	0	0	15173	0	0	0	4462	0	0	0	1	177	1677.193	1720.612	0	0	0	17213	0	0	0	5250	0	0	0
250	250	533	874.167	1728.850	125	115	136	110	40	98	162	144	100	20	2069.306	3111	2887	2670	2533	2347	2141	1912	1673	1427	1186	648	224.602	323	295	277	263	249	233	217	196	169	135	109	0	0	0.000	0.000	0	0	0	0	0	0	0	0	0	0	0	0	0	0.000	0.000	0	0	0	0	0	0	0	0	0	0	0
251	251	2424	78.625	1765.788	331	676	765	491	114	421	882	696	344	40	1387.484	20113	1886	888	709	616	551	500	440	369	293	139	227.178	2520	307	169	146	136	130	125	121	117	113	99	1	185	79.251	1767.402	0	0	0	9898	0	0	0	1129	0	0	0	1	174	78.510	1767.588	0	0	0	10766	0	0	0	1159	0	0	0
252	252	942	128.377	1756.223	169	243	254	209	51	131	321	299	138	32	480.989	813	716	651	599	556	511	459	380	291	186	112	125.424	156	142	138	134	130	127	122	117	112	107	99	0	0	0.000	0.000	0	0	0	0	0	0	0	0	0	0	0	0	0	0.000	0.000	0	0	0	0	0	0	0	0	0	0	0
253	253	2055	856.375	1772.066	370	560	576	428	88	369	759	556	299	32	2649.982	14934	3930	2951	2504	2244	2013	1844	1635	1391	851	283	451.824	5255	644	329	288	263	245	228	213	194	162	117	1	147	853.661	1770.457	0	0	0	11932	0	0	0	2203	0	0	0	1	153	851.282	1770.921	0	0	0	8206	0	0	0	2617	0	0	0
254	254	1421	1529.050	1764.118	185	357	443	324	89	133	516	464	225	59	643.925	7431	725	644	609	584	550	501	432	366	320	151	122.583	465	131	126	122	119	116	113	110	107	105	99	1	39	1523.981	1753.860	0	0	0	3902	0	0	0	141	0	0	0	1	53	1520.613	1750.195	0	0	0	523	0	0	0	287	0	0	0
255	255	1489	1619.268	1771.669	189	335	466	342	130	199	498	496	228	46	973.593	1612	1365	1230	1118	1022	955	913	866	792	568	233	173.143	242	207	195	185	179	173	168	163	154	136	107	0	0	0.000	0.000	0	0	0	0	0	0	0	0	0	0	0	0	0	0.000	0.000	0	0	0	0	0	0	0	0	0	0	0
256	256	551	1490.020	1773.939	143	140	117	122	22	144	197	124	70	11	437.410	660	586	558	530	499	467	422	371	315	246	121	112.958	126	120	117	116	114	113	112	110	109	106	100	0	0	0.000	0.000	0	0	0	0	0	0	0	0	0	0	0	0	0	0.000	0.000	0	0	0	0	0	0	0	0	0	0	0
257	257	1621	1019.457	1791.647	255	646	482	191	13	276	668	453	168	27	132.481	480	146	137	134	131	128	126	123	119	113	100	183.224	339	227	206	196	189	182	176	167	156	139	107	1	23	1009.495	1782.712	0	0	0	313	0	0	0	259	0	0	0	0	0	0.000	0.000	0	0	0	0	0	0	0	0	0	0	0
258	258	1661	1212.469	1798.636	307	331	586	365	41	246	333	613	308	131	1765.878	3107	2396	2249	2166	2053	1889	1692	1521	1300	782	237	109.807	124	116	114	113	111	110	108	107	105	103	95	0	0	0.000	0.000	0	0	0	0	0	0	0	0	0	0	0	0	0	0.000	0.000	0	0	0	0	0	0	0	0	0	0	0
259	259	2175	776.569	1798.246	281	546	738	462	106	254	693	760	361	65	602.217	4014	858	741	666	612	578	530	474	428	331	135	129.186	375	142	136	133	129	126	124	121	118	114	102	1	25	793.189	1806.653	0	0	0	2531	0	0	0	237	0	0	0	1	30	792.576	1807.006	0	0	0	2075	0	0	0	251	0	0	0
260	260	1498	721.347	1797.522	271	357	466	276	103	253	567	426	168	54	419.682	728	626	559	497	446	409	378	340	291	220	138	119.405	142	130	126	124	121	119	117	115	112	109	99	0	0	0.000	0.000	0	0	0	0	0	0	0	0	0	0	0	0	0	0.000	0.000	0	0	0	0	0	0	0	0	0	0	0
261	261	2230	508.810	1814.496	323	562	733	428	146	235	692	838	303	122	1218.684	2078	1711	1575	1485	1390	1268	1171	1066	843	596	214	154.891	204	181	173	168	162	157	151	144	136	125	105	0	0	0.000	0.000	0	0	0	0	0	0	0	0	0	0	0	0	0	0.000	0.000	0	0	0	0	0	0	0	0	0	0	0
262	262	1941	1466.794	1807.654	239	565	581	427	96	193	762	565	329	71	1284.310	20257	1652	1018	908	810	743	691	627	560	454	188	204.984	2580	251	159	143	136	131	128	125	121	116	101	1	86	1478.763	1814.788	0	0	0	10036	0	0	0	464	0	0	0	1	97	1476.861	1811.289	0	0	0	2073	0	0	0	1161	0	0	0
263	263	1842	839.981	1825.442	290	384	464	442	224	272	617	580	290	56	1498.136	2544	2114	1976	1877	1778	1649	1466	1225	967	592	212	176.138	257	216	208	201	192	183	174	161	139	117	101	0	0	0.000	0.000	0	0	0	0	0	0	0	0	0	0	0	0	0	0.000	0.000	0	0	0	0	0	0	0	0	0	0	0
264	264	695	1726.420	1830.868	283	153	130	85	33	246	138	177	114	11	902.306	1513	1219	1149	1086	1025	966	895	795	638	410	240	305.754	457	410	391	377	359	336	311	272	187	137	115	0	0	0.000	0.000	0	0	0	0	0	0	0	0	0	0	0	0	0	0.000	0.000	0	0	0	0	0	0	0	0	0	0	0
265	265	1836	1562.463	1850.209	283	646	556	253	61	291	664	557	244	49	3118.581	12893	4325	3918	3727	3531	3316	3056	2684	2025	1081	349	281.398	2394	319	300	287	276	264	250	229	202	162	112	1	11	1577.301	1844.684	0	0	0	11511	0	0	0	2021	0	0	0	1	38	1577.416	1843.979	0	0	0	8067	0	0	0	1409	0	0	0
266	266	598	1205.697	1843.421	92	99	163	173	62	71	133	247	110	20	1666.127	2743	2522	2408	2205	1981	1773	1539	1290	941	573	231	109.301	123	115	113	112	111	110	108	106	105	103	99	0	0	0.000	0.000	0	0	0	0	0	0	0	0	0	0	0	0	0	0.000	0.000	0	0	0	0	0	0	0	0	0	0	0
267	267	2546	1682.951	1856.052	565	731	602	460	142	655	875	578	345	55	4230.661	11458	6316	5649	5201	4767	4439	4056	3434	2583	1719	531	218.535	976	268	249	238	229	218	205	188	171	150	108	0	0	0.000	0.000	0	0	0	0	0	0	0	0	0	0	0	1	26	1665.988	1859.063	0	0	0	7620	0	0	0	667	0	0	0
268	268	2362	215.329	1869.767	589	561	592	437	149	625	867	607	218	13	1701.180	3351	2601	2175	1965	1857	1722	1583	1446	1202	725	254	107.264	127	114	111	109	107	106	105	104	103	102	96	0	0	0.000	0.000	0	0	0	0	0	0	0	0	0	0	0	0	0	0.000	0.000	0	0	0	0	0	0	0	0	0	0	0
269	269	2210	549.338	1874.354	421	656	621	397	75	438	1087	425	215	16	3448.827	30867	6979	2813	2310	1973	1732	1470	1256	1002	686	304	532.015	6958	967	324	232	198	177	162	150	140	126	103	1	242	550.889	1871.483	0	0	0	18096	0	0	0	2854	0	0	0	1	205	551.290	1871.125	0	0	0	19471	0	0	0	3327	0	0	0
270	270	1044	1614.192	1878.502	114	200	293	237	181	105	327	361	153	79	252.366	342	307	295	282	272	262	251	238	214	172	128	122.333	147	132	128	126	124	122	121	119	116	112	102	0	0	0.000	0.000	0	0	0	0	0	0	0	0	0	0	0	0	0	0.000	0.000	0	0	0	0	0	0	0	0	0	0	0
271	271	2087	1370.319	1895.580	415	531	574	426	106	372	677	586	321	94	1593.725	3023	2368	2143	1964	1812	1635	1457	1293	1060	676	199	108.432	129	114	112	111	109	108	107	106	105	103	97	0	0	0.000	0.000	0	0	0	0	0	0	0	0	0	0	0	0	0	0.000	0.000	0	0	0	0	0	0	0	0	0	0	0
272	272	1575	489.920	1900.542	209	360	503	365	100	161	409	613	298	69	2241.403	3723	3304	2993	2788	2553	2313	2116	1862	1468	1012	326	197.408	280	251	236	222	211	202	190	176	159	137	108	0	0	0.000	0.000	0	0	0	0	0	0	0	0	0	0	0	0	0	0.000	0.000	0	0	0	0	0	0	0	0	0	0	0
273	273	1512	1581.073	1908.577	199	513	466	240	62	169	563	465	202	80	306.946	420	370	354	341	328	316	305	289	266	226	126	129.108	156	141	138	135	132	130	127	124	120	115	102	0	0	0.000	0.000	0	0	0	0	0	0	0	0	0	0	0	0	0	0.000	0.000	0	0	0	0	0	0	0	0	0	0	0
274	274	2181	1014.040	1918.710	410	738	671	257	59	292	855	666	276	61	1044.040	15583	1307	968	884	817	747	670	584	431	247	115	280.068	5264	311	194	173	165	158	152	142	130	115	100	1	82	1012.953	1915.078	0	0	0	7752	0	0	0	2449	0	0	0	1	90	1012.633	1915.198	0	0	0	7372	0	0	0	2339	0	0	0
275	275	1656	249.599	1917.305	288	445	495	352	54	175	589	523	236	110	2076.783	3655	3127	2853	2588	2364	2096	1864	1704	1516	828	189	106.095	119	111	109	108	107	106	105	104	103	102	93	0	0	0.000	0.000	0	0	0	0	0	0	0	0	0	0	0	0	0	0.000	0.000	0	0	0	0	0	0	0	0	0	0	0
276	276	931	1664.454	1910.370	109	231	256	225	95	56	278	335	173	77	1422.673	2431	2194	1982	1772	1532	1372	1244	1085	959	713	346	151.576	207	185	176	165	155	148	144	138	131	122	104	0	0	0.000	0.000	0	0	0	0	0	0	0	0	0	0	0	0	0	0.000	0.000	0	0	0	0	0	0	0	0	0	0	0
277	277	1476	1707.983	1922.392	191	360	410	358	119	144	367	484	317	131	1314.799	2032	1782	1645	1525	1442	1373	1281	1174	1010	775	206	149.013	189	168	162	158	154	151	147	142	135	127	105	0	0	0.000	0.000	0	0	0	0	0	0	0	0	0	0	0	0	0	0.000	0.000	0	0	0	0	0	0	0	0	0	0	0
278	278	1550	803.482	1935.728	264	350	492	341	79	227	512	499	201	92	2015.654	3328	3016	2770	2563	2342	2095	1849	1570	1218	870	392	175.097	242	216	205	195	187	178	169	157	146	129	102	0	0	0.000	0.000	0	0	0	0	0	0	0	0	0	0	0	0	0	0.000	0.000	0	0	0	0	0	0	0	0	0	0	0
279	279	1077	922.264	1938.281	154	256	311	255	85	85	371	410	149	41	359.048	547	493	458	430	395	365	335	300	259	212	137	138.025	178	159	153	148	143	139	134	130	123	114	101	0	0	0.000	0.000	0	0	0	0	0	0	0	0	0	0	0	0	0	0.000	0.000	0	0	0	0	0	0	0	0	0	0	0
280	280	1505	1664.014	1958.508	239	468	360	316	95	244	515	427	223	67	2827.409	4725	4083	3718	3482	3277	3076	2707	2270	1786	1289	311	113.244	131	121	118	116	115	113	111	110	108	106	98	0	0	0.000	0.000	0	0	0	0	0	0	0	0	0	0	0	0	0	0.000	0.000	0	0	0	0	0	0	0	0	0	0	0
281	281	1863	958.160	1967.405	273	473	528	380	164	266	790	426	275	80	1195.739	19427	1699	654	516	465	417	377	339	307	256	144	292.935	3906	405	200	172	159	150	142	135	129	122	102	1	131	956.347	1965.226	0	0	0	9652	0	0	0	1772	0	0	0	1	124	956.901	1965.221	0	0	0	10316	0	0	0	1895	0	0	0
282	282	2487	1716.290	1977.180	309	667	805	541	112	306	812	825	444	51	1961.744	3666	2844	2550	2339	2209	2081	1913	1648	1239	899	260	111.020	126	118	116	114	112	111	109	108	106	105	97	0	0	0.000	0.000	0	0	0	0	0	0	0	0	0	0	0	0	0	0.000	0.000	0	0	0	0	0	0	0	0	0	0	0
283	283	1122	1004.037	1977.323	153	395	316	179	47	194	499	271	126	14	663.980	1053	891	823	758	693	649	610	571	522	445	223	142.149	191	160	154	149	145	142	139	135	131	125	105	0	0	0.000	0.000	0	0	0	0	0	0	0	0	0	0	0	0	0	0.000	0.000	0	0	0	0	0	0	0	0	0	0	0
284	284	1729	1905.121	1982.874	255	539	495	370	38	194	538	520	344	93	1435.128	16506	1969	1203	1074	988	932	886	823	724	541	181	157.764	1140	196	134	128	125	122	120	117	113	108	98	1	96	1906.036	1995.239	0	0	0	8304	0	0	0	565	0	0	0	1	105	1905.041	1994.125	0	0	0	6308	0	0	0	581	0	0	0
285	285	1102	1858.006	1984.825	253	192	286	245	110	220	258	331	208	72	1049.819	1542	1344	1279	1227	1190	1136	1062	918	773	619	311	122.640	144	133	130	128	126	124	122	119	115	109	100	0	0	0.000	0.000	0	0	0	0	0	0	0	0	0	0	0	0	0	0.000	0.000	0	0	0	0	0	0	0	0	0	0	0
