 	cell	area	x	y	BFI_lev_b1	BFI_lev_b2	BFI_lev_b3	BFI_lev_b4	BFI_lev_b5	BFO_lev_b1	BFO_lev_b2	BFO_lev_b3	BFO_lev_b4	BFO_lev_b5	GFP_int_mean	GFP_int_b0	GFP_int_b1	GFP_int_b2	GFP_int_b3	GFP_int_b4	GFP_int_b5	GFP_int_b6	GFP_int_b7	GFP_int_b8	GFP_int_b9	GFP_int_b10	RFP_int_mean	RFP_int_b0	RFP_int_b1	RFP_int_b2	RFP_int_b3	RFP_int_b4	RFP_int_b5	RFP_int_b6	RFP_int_b7	RFP_int_b8	RFP_int_b9	RFP_int_b10	inGFPnfoci	f1_inGFParea	f1_inGFPx	f1_inGFPy	f2_inGFParea	f2_inGFPx	f2_inGFPy	f1_inGFP_toGFPmed	f1_inGFP_toGFPmean	f2_inGFP_toGFPmed	f2_inGFP_toGFPmean	f1_inGFP_toRFPmed	f1_inGFP_toRFPmean	f2_inGFP_toRFPmed	f2_inGFP_toRFPmean	inRFPnfoci	f1_inRFParea	f1_inRFPx	f1_inRFPy	f2_inRFParea	f2_inRFPx	f2_inRFPy	f1_inRFP_toGFPmed	f1_inRFP_toGFPmean	f2_inRFP_toGFPmed	f2_inRFP_toGFPmean	f1_inRFP_toRFPmed	f1_inRFP_toRFPmean	f2_inRFP_toRFPmed	f2_inRFP_toRFPmean
1	1	931	622.472	73.051	147	368	262	92	38	168	436	238	55	11	257.605	365	320	303	290	279	269	256	236	211	176	114	107.404	120	112	110	109	108	107	106	105	104	103	96	0	0	0.000	0.000	0	0	0	0	0	0	0	0	0	0	0	0	0	0.000	0.000	0	0	0	0	0	0	0	0	0	0	0
2	2	1925	166.865	83.425	249	857	596	153	16	161	853	559	267	44	1001.436	1869	1466	1259	1158	1064	973	899	834	741	577	161	160.864	237	199	183	174	167	158	150	142	136	131	102	0	0	0.000	0.000	0	0	0	0	0	0	0	0	0	0	0	0	0	0.000	0.000	0	0	0	0	0	0	0	0	0	0	0
3	3	2158	1615.067	78.679	404	941	639	128	11	238	681	773	312	111	1326.347	21116	2384	564	330	264	236	216	194	175	148	106	292.658	2851	478	218	188	174	160	148	139	131	122	103	1	200	1617.805	75.450	0	0	0	9907	0	0	0	1343	0	0	0	1	184	1617.654	74.999	0	0	0	10971	0	0	0	1482	0	0	0
4	4	1500	819.649	78.796	398	526	414	132	11	193	511	464	228	82	108.938	123	114	112	111	110	109	108	107	106	104	96	103.249	114	106	105	104	104	103	103	102	101	100	95	0	0	0.000	0.000	0	0	0	0	0	0	0	0	0	0	0	0	0	0.000	0.000	0	0	0	0	0	0	0	0	0	0	0
5	5	1640	1151.234	80.994	241	573	544	220	37	135	610	595	235	30	118.347	138	128	125	123	121	119	117	114	111	107	97	158.182	215	185	177	172	167	161	155	149	138	125	101	0	0	0.000	0.000	0	0	0	0	0	0	0	0	0	0	0	0	0	0.000	0.000	0	0	0	0	0	0	0	0	0	0	0
6	6	1540	1541.850	84.279	316	542	450	170	33	202	531	498	222	56	685.299	1057	933	871	820	770	715	670	602	500	361	161	160.410	216	193	183	174	167	160	153	146	140	128	109	0	0	0.000	0.000	0	0	0	0	0	0	0	0	0	0	0	0	0	0.000	0.000	0	0	0	0	0	0	0	0	0	0	0
7	7	2018	919.737	95.008	332	800	700	121	14	210	790	625	319	40	111.259	128	118	116	114	113	111	110	108	107	104	97	154.849	208	184	176	171	165	158	150	142	134	119	100	0	0	0.000	0.000	0	0	0	0	0	0	0	0	0	0	0	0	0	0.000	0.000	0	0	0	0	0	0	0	0	0	0	0
8	8	1334	657.892	98.893	130	394	475	267	40	151	485	409	216	44	245.720	371	311	290	277	265	253	242	229	210	156	108	431.798	679	603	557	521	493	458	417	385	328	179	109	0	0	0.000	0.000	0	0	0	0	0	0	0	0	0	0	0	0	0	0.000	0.000	0	0	0	0	0	0	0	0	0	0	0
9	9	1325	1323.616	105.018	373	383	357	157	35	259	430	364	219	35	191.952	1204	224	199	188	181	174	169	162	155	145	108	228.954	371	289	266	252	241	229	217	202	189	170	127	1	34	1326.731	97.847	0	0	0	646	0	0	0	281	0	0	0	0	0	0.000	0.000	0	0	0	0	0	0	0	0	0	0	0
10	10	1396	867.399	108.699	354	382	403	211	18	256	335	433	239	100	111.349	126	117	115	114	113	112	110	109	107	105	97	146.381	204	174	166	159	154	150	144	135	126	113	99	0	0	0.000	0.000	0	0	0	0	0	0	0	0	0	0	0	0	0	0.000	0.000	0	0	0	0	0	0	0	0	0	0	0
11	11	1045	510.466	108.400	151	265	289	265	55	139	315	307	225	36	118.198	139	126	124	122	120	119	117	115	112	109	102	142.666	184	166	159	154	149	143	138	133	126	118	100	0	0	0.000	0.000	0	0	0	0	0	0	0	0	0	0	0	0	0	0.000	0.000	0	0	0	0	0	0	0	0	0	0	0
12	12	1558	729.458	112.782	1093	398	33	12	6	1103	368	29	16	10	629.857	945	807	770	746	713	678	625	551	474	361	200	110.940	137	122	116	113	111	109	108	106	105	104	96	0	0	0.000	0.000	0	0	0	0	0	0	0	0	0	0	0	0	0	0.000	0.000	0	0	0	0	0	0	0	0	0	0	0
13	13	633	471.624	104.796	59	250	211	90	13	47	229	248	75	21	160.103	192	174	170	168	165	162	158	155	151	144	119	127.136	144	137	135	132	130	127	125	123	120	117	107	0	0	0.000	0.000	0	0	0	0	0	0	0	0	0	0	0	0	0	0.000	0.000	0	0	0	0	0	0	0	0	0	0	0
14	14	1601	1715.676	118.534	232	507	511	295	22	150	536	534	286	63	159.795	200	178	173	170	166	163	160	155	146	134	110	144.394	180	161	156	153	149	146	142	138	133	125	103	0	0	0.000	0.000	0	0	0	0	0	0	0	0	0	0	0	0	0	0.000	0.000	0	0	0	0	0	0	0	0	0	0	0
15	15	1545	429.949	117.806	224	451	456	351	31	159	578	487	236	53	233.867	3602	209	190	183	178	174	167	161	153	140	107	126.808	292	137	132	129	126	124	122	119	116	112	101	1	49	447.621	122.507	0	0	0	1627	0	0	0	208	0	0	0	1	39	447.273	121.693	0	0	0	1213	0	0	0	225	0	0	0
16	16	1507	774.926	123.882	209	561	522	172	21	128	565	586	151	48	109.384	124	114	113	111	110	109	108	107	106	105	100	103.982	115	108	106	105	104	104	103	103	102	101	94	0	0	0.000	0.000	0	0	0	0	0	0	0	0	0	0	0	0	0	0.000	0.000	0	0	0	0	0	0	0	0	0	0	0
17	17	2189	613.898	127.019	566	847	590	130	11	465	856	578	206	37	394.914	9200	354	307	287	270	254	240	222	198	160	108	528.543	2363	713	639	598	559	525	487	432	368	267	122	1	67	631.235	115.096	0	0	0	4215	0	0	0	1420	0	0	0	1	30	630.736	115.099	0	0	0	6632	0	0	0	1869	0	0	0
18	18	3208	1656.209	144.179	492	982	1174	445	63	631	1646	811	67	8	567.148	934	804	757	726	688	641	556	447	328	217	113	127.213	172	145	139	135	131	128	124	119	113	108	97	0	0	0.000	0.000	0	0	0	0	0	0	0	0	0	0	0	0	0	0.000	0.000	0	0	0	0	0	0	0	0	0	0	0
19	19	1121	1894.097	125.546	215	473	345	55	16	82	340	410	205	64	111.599	131	119	116	114	113	111	110	108	107	104	98	205.690	283	254	242	231	222	211	200	185	169	148	113	0	0	0.000	0.000	0	0	0	0	0	0	0	0	0	0	0	0	0	0.000	0.000	0	0	0	0	0	0	0	0	0	0	0
20	20	1747	1354.607	137.556	235	733	539	181	23	173	634	582	274	54	474.922	11828	539	249	205	194	187	179	168	157	142	115	276.389	1953	314	289	272	257	243	230	213	193	170	121	1	74	1353.293	150.009	0	0	0	5124	0	0	0	972	0	0	0	1	56	1352.980	149.229	0	0	0	5732	0	0	0	1139	0	0	0
21	21	2055	187.898	136.966	301	427	695	524	59	311	677	698	287	53	1098.538	1792	1557	1482	1384	1279	1181	1087	918	694	432	182	176.488	241	214	206	200	193	185	174	159	141	126	101	0	0	0.000	0.000	0	0	0	0	0	0	0	0	0	0	0	0	0	0.000	0.000	0	0	0	0	0	0	0	0	0	0	0
22	22	1096	1151.791	131.794	169	420	319	148	27	120	535	297	107	14	117.636	135	126	123	121	120	118	117	114	112	108	96	156.470	206	186	180	174	170	163	157	146	127	111	98	0	0	0.000	0.000	0	0	0	0	0	0	0	0	0	0	0	0	0	0.000	0.000	0	0	0	0	0	0	0	0	0	0	0
23	23	2029	1299.132	150.728	389	771	609	209	17	330	787	612	228	26	474.473	12527	507	252	209	192	184	178	169	157	139	105	194.468	1418	230	189	177	169	163	158	153	145	129	106	1	80	1304.100	161.417	0	0	0	5376	0	0	0	748	0	0	0	1	76	1304.090	161.450	0	0	0	5691	0	0	0	800	0	0	0
24	24	1382	475.083	145.653	260	507	423	156	13	141	424	494	249	49	253.522	4471	280	198	186	180	175	168	162	153	140	111	129.755	303	147	138	133	129	125	122	119	116	113	100	1	38	486.751	150.227	0	0	0	2098	0	0	0	216	0	0	0	1	33	486.738	149.423	0	0	0	1530	0	0	0	235	0	0	0
25	25	2017	1118.396	165.981	368	785	633	173	22	233	556	764	327	83	221.741	314	275	264	253	240	227	215	202	181	155	106	145.719	189	173	166	160	153	148	141	133	125	115	101	0	0	0.000	0.000	0	0	0	0	0	0	0	0	0	0	0	0	0	0.000	0.000	0	0	0	0	0	0	0	0	0	0	0
26	26	1896	1596.255	164.986	237	553	592	414	61	228	703	652	232	48	553.416	904	743	687	655	614	572	520	464	406	335	167	124.816	151	139	135	132	128	125	121	118	115	111	102	0	0	0.000	0.000	0	0	0	0	0	0	0	0	0	0	0	0	0	0.000	0.000	0	0	0	0	0	0	0	0	0	0	0
27	27	1848	1711.213	178.302	204	716	734	135	13	132	714	712	236	24	160.268	211	185	178	171	166	161	156	150	143	135	111	146.790	193	168	161	155	150	146	142	138	134	127	107	0	0	0.000	0.000	0	0	0	0	0	0	0	0	0	0	0	0	0	0.000	0.000	0	0	0	0	0	0	0	0	0	0	0
28	28	2031	504.012	184.701	309	668	685	285	49	310	987	534	139	21	561.294	14652	522	224	195	185	175	164	151	137	123	102	229.143	1903	253	234	219	204	191	179	167	149	129	104	1	92	495.405	173.017	0	0	0	6650	0	0	0	1019	0	0	0	1	90	494.292	173.041	0	0	0	5062	0	0	0	1020	0	0	0
29	29	1985	1827.831	187.345	552	626	571	182	17	454	730	523	218	26	110.507	133	117	115	113	112	111	109	108	106	104	97	104.721	117	109	107	106	105	104	104	103	102	101	95	0	0	0.000	0.000	0	0	0	0	0	0	0	0	0	0	0	0	0	0.000	0.000	0	0	0	0	0	0	0	0	0	0	0
30	30	1997	1342.188	190.933	338	861	649	103	19	222	781	702	222	26	198.320	281	240	228	218	212	203	195	183	169	148	106	175.137	249	216	204	195	187	177	166	157	148	131	102	0	0	0.000	0.000	0	0	0	0	0	0	0	0	0	0	0	0	0	0.000	0.000	0	0	0	0	0	0	0	0	0	0	0
31	31	2066	1661.042	209.011	520	1036	430	27	10	315	882	597	213	17	636.102	1036	870	814	762	703	664	628	557	466	324	139	130.525	165	147	142	138	135	132	128	124	119	111	100	0	0	0.000	0.000	0	0	0	0	0	0	0	0	0	0	0	0	0	0.000	0.000	0	0	0	0	0	0	0	0	0	0	0
32	32	2019	1140.066	224.472	313	556	634	375	104	252	575	699	375	79	687.043	14393	892	380	291	257	235	215	197	176	150	106	215.912	2465	273	178	165	156	146	133	121	113	106	98	1	112	1137.625	227.090	0	0	0	6420	0	0	0	571	0	0	0	1	115	1135.207	226.856	0	0	0	2220	0	0	0	1145	0	0	0
33	33	2096	982.288	230.613	478	726	683	165	12	323	696	706	264	64	997.909	19994	1295	401	260	224	202	187	173	158	137	108	512.100	6895	694	376	340	306	276	253	226	199	169	121	1	151	988.138	230.337	0	0	0	8715	0	0	0	2901	0	0	0	1	128	987.871	229.720	0	0	0	10346	0	0	0	3535	0	0	0
34	34	1682	1375.769	237.278	295	481	619	245	11	173	505	613	290	82	399.959	592	518	487	459	434	415	393	365	318	254	124	105.624	120	111	108	107	106	105	104	104	103	102	96	0	0	0.000	0.000	0	0	0	0	0	0	0	0	0	0	0	0	0	0.000	0.000	0	0	0	0	0	0	0	0	0	0	0
35	35	1613	1732.128	239.956	268	627	435	212	34	204	533	498	286	56	563.675	865	739	695	663	629	595	546	499	453	323	158	105.851	118	110	108	107	106	106	105	104	103	102	95	0	0	0.000	0.000	0	0	0	0	0	0	0	0	0	0	0	0	0	0.000	0.000	0	0	0	0	0	0	0	0	0	0	0
36	36	977	1327.712	241.841	157	394	306	88	13	93	372	305	150	44	375.027	508	453	436	425	414	398	381	353	314	256	136	105.155	115	109	107	106	106	105	104	104	103	102	94	0	0	0.000	0.000	0	0	0	0	0	0	0	0	0	0	0	0	0	0.000	0.000	0	0	0	0	0	0	0	0	0	0	0
37	37	1096	1493.100	261.013	390	235	226	168	66	411	316	218	94	34	111.560	131	120	117	115	113	111	109	108	106	104	99	313.195	545	479	443	398	356	316	275	231	180	139	107	0	0	0.000	0.000	0	0	0	0	0	0	0	0	0	0	0	0	0	0.000	0.000	0	0	0	0	0	0	0	0	0	0	0
38	38	1321	645.173	268.651	459	340	385	96	19	407	431	341	90	29	259.114	374	319	305	295	288	280	267	243	200	162	110	138.245	172	158	153	148	144	140	136	131	124	114	101	0	0	0.000	0.000	0	0	0	0	0	0	0	0	0	0	0	0	0	0.000	0.000	0	0	0	0	0	0	0	0	0	0	0
39	39	2795	1600.188	277.112	620	1100	808	211	14	469	934	914	337	95	492.986	711	626	604	581	558	530	498	449	375	288	136	136.941	174	156	150	146	142	138	134	129	123	116	98	0	0	0.000	0.000	0	0	0	0	0	0	0	0	0	0	0	0	0	0.000	0.000	0	0	0	0	0	0	0	0	0	0	0
40	40	2550	1664.941	282.416	560	863	799	243	43	515	1137	652	184	23	794.296	9735	977	720	654	595	547	500	441	361	223	114	196.574	2056	209	164	154	146	140	134	128	121	114	98	1	125	1664.066	283.455	0	0	0	5022	0	0	0	1012	0	0	0	1	131	1663.745	284.008	0	0	0	4934	0	0	0	1073	0	0	0
41	41	2363	981.309	294.583	541	831	700	231	26	351	877	792	245	55	178.024	231	210	204	198	191	184	175	165	152	134	105	270.779	419	366	342	322	300	277	252	225	195	166	109	0	0	0.000	0.000	0	0	0	0	0	0	0	0	0	0	0	0	0	0.000	0.000	0	0	0	0	0	0	0	0	0	0	0
42	42	1536	1376.779	298.252	459	767	238	25	9	226	749	407	96	20	122.371	148	134	129	126	124	122	120	118	116	112	102	174.637	243	214	201	190	182	172	164	156	149	142	103	0	0	0.000	0.000	0	0	0	0	0	0	0	0	0	0	0	0	0	0.000	0.000	0	0	0	0	0	0	0	0	0	0	0
43	43	3064	111.948	320.644	478	1015	961	449	106	323	1083	1072	418	116	379.987	11261	323	220	207	199	191	183	174	163	142	108	266.943	2556	288	266	255	245	235	224	210	190	159	110	1	89	126.788	313.205	0	0	0	4764	0	0	0	1281	0	0	0	1	86	127.101	313.593	0	0	0	5118	0	0	0	1313	0	0	0
44	44	1864	242.072	322.959	369	711	570	169	14	270	827	498	189	31	472.063	767	678	621	569	517	469	426	383	331	265	169	115.998	136	126	123	120	118	116	114	111	109	107	99	0	0	0.000	0.000	0	0	0	0	0	0	0	0	0	0	0	0	0	0.000	0.000	0	0	0	0	0	0	0	0	0	0	0
45	45	1647	1418.820	324.922	285	698	523	76	20	135	486	539	338	115	122.071	144	132	129	127	125	122	120	118	115	111	101	171.742	228	203	195	189	183	176	167	157	148	134	104	0	0	0.000	0.000	0	0	0	0	0	0	0	0	0	0	0	0	0	0.000	0.000	0	0	0	0	0	0	0	0	0	0	0
46	46	2208	1510.408	364.092	404	1000	664	84	10	295	809	657	340	73	1122.828	2035	1637	1480	1354	1244	1135	1007	880	755	596	214	127.020	162	143	138	134	129	126	122	119	116	112	99	0	0	0.000	0.000	0	0	0	0	0	0	0	0	0	0	0	0	0	0.000	0.000	0	0	0	0	0	0	0	0	0	0	0
47	47	1948	1909.999	372.951	465	921	459	58	17	335	951	486	118	24	917.805	1421	1211	1113	1053	1005	966	926	847	712	536	165	129.471	161	145	140	136	132	129	126	124	120	114	101	0	0	0.000	0.000	0	0	0	0	0	0	0	0	0	0	0	0	0	0.000	0.000	0	0	0	0	0	0	0	0	0	0	0
48	48	1060	1414.686	369.914	115	360	379	168	17	111	368	343	173	42	119.376	140	130	127	124	122	119	117	115	112	109	99	154.698	216	191	181	170	162	153	146	138	131	120	102	0	0	0.000	0.000	0	0	0	0	0	0	0	0	0	0	0	0	0	0.000	0.000	0	0	0	0	0	0	0	0	0	0	0
49	49	1838	255.480	380.332	223	608	566	359	51	178	743	537	302	51	423.180	685	546	507	481	456	435	409	384	341	266	116	113.727	134	122	119	117	115	113	111	110	108	106	94	0	0	0.000	0.000	0	0	0	0	0	0	0	0	0	0	0	0	0	0.000	0.000	0	0	0	0	0	0	0	0	0	0	0
50	50	1954	204.195	395.321	239	500	592	512	71	236	536	557	420	167	241.992	3236	266	246	235	223	212	201	190	174	151	105	323.276	992	438	409	380	348	319	292	263	231	198	116	1	38	220.057	388.663	0	0	0	1569	0	0	0	692	0	0	0	0	0	0.000	0.000	0	0	0	0	0	0	0	0	0	0	0
51	51	1087	117.060	388.930	192	453	335	77	10	100	403	327	161	73	229.385	324	288	274	262	249	237	220	204	184	157	125	139.385	175	160	155	150	145	140	135	129	124	118	106	0	0	0.000	0.000	0	0	0	0	0	0	0	0	0	0	0	0	0	0.000	0.000	0	0	0	0	0	0	0	0	0	0	0
52	52	1520	941.082	396.442	537	412	406	122	23	506	623	261	89	15	321.551	5750	369	261	234	219	203	187	172	157	136	107	454.881	5052	591	507	450	406	365	321	281	237	182	117	1	53	939.689	405.646	0	0	0	2591	0	0	0	2255	0	0	0	1	49	940.105	405.112	0	0	0	2426	0	0	0	2471	0	0	0
53	53	1982	1556.102	399.782	284	746	722	174	16	213	669	720	290	48	204.905	288	252	240	229	219	209	197	187	174	148	104	145.680	186	168	162	157	152	147	143	137	131	119	100	0	0	0.000	0.000	0	0	0	0	0	0	0	0	0	0	0	0	0	0.000	0.000	0	0	0	0	0	0	0	0	0	0	0
54	54	2082	1617.413	421.917	499	762	582	168	40	624	1072	295	51	8	110.771	130	118	115	114	112	110	109	107	106	104	97	421.588	653	564	534	508	479	449	413	368	308	216	110	0	0	0.000	0.000	0	0	0	0	0	0	0	0	0	0	0	0	0	0.000	0.000	0	0	0	0	0	0	0	0	0	0	0
55	55	2043	1407.566	438.805	418	606	655	284	44	362	603	719	245	75	969.438	25710	789	296	245	227	209	192	171	148	126	102	398.651	5614	464	410	377	339	301	257	215	177	138	102	0	0	0.000	0.000	0	0	0	0	0	0	0	0	0	0	0	0	0	0.000	0.000	0	0	0	0	0	0	0	0	0	0	0
56	56	1611	808.966	450.005	219	706	472	164	24	147	663	504	211	53	203.397	2153	233	215	207	200	190	181	170	158	142	108	160.991	419	193	182	174	166	160	153	147	139	129	103	0	0	0.000	0.000	0	0	0	0	0	0	0	0	0	0	0	0	0	0.000	0.000	0	0	0	0	0	0	0	0	0	0	0
57	57	1600	666.452	456.573	262	369	502	355	77	300	724	373	160	24	216.528	293	266	257	246	236	224	211	196	176	151	110	210.923	299	263	251	240	229	215	203	191	175	143	111	0	0	0.000	0.000	0	0	0	0	0	0	0	0	0	0	0	0	0	0.000	0.000	0	0	0	0	0	0	0	0	0	0	0
58	58	1775	132.523	463.349	349	603	442	281	67	397	793	427	112	19	295.156	425	377	357	340	323	306	290	272	243	182	111	139.754	171	158	153	149	145	142	139	135	128	116	99	0	0	0.000	0.000	0	0	0	0	0	0	0	0	0	0	0	0	0	0.000	0.000	0	0	0	0	0	0	0	0	0	0	0
59	59	1380	1465.076	466.834	271	460	442	173	15	217	322	404	322	90	178.483	1785	203	180	173	167	162	156	150	143	131	102	123.887	215	140	135	130	126	123	120	116	112	108	101	0	0	0.000	0.000	0	0	0	0	0	0	0	0	0	0	0	0	0	0.000	0.000	0	0	0	0	0	0	0	0	0	0	0
60	60	1173	1537.525	467.232	168	304	408	245	25	167	479	321	144	32	110.087	122	116	114	112	111	110	109	108	106	104	98	169.585	218	199	191	184	177	171	166	161	153	134	105	0	0	0.000	0.000	0	0	0	0	0	0	0	0	0	0	0	0	0	0.000	0.000	0	0	0	0	0	0	0	0	0	0	0
61	61	1309	84.257	476.012	199	364	407	264	43	164	506	369	212	41	265.455	355	314	303	296	288	279	270	248	227	190	120	140.334	178	159	153	148	144	141	137	133	128	120	105	0	0	0.000	0.000	0	0	0	0	0	0	0	0	0	0	0	0	0	0.000	0.000	0	0	0	0	0	0	0	0	0	0	0
62	62	2002	309.652	485.402	406	740	557	216	29	307	687	632	280	58	586.021	12709	609	325	296	278	257	230	200	172	143	104	243.058	3030	302	196	179	171	162	153	141	130	116	102	1	96	306.120	483.082	0	0	0	5716	0	0	0	1375	0	0	0	1	105	304.699	482.298	0	0	0	2471	0	0	0	1363	0	0	0
63	63	1850	1581.767	491.592	284	617	652	224	26	223	694	605	247	41	111.818	130	118	115	114	113	112	111	109	108	106	98	185.741	255	220	208	200	194	188	182	173	161	149	113	0	0	0.000	0.000	0	0	0	0	0	0	0	0	0	0	0	0	0	0.000	0.000	0	0	0	0	0	0	0	0	0	0	0
64	64	927	1168.546	491.230	191	212	213	229	65	202	272	256	142	36	329.640	546	450	429	412	393	372	342	284	186	123	103	137.882	186	165	160	154	150	144	136	120	108	104	99	0	0	0.000	0.000	0	0	0	0	0	0	0	0	0	0	0	0	0	0.000	0.000	0	0	0	0	0	0	0	0	0	0	0
65	65	1407	1854.079	496.968	281	376	420	268	32	228	544	404	171	40	111.905	132	120	117	115	113	112	110	108	106	104	96	334.267	554	479	441	400	365	330	298	265	235	194	114	0	0	0.000	0.000	0	0	0	0	0	0	0	0	0	0	0	0	0	0.000	0.000	0	0	0	0	0	0	0	0	0	0	0
66	66	1931	465.611	502.087	257	593	666	319	69	217	667	699	255	47	123.637	142	132	129	128	126	124	122	121	118	114	102	155.259	197	177	171	166	161	156	152	147	141	131	106	0	0	0.000	0.000	0	0	0	0	0	0	0	0	0	0	0	0	0	0.000	0.000	0	0	0	0	0	0	0	0	0	0	0
67	67	2480	1104.843	507.012	411	1044	830	143	11	267	702	950	382	145	108.250	121	113	112	110	109	108	107	106	105	103	94	155.072	213	187	177	171	163	156	149	142	133	119	99	0	0	0.000	0.000	0	0	0	0	0	0	0	0	0	0	0	0	0	0.000	0.000	0	0	0	0	0	0	0	0	0	0	0
68	68	1941	1205.634	525.031	672	1010	190	17	14	332	1062	405	75	42	692.354	11620	797	597	523	481	451	421	387	336	260	134	228.632	2798	259	197	180	172	167	161	153	144	131	104	1	67	1211.310	525.126	0	0	0	5720	0	0	0	788	0	0	0	1	77	1210.566	526.076	0	0	0	4551	0	0	0	1342	0	0	0
69	69	2045	312.597	539.287	425	694	592	265	29	287	734	670	270	55	245.565	363	309	292	279	266	257	245	225	196	157	109	160.776	216	191	183	177	171	165	159	150	137	120	101	0	0	0.000	0.000	0	0	0	0	0	0	0	0	0	0	0	0	0	0.000	0.000	0	0	0	0	0	0	0	0	0	0	0
70	70	1958	1868.308	543.873	448	634	608	197	33	321	637	568	322	78	110.981	137	117	115	114	112	111	110	108	107	105	97	322.155	495	445	415	392	368	335	298	266	227	178	106	0	0	0.000	0.000	0	0	0	0	0	0	0	0	0	0	0	0	0	0.000	0.000	0	0	0	0	0	0	0	0	0	0	0
71	71	1771	799.701	550.520	266	711	590	152	19	201	745	514	244	31	110.488	122	115	114	112	111	111	110	108	107	106	97	200.425	279	245	233	223	215	206	196	182	165	147	116	0	0	0.000	0.000	0	0	0	0	0	0	0	0	0	0	0	0	0	0.000	0.000	0	0	0	0	0	0	0	0	0	0	0
72	72	1863	1107.163	563.979	368	495	667	262	38	275	533	728	241	44	109.076	121	114	112	111	110	109	108	107	106	104	99	171.285	225	204	197	191	184	177	169	158	144	128	103	0	0	0.000	0.000	0	0	0	0	0	0	0	0	0	0	0	0	0	0.000	0.000	0	0	0	0	0	0	0	0	0	0	0
73	73	1575	851.968	569.478	249	580	482	199	30	169	627	485	198	62	110.081	122	115	114	112	111	110	109	108	107	105	98	206.668	286	256	248	237	228	216	202	185	165	139	105	0	0	0.000	0.000	0	0	0	0	0	0	0	0	0	0	0	0	0	0.000	0.000	0	0	0	0	0	0	0	0	0	0	0
74	74	2255	746.333	595.021	601	786	600	200	26	718	873	427	177	22	1398.035	2735	2014	1848	1695	1534	1387	1272	1161	1000	679	249	108.421	123	113	111	110	109	109	108	107	105	104	97	0	0	0.000	0.000	0	0	0	0	0	0	0	0	0	0	0	0	0	0.000	0.000	0	0	0	0	0	0	0	0	0	0	0
75	75	1224	419.267	592.485	334	315	300	211	55	315	419	333	106	32	443.593	2383	770	649	541	440	379	321	276	221	174	121	430.928	1895	746	619	530	442	371	325	276	225	174	119	1	25	420.956	583.399	0	0	0	1513	0	0	0	1347	0	0	0	1	30	420.663	583.332	0	0	0	1307	0	0	0	1240	0	0	0
76	76	1368	799.895	601.972	204	425	399	270	39	153	519	375	205	93	904.414	1496	1298	1190	1073	990	918	855	784	694	427	138	106.752	122	112	110	108	107	106	105	105	104	102	96	0	0	0.000	0.000	0	0	0	0	0	0	0	0	0	0	0	0	0	0.000	0.000	0	0	0	0	0	0	0	0	0	0	0
77	77	1173	1730.307	610.059	401	317	291	106	35	263	319	332	175	74	229.299	397	336	311	283	258	234	203	173	143	119	104	106.851	121	112	110	109	107	106	106	105	104	102	97	0	0	0.000	0.000	0	0	0	0	0	0	0	0	0	0	0	0	0	0.000	0.000	0	0	0	0	0	0	0	0	0	0	0
78	78	1638	653.256	631.074	187	474	540	357	57	126	620	539	235	69	152.601	195	171	165	160	157	154	150	146	141	133	110	265.805	397	340	311	289	274	261	250	241	230	201	128	0	0	0.000	0.000	0	0	0	0	0	0	0	0	0	0	0	0	0	0.000	0.000	0	0	0	0	0	0	0	0	0	0	0
79	79	2009	448.568	658.961	97	469	852	475	79	135	716	785	283	59	972.765	19668	1357	470	335	286	260	242	223	202	175	109	259.618	3347	323	181	163	155	147	140	133	127	120	101	1	120	450.251	662.189	0	0	0	9871	0	0	0	1637	0	0	0	1	128	450.648	661.908	0	0	0	9011	0	0	0	1556	0	0	0
80	80	1236	1357.108	657.116	172	328	457	229	32	134	535	378	157	13	110.684	124	116	114	113	112	111	109	108	107	105	99	146.401	202	173	165	157	151	146	140	135	128	121	104	0	0	0.000	0.000	0	0	0	0	0	0	0	0	0	0	0	0	0	0.000	0.000	0	0	0	0	0	0	0	0	0	0	0
81	81	1995	1694.168	669.838	360	652	688	233	25	285	785	645	219	31	319.322	1173	417	396	372	348	322	298	271	240	195	120	156.172	496	185	177	169	161	153	146	140	133	125	101	0	0	0.000	0.000	0	0	0	0	0	0	0	0	0	0	0	1	19	1700.931	677.342	0	0	0	504	0	0	0	348	0	0	0
82	82	2136	507.060	671.104	226	516	823	505	27	260	883	692	225	30	239.452	331	292	280	272	262	253	239	218	195	165	115	145.797	186	169	164	159	154	148	142	135	129	118	101	0	0	0.000	0.000	0	0	0	0	0	0	0	0	0	0	0	0	0	0.000	0.000	0	0	0	0	0	0	0	0	0	0	0
83	83	1953	675.238	688.214	330	581	707	250	48	272	907	508	200	28	325.686	7840	339	239	216	203	191	180	168	152	134	106	378.055	1271	529	482	445	412	379	339	295	249	196	114	1	54	662.631	684.618	0	0	0	3546	0	0	0	688	0	0	0	1	17	664.386	683.776	0	0	0	3581	0	0	0	1102	0	0	0
84	84	2005	571.313	683.102	240	779	733	195	18	183	866	613	258	45	987.490	12008	1239	990	908	817	705	626	549	485	381	177	173.053	1209	203	173	164	156	145	135	128	120	115	102	1	83	563.483	673.937	0	0	0	5894	0	0	0	555	0	0	0	1	92	561.863	673.111	0	0	0	2886	0	0	0	635	0	0	0
85	85	2023	1091.748	702.514	262	801	768	142	12	194	721	706	310	58	697.814	1105	953	872	807	764	724	682	616	513	394	165	108.895	131	117	113	110	109	107	106	105	105	103	96	0	0	0.000	0.000	0	0	0	0	0	0	0	0	0	0	0	0	0	0.000	0.000	0	0	0	0	0	0	0	0	0	0	0
86	86	2061	1379.785	700.582	399	944	562	110	10	171	878	666	255	47	111.983	131	118	116	114	113	112	111	110	108	106	96	150.233	194	173	167	162	157	153	148	143	134	119	104	0	0	0.000	0.000	0	0	0	0	0	0	0	0	0	0	0	0	0	0.000	0.000	0	0	0	0	0	0	0	0	0	0	0
87	87	1265	436.459	705.243	408	350	267	153	62	351	425	279	136	40	114.618	131	122	119	118	116	115	113	112	110	107	101	115.010	136	126	122	118	116	114	112	110	109	107	101	0	0	0.000	0.000	0	0	0	0	0	0	0	0	0	0	0	0	0	0.000	0.000	0	0	0	0	0	0	0	0	0	0	0
88	88	1670	1039.052	719.266	288	465	574	277	31	213	555	552	220	97	700.644	1092	931	892	866	828	775	688	591	487	353	169	108.570	126	116	113	110	109	107	107	105	104	103	92	0	0	0.000	0.000	0	0	0	0	0	0	0	0	0	0	0	0	0	0.000	0.000	0	0	0	0	0	0	0	0	0	0	0
89	89	1304	1662.408	717.941	217	440	460	153	10	147	445	457	193	42	322.367	468	406	386	367	349	332	315	290	260	224	124	155.780	200	176	171	166	162	159	154	148	142	130	107	0	0	0.000	0.000	0	0	0	0	0	0	0	0	0	0	0	0	0	0.000	0.000	0	0	0	0	0	0	0	0	0	0	0
90	90	2590	510.344	737.695	605	737	810	371	29	515	983	729	269	42	2729.156	21161	3595	2868	2613	2366	2129	1904	1632	1337	963	364	280.174	2918	343	249	226	209	194	180	165	152	138	112	1	140	503.423	737.294	0	0	0	13574	0	0	0	1513	0	0	0	1	139	503.481	737.323	0	0	0	13574	0	0	0	1513	0	0	0
91	91	1268	606.285	730.950	157	357	413	269	56	157	471	384	166	69	664.121	1030	919	860	801	746	694	633	561	471	361	173	145.692	186	169	164	159	154	148	142	135	127	117	103	0	0	0.000	0.000	0	0	0	0	0	0	0	0	0	0	0	0	0	0.000	0.000	0	0	0	0	0	0	0	0	0	0	0
92	92	1994	1470.329	738.186	255	496	723	385	90	283	635	701	261	81	112.478	129	120	117	116	114	113	111	109	108	106	98	206.796	293	257	241	230	221	211	201	189	171	148	103	0	0	0.000	0.000	0	0	0	0	0	0	0	0	0	0	0	0	0	0.000	0.000	0	0	0	0	0	0	0	0	0	0	0
93	93	2112	1144.097	745.675	447	705	720	175	23	367	1043	483	172	9	389.686	589	530	507	488	466	433	373	308	245	193	114	106.754	129	115	111	108	106	105	104	104	103	102	96	0	0	0.000	0.000	0	0	0	0	0	0	0	0	0	0	0	0	0	0.000	0.000	0	0	0	0	0	0	0	0	0	0	0
94	94	1226	1409.834	737.284	87	396	525	185	14	68	267	507	312	52	311.216	426	387	368	351	334	320	304	285	263	221	127	135.007	167	150	147	143	140	136	132	128	124	118	104	0	0	0.000	0.000	0	0	0	0	0	0	0	0	0	0	0	0	0	0.000	0.000	0	0	0	0	0	0	0	0	0	0	0
95	95	2205	568.563	766.686	434	615	662	400	58	359	946	562	250	52	1830.009	2907	2466	2349	2256	2133	2005	1816	1586	1260	869	266	175.940	275	214	199	191	186	180	172	160	148	132	104	0	0	0.000	0.000	0	0	0	0	0	0	0	0	0	0	0	0	0	0.000	0.000	0	0	0	0	0	0	0	0	0	0	0
96	96	1714	122.876	768.003	425	472	430	314	53	420	566	438	207	52	824.625	1550	1345	1224	1088	965	836	717	582	433	265	130	110.331	127	117	115	113	112	110	109	107	105	104	98	0	0	0.000	0.000	0	0	0	0	0	0	0	0	0	0	0	0	0	0.000	0.000	0	0	0	0	0	0	0	0	0	0	0
97	97	1332	400.271	766.982	227	422	457	179	23	165	465	464	181	33	111.309	127	117	115	113	112	111	110	109	107	106	99	202.512	268	242	230	223	215	209	201	192	176	150	109	0	0	0.000	0.000	0	0	0	0	0	0	0	0	0	0	0	0	0	0.000	0.000	0	0	0	0	0	0	0	0	0	0	0
98	98	934	1187.043	765.791	138	245	276	212	46	147	264	269	196	42	383.815	558	506	472	449	426	403	374	339	295	236	130	104.555	116	108	107	106	105	104	104	103	102	101	96	0	0	0.000	0.000	0	0	0	0	0	0	0	0	0	0	0	0	0	0.000	0.000	0	0	0	0	0	0	0	0	0	0	0
99	99	1293	1507.504	775.098	252	215	402	364	45	172	251	460	278	112	111.551	130	118	116	114	113	112	110	109	107	104	94	203.312	285	254	240	228	217	205	193	181	168	151	112	0	0	0.000	0.000	0	0	0	0	0	0	0	0	0	0	0	0	0	0.000	0.000	0	0	0	0	0	0	0	0	0	0	0
100	100	1304	1579.481	776.784	252	443	477	109	10	182	535	372	162	30	110.793	125	117	115	113	112	111	110	108	107	105	98	146.485	194	171	164	159	153	149	143	137	130	117	101	0	0	0.000	0.000	0	0	0	0	0	0	0	0	0	0	0	0	0	0.000	0.000	0	0	0	0	0	0	0	0	0	0	0
101	101	942	1339.273	783.001	122	363	296	117	28	62	454	306	80	25	143.340	171	158	154	151	148	145	141	137	132	126	108	192.654	244	225	215	208	202	195	189	180	170	158	123	0	0	0.000	0.000	0	0	0	0	0	0	0	0	0	0	0	0	0	0.000	0.000	0	0	0	0	0	0	0	0	0	0	0
102	102	1576	809.112	790.970	265	502	489	262	32	177	495	515	242	116	768.319	1168	1028	955	899	840	797	750	683	583	454	205	110.497	133	119	115	112	111	109	108	107	106	104	99	0	0	0.000	0.000	0	0	0	0	0	0	0	0	0	0	0	0	0	0.000	0.000	0	0	0	0	0	0	0	0	0	0	0
103	103	1916	482.747	801.785	240	765	657	194	28	300	1067	392	121	11	200.586	270	244	232	222	212	204	195	183	170	151	119	105.676	118	110	108	107	106	105	105	104	103	102	95	0	0	0.000	0.000	0	0	0	0	0	0	0	0	0	0	0	0	0	0.000	0.000	0	0	0	0	0	0	0	0	0	0	0
104	104	2216	1304.902	813.557	547	592	602	375	67	506	841	528	241	63	112.673	132	120	118	116	114	113	111	109	107	105	98	730.337	1287	1122	997	905	820	733	644	560	473	327	142	0	0	0.000	0.000	0	0	0	0	0	0	0	0	0	0	0	0	0	0.000	0.000	0	0	0	0	0	0	0	0	0	0	0
105	105	2685	1450.635	819.304	354	795	1026	412	56	295	788	1059	399	81	649.070	13524	627	274	237	222	208	192	175	156	135	105	312.724	2912	354	325	303	278	251	225	199	174	151	108	1	160	1457.949	823.929	0	0	0	6463	0	0	0	1210	0	0	0	1	125	1457.962	823.874	0	0	0	8288	0	0	0	1481	0	0	0
106	106	2351	678.870	833.819	370	821	923	179	17	287	439	989	466	134	550.640	928	729	667	632	600	572	539	490	434	318	132	256.418	407	332	309	296	282	264	242	220	199	168	110	0	0	0.000	0.000	0	0	0	0	0	0	0	0	0	0	0	0	0	0.000	0.000	0	0	0	0	0	0	0	0	0	0	0
107	107	1562	521.985	838.801	187	321	570	357	98	182	411	578	258	106	197.455	267	237	226	219	211	202	193	179	166	150	108	105.455	120	110	108	107	106	105	104	104	103	102	96	0	0	0.000	0.000	0	0	0	0	0	0	0	0	0	0	0	0	0	0.000	0.000	0	0	0	0	0	0	0	0	0	0	0
108	108	1979	784.873	839.593	299	484	702	401	51	267	671	623	272	103	698.767	1209	1017	900	828	768	724	683	604	473	330	154	110.461	132	118	115	113	111	110	108	107	105	104	97	0	0	0.000	0.000	0	0	0	0	0	0	0	0	0	0	0	0	0	0.000	0.000	0	0	0	0	0	0	0	0	0	0	0
109	109	1244	1779.062	838.067	157	514	372	150	32	214	628	285	69	20	258.900	4574	314	184	159	153	148	144	141	136	129	106	137.701	367	152	142	138	134	132	130	127	124	121	107	1	49	1771.488	847.451	0	0	0	1834	0	0	0	227	0	0	0	1	37	1772.366	846.910	0	0	0	1927	0	0	0	261	0	0	0
110	110	1166	1388.900	842.126	139	323	420	225	37	96	470	396	139	35	121.065	142	130	127	124	123	121	119	117	115	113	100	149.007	179	166	161	157	154	150	146	142	137	131	107	0	0	0.000	0.000	0	0	0	0	0	0	0	0	0	0	0	0	0	0.000	0.000	0	0	0	0	0	0	0	0	0	0	0
111	111	833	1819.861	848.367	137	274	233	144	28	95	222	224	198	73	134.089	157	146	142	140	137	135	132	129	126	121	111	123.755	146	134	131	128	126	124	122	120	117	113	101	0	0	0.000	0.000	0	0	0	0	0	0	0	0	0	0	0	0	0	0.000	0.000	0	0	0	0	0	0	0	0	0	0	0
112	112	1795	191.801	861.074	616	573	467	82	25	517	701	395	140	14	113.933	135	123	120	118	116	114	112	110	108	104	96	399.743	646	568	533	503	466	422	367	314	256	192	112	0	0	0.000	0.000	0	0	0	0	0	0	0	0	0	0	0	0	0	0.000	0.000	0	0	0	0	0	0	0	0	0	0	0
113	113	1694	1599.604	864.996	391	420	554	258	40	256	643	505	221	40	153.524	1550	157	145	140	138	134	131	128	125	118	102	159.228	308	187	179	172	167	162	156	149	139	119	102	1	38	1582.876	879.910	0	0	0	698	0	0	0	158	0	0	0	0	0	0.000	0.000	0	0	0	0	0	0	0	0	0	0	0
114	114	1835	1150.412	862.623	150	520	749	349	36	127	722	674	244	38	113.853	130	121	119	117	115	114	113	111	109	107	101	153.365	201	180	172	165	159	154	148	142	136	127	102	0	0	0.000	0.000	0	0	0	0	0	0	0	0	0	0	0	0	0	0.000	0.000	0	0	0	0	0	0	0	0	0	0	0
115	115	1114	1647.885	862.984	150	274	324	291	42	124	302	369	261	38	126.128	151	138	134	132	130	128	125	122	117	111	100	146.464	188	167	162	157	153	149	145	140	132	118	102	0	0	0.000	0.000	0	0	0	0	0	0	0	0	0	0	0	0	0	0.000	0.000	0	0	0	0	0	0	0	0	0	0	0
116	116	1029	1301.330	862.605	202	275	341	160	36	229	354	277	122	29	109.672	123	115	113	112	111	110	108	107	106	104	98	430.395	667	595	566	524	477	434	392	360	320	249	130	0	0	0.000	0.000	0	0	0	0	0	0	0	0	0	0	0	0	0	0.000	0.000	0	0	0	0	0	0	0	0	0	0	0
117	117	1562	1428.015	876.475	190	578	581	158	29	122	524	592	235	64	236.068	3559	265	215	204	197	188	181	173	163	148	113	148.901	461	167	158	153	149	145	141	137	132	124	105	1	35	1429.880	885.831	0	0	0	1486	0	0	0	222	0	0	0	1	29	1428.598	882.817	0	0	0	445	0	0	0	306	0	0	0
118	118	1075	1472.748	870.022	94	296	364	256	42	74	438	337	167	43	173.940	217	199	194	188	182	176	170	164	154	145	116	234.947	317	283	272	262	251	239	225	213	198	180	127	0	0	0.000	0.000	0	0	0	0	0	0	0	0	0	0	0	0	0	0.000	0.000	0	0	0	0	0	0	0	0	0	0	0
119	119	2639	1769.451	892.802	471	471	978	590	80	413	546	1042	434	156	212.484	292	262	251	240	229	219	207	192	175	151	107	279.443	426	379	356	336	311	284	259	231	205	170	106	0	0	0.000	0.000	0	0	0	0	0	0	0	0	0	0	0	0	0	0.000	0.000	0	0	0	0	0	0	0	0	0	0	0
120	120	1924	509.832	891.174	227	768	690	185	10	148	620	758	280	83	407.183	8747	454	284	251	235	223	210	198	186	165	114	152.518	1146	170	145	139	135	131	127	124	120	116	100	1	70	519.375	892.985	0	0	0	3723	0	0	0	577	0	0	0	1	67	519.294	892.084	0	0	0	2860	0	0	0	588	0	0	0
121	121	1447	895.942	892.509	252	541	527	88	22	246	720	336	106	15	202.791	269	241	232	223	215	206	199	191	179	153	109	165.439	214	193	186	180	174	167	161	154	148	134	104	0	0	0.000	0.000	0	0	0	0	0	0	0	0	0	0	0	0	0	0.000	0.000	0	0	0	0	0	0	0	0	0	0	0
122	122	1738	1055.889	893.678	288	719	596	79	17	183	585	577	266	93	237.006	4725	243	183	168	160	154	148	142	136	128	106	183.772	410	221	211	201	191	180	170	160	153	145	117	1	49	1052.331	889.580	0	0	0	2013	0	0	0	247	0	0	0	0	0	0.000	0.000	0	0	0	0	0	0	0	0	0	0	0
123	123	639	145.911	888.261	103	171	171	141	38	107	169	144	144	63	926.017	1346	1236	1186	1138	1056	980	902	822	706	454	177	134.468	161	149	145	143	139	136	133	128	123	117	104	0	0	0.000	0.000	0	0	0	0	0	0	0	0	0	0	0	0	0	0.000	0.000	0	0	0	0	0	0	0	0	0	0	0
124	124	1399	1181.384	900.298	155	495	575	137	11	80	241	698	273	77	110.833	126	117	115	113	112	111	109	108	107	105	99	141.813	185	159	153	149	146	143	139	135	129	122	105	0	0	0.000	0.000	0	0	0	0	0	0	0	0	0	0	0	0	0	0.000	0.000	0	0	0	0	0	0	0	0	0	0	0
125	125	723	1010.854	890.469	146	275	236	44	8	84	190	231	157	49	137.429	166	154	149	146	143	140	136	131	124	119	103	167.804	214	197	189	183	177	171	165	156	146	134	104	0	0	0.000	0.000	0	0	0	0	0	0	0	0	0	0	0	0	0	0.000	0.000	0	0	0	0	0	0	0	0	0	0	0
126	126	1648	1116.091	901.938	281	511	454	308	58	363	725	324	179	33	355.979	8320	411	212	188	177	170	164	156	148	134	105	200.839	1198	225	207	199	191	185	177	168	156	137	104	1	62	1127.092	895.952	0	0	0	3497	0	0	0	640	0	0	0	1	45	1126.244	896.600	0	0	0	3643	0	0	0	731	0	0	0
127	127	1073	559.321	901.071	344	307	239	155	10	288	356	198	165	44	111.219	124	117	115	114	113	111	110	108	107	105	99	230.371	357	311	285	263	243	229	213	195	175	154	111	0	0	0.000	0.000	0	0	0	0	0	0	0	0	0	0	0	0	0	0.000	0.000	0	0	0	0	0	0	0	0	0	0	0
128	128	1939	103.048	910.344	113	426	729	493	138	109	567	813	292	116	1171.296	1980	1644	1547	1444	1327	1224	1096	975	831	593	145	141.552	184	164	157	151	146	142	137	132	126	118	97	0	0	0.000	0.000	0	0	0	0	0	0	0	0	0	0	0	0	0	0.000	0.000	0	0	0	0	0	0	0	0	0	0	0
129	129	1950	1664.066	912.858	164	605	676	395	71	231	867	589	203	28	136.736	166	155	150	146	141	137	133	129	125	118	102	222.447	325	281	266	252	240	224	210	194	180	161	111	0	0	0.000	0.000	0	0	0	0	0	0	0	0	0	0	0	0	0	0.000	0.000	0	0	0	0	0	0	0	0	0	0	0
130	130	1485	1469.035	916.103	159	397	600	266	35	131	412	556	261	98	317.051	4850	369	263	234	221	212	203	192	176	155	113	149.630	947	163	146	140	135	132	129	125	121	116	101	1	56	1459.470	908.342	0	0	0	2182	0	0	0	489	0	0	0	1	54	1459.458	907.781	0	0	0	2187	0	0	0	495	0	0	0
131	131	2260	936.082	931.387	706	915	528	55	11	472	844	586	260	60	452.129	12199	421	261	245	231	216	207	197	184	161	117	219.814	2518	228	202	192	184	178	170	162	151	137	111	1	72	941.618	941.333	0	0	0	5580	0	0	0	1298	0	0	0	1	72	941.990	941.286	0	0	0	5580	0	0	0	1298	0	0	0
132	132	1705	212.971	925.346	335	383	484	369	105	258	564	603	219	40	245.926	365	313	297	283	267	253	236	219	193	163	110	106.496	131	113	109	107	106	105	105	104	103	102	96	0	0	0.000	0.000	0	0	0	0	0	0	0	0	0	0	0	0	0	0.000	0.000	0	0	0	0	0	0	0	0	0	0	0
133	133	2467	608.573	940.473	1232	586	415	186	15	1138	578	413	253	55	122.846	223	148	139	132	125	118	113	109	106	104	95	152.085	330	204	186	172	159	148	136	124	115	109	101	0	0	0.000	0.000	0	0	0	0	0	0	0	0	0	0	0	0	0	0.000	0.000	0	0	0	0	0	0	0	0	0	0	0
134	134	1033	1080.691	936.113	103	337	407	151	17	69	340	395	170	44	149.944	191	169	163	158	155	152	148	144	139	128	104	172.642	227	204	194	186	179	172	167	161	155	142	107	0	0	0.000	0.000	0	0	0	0	0	0	0	0	0	0	0	0	0	0.000	0.000	0	0	0	0	0	0	0	0	0	0	0
135	135	855	1154.725	940.806	121	178	283	214	40	89	340	279	121	13	148.249	191	166	161	157	153	149	145	142	136	129	109	147.312	184	169	163	158	153	149	143	138	133	125	103	0	0	0.000	0.000	0	0	0	0	0	0	0	0	0	0	0	0	0	0.000	0.000	0	0	0	0	0	0	0	0	0	0	0
136	136	1476	565.700	949.047	402	638	289	81	31	520	699	201	30	7	112.243	130	119	117	115	114	112	111	109	107	105	99	281.133	428	379	363	346	326	299	269	234	192	144	105	0	0	0.000	0.000	0	0	0	0	0	0	0	0	0	0	0	0	0	0.000	0.000	0	0	0	0	0	0	0	0	0	0	0
137	137	1629	839.245	947.748	268	539	648	130	12	185	512	553	281	61	668.206	1002	899	843	794	754	713	668	594	495	356	137	116.526	140	126	123	120	118	116	114	113	110	108	98	0	0	0.000	0.000	0	0	0	0	0	0	0	0	0	0	0	0	0	0.000	0.000	0	0	0	0	0	0	0	0	0	0	0
138	138	1783	1258.853	951.041	217	571	725	220	21	158	514	753	244	85	2253.093	24954	6535	1286	589	375	295	247	215	187	159	113	546.431	5007	1243	429	312	266	243	223	201	183	161	114	1	257	1258.634	949.978	0	0	0	12032	0	0	0	2081	0	0	0	1	213	1258.618	949.573	0	0	0	15497	0	0	0	2412	0	0	0
139	139	2030	905.570	975.157	231	633	908	200	20	204	700	777	264	36	206.920	277	249	241	232	223	212	201	188	173	155	112	170.200	241	207	197	188	179	170	159	151	144	136	108	0	0	0.000	0.000	0	0	0	0	0	0	0	0	0	0	0	0	0	0.000	0.000	0	0	0	0	0	0	0	0	0	0	0
140	140	1960	1470.950	974.636	395	699	579	217	32	402	950	420	130	17	329.342	460	414	395	372	352	337	320	300	269	227	135	122.280	144	133	130	127	124	122	120	117	115	111	101	0	0	0.000	0.000	0	0	0	0	0	0	0	0	0	0	0	0	0	0.000	0.000	0	0	0	0	0	0	0	0	0	0	0
141	141	1751	1871.907	978.459	224	512	595	356	31	224	566	590	296	44	121.456	147	131	129	127	124	122	120	117	114	110	101	236.756	344	305	293	280	266	249	229	208	177	141	105	0	0	0.000	0.000	0	0	0	0	0	0	0	0	0	0	0	0	0	0.000	0.000	0	0	0	0	0	0	0	0	0	0	0
142	142	1379	1144.826	982.477	164	471	484	215	22	164	628	340	183	38	313.410	7121	346	200	180	171	165	159	151	139	126	102	167.567	834	186	175	167	161	155	150	143	133	118	101	1	45	1141.523	971.358	0	0	0	3084	0	0	0	369	0	0	0	1	48	1140.228	970.339	0	0	0	1124	0	0	0	478	0	0	0
143	143	1629	1026.264	994.812	262	435	624	246	29	195	480	597	261	64	232.387	324	283	270	260	251	240	228	211	191	167	114	184.382	246	223	213	204	195	187	177	166	156	143	108	0	0	0.000	0.000	0	0	0	0	0	0	0	0	0	0	0	0	0	0.000	0.000	0	0	0	0	0	0	0	0	0	0	0
144	144	1749	852.013	997.757	235	452	600	342	84	253	685	530	196	55	774.705	1208	1035	975	916	868	815	742	655	566	463	213	119.177	145	130	126	124	121	119	117	114	112	109	101	0	0	0.000	0.000	0	0	0	0	0	0	0	0	0	0	0	0	0	0.000	0.000	0	0	0	0	0	0	0	0	0	0	0
145	145	1849	174.965	1004.642	473	616	541	168	14	376	720	454	206	71	995.852	1946	1464	1339	1228	1116	999	894	807	642	437	194	107.516	120	112	111	109	108	107	106	106	104	103	96	0	0	0.000	0.000	0	0	0	0	0	0	0	0	0	0	0	0	0	0.000	0.000	0	0	0	0	0	0	0	0	0	0	0
146	146	1994	959.997	1004.121	508	1075	344	25	7	255	704	734	243	24	1121.740	19288	1875	520	326	263	234	215	198	177	155	101	266.258	2431	369	218	197	184	171	159	148	139	131	106	1	161	960.960	1002.406	0	0	0	8900	0	0	0	1145	0	0	0	1	153	961.655	1002.013	0	0	0	9335	0	0	0	1239	0	0	0
147	147	2010	1825.618	1011.259	213	776	807	157	12	223	711	689	300	40	119.347	138	128	126	124	122	120	118	116	113	109	100	209.305	308	255	246	237	228	219	206	192	172	143	103	0	0	0.000	0.000	0	0	0	0	0	0	0	0	0	0	0	0	0	0.000	0.000	0	0	0	0	0	0	0	0	0	0	0
148	148	1223	1425.307	1012.143	145	267	409	318	66	146	375	452	184	42	302.406	424	377	360	343	327	314	299	280	246	207	119	119.334	144	130	126	124	121	119	117	115	113	109	101	0	0	0.000	0.000	0	0	0	0	0	0	0	0	0	0	0	0	0	0.000	0.000	0	0	0	0	0	0	0	0	0	0	0
149	149	2133	807.991	1036.650	164	693	858	336	39	100	568	943	371	114	584.585	14520	692	292	224	203	190	179	168	157	141	103	228.540	2194	254	203	194	187	180	172	164	154	140	108	1	100	806.153	1040.018	0	0	0	6283	0	0	0	1067	0	0	0	1	86	806.070	1039.797	0	0	0	7241	0	0	0	1184	0	0	0
150	150	1477	1098.480	1035.794	328	424	445	226	28	281	571	381	171	45	114.605	132	122	119	118	116	115	113	112	110	107	98	188.468	296	239	221	207	196	189	180	170	158	137	106	0	0	0.000	0.000	0	0	0	0	0	0	0	0	0	0	0	0	0	0.000	0.000	0	0	0	0	0	0	0	0	0	0	0
151	151	1620	1633.841	1040.878	316	553	524	180	13	263	590	476	222	32	205.959	2437	220	209	203	197	190	181	170	156	140	109	164.248	356	190	181	176	171	167	161	155	144	131	106	1	30	1620.210	1048.487	0	0	0	1032	0	0	0	258	0	0	0	0	0	0.000	0.000	0	0	0	0	0	0	0	0	0	0	0
152	152	1868	142.772	1051.587	292	548	661	292	35	218	502	723	315	70	242.987	351	309	292	279	268	253	236	217	190	158	115	283.796	421	372	351	335	317	298	273	246	213	172	119	0	0	0.000	0.000	0	0	0	0	0	0	0	0	0	0	0	0	0	0.000	0.000	0	0	0	0	0	0	0	0	0	0	0
153	153	2404	757.322	1057.156	722	850	713	75	9	592	1025	552	169	23	112.685	130	119	117	115	114	113	112	110	109	106	97	108.822	131	116	112	110	109	108	107	106	105	104	99	0	0	0.000	0.000	0	0	0	0	0	0	0	0	0	0	0	0	0	0.000	0.000	0	0	0	0	0	0	0	0	0	0	0
154	154	1660	991.788	1051.308	315	653	506	121	37	316	805	395	98	23	429.673	635	536	507	486	465	444	422	395	360	292	142	147.829	194	166	160	156	152	149	145	141	136	128	105	0	0	0.000	0.000	0	0	0	0	0	0	0	0	0	0	0	0	0	0.000	0.000	0	0	0	0	0	0	0	0	0	0	0
155	155	666	1131.677	1056.788	191	239	154	58	16	99	164	241	104	38	111.185	129	118	115	114	112	111	110	108	107	105	98	172.974	224	204	198	192	186	178	170	159	146	133	109	0	0	0.000	0.000	0	0	0	0	0	0	0	0	0	0	0	0	0	0.000	0.000	0	0	0	0	0	0	0	0	0	0	0
156	156	2264	1896.991	1064.184	332	820	768	286	21	264	575	893	389	74	430.386	12038	414	262	234	220	205	193	179	165	142	105	182.241	1362	199	183	173	166	160	155	149	140	127	100	1	72	1901.402	1063.243	0	0	0	5250	0	0	0	512	0	0	0	1	69	1900.567	1061.708	0	0	0	2508	0	0	0	715	0	0	0
157	157	1147	266.311	1067.296	343	327	297	129	38	239	312	308	191	75	109.172	129	117	114	112	110	108	107	105	104	102	97	116.627	153	132	125	121	119	116	113	109	106	104	99	0	0	0.000	0.000	0	0	0	0	0	0	0	0	0	0	0	0	0	0.000	0.000	0	0	0	0	0	0	0	0	0	0	0
158	158	2100	196.839	1077.422	473	794	608	159	32	393	904	531	188	46	1195.788	18548	2352	553	328	273	244	224	205	187	163	117	339.893	2250	520	323	293	270	252	229	207	183	157	117	1	200	202.893	1081.878	0	0	0	8587	0	0	0	1164	0	0	0	1	170	203.148	1081.884	0	0	0	10278	0	0	0	1331	0	0	0
159	159	1473	1840.246	1076.089	261	441	429	266	47	259	377	417	319	78	176.393	228	206	200	195	189	183	175	164	152	134	103	143.651	178	162	155	151	148	145	141	137	132	124	107	0	0	0.000	0.000	0	0	0	0	0	0	0	0	0	0	0	0	0	0.000	0.000	0	0	0	0	0	0	0	0	0	0	0
160	160	1728	849.459	1081.406	281	508	570	307	28	222	568	548	252	104	178.432	236	212	204	197	190	182	173	164	153	138	108	171.546	237	212	200	190	180	171	162	153	144	134	109	0	0	0.000	0.000	0	0	0	0	0	0	0	0	0	0	0	0	0	0.000	0.000	0	0	0	0	0	0	0	0	0	0	0
161	161	1462	1782.655	1080.595	186	346	455	365	70	133	444	432	342	82	122.632	144	133	130	127	125	123	121	119	115	111	101	241.666	354	315	296	283	272	260	242	213	176	136	105	0	0	0.000	0.000	0	0	0	0	0	0	0	0	0	0	0	0	0	0.000	0.000	0	0	0	0	0	0	0	0	0	0	0
162	162	2045	563.077	1091.169	393	692	617	276	31	306	715	589	289	101	112.689	125	119	117	115	114	113	112	110	109	106	100	156.619	211	186	177	170	163	156	150	143	136	127	104	0	0	0.000	0.000	0	0	0	0	0	0	0	0	0	0	0	0	0	0.000	0.000	0	0	0	0	0	0	0	0	0	0	0
163	163	610	797.762	1082.368	54	169	225	126	25	57	175	208	115	45	109.313	122	114	112	111	110	109	108	107	106	105	100	107.331	118	112	110	109	108	107	106	106	105	103	97	0	0	0.000	0.000	0	0	0	0	0	0	0	0	0	0	0	0	0	0.000	0.000	0	0	0	0	0	0	0	0	0	0	0
164	164	2395	155.216	1114.057	293	544	802	580	141	358	762	861	297	67	503.328	11514	561	280	229	209	198	188	174	156	132	106	273.551	1675	343	298	276	260	241	222	203	183	155	113	1	110	160.897	1101.004	0	0	0	4860	0	0	0	938	0	0	0	1	85	161.405	1100.710	0	0	0	6646	0	0	0	1046	0	0	0
165	165	1905	1164.813	1116.289	572	567	534	172	36	544	588	441	244	56	115.993	154	134	125	120	116	113	111	108	106	104	97	832.898	1603	1314	1192	1096	1007	906	759	605	419	229	119	0	0	0.000	0.000	0	0	0	0	0	0	0	0	0	0	0	0	0	0.000	0.000	0	0	0	0	0	0	0	0	0	0	0
166	166	1779	1743.751	1114.702	293	532	575	302	41	276	734	470	211	55	113.883	132	121	119	117	116	114	113	111	109	106	99	107.176	120	112	110	109	108	107	106	105	104	103	97	0	0	0.000	0.000	0	0	0	0	0	0	0	0	0	0	0	0	0	0.000	0.000	0	0	0	0	0	0	0	0	0	0	0
167	167	1300	516.694	1122.114	219	406	430	197	25	147	472	443	170	46	112.056	127	118	116	115	114	112	111	109	108	106	98	157.266	204	183	174	169	163	158	153	147	140	130	108	0	0	0.000	0.000	0	0	0	0	0	0	0	0	0	0	0	0	0	0.000	0.000	0	0	0	0	0	0	0	0	0	0	0
168	168	1381	1785.357	1142.816	243	463	404	220	34	250	547	337	185	26	115.123	131	122	120	118	117	115	114	112	110	108	99	107.959	126	114	111	109	108	107	106	105	104	103	99	0	0	0.000	0.000	0	0	0	0	0	0	0	0	0	0	0	0	0	0.000	0.000	0	0	0	0	0	0	0	0	0	0	0
169	169	1640	1849.212	1146.311	247	673	571	101	8	142	604	644	191	27	951.432	10203	1075	910	836	791	760	729	678	587	465	210	167.838	1196	188	159	151	146	142	139	136	131	124	105	1	55	1838.694	1147.449	0	0	0	5465	0	0	0	691	0	0	0	1	61	1838.831	1147.560	0	0	0	5239	0	0	0	625	0	0	0
170	170	1146	1712.812	1149.643	198	312	302	245	70	172	359	327	230	38	167.901	220	197	190	183	176	170	164	156	148	135	109	154.654	199	176	171	167	162	157	152	147	138	127	109	0	0	0.000	0.000	0	0	0	0	0	0	0	0	0	0	0	0	0	0.000	0.000	0	0	0	0	0	0	0	0	0	0	0
171	171	1232	487.387	1159.927	274	565	311	52	10	232	562	247	133	43	109.688	122	115	113	112	111	110	109	108	106	105	97	151.447	187	169	165	162	159	155	150	145	138	127	104	0	0	0.000	0.000	0	0	0	0	0	0	0	0	0	0	0	0	0	0.000	0.000	0	0	0	0	0	0	0	0	0	0	0
172	172	1606	124.055	1161.185	407	486	508	157	16	268	439	431	365	77	185.647	999	209	198	191	185	180	173	164	154	140	110	215.192	360	261	250	241	232	220	207	191	177	159	121	1	25	128.446	1162.409	0	0	0	619	0	0	0	262	0	0	0	0	0	0.000	0.000	0	0	0	0	0	0	0	0	0	0	0
173	173	1012	529.991	1168.774	151	440	320	79	9	70	524	231	141	26	111.026	123	116	114	113	112	111	110	109	108	106	100	162.983	214	191	182	175	168	162	157	152	145	137	107	0	0	0.000	0.000	0	0	0	0	0	0	0	0	0	0	0	0	0	0.000	0.000	0	0	0	0	0	0	0	0	0	0	0
174	174	1678	577.411	1183.532	221	654	529	220	23	162	771	478	205	34	116.722	137	124	122	120	118	117	116	114	112	109	98	109.316	130	115	112	111	110	109	108	107	106	105	99	0	0	0.000	0.000	0	0	0	0	0	0	0	0	0	0	0	0	0	0.000	0.000	0	0	0	0	0	0	0	0	0	0	0
175	175	2087	362.607	1192.091	262	612	748	365	47	253	794	641	286	75	109.645	126	115	113	112	111	110	108	107	106	104	98	259.232	440	357	323	296	273	252	236	221	204	172	109	0	0	0.000	0.000	0	0	0	0	0	0	0	0	0	0	0	0	0	0.000	0.000	0	0	0	0	0	0	0	0	0	0	0
176	176	1329	953.566	1184.942	214	456	538	84	14	129	364	542	211	58	305.430	452	388	364	343	324	305	285	272	254	223	148	151.483	195	172	165	161	157	152	148	143	136	130	111	0	0	0.000	0.000	0	0	0	0	0	0	0	0	0	0	0	0	0	0.000	0.000	0	0	0	0	0	0	0	0	0	0	0
177	177	1083	627.463	1193.898	236	444	312	66	7	166	546	215	116	28	113.353	131	120	117	116	115	114	112	111	109	107	100	109.963	139	120	114	111	109	108	107	107	105	104	98	0	0	0.000	0.000	0	0	0	0	0	0	0	0	0	0	0	1	173	630.380	1191.893	0	0	0	117	0	0	0	120	0	0	0
178	178	1095	80.590	1197.852	288	445	276	56	14	175	409	311	146	25	274.269	392	350	333	319	304	289	274	248	212	170	110	116.130	135	124	122	120	118	116	115	113	110	108	101	0	0	0.000	0.000	0	0	0	0	0	0	0	0	0	0	0	0	0	0.000	0.000	0	0	0	0	0	0	0	0	0	0	0
179	179	1951	1649.824	1206.516	358	704	593	250	17	297	670	575	302	71	108.027	121	113	111	110	109	108	107	106	105	103	97	208.850	315	270	251	238	227	217	202	184	161	134	103	0	0	0.000	0.000	0	0	0	0	0	0	0	0	0	0	0	0	0	0.000	0.000	0	0	0	0	0	0	0	0	0	0	0
180	180	1478	463.820	1202.069	289	486	502	156	11	149	441	516	237	94	109.454	121	114	112	111	111	110	109	107	106	105	96	148.234	197	169	163	158	153	149	144	139	134	126	106	0	0	0.000	0.000	0	0	0	0	0	0	0	0	0	0	0	0	0	0.000	0.000	0	0	0	0	0	0	0	0	0	0	0
181	181	1390	131.909	1221.863	142	420	492	277	30	70	380	638	205	72	172.366	235	202	195	189	183	176	170	161	150	133	109	137.666	177	154	150	146	142	139	135	131	126	119	101	0	0	0.000	0.000	0	0	0	0	0	0	0	0	0	0	0	0	0	0.000	0.000	0	0	0	0	0	0	0	0	0	0	0
182	182	1895	1530.617	1231.314	245	773	649	176	23	135	600	696	304	125	105.813	117	110	108	107	106	106	105	104	103	102	96	247.673	384	322	299	276	258	245	230	217	204	180	116	0	0	0.000	0.000	0	0	0	0	0	0	0	0	0	0	0	0	0	0.000	0.000	0	0	0	0	0	0	0	0	0	0	0
183	183	2017	223.585	1229.488	307	595	617	402	61	286	811	583	276	24	146.569	191	172	165	158	152	147	142	137	130	120	102	140.712	178	161	154	149	145	141	138	133	127	119	105	0	0	0.000	0.000	0	0	0	0	0	0	0	0	0	0	0	0	0	0.000	0.000	0	0	0	0	0	0	0	0	0	0	0
184	184	1617	606.285	1235.406	304	544	474	251	22	230	731	411	197	18	112.600	127	119	117	116	114	113	111	110	108	106	100	109.156	136	118	114	110	109	108	107	106	104	103	97	0	0	0.000	0.000	0	0	0	0	0	0	0	0	0	0	0	0	0	0.000	0.000	0	0	0	0	0	0	0	0	0	0	0
185	185	1947	966.225	1236.195	292	564	658	333	58	253	793	597	248	26	708.596	12583	771	556	497	450	417	387	354	314	257	116	233.350	2488	252	218	202	190	179	169	159	150	139	107	1	80	971.634	1236.507	0	0	0	6177	0	0	0	424	0	0	0	1	80	969.595	1237.546	0	0	0	2720	0	0	0	1200	0	0	0
186	186	1715	321.484	1240.129	284	580	625	181	13	202	570	627	232	49	224.022	314	280	268	258	247	234	219	200	176	150	107	115.903	143	127	122	119	117	115	113	111	109	107	100	0	0	0.000	0.000	0	0	0	0	0	0	0	0	0	0	0	0	0	0.000	0.000	0	0	0	0	0	0	0	0	0	0	0
187	187	1565	782.978	1243.533	158	392	563	351	69	155	541	592	210	34	110.291	121	115	113	112	111	110	109	108	107	105	98	154.870	198	181	174	169	162	156	150	143	136	128	101	0	0	0.000	0.000	0	0	0	0	0	0	0	0	0	0	0	0	0	0.000	0.000	0	0	0	0	0	0	0	0	0	0	0
188	188	1710	1687.778	1244.720	375	561	489	233	25	314	578	529	186	72	108.484	123	114	113	111	110	108	107	106	105	103	96	225.369	327	291	277	263	250	233	213	194	174	147	108	0	0	0.000	0.000	0	0	0	0	0	0	0	0	0	0	0	0	0	0.000	0.000	0	0	0	0	0	0	0	0	0	0	0
189	189	781	369.175	1239.730	135	300	214	104	16	94	277	230	124	42	108.933	120	114	112	111	110	109	108	107	106	104	98	244.538	320	298	286	276	265	251	238	225	204	180	127	0	0	0.000	0.000	0	0	0	0	0	0	0	0	0	0	0	0	0	0.000	0.000	0	0	0	0	0	0	0	0	0	0	0
190	190	1863	94.275	1259.032	458	656	578	120	11	356	563	556	300	56	276.194	6059	235	204	192	184	176	168	161	151	135	106	146.236	695	160	151	146	143	139	135	130	125	115	100	1	60	77.886	1253.759	0	0	0	2707	0	0	0	369	0	0	0	1	47	77.546	1254.153	0	0	0	3177	0	0	0	398	0	0	0
191	191	1979	177.242	1265.474	345	821	643	120	12	244	679	681	289	50	147.063	189	167	161	157	153	149	145	140	134	123	100	139.323	174	157	152	148	144	140	137	132	127	119	101	0	0	0.000	0.000	0	0	0	0	0	0	0	0	0	0	0	0	0	0.000	0.000	0	0	0	0	0	0	0	0	0	0	0
192	192	2002	550.984	1274.219	461	903	516	80	9	201	676	746	293	44	292.387	7108	287	188	174	169	164	158	152	143	132	105	192.323	861	216	206	199	192	185	178	170	158	144	112	1	56	544.740	1264.721	0	0	0	3463	0	0	0	439	0	0	0	1	41	546.018	1264.195	0	0	0	2745	0	0	0	573	0	0	0
193	193	2467	1316.874	1280.233	623	1013	611	176	16	503	1014	574	246	81	112.279	130	119	117	115	114	113	111	110	108	105	99	107.385	130	114	111	109	107	106	106	105	104	103	95	0	0	0.000	0.000	0	0	0	0	0	0	0	0	0	0	0	0	0	0.000	0.000	0	0	0	0	0	0	0	0	0	0	0
194	194	1381	344.727	1281.793	190	271	455	354	86	172	390	487	218	71	250.509	342	308	296	284	274	263	248	232	207	167	105	121.839	184	145	127	123	120	118	116	114	111	108	100	0	0	0.000	0.000	0	0	0	0	0	0	0	0	0	0	0	1	81	350.397	1273.119	0	0	0	262	0	0	0	165	0	0	0
195	195	1552	296.539	1292.067	183	529	531	246	39	186	741	414	150	30	259.614	363	320	306	290	276	263	250	236	218	195	115	117.687	152	131	125	121	118	116	114	112	110	108	101	0	0	0.000	0.000	0	0	0	0	0	0	0	0	0	0	0	0	0	0.000	0.000	0	0	0	0	0	0	0	0	0	0	0
196	196	1267	1254.551	1295.513	212	502	386	121	26	142	273	494	220	112	510.941	729	643	606	584	559	541	514	463	401	330	178	131.363	157	145	141	138	135	132	129	126	122	116	103	0	0	0.000	0.000	0	0	0	0	0	0	0	0	0	0	0	0	0	0.000	0.000	0	0	0	0	0	0	0	0	0	0	0
197	197	1677	1153.672	1296.046	417	788	353	70	20	387	739	327	182	17	110.429	122	115	113	112	111	110	109	108	107	106	100	105.953	131	111	109	107	106	105	104	104	103	102	96	0	0	0.000	0.000	0	0	0	0	0	0	0	0	0	0	0	0	0	0.000	0.000	0	0	0	0	0	0	0	0	0	0	0
198	198	550	1026.722	1290.653	59	147	162	114	56	59	131	162	164	22	576.609	810	758	720	681	640	597	549	494	433	366	243	237.409	319	292	278	266	253	239	227	215	197	180	145	0	0	0.000	0.000	0	0	0	0	0	0	0	0	0	0	0	0	0	0.000	0.000	0	0	0	0	0	0	0	0	0	0	0
199	199	1132	1365.724	1298.097	344	562	172	18	9	101	475	346	171	23	112.012	126	118	116	115	113	112	111	109	108	106	99	105.272	118	110	107	106	106	105	104	104	103	102	96	0	0	0.000	0.000	0	0	0	0	0	0	0	0	0	0	0	0	0	0.000	0.000	0	0	0	0	0	0	0	0	0	0	0
200	200	798	202.001	1300.100	141	208	269	146	18	45	163	309	162	104	130.213	155	144	140	139	136	134	130	125	118	111	100	129.049	154	143	140	138	136	133	130	124	115	107	100	0	0	0.000	0.000	0	0	0	0	0	0	0	0	0	0	0	0	0	0.000	0.000	0	0	0	0	0	0	0	0	0	0	0
201	201	1056	75.939	1308.357	213	353	307	153	14	87	270	287	268	123	166.695	221	195	187	180	175	169	163	155	146	136	108	141.523	176	160	156	152	148	143	138	133	127	120	103	0	0	0.000	0.000	0	0	0	0	0	0	0	0	0	0	0	0	0	0.000	0.000	0	0	0	0	0	0	0	0	0	0	0
202	202	1216	1771.782	1311.343	200	377	433	156	24	181	443	360	177	25	115.177	134	122	120	118	117	116	114	112	110	107	99	108.209	133	117	111	109	108	107	106	105	104	103	95	0	0	0.000	0.000	0	0	0	0	0	0	0	0	0	0	0	0	0	0.000	0.000	0	0	0	0	0	0	0	0	0	0	0
203	203	1760	1821.820	1317.665	299	667	545	198	22	268	633	471	322	40	118.540	143	129	125	122	120	118	116	114	112	108	98	109.199	140	117	113	111	109	108	107	106	105	104	98	0	0	0.000	0.000	0	0	0	0	0	0	0	0	0	0	0	0	0	0.000	0.000	0	0	0	0	0	0	0	0	0	0	0
204	204	1649	509.134	1321.190	303	514	555	221	23	164	487	609	263	95	171.733	1248	186	176	171	166	161	156	149	142	133	107	177.836	295	215	207	197	186	177	168	159	149	139	114	1	29	503.574	1339.120	0	0	0	639	0	0	0	204	0	0	0	0	0	0.000	0.000	0	0	0	0	0	0	0	0	0	0	0
205	205	840	263.954	1323.997	170	285	280	87	8	116	302	238	137	29	231.375	335	296	283	268	254	240	225	208	186	143	107	115.488	144	124	121	119	117	115	113	112	110	107	93	0	0	0.000	0.000	0	0	0	0	0	0	0	0	0	0	0	0	0	0.000	0.000	0	0	0	0	0	0	0	0	0	0	0
206	206	1695	833.160	1334.353	240	612	601	183	26	140	551	736	204	35	118.562	140	124	122	121	120	118	117	116	115	113	104	105.824	118	109	108	107	106	106	105	104	104	102	97	0	0	0.000	0.000	0	0	0	0	0	0	0	0	0	0	0	0	0	0.000	0.000	0	0	0	0	0	0	0	0	0	0	0
207	207	2252	309.626	1345.229	350	757	755	305	42	212	593	867	401	123	163.378	222	196	188	181	174	167	160	151	140	121	99	201.640	288	261	245	232	217	202	187	174	159	142	110	0	0	0.000	0.000	0	0	0	0	0	0	0	0	0	0	0	0	0	0.000	0.000	0	0	0	0	0	0	0	0	0	0	0
208	208	2563	733.194	1348.492	653	885	745	228	13	519	778	814	304	93	4036.256	6308	5591	5086	4770	4546	4350	4023	3646	2987	1901	516	215.267	316	272	256	240	227	217	208	197	179	151	104	0	0	0.000	0.000	0	0	0	0	0	0	0	0	0	0	0	0	0	0.000	0.000	0	0	0	0	0	0	0	0	0	0	0
209	209	588	1415.232	1334.298	96	164	201	88	23	58	167	236	83	31	111.318	127	117	115	113	113	111	110	109	108	105	98	194.932	253	233	224	216	210	202	191	178	165	149	113	0	0	0.000	0.000	0	0	0	0	0	0	0	0	0	0	0	0	0	0.000	0.000	0	0	0	0	0	0	0	0	0	0	0
210	210	1448	1456.180	1344.808	186	495	568	161	11	158	532	478	233	15	112.888	129	118	117	115	114	113	112	111	109	107	99	200.735	280	246	234	221	211	200	190	181	170	157	115	0	0	0.000	0.000	0	0	0	0	0	0	0	0	0	0	0	0	0	0.000	0.000	0	0	0	0	0	0	0	0	0	0	0
211	211	1135	1108.717	1342.055	155	527	347	79	10	80	423	381	192	37	2084.104	3079	2855	2727	2594	2433	2260	2047	1779	1454	1000	344	188.143	250	229	221	212	204	195	185	172	156	134	106	0	0	0.000	0.000	0	0	0	0	0	0	0	0	0	0	0	0	0	0.000	0.000	0	0	0	0	0	0	0	0	0	0	0
212	212	2230	1659.993	1352.308	1919	171	67	42	24	1779	271	82	57	29	106.859	121	114	112	110	108	106	104	103	102	101	93	234.282	454	392	366	340	296	213	135	117	112	109	101	0	0	0.000	0.000	0	0	0	0	0	0	0	0	0	0	0	0	0	0.000	0.000	0	0	0	0	0	0	0	0	0	0	0
213	213	1625	95.507	1353.244	254	575	532	199	23	201	552	503	239	102	536.204	8547	812	314	237	217	205	194	181	168	151	115	203.869	1638	277	175	162	152	144	139	134	130	124	104	1	109	102.960	1354.540	0	0	0	3908	0	0	0	767	0	0	0	1	113	103.637	1354.686	0	0	0	3748	0	0	0	788	0	0	0
214	214	1556	1340.393	1361.258	135	454	624	291	31	117	558	542	238	76	302.127	405	366	349	336	326	314	297	276	249	221	149	112.800	142	125	119	115	112	110	109	108	107	105	99	0	0	0.000	0.000	0	0	0	0	0	0	0	0	0	0	0	0	0	0.000	0.000	0	0	0	0	0	0	0	0	0	0	0
215	215	2088	1505.565	1370.936	572	590	617	248	25	543	746	529	189	43	120.593	149	130	128	125	123	121	119	116	113	110	99	628.967	1088	925	851	755	669	619	580	513	430	327	166	0	0	0.000	0.000	0	0	0	0	0	0	0	0	0	0	0	0	0	0.000	0.000	0	0	0	0	0	0	0	0	0	0	0
216	216	1347	873.324	1378.020	256	535	397	110	16	188	643	322	157	14	118.416	149	126	123	121	119	118	117	115	114	112	104	105.888	115	110	108	107	106	106	105	104	104	103	98	0	0	0.000	0.000	0	0	0	0	0	0	0	0	0	0	0	0	0	0.000	0.000	0	0	0	0	0	0	0	0	0	0	0
217	217	505	1936.193	1365.842	102	145	127	81	43	80	148	162	88	13	162.234	214	182	176	172	167	163	159	154	148	141	120	185.848	245	220	208	199	193	188	181	175	165	151	118	0	0	0.000	0.000	0	0	0	0	0	0	0	0	0	0	0	0	0	0.000	0.000	0	0	0	0	0	0	0	0	0	0	0
218	218	1173	1411.079	1375.116	117	290	476	234	36	101	373	458	172	50	132.607	164	146	142	139	136	133	130	127	124	118	102	205.061	283	251	239	229	218	206	195	185	173	158	113	0	0	0.000	0.000	0	0	0	0	0	0	0	0	0	0	0	0	0	0.000	0.000	0	0	0	0	0	0	0	0	0	0	0
219	219	1795	135.680	1393.662	466	565	487	221	29	445	695	377	215	34	1958.813	24835	5414	983	373	254	228	212	200	183	163	110	480.606	4856	1091	325	219	200	192	185	177	165	146	113	1	231	139.432	1397.629	0	0	0	12237	0	0	0	2053	0	0	0	1	207	139.511	1397.652	0	0	0	13859	0	0	0	2307	0	0	0
220	220	2388	272.302	1392.244	400	697	803	390	48	336	793	809	381	28	509.052	13136	490	228	189	176	163	154	143	132	119	100	234.777	2284	257	229	214	199	184	170	155	141	127	102	1	108	261.597	1397.318	0	0	0	5981	0	0	0	1112	0	0	0	1	100	261.903	1396.895	0	0	0	6709	0	0	0	1236	0	0	0
221	221	1743	1062.675	1385.913	278	727	562	140	17	170	693	493	303	55	2412.083	3948	3287	3009	2792	2609	2475	2326	2142	1921	1426	351	189.016	271	234	219	208	197	187	177	169	162	149	111	0	0	0.000	0.000	0	0	0	0	0	0	0	0	0	0	0	0	0	0.000	0.000	0	0	0	0	0	0	0	0	0	0	0
222	222	1533	554.984	1396.698	130	393	518	373	92	119	654	572	150	12	479.373	6093	577	450	415	394	372	340	310	274	225	148	139.055	538	154	143	138	133	130	127	123	119	114	103	1	50	556.197	1385.528	0	0	0	3062	0	0	0	262	0	0	0	1	46	557.350	1385.977	0	0	0	3048	0	0	0	343	0	0	0
223	223	613	356.939	1394.631	293	126	92	58	37	215	136	120	102	29	134.604	183	161	153	147	142	135	129	122	113	108	97	251.465	464	374	325	303	282	256	228	194	156	130	107	0	0	0.000	0.000	0	0	0	0	0	0	0	0	0	0	0	0	0	0.000	0.000	0	0	0	0	0	0	0	0	0	0	0
224	224	768	1377.470	1403.703	162	281	270	30	8	105	300	218	118	19	109.608	121	114	113	112	111	110	109	108	106	105	99	154.979	194	177	172	168	162	159	152	146	138	127	103	0	0	0.000	0.000	0	0	0	0	0	0	0	0	0	0	0	0	0	0.000	0.000	0	0	0	0	0	0	0	0	0	0	0
225	225	1302	391.020	1413.278	430	529	248	62	13	200	522	336	178	48	207.231	1139	262	229	213	199	186	170	155	137	120	103	389.122	2694	550	454	414	370	338	295	236	175	135	102	1	52	391.628	1405.406	0	0	0	684	0	0	0	1730	0	0	0	1	56	391.713	1404.970	0	0	0	674	0	0	0	1667	0	0	0
226	226	630	1045.834	1430.315	127	186	194	98	16	76	205	176	115	47	1436.771	2282	1970	1817	1711	1600	1522	1447	1305	1097	683	238	162.097	203	189	183	179	173	168	160	152	140	124	105	0	0	0.000	0.000	0	0	0	0	0	0	0	0	0	0	0	0	0	0.000	0.000	0	0	0	0	0	0	0	0	0	0	0
227	227	1297	299.641	1440.452	163	466	448	179	11	59	308	524	301	86	157.993	199	181	175	170	165	160	154	148	141	132	113	200.441	270	242	233	225	214	205	193	182	167	151	119	0	0	0.000	0.000	0	0	0	0	0	0	0	0	0	0	0	0	0	0.000	0.000	0	0	0	0	0	0	0	0	0	0	0
228	228	1106	598.420	1436.530	174	393	354	141	20	114	281	337	254	99	117.514	133	125	122	121	119	117	116	114	113	111	105	196.842	259	236	223	212	205	197	189	180	172	160	121	0	0	0.000	0.000	0	0	0	0	0	0	0	0	0	0	0	0	0	0.000	0.000	0	0	0	0	0	0	0	0	0	0	0
229	229	1795	1699.624	1444.854	432	434	469	349	82	338	514	538	262	109	957.270	18309	1273	622	528	478	438	391	339	284	215	131	271.716	3702	350	208	181	169	161	153	146	134	124	103	1	86	1701.060	1445.605	0	0	0	8475	0	0	0	1793	0	0	0	1	94	1701.621	1445.340	0	0	0	8144	0	0	0	1745	0	0	0
230	230	1967	141.932	1448.804	417	815	551	127	17	253	725	617	273	58	110.160	134	116	113	112	111	110	109	108	106	105	99	146.503	184	164	159	156	152	148	144	140	136	125	103	0	0	0.000	0.000	0	0	0	0	0	0	0	0	0	0	0	0	0	0.000	0.000	0	0	0	0	0	0	0	0	0	0	0
231	231	1801	1487.977	1447.916	292	528	575	348	23	275	753	534	186	21	1140.747	19053	2042	533	315	248	221	203	189	176	148	107	229.374	2102	328	180	158	151	144	140	135	129	120	103	1	156	1492.055	1442.940	0	0	0	8874	0	0	0	923	0	0	0	1	138	1492.223	1443.080	0	0	0	10052	0	0	0	1044	0	0	0
232	232	1534	1327.243	1453.716	231	433	512	277	43	223	507	506	200	69	180.895	237	214	208	202	194	187	176	166	153	137	109	169.018	215	199	193	188	182	174	164	155	144	131	106	0	0	0.000	0.000	0	0	0	0	0	0	0	0	0	0	0	0	0	0.000	0.000	0	0	0	0	0	0	0	0	0	0	0
233	233	1457	250.896	1463.651	220	419	455	283	59	252	394	428	316	39	142.232	182	159	155	150	147	143	139	135	129	123	108	147.862	194	171	164	158	152	147	142	137	132	125	105	0	0	0.000	0.000	0	0	0	0	0	0	0	0	0	0	0	0	0	0.000	0.000	0	0	0	0	0	0	0	0	0	0	0
234	234	1435	1437.575	1466.411	149	372	521	317	40	140	356	629	246	44	195.095	259	232	223	215	208	199	191	180	167	151	113	141.162	187	165	157	150	145	140	135	131	126	119	103	0	0	0.000	0.000	0	0	0	0	0	0	0	0	0	0	0	0	0	0.000	0.000	0	0	0	0	0	0	0	0	0	0	0
235	235	1350	381.307	1465.838	482	439	324	69	10	410	513	293	106	13	462.892	847	746	673	592	517	464	415	348	247	162	110	107.104	117	111	110	109	108	107	106	105	104	103	98	0	0	0.000	0.000	0	0	0	0	0	0	0	0	0	0	0	0	0	0.000	0.000	0	0	0	0	0	0	0	0	0	0	0
236	236	1713	568.371	1472.398	788	689	172	20	9	563	756	247	94	25	547.286	10970	545	344	317	301	288	273	254	235	215	136	205.486	1866	213	184	177	171	165	160	155	147	137	110	1	73	565.399	1456.285	0	0	0	5158	0	0	0	895	0	0	0	1	66	565.403	1456.641	0	0	0	5560	0	0	0	986	0	0	0
237	237	1327	1626.806	1476.604	393	351	300	200	65	437	437	225	141	61	106.695	121	111	109	108	107	107	106	105	104	103	98	107.838	124	112	110	109	108	108	107	106	105	104	98	0	0	0.000	0.000	0	0	0	0	0	0	0	0	0	0	0	1	16	1615.256	1475.401	0	0	0	110	0	0	0	115	0	0	0
238	238	1593	618.977	1483.540	244	690	547	87	7	138	637	585	165	35	119.521	136	127	124	123	121	120	118	117	115	112	103	222.281	299	268	255	245	234	223	212	201	190	176	122	0	0	0.000	0.000	0	0	0	0	0	0	0	0	0	0	0	0	0	0.000	0.000	0	0	0	0	0	0	0	0	0	0	0
239	239	2157	1722.662	1493.036	422	555	665	413	60	387	645	732	310	37	399.137	618	523	494	473	450	418	381	346	300	243	123	159.844	218	194	184	175	166	159	151	144	137	127	106	0	0	0.000	0.000	0	0	0	0	0	0	0	0	0	0	0	0	0	0.000	0.000	0	0	0	0	0	0	0	0	0	0	0
240	240	1862	163.951	1502.244	385	631	563	221	20	302	631	573	274	47	107.619	119	112	110	109	108	108	107	106	105	103	97	139.270	172	155	151	147	144	141	137	134	128	120	96	0	0	0.000	0.000	0	0	0	0	0	0	0	0	0	0	0	0	0	0.000	0.000	0	0	0	0	0	0	0	0	0	0	0
241	241	1881	1539.523	1505.013	608	511	466	241	34	559	747	419	107	9	119.633	140	129	127	125	123	121	119	116	112	107	98	755.895	1359	1188	1110	1006	901	807	718	564	368	193	123	0	0	0.000	0.000	0	0	0	0	0	0	0	0	0	0	0	0	0	0.000	0.000	0	0	0	0	0	0	0	0	0	0	0
242	242	1251	664.127	1505.190	119	517	424	155	11	80	424	523	164	29	120.218	138	129	126	124	123	121	119	117	114	110	101	211.573	269	249	239	230	223	216	209	201	186	162	125	0	0	0.000	0.000	0	0	0	0	0	0	0	0	0	0	0	0	0	0.000	0.000	0	0	0	0	0	0	0	0	0	0	0
243	243	1474	249.585	1512.241	239	399	462	264	93	201	573	440	185	44	354.783	7230	460	224	173	154	147	143	138	133	125	106	166.290	745	190	168	162	157	152	147	141	136	128	108	1	70	253.096	1499.699	0	0	0	3087	0	0	0	416	0	0	0	1	52	253.286	1499.570	0	0	0	4132	0	0	0	471	0	0	0
244	244	1344	999.740	1516.065	465	376	346	107	26	534	475	238	67	12	110.420	128	117	115	113	112	110	109	107	106	104	96	488.397	777	680	635	595	558	519	477	411	319	238	140	0	0	0.000	0.000	0	0	0	0	0	0	0	0	0	0	0	0	0	0.000	0.000	0	0	0	0	0	0	0	0	0	0	0
245	245	1978	117.824	1529.247	271	512	643	399	106	283	745	617	259	33	334.006	6920	324	252	231	220	211	200	190	177	160	114	195.089	1278	221	199	188	181	175	169	162	152	139	113	1	60	117.976	1537.728	0	0	0	3399	0	0	0	409	0	0	0	1	54	119.356	1538.722	0	0	0	2069	0	0	0	729	0	0	0
246	246	2197	1597.418	1535.147	640	692	514	269	47	584	808	523	202	47	112.020	143	124	118	115	112	110	108	107	105	103	96	156.384	251	196	183	172	163	156	147	139	128	114	102	0	0	0.000	0.000	0	0	0	0	0	0	0	0	0	0	0	0	0	0.000	0.000	0	0	0	0	0	0	0	0	0	0	0
247	247	757	847.119	1530.779	53	199	219	184	85	72	210	257	159	50	110.120	123	116	114	112	111	110	109	108	106	105	97	219.707	301	267	258	247	233	223	212	200	183	162	121	0	0	0.000	0.000	0	0	0	0	0	0	0	0	0	0	0	0	0	0.000	0.000	0	0	0	0	0	0	0	0	0	0	0
248	248	2308	630.314	1543.366	403	630	740	466	36	249	507	772	495	246	120.979	144	131	128	126	124	122	120	117	114	109	100	217.999	302	264	255	246	238	229	217	201	178	149	108	0	0	0.000	0.000	0	0	0	0	0	0	0	0	0	0	0	0	0	0.000	0.000	0	0	0	0	0	0	0	0	0	0	0
249	249	770	196.389	1533.759	186	254	201	103	12	139	297	210	86	24	147.073	175	161	157	154	151	149	146	143	138	130	109	158.534	194	177	172	168	165	161	157	151	145	137	107	0	0	0.000	0.000	0	0	0	0	0	0	0	0	0	0	0	0	0	0.000	0.000	0	0	0	0	0	0	0	0	0	0	0
250	250	1892	494.588	1550.595	371	550	562	285	88	417	643	613	133	54	109.005	122	113	112	111	110	109	108	107	106	104	99	152.285	189	173	168	163	159	154	149	142	136	130	106	0	0	0.000	0.000	0	0	0	0	0	0	0	0	0	0	0	0	0	0.000	0.000	0	0	0	0	0	0	0	0	0	0	0
251	251	2525	227.497	1568.402	528	1052	761	115	10	331	954	887	264	29	458.421	11993	427	230	192	177	170	163	155	144	131	104	225.864	2644	242	196	183	175	169	162	155	143	128	104	1	99	223.036	1573.183	0	0	0	5866	0	0	0	1372	0	0	0	1	108	222.876	1573.524	0	0	0	5420	0	0	0	1224	0	0	0
252	252	1911	826.132	1573.076	344	656	604	229	45	305	720	523	253	74	112.645	127	118	116	115	114	113	112	111	109	107	97	248.484	358	305	290	277	264	249	237	225	213	189	127	0	0	0.000	0.000	0	0	0	0	0	0	0	0	0	0	0	0	0	0.000	0.000	0	0	0	0	0	0	0	0	0	0	0
253	253	3622	97.399	1595.926	737	1469	983	358	37	559	1511	971	456	57	279.132	9280	224	197	188	182	177	172	166	158	137	104	176.601	1547	189	178	173	169	164	158	151	143	127	103	1	70	102.321	1621.352	0	0	0	4228	0	0	0	749	0	0	0	1	74	103.058	1621.623	0	0	0	3590	0	0	0	782	0	0	0
254	254	1522	1697.997	1580.109	311	660	470	43	14	188	554	466	217	57	121.491	147	132	128	126	123	121	119	117	115	112	102	159.934	200	181	175	171	168	163	159	152	143	132	109	0	0	0.000	0.000	0	0	0	0	0	0	0	0	0	0	0	0	0	0.000	0.000	0	0	0	0	0	0	0	0	0	0	0
255	255	1431	355.568	1583.841	213	564	443	161	15	150	604	415	194	38	202.512	273	245	233	225	218	209	200	186	169	148	113	228.276	322	283	274	262	248	233	218	202	184	162	122	0	0	0.000	0.000	0	0	0	0	0	0	0	0	0	0	0	0	0	0.000	0.000	0	0	0	0	0	0	0	0	0	0	0
256	256	836	539.185	1581.620	174	267	247	112	20	93	196	249	213	75	191.974	261	229	217	209	201	194	188	178	167	150	119	138.614	165	155	151	147	144	140	136	131	127	120	106	0	0	0.000	0.000	0	0	0	0	0	0	0	0	0	0	0	0	0	0.000	0.000	0	0	0	0	0	0	0	0	0	0	0
257	257	705	1567.450	1581.129	126	179	190	171	30	82	165	203	176	68	152.518	188	170	165	161	158	155	150	146	139	132	110	129.967	160	144	138	135	132	130	127	124	122	118	107	0	0	0.000	0.000	0	0	0	0	0	0	0	0	0	0	0	0	0	0.000	0.000	0	0	0	0	0	0	0	0	0	0	0
258	258	884	1647.248	1589.636	327	230	215	74	26	258	209	200	157	48	111.406	125	117	115	113	112	111	110	109	108	106	97	142.977	175	158	154	151	148	145	142	139	132	122	109	0	0	0.000	0.000	0	0	0	0	0	0	0	0	0	0	0	0	0	0.000	0.000	0	0	0	0	0	0	0	0	0	0	0
259	259	1243	270.447	1608.467	385	321	280	173	59	341	432	280	151	26	114.080	133	122	119	117	116	114	113	111	109	106	100	213.001	341	291	273	255	240	228	205	171	138	117	103	0	0	0.000	0.000	0	0	0	0	0	0	0	0	0	0	0	0	0	0.000	0.000	0	0	0	0	0	0	0	0	0	0	0
260	260	1950	869.577	1610.766	367	675	601	237	33	117	689	716	282	107	108.766	122	113	112	111	110	109	108	107	106	104	96	212.947	333	273	250	232	218	208	199	190	179	162	115	0	0	0.000	0.000	0	0	0	0	0	0	0	0	0	0	0	0	0	0.000	0.000	0	0	0	0	0	0	0	0	0	0	0
261	261	1068	145.286	1611.469	61	357	415	179	41	60	469	365	127	28	168.488	207	190	184	180	176	171	166	160	152	141	119	163.379	195	183	178	174	171	166	162	156	149	139	116	0	0	0.000	0.000	0	0	0	0	0	0	0	0	0	0	0	0	0	0.000	0.000	0	0	0	0	0	0	0	0	0	0	0
262	262	2843	1054.170	1628.435	494	769	884	550	98	481	935	915	401	52	111.926	125	118	116	115	113	112	111	109	108	105	98	257.592	386	327	313	300	283	264	246	227	206	166	115	0	0	0.000	0.000	0	0	0	0	0	0	0	0	0	0	0	0	0	0.000	0.000	0	0	0	0	0	0	0	0	0	0	0
263	263	1874	1378.966	1627.647	463	795	458	96	26	259	834	466	246	29	464.649	711	585	551	526	503	480	453	415	374	321	171	119.384	146	131	127	124	121	118	116	114	112	109	101	0	0	0.000	0.000	0	0	0	0	0	0	0	0	0	0	0	0	0	0.000	0.000	0	0	0	0	0	0	0	0	0	0	0
264	264	1570	483.969	1630.042	327	605	449	137	17	273	733	442	77	10	118.627	139	127	124	122	121	119	117	115	113	109	101	105.367	116	109	108	107	106	105	104	104	103	102	98	0	0	0.000	0.000	0	0	0	0	0	0	0	0	0	0	0	0	0	0.000	0.000	0	0	0	0	0	0	0	0	0	0	0
265	265	755	1101.002	1629.978	269	176	180	106	14	184	204	195	120	39	111.885	130	120	116	114	113	111	110	109	107	105	100	256.686	408	357	319	292	270	251	234	215	196	171	131	0	0	0.000	0.000	0	0	0	0	0	0	0	0	0	0	0	0	0	0.000	0.000	0	0	0	0	0	0	0	0	0	0	0
266	266	923	534.859	1630.627	210	305	329	46	15	128	211	273	207	83	115.972	133	124	122	120	118	116	115	113	111	107	97	104.676	114	108	107	106	105	105	104	103	103	102	97	0	0	0.000	0.000	0	0	0	0	0	0	0	0	0	0	0	0	0	0.000	0.000	0	0	0	0	0	0	0	0	0	0	0
267	267	1381	821.394	1637.526	236	451	484	167	25	158	380	539	208	73	108.846	123	113	112	111	110	109	108	107	106	104	99	215.592	341	280	257	243	227	213	199	187	175	160	118	0	0	0.000	0.000	0	0	0	0	0	0	0	0	0	0	0	0	0	0.000	0.000	0	0	0	0	0	0	0	0	0	0	0
268	268	3155	144.547	1670.820	1129	1419	508	33	10	622	1178	923	331	45	1006.575	22067	1098	334	240	211	199	190	178	160	136	100	336.154	4917	389	213	193	181	173	165	156	146	129	102	1	203	137.051	1675.599	0	0	0	10441	0	0	0	2227	0	0	0	1	192	137.204	1675.581	0	0	0	11551	0	0	0	2430	0	0	0
269	269	982	301.970	1658.590	84	281	316	225	58	43	273	439	161	48	872.186	1249	1161	1110	1063	1005	919	825	744	633	495	204	111.124	130	119	116	114	112	110	109	108	106	104	99	0	0	0.000	0.000	0	0	0	0	0	0	0	0	0	0	0	0	0	0.000	0.000	0	0	0	0	0	0	0	0	0	0	0
270	270	1550	1286.677	1679.208	331	739	383	60	9	318	800	316	76	10	108.899	119	113	112	111	110	109	108	107	106	104	98	195.441	265	243	233	223	211	200	185	170	158	143	107	0	0	0.000	0.000	0	0	0	0	0	0	0	0	0	0	0	0	0	0.000	0.000	0	0	0	0	0	0	0	0	0	0	0
271	271	1841	1166.072	1677.663	275	661	609	230	37	229	740	527	270	43	366.931	8826	353	230	212	200	192	183	175	162	148	109	220.041	1043	264	242	228	218	208	199	190	174	140	103	1	62	1156.837	1674.011	0	0	0	4032	0	0	0	367	0	0	0	1	42	1157.102	1675.619	0	0	0	3575	0	0	0	772	0	0	0
272	272	2024	1062.814	1690.005	344	682	735	193	29	239	605	812	284	56	113.341	131	120	118	116	115	114	112	111	109	106	98	274.892	410	363	335	312	294	276	258	239	221	189	115	0	0	0.000	0.000	0	0	0	0	0	0	0	0	0	0	0	0	0	0.000	0.000	0	0	0	0	0	0	0	0	0	0	0
273	273	1163	1215.300	1688.574	145	436	417	133	8	91	362	436	168	86	173.290	227	203	196	190	183	176	169	160	151	139	109	207.422	284	257	244	234	222	210	198	186	171	155	108	0	0	0.000	0.000	0	0	0	0	0	0	0	0	0	0	0	0	0	0.000	0.000	0	0	0	0	0	0	0	0	0	0	0
274	274	2018	420.403	1692.390	290	832	617	222	20	156	517	907	328	75	111.356	129	116	114	113	112	111	110	109	108	107	100	112.759	134	122	118	116	113	112	110	109	107	106	99	0	0	0.000	0.000	0	0	0	0	0	0	0	0	0	0	0	0	0	0.000	0.000	0	0	0	0	0	0	0	0	0	0	0
275	275	1648	1007.433	1702.753	494	539	385	175	30	438	600	332	184	68	444.429	697	587	539	497	469	446	421	399	373	304	131	109.093	121	114	112	111	110	109	108	107	106	104	99	0	0	0.000	0.000	0	0	0	0	0	0	0	0	0	0	0	0	0	0.000	0.000	0	0	0	0	0	0	0	0	0	0	0
276	276	1949	1131.654	1721.683	295	663	720	228	13	224	693	692	268	32	271.140	5864	270	204	191	180	171	164	156	148	138	108	212.329	623	273	253	237	222	207	192	179	166	150	102	1	54	1118.136	1721.226	0	0	0	2672	0	0	0	299	0	0	0	1	22	1119.359	1722.778	0	0	0	2132	0	0	0	519	0	0	0
277	277	2014	1841.057	1719.347	308	679	566	344	78	256	756	660	245	70	115.231	151	125	120	117	115	114	112	111	110	108	101	110.272	134	116	113	112	111	110	109	108	107	105	100	0	0	0.000	0.000	0	0	0	0	0	0	0	0	0	0	0	0	0	0.000	0.000	0	0	0	0	0	0	0	0	0	0	0
278	278	1645	210.039	1721.435	473	830	268	41	8	170	679	496	216	36	399.791	6457	401	326	309	297	285	274	256	232	203	140	170.597	1086	187	168	161	155	149	144	140	136	131	109	1	54	207.984	1734.365	0	0	0	2853	0	0	0	433	0	0	0	1	56	209.000	1733.408	0	0	0	2271	0	0	0	586	0	0	0
279	279	947	1311.069	1718.506	161	304	299	140	27	102	384	258	156	36	108.882	119	113	112	111	110	109	108	107	106	105	99	199.536	281	248	233	220	207	197	188	181	173	155	118	0	0	0.000	0.000	0	0	0	0	0	0	0	0	0	0	0	0	0	0.000	0.000	0	0	0	0	0	0	0	0	0	0	0
280	280	2070	133.708	1731.306	400	722	649	245	24	294	763	676	277	23	216.909	3005	225	198	191	185	180	174	166	156	142	108	185.243	680	215	207	198	189	180	171	162	155	142	110	1	45	135.357	1744.251	0	0	0	1306	0	0	0	421	0	0	0	1	28	135.374	1744.261	0	0	0	1838	0	0	0	494	0	0	0
281	281	1958	1261.629	1733.677	333	783	562	211	34	198	575	704	345	108	109.460	123	114	112	111	110	109	109	108	106	105	98	216.825	307	271	257	243	228	214	202	192	184	167	118	0	0	0.000	0.000	0	0	0	0	0	0	0	0	0	0	0	0	0	0.000	0.000	0	0	0	0	0	0	0	0	0	0	0
282	282	1307	389.814	1733.985	259	391	423	185	31	181	389	382	273	52	114.849	198	121	118	116	115	114	113	112	110	109	103	111.306	129	119	115	113	112	111	109	108	107	106	101	0	0	0.000	0.000	0	0	0	0	0	0	0	0	0	0	0	0	0	0.000	0.000	0	0	0	0	0	0	0	0	0	0	0
283	283	1491	1414.813	1743.164	298	633	416	95	23	190	601	429	183	62	322.964	6864	361	212	186	176	169	163	155	146	131	104	192.675	783	227	211	202	194	184	174	165	152	137	105	1	57	1421.811	1752.445	0	0	0	2871	0	0	0	441	0	0	0	1	41	1421.616	1752.065	0	0	0	3692	0	0	0	512	0	0	0
284	284	1624	601.148	1740.177	274	486	481	318	33	150	400	648	262	125	304.690	426	375	363	351	340	324	301	275	238	202	128	108.913	124	114	112	111	110	109	108	107	106	104	98	0	0	0.000	0.000	0	0	0	0	0	0	0	0	0	0	0	0	0	0.000	0.000	0	0	0	0	0	0	0	0	0	0	0
285	285	814	437.865	1738.047	189	267	241	78	24	204	290	202	84	20	306.830	525	437	390	360	331	302	275	250	220	189	130	106.260	116	110	108	108	107	106	105	105	104	103	97	0	0	0.000	0.000	0	0	0	0	0	0	0	0	0	0	0	0	0	0.000	0.000	0	0	0	0	0	0	0	0	0	0	0
286	286	1750	700.979	1756.020	307	610	592	193	17	189	522	643	289	76	113.191	126	119	117	116	114	113	112	111	110	108	100	268.666	423	352	327	309	292	273	249	230	207	181	127	0	0	0.000	0.000	0	0	0	0	0	0	0	0	0	0	0	0	0	0.000	0.000	0	0	0	0	0	0	0	0	0	0	0
287	287	1610	256.383	1758.605	291	562	443	256	33	203	570	427	241	131	478.730	7086	576	411	376	358	342	317	290	261	222	137	174.807	1023	207	178	168	162	154	147	139	133	126	107	1	51	256.973	1754.737	0	0	0	3810	0	0	0	529	0	0	0	1	60	257.891	1753.655	0	0	0	1995	0	0	0	577	0	0	0
288	288	1114	206.157	1766.252	164	432	365	105	16	76	425	350	166	74	320.919	438	396	378	362	345	330	315	298	269	229	127	157.875	205	184	179	173	166	159	153	147	138	128	105	0	0	0.000	0.000	0	0	0	0	0	0	0	0	0	0	0	0	0	0.000	0.000	0	0	0	0	0	0	0	0	0	0	0
289	289	621	1147.316	1767.279	116	218	206	55	18	76	205	203	99	30	145.862	175	164	160	157	153	151	146	141	131	119	102	184.847	237	216	209	202	195	189	184	176	165	147	106	0	0	0.000	0.000	0	0	0	0	0	0	0	0	0	0	0	0	0	0.000	0.000	0	0	0	0	0	0	0	0	0	0	0
290	290	1302	1382.557	1777.333	231	412	411	184	33	144	398	411	218	112	159.079	216	190	182	176	169	162	154	146	136	121	103	175.505	249	226	213	200	187	175	163	152	141	125	104	0	0	0.000	0.000	0	0	0	0	0	0	0	0	0	0	0	0	0	0.000	0.000	0	0	0	0	0	0	0	0	0	0	0
291	291	1912	514.830	1780.493	451	745	529	136	12	300	766	490	242	82	111.916	124	117	116	114	113	112	111	110	108	106	98	221.395	326	289	275	259	238	222	204	187	170	152	112	0	0	0.000	0.000	0	0	0	0	0	0	0	0	0	0	0	0	0	0.000	0.000	0	0	0	0	0	0	0	0	0	0	0
292	292	1245	1879.673	1779.531	227	426	341	195	30	216	495	372	123	11	178.055	239	210	201	193	185	176	169	163	157	147	120	175.696	228	205	197	190	183	176	169	163	156	147	111	0	0	0.000	0.000	0	0	0	0	0	0	0	0	0	0	0	0	0	0.000	0.000	0	0	0	0	0	0	0	0	0	0	0
293	293	1834	878.042	1789.446	1011	411	307	77	9	755	403	279	243	115	173.617	443	257	232	208	182	157	138	127	118	113	103	109.026	131	116	113	111	110	108	107	106	105	103	97	0	0	0.000	0.000	0	0	0	0	0	0	0	0	0	0	0	0	0	0.000	0.000	0	0	0	0	0	0	0	0	0	0	0
294	294	1049	950.516	1783.625	515	345	150	20	7	419	304	209	91	17	142.111	204	166	156	149	144	140	137	133	129	122	101	453.077	3624	594	522	467	418	385	362	334	297	216	122	0	0	0.000	0.000	0	0	0	0	0	0	0	0	0	0	0	1	39	955.721	1772.518	0	0	0	157	0	0	0	1995	0	0	0
295	295	995	735.037	1792.910	98	333	310	191	49	105	440	281	128	20	116.611	160	125	121	119	117	116	114	113	111	109	100	235.099	315	292	282	273	260	244	225	208	188	164	117	0	0	0.000	0.000	0	0	0	0	0	0	0	0	0	0	0	0	0	0.000	0.000	0	0	0	0	0	0	0	0	0	0	0
296	296	1680	182.506	1805.924	262	543	519	290	42	207	621	474	299	47	715.795	1150	980	905	860	801	735	670	599	520	408	208	110.286	127	118	115	113	111	110	109	107	106	104	96	0	0	0.000	0.000	0	0	0	0	0	0	0	0	0	0	0	0	0	0.000	0.000	0	0	0	0	0	0	0	0	0	0	0
297	297	1780	238.126	1811.465	694	783	219	34	25	569	811	287	56	27	799.880	1304	1063	971	904	847	784	732	686	641	567	162	112.931	132	120	117	115	114	113	111	110	108	106	97	0	0	0.000	0.000	0	0	0	0	0	0	0	0	0	0	0	0	0	0.000	0.000	0	0	0	0	0	0	0	0	0	0	0
298	298	2061	292.007	1823.528	289	732	700	266	39	208	951	685	155	21	390.654	9848	405	220	196	187	181	175	169	161	149	118	218.726	1085	252	237	227	216	206	194	185	174	155	112	1	71	296.204	1804.141	0	0	0	4443	0	0	0	587	0	0	0	1	50	296.256	1804.116	0	0	0	5987	0	0	0	720	0	0	0
299	299	1697	547.162	1824.283	321	454	533	332	24	314	462	434	353	99	109.472	122	115	113	112	111	110	108	107	106	104	98	191.097	273	234	226	219	212	206	195	179	147	117	99	0	0	0.000	0.000	0	0	0	0	0	0	0	0	0	0	0	0	0	0.000	0.000	0	0	0	0	0	0	0	0	0	0	0
300	300	1700	1901.927	1826.756	264	706	533	147	20	195	718	539	190	21	225.998	2023	255	233	223	214	207	201	194	183	164	122	203.964	870	239	227	219	211	202	193	182	171	156	113	1	30	1891.273	1820.277	0	0	0	966	0	0	0	392	0	0	0	1	17	1890.903	1818.153	0	0	0	491	0	0	0	583	0	0	0
301	301	1390	931.851	1830.475	314	554	396	84	15	193	505	401	235	29	512.914	741	635	608	582	561	541	511	468	412	337	206	163.946	225	195	187	179	172	165	159	153	144	125	104	0	0	0.000	0.000	0	0	0	0	0	0	0	0	0	0	0	0	0	0.000	0.000	0	0	0	0	0	0	0	0	0	0	0
302	302	2529	452.198	1845.437	723	1238	480	41	6	556	1177	673	61	15	1315.923	2161	1807	1686	1578	1487	1379	1256	1152	1012	665	198	170.854	234	208	199	189	179	171	162	154	146	133	108	0	0	0.000	0.000	0	0	0	0	0	0	0	0	0	0	0	0	0	0.000	0.000	0	0	0	0	0	0	0	0	0	0	0
303	303	754	1392.417	1844.700	371	165	141	54	16	260	241	174	57	12	144.731	205	175	166	161	154	148	139	129	120	110	100	351.347	613	488	462	433	403	369	328	284	231	183	117	0	0	0.000	0.000	0	0	0	0	0	0	0	0	0	0	0	0	0	0.000	0.000	0	0	0	0	0	0	0	0	0	0	0
304	304	909	207.942	1849.472	289	392	148	52	11	132	309	265	150	33	592.749	846	751	701	677	651	621	587	548	484	386	163	109.358	123	114	113	111	110	109	108	107	106	104	99	0	0	0.000	0.000	0	0	0	0	0	0	0	0	0	0	0	0	0	0.000	0.000	0	0	0	0	0	0	0	0	0	0	0
305	305	1725	827.476	1855.211	277	709	580	111	11	130	313	793	330	126	600.971	925	780	741	704	667	623	580	528	470	378	169	159.095	301	186	176	170	164	158	152	146	139	129	107	0	0	0.000	0.000	0	0	0	0	0	0	0	0	0	0	0	0	0	0.000	0.000	0	0	0	0	0	0	0	0	0	0	0
306	306	2745	1869.824	1868.284	401	782	1091	353	43	313	764	1025	497	84	1307.589	22865	2059	538	333	293	275	261	243	214	174	114	524.692	5220	696	415	380	359	342	323	296	253	203	125	1	222	1877.756	1866.670	0	0	0	10927	0	0	0	2466	0	0	0	1	196	1877.568	1866.313	0	0	0	12368	0	0	0	2766	0	0	0
307	307	1879	971.513	1859.619	380	598	568	264	44	270	605	601	307	69	1281.470	19797	1899	791	636	574	529	493	451	386	302	149	376.300	5150	526	245	203	184	171	161	153	145	133	109	1	128	971.076	1852.955	0	0	0	9463	0	0	0	2369	0	0	0	1	128	971.659	1853.330	0	0	0	9330	0	0	0	2553	0	0	0
308	308	1299	1244.113	1870.845	718	307	133	92	31	696	365	139	66	15	115.793	142	126	122	119	118	115	113	111	109	107	99	206.888	293	260	248	236	224	210	197	187	171	142	103	0	0	0.000	0.000	0	0	0	0	0	0	0	0	0	0	0	0	0	0.000	0.000	0	0	0	0	0	0	0	0	0	0	0
309	309	1881	1610.490	1876.721	583	705	450	99	16	392	684	512	238	21	362.938	600	483	433	396	377	359	346	331	310	241	119	161.194	217	189	181	174	168	162	157	152	145	127	104	0	0	0.000	0.000	0	0	0	0	0	0	0	0	0	0	0	0	0	0.000	0.000	0	0	0	0	0	0	0	0	0	0	0
310	310	2154	875.860	1880.821	267	806	778	246	20	208	734	762	329	78	680.328	10053	707	594	557	514	483	449	403	344	272	138	170.677	1444	182	156	149	144	139	135	131	126	119	103	1	82	877.830	1890.600	0	0	0	5119	0	0	0	780	0	0	0	1	89	878.197	1890.389	0	0	0	4874	0	0	0	742	0	0	0
311	311	1769	369.467	1881.442	294	767	550	106	18	185	699	610	200	36	1770.071	2835	2563	2345	2143	1947	1783	1633	1425	1215	957	432	157.037	206	186	180	174	167	159	151	142	132	125	105	0	0	0.000	0.000	0	0	0	0	0	0	0	0	0	0	0	0	0	0.000	0.000	0	0	0	0	0	0	0	0	0	0	0
312	312	1721	570.991	1888.731	393	584	532	164	19	244	501	573	325	46	113.919	133	121	119	118	116	114	113	111	108	106	98	134.358	181	155	147	142	138	135	130	126	120	113	99	0	0	0.000	0.000	0	0	0	0	0	0	0	0	0	0	0	0	0	0.000	0.000	0	0	0	0	0	0	0	0	0	0	0
313	313	1856	1287.782	1893.195	797	386	300	262	81	747	484	347	200	51	115.636	135	124	121	120	118	116	114	112	110	106	99	193.268	371	231	221	213	206	199	188	175	162	141	108	0	0	0.000	0.000	0	0	0	0	0	0	0	0	0	0	0	0	0	0.000	0.000	0	0	0	0	0	0	0	0	0	0	0
314	314	2271	426.543	1902.517	609	1146	393	57	32	533	1249	382	47	26	117.895	154	126	122	121	119	118	116	115	113	111	101	318.491	475	406	383	360	341	326	310	293	266	211	123	0	0	0.000	0.000	0	0	0	0	0	0	0	0	0	0	0	0	0	0.000	0.000	0	0	0	0	0	0	0	0	0	0	0
315	315	1114	616.120	1893.996	161	287	339	236	74	128	425	327	166	52	112.904	130	118	117	115	114	113	112	111	109	107	97	131.377	163	144	140	137	135	133	130	127	123	116	101	0	0	0.000	0.000	0	0	0	0	0	0	0	0	0	0	0	0	0	0.000	0.000	0	0	0	0	0	0	0	0	0	0	0
316	316	1791	280.625	1925.049	298	573	568	282	27	208	507	602	376	63	1662.796	2451	2228	2111	2006	1880	1740	1619	1460	1236	918	383	158.556	210	186	179	172	166	160	154	148	140	128	105	0	0	0.000	0.000	0	0	0	0	0	0	0	0	0	0	0	0	0	0.000	0.000	0	0	0	0	0	0	0	0	0	0	0
317	317	1322	1624.380	1927.965	287	426	386	176	30	179	355	404	305	63	278.929	384	328	315	307	297	287	276	267	251	211	117	157.580	214	183	175	168	164	159	154	148	142	130	103	0	0	0.000	0.000	0	0	0	0	0	0	0	0	0	0	0	0	0	0.000	0.000	0	0	0	0	0	0	0	0	0	0	0
318	318	1698	1230.433	1941.597	553	385	382	309	46	426	555	403	202	88	114.019	136	123	120	118	116	114	112	110	108	105	98	113.478	143	126	120	115	113	111	110	109	107	105	97	0	0	0.000	0.000	0	0	0	0	0	0	0	0	0	0	0	0	0	0.000	0.000	0	0	0	0	0	0	0	0	0	0	0
319	319	1117	460.124	1942.068	89	300	450	224	34	73	469	394	136	23	109.649	119	114	113	111	111	110	109	108	107	105	98	177.968	233	206	198	191	183	177	172	166	160	151	119	0	0	0.000	0.000	0	0	0	0	0	0	0	0	0	0	0	0	0	0.000	0.000	0	0	0	0	0	0	0	0	0	0	0
320	320	1481	1668.451	1944.505	909	228	181	129	22	695	332	244	156	28	707.538	1125	970	891	845	788	744	680	606	504	394	177	181.276	243	215	204	197	191	185	178	169	157	143	107	0	0	0.000	0.000	0	0	0	0	0	0	0	0	0	0	0	0	0	0.000	0.000	0	0	0	0	0	0	0	0	0	0	0
321	321	820	927.452	1941.436	161	264	249	125	11	107	322	227	137	19	320.857	438	386	374	365	355	342	320	294	258	221	142	143.135	174	161	157	153	149	145	141	135	130	122	106	0	0	0.000	0.000	0	0	0	0	0	0	0	0	0	0	0	0	0	0.000	0.000	0	0	0	0	0	0	0	0	0	0	0
322	322	1027	1147.615	1948.947	401	227	202	130	55	338	302	235	95	47	113.654	141	125	121	118	115	113	111	108	106	104	96	841.255	1665	1401	1213	1061	959	866	751	577	429	282	152	0	0	0.000	0.000	0	0	0	0	0	0	0	0	0	0	0	0	0	0.000	0.000	0	0	0	0	0	0	0	0	0	0	0
323	323	1891	742.250	1957.590	402	660	571	198	28	367	732	505	201	35	367.570	9078	302	229	216	209	202	196	188	177	162	124	254.791	918	313	294	277	260	246	232	219	207	182	129	1	60	723.295	1956.897	0	0	0	3844	0	0	0	534	0	0	0	1	26	723.997	1955.470	0	0	0	4556	0	0	0	705	0	0	0
324	324	1318	426.177	1968.160	517	521	176	69	20	426	554	188	111	20	208.020	3382	237	159	145	137	133	129	126	122	117	103	245.402	475	293	277	267	256	246	235	224	209	191	120	1	50	424.924	1955.998	0	0	0	1503	0	0	0	361	0	0	0	0	0	0.000	0.000	0	0	0	0	0	0	0	0	0	0	0
325	325	591	1616.855	1966.083	116	229	168	63	7	75	176	205	106	22	247.195	354	319	296	279	264	249	233	221	202	176	114	158.633	209	189	180	173	167	162	155	147	136	123	105	0	0	0.000	0.000	0	0	0	0	0	0	0	0	0	0	0	0	0	0.000	0.000	0	0	0	0	0	0	0	0	0	0	0
326	326	1388	1718.339	1981.963	237	478	421	182	36	157	424	499	226	53	696.121	1069	893	820	784	758	725	683	642	565	441	197	113.852	132	121	119	117	115	113	112	110	109	107	100	0	0	0.000	0.000	0	0	0	0	0	0	0	0	0	0	0	0	0	0.000	0.000	0	0	0	0	0	0	0	0	0	0	0
327	327	549	463.605	1980.977	68	196	156	103	12	81	172	186	82	16	108.545	120	113	112	110	109	109	107	107	105	104	99	166.842	211	194	189	182	176	169	163	155	146	135	108	0	0	0.000	0.000	0	0	0	0	0	0	0	0	0	0	0	0	0	0.000	0.000	0	0	0	0	0	0	0	0	0	0	0
328	328	1057	1108.252	1986.093	272	344	278	127	23	106	329	312	225	56	117.541	137	127	125	122	120	117	115	113	111	108	100	147.601	190	173	165	160	154	149	143	137	130	121	105	0	0	0.000	0.000	0	0	0	0	0	0	0	0	0	0	0	0	0	0.000	0.000	0	0	0	0	0	0	0	0	0	0	0
