 	cell	area	x	y	BFI_lev_b1	BFI_lev_b2	BFI_lev_b3	BFI_lev_b4	BFI_lev_b5	BFO_lev_b1	BFO_lev_b2	BFO_lev_b3	BFO_lev_b4	BFO_lev_b5	GFP_int_mean	GFP_int_b0	GFP_int_b1	GFP_int_b2	GFP_int_b3	GFP_int_b4	GFP_int_b5	GFP_int_b6	GFP_int_b7	GFP_int_b8	GFP_int_b9	GFP_int_b10	RFP_int_mean	RFP_int_b0	RFP_int_b1	RFP_int_b2	RFP_int_b3	RFP_int_b4	RFP_int_b5	RFP_int_b6	RFP_int_b7	RFP_int_b8	RFP_int_b9	RFP_int_b10	inGFPnfoci	f1_inGFParea	f1_inGFPx	f1_inGFPy	f2_inGFParea	f2_inGFPx	f2_inGFPy	f1_inGFP_toGFPmed	f2_inGFP_toGFPmed	f2_inGFP_toGFPmean	f1_inGFP_toRFPmed	f2_inGFP_toRFPmed	f2_inGFP_toRFPmean	inRFPnfoci	f1_inRFParea	f1_inRFPx	f1_inRFPy	f2_inRFParea	f2_inRFPx	f2_inRFPy	f1_inRFP_toGFPmed	f2_inRFP_toGFPmed	f2_inRFP_toGFPmean	f1_inRFP_toRFPmed	f2_inRFP_toRFPmed	f2_inRFP_toRFPmean	f1_inGFP_toGFPmean	f1_inGFP_toRFPmean	f1_inRFP_toGFPmean	f1_inRFP_toRFPmean
1	1	2255	1417.904	76.351	318	638	747	400	103	282	892	678	293	60	825.217	18240	1019	288	179	163	152	144	137	129	119	100	189.380	1735	238	155	143	137	131	126	122	116	111	98	1	143	1423.278	64.669	0	0	0	8458	0	0	851	0	0	1	145	1422.977	64.653	0	0	0	8427	0	0	836	0	0	0	0	0	0
2	2	2465	891.548	81.161	627	830	734	223	13	456	1038	668	229	31	112.260	126	119	117	115	114	113	111	110	108	105	99	260.922	383	329	316	304	291	276	260	237	204	159	106	0	0	0.000	0.000	0	0	0	0	0	0	0	0	0	0	0	0.000	0.000	0	0	0	0	0	0	0	0	0	0	0	0	0
3	3	1591	1257.767	89.937	179	657	515	178	27	150	624	537	198	43	108.989	123	114	112	111	110	109	108	107	106	104	99	147.983	194	171	163	158	153	148	143	138	133	126	103	0	0	0.000	0.000	0	0	0	0	0	0	0	0	0	0	0	0.000	0.000	0	0	0	0	0	0	0	0	0	0	0	0	0
4	4	1897	166.997	99.335	198	506	647	385	132	167	679	657	302	59	109.915	122	115	113	112	111	110	109	108	107	105	99	146.111	188	171	165	158	151	146	140	134	128	121	105	0	0	0.000	0.000	0	0	0	0	0	0	0	0	0	0	0	0.000	0.000	0	0	0	0	0	0	0	0	0	0	0	0	0
5	5	1892	1330.363	103.121	387	646	550	245	36	319	834	473	206	19	110.786	124	116	115	113	112	111	110	108	107	105	99	163.322	219	194	184	178	171	164	159	153	143	129	103	0	0	0.000	0.000	0	0	0	0	0	0	0	0	0	0	0	0.000	0.000	0	0	0	0	0	0	0	0	0	0	0	0	0
6	6	1681	77.689	104.560	247	596	495	282	37	158	450	672	279	84	127.396	158	140	137	134	131	129	126	122	117	112	100	152.663	198	176	169	164	159	155	150	145	136	124	103	0	0	0.000	0.000	0	0	0	0	0	0	0	0	0	0	0	0.000	0.000	0	0	0	0	0	0	0	0	0	0	0	0	0
7	7	1925	1065.423	112.640	261	537	632	404	55	286	738	628	223	24	130.941	1398	129	124	121	119	117	116	113	111	108	98	128.219	166	144	139	135	131	128	125	122	118	113	100	1	33	1058.640	126.632	0	0	0	606	0	0	135	0	0	0	0	0.000	0.000	0	0	0	0	0	0	0	0	0	0	0	0	0
8	8	1888	1854.515	109.783	1395	419	26	10	9	1319	498	31	6	8	106.977	128	113	110	108	107	106	105	105	104	102	98	224.842	421	352	317	284	253	223	189	155	125	110	95	0	0	0.000	0.000	0	0	0	0	0	0	0	0	0	0	0	0.000	0.000	0	0	0	0	0	0	0	0	0	0	0	0	0
9	9	1366	1006.000	115.855	143	423	481	266	27	90	364	521	250	118	109.191	121	114	112	111	110	109	108	107	106	104	96	105.955	124	110	109	107	107	106	105	104	103	102	96	0	0	0.000	0.000	0	0	0	0	0	0	0	0	0	0	0	0.000	0.000	0	0	0	0	0	0	0	0	0	0	0	0	0
10	10	902	209.389	121.036	224	303	257	87	15	143	225	292	172	51	109.562	124	115	113	111	110	109	108	107	106	105	99	128.497	162	146	140	134	130	127	124	121	118	115	103	0	0	0.000	0.000	0	0	0	0	0	0	0	0	0	0	0	0.000	0.000	0	0	0	0	0	0	0	0	0	0	0	0	0
11	11	2129	1450.701	132.653	198	670	786	391	38	137	776	782	322	77	139.067	168	155	151	148	145	141	137	133	127	120	103	135.290	176	155	149	145	140	135	131	126	121	115	99	0	0	0.000	0.000	0	0	0	0	0	0	0	0	0	0	0	0.000	0.000	0	0	0	0	0	0	0	0	0	0	0	0	0
12	12	1140	1283.840	125.385	210	255	292	283	83	186	454	329	128	17	109.378	121	114	113	111	110	109	108	107	106	104	98	154.050	202	184	175	169	163	157	150	143	134	117	99	0	0	0.000	0.000	0	0	0	0	0	0	0	0	0	0	0	0.000	0.000	0	0	0	0	0	0	0	0	0	0	0	0	0
13	13	1923	958.406	141.845	377	609	614	246	42	284	608	637	291	66	110.592	124	117	115	113	112	111	109	108	106	104	96	108.219	129	117	113	110	108	107	106	105	104	103	97	0	0	0.000	0.000	0	0	0	0	0	0	0	0	0	0	0	0.000	0.000	0	0	0	0	0	0	0	0	0	0	0	0	0
14	14	1672	1364.601	140.357	288	571	463	278	43	202	644	506	240	48	408.356	10636	472	183	157	149	142	135	129	123	117	100	126.482	581	137	123	119	116	114	113	112	110	107	100	1	74	1354.254	131.335	0	0	0	4567	0	0	310	0	0	1	70	1353.835	131.174	0	0	0	4651	0	0	324	0	0	0	0	0	0
15	15	997	307.630	139.070	151	340	333	136	16	111	362	311	139	48	120.158	138	129	127	125	123	121	119	117	113	109	100	132.153	170	154	147	142	137	132	127	122	118	111	100	0	0	0.000	0.000	0	0	0	0	0	0	0	0	0	0	0	0.000	0.000	0	0	0	0	0	0	0	0	0	0	0	0	0
16	16	1503	1745.223	144.711	154	439	488	333	66	146	630	431	205	63	127.992	159	137	134	131	129	128	126	124	122	119	108	104.715	119	109	107	106	105	104	104	103	102	101	96	0	0	0.000	0.000	0	0	0	0	0	0	0	0	0	0	0	0.000	0.000	0	0	0	0	0	0	0	0	0	0	0	0	0
17	17	1255	1033.464	155.258	308	353	375	174	28	225	337	397	187	83	114.027	134	122	119	118	116	114	113	111	108	106	99	125.892	152	141	136	132	128	126	123	120	117	110	100	0	0	0.000	0.000	0	0	0	0	0	0	0	0	0	0	0	0.000	0.000	0	0	0	0	0	0	0	0	0	0	0	0	0
18	18	989	160.757	155.405	62	346	384	169	15	51	420	352	111	24	556.122	783	697	650	624	603	582	546	504	451	393	221	106.202	124	112	109	107	106	105	105	104	103	102	98	0	0	0.000	0.000	0	0	0	0	0	0	0	0	0	0	0	0.000	0.000	0	0	0	0	0	0	0	0	0	0	0	0	0
19	19	1921	208.449	164.820	307	547	696	277	60	171	468	909	257	78	589.064	1007	862	793	726	650	594	537	472	401	303	123	105.550	119	109	108	107	106	105	105	104	103	102	97	0	0	0.000	0.000	0	0	0	0	0	0	0	0	0	0	0	0.000	0.000	0	0	0	0	0	0	0	0	0	0	0	0	0
20	20	1124	1414.096	164.109	113	317	386	241	42	58	400	402	200	45	132.793	159	146	142	138	135	133	130	127	124	120	106	113.738	132	120	118	116	115	114	112	111	110	108	100	0	0	0.000	0.000	0	0	0	0	0	0	0	0	0	0	0	0.000	0.000	0	0	0	0	0	0	0	0	0	0	0	0	0
21	21	1128	264.611	165.554	411	298	230	140	29	324	299	333	118	33	113.848	133	122	120	118	116	114	112	110	108	105	98	227.280	418	341	307	280	256	230	201	170	131	112	102	0	0	0.000	0.000	0	0	0	0	0	0	0	0	0	0	0	0.000	0.000	0	0	0	0	0	0	0	0	0	0	0	0	0
22	22	1691	345.906	170.299	142	459	628	350	70	231	779	502	137	9	242.486	5140	263	143	129	125	122	119	116	113	110	100	143.763	574	160	150	144	141	137	134	127	118	108	97	1	67	333.483	158.994	0	0	0	2273	0	0	286	0	0	1	62	333.313	157.253	0	0	0	851	0	0	360	0	0	0	0	0	0
23	23	1843	1308.188	175.310	220	599	703	268	26	239	815	613	126	8	119.570	141	129	126	124	122	120	118	116	113	110	99	104.523	115	108	107	106	105	104	104	103	102	101	95	0	0	0.000	0.000	0	0	0	0	0	0	0	0	0	0	0	0.000	0.000	0	0	0	0	0	0	0	0	0	0	0	0	0
24	24	795	813.686	176.746	187	224	266	82	20	163	189	245	151	36	108.811	131	117	113	111	109	108	107	105	104	103	95	253.823	464	374	338	308	276	247	221	192	167	146	117	0	0	0.000	0.000	0	0	0	0	0	0	0	0	0	0	0	0.000	0.000	0	0	0	0	0	0	0	0	0	0	0	0	0
25	25	698	492.765	175.676	378	129	118	51	17	263	169	180	66	10	156.467	217	191	184	179	171	162	152	140	122	111	100	252.284	419	368	355	339	316	280	226	159	124	110	102	0	0	0.000	0.000	0	0	0	0	0	0	0	0	0	0	0	0.000	0.000	0	0	0	0	0	0	0	0	0	0	0	0	0
26	26	1861	694.731	195.015	245	453	621	424	84	177	653	614	331	54	109.224	125	114	113	111	110	109	108	107	106	104	98	104.646	116	109	107	106	105	104	104	103	102	101	95	0	0	0.000	0.000	0	0	0	0	0	0	0	0	0	0	0	0.000	0.000	0	0	0	0	0	0	0	0	0	0	0	0	0
27	27	1255	590.521	194.033	480	545	158	30	13	389	534	246	37	27	187.720	242	221	214	206	200	194	185	175	164	145	106	142.579	181	164	158	152	148	143	139	133	127	120	104	0	0	0.000	0.000	0	0	0	0	0	0	0	0	0	0	0	0.000	0.000	0	0	0	0	0	0	0	0	0	0	0	0	0
28	28	2313	160.862	207.607	545	862	616	233	22	357	791	722	298	85	619.491	1099	933	846	763	713	655	587	491	372	250	125	106.767	128	114	110	108	107	106	105	104	103	102	97	0	0	0.000	0.000	0	0	0	0	0	0	0	0	0	0	0	0.000	0.000	0	0	0	0	0	0	0	0	0	0	0	0	0
29	29	1835	1565.678	207.705	897	809	70	18	12	940	774	59	25	9	658.581	1065	836	772	736	713	687	655	610	552	419	151	105.111	116	108	107	106	106	105	104	104	103	102	97	0	0	0.000	0.000	0	0	0	0	0	0	0	0	0	0	0	0.000	0.000	0	0	0	0	0	0	0	0	0	0	0	0	0
30	30	2707	1258.218	217.799	573	909	857	293	33	459	990	813	340	45	120.424	143	130	127	125	123	121	119	116	113	109	98	104.545	118	108	107	106	105	104	104	103	102	101	95	0	0	0.000	0.000	0	0	0	0	0	0	0	0	0	0	0	0.000	0.000	0	0	0	0	0	0	0	0	0	0	0	0	0
31	31	1883	1917.223	219.177	336	700	619	181	13	193	455	689	388	119	638.616	972	871	827	770	712	668	621	546	457	353	166	105.800	121	110	109	107	106	105	105	104	103	102	95	0	0	0.000	0.000	0	0	0	0	0	0	0	0	0	0	0	0.000	0.000	0	0	0	0	0	0	0	0	0	0	0	0	0
32	32	2543	1511.607	223.822	357	929	844	329	36	262	773	898	444	121	136.110	177	151	146	143	140	137	135	131	126	118	101	112.066	131	119	117	115	113	112	111	109	108	105	97	0	0	0.000	0.000	0	0	0	0	0	0	0	0	0	0	0	0.000	0.000	0	0	0	0	0	0	0	0	0	0	0	0	0
33	33	1409	325.881	217.580	754	372	200	58	13	769	301	243	63	18	288.818	5516	399	169	138	128	123	119	115	112	109	99	209.176	2074	286	176	165	157	149	142	136	130	120	103	1	74	315.753	216.410	0	0	0	2289	0	0	982	0	0	1	77	316.097	216.479	0	0	0	2180	0	0	964	0	0	0	0	0	0
34	34	1201	1595.382	251.720	698	344	101	31	14	723	321	110	15	10	537.569	738	657	626	601	576	559	538	514	470	377	163	104.901	116	109	107	106	105	105	104	103	103	102	97	0	0	0.000	0.000	0	0	0	0	0	0	0	0	0	0	0	0.000	0.000	0	0	0	0	0	0	0	0	0	0	0	0	0
35	35	1099	359.197	252.726	552	267	144	88	27	661	228	96	62	38	115.682	138	125	122	120	118	116	114	111	108	105	99	149.444	203	177	168	161	157	153	149	141	128	112	101	0	0	0.000	0.000	0	0	0	0	0	0	0	0	0	0	0	0.000	0.000	0	0	0	0	0	0	0	0	0	0	0	0	0
36	36	1567	84.197	266.880	168	426	609	289	42	139	323	659	303	106	111.371	126	118	116	114	113	111	110	109	107	105	99	133.470	167	151	146	142	137	134	130	127	122	115	99	0	0	0.000	0.000	0	0	0	0	0	0	0	0	0	0	0	0.000	0.000	0	0	0	0	0	0	0	0	0	0	0	0	0
37	37	1451	1444.985	267.775	201	391	424	334	75	238	464	486	190	51	122.711	142	132	129	127	125	124	122	120	116	112	101	260.812	372	336	318	299	282	267	252	236	215	168	105	0	0	0.000	0.000	0	0	0	0	0	0	0	0	0	0	0	0.000	0.000	0	0	0	0	0	0	0	0	0	0	0	0	0
38	38	1261	1920.692	274.621	298	422	338	167	14	200	316	361	251	112	591.833	797	734	691	663	643	616	592	560	516	400	184	108.672	131	119	114	111	108	107	106	104	103	102	98	0	0	0.000	0.000	0	0	0	0	0	0	0	0	0	0	0	0.000	0.000	0	0	0	0	0	0	0	0	0	0	0	0	0
39	39	1290	724.183	280.923	173	372	436	269	23	85	378	447	254	91	108.512	120	113	112	110	110	109	107	107	105	104	98	104.236	119	109	107	106	105	104	103	102	102	101	94	0	0	0.000	0.000	0	0	0	0	0	0	0	0	0	0	0	0.000	0.000	0	0	0	0	0	0	0	0	0	0	0	0	0
40	40	1081	195.732	286.070	184	301	296	214	71	138	361	360	159	48	198.429	269	243	231	223	214	206	195	183	166	139	102	114.785	144	129	123	118	115	113	111	109	107	104	99	0	0	0.000	0.000	0	0	0	0	0	0	0	0	0	0	0	0.000	0.000	0	0	0	0	0	0	0	0	0	0	0	0	0
41	41	2388	1417.295	315.175	791	1232	284	24	20	842	1221	225	27	17	527.188	15893	426	185	148	136	132	128	125	121	115	104	326.888	3016	356	323	308	296	282	264	245	217	168	109	1	102	1410.115	321.819	0	0	0	7177	0	0	1389	0	0	1	83	1410.887	321.293	0	0	0	7604	0	0	1726	0	0	0	0	0	0
42	42	1461	1192.405	304.247	223	470	488	237	18	135	436	519	236	107	113.848	128	120	118	117	115	114	113	111	110	108	100	161.479	213	193	186	177	169	163	156	150	140	123	99	0	0	0.000	0.000	0	0	0	0	0	0	0	0	0	0	0	0.000	0.000	0	0	0	0	0	0	0	0	0	0	0	0	0
43	43	638	1306.779	308.529	129	249	193	45	9	67	254	179	99	22	404.824	569	514	493	469	447	426	397	368	330	263	145	114.462	131	124	121	119	117	115	113	110	107	104	99	0	0	0.000	0.000	0	0	0	0	0	0	0	0	0	0	0	0.000	0.000	0	0	0	0	0	0	0	0	0	0	0	0	0
44	44	1498	1823.695	314.974	241	343	503	310	72	128	375	569	302	102	149.067	194	168	162	157	153	150	146	141	136	129	109	167.300	218	197	188	179	172	166	161	156	149	140	111	0	0	0.000	0.000	0	0	0	0	0	0	0	0	0	0	0	0.000	0.000	0	0	0	0	0	0	0	0	0	0	0	0	0
45	45	1672	1103.928	316.400	334	527	589	173	15	238	721	463	210	18	114.070	131	121	119	117	116	114	113	111	109	107	102	281.661	418	373	356	339	317	287	262	238	212	176	112	0	0	0.000	0.000	0	0	0	0	0	0	0	0	0	0	0	0.000	0.000	0	0	0	0	0	0	0	0	0	0	0	0	0
46	46	1772	1654.934	319.384	336	629	618	132	22	187	513	706	280	56	392.555	3757	468	412	387	370	351	329	299	266	221	125	124.581	520	132	126	123	121	118	115	113	110	107	99	1	42	1650.855	321.793	0	0	0	1996	0	0	274	0	0	1	49	1651.228	319.945	0	0	0	859	0	0	290	0	0	0	0	0	0
47	47	1204	623.059	316.882	375	257	264	207	78	276	180	407	221	91	133.895	400	158	145	138	133	129	125	120	116	111	103	166.553	251	211	196	184	174	166	159	149	137	121	103	1	22	624.308	317.777	0	0	0	264	0	0	223	0	0	0	0	0.000	0.000	0	0	0	0	0	0	0	0	0	0	0	0	0
48	48	1832	854.191	327.266	354	913	478	50	8	196	582	640	268	121	652.345	12924	790	360	325	301	280	261	241	220	190	123	135.688	777	150	123	119	116	114	112	110	109	107	98	1	93	847.351	316.058	0	0	0	5835	0	0	396	0	0	1	102	847.812	315.664	0	0	0	5390	0	0	395	0	0	0	0	0	0
49	49	1922	1774.591	329.367	234	604	593	367	82	212	656	590	325	90	1888.215	24915	4498	763	308	211	178	163	154	144	132	104	360.998	3690	659	237	194	186	178	171	163	150	130	102	1	241	1777.276	334.621	0	0	0	11690	0	0	1329	0	0	1	184	1778.103	334.121	0	0	0	15915	0	0	1850	0	0	0	0	0	0
50	50	2173	1922.534	329.425	450	536	740	329	72	427	814	647	224	32	143.606	179	163	159	154	150	147	143	138	129	116	100	399.187	650	574	537	498	459	419	378	340	262	154	102	0	0	0.000	0.000	0	0	0	0	0	0	0	0	0	0	0	0.000	0.000	0	0	0	0	0	0	0	0	0	0	0	0	0
51	51	1558	718.035	333.723	411	425	414	245	32	349	481	418	227	52	110.769	122	116	114	113	112	111	110	108	107	106	100	103.935	118	108	106	105	104	103	103	102	101	101	96	0	0	0.000	0.000	0	0	0	0	0	0	0	0	0	0	0	0.000	0.000	0	0	0	0	0	0	0	0	0	0	0	0	0
52	52	1249	133.752	337.077	178	283	431	301	32	151	295	475	220	87	108.756	130	114	112	111	110	109	108	107	105	104	97	151.633	205	184	176	170	162	157	151	139	120	108	96	0	0	0.000	0.000	0	0	0	0	0	0	0	0	0	0	0	0.000	0.000	0	0	0	0	0	0	0	0	0	0	0	0	0
53	53	1614	1229.361	345.238	182	393	592	339	64	146	587	549	257	43	707.205	1087	933	886	850	815	756	694	623	522	383	139	108.069	144	118	111	109	107	106	105	105	104	103	96	0	0	0.000	0.000	0	0	0	0	0	0	0	0	0	1	139	1245.936	335.438	0	0	0	640	0	0	123	0	0	0	0	0	0
54	54	2482	1496.743	351.888	435	784	847	295	78	421	903	776	303	40	189.307	3922	183	146	138	134	131	127	124	120	114	103	215.106	1111	270	251	235	219	203	188	173	159	142	104	1	65	1502.893	350.784	0	0	0	1572	0	0	468	0	0	1	46	1501.857	351.927	0	0	0	1517	0	0	712	0	0	0	0	0	0
55	55	916	1277.826	344.011	134	311	385	60	9	91	279	333	155	41	678.919	1024	940	886	830	781	722	656	571	469	331	163	106.340	122	112	109	108	107	106	105	104	103	102	96	0	0	0.000	0.000	0	0	0	0	0	0	0	0	0	0	0	0.000	0.000	0	0	0	0	0	0	0	0	0	0	0	0	0
56	56	997	1722.818	349.419	296	318	252	94	22	227	332	221	138	60	114.719	135	122	119	118	116	114	113	111	110	108	101	299.023	487	390	366	348	326	309	290	264	228	186	124	0	0	0.000	0.000	0	0	0	0	0	0	0	0	0	0	0	0.000	0.000	0	0	0	0	0	0	0	0	0	0	0	0	0
57	57	1615	341.439	356.402	239	565	532	236	16	184	596	551	208	37	505.715	704	633	604	580	550	520	492	460	424	353	126	124.080	150	134	131	129	127	125	122	120	117	113	101	0	0	0.000	0.000	0	0	0	0	0	0	0	0	0	0	0	0.000	0.000	0	0	0	0	0	0	0	0	0	0	0	0	0
58	58	1750	1134.823	360.918	253	464	622	346	35	261	846	418	181	20	949.852	18237	1342	380	222	172	152	141	133	126	119	104	250.467	2802	335	197	174	161	151	144	137	130	121	101	1	137	1137.499	363.717	0	0	0	8374	0	0	1118	0	0	1	112	1137.963	363.064	0	0	0	9242	0	0	1348	0	0	0	0	0	0
59	59	1713	396.464	365.325	286	402	555	376	66	244	681	539	193	25	123.888	147	134	131	129	127	125	123	120	117	112	101	242.543	335	298	285	272	260	245	231	219	206	180	122	0	0	0.000	0.000	0	0	0	0	0	0	0	0	0	0	0	0.000	0.000	0	0	0	0	0	0	0	0	0	0	0	0	0
60	60	2065	1661.566	359.769	364	654	688	270	49	381	1023	517	92	12	1587.564	24858	2796	626	395	328	298	273	243	206	164	112	435.916	6709	700	208	151	133	126	121	118	114	110	100	1	212	1662.274	355.818	0	0	0	11070	0	0	2583	0	0	1	172	1662.216	355.471	0	0	0	14794	0	0	3154	0	0	0	0	0	0
61	61	1475	891.624	370.569	189	300	580	357	31	197	510	498	195	48	251.548	336	309	296	284	272	261	248	232	206	176	119	114.163	135	123	120	117	115	114	112	110	109	106	100	0	0	0.000	0.000	0	0	0	0	0	0	0	0	0	0	0	0.000	0.000	0	0	0	0	0	0	0	0	0	0	0	0	0
62	62	1271	999.227	376.204	116	325	451	296	67	76	512	397	206	49	109.017	119	113	112	111	110	109	108	107	106	105	100	133.239	170	146	142	139	136	133	131	128	125	121	108	0	0	0.000	0.000	0	0	0	0	0	0	0	0	0	0	0	0.000	0.000	0	0	0	0	0	0	0	0	0	0	0	0	0
63	63	2016	1749.254	389.454	658	725	466	122	16	597	729	458	167	33	114.830	142	123	119	117	116	114	113	111	110	108	97	402.606	663	559	513	476	444	411	375	335	291	237	129	0	0	0.000	0.000	0	0	0	0	0	0	0	0	0	0	0	0.000	0.000	0	0	0	0	0	0	0	0	0	0	0	0	0
64	64	528	1616.352	378.812	113	217	135	48	7	87	180	187	46	21	215.985	273	250	241	233	226	220	212	204	195	178	114	119.519	136	128	126	124	121	120	118	116	113	110	102	0	0	0.000	0.000	0	0	0	0	0	0	0	0	0	0	0	0.000	0.000	0	0	0	0	0	0	0	0	0	0	0	0	0
65	65	2266	683.824	397.242	375	964	724	160	10	225	759	830	333	68	140.592	170	157	153	150	147	143	139	134	127	119	104	222.623	330	294	277	258	242	223	206	188	171	152	107	0	0	0.000	0.000	0	0	0	0	0	0	0	0	0	0	0	0.000	0.000	0	0	0	0	0	0	0	0	0	0	0	0	0
66	66	1464	1912.123	393.091	330	380	453	246	38	307	500	461	158	20	188.646	1751	220	196	177	164	155	146	138	127	114	101	122.354	314	135	128	124	121	118	115	112	109	105	99	1	46	1907.174	381.367	0	0	0	894	0	0	213	0	0	1	45	1907.884	381.784	0	0	0	858	0	0	231	0	0	0	0	0	0
67	67	1855	1200.562	399.012	204	436	721	391	67	151	460	759	339	114	697.907	1133	962	882	814	749	700	649	596	532	434	161	109.427	149	121	114	110	108	107	106	105	104	103	96	0	0	0.000	0.000	0	0	0	0	0	0	0	0	0	0	0	0.000	0.000	0	0	0	0	0	0	0	0	0	0	0	0	0
68	68	1248	1554.341	394.321	219	363	462	164	20	139	344	480	207	56	542.239	754	683	657	636	612	582	544	488	423	324	172	114.998	140	124	120	118	116	114	113	111	109	107	99	0	0	0.000	0.000	0	0	0	0	0	0	0	0	0	0	0	0.000	0.000	0	0	0	0	0	0	0	0	0	0	0	0	0
69	69	1127	798.505	401.838	88	241	383	296	94	78	318	470	193	52	331.806	499	434	410	380	356	335	315	296	262	218	134	105.401	123	110	108	107	106	105	104	103	103	102	95	0	0	0.000	0.000	0	0	0	0	0	0	0	0	0	0	0	0.000	0.000	0	0	0	0	0	0	0	0	0	0	0	0	0
70	70	1396	1040.476	406.284	231	486	464	188	12	101	493	449	244	91	1078.617	1779	1484	1346	1252	1175	1110	1036	953	828	625	184	107.607	130	116	111	108	107	106	105	104	103	102	96	0	0	0.000	0.000	0	0	0	0	0	0	0	0	0	1	180	1032.385	399.777	0	0	0	1233	0	0	119	0	0	0	0	0	0
71	71	2182	1145.999	411.369	344	524	812	411	47	287	558	931	296	68	129.756	162	143	139	136	134	130	127	124	120	115	100	145.456	197	174	166	158	151	145	140	134	126	115	98	0	0	0.000	0.000	0	0	0	0	0	0	0	0	0	0	0	0.000	0.000	0	0	0	0	0	0	0	0	0	0	0	0	0
72	72	1518	78.992	412.895	148	432	454	363	89	147	456	531	264	94	107.872	122	112	111	110	109	108	107	106	105	103	99	128.306	154	140	136	134	131	129	127	124	120	115	99	0	0	0.000	0.000	0	0	0	0	0	0	0	0	0	0	0	0.000	0.000	0	0	0	0	0	0	0	0	0	0	0	0	0
73	73	1729	1603.765	420.010	234	397	577	393	91	258	681	530	226	12	138.288	167	151	148	145	143	140	137	133	128	122	106	249.488	352	307	293	283	270	257	243	227	205	177	116	0	0	0.000	0.000	0	0	0	0	0	0	0	0	0	0	0	0.000	0.000	0	0	0	0	0	0	0	0	0	0	0	0	0
74	74	1063	1789.518	414.637	205	404	294	123	19	144	546	227	107	17	128.500	148	138	136	134	132	130	128	125	121	116	100	159.725	205	185	180	175	170	164	158	148	139	126	105	0	0	0.000	0.000	0	0	0	0	0	0	0	0	0	0	0	0.000	0.000	0	0	0	0	0	0	0	0	0	0	0	0	0
75	75	1866	961.825	422.286	280	732	601	176	35	328	1001	417	62	18	109.758	122	114	113	112	111	110	109	108	107	105	98	138.653	173	155	150	147	143	140	136	132	128	121	102	0	0	0.000	0.000	0	0	0	0	0	0	0	0	0	0	0	0.000	0.000	0	0	0	0	0	0	0	0	0	0	0	0	0
76	76	1760	1510.376	423.654	327	460	551	343	55	236	567	581	305	40	905.945	12965	1055	764	698	645	599	557	508	430	330	135	136.374	867	145	123	120	118	116	114	112	110	107	100	1	75	1502.727	415.418	0	0	0	6845	0	0	485	0	0	1	83	1503.207	415.603	0	0	0	6324	0	0	447	0	0	0	0	0	0
77	77	1844	1388.835	426.461	467	549	533	247	30	340	632	538	255	53	110.655	123	116	114	113	112	111	110	109	107	106	100	142.550	180	161	155	151	148	145	141	136	130	119	102	0	0	0.000	0.000	0	0	0	0	0	0	0	0	0	0	0	0.000	0.000	0	0	0	0	0	0	0	0	0	0	0	0	0
78	78	603	379.768	420.289	40	120	178	152	97	36	165	191	139	57	117.536	139	127	124	122	120	118	116	114	111	107	99	120.713	142	132	129	127	125	123	120	116	111	105	100	0	0	0.000	0.000	0	0	0	0	0	0	0	0	0	0	0	0.000	0.000	0	0	0	0	0	0	0	0	0	0	0	0	0
79	79	1749	1089.827	432.859	1089	542	47	24	18	1047	572	52	32	17	1244.333	1979	1717	1531	1457	1393	1313	1217	1086	909	699	233	110.223	152	124	113	110	109	107	106	105	105	103	98	0	0	0.000	0.000	0	0	0	0	0	0	0	0	0	1	256	1087.973	439.409	0	0	0	1432	0	0	127	0	0	0	0	0	0
80	80	2117	715.164	442.047	155	736	792	348	41	134	883	734	280	39	1494.879	22181	3098	567	289	213	179	162	149	139	127	105	365.823	2713	600	299	272	255	241	230	215	196	168	106	1	227	707.696	441.160	0	0	0	10836	0	0	1313	0	0	1	189	707.676	440.466	0	0	0	13159	0	0	1518	0	0	0	0	0	0
81	81	1658	1711.802	447.943	325	334	526	347	90	243	422	604	279	83	111.182	126	117	115	113	112	111	110	109	108	106	99	124.111	154	139	134	130	127	123	120	117	115	111	101	0	0	0.000	0.000	0	0	0	0	0	0	0	0	0	0	0	0.000	0.000	0	0	0	0	0	0	0	0	0	0	0	0	0
82	82	1062	112.805	447.764	164	263	385	210	26	89	230	447	209	63	107.666	119	112	111	110	109	108	107	106	105	103	97	124.658	146	137	133	131	129	126	124	121	115	108	100	0	0	0.000	0.000	0	0	0	0	0	0	0	0	0	0	0	0.000	0.000	0	0	0	0	0	0	0	0	0	0	0	0	0
83	83	1529	1063.050	475.295	276	417	438	321	50	198	525	449	245	85	868.980	3895	1132	1045	980	932	877	818	726	622	499	174	138.264	444	162	149	141	136	133	129	125	121	113	100	1	11	1068.334	482.803	0	0	0	3242	0	0	306	0	0	1	33	1068.960	483.176	0	0	0	2314	0	0	283	0	0	0	0	0	0
84	84	1329	1744.769	484.552	174	392	467	237	33	125	414	468	252	47	109.780	124	115	113	112	111	110	109	108	106	105	96	123.257	149	134	131	128	126	124	122	119	116	110	99	0	0	0.000	0.000	0	0	0	0	0	0	0	0	0	0	0	0.000	0.000	0	0	0	0	0	0	0	0	0	0	0	0	0
85	85	1676	1110.978	480.202	261	402	549	388	46	197	477	623	281	73	1736.832	21694	2538	1305	1135	1044	937	840	709	523	301	143	318.115	4393	466	179	155	148	142	137	130	121	113	102	1	118	1107.809	473.616	0	0	0	11231	0	0	2106	0	0	1	128	1108.365	473.285	0	0	0	10498	0	0	2024	0	0	0	0	0	0
86	86	1988	186.970	494.729	722	1028	171	16	12	629	1087	196	15	20	676.575	14669	825	428	355	324	302	276	252	219	177	116	129.067	824	135	117	113	111	109	108	107	105	104	97	1	91	187.908	494.984	0	0	0	6552	0	0	438	0	0	1	85	187.930	494.405	0	0	0	6651	0	0	451	0	0	0	0	0	0
87	87	1656	1801.874	495.396	220	549	501	281	68	174	691	466	248	40	782.966	1177	1024	966	922	872	826	774	700	594	456	141	106.138	119	110	108	107	107	106	105	104	104	103	98	0	0	0.000	0.000	0	0	0	0	0	0	0	0	0	0	0	0.000	0.000	0	0	0	0	0	0	0	0	0	0	0	0	0
88	88	1459	130.447	495.717	167	316	489	363	91	100	310	594	324	106	289.927	1526	361	333	316	301	283	263	241	212	179	115	108.634	159	115	112	110	109	108	107	106	104	103	95	1	24	141.047	492.656	0	0	0	1000	0	0	126	0	0	1	34	141.530	492.101	0	0	0	797	0	0	124	0	0	0	0	0	0
89	89	1449	1356.222	499.158	344	422	420	198	38	399	598	341	71	12	116.197	139	126	122	120	118	116	114	112	110	107	102	107.929	119	112	111	110	109	108	107	106	105	104	94	0	0	0.000	0.000	0	0	0	0	0	0	0	0	0	0	0	0.000	0.000	0	0	0	0	0	0	0	0	0	0	0	0	0
90	90	1096	903.188	502.390	89	292	399	243	56	58	323	485	145	57	121.724	140	130	128	126	124	122	120	118	116	113	102	151.461	196	171	164	160	156	152	148	143	139	131	112	0	0	0.000	0.000	0	0	0	0	0	0	0	0	0	0	0	0.000	0.000	0	0	0	0	0	0	0	0	0	0	0	0	0
91	91	1716	746.280	518.331	209	581	617	251	24	169	572	610	251	78	1187.635	19911	2278	556	296	211	170	153	145	138	128	103	422.192	4396	681	327	275	255	236	218	202	186	166	112	1	148	741.186	520.316	0	0	0	9328	0	0	2032	0	0	1	133	741.279	520.195	0	0	0	10676	0	0	2184	0	0	0	0	0	0
92	92	930	1811.012	539.777	122	225	331	210	27	91	277	336	180	32	576.314	978	844	768	704	630	580	537	493	430	254	129	105.939	121	112	109	107	106	105	105	104	103	102	98	0	0	0.000	0.000	0	0	0	0	0	0	0	0	0	0	0	0.000	0.000	0	0	0	0	0	0	0	0	0	0	0	0	0
93	93	1209	1083.524	544.719	154	290	384	290	68	152	455	395	167	18	116.285	134	124	122	120	118	117	115	113	111	108	101	114.378	142	126	121	117	115	113	111	109	108	105	99	0	0	0.000	0.000	0	0	0	0	0	0	0	0	0	0	0	0.000	0.000	0	0	0	0	0	0	0	0	0	0	0	0	0
94	94	859	895.810	552.897	118	160	301	215	46	107	198	384	122	25	107.733	120	112	110	109	108	107	107	106	105	104	98	121.698	141	132	129	127	125	123	121	118	114	109	100	0	0	0.000	0.000	0	0	0	0	0	0	0	0	0	0	0	0.000	0.000	0	0	0	0	0	0	0	0	0	0	0	0	0
95	95	1338	1038.063	565.638	158	402	433	275	46	150	610	331	177	40	178.254	255	213	202	194	187	180	173	164	154	140	114	123.327	153	137	132	129	126	122	120	117	115	112	100	0	0	0.000	0.000	0	0	0	0	0	0	0	0	0	0	0	0.000	0.000	0	0	0	0	0	0	0	0	0	0	0	0	0
96	96	1488	1712.311	575.238	129	472	528	291	45	68	547	501	247	105	111.651	134	117	115	114	112	111	110	109	108	107	101	151.386	191	169	164	160	156	152	148	144	140	132	109	0	0	0.000	0.000	0	0	0	0	0	0	0	0	0	0	0	0.000	0.000	0	0	0	0	0	0	0	0	0	0	0	0	0
97	97	1835	1805.804	585.110	533	555	519	184	17	503	826	366	97	15	591.912	12094	671	262	189	164	151	143	137	130	122	107	246.134	2328	293	219	202	190	181	172	162	150	134	109	1	112	1806.528	583.476	0	0	0	5888	0	0	1077	0	0	1	95	1806.485	583.167	0	0	0	6718	0	0	1166	0	0	0	0	0	0
98	98	1660	1354.429	594.236	260	420	624	285	46	186	345	697	303	98	188.761	3253	194	144	135	131	128	125	122	119	114	101	156.224	479	182	168	160	155	150	146	142	137	128	103	1	54	1361.725	599.620	0	0	0	1459	0	0	284	0	0	1	32	1360.556	599.061	0	0	0	1410	0	0	340	0	0	0	0	0	0
99	99	1109	1667.085	596.358	119	353	346	202	65	101	404	349	168	59	126.028	150	136	133	131	129	127	124	122	119	115	104	166.660	224	202	192	185	176	167	159	150	140	132	107	0	0	0.000	0.000	0	0	0	0	0	0	0	0	0	0	0	0.000	0.000	0	0	0	0	0	0	0	0	0	0	0	0	0
100	100	781	1855.985	597.157	95	237	275	131	23	64	215	267	163	58	108.451	118	113	111	110	109	108	108	107	106	104	100	148.616	193	172	165	160	154	148	141	137	132	127	109	0	0	0.000	0.000	0	0	0	0	0	0	0	0	0	0	0	0.000	0.000	0	0	0	0	0	0	0	0	0	0	0	0	0
101	101	2086	1070.378	610.655	189	606	729	444	85	250	963	616	199	16	389.600	9103	431	273	236	218	204	191	177	162	145	107	147.943	1140	164	142	136	131	126	122	119	115	111	102	1	69	1062.499	608.875	0	0	0	4193	0	0	556	0	0	1	73	1062.339	608.158	0	0	0	3093	0	0	546	0	0	0	0	0	0
102	102	1600	1620.695	616.271	125	440	633	325	52	67	411	722	286	78	132.946	661	137	133	131	129	127	125	123	120	117	106	147.527	256	166	161	156	152	148	143	138	133	125	108	1	40	1622.336	631.657	0	0	0	348	0	0	162	0	0	0	0	0.000	0.000	0	0	0	0	0	0	0	0	0	0	0	0	0
103	103	1696	1724.855	628.211	334	634	552	128	15	235	706	483	194	34	113.654	127	120	118	116	115	114	113	111	110	107	99	164.769	211	191	184	177	171	166	161	154	148	137	105	0	0	0.000	0.000	0	0	0	0	0	0	0	0	0	0	0	0.000	0.000	0	0	0	0	0	0	0	0	0	0	0	0	0
104	104	1827	1379.279	636.834	159	648	701	234	44	127	862	606	167	35	401.718	10496	475	200	153	139	133	129	126	123	119	100	176.201	1071	190	172	166	161	157	152	147	141	132	106	1	79	1381.362	642.195	0	0	0	4516	0	0	560	0	0	1	68	1381.162	641.476	0	0	0	4766	0	0	629	0	0	0	0	0	0
105	105	2484	680.199	640.807	717	934	609	165	25	684	974	618	135	15	115.803	142	125	121	119	117	115	113	112	110	107	101	191.002	284	245	231	219	207	193	180	167	150	131	108	0	0	0.000	0.000	0	0	0	0	0	0	0	0	0	0	0	0.000	0.000	0	0	0	0	0	0	0	0	0	0	0	0	0
106	106	1281	1022.381	633.845	164	496	452	127	22	94	604	366	162	24	579.867	878	779	732	673	622	567	534	506	451	374	220	107.368	120	112	110	109	108	107	106	105	104	103	97	0	0	0.000	0.000	0	0	0	0	0	0	0	0	0	0	0	0.000	0.000	0	0	0	0	0	0	0	0	0	0	0	0	0
107	107	1528	1836.833	637.856	288	494	431	234	55	244	516	438	211	99	107.728	120	113	111	110	109	108	107	106	105	103	98	162.174	223	198	188	179	170	162	153	145	139	127	105	0	0	0.000	0.000	0	0	0	0	0	0	0	0	0	0	0	0.000	0.000	0	0	0	0	0	0	0	0	0	0	0	0	0
108	108	2247	1674.621	642.472	337	734	715	342	82	402	933	546	275	43	720.782	19581	739	243	177	155	144	136	129	122	115	103	265.455	3201	318	227	203	189	176	164	152	140	122	102	1	115	1670.640	640.408	0	0	0	8725	0	0	764	0	0	1	114	1671.800	639.677	0	0	0	6301	0	0	1616	0	0	0	0	0	0
109	109	1162	1582.955	648.528	119	367	395	195	58	111	524	296	156	51	143.990	194	168	157	151	146	143	138	134	130	124	110	115.734	131	123	120	118	117	115	114	113	111	109	101	0	0	0.000	0.000	0	0	0	0	0	0	0	0	0	0	0	0.000	0.000	0	0	0	0	0	0	0	0	0	0	0	0	0
110	110	2077	863.470	683.519	353	1001	602	74	12	176	647	800	326	77	189.214	2771	213	188	172	160	148	141	134	127	120	99	158.067	346	188	176	168	160	153	148	143	137	130	105	1	51	852.367	672.252	0	0	0	1105	0	0	249	0	0	1	22	853.786	671.747	0	0	0	1548	0	0	300	0	0	0	0	0	0
111	111	1701	124.137	675.839	159	317	665	476	63	82	286	881	305	116	152.476	206	176	171	166	160	155	149	142	133	124	107	117.314	146	128	125	122	120	117	115	112	110	107	100	0	0	0.000	0.000	0	0	0	0	0	0	0	0	0	0	0	0.000	0.000	0	0	0	0	0	0	0	0	0	0	0	0	0
112	112	2001	1026.995	685.173	408	649	606	260	45	349	701	532	290	88	628.189	1021	866	783	725	672	632	593	546	476	380	208	107.153	119	112	110	109	108	107	106	105	104	103	97	0	0	0.000	0.000	0	0	0	0	0	0	0	0	0	0	0	0.000	0.000	0	0	0	0	0	0	0	0	0	0	0	0	0
113	113	2261	1612.403	691.321	217	745	823	416	27	205	854	756	307	73	646.766	15918	741	267	201	167	149	140	135	129	123	103	145.940	1044	161	128	122	119	117	115	113	111	108	100	1	123	1601.028	679.415	0	0	0	7156	0	0	490	0	0	1	121	1601.420	679.467	0	0	0	7249	0	0	515	0	0	0	0	0	0
114	114	712	265.290	682.587	108	231	257	91	17	50	137	282	158	73	250.354	340	312	300	286	274	260	246	230	203	170	119	112.240	126	119	116	115	114	112	111	110	108	106	100	0	0	0.000	0.000	0	0	0	0	0	0	0	0	0	0	0	0.000	0.000	0	0	0	0	0	0	0	0	0	0	0	0	0
115	115	973	485.841	704.572	110	136	332	288	96	77	145	460	184	92	113.361	241	119	116	114	113	112	111	109	108	106	101	135.047	173	152	146	142	138	135	132	128	124	118	103	1	18	497.895	711.777	0	0	0	170	0	0	142	0	0	0	0	0.000	0.000	0	0	0	0	0	0	0	0	0	0	0	0	0
116	116	1670	536.024	708.947	126	332	640	451	97	130	570	587	247	99	110.646	129	117	114	113	112	111	110	108	107	105	92	135.408	179	154	148	144	140	136	132	128	122	115	99	0	0	0.000	0.000	0	0	0	0	0	0	0	0	0	0	0	0.000	0.000	0	0	0	0	0	0	0	0	0	0	0	0	0
117	117	792	235.406	714.561	128	234	190	169	52	128	246	255	128	21	111.467	125	117	115	114	112	111	110	109	108	106	99	107.828	126	113	111	110	108	107	106	106	104	103	99	0	0	0.000	0.000	0	0	0	0	0	0	0	0	0	0	0	0.000	0.000	0	0	0	0	0	0	0	0	0	0	0	0	0
118	118	1870	1393.784	723.301	590	577	487	158	27	590	684	384	152	32	112.197	124	118	116	115	113	112	111	110	109	107	100	209.421	329	275	251	237	226	216	202	186	162	132	101	0	0	0.000	0.000	0	0	0	0	0	0	0	0	0	0	0	0.000	0.000	0	0	0	0	0	0	0	0	0	0	0	0	0
119	119	1580	806.003	736.222	208	455	564	281	38	117	473	634	259	74	393.027	10168	363	182	155	144	137	132	127	122	116	103	139.279	921	145	131	125	121	118	116	114	111	109	99	1	69	792.371	730.332	0	0	0	4621	0	0	474	0	0	1	67	792.711	729.756	0	0	0	4465	0	0	478	0	0	0	0	0	0
120	120	760	335.680	741.407	103	206	220	187	27	65	224	295	132	30	124.875	149	136	133	130	128	125	123	121	117	112	102	163.107	212	189	183	178	173	167	160	153	142	129	104	0	0	0.000	0.000	0	0	0	0	0	0	0	0	0	0	0	0.000	0.000	0	0	0	0	0	0	0	0	0	0	0	0	0
121	121	1087	264.169	746.069	138	252	416	236	31	112	316	409	162	68	110.221	123	115	113	112	111	110	109	108	107	105	100	106.791	118	111	109	108	107	106	106	105	104	103	96	0	0	0.000	0.000	0	0	0	0	0	0	0	0	0	0	0	0.000	0.000	0	0	0	0	0	0	0	0	0	0	0	0	0
122	122	1759	209.815	757.269	210	553	670	249	33	142	661	591	289	51	111.175	124	117	115	113	112	111	110	109	108	106	100	107.834	124	114	111	110	109	107	106	105	104	103	96	0	0	0.000	0.000	0	0	0	0	0	0	0	0	0	0	0	0.000	0.000	0	0	0	0	0	0	0	0	0	0	0	0	0
123	123	1303	1161.442	762.233	99	359	417	318	81	120	436	411	233	80	113.598	127	119	117	116	115	114	113	111	110	108	101	144.338	184	164	159	156	153	150	146	139	128	112	100	0	0	0.000	0.000	0	0	0	0	0	0	0	0	0	0	0	0.000	0.000	0	0	0	0	0	0	0	0	0	0	0	0	0
124	124	556	781.791	770.183	80	188	210	60	12	77	147	188	98	33	118.500	141	126	124	122	121	119	117	115	113	110	102	115.896	136	128	125	120	117	115	113	111	108	106	99	0	0	0.000	0.000	0	0	0	0	0	0	0	0	0	0	0	0.000	0.000	0	0	0	0	0	0	0	0	0	0	0	0	0
125	125	1531	1890.467	785.403	276	458	416	281	71	312	432	387	307	73	109.434	124	115	113	112	110	109	108	107	106	104	98	138.259	173	157	152	148	145	141	138	133	125	111	101	0	0	0.000	0.000	0	0	0	0	0	0	0	0	0	0	0	0.000	0.000	0	0	0	0	0	0	0	0	0	0	0	0	0
126	126	1991	1413.195	800.578	232	760	739	218	10	209	960	536	224	35	3490.210	22583	4846	3539	3235	3014	2796	2596	2335	1938	1363	243	196.700	1209	258	179	167	160	154	148	141	132	120	102	1	112	1421.306	806.938	0	0	0	15645	0	0	804	0	0	1	145	1421.361	807.274	0	0	0	13205	0	0	705	0	0	0	0	0	0
127	127	1544	816.050	794.884	196	404	543	333	36	128	467	520	285	107	196.222	3851	231	156	139	133	128	125	122	119	114	102	124.341	513	137	128	123	120	117	115	113	111	108	98	1	43	818.194	798.152	0	0	0	1513	0	0	197	0	0	1	37	819.375	795.990	0	0	0	510	0	0	290	0	0	0	0	0	0
128	128	1237	970.436	792.424	141	424	414	225	18	111	494	357	174	72	133.703	176	154	148	143	140	136	132	126	116	109	100	117.791	147	133	127	123	121	118	114	110	106	104	97	0	0	0.000	0.000	0	0	0	0	0	0	0	0	0	0	0	0.000	0.000	0	0	0	0	0	0	0	0	0	0	0	0	0
129	129	1831	467.786	806.999	233	524	621	374	52	203	651	644	264	39	125.087	146	135	132	130	128	126	124	121	118	113	101	158.950	213	190	182	174	166	159	153	147	138	126	103	0	0	0.000	0.000	0	0	0	0	0	0	0	0	0	0	0	0.000	0.000	0	0	0	0	0	0	0	0	0	0	0	0	0
130	130	1510	185.780	810.167	133	284	653	369	54	105	399	717	215	58	150.281	192	172	165	159	154	150	146	142	136	129	109	105.257	121	110	108	107	106	105	104	103	102	101	97	0	0	0.000	0.000	0	0	0	0	0	0	0	0	0	1	14	193.286	810.722	0	0	0	182	0	0	113	0	0	0	0	0	0
131	131	1770	1180.959	830.625	330	602	593	184	26	283	626	573	213	41	600.894	914	817	760	716	680	635	578	521	446	331	128	107.955	126	114	111	110	108	107	106	105	104	103	95	0	0	0.000	0.000	0	0	0	0	0	0	0	0	0	0	0	0.000	0.000	0	0	0	0	0	0	0	0	0	0	0	0	0
132	132	1401	736.903	832.389	489	373	283	182	48	389	443	323	189	37	117.482	138	126	124	122	120	118	116	114	111	108	101	313.529	530	466	433	389	345	308	277	245	203	159	107	0	0	0.000	0.000	0	0	0	0	0	0	0	0	0	0	0	0.000	0.000	0	0	0	0	0	0	0	0	0	0	0	0	0
133	133	1515	981.341	840.582	201	345	506	351	74	190	519	496	239	50	442.333	10721	562	220	168	155	147	141	136	129	122	104	138.272	904	147	130	125	122	119	116	114	110	107	98	1	67	971.760	833.898	0	0	0	4367	0	0	257	0	0	1	65	973.279	834.157	0	0	0	3265	0	0	450	0	0	0	0	0	0
134	134	2730	1916.832	848.581	623	752	843	388	76	492	761	862	438	121	203.474	280	244	236	229	220	210	200	187	170	149	109	115.980	139	126	123	120	118	116	113	111	109	107	100	0	0	0.000	0.000	0	0	0	0	0	0	0	0	0	0	0	0.000	0.000	0	0	0	0	0	0	0	0	0	0	0	0	0
135	135	882	227.953	846.586	116	263	295	144	45	113	417	260	54	21	141.316	172	158	154	151	147	144	140	136	129	118	105	106.006	124	113	109	107	106	105	104	103	103	102	96	0	0	0.000	0.000	0	0	0	0	0	0	0	0	0	0	0	0.000	0.000	0	0	0	0	0	0	0	0	0	0	0	0	0
136	136	1953	1032.322	862.094	238	421	721	442	82	174	570	853	240	75	166.957	2014	184	169	160	154	150	145	140	133	122	102	134.650	401	151	146	142	138	134	130	126	117	108	97	1	31	1021.160	865.943	0	0	0	823	0	0	196	0	0	1	26	1022.407	865.373	0	0	0	641	0	0	290	0	0	0	0	0	0
137	137	1767	1811.225	870.492	292	628	552	221	36	207	639	477	297	112	118.872	140	129	125	122	121	119	117	115	113	109	99	127.457	155	141	136	133	130	127	125	122	119	114	101	0	0	0.000	0.000	0	0	0	0	0	0	0	0	0	0	0	0.000	0.000	0	0	0	0	0	0	0	0	0	0	0	0	0
138	138	1759	1487.376	880.627	265	415	559	363	120	283	634	499	238	73	238.954	359	302	285	270	256	242	231	218	193	165	112	112.051	167	124	115	112	110	109	108	107	106	104	97	0	0	0.000	0.000	0	0	0	0	0	0	0	0	0	1	213	1491.527	875.112	0	0	0	302	0	0	132	0	0	0	0	0	0
139	139	1414	1434.743	892.140	462	644	237	36	13	644	632	82	14	9	122.052	255	134	127	124	122	120	118	115	112	109	101	143.153	196	167	158	153	147	142	137	133	128	120	105	0	0	0.000	0.000	0	0	0	0	0	0	0	0	0	0	0	0.000	0.000	0	0	0	0	0	0	0	0	0	0	0	0	0
140	140	2258	1074.927	894.326	357	542	794	439	83	266	761	793	345	58	958.245	19463	1223	337	212	175	157	147	139	132	124	104	294.642	4382	366	184	158	144	137	130	125	120	113	99	1	163	1070.164	890.037	0	0	0	8844	0	0	1631	0	0	1	148	1070.968	890.086	0	0	0	10193	0	0	2046	0	0	0	0	0	0
141	141	1919	1862.208	903.019	213	404	745	430	89	210	582	744	273	79	461.004	13552	461	198	153	142	135	131	126	121	117	103	163.051	991	183	161	153	147	142	138	134	129	122	102	1	70	1854.400	907.478	0	0	0	6527	0	0	552	0	0	1	74	1854.379	907.850	0	0	0	6165	0	0	530	0	0	0	0	0	0
142	142	1488	770.675	904.885	143	592	607	106	13	82	430	675	201	63	127.592	152	138	135	133	131	128	126	124	121	116	102	158.308	206	187	181	175	168	160	152	144	136	126	104	0	0	0.000	0.000	0	0	0	0	0	0	0	0	0	0	0	0.000	0.000	0	0	0	0	0	0	0	0	0	0	0	0	0
143	143	1835	516.920	908.076	171	486	625	434	84	192	607	712	244	49	326.734	522	425	396	376	361	343	321	290	254	203	113	115.145	136	124	121	119	117	115	113	112	109	106	99	0	0	0.000	0.000	0	0	0	0	0	0	0	0	0	0	0	0.000	0.000	0	0	0	0	0	0	0	0	0	0	0	0	0
144	144	1957	720.649	918.278	214	671	699	302	28	223	712	585	304	94	525.394	12541	648	244	174	150	140	135	131	126	119	103	200.391	1509	221	194	185	177	168	158	147	137	125	106	1	102	724.999	907.379	0	0	0	5553	0	0	765	0	0	1	89	724.861	907.121	0	0	0	6070	0	0	819	0	0	0	0	0	0
145	145	1421	427.303	915.558	263	380	503	226	28	213	457	483	224	22	109.631	127	115	113	112	111	109	108	107	107	105	99	106.595	127	113	110	108	106	105	105	104	103	102	95	0	0	0.000	0.000	0	0	0	0	0	0	0	0	0	0	0	0.000	0.000	0	0	0	0	0	0	0	0	0	0	0	0	0
146	146	2392	1030.244	936.266	432	554	939	395	29	353	557	980	379	85	136.119	170	152	148	145	142	138	135	130	124	115	97	132.895	171	154	148	143	139	134	129	123	117	110	95	0	0	0.000	0.000	0	0	0	0	0	0	0	0	0	0	0	0.000	0.000	0	0	0	0	0	0	0	0	0	0	0	0	0
147	147	1855	1121.771	947.620	171	274	697	537	144	196	348	809	382	79	385.090	560	481	454	431	411	396	377	354	322	267	154	125.160	147	135	133	130	127	125	123	121	118	114	102	0	0	0.000	0.000	0	0	0	0	0	0	0	0	0	0	0	0.000	0.000	0	0	0	0	0	0	0	0	0	0	0	0	0
148	148	2483	1897.065	957.194	451	996	631	305	48	436	1117	593	249	41	2507.638	31746	7134	913	389	303	273	254	230	205	166	107	706.420	9891	1615	312	176	149	141	134	129	123	117	102	1	336	1895.983	959.924	0	0	0	16013	0	0	3379	0	0	1	270	1895.898	959.635	0	0	0	19819	0	0	4562	0	0	0	0	0	0
149	149	1443	537.543	954.526	250	395	493	240	48	168	479	478	198	93	336.739	489	423	401	386	372	358	339	312	271	209	116	118.622	137	127	124	122	121	119	117	115	113	110	101	0	0	0.000	0.000	0	0	0	0	0	0	0	0	0	0	0	0.000	0.000	0	0	0	0	0	0	0	0	0	0	0	0	0
150	150	1222	338.756	973.226	112	230	408	343	105	95	339	503	197	67	110.651	127	116	114	113	112	111	110	109	107	106	100	154.943	203	180	172	167	162	158	153	146	138	126	104	0	0	0.000	0.000	0	0	0	0	0	0	0	0	0	0	0	0.000	0.000	0	0	0	0	0	0	0	0	0	0	0	0	0
151	151	1221	1525.094	988.544	133	281	476	284	24	106	347	479	234	37	244.075	4433	287	178	161	154	147	140	134	129	123	106	122.044	287	135	129	125	123	120	116	113	109	106	101	1	46	1512.284	986.315	0	0	0	1795	0	0	119	0	0	1	35	1515.255	980.106	0	0	0	202	0	0	201	0	0	0	0	0	0
152	152	1568	1919.856	996.288	256	461	541	240	43	207	501	557	226	52	253.774	370	317	306	295	283	269	249	225	198	165	117	131.802	166	152	146	142	137	132	127	121	117	112	100	0	0	0.000	0.000	0	0	0	0	0	0	0	0	0	0	0	0.000	0.000	0	0	0	0	0	0	0	0	0	0	0	0	0
153	153	1303	1109.078	995.886	230	416	453	163	19	220	348	422	217	65	387.850	590	472	449	433	419	404	385	357	320	271	170	129.716	170	149	141	136	131	127	124	121	118	114	104	0	0	0.000	0.000	0	0	0	0	0	0	0	0	0	0	0	0.000	0.000	0	0	0	0	0	0	0	0	0	0	0	0	0
154	154	2716	99.858	1006.368	613	710	892	419	38	464	623	972	487	128	172.818	239	205	198	191	185	177	168	158	146	132	105	191.284	286	249	234	218	204	190	175	162	152	137	110	0	0	0.000	0.000	0	0	0	0	0	0	0	0	0	0	0	0.000	0.000	0	0	0	0	0	0	0	0	0	0	0	0	0
155	155	702	1357.832	993.818	32	151	236	202	66	58	223	259	119	26	235.828	300	276	269	261	252	242	229	217	203	183	147	123.191	140	131	128	126	125	123	122	120	118	116	108	0	0	0.000	0.000	0	0	0	0	0	0	0	0	0	0	0	0.000	0.000	0	0	0	0	0	0	0	0	0	0	0	0	0
156	156	2233	216.864	1003.827	536	890	604	118	39	569	1102	442	63	21	836.242	17572	1091	319	208	176	159	149	143	135	125	104	222.010	1817	277	193	178	169	161	153	147	141	130	105	1	157	218.615	993.505	0	0	0	7765	0	0	849	0	0	1	144	218.111	993.457	0	0	0	8093	0	0	892	0	0	0	0	0	0
157	157	2093	370.328	1017.802	336	784	681	238	17	246	730	711	314	64	111.357	127	117	115	114	112	111	110	109	108	106	98	168.452	232	201	192	186	179	171	163	154	145	130	101	0	0	0.000	0.000	0	0	0	0	0	0	0	0	0	0	0	0.000	0.000	0	0	0	0	0	0	0	0	0	0	0	0	0
158	158	826	893.352	1006.715	84	237	288	168	37	68	238	309	135	58	122.944	143	132	129	127	126	124	122	119	116	112	101	211.121	281	258	249	239	226	215	202	190	175	157	114	0	0	0.000	0.000	0	0	0	0	0	0	0	0	0	0	0	0.000	0.000	0	0	0	0	0	0	0	0	0	0	0	0	0
159	159	918	1561.611	1015.884	99	247	321	194	44	115	297	308	132	44	140.817	175	160	154	151	147	142	139	134	127	119	102	122.388	143	133	130	127	125	123	121	118	115	110	101	0	0	0.000	0.000	0	0	0	0	0	0	0	0	0	0	0	0.000	0.000	0	0	0	0	0	0	0	0	0	0	0	0	0
160	160	3923	1267.108	1041.671	3108	580	146	45	16	2971	627	199	67	33	233.359	735	555	318	222	177	152	137	128	123	118	105	137.948	252	193	169	143	129	123	119	116	113	110	101	0	0	0.000	0.000	0	0	0	0	0	0	0	0	0	0	0	0.000	0.000	0	0	0	0	0	0	0	0	0	0	0	0	0
161	161	2301	162.633	1024.020	385	426	743	538	169	392	903	700	250	24	2113.616	25769	5799	934	429	291	234	203	183	161	138	107	865.861	10763	2139	478	297	251	223	203	185	164	139	109	1	314	164.068	1021.314	0	0	0	12834	0	0	4132	0	0	1	257	164.024	1021.593	0	0	0	16049	0	0	5226	0	0	0	0	0	0
162	162	1310	650.573	1026.841	85	208	480	384	126	85	416	491	229	59	355.510	481	422	407	395	380	368	353	338	311	262	150	155.291	198	173	168	164	161	158	154	150	144	133	106	0	0	0.000	0.000	0	0	0	0	0	0	0	0	0	0	0	0.000	0.000	0	0	0	0	0	0	0	0	0	0	0	0	0
163	163	1297	1197.420	1028.290	135	386	529	199	25	169	526	398	150	26	136.662	169	152	147	143	140	137	134	130	126	121	109	157.733	215	191	182	174	165	157	149	141	134	126	105	0	0	0.000	0.000	0	0	0	0	0	0	0	0	0	0	0	0.000	0.000	0	0	0	0	0	0	0	0	0	0	0	0	0
164	164	1789	1507.034	1031.413	425	919	388	18	9	361	1041	338	15	12	195.872	4054	192	155	147	142	138	134	130	126	121	104	163.637	670	191	181	171	163	156	150	144	137	129	107	1	41	1497.994	1021.207	0	0	0	1819	0	0	218	0	0	1	38	1499.429	1018.495	0	0	0	522	0	0	385	0	0	0	0	0	0
165	165	2064	303.861	1037.502	329	537	684	417	58	181	583	867	307	86	1313.985	21493	1887	698	521	457	413	367	315	263	209	115	297.703	4297	393	184	162	149	140	132	125	118	111	102	1	157	307.627	1039.253	0	0	0	10514	0	0	1779	0	0	1	144	307.076	1038.510	0	0	0	9400	0	0	1999	0	0	0	0	0	0
166	166	1531	895.868	1048.301	316	349	478	314	42	308	524	421	207	44	794.434	15124	1199	355	215	168	147	136	128	123	115	103	284.032	2313	395	272	245	225	209	195	183	163	131	103	1	107	899.584	1049.727	0	0	0	7356	0	0	1123	0	0	1	95	899.436	1049.465	0	0	0	7924	0	0	1233	0	0	0	0	0	0
167	167	1971	1618.140	1063.585	473	1000	388	57	11	251	931	471	230	44	294.369	8385	297	171	147	139	133	128	124	120	114	101	207.604	985	246	229	217	205	194	185	175	165	148	112	1	65	1614.673	1062.938	0	0	0	3380	0	0	543	0	0	1	46	1614.522	1062.043	0	0	0	3533	0	0	677	0	0	0	0	0	0
168	168	1677	115.244	1083.919	267	485	544	321	37	254	629	485	246	35	496.209	829	682	636	599	566	524	475	419	345	266	118	106.739	119	111	109	108	107	106	106	105	104	103	96	0	0	0.000	0.000	0	0	0	0	0	0	0	0	0	0	0	0.000	0.000	0	0	0	0	0	0	0	0	0	0	0	0	0
169	169	695	1930.345	1077.698	204	265	165	36	14	162	235	187	78	15	537.253	883	739	684	638	598	553	514	474	401	277	157	127.494	152	140	137	134	132	129	126	122	118	110	101	0	0	0.000	0.000	0	0	0	0	0	0	0	0	0	0	0	0.000	0.000	0	0	0	0	0	0	0	0	0	0	0	0	0
170	170	1721	690.413	1091.170	349	537	595	182	33	328	776	400	154	31	849.764	15331	1091	477	406	377	358	333	301	261	205	119	233.064	3081	281	157	146	141	137	133	129	123	115	101	1	103	684.617	1098.302	0	0	0	7170	0	0	1454	0	0	1	99	683.564	1097.757	0	0	0	4676	0	0	1514	0	0	0	0	0	0
171	171	519	813.739	1089.922	66	129	153	125	40	36	109	188	129	46	117.476	133	126	124	121	119	118	116	114	112	109	103	204.921	274	259	248	236	225	214	201	182	161	135	111	0	0	0.000	0.000	0	0	0	0	0	0	0	0	0	0	0	0.000	0.000	0	0	0	0	0	0	0	0	0	0	0	0	0
172	172	1939	771.179	1102.089	267	570	741	277	44	199	536	777	309	80	152.530	2246	152	138	135	132	129	126	123	120	115	103	263.035	477	347	326	302	281	261	242	225	210	181	116	1	35	757.507	1109.832	0	0	0	870	0	0	340	0	0	0	0	0.000	0.000	0	0	0	0	0	0	0	0	0	0	0	0	0
173	173	1467	1841.573	1103.736	167	349	473	357	96	192	668	411	148	19	1284.049	21370	2795	643	321	220	183	163	151	139	126	106	281.334	2833	499	212	165	149	140	133	127	121	115	105	1	125	1846.043	1106.726	0	0	0	10041	0	0	1431	0	0	1	137	1846.027	1106.603	0	0	0	9364	0	0	1321	0	0	0	0	0	0
174	174	1232	898.045	1100.119	429	295	279	162	43	386	296	305	164	63	113.519	132	121	119	117	115	114	112	110	108	106	98	110.601	129	118	115	113	111	110	109	108	106	104	99	0	0	0.000	0.000	0	0	0	0	0	0	0	0	0	0	0	0.000	0.000	0	0	0	0	0	0	0	0	0	0	0	0	0
175	175	1089	214.983	1099.866	164	288	382	224	11	108	169	522	187	86	122.389	145	133	130	128	125	123	120	118	115	110	102	120.232	143	130	127	125	123	121	119	116	113	109	99	0	0	0.000	0.000	0	0	0	0	0	0	0	0	0	0	0	0.000	0.000	0	0	0	0	0	0	0	0	0	0	0	0	0
176	176	1816	263.947	1115.892	236	612	576	320	41	224	739	541	245	47	219.392	5446	181	141	134	129	124	121	117	115	111	101	128.890	560	136	130	127	124	122	119	117	114	110	101	1	59	241.669	1117.110	0	0	0	2228	0	0	307	0	0	1	54	241.547	1117.162	0	0	0	2333	0	0	333	0	0	0	0	0	0
177	177	1186	1632.424	1113.330	230	360	391	165	21	184	425	333	167	63	121.675	142	132	129	126	124	122	120	118	115	111	98	170.207	226	200	192	185	179	175	169	160	149	130	106	0	0	0.000	0.000	0	0	0	0	0	0	0	0	0	0	0	0.000	0.000	0	0	0	0	0	0	0	0	0	0	0	0	0
178	178	582	414.341	1115.449	68	166	190	116	29	46	164	215	130	21	289.321	410	362	343	325	312	299	284	262	235	200	141	119.820	140	130	126	124	122	120	118	115	113	110	101	0	0	0.000	0.000	0	0	0	0	0	0	0	0	0	0	0	0.000	0.000	0	0	0	0	0	0	0	0	0	0	0	0	0
179	179	1234	1786.437	1123.578	123	404	380	248	61	102	493	359	175	79	158.459	219	188	177	168	162	158	152	147	140	133	104	115.146	133	122	120	118	117	115	114	112	111	108	100	0	0	0.000	0.000	0	0	0	0	0	0	0	0	0	0	0	0.000	0.000	0	0	0	0	0	0	0	0	0	0	0	0	0
180	180	773	114.001	1125.042	90	194	205	181	86	99	248	231	126	49	400.649	585	542	515	488	457	428	384	335	288	206	130	106.237	118	112	109	108	107	106	105	104	103	102	98	0	0	0.000	0.000	0	0	0	0	0	0	0	0	0	0	0	0.000	0.000	0	0	0	0	0	0	0	0	0	0	0	0	0
181	181	1501	1305.263	1140.419	542	520	314	72	23	489	567	307	85	24	123.815	146	134	131	129	126	124	122	119	116	113	104	158.456	218	187	179	172	166	160	153	145	137	127	107	0	0	0.000	0.000	0	0	0	0	0	0	0	0	0	0	0	0.000	0.000	0	0	0	0	0	0	0	0	0	0	0	0	0
182	182	637	156.553	1138.649	54	235	178	130	29	55	187	203	130	49	115.856	130	123	121	119	117	116	114	113	111	109	99	120.743	141	131	127	125	123	121	119	117	114	110	102	0	0	0.000	0.000	0	0	0	0	0	0	0	0	0	0	0	0.000	0.000	0	0	0	0	0	0	0	0	0	0	0	0	0
183	183	1319	1822.818	1151.684	282	359	373	247	39	255	302	422	212	111	150.440	183	167	162	159	155	152	149	145	139	131	108	137.279	199	157	151	147	142	137	133	127	121	115	100	0	0	0.000	0.000	0	0	0	0	0	0	0	0	0	0	0	0.000	0.000	0	0	0	0	0	0	0	0	0	0	0	0	0
184	184	2219	1208.687	1164.473	714	948	474	32	16	785	1043	305	29	9	115.849	139	125	122	120	118	116	114	112	110	107	101	117.435	149	132	126	121	118	115	113	111	109	107	100	0	0	0.000	0.000	0	0	0	0	0	0	0	0	0	0	0	0.000	0.000	0	0	0	0	0	0	0	0	0	0	0	0	0
185	185	802	624.779	1157.839	140	288	262	75	19	131	231	278	118	26	111.589	125	117	115	114	112	111	110	109	108	106	102	148.349	186	168	163	159	155	150	145	140	134	125	106	0	0	0.000	0.000	0	0	0	0	0	0	0	0	0	0	0	0.000	0.000	0	0	0	0	0	0	0	0	0	0	0	0	0
186	186	1804	740.096	1166.364	188	473	649	399	63	235	724	556	232	28	1188.847	19429	2159	564	292	201	163	145	133	124	116	103	459.147	5267	731	347	275	251	232	217	202	184	156	107	1	164	738.188	1165.764	0	0	0	9272	0	0	2267	0	0	1	137	738.238	1165.623	0	0	0	11092	0	0	2723	0	0	0	0	0	0
187	187	1540	1781.583	1174.872	140	403	536	345	81	155	480	525	289	55	1253.547	18251	2928	719	362	260	211	185	171	158	143	114	179.660	1190	291	150	131	124	121	118	116	113	110	100	1	156	1777.667	1168.013	0	0	0	8446	0	0	603	0	0	1	151	1778.282	1168.274	0	0	0	8706	0	0	616	0	0	0	0	0	0
188	188	1911	1597.036	1174.569	349	617	599	285	27	293	660	530	304	89	531.465	12318	601	225	173	157	147	140	134	128	121	104	205.131	1868	234	176	166	160	153	146	139	132	125	108	1	102	1599.400	1168.159	0	0	0	5636	0	0	922	0	0	1	101	1599.649	1168.391	0	0	0	5636	0	0	922	0	0	0	0	0	0
189	189	1927	130.345	1185.217	275	398	621	421	167	331	669	589	272	29	634.107	1051	939	827	741	678	619	577	536	470	344	125	126.735	159	142	137	133	130	126	123	120	117	112	102	0	0	0.000	0.000	0	0	0	0	0	0	0	0	0	0	0	0.000	0.000	0	0	0	0	0	0	0	0	0	0	0	0	0
190	190	1509	914.010	1181.686	247	454	618	133	30	272	604	449	138	20	258.961	395	340	314	297	278	263	249	231	204	170	113	110.764	133	120	116	113	111	109	108	107	105	104	98	0	0	0.000	0.000	0	0	0	0	0	0	0	0	0	0	0	0.000	0.000	0	0	0	0	0	0	0	0	0	0	0	0	0
191	191	857	779.547	1186.338	78	237	290	184	44	77	284	321	124	39	126.519	146	136	133	131	129	127	125	122	120	117	104	258.214	365	321	305	291	276	263	247	231	211	187	129	0	0	0.000	0.000	0	0	0	0	0	0	0	0	0	0	0	0.000	0.000	0	0	0	0	0	0	0	0	0	0	0	0	0
192	192	2540	1922.227	1204.781	466	630	753	561	89	411	687	648	559	191	465.963	11552	309	270	250	234	222	209	199	186	164	116	535.069	8750	465	392	374	354	335	316	279	231	191	114	1	120	1937.627	1205.175	0	0	0	5396	0	0	3833	0	0	1	119	1936.857	1204.492	0	0	0	4097	0	0	4256	0	0	0	0	0	0
193	193	603	1833.044	1209.417	113	177	144	119	41	122	156	134	143	36	274.370	355	322	312	302	295	288	276	265	240	201	134	109.711	125	115	113	112	110	109	108	107	106	105	99	0	0	0.000	0.000	0	0	0	0	0	0	0	0	0	0	0	0.000	0.000	0	0	0	0	0	0	0	0	0	0	0	0	0
194	194	1373	1092.804	1216.751	232	431	501	155	22	114	268	545	299	123	155.793	948	169	159	154	149	144	139	134	128	122	106	126.832	347	137	132	129	126	124	122	119	116	113	103	1	36	1088.745	1225.287	0	0	0	483	0	0	148	0	0	1	26	1092.155	1223.654	0	0	0	222	0	0	225	0	0	0	0	0	0
195	195	1559	623.987	1228.029	766	600	106	55	14	593	605	229	67	39	395.850	2354	456	435	423	410	397	379	350	307	247	122	119.341	316	130	124	121	118	116	114	112	110	108	102	1	21	618.380	1245.813	0	0	0	1584	0	0	192	0	0	1	31	619.359	1246.260	0	0	0	1307	0	0	210	0	0	0	0	0	0
196	196	1444	901.054	1234.442	215	366	522	278	37	135	454	563	193	60	272.037	421	347	322	306	292	275	261	244	222	188	121	107.767	121	112	111	110	108	108	107	106	105	103	97	0	0	0.000	0.000	0	0	0	0	0	0	0	0	0	0	0	0.000	0.000	0	0	0	0	0	0	0	0	0	0	0	0	0
197	197	1787	1866.369	1243.646	167	538	621	310	124	177	641	574	283	81	150.602	185	167	163	159	156	153	149	144	138	131	108	126.138	174	139	135	132	129	126	123	120	117	113	101	0	0	0.000	0.000	0	0	0	0	0	0	0	0	0	0	0	0.000	0.000	0	0	0	0	0	0	0	0	0	0	0	0	0
198	198	687	1183.988	1253.262	429	155	56	22	12	466	152	39	16	5	136.342	326	153	144	140	135	131	127	123	119	115	102	271.834	446	379	348	311	287	261	238	220	204	187	145	1	27	1177.556	1252.456	0	0	0	239	0	0	364	0	0	0	0	0.000	0.000	0	0	0	0	0	0	0	0	0	0	0	0	0
199	199	1457	224.590	1264.055	167	520	541	187	15	90	468	611	200	62	157.419	202	182	176	170	164	159	154	147	140	129	104	264.839	397	353	332	310	288	264	243	223	206	177	114	0	0	0.000	0.000	0	0	0	0	0	0	0	0	0	0	0	0.000	0.000	0	0	0	0	0	0	0	0	0	0	0	0	0
200	200	1303	1258.478	1272.238	164	404	538	142	23	131	400	475	195	72	128.612	458	138	132	130	128	126	123	121	118	111	100	160.863	237	202	192	184	174	164	154	142	124	112	102	1	26	1252.141	1259.582	0	0	0	269	0	0	205	0	0	0	0	0.000	0.000	0	0	0	0	0	0	0	0	0	0	0	0	0
201	201	749	1167.173	1273.578	429	181	80	33	14	393	188	102	48	11	125.920	156	138	133	130	127	126	123	121	118	115	106	261.360	437	322	298	286	277	269	259	248	220	183	122	0	0	0.000	0.000	0	0	0	0	0	0	0	0	0	0	0	0.000	0.000	0	0	0	0	0	0	0	0	0	0	0	0	0
202	202	1726	1887.349	1295.499	157	451	641	350	92	134	488	608	334	129	530.793	12311	669	279	212	189	175	165	157	148	136	105	162.087	1345	188	142	135	130	127	124	121	118	113	100	1	84	1893.986	1292.992	0	0	0	5189	0	0	672	0	0	1	81	1894.320	1292.928	0	0	0	5374	0	0	673	0	0	0	0	0	0
203	203	1427	1332.065	1292.580	223	369	450	307	60	231	610	378	157	23	112.252	126	119	116	115	113	112	111	110	108	106	99	106.696	118	111	109	108	107	107	106	105	104	103	94	0	0	0.000	0.000	0	0	0	0	0	0	0	0	0	0	0	0.000	0.000	0	0	0	0	0	0	0	0	0	0	0	0	0
204	204	1931	180.011	1294.682	359	636	518	311	70	428	783	531	141	17	768.535	13823	1233	380	239	201	178	165	155	145	133	105	268.202	2733	405	202	169	160	154	149	144	136	126	101	1	144	173.470	1292.437	0	0	0	5882	0	0	1377	0	0	1	144	172.971	1291.976	0	0	0	5882	0	0	1377	0	0	0	0	0	0
205	205	1814	700.408	1302.523	226	497	570	374	100	193	738	596	192	72	555.873	10744	628	395	352	329	310	294	276	254	222	148	159.485	1629	173	134	129	126	124	121	119	117	113	100	1	71	694.139	1311.936	0	0	0	4573	0	0	772	0	0	1	72	693.708	1311.049	0	0	0	4073	0	0	772	0	0	0	0	0	0
206	206	1507	1932.215	1305.133	130	286	460	459	141	120	314	569	379	92	486.222	8369	573	372	332	313	293	273	253	229	200	129	132.853	659	143	129	124	121	118	116	115	113	111	103	1	62	1925.702	1303.075	0	0	0	3746	0	0	259	0	0	1	58	1926.772	1302.252	0	0	0	2479	0	0	392	0	0	0	0	0	0
207	207	1937	1127.828	1305.165	901	507	302	150	55	1169	434	214	90	9	434.288	9747	536	225	184	168	158	151	145	139	131	108	370.706	2520	486	393	360	341	325	307	286	269	230	135	1	96	1129.235	1298.894	0	0	0	4019	0	0	1111	0	0	1	57	1129.498	1297.848	0	0	0	5746	0	0	1586	0	0	0	0	0	0
208	208	1852	1702.228	1308.791	318	570	600	290	54	247	605	547	312	109	2661.245	17298	3571	3052	2775	2505	2294	2119	1892	1533	1058	308	149.841	695	163	147	142	137	133	129	125	121	116	105	1	72	1711.457	1316.078	0	0	0	11848	0	0	495	0	0	1	92	1711.320	1315.306	0	0	0	9852	0	0	429	0	0	0	0	0	0
209	209	1926	1815.892	1301.334	272	492	705	357	63	217	756	641	240	24	1596.558	19114	2137	1131	1017	971	924	861	766	658	483	171	274.706	3849	350	177	158	152	148	144	138	130	119	102	1	128	1807.294	1296.767	0	0	0	10312	0	0	1591	0	0	1	120	1807.050	1296.347	0	0	0	11156	0	0	1705	0	0	0	0	0	0
210	210	2011	243.467	1311.314	314	439	723	431	65	261	492	754	343	118	3038.794	28973	12377	2076	740	431	304	238	201	176	157	121	694.068	5463	1919	600	386	324	293	263	233	199	150	108	1	368	245.040	1312.757	0	0	0	14411	0	0	2192	0	0	1	300	244.794	1312.114	0	0	0	17790	0	0	2813	0	0	0	0	0	0
211	211	1206	658.489	1320.934	125	381	414	244	23	114	437	412	168	55	309.937	1634	371	343	325	314	304	290	267	239	201	138	121.920	228	131	127	125	122	120	118	116	114	110	101	1	20	647.869	1325.543	0	0	0	1021	0	0	152	0	0	1	19	648.822	1323.111	0	0	0	557	0	0	194	0	0	0	0	0	0
212	212	1098	1507.397	1319.556	203	462	305	82	28	227	561	228	42	13	287.908	392	349	331	317	304	291	278	264	249	227	136	138.558	163	151	148	145	142	139	136	133	129	124	107	0	0	0.000	0.000	0	0	0	0	0	0	0	0	0	0	0	0.000	0.000	0	0	0	0	0	0	0	0	0	0	0	0	0
213	213	1792	604.680	1334.626	221	461	591	410	72	179	533	638	329	79	398.866	574	505	479	459	442	423	396	356	309	254	157	129.530	157	143	139	135	133	130	127	124	120	115	102	0	0	0.000	0.000	0	0	0	0	0	0	0	0	0	0	0	0.000	0.000	0	0	0	0	0	0	0	0	0	0	0	0	0
214	214	2507	748.738	1346.676	471	750	809	380	47	392	768	885	323	98	253.853	4988	262	223	204	189	176	165	154	144	130	105	243.152	2074	301	269	249	230	213	197	182	166	146	107	1	64	738.881	1345.580	0	0	0	2268	0	0	953	0	0	1	63	739.288	1344.170	0	0	0	1364	0	0	1062	0	0	0	0	0	0
215	215	1525	1355.110	1350.019	244	437	478	280	64	246	505	465	251	38	112.023	126	118	116	115	113	112	111	109	108	105	99	108.522	134	117	112	109	108	107	106	105	104	103	99	0	0	0.000	0.000	0	0	0	0	0	0	0	0	0	0	0	0.000	0.000	0	0	0	0	0	0	0	0	0	0	0	0	0
216	216	2002	1656.502	1359.904	358	516	688	343	71	342	665	597	291	61	3891.529	30379	15042	3125	1492	1164	1030	920	832	714	526	201	326.424	2408	938	267	165	139	132	128	123	119	114	104	1	376	1652.779	1362.758	0	0	0	16116	0	0	989	0	0	1	322	1652.788	1362.112	0	0	0	19096	0	0	1192	0	0	0	0	0	0
217	217	2186	682.030	1365.877	520	701	640	249	53	509	980	479	154	24	4803.484	35277	24096	5056	1458	677	395	274	219	183	155	116	1485.185	12255	6127	1318	494	313	254	220	198	186	167	114	0	0	0.000	0.000	0	0	0	0	0	0	0	0	0	0	0	0.000	0.000	0	0	0	0	0	0	0	0	0	0	0	0	0
218	218	1239	179.130	1367.826	297	351	375	158	31	338	480	254	117	26	110.058	139	119	114	112	110	109	107	106	105	104	98	106.790	125	112	110	108	107	106	105	105	104	103	96	0	0	0.000	0.000	0	0	0	0	0	0	0	0	0	0	0	0.000	0.000	0	0	0	0	0	0	0	0	0	0	0	0	0
219	219	1596	1609.817	1368.316	169	368	616	329	88	153	455	589	296	74	977.900	1381	1255	1216	1180	1144	1086	981	846	705	545	200	122.560	147	133	129	127	125	123	121	118	115	112	102	0	0	0.000	0.000	0	0	0	0	0	0	0	0	0	0	0	0.000	0.000	0	0	0	0	0	0	0	0	0	0	0	0	0
220	220	1233	1884.147	1367.516	152	243	459	248	108	164	430	388	210	22	109.393	125	115	113	112	110	109	108	107	106	104	98	141.394	181	161	156	151	147	143	139	134	128	119	102	0	0	0.000	0.000	0	0	0	0	0	0	0	0	0	0	0	0.000	0.000	0	0	0	0	0	0	0	0	0	0	0	0	0
221	221	1247	1310.571	1372.438	114	346	496	237	28	108	470	449	167	29	118.729	137	126	124	122	120	119	117	116	114	111	98	167.443	232	200	188	179	172	166	161	156	149	137	110	0	0	0.000	0.000	0	0	0	0	0	0	0	0	0	0	0	0.000	0.000	0	0	0	0	0	0	0	0	0	0	0	0	0
222	222	1825	1056.745	1384.340	276	640	604	226	37	193	812	508	238	38	398.517	10244	443	201	159	144	135	131	127	122	116	102	212.549	1293	256	220	207	195	186	176	165	156	140	103	1	80	1063.917	1381.032	0	0	0	4252	0	0	706	0	0	1	70	1063.688	1380.582	0	0	0	4453	0	0	761	0	0	0	0	0	0
223	223	1663	221.733	1390.141	789	725	108	9	7	553	655	348	63	11	114.367	143	124	120	118	116	114	112	110	108	105	96	246.062	380	331	314	298	279	258	233	206	171	136	105	0	0	0.000	0.000	0	0	0	0	0	0	0	0	0	0	0	0.000	0.000	0	0	0	0	0	0	0	0	0	0	0	0	0
224	224	1963	1231.877	1402.854	240	599	662	385	40	264	751	644	240	33	672.686	14483	848	289	205	174	153	142	134	128	121	99	185.674	1473	218	160	150	143	138	134	129	125	120	101	1	118	1229.171	1403.892	0	0	0	7063	0	0	763	0	0	1	120	1229.509	1403.565	0	0	0	6626	0	0	753	0	0	0	0	0	0
225	225	1967	1406.661	1410.236	158	452	736	459	117	135	498	879	305	112	310.132	8535	293	163	153	148	144	139	134	127	120	102	152.579	1151	166	152	144	138	132	126	122	118	114	100	1	60	1419.218	1396.970	0	0	0	3943	0	0	609	0	0	1	60	1419.157	1395.957	0	0	0	2431	0	0	609	0	0	0	0	0	0
226	226	1681	1900.936	1415.428	205	526	554	300	67	191	613	535	251	52	110.481	123	115	114	112	111	110	109	108	107	106	100	150.152	195	168	163	159	156	152	147	143	138	128	105	0	0	0.000	0.000	0	0	0	0	0	0	0	0	0	0	0	0.000	0.000	0	0	0	0	0	0	0	0	0	0	0	0	0
227	227	1636	1184.894	1422.958	287	640	548	120	16	196	715	440	217	38	184.031	2873	183	154	146	139	134	129	125	121	117	105	138.386	491	154	145	139	135	131	128	125	122	117	103	1	48	1188.579	1406.285	0	0	0	1390	0	0	239	0	0	1	38	1189.417	1404.690	0	0	0	691	0	0	319	0	0	0	0	0	0
228	228	1716	1641.814	1436.097	401	655	486	128	13	240	630	542	216	56	1783.099	22367	4637	983	422	268	196	168	153	140	127	107	409.790	3662	871	332	237	208	188	178	168	156	143	115	1	231	1642.041	1440.925	0	0	0	10334	0	0	1317	0	0	1	191	1641.743	1439.339	0	0	0	8553	0	0	1822	0	0	0	0	0	0
229	229	1080	1386.290	1460.461	135	266	311	255	98	122	281	363	224	66	125.951	148	135	132	130	128	126	125	122	120	116	105	128.048	151	141	137	135	132	129	126	123	119	113	100	0	0	0.000	0.000	0	0	0	0	0	0	0	0	0	0	0	0.000	0.000	0	0	0	0	0	0	0	0	0	0	0	0	0
230	230	1866	1688.848	1464.946	154	530	812	284	47	117	696	751	240	29	738.907	15281	1077	342	217	176	162	153	145	138	129	99	261.919	2180	328	226	214	203	195	188	180	170	155	118	1	123	1693.123	1471.140	0	0	0	7065	0	0	1004	0	0	1	105	1692.763	1470.403	0	0	0	7065	0	0	1130	0	0	0	0	0	0
231	231	1245	1900.633	1466.212	199	507	396	113	13	145	510	402	141	21	109.599	122	114	113	112	110	110	109	108	106	105	99	196.220	277	241	228	217	207	198	188	178	167	146	110	0	0	0.000	0.000	0	0	0	0	0	0	0	0	0	0	0	0.000	0.000	0	0	0	0	0	0	0	0	0	0	0	0	0
232	232	966	209.661	1471.134	130	279	295	222	28	152	295	311	170	20	152.917	757	167	158	151	145	139	135	131	127	121	105	115.216	190	123	120	117	116	114	112	111	109	107	100	1	34	211.472	1460.700	0	0	0	410	0	0	133	0	0	1	12	212.236	1460.576	0	0	0	612	0	0	166	0	0	0	0	0	0
233	233	1271	1101.633	1478.418	241	363	338	252	66	157	455	395	167	70	156.727	194	176	171	167	164	160	156	151	144	130	104	234.502	304	284	276	268	260	250	236	220	198	152	110	0	0	0.000	0.000	0	0	0	0	0	0	0	0	0	0	0	0.000	0.000	0	0	0	0	0	0	0	0	0	0	0	0	0
234	234	1288	440.717	1497.681	921	259	58	27	16	959	246	49	13	8	500.365	6690	1032	312	218	191	178	168	160	151	141	114	283.001	3128	516	188	144	137	133	129	126	122	116	101	1	112	437.733	1503.197	0	0	0	3088	0	0	1513	0	0	1	116	437.975	1503.185	0	0	0	3045	0	0	1443	0	0	0	0	0	0
235	235	1906	1148.590	1498.484	370	535	616	292	53	319	594	617	273	78	285.801	6849	288	202	186	178	170	162	154	144	131	109	276.635	3431	306	276	261	244	228	211	195	177	153	113	1	50	1145.687	1505.193	0	0	0	3127	0	0	1646	0	0	1	48	1146.050	1505.192	0	0	0	3233	0	0	1671	0	0	0	0	0	0
236	236	1733	1683.699	1512.495	288	475	631	262	52	284	655	568	184	12	170.436	1956	168	156	148	142	138	134	131	127	120	106	178.353	634	214	205	196	186	176	167	157	146	131	102	1	49	1666.056	1496.657	0	0	0	953	0	0	295	0	0	0	0	0.000	0.000	0	0	0	0	0	0	0	0	0	0	0	0	0
237	237	927	404.424	1520.674	463	223	137	59	31	419	240	142	76	38	189.202	831	234	200	189	181	175	168	160	151	139	111	145.899	508	168	151	146	141	137	134	129	124	116	100	1	28	403.686	1516.555	0	0	0	530	0	0	362	0	0	1	34	404.316	1516.419	0	0	0	477	0	0	328	0	0	0	0	0	0
238	238	1221	1100.182	1531.499	509	351	235	99	10	393	390	301	103	17	114.808	132	122	120	118	117	115	113	111	109	107	100	257.583	390	332	308	293	280	266	253	232	199	164	116	0	0	0.000	0.000	0	0	0	0	0	0	0	0	0	0	0	0.000	0.000	0	0	0	0	0	0	0	0	0	0	0	0	0
239	239	1580	1591.679	1592.987	324	507	490	197	31	247	458	523	255	65	651.303	967	815	779	756	730	703	668	600	502	385	156	109.085	147	118	112	110	108	107	106	105	104	103	95	0	0	0.000	0.000	0	0	0	0	0	0	0	0	0	1	171	1597.054	1595.200	0	0	0	775	0	0	124	0	0	0	0	0	0
240	240	1648	1266.103	1593.808	343	723	476	64	13	233	769	444	156	18	191.395	2878	197	171	161	154	149	144	139	133	125	108	136.522	815	145	138	134	130	127	124	121	118	115	103	1	43	1262.064	1603.471	0	0	0	1252	0	0	289	0	0	1	32	1262.895	1603.379	0	0	0	1416	0	0	474	0	0	0	0	0	0
241	241	1320	359.387	1598.497	357	312	305	253	73	338	460	313	147	38	111.264	127	117	115	114	112	111	110	108	107	105	98	249.482	381	329	308	293	278	265	250	227	180	133	102	0	0	0.000	0.000	0	0	0	0	0	0	0	0	0	0	0	0.000	0.000	0	0	0	0	0	0	0	0	0	0	0	0	0
242	242	1832	1527.337	1606.234	271	646	580	272	29	197	615	600	354	37	112.063	124	117	115	114	113	112	111	110	109	108	99	127.887	155	139	136	133	131	129	127	124	121	114	101	0	0	0.000	0.000	0	0	0	0	0	0	0	0	0	0	0	0.000	0.000	0	0	0	0	0	0	0	0	0	0	0	0	0
243	243	1377	1799.716	1604.788	164	441	481	237	31	158	427	473	227	60	135.641	654	143	137	134	132	129	126	123	120	116	103	154.176	292	175	170	166	162	158	153	146	134	119	103	1	30	1813.084	1613.543	0	0	0	353	0	0	189	0	0	0	0	0.000	0.000	0	0	0	0	0	0	0	0	0	0	0	0	0
244	244	2380	840.983	1615.841	559	978	652	124	22	376	906	705	286	45	355.955	8475	314	280	265	251	237	223	204	183	157	114	166.818	1520	180	168	158	152	146	140	134	129	122	105	1	57	823.880	1613.103	0	0	0	4019	0	0	763	0	0	1	54	823.799	1613.417	0	0	0	4183	0	0	795	0	0	0	0	0	0
245	245	2706	1643.019	1619.080	378	981	842	409	59	314	938	844	479	79	731.015	1168	970	894	856	829	797	746	665	530	370	149	107.844	122	113	111	110	108	108	107	106	105	103	99	0	0	0.000	0.000	0	0	0	0	0	0	0	0	0	0	0	0.000	0.000	0	0	0	0	0	0	0	0	0	0	0	0	0
246	246	1645	1086.187	1613.845	182	597	660	149	21	100	415	768	318	12	109.643	128	115	113	112	110	109	108	107	106	105	100	131.430	206	161	152	143	135	128	121	115	110	107	98	0	0	0.000	0.000	0	0	0	0	0	0	0	0	0	0	0	0.000	0.000	0	0	0	0	0	0	0	0	0	0	0	0	0
247	247	2107	1743.106	1621.672	240	765	775	264	29	138	640	793	439	68	254.286	341	306	293	283	274	266	253	235	214	186	126	118.661	138	127	124	122	120	119	117	115	113	110	102	0	0	0.000	0.000	0	0	0	0	0	0	0	0	0	0	0	0.000	0.000	0	0	0	0	0	0	0	0	0	0	0	0	0
248	248	1519	1222.184	1621.463	231	611	477	148	20	130	551	474	234	100	991.408	1689	1386	1218	1124	1068	1013	936	846	750	636	137	168.410	239	200	189	182	176	169	162	154	146	138	104	0	0	0.000	0.000	0	0	0	0	0	0	0	0	0	0	0	0.000	0.000	0	0	0	0	0	0	0	0	0	0	0	0	0
249	249	2112	1302.463	1646.808	364	744	673	273	28	165	446	791	479	185	896.271	20887	1117	345	225	192	179	170	160	149	135	106	314.984	5187	384	191	158	146	139	134	129	125	118	103	1	120	1300.544	1652.651	0	0	0	9863	0	0	2662	0	0	1	131	1300.711	1652.658	0	0	0	8566	0	0	2347	0	0	0	0	0	0
250	250	2329	712.007	1633.244	271	618	947	389	53	212	537	1051	406	75	1412.298	2363	2138	1960	1786	1601	1424	1242	1069	900	678	204	149.625	209	181	173	164	156	148	141	134	128	121	103	0	0	0.000	0.000	0	0	0	0	0	0	0	0	0	0	0	0.000	0.000	0	0	0	0	0	0	0	0	0	0	0	0	0
251	251	1936	325.169	1640.043	751	726	363	63	8	665	699	401	117	16	113.687	135	121	118	117	115	114	112	111	108	106	99	110.646	144	121	117	114	111	109	107	106	105	103	98	0	0	0.000	0.000	0	0	0	0	0	0	0	0	0	0	0	0.000	0.000	0	0	0	0	0	0	0	0	0	0	0	0	0
252	252	1600	647.047	1634.400	231	702	505	118	21	134	481	576	262	112	1307.804	1943	1686	1603	1555	1504	1442	1338	1157	955	736	312	144.809	183	163	158	154	150	146	142	138	132	123	103	0	0	0.000	0.000	0	0	0	0	0	0	0	0	0	0	0	0.000	0.000	0	0	0	0	0	0	0	0	0	0	0	0	0
253	253	1588	1586.405	1644.086	292	489	572	184	19	228	501	524	266	37	808.042	1169	1043	987	953	918	879	834	753	609	423	158	107.961	141	114	111	109	108	107	106	105	104	103	98	0	0	0.000	0.000	0	0	0	0	0	0	0	0	0	0	0	0.000	0.000	0	0	0	0	0	0	0	0	0	0	0	0	0
254	254	1725	1498.582	1658.672	156	730	648	148	12	94	651	643	270	38	543.147	835	723	659	623	596	565	530	494	443	344	120	108.594	133	117	113	110	109	107	106	105	104	103	98	0	0	0.000	0.000	0	0	0	0	0	0	0	0	0	0	0	0.000	0.000	0	0	0	0	0	0	0	0	0	0	0	0	0
255	255	767	1261.164	1642.496	155	270	212	99	15	76	284	264	102	28	1014.258	1537	1357	1257	1202	1147	1063	986	899	790	574	203	177.359	234	211	202	196	189	182	175	166	153	135	109	0	0	0.000	0.000	0	0	0	0	0	0	0	0	0	0	0	0.000	0.000	0	0	0	0	0	0	0	0	0	0	0	0	0
256	256	1679	890.774	1658.025	175	610	589	251	29	93	583	658	275	41	248.430	5497	278	163	145	138	132	127	123	119	113	102	144.010	571	162	151	144	140	136	132	128	124	116	101	1	62	888.955	1656.481	0	0	0	2122	0	0	184	0	0	1	44	891.746	1654.741	0	0	0	587	0	0	364	0	0	0	0	0	0
257	257	545	1539.614	1648.366	139	171	142	66	12	97	156	164	84	29	110.468	120	114	113	112	111	110	109	109	108	107	100	117.965	137	129	126	124	122	120	117	113	108	105	100	0	0	0.000	0.000	0	0	0	0	0	0	0	0	0	0	0	0.000	0.000	0	0	0	0	0	0	0	0	0	0	0	0	0
258	258	1553	217.138	1666.013	241	542	450	264	24	148	550	480	267	78	111.460	127	117	115	114	112	111	110	109	108	106	100	158.985	218	189	180	172	166	159	152	145	138	129	104	0	0	0.000	0.000	0	0	0	0	0	0	0	0	0	0	0	0.000	0.000	0	0	0	0	0	0	0	0	0	0	0	0	0
259	259	2123	843.861	1681.351	604	703	609	160	14	426	590	691	314	65	2433.628	28157	7671	1302	575	358	289	255	226	199	163	114	628.844	7369	1611	378	220	174	157	146	139	131	121	102	1	311	844.402	1683.397	0	0	0	13909	0	0	2808	0	0	1	269	844.769	1683.204	0	0	0	16947	0	0	3357	0	0	0	0	0	0
260	260	1055	1630.591	1674.014	134	274	319	253	57	89	276	408	198	66	944.952	1342	1152	1111	1084	1057	1013	956	864	752	625	309	143.181	173	159	155	151	148	144	141	136	132	126	109	0	0	0.000	0.000	0	0	0	0	0	0	0	0	0	0	0	0.000	0.000	0	0	0	0	0	0	0	0	0	0	0	0	0
261	261	2120	1070.752	1702.951	769	781	436	81	13	591	745	473	214	55	955.734	2526	1528	1328	1212	1085	950	823	707	536	322	142	254.989	1506	584	385	239	173	150	139	131	122	115	101	0	0	0.000	0.000	0	0	0	0	0	0	0	0	0	0	0	0.000	0.000	0	0	0	0	0	0	0	0	0	0	0	0	0
262	262	2035	1454.298	1707.141	234	604	778	321	54	192	536	807	343	123	2417.042	14223	3429	3011	2733	2484	2223	2052	1783	1484	991	189	182.772	1138	219	197	181	168	159	151	143	135	124	106	1	47	1462.563	1697.748	0	0	0	10308	0	0	766	0	0	1	71	1461.758	1696.543	0	0	0	6428	0	0	612	0	0	0	0	0	0
263	263	1791	1661.579	1710.336	484	543	472	233	39	387	501	433	327	109	1901.970	19998	2820	1378	1254	1177	1107	1024	924	772	512	143	311.958	4063	465	212	170	158	151	145	139	132	124	105	1	142	1657.482	1715.375	0	0	0	10900	0	0	1632	0	0	1	126	1658.212	1714.911	0	0	0	12457	0	0	1951	0	0	0	0	0	0
264	264	2170	1762.299	1711.992	340	576	734	362	113	300	734	689	321	89	565.670	12878	619	418	374	346	320	291	259	222	178	107	192.971	2730	211	169	156	145	137	130	125	121	116	104	1	72	1762.565	1707.257	0	0	0	6132	0	0	1346	0	0	1	74	1762.965	1707.192	0	0	0	5921	0	0	1277	0	0	0	0	0	0
265	265	1231	1601.305	1707.382	143	313	420	260	71	93	420	459	180	54	335.139	493	427	398	381	362	342	322	299	271	233	152	107.829	126	113	111	109	108	107	106	105	104	103	99	0	0	0.000	0.000	0	0	0	0	0	0	0	0	0	0	0	0.000	0.000	0	0	0	0	0	0	0	0	0	0	0	0	0
266	266	1184	715.551	1711.239	263	393	349	146	9	162	343	368	190	106	780.493	1209	1082	987	905	838	793	743	690	603	472	169	133.534	167	148	143	140	136	133	130	127	124	120	105	0	0	0.000	0.000	0	0	0	0	0	0	0	0	0	0	0	0.000	0.000	0	0	0	0	0	0	0	0	0	0	0	0	0
267	267	955	882.106	1709.654	106	260	296	234	38	125	469	240	95	7	125.679	148	135	132	130	127	126	124	122	120	116	107	135.965	167	151	147	143	139	136	133	130	126	121	108	0	0	0.000	0.000	0	0	0	0	0	0	0	0	0	0	0	0.000	0.000	0	0	0	0	0	0	0	0	0	0	0	0	0
268	268	910	212.937	1712.028	268	262	260	92	14	169	245	262	126	84	110.130	124	116	114	113	111	110	109	108	106	104	98	152.141	200	184	176	169	163	155	147	138	128	114	100	0	0	0.000	0.000	0	0	0	0	0	0	0	0	0	0	0	0.000	0.000	0	0	0	0	0	0	0	0	0	0	0	0	0
269	269	1519	617.839	1729.854	378	399	402	258	55	247	360	443	343	109	112.713	131	119	117	115	114	113	111	110	109	106	99	199.064	311	253	237	224	211	197	186	175	163	144	115	0	0	0.000	0.000	0	0	0	0	0	0	0	0	0	0	0	0.000	0.000	0	0	0	0	0	0	0	0	0	0	0	0	0
270	270	1284	1175.837	1731.350	236	441	427	148	14	152	614	330	159	12	113.548	130	120	118	117	115	114	112	111	109	106	98	153.905	213	183	174	167	160	155	148	143	134	123	105	0	0	0.000	0.000	0	0	0	0	0	0	0	0	0	0	0	0.000	0.000	0	0	0	0	0	0	0	0	0	0	0	0	0
271	271	1402	1129.099	1735.980	225	494	406	207	55	168	537	440	185	43	113.230	127	118	116	115	114	113	112	111	110	108	101	148.695	187	166	161	158	154	151	148	143	135	125	103	0	0	0.000	0.000	0	0	0	0	0	0	0	0	0	0	0	0.000	0.000	0	0	0	0	0	0	0	0	0	0	0	0	0
272	272	1353	1370.278	1736.326	150	590	452	120	17	168	600	359	169	42	111.938	125	118	116	114	113	112	111	109	108	106	100	155.880	201	181	174	167	161	156	151	147	141	130	105	0	0	0.000	0.000	0	0	0	0	0	0	0	0	0	0	0	0.000	0.000	0	0	0	0	0	0	0	0	0	0	0	0	0
273	273	1714	1577.836	1757.312	319	484	600	227	55	279	550	593	233	34	313.323	473	404	375	355	338	321	302	283	256	210	112	108.195	130	116	111	109	108	107	106	105	104	103	97	0	0	0.000	0.000	0	0	0	0	0	0	0	0	0	0	0	0.000	0.000	0	0	0	0	0	0	0	0	0	0	0	0	0
274	274	1470	156.485	1754.946	196	534	554	148	15	136	411	528	280	92	128.271	155	140	138	135	132	129	126	123	119	114	100	140.317	177	162	155	149	145	140	135	131	127	120	100	0	0	0.000	0.000	0	0	0	0	0	0	0	0	0	0	0	0.000	0.000	0	0	0	0	0	0	0	0	0	0	0	0	0
275	275	2281	1716.096	1768.600	438	558	688	471	88	320	613	707	485	109	4546.686	32888	20582	4460	1497	730	461	362	313	281	222	126	1936.336	17952	7973	1572	550	298	208	169	151	138	127	106	0	0	0.000	0.000	0	0	0	0	0	0	0	0	0	1	421	1715.474	1769.661	0	0	0	21978	0	0	9034	0	0	0	0	0	0
276	276	1015	1782.291	1759.271	215	374	291	94	14	181	393	277	114	18	117.088	140	127	123	121	118	117	115	113	111	108	100	246.890	376	334	313	289	268	248	229	214	189	146	108	0	0	0.000	0.000	0	0	0	0	0	0	0	0	0	0	0	0.000	0.000	0	0	0	0	0	0	0	0	0	0	0	0	0
277	277	641	1622.354	1753.504	195	216	126	72	18	190	222	154	41	25	129.780	159	148	143	139	135	129	125	120	116	113	104	452.903	1016	780	718	649	567	453	329	223	163	135	116	0	0	0.000	0.000	0	0	0	0	0	0	0	0	0	0	0	0.000	0.000	0	0	0	0	0	0	0	0	0	0	0	0	0
278	278	2404	1521.835	1779.208	591	879	694	171	20	461	911	668	281	42	593.262	1093	863	781	697	631	581	530	482	426	350	155	123.338	153	134	131	128	126	123	121	119	116	112	101	0	0	0.000	0.000	0	0	0	0	0	0	0	0	0	0	0	0.000	0.000	0	0	0	0	0	0	0	0	0	0	0	0	0
279	279	2026	1341.080	1779.551	415	721	571	235	55	381	766	586	226	24	111.625	127	118	116	114	113	112	110	109	107	106	99	106.253	122	111	109	108	107	106	105	104	103	102	95	0	0	0.000	0.000	0	0	0	0	0	0	0	0	0	0	0	0.000	0.000	0	0	0	0	0	0	0	0	0	0	0	0	0
280	280	1756	1396.477	1784.013	350	590	510	238	37	358	746	424	168	17	116.792	295	123	120	118	117	115	114	113	111	108	101	161.514	208	190	183	176	170	162	156	148	141	131	106	1	16	1382.833	1786.865	0	0	0	204	0	0	179	0	0	0	0	0.000	0.000	0	0	0	0	0	0	0	0	0	0	0	0	0
281	281	1888	1672.521	1778.443	207	557	586	408	90	194	594	609	376	82	2198.078	24087	6029	1272	620	412	347	305	270	240	208	134	276.464	2663	573	198	147	131	124	119	115	112	109	100	1	263	1677.028	1778.384	0	0	0	11637	0	0	987	0	0	1	215	1677.411	1778.376	0	0	0	14905	0	0	1252	0	0	0	0	0	0
282	282	1236	567.172	1777.450	307	433	386	82	8	239	494	345	130	13	490.486	777	662	620	582	544	502	466	419	365	283	176	106.868	119	112	110	108	107	106	106	105	104	103	98	0	0	0.000	0.000	0	0	0	0	0	0	0	0	0	0	0	0.000	0.000	0	0	0	0	0	0	0	0	0	0	0	0	0
283	283	1962	631.875	1786.347	426	622	625	207	37	438	957	447	65	17	112.591	128	119	117	115	114	113	111	110	108	106	98	205.829	309	259	246	233	222	212	200	181	162	142	111	0	0	0.000	0.000	0	0	0	0	0	0	0	0	0	0	0	0.000	0.000	0	0	0	0	0	0	0	0	0	0	0	0	0
284	284	1225	108.290	1785.750	162	549	399	82	16	67	491	456	145	38	649.958	956	838	799	767	720	676	628	581	522	398	171	119.190	149	131	127	123	121	119	117	114	111	108	101	0	0	0.000	0.000	0	0	0	0	0	0	0	0	0	0	0	0.000	0.000	0	0	0	0	0	0	0	0	0	0	0	0	0
285	285	1360	1166.771	1788.662	442	440	353	95	14	403	475	290	131	33	5694.358	32400	23474	9882	3275	1554	881	563	414	333	252	157	2487.663	16784	10026	3750	1350	708	439	305	231	184	144	111	1	407	1166.232	1790.798	0	0	0	17422	0	0	6335	0	0	1	335	1166.045	1789.516	0	0	0	19984	0	0	8233	0	0	0	0	0	0
286	286	1808	522.162	1796.530	366	821	420	128	43	484	896	309	70	12	597.276	976	802	738	687	649	622	587	526	452	351	157	105.540	123	111	108	107	106	105	104	103	103	102	94	0	0	0.000	0.000	0	0	0	0	0	0	0	0	0	0	0	0.000	0.000	0	0	0	0	0	0	0	0	0	0	0	0	0
287	287	1519	1051.478	1801.607	474	611	340	55	10	178	484	487	263	75	178.367	257	218	208	199	190	180	171	161	150	134	106	134.606	167	152	147	142	138	135	131	128	123	116	100	0	0	0.000	0.000	0	0	0	0	0	0	0	0	0	0	0	0.000	0.000	0	0	0	0	0	0	0	0	0	0	0	0	0
288	288	1731	1473.190	1805.355	325	591	576	182	27	248	533	624	234	64	570.670	1044	838	736	677	615	549	506	461	419	333	147	124.250	149	135	131	129	127	125	123	120	117	112	101	0	0	0.000	0.000	0	0	0	0	0	0	0	0	0	0	0	0.000	0.000	0	0	0	0	0	0	0	0	0	0	0	0	0
289	289	2131	1780.389	1805.853	896	765	359	70	10	793	698	420	172	20	119.043	147	130	126	123	121	118	116	114	112	109	100	236.814	375	310	295	279	261	243	227	207	180	143	105	0	0	0.000	0.000	0	0	0	0	0	0	0	0	0	0	0	0.000	0.000	0	0	0	0	0	0	0	0	0	0	0	0	0
290	290	1581	1624.901	1809.025	194	411	532	299	110	156	379	555	345	111	251.429	351	315	302	289	273	258	241	223	202	176	129	117.306	149	127	123	120	118	117	115	113	111	109	99	0	0	0.000	0.000	0	0	0	0	0	0	0	0	0	0	0	0.000	0.000	0	0	0	0	0	0	0	0	0	0	0	0	0
291	291	1581	1712.827	1812.507	160	477	594	269	45	174	453	555	311	49	613.188	7801	857	514	452	423	395	360	328	296	247	149	128.251	485	141	130	125	120	117	114	112	110	108	100	1	82	1706.604	1809.949	0	0	0	3669	0	0	187	0	0	1	75	1708.096	1808.800	0	0	0	2599	0	0	284	0	0	0	0	0	0
292	292	1358	1317.829	1828.079	227	409	400	255	39	273	514	304	185	55	111.873	127	117	116	114	113	112	111	110	108	106	100	106.343	125	110	109	108	107	106	105	105	104	103	98	0	0	0.000	0.000	0	0	0	0	0	0	0	0	0	0	0	0.000	0.000	0	0	0	0	0	0	0	0	0	0	0	0	0
293	293	1484	1366.018	1829.313	238	513	559	134	18	172	509	565	182	29	110.836	125	115	114	113	112	111	110	109	108	106	98	106.440	117	110	109	108	107	106	105	105	104	103	97	0	0	0.000	0.000	0	0	0	0	0	0	0	0	0	0	0	0.000	0.000	0	0	0	0	0	0	0	0	0	0	0	0	0
294	294	1842	98.621	1842.993	371	677	567	171	24	211	511	609	326	145	898.557	10068	994	872	816	781	739	695	633	542	408	156	132.955	675	144	126	122	120	118	116	115	112	109	99	1	60	92.684	1857.871	0	0	0	5836	0	0	197	0	0	1	84	95.651	1857.750	0	0	0	1397	0	0	372	0	0	0	0	0	0
295	295	2563	1550.766	1839.291	672	996	709	133	12	459	907	826	307	27	898.108	5546	1335	1118	1039	976	912	832	715	529	345	153	215.002	2672	259	226	208	197	189	180	165	146	129	107	1	22	1539.566	1837.566	0	0	0	4050	0	0	737	0	0	1	45	1541.431	1835.768	0	0	0	1592	0	0	1232	0	0	0	0	0	0
296	296	1169	294.268	1836.025	190	293	386	221	58	139	350	402	200	59	490.104	734	662	602	565	535	508	476	435	375	288	183	105.185	119	109	108	106	106	105	104	103	102	102	97	0	0	0.000	0.000	0	0	0	0	0	0	0	0	0	0	0	0.000	0.000	0	0	0	0	0	0	0	0	0	0	0	0	0
297	297	1689	1131.456	1837.912	242	503	565	288	61	276	571	576	203	28	1208.322	20260	2178	450	277	236	213	199	189	179	162	112	205.410	2028	231	156	146	139	133	128	124	120	116	103	1	152	1135.508	1827.857	0	0	0	9920	0	0	794	0	0	1	153	1136.741	1827.200	0	0	0	7126	0	0	1015	0	0	0	0	0	0
298	298	2367	628.667	1852.178	720	765	660	147	28	677	1130	445	71	16	112.176	129	119	117	115	114	112	111	109	107	105	99	255.899	408	342	314	296	279	260	241	222	194	157	112	0	0	0.000	0.000	0	0	0	0	0	0	0	0	0	0	0	0.000	0.000	0	0	0	0	0	0	0	0	0	0	0	0	0
299	299	1114	1745.249	1850.072	163	242	333	282	65	121	260	320	287	106	338.206	485	435	413	394	374	353	329	303	262	210	122	113.215	142	125	119	116	113	111	110	108	107	105	99	0	0	0.000	0.000	0	0	0	0	0	0	0	0	0	0	0	0.000	0.000	0	0	0	0	0	0	0	0	0	0	0	0	0
300	300	648	1402.140	1847.013	128	337	124	34	16	75	249	201	68	29	108.883	121	114	112	110	110	109	108	107	106	105	101	107.909	141	112	110	109	108	107	106	106	105	104	100	0	0	0.000	0.000	0	0	0	0	0	0	0	0	0	0	0	0.000	0.000	0	0	0	0	0	0	0	0	0	0	0	0	0
301	301	1672	1685.621	1854.535	285	611	500	210	40	248	743	459	164	26	846.601	1211	1082	1029	988	920	871	826	775	680	547	272	182.769	244	217	208	199	191	182	175	167	160	149	115	0	0	0.000	0.000	0	0	0	0	0	0	0	0	0	0	0	0.000	0.000	0	0	0	0	0	0	0	0	0	0	0	0	0
302	302	1982	320.718	1881.264	308	814	589	196	36	273	741	651	238	47	523.481	824	692	642	608	579	545	511	473	403	306	140	105.145	120	109	107	106	106	105	104	103	103	102	97	0	0	0.000	0.000	0	0	0	0	0	0	0	0	0	0	0	0.000	0.000	0	0	0	0	0	0	0	0	0	0	0	0	0
303	303	507	724.283	1869.607	228	162	80	21	8	195	167	92	34	10	111.166	125	117	116	114	112	111	110	108	107	105	99	351.521	534	462	441	421	399	369	333	300	262	210	138	0	0	0.000	0.000	0	0	0	0	0	0	0	0	0	0	0	0.000	0.000	0	0	0	0	0	0	0	0	0	0	0	0	0
304	304	1321	150.320	1880.612	226	475	424	158	10	149	309	532	245	64	130.537	161	146	141	138	135	131	128	123	119	115	103	120.958	144	132	129	126	124	121	119	117	113	109	96	0	0	0.000	0.000	0	0	0	0	0	0	0	0	0	0	0	0.000	0.000	0	0	0	0	0	0	0	0	0	0	0	0	0
305	305	1789	1491.883	1886.012	299	420	504	374	149	291	543	547	310	63	129.313	153	141	138	136	133	131	128	125	121	115	101	282.542	423	382	361	336	312	287	263	241	214	170	114	0	0	0.000	0.000	0	0	0	0	0	0	0	0	0	0	0	0.000	0.000	0	0	0	0	0	0	0	0	0	0	0	0	0
306	306	2149	1408.035	1894.949	393	741	685	263	33	273	730	725	315	55	992.032	17964	1703	431	218	173	159	153	146	138	131	108	358.207	2365	509	347	321	299	279	254	227	199	175	125	1	172	1415.207	1901.195	0	0	0	8387	0	0	1287	0	0	1	145	1414.725	1901.024	0	0	0	9864	0	0	1438	0	0	0	0	0	0
307	307	500	1723.733	1882.913	118	157	166	43	9	29	131	160	133	36	125.716	143	133	130	129	127	126	124	123	121	119	112	143.904	166	157	154	151	147	144	141	139	135	130	113	0	0	0.000	0.000	0	0	0	0	0	0	0	0	0	0	0	0.000	0.000	0	0	0	0	0	0	0	0	0	0	0	0	0
308	308	1645	1777.089	1903.712	230	538	512	285	47	146	520	488	349	104	2812.656	8061	3712	3507	3310	3133	2957	2717	2429	1994	1500	461	202.895	710	248	231	220	210	201	189	177	162	141	104	0	0	0.000	0.000	0	0	0	0	0	0	0	0	0	1	23	1773.289	1886.985	0	0	0	3729	0	0	513	0	0	0	0	0	0
309	309	1702	1683.175	1907.571	100	479	694	311	78	91	600	694	225	66	315.219	6849	334	160	149	145	141	138	135	132	127	112	185.222	1280	210	184	173	165	156	149	143	138	131	106	1	75	1677.335	1919.903	0	0	0	2909	0	0	411	0	0	1	68	1679.175	1919.268	0	0	0	1495	0	0	691	0	0	0	0	0	0
310	310	1862	190.148	1913.121	361	706	550	197	19	191	678	618	266	77	284.106	6388	321	184	156	146	138	133	128	123	117	102	136.021	657	145	133	130	127	125	122	119	115	109	100	1	67	202.720	1915.246	0	0	0	2677	0	0	382	0	0	1	68	202.344	1914.649	0	0	0	2638	0	0	382	0	0	0	0	0	0
311	311	1687	1536.967	1909.281	258	462	474	365	103	256	575	487	306	28	842.697	16623	1215	336	213	172	153	141	133	127	120	106	353.858	2962	490	323	300	284	269	254	232	195	150	113	1	112	1534.451	1907.075	0	0	0	8177	0	0	1475	0	0	1	97	1533.815	1907.000	0	0	0	8550	0	0	1636	0	0	0	0	0	0
312	312	2294	1350.294	1929.794	562	770	700	217	17	339	570	706	505	123	145.327	179	163	158	155	151	148	144	138	132	123	104	407.283	673	570	526	490	451	409	368	331	298	235	129	0	0	0.000	0.000	0	0	0	0	0	0	0	0	0	0	0	0.000	0.000	0	0	0	0	0	0	0	0	0	0	0	0	0
313	313	1529	115.595	1926.686	296	466	392	297	52	227	524	440	202	112	875.791	1373	1173	1095	1040	998	939	864	777	635	468	205	136.789	175	155	149	145	142	138	134	129	123	116	102	0	0	0.000	0.000	0	0	0	0	0	0	0	0	0	0	0	0.000	0.000	0	0	0	0	0	0	0	0	0	0	0	0	0
314	314	2174	1736.468	1944.655	452	662	640	327	45	412	868	625	218	16	2554.178	7668	3538	3260	3070	2902	2710	2506	2148	1658	1123	397	197.170	806	237	224	215	206	198	186	171	153	135	107	0	0	0.000	0.000	0	0	0	0	0	0	0	0	0	1	29	1728.987	1947.883	0	0	0	3799	0	0	543	0	0	0	0	0	0
315	315	1775	1096.599	1942.997	304	700	568	144	31	189	669	519	320	49	651.935	974	845	803	774	740	684	626	561	495	396	176	107.672	123	113	111	109	108	107	106	105	104	103	97	0	0	0.000	0.000	0	0	0	0	0	0	0	0	0	0	0	0.000	0.000	0	0	0	0	0	0	0	0	0	0	0	0	0
316	316	2373	1402.114	1955.972	690	1112	490	29	10	438	912	759	199	28	2266.710	25813	7213	1111	475	268	194	170	155	144	131	108	913.298	8347	2011	668	540	482	433	380	334	289	227	118	1	345	1399.500	1959.774	0	0	0	13841	0	0	3263	0	0	1	279	1399.690	1959.178	0	0	0	17570	0	0	4312	0	0	0	0	0	0
317	317	569	1654.475	1940.238	50	202	148	123	36	75	214	167	92	11	945.891	1375	1267	1177	1103	1032	961	888	828	743	607	356	118.529	150	133	127	122	119	116	114	112	110	108	101	0	0	0.000	0.000	0	0	0	0	0	0	0	0	0	0	0	0.000	0.000	0	0	0	0	0	0	0	0	0	0	0	0	0
318	318	2902	1032.939	1961.604	633	1032	934	182	54	588	1236	852	161	9	111.444	127	118	116	114	113	111	110	109	107	105	98	168.497	233	199	190	184	178	172	165	157	145	129	106	0	0	0.000	0.000	0	0	0	0	0	0	0	0	0	0	0	0.000	0.000	0	0	0	0	0	0	0	0	0	0	0	0	0
319	319	1795	1793.923	1954.581	682	513	445	105	28	568	627	448	94	22	123.710	186	135	129	126	124	122	121	118	116	113	102	111.706	138	120	117	114	113	111	109	108	106	104	98	0	0	0.000	0.000	0	0	0	0	0	0	0	0	0	0	0	0.000	0.000	0	0	0	0	0	0	0	0	0	0	0	0	0
320	320	1550	1575.158	1958.368	192	524	519	251	48	193	587	436	243	63	1170.823	1733	1492	1408	1339	1296	1249	1197	1099	939	714	273	117.517	141	129	124	120	118	116	115	113	111	109	100	0	0	0.000	0.000	0	0	0	0	0	0	0	0	0	0	0	0.000	0.000	0	0	0	0	0	0	0	0	0	0	0	0	0
321	321	1806	1627.415	1970.677	323	594	613	229	20	193	382	605	398	194	1199.878	1937	1663	1546	1459	1372	1280	1160	1034	848	596	258	118.860	166	134	127	123	120	117	115	112	110	107	99	0	0	0.000	0.000	0	0	0	0	0	0	0	0	0	0	0	0.000	0.000	0	0	0	0	0	0	0	0	0	0	0	0	0
322	322	1225	1685.664	1971.315	485	382	266	56	14	369	387	265	166	23	116.004	133	122	121	119	117	116	115	113	112	109	103	161.001	206	189	182	177	171	164	156	147	139	128	105	0	0	0.000	0.000	0	0	0	0	0	0	0	0	0	0	0	0.000	0.000	0	0	0	0	0	0	0	0	0	0	0	0	0
323	323	1763	1531.944	1981.993	344	530	516	285	54	276	556	523	319	46	139.439	1076	149	139	134	130	127	124	121	117	113	101	132.727	326	149	142	138	135	131	128	124	120	115	100	1	33	1527.701	1965.549	0	0	0	529	0	0	189	0	0	1	17	1528.767	1964.855	0	0	0	600	0	0	247	0	0	0	0	0	0
