 	cell	area	x	y	BFI_lev_b1	BFI_lev_b2	BFI_lev_b3	BFI_lev_b4	BFI_lev_b5	BFO_lev_b1	BFO_lev_b2	BFO_lev_b3	BFO_lev_b4	BFO_lev_b5	GFP_int_mean	GFP_int_b0	GFP_int_b1	GFP_int_b2	GFP_int_b3	GFP_int_b4	GFP_int_b5	GFP_int_b6	GFP_int_b7	GFP_int_b8	GFP_int_b9	GFP_int_b10	RFP_int_mean	RFP_int_b0	RFP_int_b1	RFP_int_b2	RFP_int_b3	RFP_int_b4	RFP_int_b5	RFP_int_b6	RFP_int_b7	RFP_int_b8	RFP_int_b9	RFP_int_b10	inGFPnfoci	f1_inGFParea	f1_inGFPx	f1_inGFPy	f2_inGFParea	f2_inGFPx	f2_inGFPy	f1_inGFP_toGFPmed	f2_inGFP_toGFPmed	f2_inGFP_toGFPmean	f1_inGFP_toRFPmed	f2_inGFP_toRFPmed	f2_inGFP_toRFPmean	inRFPnfoci	f1_inRFParea	f1_inRFPx	f1_inRFPy	f2_inRFParea	f2_inRFPx	f2_inRFPy	f1_inRFP_toGFPmed	f2_inRFP_toGFPmed	f2_inRFP_toGFPmean	f1_inRFP_toRFPmed	f2_inRFP_toRFPmed	f2_inRFP_toRFPmean	f1_inGFP_toGFPmean	f1_inGFP_toRFPmean	f1_inRFP_toGFPmean	f1_inRFP_toRFPmean
1	1	2434	1872.408	82.722	779	1088	436	69	15	727	1210	358	83	12	615.083	11624	675	511	464	423	381	344	314	275	218	122	147.452	1373	153	129	124	121	119	116	114	111	108	98	1	89	1866.138	87.505	0	0	0	5236	0	0	469	0	0	1	92	1867.410	87.035	0	0	0	4301	0	0	652	0	0	0	0	0	0
2	2	2101	446.251	89.526	453	638	703	260	29	329	544	744	336	97	117.297	143	127	124	122	119	117	115	113	111	107	95	178.397	276	223	207	198	190	181	171	161	148	125	103	0	0	0.000	0.000	0	0	0	0	0	0	0	0	0	0	0	0.000	0.000	0	0	0	0	0	0	0	0	0	0	0	0	0
3	3	2922	750.858	96.537	672	814	968	411	13	497	793	1095	374	109	255.280	366	328	312	299	283	264	244	222	197	165	110	360.465	566	498	475	448	412	372	331	289	244	198	114	0	0	0.000	0.000	0	0	0	0	0	0	0	0	0	0	0	0.000	0.000	0	0	0	0	0	0	0	0	0	0	0	0	0
4	4	549	1265.999	81.141	158	120	149	97	15	95	109	186	113	38	107.805	119	113	111	110	109	108	107	106	105	103	99	170.911	245	224	214	203	193	180	161	139	118	108	99	0	0	0.000	0.000	0	0	0	0	0	0	0	0	0	0	0	0.000	0.000	0	0	0	0	0	0	0	0	0	0	0	0	0
5	5	2396	1532.036	101.818	505	861	782	192	13	331	751	874	309	86	1336.280	2432	1964	1786	1679	1560	1435	1266	1042	778	558	212	116.654	140	127	124	122	120	117	115	112	109	105	96	0	0	0.000	0.000	0	0	0	0	0	0	0	0	0	0	0	0.000	0.000	0	0	0	0	0	0	0	0	0	0	0	0	0
6	6	712	937.419	94.787	143	222	165	125	41	79	251	231	99	36	115.562	130	122	120	119	117	116	114	113	111	109	101	156.100	199	179	173	169	165	161	155	147	137	125	108	0	0	0.000	0.000	0	0	0	0	0	0	0	0	0	0	0	0.000	0.000	0	0	0	0	0	0	0	0	0	0	0	0	0
7	7	2930	694.376	112.968	608	605	942	578	145	573	1005	921	320	69	2109.558	28456	4290	810	437	323	265	228	203	177	142	105	800.023	9452	1419	573	451	386	335	293	257	217	165	106	1	354	695.762	112.439	0	0	0	14237	0	0	3411	0	0	1	278	695.891	112.223	0	0	0	19486	0	0	4683	0	0	0	0	0	0
8	8	1891	591.921	111.119	238	531	778	267	35	198	467	871	232	88	223.852	311	282	272	259	247	233	217	199	177	148	108	173.455	233	210	203	195	186	178	167	157	144	130	105	0	0	0.000	0.000	0	0	0	0	0	0	0	0	0	0	0	0.000	0.000	0	0	0	0	0	0	0	0	0	0	0	0	0
9	9	2234	1017.942	122.360	434	919	696	135	9	275	816	746	291	72	1416.090	2435	2159	1992	1852	1666	1450	1238	1044	898	615	170	109.269	136	118	114	111	110	108	107	105	104	103	93	0	0	0.000	0.000	0	0	0	0	0	0	0	0	0	0	0	0.000	0.000	0	0	0	0	0	0	0	0	0	0	0	0	0
10	10	1009	400.627	111.425	180	330	306	152	19	161	237	387	164	46	112.203	133	119	116	115	114	112	111	109	108	105	97	157.007	208	184	178	173	167	161	155	148	135	120	102	0	0	0.000	0.000	0	0	0	0	0	0	0	0	0	0	0	0.000	0.000	0	0	0	0	0	0	0	0	0	0	0	0	0
11	11	2086	540.346	130.317	376	628	642	358	43	313	681	690	304	54	660.478	16845	676	268	241	229	218	201	183	166	144	110	208.579	2169	232	189	180	170	157	146	138	131	121	103	1	94	544.146	140.030	0	0	0	7608	0	0	1048	0	0	1	98	543.356	139.121	0	0	0	4469	0	0	996	0	0	0	0	0	0
12	12	587	125.848	124.400	91	104	176	157	49	110	141	198	99	31	316.891	460	416	394	380	365	344	317	280	227	168	114	106.516	118	112	110	109	108	106	105	104	103	101	97	0	0	0.000	0.000	0	0	0	0	0	0	0	0	0	0	0	0.000	0.000	0	0	0	0	0	0	0	0	0	0	0	0	0
13	13	1801	1886.758	131.032	444	552	451	257	62	403	678	487	169	35	266.987	404	355	334	311	293	279	260	235	199	157	112	204.659	296	264	252	238	223	208	192	178	159	135	109	0	0	0.000	0.000	0	0	0	0	0	0	0	0	0	0	0	0.000	0.000	0	0	0	0	0	0	0	0	0	0	0	0	0
14	14	2007	1121.534	133.624	274	557	749	357	24	199	586	793	294	92	2333.495	4196	3520	3189	2885	2595	2308	2055	1877	1647	1094	205	153.565	206	182	173	166	159	153	149	144	137	122	101	0	0	0.000	0.000	0	0	0	0	0	0	0	0	0	0	0	0.000	0.000	0	0	0	0	0	0	0	0	0	0	0	0	0
15	15	1917	936.193	137.889	391	605	470	343	84	304	773	510	253	46	368.241	575	479	457	433	407	380	355	331	298	213	110	120.384	140	131	128	126	124	122	119	117	113	107	95	0	0	0.000	0.000	0	0	0	0	0	0	0	0	0	0	0	0.000	0.000	0	0	0	0	0	0	0	0	0	0	0	0	0
16	16	1404	89.987	142.890	190	586	435	160	12	92	540	450	232	67	341.315	516	446	405	382	360	339	319	297	278	250	149	108.373	124	115	112	111	109	108	107	106	104	103	98	0	0	0.000	0.000	0	0	0	0	0	0	0	0	0	0	0	0.000	0.000	0	0	0	0	0	0	0	0	0	0	0	0	0
17	17	1086	204.490	138.666	240	222	310	248	49	177	229	388	218	49	111.214	150	118	116	114	113	111	110	108	106	104	96	180.715	238	218	209	202	193	186	179	170	154	128	99	0	0	0.000	0.000	0	0	0	0	0	0	0	0	0	0	0	0.000	0.000	0	0	0	0	0	0	0	0	0	0	0	0	0
18	18	1627	771.540	151.887	168	382	582	406	58	165	695	491	223	18	517.947	10618	627	343	286	263	248	231	214	192	163	108	141.459	889	162	133	127	123	120	118	115	112	108	100	1	72	770.593	146.983	0	0	0	4386	0	0	455	0	0	1	71	770.553	146.672	0	0	0	4386	0	0	455	0	0	0	0	0	0
19	19	1783	1615.386	157.010	244	605	594	268	39	207	859	466	194	21	503.180	792	683	640	613	586	553	494	427	345	242	118	116.639	140	127	124	122	119	117	115	112	109	106	99	0	0	0.000	0.000	0	0	0	0	0	0	0	0	0	0	0	0.000	0.000	0	0	0	0	0	0	0	0	0	0	0	0	0
20	20	2254	1684.475	160.785	513	668	680	306	55	376	839	726	209	61	380.768	589	502	469	446	423	399	368	332	294	230	125	108.783	128	115	112	111	109	108	107	106	105	104	96	0	0	0.000	0.000	0	0	0	0	0	0	0	0	0	0	0	0.000	0.000	0	0	0	0	0	0	0	0	0	0	0	0	0
21	21	2117	592.779	159.630	398	519	707	424	31	284	540	850	316	90	892.593	20448	1106	381	273	236	210	190	172	156	136	110	283.761	3842	392	211	181	164	154	143	134	126	117	99	1	125	593.194	156.783	0	0	0	9053	0	0	1771	0	0	1	128	592.499	156.255	0	0	0	7047	0	0	1757	0	0	0	0	0	0
22	22	2118	648.825	172.315	457	530	726	337	44	352	609	757	276	82	198.687	290	253	240	230	218	205	190	176	158	129	103	149.609	211	186	176	167	161	153	144	132	120	108	98	0	0	0.000	0.000	0	0	0	0	0	0	0	0	0	0	0	0.000	0.000	0	0	0	0	0	0	0	0	0	0	0	0	0
23	23	1831	859.225	172.776	222	568	590	348	62	191	686	582	296	48	113.972	135	121	119	117	115	114	112	111	109	106	98	122.424	149	135	131	128	125	123	120	118	114	109	99	0	0	0.000	0.000	0	0	0	0	0	0	0	0	0	0	0	0.000	0.000	0	0	0	0	0	0	0	0	0	0	0	0	0
24	24	2083	1047.561	178.279	226	741	783	261	22	109	592	937	311	93	1431.075	2624	2159	2000	1856	1666	1448	1209	1011	895	713	147	107.666	126	113	111	109	108	107	106	105	104	103	97	0	0	0.000	0.000	0	0	0	0	0	0	0	0	0	0	0	0.000	0.000	0	0	0	0	0	0	0	0	0	0	0	0	0
25	25	960	810.684	172.995	89	244	345	221	42	74	282	417	140	29	194.509	282	242	227	214	204	196	188	178	164	143	108	115.784	131	125	122	120	118	116	114	112	109	106	99	0	0	0.000	0.000	0	0	0	0	0	0	0	0	0	0	0	0.000	0.000	0	0	0	0	0	0	0	0	0	0	0	0	0
26	26	1249	963.153	178.695	250	397	341	218	23	196	306	347	280	91	324.901	514	431	405	383	360	338	309	285	249	189	119	117.677	141	129	126	124	121	118	115	112	108	105	98	0	0	0.000	0.000	0	0	0	0	0	0	0	0	0	0	0	0.000	0.000	0	0	0	0	0	0	0	0	0	0	0	0	0
27	27	1391	1140.685	181.158	194	416	452	274	27	149	494	500	183	31	235.994	312	281	268	259	251	242	234	224	209	180	112	131.599	171	149	143	138	134	131	128	125	121	116	100	0	0	0.000	0.000	0	0	0	0	0	0	0	0	0	0	0	0.000	0.000	0	0	0	0	0	0	0	0	0	0	0	0	0
28	28	2341	1193.011	190.452	488	492	791	476	51	410	724	770	268	128	122.021	143	131	129	127	125	123	121	118	115	110	99	687.466	1079	965	925	872	815	742	662	569	460	286	117	0	0	0.000	0.000	0	0	0	0	0	0	0	0	0	0	0	0.000	0.000	0	0	0	0	0	0	0	0	0	0	0	0	0
29	29	1369	1092.753	198.689	143	377	535	247	39	85	331	605	269	62	660.213	11451	996	378	307	280	264	254	242	223	190	109	179.571	1444	224	149	140	135	132	129	126	123	118	102	1	77	1083.828	202.402	0	0	0	5526	0	0	698	0	0	1	80	1084.229	201.424	0	0	0	3817	0	0	724	0	0	0	0	0	0
30	30	1793	1630.930	207.778	470	560	494	206	34	359	539	493	316	54	599.091	7778	691	587	542	508	466	424	378	324	257	129	120.250	414	127	120	117	115	113	112	109	107	105	99	1	54	1641.085	205.609	0	0	0	4210	0	0	191	0	0	1	71	1642.405	204.368	0	0	0	1963	0	0	257	0	0	0	0	0	0
31	31	1871	821.854	222.993	216	634	680	276	31	178	624	730	265	51	331.089	539	444	407	376	347	325	307	292	267	221	117	121.447	145	132	129	126	124	121	119	117	114	110	99	0	0	0.000	0.000	0	0	0	0	0	0	0	0	0	0	0	0.000	0.000	0	0	0	0	0	0	0	0	0	0	0	0	0
32	32	563	111.012	218.061	92	138	160	127	37	104	143	205	93	7	108.057	118	113	111	110	109	108	107	106	105	104	99	108.497	120	113	111	110	109	108	108	107	105	104	96	0	0	0.000	0.000	0	0	0	0	0	0	0	0	0	0	0	0.000	0.000	0	0	0	0	0	0	0	0	0	0	0	0	0
33	33	1807	684.914	234.002	470	507	471	262	61	403	614	459	237	69	667.375	12309	727	537	489	444	405	366	324	271	196	110	127.550	744	134	120	117	115	113	111	109	107	104	98	1	76	694.315	229.038	0	0	0	5598	0	0	383	0	0	1	72	694.724	229.086	0	0	0	5787	0	0	405	0	0	0	0	0	0
34	34	1309	631.918	236.798	223	278	413	288	86	223	309	448	194	104	344.412	516	454	432	408	386	362	342	316	259	181	111	110.830	133	120	116	114	112	110	109	107	104	102	98	0	0	0.000	0.000	0	0	0	0	0	0	0	0	0	0	0	0.000	0.000	0	0	0	0	0	0	0	0	0	0	0	0	0
35	35	1771	150.315	243.604	475	622	465	168	9	352	609	525	210	51	418.243	708	576	520	483	455	425	396	363	324	241	126	107.062	118	112	110	109	108	107	106	105	104	102	96	0	0	0.000	0.000	0	0	0	0	0	0	0	0	0	0	0	0.000	0.000	0	0	0	0	0	0	0	0	0	0	0	0	0
36	36	1464	1089.993	239.925	412	355	423	201	55	332	324	505	213	64	115.282	156	127	121	117	115	114	112	110	108	105	98	540.933	890	768	724	683	642	599	545	450	327	197	109	0	0	0.000	0.000	0	0	0	0	0	0	0	0	0	0	0	0.000	0.000	0	0	0	0	0	0	0	0	0	0	0	0	0
37	37	2358	1178.841	255.251	295	392	814	617	201	263	702	950	321	81	124.555	164	140	134	129	126	123	121	118	115	111	71	589.558	1034	940	858	747	638	544	472	427	396	301	124	0	0	0.000	0.000	0	0	0	0	0	0	0	0	0	0	0	0.000	0.000	0	0	0	0	0	0	0	0	0	0	0	0	0
38	38	1239	1132.431	254.617	312	339	353	165	45	185	344	402	240	50	111.119	131	117	115	114	112	111	110	109	107	105	99	336.588	505	450	428	408	388	368	343	311	237	142	105	0	0	0.000	0.000	0	0	0	0	0	0	0	0	0	0	0	0.000	0.000	0	0	0	0	0	0	0	0	0	0	0	0	0
39	39	1311	1283.389	260.596	137	303	395	323	122	111	452	455	205	56	116.178	132	123	121	119	118	117	115	113	111	108	102	140.752	188	165	157	150	145	139	135	130	125	119	104	0	0	0.000	0.000	0	0	0	0	0	0	0	0	0	0	0	0.000	0.000	0	0	0	0	0	0	0	0	0	0	0	0	0
40	40	1651	1411.018	267.509	308	664	419	195	30	177	542	573	265	61	541.799	796	732	696	659	614	566	514	475	415	286	123	105.168	115	109	107	106	106	105	104	104	103	102	97	0	0	0.000	0.000	0	0	0	0	0	0	0	0	0	0	0	0.000	0.000	0	0	0	0	0	0	0	0	0	0	0	0	0
41	41	2513	279.406	280.138	385	642	766	569	107	308	630	843	586	100	109.608	124	116	114	112	111	110	108	107	105	103	94	185.903	268	241	229	218	207	197	186	162	129	109	99	0	0	0.000	0.000	0	0	0	0	0	0	0	0	0	0	0	0.000	0.000	0	0	0	0	0	0	0	0	0	0	0	0	0
42	42	1608	816.439	278.949	271	524	514	248	31	137	346	730	247	117	1387.936	2247	2058	1905	1751	1597	1439	1257	1090	879	635	238	106.386	125	112	109	108	106	106	105	104	103	102	97	0	0	0.000	0.000	0	0	0	0	0	0	0	0	0	0	0	0.000	0.000	0	0	0	0	0	0	0	0	0	0	0	0	0
43	43	2155	738.976	291.032	387	434	635	495	156	317	610	801	306	86	345.059	9864	346	242	225	212	197	185	174	157	133	105	140.168	1108	152	140	132	127	122	119	115	112	106	96	1	55	732.763	293.481	0	0	0	4104	0	0	568	0	0	1	56	732.841	293.257	0	0	0	4104	0	0	568	0	0	0	0	0	0
44	44	2064	1228.203	289.609	281	545	688	403	102	228	622	779	309	80	3681.442	28592	15904	2582	1216	960	832	709	604	515	418	185	492.995	4591	1589	337	188	153	140	134	129	125	119	103	1	402	1232.936	289.886	0	0	0	16739	0	0	1640	0	0	1	314	1232.115	289.368	0	0	0	21622	0	0	2186	0	0	0	0	0	0
45	45	1870	865.223	303.677	273	493	561	448	64	224	801	532	224	47	1056.356	1894	1565	1438	1319	1229	1152	1009	860	675	332	134	107.224	135	116	110	108	107	106	105	104	103	102	96	0	0	0.000	0.000	0	0	0	0	0	0	0	0	0	0	0	0.000	0.000	0	0	0	0	0	0	0	0	0	0	0	0	0
46	46	2161	1297.866	308.533	337	847	659	241	41	258	797	747	274	50	120.132	167	132	126	124	121	119	117	115	112	109	97	142.060	177	162	156	152	147	143	139	134	128	120	98	0	0	0.000	0.000	0	0	0	0	0	0	0	0	0	0	0	0.000	0.000	0	0	0	0	0	0	0	0	0	0	0	0	0
47	47	2089	1452.590	309.793	340	596	692	378	55	295	794	627	273	61	504.159	812	731	682	634	575	525	481	433	330	203	115	105.668	119	110	109	107	106	105	105	104	103	102	92	0	0	0.000	0.000	0	0	0	0	0	0	0	0	0	0	0	0.000	0.000	0	0	0	0	0	0	0	0	0	0	0	0	0
48	48	1413	443.173	331.238	196	382	520	252	42	149	310	619	214	95	111.773	129	119	117	115	113	111	110	109	107	105	98	226.507	343	300	280	260	240	225	210	196	176	151	105	0	0	0.000	0.000	0	0	0	0	0	0	0	0	0	0	0	0.000	0.000	0	0	0	0	0	0	0	0	0	0	0	0	0
49	49	1656	815.786	331.500	215	453	526	340	99	245	664	476	197	38	1049.014	1579	1411	1327	1274	1203	1133	1036	898	780	536	190	105.303	118	110	108	106	106	105	104	103	103	102	95	0	0	0.000	0.000	0	0	0	0	0	0	0	0	0	0	0	0.000	0.000	0	0	0	0	0	0	0	0	0	0	0	0	0
50	50	1581	300.814	332.180	367	452	503	204	23	320	658	415	146	12	109.543	124	115	113	112	111	110	108	107	106	104	91	186.175	272	230	218	208	197	187	178	170	157	136	106	0	0	0.000	0.000	0	0	0	0	0	0	0	0	0	0	0	0.000	0.000	0	0	0	0	0	0	0	0	0	0	0	0	0
51	51	1792	996.941	355.158	156	521	704	335	41	158	789	607	192	16	664.185	988	866	820	779	731	678	627	580	521	427	192	118.709	144	128	125	123	121	119	117	115	112	109	97	0	0	0.000	0.000	0	0	0	0	0	0	0	0	0	0	0	0.000	0.000	0	0	0	0	0	0	0	0	0	0	0	0	0
52	52	1782	1312.425	358.320	414	576	495	242	16	334	710	438	208	70	114.446	139	122	119	117	116	114	113	111	109	107	98	145.498	183	165	159	155	152	148	144	139	131	120	99	0	0	0.000	0.000	0	0	0	0	0	0	0	0	0	0	0	0.000	0.000	0	0	0	0	0	0	0	0	0	0	0	0	0
53	53	2099	478.441	372.215	457	798	689	98	13	288	748	737	256	22	110.416	125	116	114	113	112	111	109	108	106	104	98	223.102	315	285	272	260	245	232	218	200	176	137	107	0	0	0.000	0.000	0	0	0	0	0	0	0	0	0	0	0	0.000	0.000	0	0	0	0	0	0	0	0	0	0	0	0	0
54	54	2473	1055.699	370.238	326	569	879	533	116	262	821	919	332	91	612.129	911	799	759	720	688	645	601	558	471	348	146	118.788	140	128	125	123	121	119	117	115	112	109	100	0	0	0.000	0.000	0	0	0	0	0	0	0	0	0	0	0	0.000	0.000	0	0	0	0	0	0	0	0	0	0	0	0	0
55	55	783	810.208	373.581	159	194	219	169	29	174	259	184	131	20	741.188	1190	1079	980	927	870	818	742	623	443	267	138	105.460	115	110	108	107	106	105	104	104	103	102	95	0	0	0.000	0.000	0	0	0	0	0	0	0	0	0	0	0	0.000	0.000	0	0	0	0	0	0	0	0	0	0	0	0	0
56	56	794	961.623	388.680	63	170	278	206	60	48	193	335	136	69	157.724	205	183	175	170	165	160	155	149	142	127	103	107.246	118	111	110	109	108	107	106	106	105	104	95	0	0	0.000	0.000	0	0	0	0	0	0	0	0	0	0	0	0.000	0.000	0	0	0	0	0	0	0	0	0	0	0	0	0
57	57	1299	1689.008	391.476	252	393	440	170	19	183	379	503	182	22	159.440	207	184	177	172	167	163	157	151	142	129	106	116.216	134	124	122	120	118	116	115	113	111	108	101	0	0	0.000	0.000	0	0	0	0	0	0	0	0	0	0	0	0.000	0.000	0	0	0	0	0	0	0	0	0	0	0	0	0
58	58	1941	1004.474	407.146	288	615	671	260	61	264	1205	333	100	16	175.052	229	201	194	189	183	179	173	166	157	143	105	108.900	123	115	113	111	110	108	107	106	105	104	96	0	0	0.000	0.000	0	0	0	0	0	0	0	0	0	0	0	0.000	0.000	0	0	0	0	0	0	0	0	0	0	0	0	0
59	59	2170	768.081	418.131	292	746	663	336	99	266	906	625	274	58	267.429	4222	284	258	245	235	225	214	200	176	140	100	225.284	1293	268	256	245	235	226	215	200	173	130	100	1	48	780.133	417.193	0	0	0	1863	0	0	564	0	0	1	32	780.462	418.614	0	0	0	1788	0	0	825	0	0	0	0	0	0
60	60	1149	392.850	410.224	234	303	395	170	22	181	295	417	202	35	111.260	132	117	115	114	112	111	110	109	107	105	97	355.676	693	587	498	431	373	331	294	258	221	180	108	0	0	0.000	0.000	0	0	0	0	0	0	0	0	0	0	0	0.000	0.000	0	0	0	0	0	0	0	0	0	0	0	0	0
61	61	1941	1643.918	417.939	285	508	553	453	100	293	672	622	259	53	160.161	237	195	180	171	165	159	154	148	140	127	103	116.795	140	127	123	120	118	116	115	113	110	107	100	0	0	0.000	0.000	0	0	0	0	0	0	0	0	0	0	0	0.000	0.000	0	0	0	0	0	0	0	0	0	0	0	0	0
62	62	1263	1499.970	415.902	197	363	341	282	43	177	470	350	200	39	539.456	785	710	670	640	611	579	546	496	412	286	117	127.166	153	141	137	134	132	129	126	122	117	110	98	0	0	0.000	0.000	0	0	0	0	0	0	0	0	0	0	0	0.000	0.000	0	0	0	0	0	0	0	0	0	0	0	0	0
63	63	2164	341.252	422.896	381	540	710	408	74	373	690	677	271	117	1101.800	1830	1587	1494	1387	1260	1136	1051	940	754	458	127	161.274	222	201	191	181	172	164	156	146	131	112	97	0	0	0.000	0.000	0	0	0	0	0	0	0	0	0	0	0	0.000	0.000	0	0	0	0	0	0	0	0	0	0	0	0	0
64	64	1955	916.484	424.459	727	497	462	191	47	632	660	380	209	50	115.390	134	124	122	120	118	116	114	111	109	106	97	280.531	441	390	368	342	317	291	264	227	188	149	107	0	0	0.000	0.000	0	0	0	0	0	0	0	0	0	0	0	0.000	0.000	0	0	0	0	0	0	0	0	0	0	0	0	0
65	65	2021	1079.026	435.138	419	780	558	192	26	355	708	580	295	54	3172.484	23457	14034	2134	947	706	597	535	468	413	313	130	591.375	5562	2067	341	185	155	143	136	131	125	117	103	1	432	1078.077	437.726	0	0	0	12235	0	0	1759	0	0	1	322	1078.473	437.762	0	0	0	18365	0	0	2813	0	0	0	0	0	0
66	66	2536	211.425	433.189	1889	402	124	43	45	1902	432	107	47	28	102.350	116	105	104	103	103	102	102	101	101	100	94	104.369	123	108	106	105	105	104	103	103	102	101	95	0	0	0.000	0.000	0	0	0	0	0	0	0	0	0	0	0	0.000	0.000	0	0	0	0	0	0	0	0	0	0	0	0	0
67	67	1269	1281.651	435.263	120	251	465	330	85	118	346	509	210	49	230.212	312	281	268	257	246	236	226	214	193	170	112	267.905	380	348	329	314	297	280	260	238	209	164	107	0	0	0.000	0.000	0	0	0	0	0	0	0	0	0	0	0	0.000	0.000	0	0	0	0	0	0	0	0	0	0	0	0	0
68	68	1034	1702.108	441.273	155	369	318	164	9	57	336	442	158	28	113.543	130	121	119	117	115	114	112	110	108	106	100	113.963	132	122	120	118	116	114	112	110	108	105	99	0	0	0.000	0.000	0	0	0	0	0	0	0	0	0	0	0	0.000	0.000	0	0	0	0	0	0	0	0	0	0	0	0	0
69	69	2127	380.347	460.184	294	518	756	441	75	262	653	757	300	114	1001.925	3374	1491	1318	1201	1114	1030	964	875	636	330	127	161.110	791	197	183	172	164	158	151	139	119	107	96	0	0	0.000	0.000	0	0	0	0	0	0	0	0	0	1	36	370.732	462.611	0	0	0	1673	0	0	482	0	0	0	0	0	0
70	70	1622	1787.737	454.501	559	543	375	104	12	527	537	333	169	30	111.726	129	118	116	115	113	112	111	109	107	104	100	232.092	319	287	279	270	260	250	233	208	179	147	102	0	0	0.000	0.000	0	0	0	0	0	0	0	0	0	0	0	0.000	0.000	0	0	0	0	0	0	0	0	0	0	0	0	0
71	71	707	1746.083	455.525	218	228	146	92	11	116	186	169	153	74	111.076	125	117	115	114	113	111	110	108	107	105	97	186.188	251	229	221	211	201	193	184	172	154	123	104	0	0	0.000	0.000	0	0	0	0	0	0	0	0	0	0	0	0.000	0.000	0	0	0	0	0	0	0	0	0	0	0	0	0
72	72	2005	1500.009	471.240	645	680	487	149	10	412	660	510	266	115	1110.290	17555	1459	613	537	493	462	432	402	342	245	110	226.782	2905	289	150	133	129	126	123	120	115	109	96	1	133	1503.564	477.367	0	0	0	8846	0	0	1305	0	0	1	130	1504.272	477.321	0	0	0	8884	0	0	1342	0	0	0	0	0	0
73	73	1044	1916.824	464.747	110	313	331	202	69	139	260	407	152	70	312.718	497	425	382	358	339	319	299	272	238	196	114	105.083	118	110	108	106	106	105	104	103	102	101	96	0	0	0.000	0.000	0	0	0	0	0	0	0	0	0	0	0	0.000	0.000	0	0	0	0	0	0	0	0	0	0	0	0	0
74	74	2404	1700.257	489.148	654	661	647	329	63	617	946	504	248	50	115.045	136	122	120	119	117	115	114	112	110	107	98	115.544	146	128	124	120	117	114	112	110	108	105	98	0	0	0.000	0.000	0	0	0	0	0	0	0	0	0	0	0	0.000	0.000	0	0	0	0	0	0	0	0	0	0	0	0	0
75	75	2281	224.064	488.236	897	994	257	80	19	760	1044	309	71	49	281.063	7283	269	211	200	191	182	172	159	141	117	101	331.701	1493	435	411	389	363	331	303	268	221	166	112	1	52	212.644	482.444	0	0	0	3466	0	0	840	0	0	1	32	213.462	481.199	0	0	0	2913	0	0	1102	0	0	0	0	0	0
76	76	2428	1144.953	501.471	628	1196	497	46	15	391	1082	624	249	47	298.646	5924	276	249	237	226	216	208	197	180	146	103	212.363	595	262	245	232	222	214	207	195	177	143	105	1	65	1132.285	485.151	0	0	0	2897	0	0	398	0	0	1	18	1131.315	483.262	0	0	0	2296	0	0	525	0	0	0	0	0	0
77	77	2117	474.177	501.405	283	599	785	349	43	153	520	941	323	127	243.045	345	313	299	283	267	250	231	209	186	160	120	146.839	199	173	167	160	154	147	141	133	126	119	101	0	0	0.000	0.000	0	0	0	0	0	0	0	0	0	0	0	0.000	0.000	0	0	0	0	0	0	0	0	0	0	0	0	0
78	78	1873	533.724	497.947	145	404	667	501	119	184	774	603	237	37	1335.276	21318	2578	567	320	255	235	222	208	191	164	113	234.943	2018	365	179	154	147	142	138	133	128	120	104	1	176	534.958	490.638	0	0	0	9969	0	0	964	0	0	1	173	534.923	490.618	0	0	0	10042	0	0	965	0	0	0	0	0	0
79	79	1913	1211.446	506.962	348	889	547	91	14	217	765	594	257	44	111.971	131	118	116	115	113	112	111	109	108	106	96	137.615	179	158	152	147	142	138	135	131	125	112	98	0	0	0.000	0.000	0	0	0	0	0	0	0	0	0	0	0	0.000	0.000	0	0	0	0	0	0	0	0	0	0	0	0	0
80	80	916	1582.025	508.192	704	129	38	19	10	599	131	87	54	38	584.590	850	768	730	699	659	614	560	502	451	379	119	121.721	146	132	129	126	124	122	120	118	115	111	101	0	0	0.000	0.000	0	0	0	0	0	0	0	0	0	0	0	0.000	0.000	0	0	0	0	0	0	0	0	0	0	0	0	0
81	81	1181	380.890	512.890	199	421	407	111	13	115	298	502	194	56	1070.130	1824	1635	1479	1355	1234	1117	989	856	675	441	142	135.561	173	156	151	147	143	137	132	126	118	111	100	0	0	0.000	0.000	0	0	0	0	0	0	0	0	0	0	0	0.000	0.000	0	0	0	0	0	0	0	0	0	0	0	0	0
82	82	2488	109.115	525.590	661	753	814	201	15	510	686	819	363	45	114.627	133	123	120	119	117	115	113	111	109	105	95	291.957	478	405	374	356	329	300	270	243	208	160	106	0	0	0.000	0.000	0	0	0	0	0	0	0	0	0	0	0	0.000	0.000	0	0	0	0	0	0	0	0	0	0	0	0	0
83	83	1189	1040.127	517.309	369	346	296	136	27	291	371	367	114	28	114.680	129	122	120	118	117	115	113	112	110	107	101	361.368	574	513	485	453	417	382	344	297	232	152	109	0	0	0.000	0.000	0	0	0	0	0	0	0	0	0	0	0	0.000	0.000	0	0	0	0	0	0	0	0	0	0	0	0	0
84	84	1400	202.189	532.955	238	342	531	248	18	177	275	617	228	73	178.774	238	212	200	192	186	182	176	168	156	142	113	314.220	461	400	378	364	349	335	313	286	246	187	112	0	0	0.000	0.000	0	0	0	0	0	0	0	0	0	0	0	0.000	0.000	0	0	0	0	0	0	0	0	0	0	0	0	0
85	85	1794	417.011	543.573	202	424	632	422	71	111	400	752	391	108	1277.815	8702	1603	1484	1393	1317	1244	1156	1029	848	575	167	150.067	888	158	150	146	143	139	135	130	123	115	100	1	37	402.938	553.659	0	0	0	5952	0	0	501	0	0	1	54	402.244	551.830	0	0	0	3122	0	0	489	0	0	0	0	0	0
86	86	1669	296.569	548.424	329	403	540	296	79	334	659	468	165	18	109.686	126	115	113	112	111	110	109	107	106	104	97	198.779	281	247	237	225	214	205	194	183	164	134	106	0	0	0.000	0.000	0	0	0	0	0	0	0	0	0	0	0	0.000	0.000	0	0	0	0	0	0	0	0	0	0	0	0	0
87	87	1980	1685.917	550.800	252	853	634	172	33	210	1053	488	170	32	694.916	1175	961	875	815	767	717	668	603	509	382	152	107.223	131	112	110	109	108	107	106	105	104	103	97	0	0	0.000	0.000	0	0	0	0	0	0	0	0	0	0	0	0.000	0.000	0	0	0	0	0	0	0	0	0	0	0	0	0
88	88	1742	1744.739	548.983	1262	375	37	29	16	1458	209	23	22	10	720.638	1169	1032	960	910	846	746	650	565	502	356	152	106.012	121	111	109	107	106	105	105	104	103	102	97	0	0	0.000	0.000	0	0	0	0	0	0	0	0	0	0	0	0.000	0.000	0	0	0	0	0	0	0	0	0	0	0	0	0
89	89	1316	496.858	547.778	196	346	450	245	47	125	322	546	226	77	1574.040	2540	2161	2012	1923	1813	1712	1619	1484	1227	538	164	200.297	274	247	237	230	222	216	206	190	153	117	101	0	0	0.000	0.000	0	0	0	0	0	0	0	0	0	0	0	0.000	0.000	0	0	0	0	0	0	0	0	0	0	0	0	0
90	90	2383	1581.218	560.906	323	628	790	491	104	366	745	807	324	108	1167.595	17126	1395	887	790	725	662	610	554	471	324	137	168.470	1560	179	139	133	128	124	121	118	114	109	99	1	133	1589.146	564.189	0	0	0	8260	0	0	783	0	0	1	126	1588.567	563.830	0	0	0	8938	0	0	824	0	0	0	0	0	0
91	91	1326	831.635	554.906	415	363	403	116	9	310	436	367	155	28	109.875	124	116	114	112	111	110	108	107	105	104	98	216.464	374	322	282	255	231	212	194	177	146	117	101	0	0	0.000	0.000	0	0	0	0	0	0	0	0	0	0	0	0.000	0.000	0	0	0	0	0	0	0	0	0	0	0	0	0
92	92	1935	1635.946	566.011	434	822	444	175	24	222	662	616	264	135	630.801	14913	691	269	229	217	205	195	186	175	155	105	200.795	1577	220	186	179	172	166	159	152	145	130	100	1	102	1647.350	568.151	0	0	0	6428	0	0	788	0	0	1	89	1647.496	567.972	0	0	0	7084	0	0	851	0	0	0	0	0	0
93	93	1689	1431.121	558.269	267	522	595	248	26	257	657	481	199	57	547.371	9539	693	415	365	330	289	259	230	206	176	110	120.709	510	129	116	112	110	108	107	106	105	103	96	1	80	1427.003	548.335	0	0	0	4387	0	0	304	0	0	1	83	1427.004	548.111	0	0	0	4276	0	0	288	0	0	0	0	0	0
94	94	2278	466.054	580.291	496	830	778	114	14	433	1151	499	155	11	3116.237	27622	5680	2560	2132	1865	1708	1550	1363	964	479	179	628.122	8317	1186	380	264	230	212	202	187	159	131	105	1	230	469.703	582.138	0	0	0	16765	0	0	3551	0	0	1	214	469.319	581.185	0	0	0	17293	0	0	3793	0	0	0	0	0	0
95	95	1658	1107.106	575.445	976	481	126	39	20	1058	396	148	26	12	237.333	4709	260	164	146	136	130	126	122	118	112	101	325.884	5927	411	267	225	206	195	185	175	159	129	104	1	64	1102.088	569.080	0	0	0	1912	0	0	2466	0	0	1	60	1102.033	568.291	0	0	0	1605	0	0	2741	0	0	0	0	0	0
96	96	1192	1398.630	593.698	257	334	347	189	47	186	484	339	135	16	312.355	471	415	395	377	351	324	300	266	227	179	109	111.314	135	121	117	114	112	111	109	107	105	104	95	0	0	0.000	0.000	0	0	0	0	0	0	0	0	0	0	0	0.000	0.000	0	0	0	0	0	0	0	0	0	0	0	0	0
97	97	1233	1672.740	596.169	170	242	390	300	107	141	287	427	245	105	195.865	250	227	217	211	206	200	192	183	175	159	118	158.362	211	189	177	170	163	158	152	146	138	131	110	0	0	0.000	0.000	0	0	0	0	0	0	0	0	0	0	0	0.000	0.000	0	0	0	0	0	0	0	0	0	0	0	0	0
98	98	607	1716.648	589.416	231	155	143	58	14	145	134	140	121	54	598.242	936	829	775	739	689	638	592	510	400	266	157	106.787	118	112	109	108	107	106	106	105	104	103	99	0	0	0.000	0.000	0	0	0	0	0	0	0	0	0	0	0	0.000	0.000	0	0	0	0	0	0	0	0	0	0	0	0	0
99	99	2170	1156.490	610.224	406	576	590	438	116	329	876	610	253	62	370.167	9381	386	241	224	212	203	192	179	161	139	107	194.429	1001	234	219	208	195	181	170	160	147	130	101	1	68	1147.235	616.878	0	0	0	4097	0	0	563	0	0	1	54	1146.976	616.606	0	0	0	5069	0	0	616	0	0	0	0	0	0
100	100	2078	218.807	628.505	370	815	627	194	29	279	691	739	259	74	112.005	127	118	116	115	113	112	111	109	108	105	99	104.467	115	108	106	106	105	104	104	103	102	101	96	0	0	0.000	0.000	0	0	0	0	0	0	0	0	0	0	0	0.000	0.000	0	0	0	0	0	0	0	0	0	0	0	0	0
101	101	2632	1635.624	634.862	547	804	838	360	46	438	840	862	392	50	112.264	128	118	116	115	113	112	111	110	109	106	97	226.674	341	298	279	265	250	233	214	194	177	145	100	0	0	0.000	0.000	0	0	0	0	0	0	0	0	0	0	0	0.000	0.000	0	0	0	0	0	0	0	0	0	0	0	0	0
102	102	925	142.623	630.602	160	187	243	247	75	124	209	272	221	81	174.024	234	209	201	193	185	179	171	162	150	127	101	122.083	143	133	130	128	125	123	121	118	114	109	98	0	0	0.000	0.000	0	0	0	0	0	0	0	0	0	0	0	0.000	0.000	0	0	0	0	0	0	0	0	0	0	0	0	0
103	103	2369	1699.566	642.704	499	730	771	300	35	405	800	727	328	61	115.855	132	122	120	118	117	116	115	113	112	110	103	240.809	336	296	277	266	256	246	237	224	206	175	114	0	0	0.000	0.000	0	0	0	0	0	0	0	0	0	0	0	0.000	0.000	0	0	0	0	0	0	0	0	0	0	0	0	0
104	104	1569	991.216	644.703	113	283	575	445	130	118	423	659	232	113	975.923	17385	1371	642	527	477	434	401	368	319	257	128	199.648	2371	241	148	138	132	127	123	119	115	110	99	1	90	987.040	648.973	0	0	0	7431	0	0	1073	0	0	1	87	987.079	648.999	0	0	0	7531	0	0	1085	0	0	0	0	0	0
105	105	1310	944.448	641.296	110	306	465	314	78	138	475	441	166	58	444.437	673	593	564	536	502	466	431	386	320	249	144	125.472	154	141	136	133	129	125	122	118	114	111	100	0	0	0.000	0.000	0	0	0	0	0	0	0	0	0	0	0	0.000	0.000	0	0	0	0	0	0	0	0	0	0	0	0	0
106	106	668	1187.314	644.943	79	135	179	210	59	64	186	193	179	30	152.951	190	172	168	164	160	156	151	145	137	128	108	147.722	185	169	164	159	156	151	146	139	132	120	105	0	0	0.000	0.000	0	0	0	0	0	0	0	0	0	0	0	0.000	0.000	0	0	0	0	0	0	0	0	0	0	0	0	0
107	107	2556	291.504	664.498	477	626	828	428	151	478	770	939	304	23	259.360	365	330	318	307	293	272	248	222	194	168	116	131.002	164	149	145	140	136	132	127	122	117	112	101	0	0	0.000	0.000	0	0	0	0	0	0	0	0	0	0	0	0.000	0.000	0	0	0	0	0	0	0	0	0	0	0	0	0
108	108	2109	1267.861	671.284	345	841	677	184	14	253	755	698	267	86	257.098	3214	275	258	245	234	222	212	197	174	143	103	189.355	652	230	218	207	196	187	179	169	155	135	101	1	47	1254.242	658.027	0	0	0	1593	0	0	405	0	0	1	26	1254.097	656.573	0	0	0	1507	0	0	461	0	0	0	0	0	0
109	109	1700	416.020	674.952	371	432	497	327	43	319	470	520	260	101	324.518	6111	390	262	226	211	201	191	181	160	131	103	183.401	710	223	205	194	186	176	168	159	140	119	102	1	59	418.858	665.786	0	0	0	2702	0	0	445	0	0	1	47	418.482	664.880	0	0	0	1928	0	0	478	0	0	0	0	0	0
110	110	2066	1534.963	683.312	435	717	600	251	27	364	841	517	233	72	1262.188	21235	1954	482	317	293	271	251	233	211	178	117	313.507	3014	419	246	229	216	203	187	176	164	145	105	1	170	1541.137	688.830	0	0	0	10311	0	0	1355	0	0	1	152	1540.810	688.657	0	0	0	11984	0	0	1550	0	0	0	0	0	0
111	111	1847	1662.349	685.764	245	675	604	250	32	228	839	531	191	21	112.728	126	118	116	115	114	113	111	110	109	107	101	201.358	277	238	228	218	210	202	196	189	179	160	113	0	0	0.000	0.000	0	0	0	0	0	0	0	0	0	0	0	0.000	0.000	0	0	0	0	0	0	0	0	0	0	0	0	0
112	112	2031	1163.616	684.609	444	768	677	83	22	359	995	506	122	26	251.160	3861	256	232	220	211	203	194	184	166	141	104	145.390	442	166	159	153	149	144	140	134	125	111	100	1	48	1149.474	693.134	0	0	0	1817	0	0	197	0	0	1	33	1148.747	689.776	0	0	0	608	0	0	313	0	0	0	0	0	0
113	113	1673	1479.604	688.386	288	660	569	111	15	193	524	609	252	60	208.537	286	256	244	234	223	215	205	194	178	148	106	176.739	244	217	206	197	188	180	171	162	151	130	100	0	0	0.000	0.000	0	0	0	0	0	0	0	0	0	0	0	0.000	0.000	0	0	0	0	0	0	0	0	0	0	0	0	0
114	114	1591	973.739	691.290	201	365	504	377	117	206	520	493	269	66	476.297	7147	495	424	396	371	347	327	301	271	233	142	123.378	490	131	123	119	116	114	113	111	109	107	102	1	51	962.567	699.105	0	0	0	3656	0	0	295	0	0	1	56	962.738	698.824	0	0	0	3187	0	0	288	0	0	0	0	0	0
115	115	1703	610.088	700.396	215	342	536	392	184	190	551	590	268	73	337.067	7867	369	248	229	213	200	188	178	162	141	108	139.864	654	152	145	141	136	132	128	123	117	109	100	1	49	618.355	706.107	0	0	0	3384	0	0	372	0	0	1	46	617.347	705.576	0	0	0	2570	0	0	389	0	0	0	0	0	0
116	116	2366	1227.871	707.129	298	659	879	397	80	241	737	806	413	122	339.681	2762	438	387	351	321	299	278	259	233	188	117	121.900	263	135	129	125	122	119	117	115	112	109	99	2	29	1228.236	716.227	43	1215.692	706.532	1146	1371	0	147	161	0	2	13	1226.380	715.635	29	1214.917	705.522	860	1431	0	182	196	0	0	0	0	0
117	117	2030	554.430	706.344	234	469	816	405	65	140	494	980	317	68	702.521	1129	992	907	827	759	702	647	594	527	407	180	117.034	145	127	123	121	118	116	115	113	111	108	100	0	0	0.000	0.000	0	0	0	0	0	0	0	0	0	0	0	0.000	0.000	0	0	0	0	0	0	0	0	0	0	0	0	0
118	118	1418	1438.293	709.564	236	665	385	96	16	195	782	268	123	28	115.019	130	122	120	118	117	115	114	112	110	107	98	145.109	182	164	159	155	151	148	144	139	132	121	102	0	0	0.000	0.000	0	0	0	0	0	0	0	0	0	0	0	0.000	0.000	0	0	0	0	0	0	0	0	0	0	0	0	0
119	119	2421	1299.778	729.096	445	663	797	381	90	379	862	745	304	84	1229.378	20787	1955	471	313	284	268	254	229	198	163	108	278.503	2076	370	243	228	215	203	192	178	154	126	102	1	203	1301.773	736.705	0	0	0	10183	0	0	1069	0	0	1	180	1300.690	736.800	0	0	0	11029	0	0	1203	0	0	0	0	0	0
120	120	705	1744.683	717.203	144	182	216	118	30	126	306	210	31	8	664.881	973	896	865	835	799	755	687	598	423	245	145	168.843	216	200	194	189	184	177	170	157	140	120	105	0	0	0.000	0.000	0	0	0	0	0	0	0	0	0	0	0	0.000	0.000	0	0	0	0	0	0	0	0	0	0	0	0	0
121	121	1117	719.267	720.732	75	243	488	265	26	34	173	600	187	98	108.515	123	114	111	110	109	108	107	106	105	104	99	192.222	253	229	217	208	202	196	190	179	167	152	112	0	0	0.000	0.000	0	0	0	0	0	0	0	0	0	0	0	0.000	0.000	0	0	0	0	0	0	0	0	0	0	0	0	0
122	122	1773	1027.268	725.453	290	414	613	361	70	203	483	729	214	110	325.216	519	415	385	369	353	335	320	296	264	209	114	104.847	118	109	107	106	105	105	104	103	103	102	96	0	0	0.000	0.000	0	0	0	0	0	0	0	0	0	0	0	0.000	0.000	0	0	0	0	0	0	0	0	0	0	0	0	0
123	123	1830	1621.712	723.810	379	741	545	120	11	222	504	592	390	89	113.411	129	118	117	115	114	113	112	111	110	109	103	207.366	286	249	237	227	219	211	204	196	183	154	105	0	0	0.000	0.000	0	0	0	0	0	0	0	0	0	0	0	0.000	0.000	0	0	0	0	0	0	0	0	0	0	0	0	0
124	124	2285	671.757	734.208	538	742	618	292	52	409	1000	492	304	41	116.896	134	124	122	121	119	118	116	114	111	108	101	211.618	330	289	268	252	237	219	201	178	148	116	100	0	0	0.000	0.000	0	0	0	0	0	0	0	0	0	0	0	0.000	0.000	0	0	0	0	0	0	0	0	0	0	0	0	0
125	125	574	1680.001	726.320	88	156	172	122	28	89	162	132	132	51	113.131	130	120	117	115	114	113	111	111	109	108	102	173.223	219	197	188	183	180	176	172	166	158	145	116	0	0	0.000	0.000	0	0	0	0	0	0	0	0	0	0	0	0.000	0.000	0	0	0	0	0	0	0	0	0	0	0	0	0
126	126	829	585.545	740.299	164	242	250	136	20	149	269	255	101	44	166.409	208	190	182	177	173	167	163	159	152	141	111	127.165	153	139	135	132	130	127	124	122	119	116	106	0	0	0.000	0.000	0	0	0	0	0	0	0	0	0	0	0	0.000	0.000	0	0	0	0	0	0	0	0	0	0	0	0	0
127	127	1739	932.531	737.626	518	549	493	138	19	494	735	303	154	24	810.891	18823	973	300	226	215	207	196	182	162	137	104	292.616	3805	313	214	204	196	185	173	160	145	129	102	1	100	930.515	727.175	0	0	0	8038	0	0	1664	0	0	1	93	931.313	726.647	0	0	0	8297	0	0	1881	0	0	0	0	0	0
128	128	1332	1187.500	742.482	209	363	453	250	38	294	523	341	138	15	114.877	144	125	121	119	117	114	112	110	108	105	100	718.303	1334	1220	1159	1072	956	814	622	322	180	134	111	0	0	0.000	0.000	0	0	0	0	0	0	0	0	0	0	0	0.000	0.000	0	0	0	0	0	0	0	0	0	0	0	0	0
129	129	1396	1562.484	749.305	181	441	461	263	26	129	370	487	227	152	1552.025	2360	2067	1958	1843	1726	1621	1510	1397	1198	875	288	125.909	152	138	134	131	129	126	124	121	118	113	102	0	0	0.000	0.000	0	0	0	0	0	0	0	0	0	0	0	0.000	0.000	0	0	0	0	0	0	0	0	0	0	0	0	0
130	130	1797	1094.005	749.023	245	368	614	414	116	199	522	683	277	92	109.996	124	115	113	112	111	110	109	108	107	105	98	185.891	285	242	228	213	197	184	173	164	151	122	102	0	0	0.000	0.000	0	0	0	0	0	0	0	0	0	0	0	0.000	0.000	0	0	0	0	0	0	0	0	0	0	0	0	0
131	131	1789	626.027	759.120	212	389	595	471	84	207	639	614	269	35	153.051	195	172	167	163	159	156	153	148	140	127	106	123.775	150	136	132	129	126	124	122	119	116	111	100	0	0	0.000	0.000	0	0	0	0	0	0	0	0	0	0	0	0.000	0.000	0	0	0	0	0	0	0	0	0	0	0	0	0
132	132	2267	753.390	757.239	423	617	718	402	60	332	745	770	300	80	110.037	123	115	113	112	111	110	109	108	107	106	100	191.959	304	249	225	213	202	191	179	169	158	135	106	0	0	0.000	0.000	0	0	0	0	0	0	0	0	0	0	0	0.000	0.000	0	0	0	0	0	0	0	0	0	0	0	0	0
133	133	1709	1654.806	762.089	382	638	465	158	37	308	789	381	164	41	2150.725	23979	4106	1423	1025	889	811	741	655	538	372	159	280.666	3201	472	190	148	134	128	124	120	116	111	101	1	175	1653.518	760.945	0	0	0	12422	0	0	1249	0	0	1	149	1653.739	760.292	0	0	0	15180	0	0	1508	0	0	0	0	0	0
134	134	1871	1497.476	761.423	228	594	611	346	49	259	617	589	290	87	1180.243	3972	1645	1497	1386	1277	1185	1085	971	862	633	171	119.375	199	129	126	123	121	118	117	114	112	109	98	0	0	0.000	0.000	0	0	0	0	0	0	0	0	0	1	15	1500.920	757.226	0	0	0	1895	0	0	168	0	0	0	0	0	0
135	135	2299	1241.631	766.155	331	593	835	430	61	293	871	740	308	52	1136.864	19872	1760	491	348	294	257	232	212	188	155	107	166.002	1223	205	137	126	120	116	113	111	109	106	99	1	176	1242.525	760.568	0	0	0	9905	0	0	650	0	0	1	187	1242.853	760.653	0	0	0	9237	0	0	621	0	0	0	0	0	0
136	136	1742	1907.444	767.538	342	649	527	187	10	279	820	398	198	13	144.268	185	159	155	152	150	147	143	139	132	125	108	312.160	449	404	387	369	349	327	300	269	236	199	118	0	0	0.000	0.000	0	0	0	0	0	0	0	0	0	0	0	0.000	0.000	0	0	0	0	0	0	0	0	0	0	0	0	0
137	137	2147	1711.073	775.146	425	945	620	106	16	356	725	634	302	87	151.123	191	172	166	161	156	153	149	144	137	126	103	246.534	402	341	310	285	267	249	234	218	184	137	101	0	0	0.000	0.000	0	0	0	0	0	0	0	0	0	0	0	0.000	0.000	0	0	0	0	0	0	0	0	0	0	0	0	0
138	138	1154	974.244	767.964	239	297	359	204	35	158	271	478	183	48	188.638	261	225	218	211	205	199	190	179	155	129	106	172.287	222	204	197	191	185	180	174	162	144	125	104	0	0	0.000	0.000	0	0	0	0	0	0	0	0	0	0	0	0.000	0.000	0	0	0	0	0	0	0	0	0	0	0	0	0
139	139	1716	1441.344	771.599	405	643	460	158	20	374	792	352	144	27	111.615	137	117	115	114	113	112	110	109	108	106	98	109.747	130	119	115	112	110	108	107	106	105	103	97	0	0	0.000	0.000	0	0	0	0	0	0	0	0	0	0	0	0.000	0.000	0	0	0	0	0	0	0	0	0	0	0	0	0
140	140	3044	1770.336	782.132	542	1146	978	273	58	365	976	1039	506	92	5139.399	38075	22493	3827	1787	1346	1140	1017	884	731	503	161	1765.814	18050	6904	1072	404	265	213	188	175	161	145	104	0	0	0.000	0.000	0	0	0	0	0	0	0	0	0	0	0	0.000	0.000	0	0	0	0	0	0	0	0	0	0	0	0	0
141	141	1579	173.962	772.145	261	417	529	289	55	197	543	523	247	33	827.388	12059	1205	604	509	467	425	398	363	318	233	109	190.251	1994	242	143	131	126	122	119	115	112	107	98	1	95	164.671	769.813	0	0	0	5842	0	0	883	0	0	1	103	164.800	768.615	0	0	0	4227	0	0	911	0	0	0	0	0	0
142	142	1903	1602.948	784.714	321	673	552	248	70	262	717	566	237	87	1705.427	10602	2451	1984	1843	1733	1640	1548	1418	1129	764	148	133.936	491	146	139	134	131	127	124	121	118	113	103	1	34	1595.515	769.823	0	0	0	7312	0	0	342	0	0	1	54	1594.798	768.915	0	0	0	4831	0	0	317	0	0	0	0	0	0
143	143	861	1132.118	778.724	196	186	234	213	22	160	196	221	190	68	109.587	125	116	113	112	110	109	108	107	106	104	98	185.149	241	225	217	209	202	190	179	169	154	134	105	0	0	0.000	0.000	0	0	0	0	0	0	0	0	0	0	0	0.000	0.000	0	0	0	0	0	0	0	0	0	0	0	0	0
144	144	1339	1867.955	796.867	160	464	414	214	56	136	561	436	140	41	2648.603	4623	4040	3550	3159	2898	2665	2498	2260	1781	1161	354	109.178	132	114	112	111	110	109	108	107	106	104	99	0	0	0.000	0.000	0	0	0	0	0	0	0	0	0	0	0	0.000	0.000	0	0	0	0	0	0	0	0	0	0	0	0	0
145	145	2071	1322.040	804.048	302	526	752	375	73	282	794	636	251	72	1011.895	18288	1397	406	281	248	234	217	198	181	155	109	307.381	3190	432	236	219	208	196	181	168	155	132	101	1	160	1326.839	797.084	0	0	0	8910	0	0	909	0	0	1	148	1327.828	798.270	0	0	0	7441	0	0	1537	0	0	0	0	0	0
146	146	2054	516.619	813.999	340	555	724	349	41	356	754	676	203	18	1857.997	23977	2913	988	880	801	736	691	641	567	442	167	346.474	4878	531	195	155	149	145	141	136	131	124	103	1	188	520.846	819.555	0	0	0	12186	0	0	1745	0	0	1	157	520.675	818.387	0	0	0	12537	0	0	2284	0	0	0	0	0	0
147	147	2423	381.615	813.931	410	720	796	421	34	328	786	851	363	35	681.443	14211	728	359	313	293	271	247	219	186	154	112	491.206	2928	666	581	540	496	454	405	342	269	192	112	1	128	380.448	816.944	0	0	0	6514	0	0	1613	0	0	1	85	379.626	816.736	0	0	0	8815	0	0	1947	0	0	0	0	0	0
148	148	1505	1648.082	815.491	318	663	413	70	16	273	617	382	185	21	783.985	8785	928	775	724	683	655	625	582	494	317	154	123.481	530	131	124	119	116	114	112	110	109	107	99	1	45	1634.668	807.034	0	0	0	4601	0	0	254	0	0	1	50	1635.976	806.765	0	0	0	3884	0	0	309	0	0	0	0	0	0
149	149	2034	1261.986	826.251	400	862	603	127	10	275	696	621	293	99	229.533	348	304	289	269	250	231	210	192	174	152	108	203.425	299	267	253	237	221	204	188	172	157	139	105	0	0	0.000	0.000	0	0	0	0	0	0	0	0	0	0	0	0.000	0.000	0	0	0	0	0	0	0	0	0	0	0	0	0
150	150	2609	1757.505	826.079	330	636	913	556	131	299	841	915	419	79	2639.715	28746	7826	1276	619	472	407	353	295	242	191	119	374.740	3659	872	231	165	147	137	129	122	116	111	101	1	382	1760.100	821.991	0	0	0	14922	0	0	1488	0	0	1	333	1759.883	821.914	0	0	0	17911	0	0	1817	0	0	0	0	0	0
151	151	2478	1532.438	843.400	566	1071	646	132	23	417	1111	663	219	28	298.663	6349	294	246	231	218	210	202	194	181	158	115	175.249	1455	195	177	167	159	153	149	143	137	127	98	1	56	1522.205	846.680	0	0	0	3055	0	0	722	0	0	1	60	1522.641	846.948	0	0	0	2863	0	0	765	0	0	0	0	0	0
152	152	1254	1879.990	843.583	140	424	413	216	33	93	407	445	209	71	174.891	226	209	201	195	189	181	172	160	147	132	103	165.627	221	201	192	184	177	169	159	151	138	125	103	0	0	0.000	0.000	0	0	0	0	0	0	0	0	0	0	0	0.000	0.000	0	0	0	0	0	0	0	0	0	0	0	0	0
153	153	1811	492.766	855.085	902	397	283	185	21	779	410	272	236	92	239.614	477	408	364	314	266	217	170	141	126	116	104	112.288	139	123	120	117	113	111	109	107	105	104	98	0	0	0.000	0.000	0	0	0	0	0	0	0	0	0	0	0	0.000	0.000	0	0	0	0	0	0	0	0	0	0	0	0	0
154	154	2418	1579.400	861.712	282	422	892	612	169	352	744	900	301	68	2977.036	31032	10335	1579	585	378	301	264	237	205	169	112	884.026	10303	2330	490	272	221	197	182	166	154	137	109	1	401	1577.167	859.284	0	0	0	15630	0	0	3333	0	0	1	310	1577.237	859.153	0	0	0	22309	0	0	4876	0	0	0	0	0	0
155	155	2349	389.198	870.497	419	515	809	491	76	371	563	907	288	155	284.770	414	376	359	340	321	297	268	239	206	173	121	526.413	850	768	719	662	607	547	481	410	338	254	132	0	0	0.000	0.000	0	0	0	0	0	0	0	0	0	0	0	0.000	0.000	0	0	0	0	0	0	0	0	0	0	0	0	0
156	156	812	1504.835	880.267	70	258	277	157	39	114	332	199	117	34	512.055	714	664	622	583	544	511	491	458	422	352	197	106.385	116	110	109	108	107	106	105	105	104	103	94	0	0	0.000	0.000	0	0	0	0	0	0	0	0	0	0	0	0.000	0.000	0	0	0	0	0	0	0	0	0	0	0	0	0
157	157	1230	1753.775	886.313	309	307	329	211	54	279	448	267	151	60	321.060	474	412	390	375	362	349	331	299	244	168	113	129.500	155	143	140	137	135	131	128	124	118	111	101	0	0	0.000	0.000	0	0	0	0	0	0	0	0	0	0	0	0.000	0.000	0	0	0	0	0	0	0	0	0	0	0	0	0
158	158	2203	1883.682	895.736	372	704	659	376	44	407	882	514	266	94	282.620	5502	307	225	208	197	184	171	160	149	128	101	183.352	1175	220	202	192	179	166	154	145	135	114	97	1	70	1882.530	889.233	0	0	0	2430	0	0	483	0	0	1	57	1883.594	889.154	0	0	0	2525	0	0	651	0	0	0	0	0	0
159	159	2438	713.932	903.836	612	572	769	373	50	550	577	834	359	63	1737.046	3404	2862	2599	2331	2053	1767	1482	1169	875	537	180	108.339	126	115	112	110	109	108	107	106	104	103	95	0	0	0.000	0.000	0	0	0	0	0	0	0	0	0	0	0	0.000	0.000	0	0	0	0	0	0	0	0	0	0	0	0	0
160	160	1359	1711.606	897.628	562	356	301	102	20	403	430	257	180	60	114.294	133	122	119	117	116	114	113	111	109	107	101	285.985	448	383	361	341	322	300	277	251	208	151	107	0	0	0.000	0.000	0	0	0	0	0	0	0	0	0	0	0	0.000	0.000	0	0	0	0	0	0	0	0	0	0	0	0	0
161	161	572	1624.608	897.582	193	137	157	66	13	124	123	117	121	75	187.743	256	225	218	210	201	192	183	171	157	141	117	148.302	181	169	163	159	156	151	146	139	132	124	108	0	0	0.000	0.000	0	0	0	0	0	0	0	0	0	0	0	0.000	0.000	0	0	0	0	0	0	0	0	0	0	0	0	0
162	162	1906	1492.796	923.169	318	683	581	261	21	282	892	419	234	42	528.974	921	758	685	629	575	518	468	419	373	322	177	105.162	119	109	107	106	105	105	104	103	103	102	97	0	0	0.000	0.000	0	0	0	0	0	0	0	0	0	0	0	0.000	0.000	0	0	0	0	0	0	0	0	0	0	0	0	0
163	163	2367	457.217	938.052	569	962	686	94	17	508	1046	569	179	15	1733.621	25386	3636	730	352	263	231	215	204	193	165	118	649.287	7384	1143	418	338	308	291	276	258	227	180	124	1	262	459.840	944.269	0	0	0	12550	0	0	3100	0	0	1	221	459.945	943.931	0	0	0	14735	0	0	3560	0	0	0	0	0	0
164	164	1492	399.707	928.226	124	360	586	313	83	95	382	691	237	53	112.861	128	119	117	115	114	113	112	110	109	107	98	142.379	182	162	157	151	147	143	139	135	130	122	101	0	0	0.000	0.000	0	0	0	0	0	0	0	0	0	0	0	0.000	0.000	0	0	0	0	0	0	0	0	0	0	0	0	0
165	165	1661	581.307	936.541	189	484	627	317	15	152	665	579	210	23	279.205	407	363	343	325	310	289	265	240	213	180	121	437.803	677	611	579	544	502	456	408	359	305	229	121	0	0	0.000	0.000	0	0	0	0	0	0	0	0	0	0	0	0.000	0.000	0	0	0	0	0	0	0	0	0	0	0	0	0
166	166	2401	518.353	937.518	132	415	913	739	150	104	459	1044	545	194	317.388	5833	348	298	281	265	250	238	221	201	178	121	316.825	1917	400	368	343	322	302	279	251	226	199	121	1	46	510.351	947.154	0	0	0	2434	0	0	1101	0	0	1	37	509.427	946.467	0	0	0	2169	0	0	1267	0	0	0	0	0	0
167	167	1176	1021.229	949.415	351	245	323	182	62	381	320	282	147	22	108.361	123	115	112	111	109	108	107	106	104	102	93	104.824	116	109	107	106	105	105	104	103	102	101	96	0	0	0.000	0.000	0	0	0	0	0	0	0	0	0	0	0	0.000	0.000	0	0	0	0	0	0	0	0	0	0	0	0	0
168	168	1957	361.857	957.037	229	747	698	215	33	166	765	702	251	37	111.406	125	116	115	114	112	112	110	109	108	106	97	142.688	181	160	155	151	147	143	140	136	131	123	101	0	0	0.000	0.000	0	0	0	0	0	0	0	0	0	0	0	0.000	0.000	0	0	0	0	0	0	0	0	0	0	0	0	0
169	169	2675	1804.737	974.595	870	1293	416	40	20	776	1365	435	34	23	424.731	8076	428	273	250	239	231	222	210	191	162	110	137.689	705	146	134	130	126	124	121	118	116	112	101	1	114	1813.866	980.520	0	0	0	3941	0	0	377	0	0	1	112	1813.896	980.508	0	0	0	4083	0	0	380	0	0	0	0	0	0
170	170	700	736.966	956.547	57	193	265	158	17	75	206	257	134	20	111.429	127	117	115	114	112	111	110	109	108	106	100	226.546	300	261	251	245	239	233	227	219	207	178	121	0	0	0.000	0.000	0	0	0	0	0	0	0	0	0	0	0	0.000	0.000	0	0	0	0	0	0	0	0	0	0	0	0	0
171	171	702	1912.101	954.995	127	137	157	190	84	125	153	167	171	74	107.627	117	112	110	109	109	108	107	106	105	104	99	110.422	126	117	115	113	112	110	109	108	106	104	98	0	0	0.000	0.000	0	0	0	0	0	0	0	0	0	0	0	0.000	0.000	0	0	0	0	0	0	0	0	0	0	0	0	0
172	172	1808	779.055	966.692	327	571	492	345	40	224	533	630	276	110	109.382	124	114	112	111	110	109	108	107	106	105	98	227.058	341	293	274	256	240	225	213	201	187	162	117	0	0	0.000	0.000	0	0	0	0	0	0	0	0	0	0	0	0.000	0.000	0	0	0	0	0	0	0	0	0	0	0	0	0
173	173	1928	1459.376	973.087	122	648	740	332	49	129	683	670	310	99	270.429	4124	282	245	236	227	218	209	200	185	164	117	243.356	1182	286	269	258	248	238	224	212	197	174	115	1	44	1446.332	978.916	0	0	0	1959	0	0	629	0	0	1	26	1446.415	978.458	0	0	0	2747	0	0	788	0	0	0	0	0	0
174	174	2116	1681.094	976.074	648	904	467	51	8	642	956	392	75	17	119.666	150	131	127	124	121	119	117	115	112	109	102	671.861	1324	1001	923	853	773	698	620	509	402	287	109	0	0	0.000	0.000	0	0	0	0	0	0	0	0	0	0	0	0.000	0.000	0	0	0	0	0	0	0	0	0	0	0	0	0
175	175	1743	553.433	986.740	180	562	621	297	48	201	622	640	206	36	1609.605	21203	3751	857	464	355	308	278	255	235	210	128	723.901	6055	1249	616	530	475	441	408	380	341	276	133	1	203	555.460	993.533	0	0	0	9429	0	0	2541	0	0	1	148	555.310	993.094	0	0	0	13068	0	0	3401	0	0	0	0	0	0
176	176	1126	1408.383	980.625	197	403	395	101	18	138	487	292	154	37	177.219	241	208	201	196	191	185	179	168	152	129	104	202.296	282	246	236	228	220	212	204	189	167	136	107	0	0	0.000	0.000	0	0	0	0	0	0	0	0	0	0	0	0.000	0.000	0	0	0	0	0	0	0	0	0	0	0	0	0
177	177	1449	500.925	987.807	268	458	458	208	29	217	526	386	244	47	230.741	1166	287	265	248	234	221	210	196	184	164	111	190.922	487	235	219	209	200	188	179	170	161	143	104	1	19	491.289	997.772	0	0	0	669	0	0	256	0	0	0	0	0.000	0.000	0	0	0	0	0	0	0	0	0	0	0	0	0
178	178	1579	402.951	997.074	248	413	490	329	60	181	507	577	223	59	535.068	818	713	663	630	592	559	532	499	425	279	126	108.621	122	113	112	110	110	109	108	107	105	104	97	0	0	0.000	0.000	0	0	0	0	0	0	0	0	0	0	0	0.000	0.000	0	0	0	0	0	0	0	0	0	0	0	0	0
179	179	1844	458.627	1006.006	283	587	491	407	43	199	624	592	280	116	1035.624	16137	1222	694	616	570	536	502	470	425	322	133	120.221	452	130	114	112	110	109	108	107	106	104	99	1	109	468.128	996.531	0	0	0	7646	0	0	254	0	0	1	102	467.617	996.897	0	0	0	8095	0	0	266	0	0	0	0	0	0
180	180	1564	643.665	1011.977	599	713	183	27	17	683	695	123	23	16	346.956	564	485	442	402	367	337	316	290	261	227	120	105.716	119	110	108	107	106	105	105	104	103	102	98	0	0	0.000	0.000	0	0	0	0	0	0	0	0	0	0	0	0.000	0.000	0	0	0	0	0	0	0	0	0	0	0	0	0
181	181	1209	1645.653	1011.765	229	392	402	146	18	216	414	417	108	26	119.534	137	127	124	123	121	120	118	117	114	112	102	184.491	260	229	218	206	196	186	175	164	153	139	111	0	0	0.000	0.000	0	0	0	0	0	0	0	0	0	0	0	0.000	0.000	0	0	0	0	0	0	0	0	0	0	0	0	0
182	182	1984	1471.587	1020.962	291	566	694	335	51	208	650	716	291	80	1291.842	2195	1811	1611	1503	1419	1316	1199	1077	957	765	267	146.556	185	167	160	156	152	148	143	139	133	125	105	0	0	0.000	0.000	0	0	0	0	0	0	0	0	0	0	0	0.000	0.000	0	0	0	0	0	0	0	0	0	0	0	0	0
183	183	1831	762.919	1041.176	230	574	705	260	21	208	568	675	275	63	422.273	10134	446	249	215	206	198	192	183	173	157	107	207.277	1552	230	201	193	185	179	173	165	157	143	116	1	70	769.363	1031.503	0	0	0	4354	0	0	789	0	0	1	62	769.132	1030.863	0	0	0	4115	0	0	847	0	0	0	0	0	0
184	184	634	126.822	1039.706	211	140	206	67	4	222	140	132	89	44	113.550	139	127	123	120	117	113	109	106	104	102	97	313.118	542	502	467	431	392	336	263	182	135	117	104	0	0	0.000	0.000	0	0	0	0	0	0	0	0	0	0	0	0.000	0.000	0	0	0	0	0	0	0	0	0	0	0	0	0
185	185	1791	816.203	1045.706	185	356	710	471	24	131	505	839	247	34	201.495	279	245	234	223	213	205	196	186	172	147	113	182.170	245	220	210	203	194	186	178	168	154	135	110	0	0	0.000	0.000	0	0	0	0	0	0	0	0	0	0	0	0.000	0.000	0	0	0	0	0	0	0	0	0	0	0	0	0
186	186	1840	88.050	1071.995	299	370	658	406	69	285	546	659	258	58	108.230	120	113	112	110	109	108	107	106	105	103	95	194.444	267	240	232	224	215	203	190	174	156	131	104	0	0	0.000	0.000	0	0	0	0	0	0	0	0	0	0	0	0.000	0.000	0	0	0	0	0	0	0	0	0	0	0	0	0
187	187	2266	1457.047	1081.256	1736	319	108	50	36	1691	349	119	57	32	107.577	120	112	110	109	108	107	107	106	105	103	98	103.165	112	106	105	104	104	103	103	102	101	101	95	0	0	0.000	0.000	0	0	0	0	0	0	0	0	0	0	0	0.000	0.000	0	0	0	0	0	0	0	0	0	0	0	0	0
188	188	1830	1900.175	1082.337	153	675	672	270	29	77	517	813	298	78	242.160	4160	269	222	201	187	178	171	166	159	147	120	178.422	615	220	202	188	176	169	163	157	150	137	108	1	39	1893.864	1093.206	0	0	0	1893	0	0	354	0	0	1	34	1894.745	1093.585	0	0	0	1740	0	0	417	0	0	0	0	0	0
189	189	2320	242.541	1093.352	596	667	726	241	63	496	834	595	283	54	703.087	1279	1017	935	867	810	748	686	619	431	263	126	105.379	119	109	108	107	106	105	104	104	103	102	95	0	0	0.000	0.000	0	0	0	0	0	0	0	0	0	0	0	0.000	0.000	0	0	0	0	0	0	0	0	0	0	0	0	0
190	190	2706	1586.556	1097.889	376	647	979	555	113	337	1029	895	347	52	305.966	9793	244	216	208	201	192	184	174	158	136	106	331.063	1348	447	418	394	366	336	305	272	232	169	103	1	60	1601.612	1077.158	0	0	0	4213	0	0	794	0	0	1	25	1601.816	1076.366	0	0	0	6869	0	0	1072	0	0	0	0	0	0
191	191	1821	1850.547	1100.174	171	602	689	288	28	147	643	686	234	69	519.757	11068	607	300	265	247	231	215	201	183	163	112	249.775	827	334	296	270	252	237	225	209	189	165	112	1	84	1864.751	1105.462	0	0	0	4889	0	0	480	0	0	1	34	1864.752	1104.935	0	0	0	7866	0	0	660	0	0	0	0	0	0
192	192	1496	645.835	1116.142	258	443	439	296	23	144	506	515	239	54	286.984	458	377	356	339	320	294	269	245	224	179	106	116.181	137	126	123	120	118	116	114	112	110	107	99	0	0	0.000	0.000	0	0	0	0	0	0	0	0	0	0	0	0.000	0.000	0	0	0	0	0	0	0	0	0	0	0	0	0
193	193	1760	1698.785	1125.358	568	489	427	215	39	581	531	452	152	19	1025.333	9428	3020	1061	547	363	291	259	237	216	179	114	456.916	2429	969	466	363	328	307	289	270	240	194	118	1	249	1701.866	1129.034	0	0	0	4439	0	0	1339	0	0	1	204	1701.679	1128.762	0	0	0	5169	0	0	1515	0	0	0	0	0	0
194	194	890	1930.191	1126.930	159	212	272	182	54	138	323	311	79	19	184.224	235	214	207	202	197	192	184	174	161	142	111	167.754	220	200	194	188	182	175	166	155	139	121	103	0	0	0.000	0.000	0	0	0	0	0	0	0	0	0	0	0	0.000	0.000	0	0	0	0	0	0	0	0	0	0	0	0	0
195	195	1136	288.637	1131.597	387	327	314	79	13	282	310	292	198	29	106.365	119	112	110	108	107	106	105	104	103	102	94	190.946	327	275	243	216	198	186	175	156	136	118	102	0	0	0.000	0.000	0	0	0	0	0	0	0	0	0	0	0	0.000	0.000	0	0	0	0	0	0	0	0	0	0	0	0	0
196	196	2517	1537.467	1137.745	566	744	757	350	47	428	688	775	444	135	200.261	277	246	234	225	216	207	198	185	165	141	109	362.661	585	514	473	436	403	382	354	311	252	163	106	0	0	0.000	0.000	0	0	0	0	0	0	0	0	0	0	0	0.000	0.000	0	0	0	0	0	0	0	0	0	0	0	0	0
197	197	2695	1746.886	1141.470	607	1101	767	148	25	503	1049	832	223	37	224.632	310	276	266	255	244	232	219	203	187	161	111	362.036	555	493	465	436	405	375	338	301	265	212	119	0	0	0.000	0.000	0	0	0	0	0	0	0	0	0	0	0	0.000	0.000	0	0	0	0	0	0	0	0	0	0	0	0	0
198	198	1839	1887.100	1146.651	187	430	825	307	46	128	399	764	388	112	628.539	14971	768	313	241	214	196	184	174	164	149	108	230.154	2539	280	201	183	169	159	151	144	136	123	99	1	89	1892.794	1150.705	0	0	0	6441	0	0	1160	0	0	1	89	1891.804	1149.798	0	0	0	4248	0	0	1231	0	0	0	0	0	0
199	199	1764	1080.423	1146.424	291	648	691	92	11	188	425	723	273	115	1081.164	2089	1626	1469	1315	1173	1046	949	841	714	577	195	106.883	132	114	110	108	107	106	105	104	103	102	96	0	0	0.000	0.000	0	0	0	0	0	0	0	0	0	0	0	0.000	0.000	0	0	0	0	0	0	0	0	0	0	0	0	0
200	200	2321	99.567	1150.607	517	568	767	373	51	445	683	718	373	45	108.724	122	115	113	111	110	109	107	106	105	103	92	137.600	178	161	155	149	144	139	134	128	121	109	97	0	0	0.000	0.000	0	0	0	0	0	0	0	0	0	0	0	0.000	0.000	0	0	0	0	0	0	0	0	0	0	0	0	0
201	201	949	1839.748	1153.008	93	284	349	182	30	65	317	340	150	57	600.115	890	795	747	704	671	630	585	519	450	365	156	141.417	180	161	155	150	146	143	138	134	128	121	105	0	0	0.000	0.000	0	0	0	0	0	0	0	0	0	0	0	0.000	0.000	0	0	0	0	0	0	0	0	0	0	0	0	0
202	202	951	1126.376	1155.149	192	181	295	222	43	169	286	349	111	16	1062.124	1782	1638	1518	1377	1254	1106	953	798	607	415	192	104.916	116	108	107	106	106	105	104	104	103	101	94	0	0	0.000	0.000	0	0	0	0	0	0	0	0	0	0	0	0.000	0.000	0	0	0	0	0	0	0	0	0	0	0	0	0
203	203	1528	1596.451	1159.062	195	589	539	160	19	166	666	418	206	44	145.408	187	164	158	154	150	147	143	139	133	124	107	115.323	131	123	120	118	117	115	114	112	111	108	100	0	0	0.000	0.000	0	0	0	0	0	0	0	0	0	0	0	0.000	0.000	0	0	0	0	0	0	0	0	0	0	0	0	0
204	204	1933	658.127	1164.637	336	630	649	252	29	274	668	560	283	104	655.282	12524	798	386	332	307	286	268	254	234	189	112	147.454	1194	162	128	122	120	117	114	112	109	106	100	1	98	666.053	1157.762	0	0	0	6220	0	0	521	0	0	1	98	664.739	1157.757	0	0	0	4537	0	0	565	0	0	0	0	0	0
205	205	885	921.487	1157.426	450	185	120	100	21	350	230	199	76	19	157.184	746	182	169	162	155	150	144	138	130	120	104	571.386	1687	854	776	694	621	555	510	470	388	205	128	1	20	922.186	1164.706	0	0	0	395	0	0	1235	0	0	0	0	0.000	0.000	0	0	0	0	0	0	0	0	0	0	0	0	0
206	206	1834	754.115	1167.346	346	741	571	140	9	237	467	662	307	130	319.260	6578	357	227	210	201	192	182	170	155	132	106	154.830	1218	168	148	142	138	135	131	127	121	113	98	1	59	745.895	1159.387	0	0	0	3017	0	0	509	0	0	1	60	746.695	1159.496	0	0	0	3017	0	0	630	0	0	0	0	0	0
207	207	1596	1249.972	1180.927	328	677	403	148	19	204	569	439	258	98	520.433	779	678	645	616	588	558	520	484	405	279	125	110.779	128	117	115	113	112	111	109	108	107	105	97	0	0	0.000	0.000	0	0	0	0	0	0	0	0	0	0	0	0.000	0.000	0	0	0	0	0	0	0	0	0	0	0	0	0
208	208	1110	887.090	1179.786	162	294	281	256	104	174	354	303	222	40	1268.584	2108	1701	1560	1447	1358	1285	1221	1136	1016	758	273	124.576	146	135	131	129	127	126	124	121	118	112	101	0	0	0.000	0.000	0	0	0	0	0	0	0	0	0	0	0	0.000	0.000	0	0	0	0	0	0	0	0	0	0	0	0	0
209	209	1046	708.755	1183.898	222	288	337	148	36	192	417	267	116	33	155.420	208	185	177	172	167	162	156	145	127	112	101	126.051	161	148	142	138	134	129	122	112	106	103	94	0	0	0.000	0.000	0	0	0	0	0	0	0	0	0	0	0	0.000	0.000	0	0	0	0	0	0	0	0	0	0	0	0	0
210	210	1636	1773.722	1209.495	345	689	458	80	21	250	750	429	129	41	686.257	1167	1008	915	828	753	680	614	541	471	384	145	115.166	226	132	120	114	110	108	107	106	104	103	97	0	0	0.000	0.000	0	0	0	0	0	0	0	0	0	0	0	0.000	0.000	0	0	0	0	0	0	0	0	0	0	0	0	0
211	211	849	1593.947	1204.715	358	288	148	41	8	289	292	170	57	24	107.687	118	112	110	109	109	108	107	106	105	104	99	142.277	229	168	156	151	146	141	137	132	125	116	101	0	0	0.000	0.000	0	0	0	0	0	0	0	0	0	0	0	0.000	0.000	0	0	0	0	0	0	0	0	0	0	0	0	0
212	212	2518	1855.145	1232.956	494	909	752	270	53	402	1037	713	257	58	1822.200	3142	2680	2493	2301	2132	1937	1692	1426	1170	782	192	109.745	136	118	114	111	110	108	107	106	105	104	98	0	0	0.000	0.000	0	0	0	0	0	0	0	0	0	0	0	0.000	0.000	0	0	0	0	0	0	0	0	0	0	0	0	0
213	213	1725	877.100	1224.062	265	416	627	331	59	276	667	508	208	39	1521.965	11799	2431	1916	1661	1437	1217	1049	929	837	629	233	145.946	943	165	146	138	132	128	124	121	117	113	103	1	51	878.665	1210.123	0	0	0	6720	0	0	440	0	0	1	54	879.985	1210.230	0	0	0	6657	0	0	473	0	0	0	0	0	0
214	214	1306	1056.427	1225.658	314	495	342	108	21	235	590	299	119	38	114.152	129	120	118	116	115	114	113	112	110	108	100	163.343	219	191	183	175	169	162	157	152	146	137	108	0	0	0.000	0.000	0	0	0	0	0	0	0	0	0	0	0	0.000	0.000	0	0	0	0	0	0	0	0	0	0	0	0	0
215	215	1811	1243.739	1236.029	416	841	445	64	9	422	838	418	92	9	462.415	721	610	582	554	528	502	475	422	331	220	111	111.913	138	123	118	114	112	110	109	107	106	104	97	0	0	0.000	0.000	0	0	0	0	0	0	0	0	0	0	0	0.000	0.000	0	0	0	0	0	0	0	0	0	0	0	0	0
216	216	3341	1672.258	1243.054	746	959	1005	508	48	596	876	1118	513	173	115.216	131	121	119	118	116	115	114	113	111	109	102	159.553	208	185	177	172	167	161	155	149	143	131	106	0	0	0.000	0.000	0	0	0	0	0	0	0	0	0	0	0	0.000	0.000	0	0	0	0	0	0	0	0	0	0	0	0	0
217	217	1921	511.954	1245.297	216	526	692	382	68	220	652	716	249	39	677.715	15503	861	294	255	239	221	206	191	171	144	109	206.255	1589	226	193	183	175	167	158	150	141	128	104	1	105	499.297	1236.405	0	0	0	6356	0	0	810	0	0	1	92	499.663	1236.401	0	0	0	7384	0	0	846	0	0	0	0	0	0
218	218	2385	1601.916	1249.467	510	548	767	443	74	423	683	828	317	77	112.247	163	118	116	114	113	112	110	109	108	106	100	147.198	203	174	166	159	151	145	141	136	131	122	104	0	0	0.000	0.000	0	0	0	0	0	0	0	0	0	0	0	0.000	0.000	0	0	0	0	0	0	0	0	0	0	0	0	0
219	219	1084	570.482	1259.265	159	359	355	170	22	120	407	354	128	59	158.291	202	183	175	168	164	159	155	149	143	133	107	135.787	166	150	145	142	139	136	133	130	126	120	109	0	0	0.000	0.000	0	0	0	0	0	0	0	0	0	0	0	0.000	0.000	0	0	0	0	0	0	0	0	0	0	0	0	0
220	220	1487	1788.597	1261.594	284	393	455	258	71	326	661	375	83	16	677.763	1095	940	874	828	758	696	642	585	485	357	153	106.739	119	111	109	108	107	106	106	105	104	103	98	0	0	0.000	0.000	0	0	0	0	0	0	0	0	0	0	0	0.000	0.000	0	0	0	0	0	0	0	0	0	0	0	0	0
221	221	2004	750.760	1275.255	222	569	736	393	39	161	393	892	357	171	260.138	429	348	314	293	275	257	238	221	203	184	117	169.411	247	212	203	192	178	167	158	150	141	124	106	0	0	0.000	0.000	0	0	0	0	0	0	0	0	0	0	0	0.000	0.000	0	0	0	0	0	0	0	0	0	0	0	0	0
222	222	2597	1729.917	1275.758	2429	109	28	17	10	2406	122	40	14	10	371.427	724	587	536	495	442	404	350	237	148	125	101	106.800	126	112	110	108	107	106	105	104	104	103	96	0	0	0.000	0.000	0	0	0	0	0	0	0	0	0	0	0	0.000	0.000	0	0	0	0	0	0	0	0	0	0	0	0	0
223	223	867	1024.977	1265.000	208	243	270	111	22	205	262	206	136	41	118.690	137	127	124	122	120	119	117	115	114	111	105	159.952	206	188	180	174	167	160	154	148	141	130	115	0	0	0.000	0.000	0	0	0	0	0	0	0	0	0	0	0	0.000	0.000	0	0	0	0	0	0	0	0	0	0	0	0	0
224	224	692	896.097	1267.723	173	274	173	49	11	116	290	201	53	20	207.251	273	256	245	233	222	213	202	189	172	146	116	301.334	422	389	371	349	326	305	286	265	241	203	142	0	0	0.000	0.000	0	0	0	0	0	0	0	0	0	0	0	0.000	0.000	0	0	0	0	0	0	0	0	0	0	0	0	0
225	225	876	1557.756	1276.398	446	158	134	97	31	326	169	214	130	26	144.002	183	166	161	157	152	148	142	135	125	115	104	126.643	164	140	137	134	132	128	125	121	116	110	99	0	0	0.000	0.000	0	0	0	0	0	0	0	0	0	0	0	0.000	0.000	0	0	0	0	0	0	0	0	0	0	0	0	0
226	226	2455	1834.623	1290.825	464	872	764	266	39	318	679	827	410	172	2206.423	3668	3227	3066	2883	2641	2347	1951	1625	1361	1005	331	109.507	132	117	113	111	110	109	107	106	105	104	96	0	0	0.000	0.000	0	0	0	0	0	0	0	0	0	0	0	0.000	0.000	0	0	0	0	0	0	0	0	0	0	0	0	0
227	227	1636	252.906	1285.592	169	438	631	276	81	156	576	585	208	83	678.468	11179	888	469	424	395	367	337	309	280	236	125	127.660	614	138	123	117	114	112	111	109	108	106	99	1	77	244.789	1276.168	0	0	0	5464	0	0	341	0	0	1	85	245.208	1275.927	0	0	0	5257	0	0	326	0	0	0	0	0	0
228	228	2132	341.218	1291.151	459	789	687	147	21	358	738	640	318	50	618.247	978	836	784	742	696	649	606	551	444	320	167	114.927	145	123	120	118	116	115	113	111	109	107	100	0	0	0.000	0.000	0	0	0	0	0	0	0	0	0	0	0	0.000	0.000	0	0	0	0	0	0	0	0	0	0	0	0	0
229	229	1706	857.428	1281.088	365	643	560	104	11	223	432	518	382	113	837.365	16916	1189	339	269	241	223	207	188	169	150	107	447.258	5603	546	357	325	307	285	257	232	204	168	112	1	112	854.745	1272.286	0	0	0	7644	0	0	2441	0	0	1	98	854.914	1272.053	0	0	0	8244	0	0	2775	0	0	0	0	0	0
230	230	1748	593.397	1298.393	313	433	521	387	56	275	497	577	280	94	306.870	6350	335	224	210	200	191	183	171	155	129	99	155.990	605	178	166	161	155	149	143	137	130	120	104	1	53	594.940	1303.627	0	0	0	3081	0	0	226	0	0	1	44	596.992	1302.706	0	0	0	1293	0	0	396	0	0	0	0	0	0
231	231	1277	539.673	1291.812	127	322	406	290	105	112	475	383	195	80	261.525	405	344	308	288	275	261	248	231	214	190	124	121.467	144	131	128	126	124	122	120	117	115	112	103	0	0	0.000	0.000	0	0	0	0	0	0	0	0	0	0	0	0.000	0.000	0	0	0	0	0	0	0	0	0	0	0	0	0
232	232	949	1518.646	1287.906	502	172	137	99	34	391	233	216	79	15	142.120	182	167	161	156	151	145	138	130	121	112	103	131.679	167	152	146	141	137	132	128	122	116	110	102	0	0	0.000	0.000	0	0	0	0	0	0	0	0	0	0	0	0.000	0.000	0	0	0	0	0	0	0	0	0	0	0	0	0
233	233	1025	398.097	1293.896	493	225	174	93	22	418	243	248	96	8	170.255	1649	198	166	154	147	142	136	130	124	119	107	200.984	656	257	233	216	205	193	181	168	153	137	111	1	28	395.297	1299.037	0	0	0	776	0	0	433	0	0	1	18	395.697	1299.311	0	0	0	1005	0	0	518	0	0	0	0	0	0
234	234	2127	1623.618	1301.649	311	620	768	331	52	257	637	770	334	80	1719.212	2826	2527	2335	2174	1997	1829	1632	1395	1084	717	220	109.118	132	117	112	110	109	108	107	106	105	104	98	0	0	0.000	0.000	0	0	0	0	0	0	0	0	0	0	0	0.000	0.000	0	0	0	0	0	0	0	0	0	0	0	0	0
235	235	2943	1685.177	1317.500	518	798	989	496	84	547	1135	863	333	22	1340.068	2686	2140	1941	1802	1660	1441	1190	876	636	422	160	107.918	129	114	111	110	108	107	106	105	104	103	94	0	0	0.000	0.000	0	0	0	0	0	0	0	0	0	0	0	0.000	0.000	0	0	0	0	0	0	0	0	0	0	0	0	0
236	236	1070	183.436	1303.842	162	252	345	229	69	115	297	361	225	50	110.247	123	115	114	113	111	110	109	108	107	105	99	342.695	560	465	423	390	365	344	321	298	270	220	127	0	0	0.000	0.000	0	0	0	0	0	0	0	0	0	0	0	0.000	0.000	0	0	0	0	0	0	0	0	0	0	0	0	0
237	237	1945	1162.924	1313.146	440	770	521	154	18	250	748	592	247	65	118.519	137	127	124	122	120	119	117	115	113	110	100	136.190	170	152	149	145	142	139	135	129	123	116	103	0	0	0.000	0.000	0	0	0	0	0	0	0	0	0	0	0	0.000	0.000	0	0	0	0	0	0	0	0	0	0	0	0	0
238	238	967	789.090	1305.662	260	222	250	202	20	162	193	322	155	111	267.330	373	325	310	301	293	281	265	248	217	183	132	176.740	236	211	203	195	189	181	175	164	150	132	107	0	0	0.000	0.000	0	0	0	0	0	0	0	0	0	0	0	0.000	0.000	0	0	0	0	0	0	0	0	0	0	0	0	0
239	239	1332	901.592	1314.954	147	450	432	238	44	132	511	368	235	65	506.263	7741	780	303	229	208	196	187	178	167	149	116	296.173	2016	400	276	253	241	233	224	214	198	173	117	1	95	903.543	1319.608	0	0	0	3509	0	0	966	0	0	1	70	903.099	1319.350	0	0	0	4498	0	0	1243	0	0	0	0	0	0
240	240	1765	1319.637	1315.054	474	575	535	128	27	441	674	442	143	25	443.709	805	648	562	516	479	438	397	351	311	270	134	128.397	159	145	140	136	133	128	124	120	116	112	100	0	0	0.000	0.000	0	0	0	0	0	0	0	0	0	0	0	0.000	0.000	0	0	0	0	0	0	0	0	0	0	0	0	0
241	241	2249	290.610	1324.196	426	834	742	189	19	322	791	714	326	50	795.328	12396	971	711	656	616	572	533	495	421	300	124	123.958	694	127	118	115	113	112	110	109	108	106	95	1	73	296.459	1318.302	0	0	0	6145	0	0	352	0	0	1	76	296.619	1318.814	0	0	0	5802	0	0	357	0	0	0	0	0	0
242	242	758	225.639	1318.614	87	202	263	161	35	47	157	375	136	35	330.728	455	408	397	384	369	349	325	299	271	216	119	111.624	130	118	115	114	113	111	110	109	108	106	99	0	0	0.000	0.000	0	0	0	0	0	0	0	0	0	0	0	0.000	0.000	0	0	0	0	0	0	0	0	0	0	0	0	0
243	243	1936	533.616	1338.448	214	696	762	201	30	192	859	676	129	38	462.062	8408	508	382	344	320	302	283	263	237	198	114	139.309	830	147	135	131	128	125	123	120	117	112	103	1	58	541.783	1336.739	0	0	0	4448	0	0	481	0	0	1	61	541.874	1336.764	0	0	0	4322	0	0	467	0	0	0	0	0	0
244	244	1860	1869.409	1342.181	275	619	644	260	23	259	666	580	260	56	246.535	355	320	300	283	268	252	236	218	194	161	114	174.057	239	214	203	194	186	177	167	156	144	130	106	0	0	0.000	0.000	0	0	0	0	0	0	0	0	0	0	0	0.000	0.000	0	0	0	0	0	0	0	0	0	0	0	0	0
245	245	1644	1814.681	1352.644	184	596	591	215	24	111	538	573	309	60	1578.275	20590	3887	872	444	306	262	239	218	197	173	122	374.153	3764	736	272	208	189	174	164	155	147	135	105	1	195	1815.594	1358.170	0	0	0	9386	0	0	1509	0	0	1	157	1815.637	1357.567	0	0	0	11961	0	0	1929	0	0	0	0	0	0
246	246	1585	96.527	1348.297	252	327	502	386	85	231	421	581	259	68	224.707	328	289	272	257	241	227	214	201	182	151	111	221.363	335	293	271	252	236	222	209	195	178	143	105	0	0	0.000	0.000	0	0	0	0	0	0	0	0	0	0	0	0.000	0.000	0	0	0	0	0	0	0	0	0	0	0	0	0
247	247	2245	198.141	1353.213	356	553	690	496	106	413	756	645	328	71	114.148	134	121	119	117	116	115	113	111	109	107	97	416.451	637	560	535	510	481	445	402	354	293	219	123	0	0	0.000	0.000	0	0	0	0	0	0	0	0	0	0	0	0.000	0.000	0	0	0	0	0	0	0	0	0	0	0	0	0
248	248	1623	590.247	1361.460	380	529	446	198	39	335	530	493	185	54	290.042	428	380	358	336	313	295	274	255	234	186	115	106.501	121	112	109	108	107	106	105	104	104	102	98	0	0	0.000	0.000	0	0	0	0	0	0	0	0	0	0	0	0.000	0.000	0	0	0	0	0	0	0	0	0	0	0	0	0
249	249	1893	261.626	1369.523	341	790	559	155	16	263	849	533	195	24	330.254	532	440	409	385	364	344	322	294	257	188	106	113.887	131	121	118	117	115	114	112	111	109	107	99	0	0	0.000	0.000	0	0	0	0	0	0	0	0	0	0	0	0.000	0.000	0	0	0	0	0	0	0	0	0	0	0	0	0
250	250	2256	392.659	1369.117	328	570	897	368	51	274	693	896	289	69	916.360	25233	835	331	275	262	251	240	225	197	156	106	864.306	14445	859	651	618	584	548	514	466	386	268	133	0	0	0.000	0.000	0	0	0	0	0	0	0	0	0	0	0	0.000	0.000	0	0	0	0	0	0	0	0	0	0	0	0	0
251	251	2239	849.384	1376.432	511	646	619	326	97	510	1041	482	150	22	122.599	144	132	129	127	125	123	121	119	116	113	102	485.976	809	716	652	573	526	486	439	397	337	259	142	0	0	0.000	0.000	0	0	0	0	0	0	0	0	0	0	0	0.000	0.000	0	0	0	0	0	0	0	0	0	0	0	0	0
252	252	1050	1333.068	1368.017	144	342	338	183	26	104	393	328	156	43	313.456	449	405	383	365	346	326	303	276	241	201	127	111.958	130	119	116	115	113	112	110	109	107	106	101	0	0	0.000	0.000	0	0	0	0	0	0	0	0	0	0	0	0.000	0.000	0	0	0	0	0	0	0	0	0	0	0	0	0
253	253	768	1289.018	1375.811	126	208	247	140	28	128	205	229	150	43	188.786	248	222	213	205	198	192	185	176	164	151	122	136.086	168	153	149	145	142	138	134	130	122	114	104	0	0	0.000	0.000	0	0	0	0	0	0	0	0	0	0	0	0.000	0.000	0	0	0	0	0	0	0	0	0	0	0	0	0
254	254	1210	1062.276	1384.047	291	314	415	143	28	201	314	402	192	78	123.420	149	132	129	127	125	124	122	120	118	114	102	306.252	460	410	390	368	340	313	285	260	227	180	125	0	0	0.000	0.000	0	0	0	0	0	0	0	0	0	0	0	0.000	0.000	0	0	0	0	0	0	0	0	0	0	0	0	0
255	255	1829	1139.827	1383.782	365	610	633	162	17	248	706	570	231	39	1165.308	18137	1554	606	496	427	386	346	309	261	185	110	285.162	4150	369	176	147	135	129	124	121	116	111	100	1	148	1137.612	1377.261	0	0	0	8723	0	0	1573	0	0	1	125	1137.291	1377.057	0	0	0	10696	0	0	1970	0	0	0	0	0	0
256	256	1266	754.008	1385.762	749	232	134	108	31	566	305	214	124	36	361.146	3184	643	441	354	305	265	239	219	198	172	124	260.821	1142	389	311	281	261	241	221	198	173	144	110	4	26	759.054	1380.730	31	735.627	1386.866	893	1303	0	506	547	0	2	18	736.182	1386.594	12	759.780	1380.198	1453	1130	0	726	680	0	0	0	0	0
257	257	1339	1847.003	1386.428	312	494	397	92	17	309	588	328	76	20	763.491	12225	1451	439	276	234	223	212	199	187	161	101	192.839	1127	265	177	163	158	154	150	145	138	128	101	1	103	1838.139	1378.841	0	0	0	5381	0	0	567	0	0	1	88	1838.556	1378.267	0	0	0	6454	0	0	641	0	0	0	0	0	0
258	258	567	532.617	1385.172	254	149	79	46	27	202	147	104	72	36	193.420	265	239	231	219	205	192	181	169	160	149	115	178.277	242	221	211	199	189	177	166	156	147	139	111	0	0	0.000	0.000	0	0	0	0	0	0	0	0	0	0	0	0.000	0.000	0	0	0	0	0	0	0	0	0	0	0	0	0
259	259	1015	796.357	1395.005	450	228	202	92	21	245	310	229	177	40	284.164	3261	444	203	186	177	169	161	154	144	133	117	373.138	4385	595	279	245	228	216	203	190	172	152	116	1	67	791.228	1400.291	0	0	0	1466	0	0	1714	0	0	1	64	792.138	1399.754	0	0	0	1396	0	0	2136	0	0	0	0	0	0
260	260	1872	1717.774	1402.155	318	581	604	303	41	240	644	638	268	56	282.454	465	379	355	327	300	278	256	241	221	188	118	106.085	127	111	109	107	106	105	105	104	103	102	94	0	0	0.000	0.000	0	0	0	0	0	0	0	0	0	0	0	0.000	0.000	0	0	0	0	0	0	0	0	0	0	0	0	0
261	261	1187	1804.644	1396.595	598	256	169	109	36	513	274	219	135	37	119.929	137	127	125	123	122	120	119	117	115	112	102	287.301	433	357	337	320	307	296	284	268	243	198	116	0	0	0.000	0.000	0	0	0	0	0	0	0	0	0	0	0	0.000	0.000	0	0	0	0	0	0	0	0	0	0	0	0	0
262	262	1796	1260.225	1410.181	313	584	561	245	51	250	559	694	193	66	282.599	4570	328	277	253	234	217	199	185	172	159	110	153.733	619	181	169	160	152	146	140	135	129	123	103	1	41	1255.402	1404.073	0	0	0	2074	0	0	336	0	0	1	36	1254.534	1403.502	0	0	0	1539	0	0	370	0	0	0	0	0	0
263	263	1856	1320.320	1415.365	270	430	681	378	53	222	481	674	337	112	344.058	536	447	423	401	379	359	339	312	268	201	117	111.265	127	117	115	114	112	111	110	109	107	105	97	0	0	0.000	0.000	0	0	0	0	0	0	0	0	0	0	0	0.000	0.000	0	0	0	0	0	0	0	0	0	0	0	0	0
264	264	2062	1094.665	1421.495	389	602	682	333	27	286	542	754	303	130	411.008	600	520	492	472	457	438	414	380	328	249	138	131.708	167	145	141	138	136	132	130	126	122	115	102	0	0	0.000	0.000	0	0	0	0	0	0	0	0	0	0	0	0.000	0.000	0	0	0	0	0	0	0	0	0	0	0	0	0
265	265	2298	352.755	1424.278	439	744	776	255	40	409	881	673	256	42	117.464	140	126	123	121	119	118	116	114	112	109	97	438.402	700	615	564	514	475	444	408	370	325	253	135	0	0	0.000	0.000	0	0	0	0	0	0	0	0	0	0	0	0.000	0.000	0	0	0	0	0	0	0	0	0	0	0	0	0
266	266	2261	295.642	1428.264	391	558	765	423	86	370	757	735	300	55	110.333	124	116	114	113	112	110	109	108	106	104	98	342.154	539	482	454	422	385	346	307	268	240	190	130	0	0	0.000	0.000	0	0	0	0	0	0	0	0	0	0	0	0.000	0.000	0	0	0	0	0	0	0	0	0	0	0	0	0
267	267	1019	770.706	1427.698	439	283	205	56	24	437	368	140	51	16	1965.625	3068	2754	2608	2485	2326	2131	1893	1630	1314	850	291	168.538	214	197	191	186	180	173	166	157	145	130	105	0	0	0.000	0.000	0	0	0	0	0	0	0	0	0	0	0	0.000	0.000	0	0	0	0	0	0	0	0	0	0	0	0	0
268	268	1329	1474.631	1432.415	253	423	371	187	66	204	635	305	140	23	429.437	675	562	531	506	476	449	421	386	338	244	124	106.084	117	110	108	107	107	106	105	105	104	103	98	0	0	0.000	0.000	0	0	0	0	0	0	0	0	0	0	0	0.000	0.000	0	0	0	0	0	0	0	0	0	0	0	0	0
269	269	1428	1833.543	1434.751	1144	131	62	46	40	1048	171	92	69	41	127.005	157	140	136	133	130	127	124	122	118	113	103	311.225	485	420	398	381	361	341	314	271	196	143	111	0	0	0.000	0.000	0	0	0	0	0	0	0	0	0	0	0	0.000	0.000	0	0	0	0	0	0	0	0	0	0	0	0	0
270	270	1422	1755.024	1437.390	248	353	416	304	70	231	447	466	167	86	272.476	410	363	344	324	302	279	255	232	207	162	118	106.302	123	112	109	108	106	105	105	104	103	102	96	0	0	0.000	0.000	0	0	0	0	0	0	0	0	0	0	0	0.000	0.000	0	0	0	0	0	0	0	0	0	0	0	0	0
271	271	2384	863.768	1450.222	528	618	769	344	75	478	786	779	244	45	968.511	1617	1411	1318	1235	1149	1051	929	781	599	351	152	166.592	232	206	196	187	178	169	160	149	137	121	104	0	0	0.000	0.000	0	0	0	0	0	0	0	0	0	0	0	0.000	0.000	0	0	0	0	0	0	0	0	0	0	0	0	0
272	272	1913	1279.295	1457.104	402	728	556	169	26	354	806	512	176	41	847.809	16407	1115	481	362	313	291	273	248	200	149	105	242.328	3161	295	195	174	163	156	149	142	131	117	103	1	112	1273.759	1453.475	0	0	0	7864	0	0	1271	0	0	1	99	1273.838	1453.300	0	0	0	8628	0	0	1402	0	0	0	0	0	0
273	273	2031	1438.118	1469.127	471	798	561	151	12	533	833	494	122	21	421.842	709	564	521	484	462	440	411	374	325	245	125	105.426	116	109	107	107	106	105	105	104	103	102	98	0	0	0.000	0.000	0	0	0	0	0	0	0	0	0	0	0	0.000	0.000	0	0	0	0	0	0	0	0	0	0	0	0	0
274	274	770	1867.790	1466.591	113	301	225	93	23	76	381	180	86	32	110.695	121	116	114	113	112	110	110	109	108	106	101	142.897	176	161	156	151	148	145	141	137	132	123	102	0	0	0.000	0.000	0	0	0	0	0	0	0	0	0	0	0	0.000	0.000	0	0	0	0	0	0	0	0	0	0	0	0	0
275	275	2068	1129.595	1476.855	429	828	646	118	10	232	896	647	214	38	415.496	10379	431	274	242	226	213	201	184	166	142	107	136.201	663	146	138	133	129	126	123	120	116	110	94	1	74	1119.139	1478.873	0	0	0	4009	0	0	234	0	0	1	69	1120.530	1477.905	0	0	0	2140	0	0	376	0	0	0	0	0	0
276	276	1993	782.312	1490.830	369	769	710	99	8	426	1105	395	37	6	1066.258	11899	1358	1104	1005	915	813	728	648	564	425	158	133.049	612	143	133	128	124	121	118	116	113	110	103	1	72	785.154	1477.052	0	0	0	6414	0	0	379	0	0	1	76	785.684	1477.133	0	0	0	6207	0	0	374	0	0	0	0	0	0
277	277	1638	1079.814	1493.777	254	546	556	198	45	230	609	480	238	52	213.372	2280	237	221	213	206	200	191	181	167	148	109	123.698	228	134	130	127	125	123	121	118	116	112	104	1	32	1071.185	1491.485	0	0	0	808	0	0	143	0	0	1	16	1074.035	1491.536	0	0	0	428	0	0	191	0	0	0	0	0	0
278	278	1613	665.346	1494.492	357	416	426	308	75	279	567	503	199	32	119.422	139	128	125	123	122	120	118	116	114	110	100	146.115	185	166	161	156	151	147	143	138	132	123	103	0	0	0.000	0.000	0	0	0	0	0	0	0	0	0	0	0	0.000	0.000	0	0	0	0	0	0	0	0	0	0	0	0	0
279	279	2091	1904.816	1493.122	360	548	722	376	45	287	629	676	390	63	110.464	122	116	114	113	112	111	109	108	107	105	98	155.755	201	183	175	169	163	159	153	147	137	121	102	0	0	0.000	0.000	0	0	0	0	0	0	0	0	0	0	0	0.000	0.000	0	0	0	0	0	0	0	0	0	0	0	0	0
280	280	2129	1830.064	1496.060	512	854	517	181	25	342	791	550	339	52	111.198	127	117	115	114	112	111	110	109	107	105	98	148.899	207	182	174	165	156	148	140	132	126	116	102	0	0	0.000	0.000	0	0	0	0	0	0	0	0	0	0	0	0.000	0.000	0	0	0	0	0	0	0	0	0	0	0	0	0
281	281	1986	839.148	1510.350	311	682	690	246	13	178	436	821	369	139	118.854	147	129	124	122	120	118	117	115	113	110	101	108.856	122	114	112	111	110	109	108	107	106	104	98	0	0	0.000	0.000	0	0	0	0	0	0	0	0	0	0	0	0.000	0.000	0	0	0	0	0	0	0	0	0	0	0	0	0
282	282	1456	440.102	1507.085	289	436	463	206	36	239	601	400	166	16	275.400	413	364	344	324	307	284	263	236	208	170	118	313.049	479	426	402	377	350	322	291	262	226	180	121	0	0	0.000	0.000	0	0	0	0	0	0	0	0	0	0	0	0.000	0.000	0	0	0	0	0	0	0	0	0	0	0	0	0
283	283	933	1581.201	1508.052	388	239	170	109	20	349	323	170	52	21	113.376	129	121	119	117	115	114	111	109	107	105	99	283.562	461	389	364	339	319	300	273	235	194	153	112	0	0	0.000	0.000	0	0	0	0	0	0	0	0	0	0	0	0.000	0.000	0	0	0	0	0	0	0	0	0	0	0	0	0
284	284	2161	985.998	1520.326	360	709	699	326	30	252	749	781	266	64	1526.845	24193	2615	665	410	338	290	259	237	213	175	124	495.192	7709	784	273	202	181	168	159	150	141	127	106	1	207	989.778	1520.697	0	0	0	11372	0	0	2706	0	0	1	163	989.727	1520.335	0	0	0	15054	0	0	3535	0	0	0	0	0	0
285	285	924	781.508	1542.283	175	223	238	203	70	97	213	284	253	62	686.708	1185	1012	922	847	781	719	631	546	440	311	161	117.006	140	126	123	121	119	117	115	113	111	108	102	0	0	0.000	0.000	0	0	0	0	0	0	0	0	0	0	0	0.000	0.000	0	0	0	0	0	0	0	0	0	0	0	0	0
286	286	716	1548.831	1548.757	110	219	195	141	34	92	289	187	105	32	713.001	1169	1017	961	898	845	785	703	622	442	237	138	121.049	140	131	129	126	124	122	119	116	113	110	98	0	0	0.000	0.000	0	0	0	0	0	0	0	0	0	0	0	0.000	0.000	0	0	0	0	0	0	0	0	0	0	0	0	0
287	287	2296	1287.985	1567.158	485	1150	528	80	15	320	971	602	282	80	1281.295	1986	1765	1671	1586	1486	1377	1240	1082	855	633	234	119.113	151	135	129	124	120	117	115	112	110	107	99	0	0	0.000	0.000	0	0	0	0	0	0	0	0	0	0	0	0.000	0.000	0	0	0	0	0	0	0	0	0	0	0	0	0
288	288	1863	1645.113	1568.703	337	691	558	207	33	242	770	540	254	24	308.783	486	421	387	361	337	318	298	274	236	167	108	114.040	134	124	121	118	116	114	112	110	107	104	97	0	0	0.000	0.000	0	0	0	0	0	0	0	0	0	0	0	0.000	0.000	0	0	0	0	0	0	0	0	0	0	0	0	0
289	289	2148	292.365	1579.220	422	770	646	231	50	253	724	747	319	78	107.807	121	113	111	110	109	108	107	106	105	103	94	157.219	233	195	178	169	161	154	148	143	136	124	101	0	0	0.000	0.000	0	0	0	0	0	0	0	0	0	0	0	0.000	0.000	0	0	0	0	0	0	0	0	0	0	0	0	0
290	290	1826	1038.646	1573.857	382	583	598	218	14	237	459	626	365	104	111.050	125	117	115	114	112	111	110	109	107	105	99	143.660	188	169	163	157	151	145	139	133	126	113	101	0	0	0.000	0.000	0	0	0	0	0	0	0	0	0	0	0	0.000	0.000	0	0	0	0	0	0	0	0	0	0	0	0	0
291	291	1377	984.067	1575.866	194	348	546	215	55	148	470	464	200	72	110.851	123	116	114	113	112	111	110	109	107	106	100	145.044	187	168	162	156	151	146	141	136	130	120	105	0	0	0.000	0.000	0	0	0	0	0	0	0	0	0	0	0	0.000	0.000	0	0	0	0	0	0	0	0	0	0	0	0	0
292	292	1668	827.362	1575.189	571	395	358	263	50	485	569	358	170	63	449.683	9513	525	348	308	289	272	249	219	184	149	113	448.060	9383	520	340	306	284	264	235	205	167	132	106	1	54	831.624	1572.723	0	0	0	4510	0	0	1853	0	0	1	56	833.097	1572.752	0	0	0	2384	0	0	4352	0	0	0	0	0	0
293	293	1932	764.170	1593.258	260	557	634	342	104	285	823	545	223	25	240.731	363	300	286	276	263	251	237	219	193	161	112	332.688	498	436	418	400	380	354	325	289	242	188	113	0	0	0.000	0.000	0	0	0	0	0	0	0	0	0	0	0	0.000	0.000	0	0	0	0	0	0	0	0	0	0	0	0	0
294	294	2317	126.500	1595.757	387	705	773	371	44	262	535	961	397	116	254.886	353	317	304	293	281	266	246	226	206	177	116	238.735	348	308	295	280	264	245	223	204	183	160	110	0	0	0.000	0.000	0	0	0	0	0	0	0	0	0	0	0	0.000	0.000	0	0	0	0	0	0	0	0	0	0	0	0	0
295	295	2031	504.347	1607.029	303	575	712	372	32	208	563	804	352	70	612.188	12655	690	396	364	329	301	273	246	215	184	111	194.000	2319	212	163	153	147	141	134	129	124	118	104	1	91	510.278	1612.370	0	0	0	5831	0	0	1035	0	0	1	85	510.146	1612.397	0	0	0	6154	0	0	1081	0	0	0	0	0	0
296	296	1756	1680.879	1612.316	334	588	536	228	44	232	629	505	310	60	538.155	8870	628	435	400	369	346	326	295	250	195	112	126.920	578	134	124	121	118	116	114	112	110	107	99	1	67	1680.309	1603.143	0	0	0	4436	0	0	231	0	0	1	65	1681.230	1601.982	0	0	0	2792	0	0	329	0	0	0	0	0	0
297	297	714	1462.689	1606.823	90	153	253	178	25	66	177	327	111	21	1086.272	1539	1419	1364	1315	1266	1195	1095	995	830	539	194	127.746	151	140	137	134	132	130	127	124	119	111	100	0	0	0.000	0.000	0	0	0	0	0	0	0	0	0	0	0	0.000	0.000	0	0	0	0	0	0	0	0	0	0	0	0	0
298	298	2336	1513.606	1616.880	323	835	830	269	35	290	950	781	230	41	1500.902	2845	2372	2101	1896	1707	1506	1316	1130	972	576	161	136.973	178	159	151	145	141	136	132	128	123	117	102	0	0	0.000	0.000	0	0	0	0	0	0	0	0	0	0	0	0.000	0.000	0	0	0	0	0	0	0	0	0	0	0	0	0
299	299	1138	669.197	1621.692	134	348	364	227	40	95	362	424	183	48	289.966	434	371	342	325	306	292	276	262	243	207	129	122.448	144	133	129	127	124	122	120	118	116	113	104	0	0	0.000	0.000	0	0	0	0	0	0	0	0	0	0	0	0.000	0.000	0	0	0	0	0	0	0	0	0	0	0	0	0
300	300	634	893.117	1622.170	194	231	139	52	10	143	191	191	83	13	125.372	228	147	130	125	123	121	118	115	113	110	102	133.476	155	145	142	139	137	135	133	130	126	119	106	0	0	0.000	0.000	0	0	0	0	0	0	0	0	0	0	0	0.000	0.000	0	0	0	0	0	0	0	0	0	0	0	0	0
301	301	1473	306.886	1634.639	287	474	458	204	21	261	451	452	253	38	106.514	117	111	109	108	107	107	106	105	104	102	95	154.752	207	181	173	167	161	156	151	145	136	125	106	0	0	0.000	0.000	0	0	0	0	0	0	0	0	0	0	0	0.000	0.000	0	0	0	0	0	0	0	0	0	0	0	0	0
302	302	1950	715.349	1631.516	312	611	609	348	35	276	669	624	254	99	708.343	14028	744	429	381	352	331	314	299	279	223	120	159.247	1253	165	140	135	132	129	126	124	121	116	104	1	91	705.781	1618.037	0	0	0	6518	0	0	642	0	0	1	90	706.180	1618.011	0	0	0	6651	0	0	646	0	0	0	0	0	0
303	303	1393	626.691	1633.803	603	359	275	116	19	525	385	255	171	43	111.823	127	118	116	115	113	112	110	109	107	105	100	294.978	430	378	358	341	323	304	282	260	234	195	117	0	0	0.000	0.000	0	0	0	0	0	0	0	0	0	0	0	0.000	0.000	0	0	0	0	0	0	0	0	0	0	0	0	0
304	304	1842	771.153	1654.016	227	569	711	255	39	197	650	710	218	25	371.935	6493	403	323	296	275	257	239	220	201	182	136	348.642	1165	478	442	405	370	335	304	277	245	208	134	1	53	781.872	1653.206	0	0	0	3117	0	0	744	0	0	1	18	781.856	1652.624	0	0	0	5249	0	0	997	0	0	0	0	0	0
305	305	1535	908.852	1660.431	282	357	503	324	49	205	456	542	242	63	113.980	130	120	118	117	115	114	113	111	110	107	98	130.865	159	147	143	139	135	131	127	123	119	114	101	0	0	0.000	0.000	0	0	0	0	0	0	0	0	0	0	0	0.000	0.000	0	0	0	0	0	0	0	0	0	0	0	0	0
306	306	1803	581.504	1659.594	261	606	517	350	38	165	528	635	318	118	134.116	167	151	145	141	138	134	131	128	124	117	100	237.744	365	309	284	269	254	239	225	209	193	166	112	0	0	0.000	0.000	0	0	0	0	0	0	0	0	0	0	0	0.000	0.000	0	0	0	0	0	0	0	0	0	0	0	0	0
307	307	3036	516.397	1684.335	851	953	774	368	40	831	1171	739	248	9	110.126	131	118	116	113	111	109	108	106	105	103	96	118.168	163	134	127	123	119	116	113	111	109	106	99	0	0	0.000	0.000	0	0	0	0	0	0	0	0	0	1	23	506.024	1676.746	0	0	0	123	0	0	151	0	0	0	0	0	0
308	308	1733	702.180	1682.497	299	502	517	334	55	182	453	533	403	130	863.616	1289	1125	1067	1014	959	904	849	784	675	514	158	142.650	187	162	156	152	147	143	140	135	129	120	106	0	0	0.000	0.000	0	0	0	0	0	0	0	0	0	0	0	0.000	0.000	0	0	0	0	0	0	0	0	0	0	0	0	0
309	309	1268	1338.201	1678.894	214	513	322	163	28	156	595	320	155	23	342.596	1291	441	408	386	366	349	328	299	263	212	121	111.431	134	118	115	114	112	111	110	109	107	105	98	0	0	0.000	0.000	0	0	0	0	0	0	0	0	0	0	0	0.000	0.000	0	0	0	0	0	0	0	0	0	0	0	0	0
310	310	1121	631.580	1680.714	181	333	378	166	36	135	395	372	159	44	129.298	158	142	138	136	133	131	128	124	120	115	101	207.682	291	258	246	237	224	213	200	185	171	148	116	0	0	0.000	0.000	0	0	0	0	0	0	0	0	0	0	0	0.000	0.000	0	0	0	0	0	0	0	0	0	0	0	0	0
311	311	1700	1387.253	1696.337	255	566	507	283	44	135	606	560	298	61	563.127	10849	662	412	373	353	335	317	298	265	214	124	132.078	850	143	128	122	118	115	112	111	109	107	101	1	65	1389.664	1705.947	0	0	0	4750	0	0	412	0	0	1	61	1390.158	1705.507	0	0	0	4654	0	0	432	0	0	0	0	0	0
312	312	2155	750.245	1703.009	377	638	794	292	15	310	756	799	209	32	1809.066	21055	2588	1280	1149	1032	931	834	726	546	329	135	303.284	3957	410	202	170	157	149	141	134	126	117	104	1	174	746.785	1702.197	0	0	0	11681	0	0	1626	0	0	1	157	747.699	1701.978	0	0	0	13203	0	0	1910	0	0	0	0	0	0
313	313	1690	885.811	1702.367	205	502	586	288	68	210	623	489	228	99	233.472	335	292	273	260	250	239	226	213	191	167	114	241.141	352	313	289	272	256	242	229	214	195	167	115	0	0	0.000	0.000	0	0	0	0	0	0	0	0	0	0	0	0.000	0.000	0	0	0	0	0	0	0	0	0	0	0	0	0
314	314	2055	1842.715	1714.305	416	879	535	171	14	236	611	678	360	124	219.492	1634	257	237	226	217	208	197	185	168	143	108	229.716	472	291	273	259	248	236	222	208	182	148	108	1	43	1838.725	1698.546	0	0	0	847	0	0	299	0	0	0	0	0.000	0.000	0	0	0	0	0	0	0	0	0	0	0	0	0
315	315	1737	558.845	1724.668	623	548	371	149	25	614	701	272	100	22	117.078	146	128	123	120	118	116	115	113	110	107	98	152.204	198	173	168	164	160	155	150	144	137	124	103	0	0	0.000	0.000	0	0	0	0	0	0	0	0	0	0	0	0.000	0.000	0	0	0	0	0	0	0	0	0	0	0	0	0
316	316	2143	907.744	1752.165	519	661	626	263	32	396	656	669	302	84	655.455	14266	753	336	278	259	244	228	213	193	161	111	281.722	1818	323	299	285	269	254	240	221	193	162	111	1	102	902.655	1761.207	0	0	0	6823	0	0	933	0	0	1	74	902.155	1761.114	0	0	0	8741	0	0	1150	0	0	0	0	0	0
317	317	2297	1725.032	1772.865	423	755	744	260	68	347	879	720	234	74	4608.261	31194	12964	4268	3223	2666	2244	1859	1544	1326	977	304	889.046	9811	2359	561	350	273	233	208	186	171	153	110	1	321	1723.786	1773.526	0	0	0	20209	0	0	4313	0	0	1	292	1723.457	1773.131	0	0	0	21084	0	0	4770	0	0	0	0	0	0
318	318	1662	158.262	1770.987	254	508	555	268	40	198	585	581	211	59	431.170	2151	563	509	476	440	410	387	366	326	264	151	113.734	212	120	117	115	114	113	111	110	108	106	96	1	21	161.403	1754.789	0	0	0	1433	0	0	152	0	0	1	28	162.697	1755.115	0	0	0	1121	0	0	166	0	0	0	0	0	0
319	319	2479	1223.388	1784.575	666	1024	642	95	11	384	757	819	370	102	466.410	806	696	639	585	541	497	434	351	265	197	122	106.093	125	111	109	107	106	106	105	104	103	102	96	0	0	0.000	0.000	0	0	0	0	0	0	0	0	0	0	0	0.000	0.000	0	0	0	0	0	0	0	0	0	0	0	0	0
320	320	1285	1427.387	1773.444	179	549	380	131	26	187	625	311	114	21	231.858	342	295	278	264	249	232	219	204	186	164	120	118.675	138	129	126	123	121	119	116	114	112	109	98	0	0	0.000	0.000	0	0	0	0	0	0	0	0	0	0	0	0.000	0.000	0	0	0	0	0	0	0	0	0	0	0	0	0
321	321	1108	84.190	1781.387	172	409	309	149	33	164	495	272	127	27	199.461	264	236	229	221	215	206	194	182	170	154	107	125.427	151	140	136	132	128	125	122	119	115	112	100	0	0	0.000	0.000	0	0	0	0	0	0	0	0	0	0	0	0.000	0.000	0	0	0	0	0	0	0	0	0	0	0	0	0
322	322	2586	1321.625	1794.117	571	948	728	249	40	579	1176	615	139	33	113.075	132	120	118	116	115	113	112	110	108	106	99	157.357	211	188	180	172	166	159	152	144	135	123	103	0	0	0.000	0.000	0	0	0	0	0	0	0	0	0	0	0	0.000	0.000	0	0	0	0	0	0	0	0	0	0	0	0	0
323	323	1928	1670.060	1791.890	420	533	543	356	45	295	485	574	420	111	1684.054	11282	2187	1975	1818	1686	1545	1400	1261	1111	890	376	170.286	1270	185	166	159	153	149	144	140	135	126	107	1	39	1680.972	1792.074	0	0	0	7438	0	0	762	0	0	1	59	1681.592	1791.129	0	0	0	5811	0	0	680	0	0	0	0	0	0
324	324	1713	571.102	1803.600	564	716	370	34	10	398	689	396	160	36	113.755	129	120	118	117	115	114	113	111	109	107	101	186.869	254	226	216	206	199	191	183	174	158	136	109	0	0	0.000	0.000	0	0	0	0	0	0	0	0	0	0	0	0.000	0.000	0	0	0	0	0	0	0	0	0	0	0	0	0
325	325	1359	701.907	1808.139	434	453	330	107	14	362	530	298	122	16	110.592	124	116	114	113	111	110	110	108	107	105	100	248.730	374	311	293	280	271	261	248	228	197	163	110	0	0	0.000	0.000	0	0	0	0	0	0	0	0	0	0	0	0.000	0.000	0	0	0	0	0	0	0	0	0	0	0	0	0
326	326	2040	1380.514	1811.844	192	659	821	284	48	138	694	762	318	87	293.301	4699	319	279	259	242	225	208	193	179	166	123	122.766	420	133	128	125	121	119	116	114	112	109	99	1	48	1397.357	1806.369	0	0	0	2024	0	0	144	0	0	1	35	1400.399	1805.165	0	0	0	593	0	0	271	0	0	0	0	0	0
327	327	2102	1435.051	1825.701	312	879	681	166	19	236	772	697	287	61	430.137	9427	445	328	307	291	276	262	246	221	183	120	132.647	720	139	131	128	126	123	121	118	114	110	102	1	62	1441.935	1835.636	0	0	0	4023	0	0	361	0	0	1	62	1442.020	1834.659	0	0	0	3326	0	0	369	0	0	0	0	0	0
328	328	1653	100.760	1824.374	296	488	443	289	111	224	589	476	274	57	850.865	15744	1223	466	327	285	264	240	220	203	177	124	163.354	1014	202	149	141	134	129	125	121	117	113	101	1	106	106.081	1830.409	0	0	0	7590	0	0	548	0	0	1	109	105.770	1830.402	0	0	0	7497	0	0	532	0	0	0	0	0	0
329	329	1933	153.023	1822.825	469	764	560	107	5	314	691	540	293	66	939.923	16694	1005	609	554	515	484	442	387	329	245	133	161.242	1578	163	129	123	120	118	115	113	110	107	99	1	103	151.459	1807.069	0	0	0	7876	0	0	744	0	0	1	105	152.008	1807.054	0	0	0	7622	0	0	744	0	0	0	0	0	0
330	330	1002	1103.452	1819.796	143	323	289	209	23	136	345	339	122	34	107.712	118	112	111	110	109	108	107	106	105	103	98	211.757	296	268	256	246	232	216	200	183	167	146	114	0	0	0.000	0.000	0	0	0	0	0	0	0	0	0	0	0	0.000	0.000	0	0	0	0	0	0	0	0	0	0	0	0	0
331	331	1327	221.654	1825.344	416	348	258	217	70	352	428	311	182	31	122.136	173	135	129	125	123	121	119	116	113	110	100	268.899	422	349	327	311	294	282	260	238	203	168	122	0	0	0.000	0.000	0	0	0	0	0	0	0	0	0	0	0	0.000	0.000	0	0	0	0	0	0	0	0	0	0	0	0	0
332	332	2043	1258.273	1832.285	382	791	651	177	18	245	761	650	281	76	553.018	931	787	739	695	650	588	502	424	348	274	144	106.315	120	111	109	108	107	106	105	104	104	103	94	0	0	0.000	0.000	0	0	0	0	0	0	0	0	0	0	0	0.000	0.000	0	0	0	0	0	0	0	0	0	0	0	0	0
333	333	690	1202.878	1834.115	112	235	202	113	19	61	158	220	173	69	441.125	595	553	530	512	493	467	435	397	358	292	139	112.661	135	123	120	116	113	111	110	108	106	104	97	0	0	0.000	0.000	0	0	0	0	0	0	0	0	0	0	0	0.000	0.000	0	0	0	0	0	0	0	0	0	0	0	0	0
334	334	1643	1135.577	1847.833	512	496	381	152	72	491	560	332	171	62	110.626	132	116	114	113	112	111	110	108	107	105	99	230.045	352	306	289	269	245	227	211	197	179	152	115	0	0	0.000	0.000	0	0	0	0	0	0	0	0	0	0	0	0.000	0.000	0	0	0	0	0	0	0	0	0	0	0	0	0
335	335	992	1304.656	1841.829	70	241	330	252	81	70	414	354	114	26	114.028	125	120	118	116	115	114	113	112	111	109	101	163.438	209	193	185	178	171	165	158	150	142	133	111	0	0	0.000	0.000	0	0	0	0	0	0	0	0	0	0	0	0.000	0.000	0	0	0	0	0	0	0	0	0	0	0	0	0
336	336	1980	1046.374	1860.678	430	734	560	178	43	504	877	483	65	12	881.786	15109	1046	592	527	480	442	406	366	323	268	139	158.146	1454	175	131	123	120	118	115	113	111	108	98	1	105	1042.360	1860.453	0	0	0	7063	0	0	672	0	0	1	104	1042.597	1860.119	0	0	0	7063	0	0	680	0	0	0	0	0	0
337	337	1451	1383.636	1864.783	260	500	397	228	35	228	636	390	161	16	300.652	437	361	344	329	317	307	297	284	264	226	138	103.835	117	107	106	105	104	104	103	102	102	101	94	0	0	0.000	0.000	0	0	0	0	0	0	0	0	0	0	0	0.000	0.000	0	0	0	0	0	0	0	0	0	0	0	0	0
338	338	1784	1228.616	1871.172	300	615	632	199	10	200	586	637	272	48	607.165	1046	865	791	731	668	607	545	481	416	351	174	113.163	143	124	119	116	113	111	110	109	107	106	98	0	0	0.000	0.000	0	0	0	0	0	0	0	0	0	1	22	1234.135	1866.682	0	0	0	774	0	0	137	0	0	0	0	0	0
339	339	1597	1579.415	1883.054	416	500	443	201	17	266	610	391	256	46	111.175	125	117	115	114	112	111	110	109	107	105	99	104.937	118	109	107	106	105	105	104	103	103	101	95	0	0	0.000	0.000	0	0	0	0	0	0	0	0	0	0	0	0.000	0.000	0	0	0	0	0	0	0	0	0	0	0	0	0
340	340	2045	1432.366	1886.384	606	804	497	87	11	392	686	600	247	65	371.940	618	511	470	438	410	382	352	317	277	208	119	105.491	122	111	108	107	106	105	104	103	103	102	95	0	0	0.000	0.000	0	0	0	0	0	0	0	0	0	0	0	0.000	0.000	0	0	0	0	0	0	0	0	0	0	0	0	0
341	341	1692	1279.015	1889.555	265	538	531	280	46	235	588	527	233	71	614.108	968	824	779	735	689	637	584	533	467	354	159	113.470	146	124	119	116	114	112	110	109	107	106	98	0	0	0.000	0.000	0	0	0	0	0	0	0	0	0	0	0	0.000	0.000	0	0	0	0	0	0	0	0	0	0	0	0	0
342	342	1693	468.867	1895.732	343	537	522	237	29	244	595	535	238	54	111.884	126	118	116	115	113	112	111	109	108	105	99	171.579	244	213	201	191	181	171	162	152	143	130	104	0	0	0.000	0.000	0	0	0	0	0	0	0	0	0	0	0	0.000	0.000	0	0	0	0	0	0	0	0	0	0	0	0	0
343	343	1672	1030.081	1912.192	843	659	104	15	11	920	660	49	14	8	480.221	7240	554	441	410	383	356	328	295	265	215	129	116.051	364	123	117	114	112	111	109	108	106	104	99	1	47	1032.273	1907.223	0	0	0	3612	0	0	231	0	0	1	53	1032.756	1907.259	0	0	0	3423	0	0	227	0	0	0	0	0	0
344	344	1821	371.815	1920.144	750	416	388	174	65	700	571	318	170	35	113.127	128	121	118	116	115	113	112	110	108	105	97	673.666	1115	1002	950	873	775	695	633	524	393	270	141	0	0	0.000	0.000	0	0	0	0	0	0	0	0	0	0	0	0.000	0.000	0	0	0	0	0	0	0	0	0	0	0	0	0
345	345	2107	1540.601	1920.690	674	870	440	65	9	316	709	623	315	98	111.584	127	118	116	114	113	111	110	109	107	105	99	104.722	117	109	107	106	105	104	104	103	102	101	96	0	0	0.000	0.000	0	0	0	0	0	0	0	0	0	0	0	0.000	0.000	0	0	0	0	0	0	0	0	0	0	0	0	0
346	346	1172	1219.075	1916.039	169	361	383	195	43	103	498	373	146	27	286.597	382	353	339	327	314	298	283	263	238	198	119	157.741	207	185	178	171	164	158	152	145	138	130	109	0	0	0.000	0.000	0	0	0	0	0	0	0	0	0	0	0	0.000	0.000	0	0	0	0	0	0	0	0	0	0	0	0	0
347	347	2135	245.873	1928.045	397	638	663	334	68	295	605	769	314	92	112.116	130	119	116	115	113	112	111	109	108	106	93	211.062	309	277	262	245	229	212	196	179	163	141	108	0	0	0.000	0.000	0	0	0	0	0	0	0	0	0	0	0	0.000	0.000	0	0	0	0	0	0	0	0	0	0	0	0	0
348	348	1744	1170.327	1921.057	257	590	529	299	37	154	603	479	317	155	859.825	14787	1200	471	340	308	288	270	253	226	190	132	230.450	2574	269	187	171	162	155	148	143	137	127	109	1	115	1167.148	1913.614	0	0	0	7301	0	0	1016	0	0	1	95	1167.257	1912.950	0	0	0	7906	0	0	1225	0	0	0	0	0	0
349	349	1822	1772.641	1926.300	379	615	495	265	32	177	601	580	329	108	350.562	6984	334	244	227	214	204	196	187	174	161	120	160.426	697	179	167	161	156	152	146	140	134	125	106	1	70	1761.359	1936.290	0	0	0	2876	0	0	301	0	0	1	50	1762.530	1936.514	0	0	0	3935	0	0	453	0	0	0	0	0	0
350	350	1319	1280.539	1938.596	242	315	377	276	78	216	415	407	185	74	604.131	949	824	785	741	686	627	571	516	454	306	153	114.444	150	129	121	117	114	112	110	109	107	105	99	0	0	0.000	0.000	0	0	0	0	0	0	0	0	0	0	0	0.000	0.000	0	0	0	0	0	0	0	0	0	0	0	0	0
351	351	1193	1730.225	1942.864	258	481	326	97	12	118	511	346	146	52	191.203	260	228	217	208	199	191	183	176	168	154	118	146.556	186	167	162	156	152	147	143	138	131	125	105	0	0	0.000	0.000	0	0	0	0	0	0	0	0	0	0	0	0.000	0.000	0	0	0	0	0	0	0	0	0	0	0	0	0
352	352	1959	444.749	1943.792	378	682	634	214	20	154	685	659	337	89	114.340	143	121	119	117	116	114	113	111	110	108	98	169.850	252	207	194	184	176	170	163	155	146	132	107	0	0	0.000	0.000	0	0	0	0	0	0	0	0	0	0	0	0.000	0.000	0	0	0	0	0	0	0	0	0	0	0	0	0
353	353	1444	331.771	1946.990	223	452	454	263	23	128	455	519	241	74	259.657	365	323	303	288	274	260	248	237	223	194	119	105.608	123	110	108	107	106	105	105	104	103	102	97	0	0	0.000	0.000	0	0	0	0	0	0	0	0	0	0	0	0.000	0.000	0	0	0	0	0	0	0	0	0	0	0	0	0
354	354	1294	1835.872	1959.305	269	412	350	195	49	176	437	330	241	87	767.364	1380	1140	980	874	811	744	687	632	555	461	238	104.377	116	108	107	106	105	104	104	103	102	101	97	0	0	0.000	0.000	0	0	0	0	0	0	0	0	0	0	0	0.000	0.000	0	0	0	0	0	0	0	0	0	0	0	0	0
355	355	1436	1227.084	1961.745	201	339	447	340	78	147	371	557	248	76	292.103	5345	322	233	216	206	198	189	178	164	146	110	155.878	637	182	169	157	150	145	141	135	129	121	105	1	40	1236.351	1957.958	0	0	0	2477	0	0	377	0	0	1	38	1236.136	1957.450	0	0	0	2398	0	0	424	0	0	0	0	0	0
356	356	2306	283.237	1970.354	473	559	679	467	80	454	692	687	372	64	111.898	129	119	116	115	113	112	110	109	107	105	99	213.486	370	291	262	242	225	210	196	181	162	141	110	0	0	0.000	0.000	0	0	0	0	0	0	0	0	0	0	0	0.000	0.000	0	0	0	0	0	0	0	0	0	0	0	0	0
357	357	1241	1933.475	1972.216	285	353	281	261	44	249	330	331	215	96	573.887	871	780	733	684	623	561	517	484	443	373	155	143.468	187	165	158	153	147	142	138	134	129	122	104	0	0	0.000	0.000	0	0	0	0	0	0	0	0	0	0	0	0.000	0.000	0	0	0	0	0	0	0	0	0	0	0	0	0
358	358	1575	1175.121	1979.533	428	717	262	102	42	390	714	260	135	49	107.455	122	112	110	109	108	107	106	105	104	103	96	234.369	347	291	276	263	251	240	226	208	188	171	124	0	0	0.000	0.000	0	0	0	0	0	0	0	0	0	0	0	0.000	0.000	0	0	0	0	0	0	0	0	0	0	0	0	0
