 	cell	area	x	y	BFI_lev_b1	BFI_lev_b2	BFI_lev_b3	BFI_lev_b4	BFI_lev_b5	BFO_lev_b1	BFO_lev_b2	BFO_lev_b3	BFO_lev_b4	BFO_lev_b5	GFP_int_mean	GFP_int_b0	GFP_int_b1	GFP_int_b2	GFP_int_b3	GFP_int_b4	GFP_int_b5	GFP_int_b6	GFP_int_b7	GFP_int_b8	GFP_int_b9	GFP_int_b10	RFP_int_mean	RFP_int_b0	RFP_int_b1	RFP_int_b2	RFP_int_b3	RFP_int_b4	RFP_int_b5	RFP_int_b6	RFP_int_b7	RFP_int_b8	RFP_int_b9	RFP_int_b10	inGFPnfoci	f1_inGFParea	f1_inGFPx	f1_inGFPy	f2_inGFParea	f2_inGFPx	f2_inGFPy	f1_inGFP_toGFPmed	f2_inGFP_toGFPmed	f2_inGFP_toGFPmean	f1_inGFP_toRFPmed	f2_inGFP_toRFPmed	f2_inGFP_toRFPmean	inRFPnfoci	f1_inRFParea	f1_inRFPx	f1_inRFPy	f2_inRFParea	f2_inRFPx	f2_inRFPy	f1_inRFP_toGFPmed	f1_inRFP_toGFPmean	f2_inRFP_toGFPmed	f2_inRFP_toGFPmean	f1_inRFP_toRFPmed	f1_inRFP_toRFPmean	f2_inRFP_toRFPmed	f2_inRFP_toRFPmean	f1_inGFP_toGFPmean	f1_inGFP_toRFPmean
1	1	1667	1896.603	75.708	373	527	537	176	19	282	472	540	278	66	114.412	327	119	116	114	113	112	110	109	107	105	99	175.098	260	206	194	187	182	177	171	165	156	143	104	1	35	1899.954	85.558	0	0.000	0.000	203	0	0	194	0	0	0	0	0.000	0.000	0	0.000	0.000	0	0	0	0	0	0	0	0	0	0
2	2	1023	1352.980	74.020	59	356	363	200	30	42	272	429	204	55	108.163	121	113	111	110	109	108	107	106	106	104	98	126.327	159	137	134	131	128	126	124	122	119	116	107	0	0	0.000	0.000	0	0.000	0.000	0	0	0	0	0	0	0	0	0.000	0.000	0	0.000	0.000	0	0	0	0	0	0	0	0	0	0
3	3	2244	890.267	90.482	654	748	632	168	12	415	692	662	387	55	112.129	129	120	117	115	114	112	111	109	107	104	97	135.602	173	156	150	146	141	137	132	128	121	111	99	0	0	0.000	0.000	0	0.000	0.000	0	0	0	0	0	0	0	0	0.000	0.000	0	0.000	0.000	0	0	0	0	0	0	0	0	0	0
4	4	2715	734.701	105.414	440	699	961	503	78	318	931	912	390	106	245.072	1172	321	299	275	255	239	224	202	175	142	102	123.508	234	138	133	128	125	122	119	116	113	107	98	2	21	748.046	109.413	23	746.304	93.898	657	743	0	151	172	0	2	11	744.985	107.606	19	744.840	91.961	369	0	413	0	188	0	189	0	0	0
5	5	1726	389.506	103.934	467	612	398	179	36	630	807	226	22	12	120.738	748	124	119	117	115	113	112	110	108	105	98	154.093	205	180	173	167	161	155	150	144	137	124	97	1	34	398.581	114.605	0	0.000	0.000	377	0	0	152	0	0	0	0	0.000	0.000	0	0.000	0.000	0	0	0	0	0	0	0	0	0	0
6	6	756	1292.940	103.995	140	252	245	94	15	50	195	257	186	56	116.108	141	129	124	121	118	116	113	111	108	105	98	367.890	606	536	495	452	405	367	338	301	254	195	111	0	0	0.000	0.000	0	0.000	0.000	0	0	0	0	0	0	0	0	0.000	0.000	0	0.000	0.000	0	0	0	0	0	0	0	0	0	0
7	7	2319	1009.830	123.855	248	820	777	378	47	262	783	755	393	86	701.389	1193	956	891	830	773	708	648	600	540	429	129	121.398	148	133	129	127	124	122	120	117	113	107	98	0	0	0.000	0.000	0	0.000	0.000	0	0	0	0	0	0	0	0	0.000	0.000	0	0.000	0.000	0	0	0	0	0	0	0	0	0	0
8	8	1578	223.683	123.842	193	310	582	350	119	166	343	695	252	93	108.812	121	114	113	111	110	109	108	106	105	103	98	132.000	167	148	144	140	137	133	129	126	121	114	99	0	0	0.000	0.000	0	0.000	0.000	0	0	0	0	0	0	0	0	0.000	0.000	0	0.000	0.000	0	0	0	0	0	0	0	0	0	0
9	9	1330	1359.112	157.338	189	398	429	228	55	132	531	404	187	59	108.917	126	113	112	111	110	109	108	107	106	105	99	139.647	194	156	151	148	144	141	137	133	128	122	104	0	0	0.000	0.000	0	0.000	0.000	0	0	0	0	0	0	0	0	0.000	0.000	0	0.000	0.000	0	0	0	0	0	0	0	0	0	0
10	10	1659	191.667	161.546	271	450	469	336	94	255	583	498	242	49	112.806	130	119	117	116	114	113	112	110	108	106	99	136.252	169	154	149	145	141	137	134	129	123	116	101	0	0	0.000	0.000	0	0.000	0.000	0	0	0	0	0	0	0	0	0.000	0.000	0	0.000	0.000	0	0	0	0	0	0	0	0	0	0
11	11	1212	1880.876	156.825	211	313	369	255	40	240	427	345	147	26	109.871	129	116	114	113	111	110	109	107	105	103	97	213.691	314	283	263	246	234	218	204	185	164	135	105	0	0	0.000	0.000	0	0.000	0.000	0	0	0	0	0	0	0	0	0.000	0.000	0	0.000	0.000	0	0	0	0	0	0	0	0	0	0
12	12	1363	1051.855	157.241	219	420	478	217	8	176	468	428	242	23	703.499	1075	897	840	812	779	746	715	660	573	412	171	122.133	147	135	131	129	127	124	121	117	111	106	98	0	0	0.000	0.000	0	0.000	0.000	0	0	0	0	0	0	0	0	0.000	0.000	0	0.000	0.000	0	0	0	0	0	0	0	0	0	0
13	13	1143	312.942	164.039	128	361	389	215	33	120	322	435	208	36	407.424	616	531	499	473	448	425	403	364	313	252	128	121.383	142	131	128	126	124	122	120	117	114	111	103	0	0	0.000	0.000	0	0.000	0.000	0	0	0	0	0	0	0	0	0.000	0.000	0	0.000	0.000	0	0	0	0	0	0	0	0	0	0
14	14	1464	808.567	168.130	172	405	463	315	83	66	427	549	290	105	108.967	120	113	112	111	110	109	108	107	106	104	95	160.596	206	185	177	173	168	164	159	153	144	131	104	0	0	0.000	0.000	0	0.000	0.000	0	0	0	0	0	0	0	0	0.000	0.000	0	0.000	0.000	0	0	0	0	0	0	0	0	0	0
15	15	1851	539.015	171.762	277	531	682	300	30	184	568	742	272	55	113.253	132	120	118	116	115	113	112	110	109	106	100	148.286	196	173	166	160	156	152	147	139	130	116	102	0	0	0.000	0.000	0	0.000	0.000	0	0	0	0	0	0	0	0	0.000	0.000	0	0.000	0.000	0	0	0	0	0	0	0	0	0	0
16	16	1079	1253.412	167.824	100	247	417	251	45	69	236	483	199	70	128.205	150	139	136	133	131	129	127	124	120	116	104	166.575	210	192	186	182	175	168	162	154	147	137	109	0	0	0.000	0.000	0	0.000	0.000	0	0	0	0	0	0	0	0	0.000	0.000	0	0.000	0.000	0	0	0	0	0	0	0	0	0	0
17	17	1797	1552.934	172.044	535	612	453	141	34	538	643	391	172	18	111.306	125	117	115	114	112	111	110	109	107	106	96	282.249	451	359	341	325	312	295	276	249	219	180	120	0	0	0.000	0.000	0	0.000	0.000	0	0	0	0	0	0	0	0	0.000	0.000	0	0.000	0.000	0	0	0	0	0	0	0	0	0	0
18	18	1977	1434.829	182.145	341	683	692	203	30	183	625	662	352	119	697.111	10276	903	684	590	536	503	471	431	360	217	118	121.813	494	130	120	116	114	112	110	109	107	105	99	1	63	1425.374	168.689	0	0.000	0.000	5195	0	0	190	0	0	1	76	1424.592	166.540	0	0.000	0.000	1786	0	0	0	279	0	0	0	0	0
19	19	1430	846.930	190.044	330	364	373	282	63	214	321	394	349	127	109.403	125	114	113	111	110	109	108	107	106	105	99	143.406	183	163	157	153	149	145	139	134	130	124	103	0	0	0.000	0.000	0	0.000	0.000	0	0	0	0	0	0	0	0	0.000	0.000	0	0.000	0.000	0	0	0	0	0	0	0	0	0	0
20	20	599	1319.130	179.561	150	139	196	81	27	166	267	118	29	13	111.189	128	117	115	114	113	112	110	109	107	104	100	189.516	290	249	233	216	201	187	175	164	151	130	106	0	0	0.000	0.000	0	0.000	0.000	0	0	0	0	0	0	0	0	0.000	0.000	0	0.000	0.000	0	0	0	0	0	0	0	0	0	0
21	21	1801	1219.746	207.763	213	669	677	172	25	143	708	635	252	33	345.581	7383	361	172	159	152	147	142	135	129	121	103	210.134	1783	239	202	190	181	171	161	151	141	131	106	1	85	1206.224	208.433	0	0.000	0.000	3423	0	0	809	0	0	1	73	1206.370	207.875	0	0.000	0.000	3946	0	0	0	924	0	0	0	0	0
22	22	1567	1280.972	205.937	281	513	487	219	33	170	748	392	204	36	113.409	128	120	118	116	115	114	112	111	109	107	100	250.740	343	316	305	293	278	262	243	223	199	162	109	0	0	0.000	0.000	0	0.000	0.000	0	0	0	0	0	0	0	0	0.000	0.000	0	0.000	0.000	0	0	0	0	0	0	0	0	0	0
23	23	2167	1359.511	216.362	625	1140	326	28	13	687	1186	214	26	10	109.824	124	115	113	112	111	110	109	108	106	105	97	143.199	180	163	158	153	149	144	140	135	129	121	103	0	0	0.000	0.000	0	0.000	0.000	0	0	0	0	0	0	0	0	0.000	0.000	0	0.000	0.000	0	0	0	0	0	0	0	0	0	0
24	24	1868	898.481	225.278	446	626	553	196	19	417	707	451	220	38	987.551	17999	1516	393	229	182	163	154	147	140	128	105	395.686	2316	525	423	399	374	340	308	271	230	159	106	1	145	905.227	219.416	0	0.000	0.000	8244	0	0	1186	0	0	1	105	903.527	218.112	0	0.000	0.000	5571	0	0	0	1500	0	0	0	0	0
25	25	1100	1179.602	236.360	135	420	378	128	14	156	505	334	74	14	137.032	162	149	147	144	141	139	135	132	128	122	107	174.316	224	204	197	191	184	177	169	161	152	142	107	0	0	0.000	0.000	0	0.000	0.000	0	0	0	0	0	0	0	0	0.000	0.000	0	0.000	0.000	0	0	0	0	0	0	0	0	0	0
26	26	972	272.386	239.800	105	220	375	243	9	83	176	392	206	95	546.369	884	808	746	695	642	588	530	458	327	184	121	102.703	108	105	104	104	103	103	102	102	101	100	94	0	0	0.000	0.000	0	0.000	0.000	0	0	0	0	0	0	0	0	0.000	0.000	0	0.000	0.000	0	0	0	0	0	0	0	0	0	0
27	27	1845	1135.529	234.902	343	717	608	109	29	282	952	440	122	24	2189.082	25736	6098	1067	409	228	169	146	137	129	118	102	663.319	7683	1578	412	260	233	217	200	184	164	136	103	1	268	1136.509	232.106	0	0.000	0.000	11809	0	0	2634	0	0	1	204	1136.772	231.849	0	0.000	0.000	17228	0	0	0	3711	0	0	0	0	0
28	28	3191	834.942	255.893	640	894	1095	453	61	592	1226	980	285	53	1538.017	26003	2140	426	235	185	170	161	154	144	126	101	857.080	8212	1136	753	697	641	594	542	462	387	275	127	1	297	835.377	245.448	0	0.000	0.000	12647	0	0	3473	0	0	1	215	835.089	245.866	0	0.000	0.000	18875	0	0	0	4584	0	0	0	0	0
29	29	1754	460.751	276.298	249	441	607	366	53	212	601	597	267	43	738.721	1181	999	923	864	823	783	733	653	538	384	165	106.879	139	117	109	107	106	105	104	103	103	102	98	0	0	0.000	0.000	0	0.000	0.000	0	0	0	0	0	0	0	0	0.000	0.000	0	0.000	0.000	0	0	0	0	0	0	0	0	0	0
30	30	1194	1467.791	273.531	340	506	220	85	20	343	509	224	84	8	124.771	185	135	132	129	127	125	123	121	118	113	97	200.103	365	240	225	218	211	204	196	186	168	147	107	0	0	0.000	0.000	0	0.000	0.000	0	0	0	0	0	0	0	0	0.000	0.000	0	0.000	0.000	0	0	0	0	0	0	0	0	0	0
31	31	649	719.302	274.975	74	260	197	82	24	36	188	273	112	24	311.680	457	395	365	347	332	317	296	278	260	228	147	116.912	133	123	121	120	119	117	116	114	113	110	103	0	0	0.000	0.000	0	0.000	0.000	0	0	0	0	0	0	0	0	0.000	0.000	0	0.000	0.000	0	0	0	0	0	0	0	0	0	0
32	32	912	989.194	280.426	76	297	325	154	37	60	341	284	134	68	337.283	522	443	414	389	363	339	314	287	259	226	138	134.969	166	152	146	142	138	135	131	127	124	119	107	0	0	0.000	0.000	0	0.000	0.000	0	0	0	0	0	0	0	0	0.000	0.000	0	0.000	0.000	0	0	0	0	0	0	0	0	0	0
33	33	1680	1102.860	286.327	350	406	504	342	51	266	613	455	220	101	135.120	162	151	147	144	141	137	133	129	123	115	103	192.205	278	243	231	218	206	194	183	174	158	131	101	0	0	0.000	0.000	0	0.000	0.000	0	0	0	0	0	0	0	0	0.000	0.000	0	0.000	0.000	0	0	0	0	0	0	0	0	0	0
34	34	1634	1409.237	285.273	210	661	573	137	18	125	666	613	164	28	109.344	121	114	112	111	110	109	108	107	106	105	98	179.726	240	208	201	196	190	184	178	169	157	141	114	0	0	0.000	0.000	0	0.000	0.000	0	0	0	0	0	0	0	0	0.000	0.000	0	0.000	0.000	0	0	0	0	0	0	0	0	0	0
35	35	2019	940.703	289.559	226	578	741	376	64	227	984	616	137	16	902.358	19079	1112	320	203	169	154	145	138	132	123	104	301.693	2250	374	294	277	261	243	224	208	192	163	109	1	134	946.332	286.632	0	0.000	0.000	9068	0	0	1085	0	0	1	102	946.758	286.433	0	0.000	0.000	12204	0	0	0	1246	0	0	0	0	0
36	36	1718	1033.032	295.383	246	470	532	355	82	196	732	500	202	59	351.366	545	462	432	409	390	367	344	316	277	201	113	135.412	171	153	149	144	140	136	132	128	123	115	99	0	0	0.000	0.000	0	0.000	0.000	0	0	0	0	0	0	0	0	0.000	0.000	0	0.000	0.000	0	0	0	0	0	0	0	0	0	0
37	37	2056	748.553	310.695	194	489	841	431	58	136	498	945	333	109	546.636	7116	674	548	505	468	431	388	346	306	242	117	128.163	565	136	127	124	121	119	117	115	113	110	103	1	60	756.036	317.810	0	0.000	0.000	3890	0	0	218	0	0	1	63	753.238	318.582	0	0.000	0.000	1543	0	0	0	333	0	0	0	0	0
38	38	1885	1630.855	314.167	441	706	550	137	11	271	559	563	381	77	794.857	1279	1110	996	904	838	786	746	699	631	514	137	110.675	127	117	115	113	111	110	109	108	106	105	98	0	0	0.000	0.000	0	0.000	0.000	0	0	0	0	0	0	0	0	0.000	0.000	0	0.000	0.000	0	0	0	0	0	0	0	0	0	0
39	39	1378	1573.037	313.564	145	305	501	324	78	150	407	459	253	76	687.914	1022	887	842	808	770	723	670	603	528	439	199	108.170	119	112	111	110	109	108	107	106	105	104	99	0	0	0.000	0.000	0	0.000	0.000	0	0	0	0	0	0	0	0	0.000	0.000	0	0.000	0.000	0	0	0	0	0	0	0	0	0	0
40	40	2203	884.260	317.861	349	493	754	496	72	314	867	738	184	45	161.824	217	191	182	175	169	163	156	149	143	131	107	587.996	958	863	800	747	688	612	519	442	390	279	133	0	0	0.000	0.000	0	0.000	0.000	0	0	0	0	0	0	0	0	0.000	0.000	0	0.000	0.000	0	0	0	0	0	0	0	0	0	0
41	41	2456	1263.262	335.582	218	745	834	506	112	301	1053	820	196	30	700.559	20054	685	223	160	148	143	138	133	127	118	102	230.172	2299	242	205	194	186	178	170	162	149	133	106	1	122	1255.657	346.498	0	0.000	0.000	8919	0	0	1070	0	0	1	112	1255.484	345.933	0	0.000	0.000	9519	0	0	0	1109	0	0	0	0	0
42	42	890	1461.344	316.599	155	306	227	161	29	145	365	216	129	17	441.139	650	561	535	514	491	471	441	400	349	262	139	114.971	138	125	121	118	116	114	112	111	109	107	101	0	0	0.000	0.000	0	0.000	0.000	0	0	0	0	0	0	0	0	0.000	0.000	0	0.000	0.000	0	0	0	0	0	0	0	0	0	0
43	43	1457	496.951	323.384	210	268	520	350	82	148	511	519	212	44	130.741	549	141	136	132	129	127	124	120	116	112	103	128.418	175	142	138	135	132	130	126	123	118	111	102	1	23	510.510	316.846	0	0.000	0.000	316	0	0	139	0	0	0	0	0.000	0.000	0	0.000	0.000	0	0	0	0	0	0	0	0	0	0
44	44	1861	982.847	331.011	215	381	637	442	154	257	586	594	311	83	134.946	160	148	145	143	140	137	134	131	125	116	102	217.622	294	270	258	248	238	226	211	195	178	148	109	0	0	0.000	0.000	0	0.000	0.000	0	0	0	0	0	0	0	0	0.000	0.000	0	0.000	0.000	0	0	0	0	0	0	0	0	0	0
45	45	1265	694.426	352.554	189	422	490	126	19	236	470	417	116	12	1100.295	14126	1490	694	646	611	575	541	477	401	286	130	153.540	1009	179	131	126	123	120	118	116	114	111	102	1	97	686.275	363.832	0	0.000	0.000	6994	0	0	533	0	0	1	101	685.481	363.752	0	0.000	0.000	6834	0	0	0	524	0	0	0	0	0
46	46	1047	1518.024	344.152	134	361	365	149	15	84	438	317	157	30	109.682	123	114	113	111	111	110	109	108	107	105	99	183.380	232	208	201	196	191	186	182	175	166	152	124	0	0	0.000	0.000	0	0.000	0.000	0	0	0	0	0	0	0	0	0.000	0.000	0	0.000	0.000	0	0	0	0	0	0	0	0	0	0
47	47	1359	1096.496	353.391	424	428	347	126	14	344	476	334	158	24	113.147	136	121	118	116	115	113	111	110	108	106	97	374.260	586	507	475	440	412	388	368	323	269	212	133	0	0	0.000	0.000	0	0.000	0.000	0	0	0	0	0	0	0	0	0.000	0.000	0	0.000	0.000	0	0	0	0	0	0	0	0	0	0
48	48	1790	1436.859	357.310	403	819	465	62	9	238	643	593	229	46	809.569	10527	1037	792	701	646	591	532	468	410	332	151	130.416	733	141	125	120	117	114	113	111	109	106	96	1	67	1424.950	362.899	0	0.000	0.000	5028	0	0	373	0	0	1	73	1424.310	361.404	0	0.000	0.000	2696	0	0	0	396	0	0	0	0	0
49	49	1608	1564.092	360.217	263	501	541	223	40	265	582	418	266	42	110.545	127	116	114	112	111	110	110	109	107	106	99	187.608	264	219	210	204	199	193	186	177	166	143	107	0	0	0.000	0.000	0	0.000	0.000	0	0	0	0	0	0	0	0	0.000	0.000	0	0.000	0.000	0	0	0	0	0	0	0	0	0	0
50	50	1335	767.257	366.091	153	301	450	322	83	163	331	572	203	48	137.857	166	153	149	146	143	140	136	132	127	120	104	154.521	217	188	178	171	162	155	147	140	132	119	103	0	0	0.000	0.000	0	0.000	0.000	0	0	0	0	0	0	0	0	0.000	0.000	0	0.000	0.000	0	0	0	0	0	0	0	0	0	0
51	51	1164	1385.270	364.706	643	348	83	46	15	618	382	98	29	20	123.198	148	134	130	128	125	123	121	119	116	113	101	123.259	147	132	129	127	126	124	122	120	118	114	100	0	0	0.000	0.000	0	0.000	0.000	0	0	0	0	0	0	0	0	0.000	0.000	0	0.000	0.000	0	0	0	0	0	0	0	0	0	0
52	52	1074	108.104	367.213	94	210	394	311	41	49	246	468	223	69	111.096	125	116	115	113	112	111	110	109	107	106	99	133.648	166	152	146	143	138	134	130	125	121	116	104	0	0	0.000	0.000	0	0.000	0.000	0	0	0	0	0	0	0	0	0.000	0.000	0	0.000	0.000	0	0	0	0	0	0	0	0	0	0
53	53	1723	1647.419	372.440	252	536	607	247	51	253	647	471	252	59	310.832	505	424	380	352	331	311	294	273	244	196	109	105.334	118	109	108	107	106	105	104	104	103	102	95	0	0	0.000	0.000	0	0.000	0.000	0	0	0	0	0	0	0	0	0.000	0.000	0	0.000	0.000	0	0	0	0	0	0	0	0	0	0
54	54	2097	1320.272	377.654	811	940	270	29	17	999	941	96	14	11	166.982	3297	165	143	136	131	128	125	122	118	113	101	132.555	398	148	141	136	133	130	127	123	118	113	101	1	39	1324.338	364.581	0	0.000	0.000	1305	0	0	272	0	0	1	34	1324.907	364.194	0	0.000	0.000	1518	0	0	0	281	0	0	0	0	0
55	55	2294	1162.955	381.886	557	885	525	234	52	450	801	605	291	103	113.663	131	121	118	116	114	113	112	111	109	107	101	238.829	394	335	288	263	249	236	225	213	190	148	107	0	0	0.000	0.000	0	0.000	0.000	0	0	0	0	0	0	0	0	0.000	0.000	0	0.000	0.000	0	0	0	0	0	0	0	0	0	0
56	56	2100	1720.641	394.299	250	659	730	370	39	251	1110	571	120	10	467.210	10919	504	198	161	151	144	138	132	127	118	104	222.285	1303	266	229	215	201	189	180	170	159	144	118	1	109	1707.693	393.056	0	0.000	0.000	5045	0	0	632	0	0	1	95	1708.846	391.831	0	0.000	0.000	3331	0	0	0	770	0	0	0	0	0
57	57	1105	1601.253	387.629	168	466	366	60	21	118	292	407	186	84	276.938	412	352	329	312	295	281	266	250	227	188	126	106.663	123	112	110	108	107	106	105	104	104	102	97	0	0	0.000	0.000	0	0.000	0.000	0	0	0	0	0	0	0	0	0.000	0.000	0	0.000	0.000	0	0	0	0	0	0	0	0	0	0
58	58	2555	1836.756	400.863	1182	983	319	23	10	857	899	544	187	21	116.245	134	125	122	120	119	117	115	113	110	106	99	517.876	824	739	699	658	612	554	481	410	327	238	123	0	0	0.000	0.000	0	0.000	0.000	0	0	0	0	0	0	0	0	0.000	0.000	0	0.000	0.000	0	0	0	0	0	0	0	0	0	0
59	59	2998	1009.620	401.141	406	955	1064	443	66	287	1121	1046	383	90	136.092	164	150	147	143	141	138	135	131	126	119	102	523.451	836	732	681	630	580	530	481	424	365	305	164	0	0	0.000	0.000	0	0.000	0.000	0	0	0	0	0	0	0	0	0.000	0.000	0	0.000	0.000	0	0	0	0	0	0	0	0	0	0
60	60	2939	1080.467	402.954	332	986	1038	448	73	293	1344	854	326	67	304.011	10123	250	158	147	142	138	135	131	126	119	102	498.937	2242	661	618	579	541	494	443	396	343	261	127	1	82	1089.000	412.070	0	0.000	0.000	4284	0	0	1377	0	0	1	40	1089.231	411.800	0	0.000	0.000	6830	0	0	0	1759	0	0	0	0	0
61	61	1345	1204.429	408.760	151	458	550	132	21	99	334	526	306	50	393.117	5285	479	317	282	265	253	243	231	217	195	138	148.053	984	172	138	130	126	123	120	118	115	112	103	1	63	1201.053	414.676	0	0.000	0.000	2349	0	0	518	0	0	1	63	1200.648	413.734	0	0.000	0.000	1861	0	0	0	522	0	0	0	0	0
62	62	1820	795.258	414.839	292	348	546	473	124	229	452	705	339	60	1289.901	21741	2379	546	271	186	164	151	142	132	119	103	367.800	4696	596	236	184	170	163	155	145	134	120	102	1	158	799.192	417.010	0	0.000	0.000	10737	0	0	2132	0	0	1	147	799.401	417.176	0	0.000	0.000	11770	0	0	0	2264	0	0	0	0	0
63	63	1942	128.033	412.826	269	558	794	276	14	207	344	844	375	140	119.214	961	121	116	114	112	111	110	108	106	104	96	136.849	169	154	150	146	142	138	134	130	123	115	101	1	31	120.959	392.094	0	0.000	0.000	418	0	0	152	0	0	0	0	0.000	0.000	0	0.000	0.000	0	0	0	0	0	0	0	0	0	0
64	64	1913	1267.626	439.795	304	675	571	278	45	214	696	606	250	110	271.825	6526	266	170	153	146	141	137	133	128	122	105	121.731	545	125	120	117	115	113	111	110	108	106	97	1	65	1269.236	454.027	0	0.000	0.000	2823	0	0	259	0	0	1	64	1269.906	453.905	0	0.000	0.000	2823	0	0	0	294	0	0	0	0	0
65	65	2075	1148.765	441.192	325	655	688	319	42	254	838	615	271	46	1460.834	21991	2544	740	487	392	344	311	280	236	190	115	583.688	9521	1003	286	186	156	141	133	127	122	116	101	1	186	1146.730	441.498	0	0.000	0.000	10923	0	0	3960	0	0	1	167	1147.263	441.524	0	0.000	0.000	12441	0	0	0	4364	0	0	0	0	0
66	66	1996	1582.907	443.273	837	970	107	20	16	697	1022	192	25	24	112.105	143	118	116	114	113	112	110	109	108	106	99	258.146	358	316	301	286	276	266	255	238	217	187	113	0	0	0.000	0.000	0	0.000	0.000	0	0	0	0	0	0	0	0	0.000	0.000	0	0.000	0.000	0	0	0	0	0	0	0	0	0	0
67	67	1819	1755.305	445.312	267	491	565	372	82	228	563	665	269	59	131.583	157	143	140	138	135	133	130	127	123	118	104	188.465	250	222	215	209	202	195	186	174	162	142	109	0	0	0.000	0.000	0	0.000	0.000	0	0	0	0	0	0	0	0	0.000	0.000	0	0.000	0.000	0	0	0	0	0	0	0	0	0	0
68	68	608	170.936	440.225	80	116	125	163	113	84	149	170	144	55	119.071	140	128	126	123	121	119	117	115	113	109	101	115.905	133	124	121	119	118	116	114	112	110	108	100	0	0	0.000	0.000	0	0.000	0.000	0	0	0	0	0	0	0	0	0.000	0.000	0	0.000	0.000	0	0	0	0	0	0	0	0	0	0
69	69	1205	1200.819	454.782	134	539	422	77	10	103	541	373	135	21	330.161	486	428	399	371	350	330	309	290	267	238	135	136.975	166	154	150	145	142	138	134	129	124	119	103	0	0	0.000	0.000	0	0.000	0.000	0	0	0	0	0	0	0	0	0.000	0.000	0	0.000	0.000	0	0	0	0	0	0	0	0	0	0
70	70	1980	1413.673	477.263	354	725	619	200	43	300	814	549	238	37	117.419	860	119	115	113	111	110	109	108	107	106	100	145.717	193	170	161	155	150	146	141	136	131	122	101	1	33	1416.190	462.012	0	0.000	0.000	372	0	0	163	0	0	0	0	0.000	0.000	0	0.000	0.000	0	0	0	0	0	0	0	0	0	0
71	71	1895	142.587	475.987	203	567	790	269	27	215	824	610	185	23	435.109	10632	512	222	176	158	145	137	132	125	117	102	149.830	1050	175	135	128	124	121	118	115	112	109	99	1	89	132.751	479.921	0	0.000	0.000	4653	0	0	567	0	0	1	95	132.706	479.714	0	0.000	0.000	4332	0	0	0	525	0	0	0	0	0
72	72	1948	924.074	482.372	330	577	592	349	62	302	607	678	250	65	379.535	8726	431	183	152	145	141	137	132	126	117	103	200.153	1247	228	205	197	188	177	165	153	140	128	109	1	93	922.544	494.184	0	0.000	0.000	3709	0	0	643	0	0	1	74	922.640	493.773	0	0.000	0.000	4745	0	0	0	761	0	0	0	0	0
73	73	1126	1238.846	480.104	143	305	437	198	20	116	394	357	180	56	135.526	170	150	145	142	139	136	134	130	125	119	104	111.745	129	118	116	114	113	111	110	109	107	106	97	0	0	0.000	0.000	0	0.000	0.000	0	0	0	0	0	0	0	0	0.000	0.000	0	0.000	0.000	0	0	0	0	0	0	0	0	0	0
74	74	1325	1172.102	490.568	138	380	476	279	36	123	577	427	153	25	1025.959	1576	1352	1259	1193	1131	1066	1006	920	780	610	270	127.863	157	140	137	134	131	129	126	123	119	114	101	0	0	0.000	0.000	0	0.000	0.000	0	0	0	0	0	0	0	0	0.000	0.000	0	0.000	0.000	0	0	0	0	0	0	0	0	0	0
75	75	1290	1562.263	490.603	115	344	571	216	16	44	325	515	287	98	113.871	129	121	118	117	115	114	113	111	109	107	99	273.972	395	349	329	312	295	275	258	243	225	193	124	0	0	0.000	0.000	0	0.000	0.000	0	0	0	0	0	0	0	0	0.000	0.000	0	0.000	0.000	0	0	0	0	0	0	0	0	0	0
76	76	2216	1613.513	509.267	497	838	660	168	16	363	801	619	381	19	606.059	973	812	751	707	670	631	588	548	456	343	164	161.992	217	194	185	176	168	162	156	150	142	130	104	0	0	0.000	0.000	0	0.000	0.000	0	0	0	0	0	0	0	0	0.000	0.000	0	0.000	0.000	0	0	0	0	0	0	0	0	0	0
77	77	1635	1519.394	507.017	243	610	543	194	20	164	625	576	209	37	957.154	16431	1537	489	371	344	324	302	280	258	219	125	177.550	1618	225	135	123	119	116	114	112	109	107	99	1	110	1526.478	505.370	0	0.000	0.000	7781	0	0	798	0	0	1	116	1526.525	505.171	0	0.000	0.000	7247	0	0	0	773	0	0	0	0	0
78	78	3176	1690.883	511.674	901	1134	810	265	14	755	1085	815	367	98	1392.782	18481	1851	815	672	535	450	404	369	323	244	116	591.662	9670	787	243	195	178	163	154	146	138	126	103	1	303	1694.994	509.252	0	0.000	0.000	9561	0	0	3934	0	0	1	258	1694.691	509.129	0	0.000	0.000	11638	0	0	0	4750	0	0	0	0	0
79	79	1795	409.260	526.293	286	434	616	297	128	227	495	697	253	90	265.686	6369	279	173	150	141	135	130	126	120	113	100	176.031	729	206	192	184	176	169	161	154	144	122	102	1	62	407.859	522.075	0	0.000	0.000	2683	0	0	395	0	0	1	46	408.047	521.258	0	0.000	0.000	2866	0	0	0	468	0	0	0	0	0
80	80	1885	1373.710	524.222	259	669	658	242	24	176	648	663	254	103	156.610	197	178	173	169	165	160	154	148	140	129	107	264.747	384	347	330	312	291	271	248	224	200	171	122	0	0	0.000	0.000	0	0.000	0.000	0	0	0	0	0	0	0	0	0.000	0.000	0	0.000	0.000	0	0	0	0	0	0	0	0	0	0
81	81	1085	1268.310	522.495	222	415	329	90	10	112	463	284	161	46	1748.018	2583	2327	2161	2027	1881	1758	1662	1583	1409	1091	356	156.321	201	180	173	167	162	156	152	147	142	134	106	0	0	0.000	0.000	0	0.000	0.000	0	0	0	0	0	0	0	0	0.000	0.000	0	0.000	0.000	0	0	0	0	0	0	0	0	0	0
82	82	1177	1432.180	528.581	135	328	411	232	46	134	413	388	180	36	109.463	121	114	112	111	110	109	108	108	107	105	99	133.150	168	150	144	140	136	132	130	126	122	118	102	0	0	0.000	0.000	0	0.000	0.000	0	0	0	0	0	0	0	0	0.000	0.000	0	0.000	0.000	0	0	0	0	0	0	0	0	0	0
83	83	1296	914.813	529.649	208	288	467	261	44	121	265	621	207	64	129.477	152	142	139	137	134	132	128	124	119	113	100	163.689	240	205	195	187	177	166	153	142	130	118	105	0	0	0.000	0.000	0	0.000	0.000	0	0	0	0	0	0	0	0	0.000	0.000	0	0.000	0.000	0	0	0	0	0	0	0	0	0	0
84	84	1021	1472.587	539.144	71	221	371	251	85	91	543	221	122	25	242.723	324	294	284	275	266	252	236	219	202	176	128	110.882	131	119	115	113	112	110	109	107	106	105	100	0	0	0.000	0.000	0	0.000	0.000	0	0	0	0	0	0	0	0	0.000	0.000	0	0.000	0.000	0	0	0	0	0	0	0	0	0	0
85	85	1121	1892.971	561.738	289	504	256	37	15	151	515	256	145	32	297.337	440	378	357	338	322	307	286	263	235	203	124	105.779	122	111	108	107	106	105	104	104	103	102	94	0	0	0.000	0.000	0	0.000	0.000	0	0	0	0	0	0	0	0	0.000	0.000	0	0.000	0.000	0	0	0	0	0	0	0	0	0	0
86	86	1294	1512.526	564.153	395	537	284	44	9	329	591	276	75	8	285.866	7555	243	193	184	178	172	165	156	149	135	108	118.594	448	123	118	115	114	112	111	109	108	106	99	1	58	1496.818	551.122	0	0.000	0.000	3337	0	0	257	0	0	1	61	1497.856	551.121	0	0.000	0.000	2759	0	0	0	266	0	0	0	0	0
87	87	2038	1405.372	577.115	324	538	760	332	51	302	984	518	177	17	3265.447	31500	14550	2084	691	367	250	205	177	159	142	109	877.172	7774	2830	657	355	290	262	232	207	188	164	117	1	371	1404.878	579.898	0	0.000	0.000	16202	0	0	3303	0	0	1	321	1404.942	579.827	0	0.000	0.000	18849	0	0	0	3806	0	0	0	0	0
88	88	1746	1833.060	573.792	350	652	431	227	49	232	640	498	257	75	108.167	119	113	111	110	109	108	107	106	105	104	99	128.699	156	140	136	133	131	129	127	124	121	117	105	0	0	0.000	0.000	0	0.000	0.000	0	0	0	0	0	0	0	0	0.000	0.000	0	0.000	0.000	0	0	0	0	0	0	0	0	0	0
89	89	2024	1349.948	581.221	298	592	680	395	32	239	654	738	310	35	571.692	13842	668	228	167	157	151	145	140	134	127	106	169.491	1794	173	139	134	131	128	126	123	119	114	101	1	101	1355.450	570.741	0	0.000	0.000	6679	0	0	769	0	0	1	90	1355.441	570.401	0	0.000	0.000	7092	0	0	0	829	0	0	0	0	0
90	90	2810	486.102	617.618	632	727	696	568	143	621	1071	704	311	60	115.093	131	122	120	118	117	115	114	112	110	107	97	286.721	453	376	355	337	321	305	286	257	219	147	106	0	0	0.000	0.000	0	0.000	0.000	0	0	0	0	0	0	0	0	0.000	0.000	0	0.000	0.000	0	0	0	0	0	0	0	0	0	0
91	91	1955	1557.736	609.643	584	657	540	140	9	445	786	448	204	47	342.728	10598	332	168	140	130	125	122	119	115	111	99	227.561	1801	279	235	221	211	201	188	174	159	136	107	1	63	1562.264	607.924	0	0.000	0.000	4604	0	0	955	0	0	1	54	1562.046	607.831	0	0.000	0.000	5427	0	0	0	1016	0	0	0	0	0
92	92	1635	1884.987	606.891	255	662	586	89	15	219	670	521	170	25	326.653	500	435	389	360	344	326	308	288	268	231	138	105.576	120	109	108	107	106	105	105	104	103	102	97	0	0	0.000	0.000	0	0.000	0.000	0	0	0	0	0	0	0	0	0.000	0.000	0	0.000	0.000	0	0	0	0	0	0	0	0	0	0
93	93	1339	1496.229	618.171	175	486	488	140	20	98	437	476	274	32	116.092	133	123	121	119	118	116	115	113	111	109	101	173.691	226	204	198	192	184	176	168	160	151	139	105	0	0	0.000	0.000	0	0.000	0.000	0	0	0	0	0	0	0	0	0.000	0.000	0	0.000	0.000	0	0	0	0	0	0	0	0	0	0
94	94	2022	1412.118	629.243	407	817	585	170	11	281	825	586	266	23	1627.246	20701	2299	975	869	816	771	725	657	578	458	204	274.644	2953	392	193	166	160	155	150	144	137	128	110	1	156	1416.535	633.089	0	0.000	0.000	10241	0	0	1487	0	0	1	157	1415.824	633.322	0	0.000	0.000	10221	0	0	0	1475	0	0	0	0	0
95	95	1118	1838.038	620.450	191	246	376	226	57	167	342	341	182	59	109.291	122	114	113	111	110	109	108	107	106	104	99	130.021	152	142	138	136	134	132	130	127	122	116	102	0	0	0.000	0.000	0	0.000	0.000	0	0	0	0	0	0	0	0	0.000	0.000	0	0.000	0.000	0	0	0	0	0	0	0	0	0	0
96	96	1623	230.966	642.662	397	416	432	300	46	288	393	599	239	81	301.679	6452	361	181	152	140	134	128	123	118	112	103	137.697	691	154	133	128	125	123	120	118	115	110	98	1	71	231.320	649.963	0	0.000	0.000	2772	0	0	379	0	0	1	73	231.182	650.019	0	0.000	0.000	2613	0	0	0	372	0	0	0	0	0
97	97	1749	1350.090	639.879	371	561	540	226	27	267	618	507	251	76	142.879	694	155	149	145	142	139	135	131	126	121	107	120.553	200	133	128	125	122	120	117	115	112	108	99	1	30	1366.308	637.355	0	0.000	0.000	382	0	0	124	0	0	0	0	0.000	0.000	0	0.000	0.000	0	0	0	0	0	0	0	0	0	0
98	98	1743	1729.657	642.364	298	834	461	100	24	175	621	582	247	86	117.587	847	120	115	114	112	111	110	109	108	106	99	179.451	231	208	200	194	189	182	175	169	160	145	112	1	26	1732.029	652.045	0	0.000	0.000	345	0	0	175	0	0	0	0	0.000	0.000	0	0.000	0.000	0	0	0	0	0	0	0	0	0	0
99	99	1080	1455.200	643.159	139	288	370	227	39	131	385	328	166	50	126.928	649	130	125	122	120	119	117	115	112	110	102	171.269	225	208	199	191	183	173	165	157	148	126	103	1	30	1448.567	628.080	0	0.000	0.000	341	0	0	170	0	0	0	0	0.000	0.000	0	0.000	0.000	0	0	0	0	0	0	0	0	0	0
100	100	1483	1283.487	647.741	265	466	453	239	26	189	510	391	261	99	629.056	923	781	745	713	682	657	625	580	512	420	245	125.341	156	139	133	130	127	125	122	120	117	113	102	0	0	0.000	0.000	0	0.000	0.000	0	0	0	0	0	0	0	0	0.000	0.000	0	0.000	0.000	0	0	0	0	0	0	0	0	0	0
101	101	1149	1891.024	657.102	142	371	350	242	28	87	328	338	290	87	113.506	154	120	117	115	114	113	112	110	109	107	101	182.407	235	210	203	198	191	183	176	169	162	154	117	0	0	0.000	0.000	0	0.000	0.000	0	0	0	0	0	0	0	0	0.000	0.000	0	0.000	0.000	0	0	0	0	0	0	0	0	0	0
102	102	1246	458.302	664.363	71	210	387	386	173	71	283	560	209	100	625.247	1012	865	804	749	691	638	587	540	462	345	153	111.596	132	119	116	114	112	111	110	109	107	106	100	0	0	0.000	0.000	0	0.000	0.000	0	0	0	0	0	0	0	0	0.000	0.000	0	0.000	0.000	0	0	0	0	0	0	0	0	0	0
103	103	1338	193.800	671.081	250	353	513	184	13	140	295	607	215	59	124.668	155	137	134	132	129	126	122	118	115	110	102	120.519	147	134	130	126	124	121	118	114	111	107	98	0	0	0.000	0.000	0	0.000	0.000	0	0	0	0	0	0	0	0	0.000	0.000	0	0.000	0.000	0	0	0	0	0	0	0	0	0	0
104	104	2211	1402.521	684.627	322	461	763	519	108	278	625	805	390	79	790.418	1199	1092	1034	967	894	830	732	651	558	444	152	150.626	197	178	171	166	158	151	144	136	131	123	105	0	0	0.000	0.000	0	0.000	0.000	0	0	0	0	0	0	0	0	0.000	0.000	0	0.000	0.000	0	0	0	0	0	0	0	0	0	0
105	105	1861	505.298	691.404	238	404	638	461	92	240	525	691	297	83	650.505	1051	885	826	777	735	694	648	569	458	323	143	116.405	180	129	121	118	116	115	113	111	110	108	101	0	0	0.000	0.000	0	0.000	0.000	0	0	0	0	0	0	0	0	0.000	0.000	0	0.000	0.000	0	0	0	0	0	0	0	0	0	0
106	106	1741	1351.775	702.690	319	706	464	186	26	261	731	472	221	23	2380.244	14705	3005	2722	2525	2352	2172	1977	1778	1545	1182	350	200.059	1530	213	190	183	175	169	162	156	148	137	106	1	44	1363.360	704.234	0	0.000	0.000	10764	0	0	1009	0	0	1	66	1362.501	704.602	0	0.000	0.000	8634	0	0	0	814	0	0	0	0	0
107	107	973	587.029	693.736	251	167	273	219	46	263	280	290	98	22	146.575	182	171	165	161	156	150	144	136	127	116	104	944.123	1625	1458	1379	1288	1149	1007	864	724	495	228	129	0	0	0.000	0.000	0	0.000	0.000	0	0	0	0	0	0	0	0	0.000	0.000	0	0.000	0.000	0	0	0	0	0	0	0	0	0	0
108	108	1614	954.336	713.884	245	449	543	312	38	291	733	365	174	18	111.334	125	117	115	114	113	111	110	109	107	106	100	128.149	158	144	140	136	132	129	125	122	117	110	97	0	0	0.000	0.000	0	0.000	0.000	0	0	0	0	0	0	0	0	0.000	0.000	0	0.000	0.000	0	0	0	0	0	0	0	0	0	0
109	109	1403	348.905	713.668	267	438	451	175	43	194	462	521	178	27	109.175	123	114	112	111	110	109	108	107	106	105	100	154.606	199	183	175	168	161	155	149	144	137	127	100	0	0	0.000	0.000	0	0.000	0.000	0	0	0	0	0	0	0	0	0.000	0.000	0	0.000	0.000	0	0	0	0	0	0	0	0	0	0
110	110	676	1649.795	712.832	82	147	226	172	35	48	188	232	149	42	154.607	202	175	170	165	162	159	155	149	139	125	105	122.467	142	133	130	128	127	124	121	118	113	109	101	0	0	0.000	0.000	0	0.000	0.000	0	0	0	0	0	0	0	0	0.000	0.000	0	0.000	0.000	0	0	0	0	0	0	0	0	0	0
111	111	2480	541.504	730.205	622	737	767	277	27	502	1006	687	217	24	347.031	10087	298	188	179	172	164	156	149	138	128	102	1229.551	8636	1771	1672	1535	1370	1178	988	788	587	340	133	1	80	528.258	744.620	0	0.000	0.000	4364	0	0	4414	0	0	1	51	528.332	743.390	0	0.000	0.000	4364	0	0	0	5772	0	0	0	0	0
112	112	2181	278.316	728.456	381	742	702	284	25	357	922	629	188	29	111.309	124	117	115	114	113	111	110	109	108	106	99	157.202	211	187	180	173	166	158	151	144	136	123	104	0	0	0.000	0.000	0	0.000	0.000	0	0	0	0	0	0	0	0	0.000	0.000	0	0.000	0.000	0	0	0	0	0	0	0	0	0	0
113	113	1430	1315.464	745.205	251	475	518	143	16	141	516	471	238	40	1551.247	2449	2185	2025	1877	1710	1587	1466	1348	1139	782	278	153.036	216	184	173	164	156	152	147	142	134	123	106	0	0	0.000	0.000	0	0.000	0.000	0	0	0	0	0	0	0	0	0.000	0.000	0	0.000	0.000	0	0	0	0	0	0	0	0	0	0
114	114	1415	1652.035	763.343	279	416	460	211	14	256	348	401	304	86	418.278	1883	540	501	471	448	424	391	348	297	241	131	115.619	213	123	120	118	116	114	113	111	109	107	99	1	15	1661.884	752.416	0	0.000	0.000	1472	0	0	152	0	0	1	23	1661.370	749.914	0	0.000	0.000	569	0	0	0	173	0	0	0	0	0
115	115	2228	746.489	773.478	405	644	696	365	72	429	844	670	221	19	114.854	141	121	119	118	116	115	114	112	110	108	99	334.851	480	429	412	394	373	351	326	296	260	209	127	0	0	0.000	0.000	0	0.000	0.000	0	0	0	0	0	0	0	0	0.000	0.000	0	0.000	0.000	0	0	0	0	0	0	0	0	0	0
116	116	1092	74.523	769.946	144	322	415	169	26	74	240	446	250	70	133.413	248	154	149	145	141	137	132	124	113	106	99	115.819	137	126	123	120	118	116	114	111	108	105	98	0	0	0.000	0.000	0	0.000	0.000	0	0	0	0	0	0	0	0	0.000	0.000	0	0.000	0.000	0	0	0	0	0	0	0	0	0	0
117	117	1408	1596.351	774.093	408	526	353	87	10	293	588	332	145	34	1168.793	18461	1871	813	593	536	487	443	404	341	247	123	213.177	2330	303	171	145	131	125	121	117	114	110	100	1	90	1590.774	769.983	0	0.000	0.000	8815	0	0	1131	0	0	1	99	1590.764	769.836	0	0.000	0.000	8048	0	0	0	1035	0	0	0	0	0
118	118	2362	1366.573	792.043	659	891	588	141	41	572	944	616	164	28	1002.356	18692	1364	460	325	285	252	225	209	190	159	104	200.509	2321	242	136	123	119	116	114	111	109	106	97	1	170	1361.684	793.448	0	0.000	0.000	9025	0	0	1075	0	0	1	162	1361.985	793.194	0	0.000	0.000	9374	0	0	0	1148	0	0	0	0	0
119	119	1847	1180.153	790.807	348	769	494	172	26	198	635	602	272	110	938.062	8654	1169	1062	990	932	875	815	739	626	460	171	148.586	1041	154	147	144	140	135	131	127	122	116	99	1	44	1192.348	774.706	0	0.000	0.000	5237	0	0	495	0	0	1	59	1190.863	773.569	0	0.000	0.000	2050	0	0	0	583	0	0	0	0	0
120	120	1564	947.852	795.093	533	375	359	234	40	457	473	348	213	47	112.781	135	120	118	116	114	113	111	109	108	106	97	111.228	138	121	116	113	111	110	108	107	106	105	100	0	0	0.000	0.000	0	0.000	0.000	0	0	0	0	0	0	1	12	956.680	792.413	0	0.000	0.000	126	0	0	0	134	0	0	0	0	0
121	121	1217	1313.952	796.036	177	568	328	109	17	117	641	272	136	32	197.694	268	238	224	216	208	200	192	183	173	156	115	110.850	124	116	114	113	112	111	110	108	107	106	100	0	0	0.000	0.000	0	0.000	0.000	0	0	0	0	0	0	0	0	0.000	0.000	0	0.000	0.000	0	0	0	0	0	0	0	0	0	0
122	122	2629	764.590	831.950	428	968	927	244	19	307	863	940	389	59	110.488	126	116	114	113	112	111	109	108	107	105	98	303.080	495	425	390	357	330	305	282	257	218	171	109	0	0	0.000	0.000	0	0.000	0.000	0	0	0	0	0	0	0	0	0.000	0.000	0	0.000	0.000	0	0	0	0	0	0	0	0	0	0
123	123	1719	1020.477	831.918	363	717	508	90	19	218	505	579	268	110	150.822	1005	174	162	151	144	138	134	128	122	113	98	133.942	374	156	147	141	135	130	126	121	116	109	99	1	29	1027.988	825.852	0	0.000	0.000	554	0	0	205	0	0	1	29	1029.084	824.723	0	0.000	0.000	398	0	0	0	258	0	0	0	0	0
124	124	1258	1139.124	827.249	170	407	453	185	22	128	486	377	169	80	736.054	1113	990	930	874	835	796	754	678	546	348	126	132.684	164	147	143	140	138	135	132	127	121	114	102	0	0	0.000	0.000	0	0.000	0.000	0	0	0	0	0	0	0	0	0.000	0.000	0	0.000	0.000	0	0	0	0	0	0	0	0	0	0
125	125	1780	1565.405	836.652	263	613	644	211	15	197	419	703	304	122	111.198	134	117	115	113	112	111	110	109	107	105	98	108.542	125	115	112	110	109	108	107	106	105	104	97	0	0	0.000	0.000	0	0.000	0.000	0	0	0	0	0	0	0	0	0.000	0.000	0	0.000	0.000	0	0	0	0	0	0	0	0	0	0
126	126	2560	557.676	850.021	239	667	1082	462	58	205	1001	975	303	24	1716.765	25587	3037	614	306	213	168	153	144	137	128	105	337.640	4591	488	180	143	135	130	127	124	120	116	102	1	287	561.259	852.323	0	0.000	0.000	11196	0	0	1542	0	0	1	227	561.182	851.978	0	0.000	0.000	15716	0	0	0	2067	0	0	0	0	0
127	127	1023	504.131	838.034	119	228	369	225	64	109	379	365	131	21	860.827	1398	1187	1020	955	896	853	817	767	697	570	249	115.870	140	126	122	119	117	115	113	112	110	108	102	0	0	0.000	0.000	0	0.000	0.000	0	0	0	0	0	0	0	0	0.000	0.000	0	0.000	0.000	0	0	0	0	0	0	0	0	0	0
128	128	1142	701.110	836.777	198	364	322	172	74	285	429	321	76	11	121.719	150	136	131	127	124	122	118	115	112	108	99	289.023	507	403	370	345	319	288	261	231	204	174	129	0	0	0.000	0.000	0	0.000	0.000	0	0	0	0	0	0	0	0	0.000	0.000	0	0.000	0.000	0	0	0	0	0	0	0	0	0	0
129	129	1146	1248.682	858.116	182	397	337	163	38	107	375	368	202	72	108.356	123	113	112	110	109	108	107	106	105	103	97	204.775	285	255	243	233	222	212	198	185	167	144	106	0	0	0.000	0.000	0	0.000	0.000	0	0	0	0	0	0	0	0	0.000	0.000	0	0.000	0.000	0	0	0	0	0	0	0	0	0	0
130	130	1240	1320.980	866.084	221	401	363	190	35	241	423	351	173	34	118.536	139	128	125	123	121	119	117	114	112	108	97	153.549	193	176	170	165	161	156	150	145	139	125	105	0	0	0.000	0.000	0	0.000	0.000	0	0	0	0	0	0	0	0	0.000	0.000	0	0.000	0.000	0	0	0	0	0	0	0	0	0	0
131	131	1822	507.087	893.402	150	447	675	436	82	160	587	653	309	87	773.709	1268	1048	954	895	851	803	765	713	617	420	123	113.514	133	121	118	117	115	113	112	110	109	106	100	0	0	0.000	0.000	0	0.000	0.000	0	0	0	0	0	0	0	0	0.000	0.000	0	0.000	0.000	0	0	0	0	0	0	0	0	0	0
132	132	1855	1057.455	892.919	277	724	631	172	22	172	610	658	289	78	198.161	5095	200	151	139	134	129	125	122	119	115	102	115.583	240	122	119	117	116	115	113	111	110	108	101	1	40	1044.401	896.883	0	0.000	0.000	1987	0	0	125	0	0	1	28	1047.108	896.727	0	0.000	0.000	824	0	0	0	177	0	0	0	0	0
133	133	1585	1574.900	899.941	205	490	612	232	9	158	575	539	241	33	108.269	118	113	111	110	109	108	107	106	105	104	99	109.774	144	117	113	111	110	109	108	107	106	105	99	0	0	0.000	0.000	0	0.000	0.000	0	0	0	0	0	0	0	0	0.000	0.000	0	0.000	0.000	0	0	0	0	0	0	0	0	0	0
134	134	1670	559.865	907.315	179	225	579	533	123	220	672	571	162	15	301.557	3502	330	303	289	276	258	241	220	199	171	109	117.274	356	128	121	117	114	113	112	110	109	106	98	1	41	557.944	922.857	0	0.000	0.000	1782	0	0	213	0	0	1	40	558.230	922.840	0	0.000	0.000	1836	0	0	0	214	0	0	0	0	0
135	135	2008	1382.525	928.751	556	623	569	207	20	449	822	436	205	55	113.618	135	123	120	118	116	114	112	109	107	104	97	468.565	886	774	695	610	528	453	383	313	254	192	124	0	0	0.000	0.000	0	0.000	0.000	0	0	0	0	0	0	0	0	0.000	0.000	0	0.000	0.000	0	0	0	0	0	0	0	0	0	0
136	136	568	1042.405	933.007	122	148	128	124	39	116	172	127	112	33	116.028	133	125	123	121	119	117	115	112	109	105	97	110.282	124	116	114	113	112	110	109	108	106	104	99	0	0	0.000	0.000	0	0.000	0.000	0	0	0	0	0	0	0	0	0.000	0.000	0	0.000	0.000	0	0	0	0	0	0	0	0	0	0
137	137	1946	1276.976	953.194	247	540	693	375	56	284	871	567	165	26	143.324	2118	141	133	128	125	122	120	117	114	111	102	139.861	327	163	154	146	141	136	133	128	124	119	101	1	31	1268.713	934.348	0	0.000	0.000	952	0	0	208	0	0	1	21	1268.821	935.332	0	0.000	0.000	1150	0	0	0	261	0	0	0	0	0
138	138	1976	1588.064	951.859	511	548	595	269	24	521	839	456	109	16	116.677	133	124	122	120	118	117	116	114	112	109	99	1309.091	2088	1802	1660	1565	1484	1410	1308	1160	919	638	204	0	0	0.000	0.000	0	0.000	0.000	0	0	0	0	0	0	0	0	0.000	0.000	0	0.000	0.000	0	0	0	0	0	0	0	0	0	0
139	139	2222	1341.518	965.787	475	692	754	223	32	348	675	795	283	85	114.144	134	122	119	118	116	114	113	111	108	106	98	489.287	803	695	641	602	561	520	463	398	327	236	124	0	0	0.000	0.000	0	0.000	0.000	0	0	0	0	0	0	0	0	0.000	0.000	0	0.000	0.000	0	0	0	0	0	0	0	0	0	0
140	140	942	917.178	957.659	164	199	315	180	71	150	274	303	159	27	192.972	1526	241	201	182	169	159	150	141	133	123	102	304.020	1815	434	369	327	296	267	236	209	186	158	113	1	33	921.898	953.707	0	0.000	0.000	806	0	0	672	0	0	1	35	918.656	953.366	0	0.000	0.000	299	0	0	0	938	0	0	0	0	0
141	141	1288	632.201	980.156	143	316	485	265	53	146	457	468	165	29	341.391	498	438	412	396	382	367	350	321	268	182	115	107.454	120	113	111	109	108	107	106	105	104	103	98	0	0	0.000	0.000	0	0.000	0.000	0	0	0	0	0	0	0	0	0.000	0.000	0	0.000	0.000	0	0	0	0	0	0	0	0	0	0
142	142	1989	1900.407	997.028	376	805	598	145	20	312	721	583	289	38	492.961	11535	582	244	197	174	158	149	142	135	125	105	139.993	716	154	137	132	127	123	120	117	114	110	99	1	95	1905.103	995.061	0	0.000	0.000	5211	0	0	400	0	0	1	86	1905.115	994.861	0	0.000	0.000	5824	0	0	0	413	0	0	0	0	0
143	143	1170	1728.262	991.765	141	350	375	205	86	136	356	379	174	105	221.571	324	279	268	258	244	230	211	195	176	150	112	107.038	120	112	109	108	107	107	106	105	104	103	98	0	0	0.000	0.000	0	0.000	0.000	0	0	0	0	0	0	0	0	0.000	0.000	0	0.000	0.000	0	0	0	0	0	0	0	0	0	0
144	144	1189	685.935	1004.075	187	377	394	195	13	104	346	450	180	82	114.591	140	122	119	117	115	114	113	111	110	108	100	140.153	182	164	157	151	147	142	137	130	122	112	102	0	0	0.000	0.000	0	0.000	0.000	0	0	0	0	0	0	0	0	0.000	0.000	0	0.000	0.000	0	0	0	0	0	0	0	0	0	0
145	145	1621	646.603	1029.842	162	340	566	392	139	195	652	505	219	27	112.574	129	119	117	115	114	113	111	110	108	106	99	144.088	174	160	156	153	150	147	143	139	133	122	100	0	0	0.000	0.000	0	0.000	0.000	0	0	0	0	0	0	0	0	0.000	0.000	0	0.000	0.000	0	0	0	0	0	0	0	0	0	0
146	146	1847	1735.983	1041.148	345	554	745	155	9	250	514	600	378	68	263.030	435	360	327	306	289	270	248	228	199	149	104	106.636	135	112	110	108	107	106	105	104	103	102	93	0	0	0.000	0.000	0	0.000	0.000	0	0	0	0	0	0	0	0	0.000	0.000	0	0.000	0.000	0	0	0	0	0	0	0	0	0	0
147	147	1326	902.958	1042.864	350	463	350	123	15	302	527	293	145	31	120.757	474	126	122	120	119	117	116	114	112	110	100	135.585	169	151	145	142	138	135	132	129	125	121	105	1	28	890.543	1036.311	0	0.000	0.000	219	0	0	130	0	0	0	0	0.000	0.000	0	0.000	0.000	0	0	0	0	0	0	0	0	0	0
148	148	1599	1829.105	1050.636	163	489	615	242	54	127	483	656	242	65	613.008	13896	797	276	191	164	151	142	136	129	119	103	172.458	1400	208	158	146	136	129	123	118	114	110	100	1	89	1829.924	1048.908	0	0.000	0.000	6584	0	0	377	0	0	1	90	1830.882	1046.975	0	0.000	0.000	1521	0	0	0	702	0	0	0	0	0
149	149	2121	528.270	1052.390	288	628	751	338	77	307	710	766	224	73	1004.304	21459	1398	355	215	182	169	159	152	144	133	105	344.585	5768	450	196	157	148	142	135	130	124	119	105	1	141	534.359	1050.127	0	0.000	0.000	9958	0	0	2436	0	0	1	136	534.313	1049.788	0	0.000	0.000	10211	0	0	0	2592	0	0	0	0	0
150	150	1818	228.505	1053.664	380	786	502	100	21	363	872	383	146	28	111.169	129	116	115	113	112	111	110	109	108	106	98	141.661	187	166	158	151	145	140	135	131	127	120	101	0	0	0.000	0.000	0	0.000	0.000	0	0	0	0	0	0	0	0	0.000	0.000	0	0.000	0.000	0	0	0	0	0	0	0	0	0	0
151	151	1374	336.850	1065.968	97	321	484	304	150	132	512	459	160	81	279.152	415	349	328	316	303	289	274	251	223	192	121	147.375	187	167	162	157	153	149	144	139	133	125	104	0	0	0.000	0.000	0	0.000	0.000	0	0	0	0	0	0	0	0	0.000	0.000	0	0.000	0.000	0	0	0	0	0	0	0	0	0	0
152	152	1548	1271.827	1072.272	504	690	292	31	9	393	614	346	142	25	430.272	650	571	538	513	482	448	413	372	327	248	140	107.505	126	113	110	109	108	107	106	105	104	103	98	0	0	0.000	0.000	0	0.000	0.000	0	0	0	0	0	0	0	0	0.000	0.000	0	0.000	0.000	0	0	0	0	0	0	0	0	0	0
153	153	2464	587.501	1099.993	374	711	884	375	75	323	931	804	293	64	1077.803	19644	1264	598	502	448	409	379	343	299	231	125	145.084	921	154	131	124	119	116	114	111	109	107	99	1	150	593.468	1101.656	0	0.000	0.000	9600	0	0	511	0	0	1	142	593.368	1101.186	0	0.000	0.000	10268	0	0	0	531	0	0	0	0	0
154	154	1998	378.912	1103.416	316	601	659	325	63	390	952	402	182	39	325.197	2508	388	360	342	330	318	304	286	255	205	127	157.813	800	174	166	161	157	154	150	144	136	122	102	1	25	377.138	1098.428	0	0.000	0.000	1251	0	0	373	0	0	1	31	378.066	1096.819	0	0.000	0.000	677	0	0	0	469	0	0	0	0	0
155	155	1933	645.625	1104.776	368	530	673	288	43	311	494	675	353	62	441.807	3511	530	482	460	439	409	374	331	287	223	122	114.364	192	128	120	116	113	111	110	108	107	105	100	2	38	643.997	1120.518	22	631.823	1094.885	1712	1684	0	143	152	0	2	29	645.153	1121.124	31	632.042	1094.341	2272	0	1167	0	158	0	143	0	0	0
156	156	1930	1817.453	1103.790	341	837	621	67	22	255	650	732	228	19	133.234	160	147	144	141	138	135	132	128	122	116	101	131.871	168	151	145	140	135	131	128	123	119	113	102	0	0	0.000	0.000	0	0.000	0.000	0	0	0	0	0	0	0	0	0.000	0.000	0	0.000	0.000	0	0	0	0	0	0	0	0	0	0
157	157	2098	315.374	1117.771	343	507	771	401	37	305	568	821	316	47	230.096	324	291	274	261	251	241	228	210	183	148	100	128.139	160	144	139	135	131	128	125	121	117	112	100	0	0	0.000	0.000	0	0.000	0.000	0	0	0	0	0	0	0	0	0.000	0.000	0	0.000	0.000	0	0	0	0	0	0	0	0	0	0
158	158	2167	263.512	1118.867	200	366	949	544	62	199	602	958	294	61	1512.553	23557	2625	659	391	302	267	244	219	188	155	105	430.153	6171	726	233	162	143	134	128	123	118	112	98	1	200	266.036	1116.914	0	0.000	0.000	11539	0	0	2724	0	0	1	184	265.787	1117.438	0	0.000	0.000	12353	0	0	0	3030	0	0	0	0	0
159	159	1577	840.616	1118.370	214	544	583	183	34	172	447	655	202	64	121.694	748	123	120	117	116	115	114	112	111	109	102	144.824	267	164	157	152	148	143	140	137	133	128	109	1	29	823.250	1120.093	0	0.000	0.000	328	0	0	152	0	0	0	0	0.000	0.000	0	0.000	0.000	0	0	0	0	0	0	0	0	0	0
160	160	2346	472.927	1137.560	136	582	981	512	95	101	652	1126	323	87	213.949	5157	209	147	137	132	128	124	121	119	114	102	236.623	740	312	284	262	243	228	214	201	187	163	104	1	61	483.266	1137.778	0	0.000	0.000	2352	0	0	486	0	0	1	29	483.590	1138.058	0	0.000	0.000	3720	0	0	0	610	0	0	0	0	0
161	161	2774	1261.486	1135.044	468	923	1069	257	10	336	923	1033	361	74	910.125	1666	1361	1226	1115	1024	923	819	728	595	408	177	110.385	131	118	114	112	111	110	108	107	106	104	99	0	0	0.000	0.000	0	0.000	0.000	0	0	0	0	0	0	0	0	0.000	0.000	0	0.000	0.000	0	0	0	0	0	0	0	0	0	0
162	162	1281	115.108	1132.752	181	269	446	275	79	251	453	395	136	17	275.265	421	375	353	335	319	302	278	235	177	127	105	105.347	118	110	108	107	106	105	104	103	103	102	95	0	0	0.000	0.000	0	0.000	0.000	0	0	0	0	0	0	0	0	0.000	0.000	0	0.000	0.000	0	0	0	0	0	0	0	0	0	0
163	163	1352	983.473	1128.495	131	326	566	279	26	138	351	545	192	98	132.189	169	149	143	138	135	132	129	125	122	116	102	121.771	143	131	128	126	124	122	120	118	116	112	104	0	0	0.000	0.000	0	0.000	0.000	0	0	0	0	0	0	0	0	0.000	0.000	0	0.000	0.000	0	0	0	0	0	0	0	0	0	0
164	164	1338	1402.070	1147.674	180	374	414	290	45	234	565	352	148	21	169.409	1807	180	160	155	150	146	142	137	130	119	103	177.711	920	201	186	179	173	167	163	158	148	132	106	1	32	1409.365	1153.935	0	0.000	0.000	824	0	0	205	0	0	1	30	1412.392	1155.666	0	0.000	0.000	251	0	0	0	538	0	0	0	0	0
165	165	1062	942.773	1154.903	190	283	317	217	31	155	449	271	142	27	150.399	193	173	168	163	159	153	148	141	132	122	104	116.643	150	130	123	119	117	115	113	111	110	107	98	0	0	0.000	0.000	0	0.000	0.000	0	0	0	0	0	0	0	0	0.000	0.000	0	0.000	0.000	0	0	0	0	0	0	0	0	0	0
166	166	880	574.916	1157.288	486	199	112	40	28	381	228	151	78	26	122.043	148	134	130	127	124	122	119	117	114	110	102	206.525	298	272	249	232	220	211	198	182	166	139	107	0	0	0.000	0.000	0	0.000	0.000	0	0	0	0	0	0	0	0	0.000	0.000	0	0.000	0.000	0	0	0	0	0	0	0	0	0	0
167	167	1787	1460.480	1168.360	615	459	417	215	54	528	534	435	211	52	582.938	14160	747	240	165	149	143	138	135	130	123	104	432.876	8416	549	241	198	187	180	175	170	162	143	107	1	98	1465.894	1171.596	0	0.000	0.000	6349	0	0	3558	0	0	1	90	1465.925	1171.841	0	0.000	0.000	6922	0	0	0	3899	0	0	0	0	0
168	168	1809	1756.852	1175.563	341	531	499	356	43	289	723	436	277	58	784.013	1277	1099	1012	933	874	825	766	686	567	386	140	108.827	127	115	112	110	109	108	107	106	105	104	95	0	0	0.000	0.000	0	0.000	0.000	0	0	0	0	0	0	0	0	0.000	0.000	0	0.000	0.000	0	0	0	0	0	0	0	0	0	0
169	169	952	842.426	1165.834	223	326	231	121	37	294	361	219	45	17	128.989	280	157	131	126	123	121	119	117	115	112	104	136.980	167	155	150	146	142	138	133	128	124	119	103	0	0	0.000	0.000	0	0.000	0.000	0	0	0	0	0	0	0	0	0.000	0.000	0	0.000	0.000	0	0	0	0	0	0	0	0	0	0
170	170	2056	264.544	1176.813	478	908	516	109	15	437	1008	455	99	20	486.849	11278	588	226	168	149	138	132	127	122	116	102	149.526	824	161	141	136	133	130	128	125	121	115	100	1	110	268.982	1184.252	0	0.000	0.000	4990	0	0	348	0	0	1	102	269.885	1184.575	0	0.000	0.000	5304	0	0	0	469	0	0	0	0	0
171	171	1497	416.020	1180.623	230	314	493	390	35	178	392	611	220	67	108.470	120	113	111	110	109	108	108	107	106	104	99	134.346	160	148	144	141	139	136	133	129	125	118	103	0	0	0.000	0.000	0	0.000	0.000	0	0	0	0	0	0	0	0	0.000	0.000	0	0.000	0.000	0	0	0	0	0	0	0	0	0	0
172	172	2162	121.357	1192.261	287	599	756	422	56	200	634	840	368	79	309.435	493	414	383	355	334	313	295	278	246	185	112	105.919	131	114	109	107	105	104	104	103	102	101	96	0	0	0.000	0.000	0	0.000	0.000	0	0	0	0	0	0	0	0	0.000	0.000	0	0.000	0.000	0	0	0	0	0	0	0	0	0	0
173	173	1378	477.474	1192.764	201	391	470	265	24	145	367	583	212	38	121.135	140	129	127	125	123	122	120	118	115	112	103	218.338	337	275	260	246	233	221	209	198	182	148	105	0	0	0.000	0.000	0	0.000	0.000	0	0	0	0	0	0	0	0	0.000	0.000	0	0.000	0.000	0	0	0	0	0	0	0	0	0	0
174	174	883	575.029	1198.725	569	226	59	12	12	498	294	62	15	9	119.411	145	132	128	125	123	120	116	113	110	107	98	209.373	323	278	266	253	237	216	198	173	146	125	106	0	0	0.000	0.000	0	0.000	0.000	0	0	0	0	0	0	0	0	0.000	0.000	0	0.000	0.000	0	0	0	0	0	0	0	0	0	0
175	175	1881	1275.135	1210.500	133	661	821	203	28	90	514	775	397	74	1809.866	3321	2905	2559	2250	2004	1763	1520	1294	1115	889	221	111.115	130	117	115	113	112	111	110	108	107	105	97	0	0	0.000	0.000	0	0.000	0.000	0	0	0	0	0	0	0	0	0.000	0.000	0	0.000	0.000	0	0	0	0	0	0	0	0	0	0
176	176	2283	1580.492	1208.192	522	821	687	192	29	391	548	807	319	167	108.156	122	113	111	110	109	108	107	106	105	103	98	214.680	317	274	259	246	230	214	200	189	175	152	104	0	0	0.000	0.000	0	0.000	0.000	0	0	0	0	0	0	0	0	0.000	0.000	0	0.000	0.000	0	0	0	0	0	0	0	0	0	0
177	177	1584	1819.669	1208.310	308	656	454	118	18	168	487	550	273	66	139.747	319	155	148	144	140	138	135	130	126	118	103	252.513	381	330	312	292	272	253	232	212	196	177	128	0	0	0.000	0.000	0	0.000	0.000	0	0	0	0	0	0	0	0	0.000	0.000	0	0.000	0.000	0	0	0	0	0	0	0	0	0	0
178	178	2294	966.064	1213.053	238	500	938	500	67	238	674	985	311	39	119.078	414	128	124	121	118	116	114	112	110	108	99	186.044	263	234	219	208	198	189	178	166	151	135	105	1	29	983.394	1224.872	0	0.000	0.000	254	0	0	184	0	0	0	0	0.000	0.000	0	0.000	0.000	0	0	0	0	0	0	0	0	0	0
179	179	1789	888.819	1215.313	237	513	723	255	38	225	591	716	187	36	140.182	168	155	151	148	145	142	139	134	130	123	102	358.058	518	468	442	419	394	368	342	315	281	232	118	0	0	0.000	0.000	0	0.000	0.000	0	0	0	0	0	0	0	0	0.000	0.000	0	0.000	0.000	0	0	0	0	0	0	0	0	0	0
180	180	1931	1633.044	1231.012	456	494	560	328	63	419	721	494	237	25	107.353	120	112	111	109	108	107	106	105	104	103	92	198.396	272	246	236	225	214	203	193	181	164	137	105	0	0	0.000	0.000	0	0.000	0.000	0	0	0	0	0	0	0	0	0.000	0.000	0	0.000	0.000	0	0	0	0	0	0	0	0	0	0
181	181	1353	1139.189	1230.099	202	408	441	239	36	164	547	421	160	35	157.102	202	180	173	169	165	161	155	147	139	127	110	128.435	157	141	138	135	132	129	127	124	119	114	103	0	0	0.000	0.000	0	0.000	0.000	0	0	0	0	0	0	0	0	0.000	0.000	0	0.000	0.000	0	0	0	0	0	0	0	0	0	0
182	182	1629	1863.541	1241.218	553	508	389	125	30	610	551	347	77	19	1451.400	21228	3509	480	235	173	155	147	141	132	123	105	357.551	2793	585	273	250	238	229	220	209	191	159	114	1	187	1855.258	1233.392	0	0.000	0.000	9873	0	0	1244	0	0	1	148	1855.337	1233.021	0	0.000	0.000	12349	0	0	0	1600	0	0	0	0	0
183	183	963	1302.865	1253.352	124	409	354	45	12	58	251	405	183	42	1695.049	2655	2403	2237	2081	1958	1816	1621	1397	1137	837	258	111.423	128	117	115	114	113	112	110	109	107	105	99	0	0	0.000	0.000	0	0.000	0.000	0	0	0	0	0	0	0	0	0.000	0.000	0	0.000	0.000	0	0	0	0	0	0	0	0	0	0
184	184	551	552.354	1261.033	117	160	147	111	7	95	93	220	97	37	116.621	144	129	125	121	118	115	113	111	108	106	99	116.762	129	124	122	120	118	117	115	113	112	109	104	0	0	0.000	0.000	0	0.000	0.000	0	0	0	0	0	0	0	0	0.000	0.000	0	0.000	0.000	0	0	0	0	0	0	0	0	0	0
185	185	1591	1105.215	1269.030	189	718	501	124	31	94	574	628	196	60	159.563	200	179	174	169	165	162	157	152	146	136	107	132.136	167	145	141	138	135	132	129	127	124	119	105	0	0	0.000	0.000	0	0.000	0.000	0	0	0	0	0	0	0	0	0.000	0.000	0	0.000	0.000	0	0	0	0	0	0	0	0	0	0
186	186	1276	1441.412	1271.375	218	324	397	255	57	202	458	379	142	74	129.614	505	145	137	132	128	125	121	118	113	108	99	131.827	188	147	142	138	135	132	128	124	120	116	105	1	27	1449.185	1274.835	0	0.000	0.000	282	0	0	171	0	0	0	0	0.000	0.000	0	0.000	0.000	0	0	0	0	0	0	0	0	0	0
187	187	1461	898.386	1287.874	212	390	477	322	42	222	385	624	172	31	130.487	154	140	136	134	133	131	129	127	124	120	104	335.057	472	412	391	374	357	343	324	301	280	251	136	0	0	0.000	0.000	0	0.000	0.000	0	0	0	0	0	0	0	0	0.000	0.000	0	0.000	0.000	0	0	0	0	0	0	0	0	0	0
188	188	1256	729.896	1284.447	168	411	420	189	45	139	563	329	162	44	278.939	369	337	324	314	304	292	277	259	235	203	121	126.025	147	137	134	131	129	127	125	123	119	112	100	0	0	0.000	0.000	0	0.000	0.000	0	0	0	0	0	0	0	0	0.000	0.000	0	0.000	0.000	0	0	0	0	0	0	0	0	0	0
189	189	1554	1826.250	1292.028	344	559	482	120	24	300	512	421	243	57	111.688	128	118	116	114	113	112	110	109	108	106	100	105.443	121	109	108	107	106	105	105	104	103	102	97	0	0	0.000	0.000	0	0.000	0.000	0	0	0	0	0	0	0	0	0.000	0.000	0	0.000	0.000	0	0	0	0	0	0	0	0	0	0
190	190	1980	1426.492	1323.819	325	864	569	162	24	316	1061	431	122	18	493.617	14009	563	228	165	142	132	127	123	119	112	100	161.738	1203	174	151	145	141	137	133	129	125	119	105	1	85	1420.025	1333.445	0	0.000	0.000	5715	0	0	419	0	0	1	75	1420.229	1331.808	0	0.000	0.000	3295	0	0	0	646	0	0	0	0	0
191	191	2743	1771.210	1321.028	819	1081	635	137	21	743	1114	639	160	32	112.281	130	118	117	115	114	112	111	110	108	106	99	106.845	127	112	110	108	107	106	105	105	104	103	94	0	0	0.000	0.000	0	0.000	0.000	0	0	0	0	0	0	0	0	0.000	0.000	0	0.000	0.000	0	0	0	0	0	0	0	0	0	0
192	192	1219	109.330	1326.557	271	389	297	194	47	312	473	320	67	26	108.241	123	113	111	110	109	108	107	106	105	104	98	145.792	191	173	166	160	153	147	141	133	125	116	103	0	0	0.000	0.000	0	0.000	0.000	0	0	0	0	0	0	0	0	0.000	0.000	0	0.000	0.000	0	0	0	0	0	0	0	0	0	0
193	193	2083	479.295	1336.450	284	530	828	357	38	258	569	796	334	92	567.071	913	795	740	684	632	586	536	494	402	284	138	131.046	165	148	143	139	135	131	127	124	120	114	101	0	0	0.000	0.000	0	0.000	0.000	0	0	0	0	0	0	0	0	0.000	0.000	0	0.000	0.000	0	0	0	0	0	0	0	0	0	0
194	194	1286	1497.890	1338.946	279	455	328	171	29	274	545	243	165	41	121.271	141	131	128	126	124	122	119	117	115	110	98	109.015	130	115	112	110	109	108	107	106	105	104	98	0	0	0.000	0.000	0	0.000	0.000	0	0	0	0	0	0	1	109	1491.495	1335.495	0	0.000	0.000	130	0	0	0	119	0	0	0	0	0
195	195	1549	1078.814	1347.314	265	474	496	246	31	217	595	431	226	51	2912.604	26791	10332	2099	853	552	433	390	354	310	230	121	436.090	4146	1224	332	181	148	132	124	119	115	110	102	1	280	1076.355	1348.340	0	0.000	0.000	12928	0	0	1356	0	0	1	225	1076.033	1348.030	0	0.000	0.000	16791	0	0	0	1840	0	0	0	0	0
196	196	1757	1592.102	1349.633	416	603	417	231	55	416	704	421	161	21	119.604	145	131	128	125	122	120	118	114	111	108	99	345.430	550	475	436	408	382	363	338	300	248	182	112	0	0	0.000	0.000	0	0.000	0.000	0	0	0	0	0	0	0	0	0.000	0.000	0	0.000	0.000	0	0	0	0	0	0	0	0	0	0
197	197	567	1815.203	1339.229	214	131	148	53	8	178	180	93	77	27	108.638	122	113	112	111	110	109	108	107	105	104	96	105.106	114	109	107	106	106	105	104	104	103	102	98	0	0	0.000	0.000	0	0.000	0.000	0	0	0	0	0	0	0	0	0.000	0.000	0	0.000	0.000	0	0	0	0	0	0	0	0	0	0
198	198	1708	684.669	1357.538	285	691	552	142	8	227	729	499	187	39	128.816	158	143	139	135	132	129	126	123	118	114	103	152.358	205	184	177	169	160	152	145	138	130	120	103	0	0	0.000	0.000	0	0.000	0.000	0	0	0	0	0	0	0	0	0.000	0.000	0	0.000	0.000	0	0	0	0	0	0	0	0	0	0
199	199	1183	142.531	1361.235	253	438	337	124	16	233	490	290	131	18	319.577	498	435	407	385	362	338	316	287	226	146	102	105.856	122	113	109	107	106	105	104	103	102	101	96	0	0	0.000	0.000	0	0.000	0.000	0	0	0	0	0	0	0	0	0.000	0.000	0	0.000	0.000	0	0	0	0	0	0	0	0	0	0
200	200	1875	606.324	1365.099	329	595	668	212	46	294	591	603	247	102	617.681	1021	846	775	721	680	641	597	547	466	331	146	136.767	171	153	149	145	141	138	134	130	124	117	104	0	0	0.000	0.000	0	0.000	0.000	0	0	0	0	0	0	0	0	0.000	0.000	0	0.000	0.000	0	0	0	0	0	0	0	0	0	0
201	201	1811	451.981	1389.782	383	432	595	330	50	423	752	388	193	25	1392.177	17687	1838	938	859	814	774	712	622	483	332	144	385.015	6830	550	207	165	156	149	141	135	126	117	104	1	127	453.888	1393.652	0	0.000	0.000	8744	0	0	2602	0	0	1	112	454.145	1393.499	0	0.000	0.000	10658	0	0	0	3163	0	0	0	0	0
202	202	1818	1731.036	1394.293	334	672	616	150	13	248	668	525	302	44	841.948	1289	1125	1062	1013	955	900	839	735	596	454	154	108.837	135	117	113	111	109	107	106	105	104	103	97	0	0	0.000	0.000	0	0.000	0.000	0	0	0	0	0	0	0	0	0.000	0.000	0	0.000	0.000	0	0	0	0	0	0	0	0	0	0
203	203	1988	717.410	1404.408	269	361	771	459	100	253	671	682	295	34	115.411	133	122	120	118	117	115	114	113	111	108	101	455.590	700	619	583	546	507	468	421	374	325	281	171	0	0	0.000	0.000	0	0.000	0.000	0	0	0	0	0	0	0	0	0.000	0.000	0	0.000	0.000	0	0	0	0	0	0	0	0	0	0
204	204	1835	1410.118	1414.485	640	439	449	233	44	554	475	453	239	94	116.444	135	125	122	121	119	117	115	113	110	107	99	108.779	130	116	112	110	109	108	107	106	105	103	97	0	0	0.000	0.000	0	0.000	0.000	0	0	0	0	0	0	0	0	0.000	0.000	0	0.000	0.000	0	0	0	0	0	0	0	0	0	0
205	205	1481	1888.181	1412.795	247	419	460	253	71	204	448	477	265	60	112.530	130	118	116	115	114	113	111	110	109	107	99	131.873	158	145	141	138	136	133	130	126	122	116	103	0	0	0.000	0.000	0	0.000	0.000	0	0	0	0	0	0	0	0	0.000	0.000	0	0.000	0.000	0	0	0	0	0	0	0	0	0	0
206	206	1516	1786.562	1417.623	308	509	419	224	28	174	426	442	343	101	695.977	1124	926	875	838	796	745	692	608	506	348	156	107.249	124	113	111	109	107	106	106	105	104	103	97	0	0	0.000	0.000	0	0.000	0.000	0	0	0	0	0	0	0	0	0.000	0.000	0	0.000	0.000	0	0	0	0	0	0	0	0	0	0
207	207	2064	1291.518	1437.153	469	658	573	296	26	336	799	585	254	56	428.969	753	604	542	502	475	442	405	367	319	224	113	108.685	139	116	111	109	108	107	106	106	105	104	99	0	0	0.000	0.000	0	0.000	0.000	0	0	0	0	0	0	0	0	0.000	0.000	0	0.000	0.000	0	0	0	0	0	0	0	0	0	0
208	208	1963	1092.665	1438.064	444	694	622	159	22	350	705	531	265	75	2451.569	4095	3565	3234	2999	2820	2677	2527	2115	1530	926	258	112.792	144	124	117	114	112	111	110	108	107	105	99	0	0	0.000	0.000	0	0.000	0.000	0	0	0	0	0	0	0	0	0.000	0.000	0	0.000	0.000	0	0	0	0	0	0	0	0	0	0
209	209	2202	1617.037	1438.166	573	783	582	187	38	647	1060	384	62	9	2020.460	27348	4907	942	440	307	248	226	204	174	145	105	653.953	9057	1356	329	201	165	150	142	134	126	118	102	1	263	1613.807	1436.088	0	0.000	0.000	13949	0	0	3683	0	0	1	225	1613.921	1436.055	0	0.000	0.000	16412	0	0	0	4230	0	0	0	0	0
210	210	3170	825.800	1458.707	932	1076	857	218	25	1214	1408	447	44	5	1855.337	25451	3280	544	293	223	195	175	155	135	120	102	820.764	7521	1275	651	591	559	515	439	353	253	181	116	1	389	823.803	1450.203	0	0.000	0.000	12714	0	0	3114	0	0	1	297	824.082	1449.824	0	0.000	0.000	18544	0	0	0	4252	0	0	0	0	0
211	211	2062	1040.272	1473.200	356	773	606	269	27	220	718	715	255	104	2868.653	4818	4251	3961	3659	3311	2961	2621	2217	1767	1260	513	111.187	133	117	114	113	112	111	109	109	108	106	101	0	0	0.000	0.000	0	0.000	0.000	0	0	0	0	0	0	0	0	0.000	0.000	0	0.000	0.000	0	0	0	0	0	0	0	0	0	0
212	212	2437	895.851	1475.128	392	713	877	374	34	337	799	861	354	45	379.748	9989	375	181	161	156	152	149	145	139	129	106	417.514	1915	498	463	438	416	397	374	353	329	271	141	1	98	910.546	1468.095	0	0.000	0.000	4294	0	0	1064	0	0	1	54	910.088	1468.298	0	0.000	0.000	6734	0	0	0	1422	0	0	0	0	0
213	213	1684	766.114	1488.849	332	616	574	121	12	190	399	531	399	134	144.787	177	161	157	153	150	147	143	138	132	124	103	360.432	585	519	482	441	400	357	316	278	251	211	134	0	0	0.000	0.000	0	0.000	0.000	0	0	0	0	0	0	0	0	0.000	0.000	0	0.000	0.000	0	0	0	0	0	0	0	0	0	0
214	214	1204	1400.934	1523.085	310	470	338	46	20	328	508	271	52	10	500.193	744	663	625	590	554	521	494	457	392	267	146	109.962	125	116	114	112	111	110	109	108	106	105	100	0	0	0.000	0.000	0	0.000	0.000	0	0	0	0	0	0	0	0	0.000	0.000	0	0.000	0.000	0	0	0	0	0	0	0	0	0	0
215	215	1696	1597.177	1553.581	311	561	485	259	57	273	634	460	222	79	109.175	121	114	112	111	110	109	108	107	106	105	99	143.430	193	171	163	155	149	142	136	131	126	119	101	0	0	0.000	0.000	0	0.000	0.000	0	0	0	0	0	0	0	0	0.000	0.000	0	0.000	0.000	0	0	0	0	0	0	0	0	0	0
216	216	732	215.482	1561.725	214	187	143	140	33	114	107	248	206	44	107.678	121	113	111	110	109	107	106	105	104	103	98	154.749	210	187	180	173	167	160	152	141	125	112	98	0	0	0.000	0.000	0	0.000	0.000	0	0	0	0	0	0	0	0	0.000	0.000	0	0.000	0.000	0	0	0	0	0	0	0	0	0	0
217	217	1930	1547.038	1574.961	485	640	544	196	23	355	812	454	258	23	108.659	122	113	111	110	109	108	108	107	106	105	98	138.427	171	154	149	146	142	139	136	132	128	121	104	0	0	0.000	0.000	0	0.000	0.000	0	0	0	0	0	0	0	0	0.000	0.000	0	0.000	0.000	0	0	0	0	0	0	0	0	0	0
218	218	1463	1009.895	1578.404	191	451	512	253	36	171	590	405	201	69	110.422	122	116	114	113	111	110	109	108	107	106	100	145.612	188	170	163	157	152	146	141	135	128	119	103	0	0	0.000	0.000	0	0.000	0.000	0	0	0	0	0	0	0	0	0.000	0.000	0	0.000	0.000	0	0	0	0	0	0	0	0	0	0
219	219	1689	1599.333	1608.194	299	638	486	212	27	231	679	397	263	88	485.802	10719	650	252	181	158	146	139	133	126	117	102	167.758	1387	193	148	140	135	131	127	123	118	113	100	1	91	1601.198	1600.922	0	0.000	0.000	4638	0	0	644	0	0	1	86	1601.361	1600.899	0	0.000	0.000	4875	0	0	0	687	0	0	0	0	0
220	220	1909	246.983	1615.764	930	622	289	35	7	618	609	420	189	49	113.156	137	121	119	117	115	113	111	109	107	105	97	736.601	1336	1161	1045	936	840	765	670	539	406	282	153	0	0	0.000	0.000	0	0.000	0.000	0	0	0	0	0	0	0	0	0.000	0.000	0	0.000	0.000	0	0	0	0	0	0	0	0	0	0
221	221	1894	490.592	1619.148	273	414	635	453	80	236	614	625	320	67	287.832	426	365	347	334	317	299	278	252	227	191	119	113.322	135	124	120	117	114	112	110	108	107	105	99	0	0	0.000	0.000	0	0.000	0.000	0	0	0	0	0	0	0	0	0.000	0.000	0	0.000	0.000	0	0	0	0	0	0	0	0	0	0
222	222	1982	435.110	1617.084	242	572	668	398	73	253	819	542	287	51	1698.598	22633	3547	875	498	382	337	312	287	253	212	119	188.230	1432	306	150	126	119	115	112	110	108	106	99	1	212	436.341	1609.713	0	0.000	0.000	11159	0	0	677	0	0	1	204	436.245	1609.442	0	0.000	0.000	11594	0	0	0	695	0	0	0	0	0
223	223	1500	1121.444	1622.740	177	630	437	194	40	169	709	361	175	56	933.243	16240	1539	453	229	178	161	151	142	131	122	104	184.027	1668	246	148	132	126	121	118	116	113	110	99	1	125	1114.659	1615.662	0	0.000	0.000	7548	0	0	553	0	0	1	102	1115.123	1614.608	0	0.000	0.000	7833	0	0	0	809	0	0	0	0	0
224	224	1811	1674.617	1646.243	233	539	616	324	63	202	738	541	280	22	1671.342	22164	3535	892	477	357	304	267	238	210	177	117	359.353	4275	649	243	172	152	141	133	127	122	117	103	1	209	1671.763	1646.092	0	0.000	0.000	10738	0	0	1618	0	0	1	163	1671.752	1646.056	0	0.000	0.000	14424	0	0	0	2117	0	0	0	0	0
225	225	1281	888.167	1641.633	279	377	402	181	18	288	482	318	151	29	134.914	742	155	141	134	129	126	123	119	115	110	101	124.339	244	140	133	129	127	123	120	117	112	107	100	1	26	890.262	1643.134	0	0.000	0.000	372	0	0	179	0	0	1	15	889.816	1643.615	0	0.000	0.000	436	0	0	0	199	0	0	0	0	0
226	226	1535	1007.477	1643.694	170	451	541	277	52	116	524	558	225	74	132.975	161	147	143	140	137	134	131	127	123	116	103	116.200	137	126	123	121	118	116	114	112	109	106	98	0	0	0.000	0.000	0	0.000	0.000	0	0	0	0	0	0	0	0	0.000	0.000	0	0.000	0.000	0	0	0	0	0	0	0	0	0	0
227	227	1105	1728.200	1643.832	344	312	270	141	27	315	371	227	131	41	121.360	143	132	129	127	124	122	119	117	113	110	102	108.434	122	115	112	110	109	108	107	106	105	104	97	0	0	0.000	0.000	0	0.000	0.000	0	0	0	0	0	0	0	0	0.000	0.000	0	0.000	0.000	0	0	0	0	0	0	0	0	0	0
228	228	2010	1058.574	1656.682	413	784	599	166	16	259	640	713	275	81	500.048	11141	561	239	189	170	158	149	140	131	120	101	140.638	892	154	129	123	120	116	113	111	109	106	100	1	105	1058.683	1650.548	0	0.000	0.000	5295	0	0	457	0	0	1	111	1059.381	1650.310	0	0.000	0.000	4778	0	0	0	449	0	0	0	0	0
229	229	838	1621.878	1649.702	105	254	278	158	33	88	366	268	88	19	129.704	155	140	137	135	133	130	128	126	122	118	106	124.283	151	136	132	129	126	124	121	119	116	114	105	0	0	0.000	0.000	0	0.000	0.000	0	0	0	0	0	0	0	0	0.000	0.000	0	0.000	0.000	0	0	0	0	0	0	0	0	0	0
230	230	1621	1171.421	1664.125	219	465	618	277	20	142	566	651	203	40	209.947	3710	226	163	152	143	135	130	125	120	115	102	125.052	449	137	127	123	120	118	116	114	113	110	102	1	52	1163.441	1660.625	0	0.000	0.000	1659	0	0	259	0	0	1	46	1163.777	1660.148	0	0.000	0.000	1576	0	0	0	270	0	0	0	0	0
231	231	1901	200.612	1679.110	608	528	496	226	14	451	518	505	272	126	587.568	9743	1029	359	234	186	162	146	135	125	115	100	242.536	2007	337	212	188	176	168	161	151	137	123	100	1	137	196.893	1678.562	0	0.000	0.000	4524	0	0	1023	0	0	1	135	196.863	1678.255	0	0.000	0.000	4602	0	0	0	1071	0	0	0	0	0
232	232	848	677.155	1670.863	253	223	185	123	49	232	269	227	89	12	675.103	1331	1048	963	834	743	654	579	519	435	302	163	110.608	125	117	115	113	111	110	109	108	106	105	100	0	0	0.000	0.000	0	0.000	0.000	0	0	0	0	0	0	0	0	0.000	0.000	0	0.000	0.000	0	0	0	0	0	0	0	0	0	0
233	233	977	441.885	1672.033	79	275	288	233	82	52	323	357	171	57	502.463	708	655	626	597	562	532	494	462	403	295	113	119.023	165	141	132	123	118	114	112	110	108	105	99	0	0	0.000	0.000	0	0.000	0.000	0	0	0	0	0	0	0	0	0.000	0.000	0	0.000	0.000	0	0	0	0	0	0	0	0	0	0
234	234	722	1127.453	1671.937	181	286	216	20	6	83	244	215	133	35	131.143	162	144	140	137	134	131	128	125	123	118	106	119.436	143	131	127	124	121	119	117	115	112	108	102	0	0	0.000	0.000	0	0.000	0.000	0	0	0	0	0	0	0	0	0.000	0.000	0	0.000	0.000	0	0	0	0	0	0	0	0	0	0
235	235	1218	88.576	1687.451	310	354	336	152	25	287	366	351	158	35	114.049	133	121	118	117	115	114	112	111	109	107	101	242.376	396	345	320	298	274	255	229	197	146	119	102	0	0	0.000	0.000	0	0.000	0.000	0	0	0	0	0	0	0	0	0.000	0.000	0	0.000	0.000	0	0	0	0	0	0	0	0	0	0
236	236	1806	1641.936	1688.629	318	530	527	310	89	252	586	547	331	56	342.061	6945	351	233	213	197	184	174	165	155	144	108	127.616	463	142	134	126	121	117	115	113	111	108	99	1	72	1650.100	1693.425	0	0.000	0.000	3213	0	0	261	0	0	1	69	1649.357	1693.351	0	0.000	0.000	3010	0	0	0	281	0	0	0	0	0
237	237	2627	146.876	1694.650	603	558	818	482	122	630	1227	552	161	15	136.479	862	145	141	138	135	132	129	126	122	117	104	165.141	340	195	185	178	172	167	161	153	144	131	106	1	28	162.243	1710.086	0	0.000	0.000	425	0	0	260	0	0	0	0	0.000	0.000	0	0.000	0.000	0	0	0	0	0	0	0	0	0	0
238	238	878	1700.627	1685.065	143	299	258	132	35	121	281	265	155	41	220.400	308	272	261	252	241	230	215	199	177	150	119	128.591	176	151	139	133	129	126	123	120	116	112	103	0	0	0.000	0.000	0	0.000	0.000	0	0	0	0	0	0	0	0	0.000	0.000	0	0.000	0.000	0	0	0	0	0	0	0	0	0	0
239	239	1736	475.475	1701.102	293	518	603	245	39	178	583	642	232	62	515.121	915	762	679	620	571	517	473	425	347	242	130	111.405	136	120	117	114	112	110	109	107	106	104	97	0	0	0.000	0.000	0	0.000	0.000	0	0	0	0	0	0	0	0	0.000	0.000	0	0.000	0.000	0	0	0	0	0	0	0	0	0	0
240	240	580	1600.574	1706.798	121	187	168	86	10	110	224	158	67	13	145.462	180	169	163	159	153	147	141	136	127	118	103	115.734	147	133	123	118	115	113	111	109	107	105	100	0	0	0.000	0.000	0	0.000	0.000	0	0	0	0	0	0	0	0	0.000	0.000	0	0.000	0.000	0	0	0	0	0	0	0	0	0	0
241	241	1577	1200.522	1714.227	179	345	544	370	97	159	498	622	209	51	139.556	173	155	151	147	144	141	138	134	129	121	104	186.930	254	226	218	211	202	191	180	168	155	139	110	0	0	0.000	0.000	0	0.000	0.000	0	0	0	0	0	0	0	0	0.000	0.000	0	0.000	0.000	0	0	0	0	0	0	0	0	0	0
242	242	1882	1147.965	1718.173	268	545	519	406	108	187	677	637	255	86	484.124	10128	623	241	177	157	147	140	134	128	120	101	200.802	1220	251	201	186	176	165	156	146	135	126	105	1	109	1148.611	1712.482	0	0.000	0.000	4391	0	0	680	0	0	1	108	1148.425	1711.715	0	0.000	0.000	3665	0	0	0	682	0	0	0	0	0
243	243	1750	251.212	1739.592	290	545	578	279	32	169	524	633	333	54	2012.388	20052	4229	1551	1145	982	872	782	684	565	401	148	251.374	2195	453	198	157	142	135	130	124	120	114	102	1	183	251.246	1741.235	0	0.000	0.000	10893	0	0	986	0	0	1	180	251.564	1741.251	0	0.000	0.000	10972	0	0	0	1001	0	0	0	0	0
244	244	1163	198.246	1737.786	222	342	320	166	89	164	405	390	150	36	114.752	129	121	119	117	116	115	114	112	111	108	101	422.961	711	620	568	517	463	408	374	332	295	232	142	0	0	0.000	0.000	0	0.000	0.000	0	0	0	0	0	0	0	0	0.000	0.000	0	0.000	0.000	0	0	0	0	0	0	0	0	0	0
245	245	1692	1140.681	1768.791	335	529	560	208	23	275	731	403	224	29	113.535	129	120	118	117	115	114	112	111	109	106	99	144.142	192	169	162	156	150	145	140	135	127	116	99	0	0	0.000	0.000	0	0.000	0.000	0	0	0	0	0	0	0	0	0.000	0.000	0	0.000	0.000	0	0	0	0	0	0	0	0	0	0
246	246	1981	1548.262	1776.099	448	651	615	206	30	359	722	624	228	16	113.640	129	120	118	116	115	114	112	111	109	107	99	140.162	180	163	157	151	145	139	134	129	125	118	101	0	0	0.000	0.000	0	0.000	0.000	0	0	0	0	0	0	0	0	0.000	0.000	0	0.000	0.000	0	0	0	0	0	0	0	0	0	0
247	247	2114	175.764	1781.103	325	698	719	307	31	223	813	718	267	60	346.391	7557	390	210	176	161	153	148	142	136	128	102	301.224	3292	356	257	241	233	226	218	209	194	171	117	1	91	171.924	1788.027	0	0.000	0.000	3282	0	0	1602	0	0	1	86	171.966	1787.600	0	0.000	0.000	3554	0	0	0	1650	0	0	0	0	0
248	248	1900	1200.180	1784.226	285	747	648	164	20	183	567	738	282	91	130.298	157	143	139	136	133	130	128	125	122	118	104	129.381	157	144	139	135	132	129	126	123	120	117	101	0	0	0.000	0.000	0	0.000	0.000	0	0	0	0	0	0	0	0	0.000	0.000	0	0.000	0.000	0	0	0	0	0	0	0	0	0	0
249	249	1373	239.311	1788.153	200	374	431	284	46	140	424	495	226	57	730.845	1231	1085	967	873	796	728	660	594	523	383	178	127.860	158	143	139	135	131	128	124	121	117	112	102	0	0	0.000	0.000	0	0.000	0.000	0	0	0	0	0	0	0	0	0.000	0.000	0	0.000	0.000	0	0	0	0	0	0	0	0	0	0
250	250	1547	1250.051	1788.410	356	504	435	182	45	260	647	394	174	38	118.964	143	125	123	122	120	119	118	116	115	112	102	196.999	266	238	229	220	211	200	190	179	167	148	111	0	0	0.000	0.000	0	0.000	0.000	0	0	0	0	0	0	0	0	0.000	0.000	0	0.000	0.000	0	0	0	0	0	0	0	0	0	0
251	251	1826	1776.687	1795.468	710	461	435	170	31	622	488	363	249	61	111.039	126	118	116	114	113	111	109	108	106	104	98	106.790	122	112	110	108	107	106	105	104	103	102	98	0	0	0.000	0.000	0	0.000	0.000	0	0	0	0	0	0	0	0	0.000	0.000	0	0.000	0.000	0	0	0	0	0	0	0	0	0	0
252	252	1500	1124.815	1815.771	338	735	356	37	11	116	745	411	177	19	108.297	122	113	111	110	109	108	107	106	105	104	98	128.150	160	145	139	135	131	127	124	121	118	112	101	0	0	0.000	0.000	0	0.000	0.000	0	0	0	0	0	0	0	0	0.000	0.000	0	0.000	0.000	0	0	0	0	0	0	0	0	0	0
253	253	2168	478.056	1825.106	333	754	690	313	32	333	817	673	285	30	1035.635	1790	1441	1347	1258	1183	1106	1008	867	714	503	168	105.346	120	109	108	107	106	105	104	104	103	102	96	0	0	0.000	0.000	0	0.000	0.000	0	0	0	0	0	0	0	0	0.000	0.000	0	0.000	0.000	0	0	0	0	0	0	0	0	0	0
254	254	1566	1223.237	1835.660	303	544	555	126	13	148	404	549	319	109	2480.627	3928	3518	3229	3024	2862	2630	2347	2061	1700	1214	394	110.720	127	117	115	113	112	110	109	108	107	105	98	0	0	0.000	0.000	0	0.000	0.000	0	0	0	0	0	0	0	0	0.000	0.000	0	0.000	0.000	0	0	0	0	0	0	0	0	0	0
255	255	615	1092.003	1842.276	113	200	212	65	8	71	166	170	147	48	107.102	117	111	110	109	108	107	106	105	104	103	98	123.639	150	141	136	133	129	125	120	114	109	105	98	0	0	0.000	0.000	0	0.000	0.000	0	0	0	0	0	0	0	0	0.000	0.000	0	0.000	0.000	0	0	0	0	0	0	0	0	0	0
256	256	2464	1755.968	1856.629	1171	788	384	71	11	1014	739	444	185	37	127.327	165	145	140	135	131	126	122	119	115	111	99	112.616	152	127	119	114	111	109	108	107	106	104	96	0	0	0.000	0.000	0	0.000	0.000	0	0	0	0	0	0	0	0	0.000	0.000	0	0.000	0.000	0	0	0	0	0	0	0	0	0	0
257	257	2046	532.942	1859.359	375	572	689	335	33	284	568	697	314	140	1088.540	1826	1530	1406	1304	1216	1137	1056	952	770	547	187	105.984	120	111	109	107	106	105	105	104	103	102	96	0	0	0.000	0.000	0	0.000	0.000	0	0	0	0	0	0	0	0	0.000	0.000	0	0.000	0.000	0	0	0	0	0	0	0	0	0	0
258	258	1397	1165.756	1854.095	308	463	442	141	15	168	422	466	228	85	324.516	478	421	399	381	357	337	312	286	255	203	121	129.495	156	142	139	136	133	130	127	123	120	115	103	0	0	0.000	0.000	0	0.000	0.000	0	0	0	0	0	0	0	0	0.000	0.000	0	0.000	0.000	0	0	0	0	0	0	0	0	0	0
259	259	2193	1828.660	1870.223	689	587	574	253	62	670	799	504	155	27	124.013	157	138	134	131	128	125	122	118	114	108	99	580.787	1006	899	822	740	647	587	528	450	357	233	110	0	0	0.000	0.000	0	0.000	0.000	0	0	0	0	0	0	0	0	0.000	0.000	0	0.000	0.000	0	0	0	0	0	0	0	0	0	0
260	260	1944	1581.236	1870.752	379	610	527	343	41	369	642	491	347	60	498.717	12322	592	248	189	164	150	142	134	127	117	102	136.582	906	149	123	119	117	115	113	111	110	107	99	1	94	1568.636	1870.101	0	0.000	0.000	5218	0	0	451	0	0	1	90	1568.583	1870.088	0	0.000	0.000	5467	0	0	0	459	0	0	0	0	0
261	261	503	1870.716	1860.213	202	94	112	79	13	203	133	116	36	6	115.040	133	122	119	118	117	115	114	112	110	108	102	287.469	376	340	328	313	301	289	278	267	256	232	160	0	0	0.000	0.000	0	0.000	0.000	0	0	0	0	0	0	0	0	0.000	0.000	0	0.000	0.000	0	0	0	0	0	0	0	0	0	0
262	262	1828	1204.248	1889.422	314	620	516	310	27	257	618	485	335	107	330.551	528	432	402	380	359	340	318	294	269	200	113	130.450	160	143	139	136	134	131	129	126	122	115	102	0	0	0.000	0.000	0	0.000	0.000	0	0	0	0	0	0	0	0	0.000	0.000	0	0.000	0.000	0	0	0	0	0	0	0	0	0	0
263	263	966	886.509	1882.278	422	279	137	88	27	275	295	227	107	39	113.176	131	119	117	115	114	113	112	111	109	108	99	186.902	264	229	219	211	204	195	184	171	149	127	106	0	0	0.000	0.000	0	0.000	0.000	0	0	0	0	0	0	0	0	0.000	0.000	0	0.000	0.000	0	0	0	0	0	0	0	0	0	0
264	264	1370	1537.358	1898.573	131	398	473	281	62	75	429	460	310	69	145.299	200	169	160	155	150	145	141	135	130	122	104	114.209	134	123	119	117	115	114	112	111	109	107	99	0	0	0.000	0.000	0	0.000	0.000	0	0	0	0	0	0	0	0	0.000	0.000	0	0.000	0.000	0	0	0	0	0	0	0	0	0	0
265	265	1084	91.139	1900.602	253	280	353	152	23	133	302	278	252	99	406.642	602	536	500	464	434	414	394	370	319	253	161	113.618	133	122	119	116	115	113	112	110	108	106	97	0	0	0.000	0.000	0	0.000	0.000	0	0	0	0	0	0	0	0	0.000	0.000	0	0.000	0.000	0	0	0	0	0	0	0	0	0	0
266	266	1964	225.773	1905.713	223	536	639	473	50	228	769	603	271	44	1017.714	8793	1402	1220	1078	973	858	771	695	602	436	144	126.961	529	136	131	127	124	121	118	115	111	106	94	1	55	216.729	1890.570	0	0.000	0.000	5397	0	0	261	0	0	1	69	216.229	1888.736	0	0.000	0.000	2027	0	0	0	329	0	0	0	0	0
267	267	1761	1152.553	1913.310	416	806	469	30	9	222	463	649	310	90	176.959	2592	180	149	143	138	134	130	127	123	116	103	151.357	640	170	161	155	150	145	139	135	130	123	100	1	52	1138.189	1916.912	0	0.000	0.000	1093	0	0	270	0	0	1	38	1136.414	1915.938	0	0.000	0.000	695	0	0	0	383	0	0	0	0	0
268	268	1162	1061.642	1911.378	220	447	336	127	13	161	459	331	160	29	469.098	737	661	612	568	524	484	437	391	339	256	126	114.484	135	121	119	117	116	114	113	112	110	108	100	0	0	0.000	0.000	0	0.000	0.000	0	0	0	0	0	0	0	0	0.000	0.000	0	0.000	0.000	0	0	0	0	0	0	0	0	0	0
269	269	1612	1682.594	1917.811	440	404	429	255	59	304	478	476	277	48	981.435	15672	1337	665	614	583	552	507	445	360	259	138	343.306	5304	458	235	212	197	185	174	163	150	132	102	1	84	1688.451	1924.039	0	0.000	0.000	6940	0	0	2515	0	0	1	86	1687.573	1923.791	0	0.000	0.000	6438	0	0	0	2464	0	0	0	0	0
270	270	1743	1461.278	1922.593	343	662	558	129	19	348	788	507	65	10	601.264	13755	709	239	168	146	138	132	128	123	117	103	192.068	1398	201	182	175	169	162	156	149	139	126	104	1	94	1466.223	1910.290	0	0.000	0.000	6232	0	0	650	0	0	1	80	1466.816	1910.418	0	0.000	0.000	7667	0	0	0	774	0	0	0	0	0
271	271	1193	1364.322	1916.870	243	430	383	105	13	146	405	326	198	102	1176.718	1805	1673	1584	1491	1371	1246	1089	924	753	577	253	109.779	129	117	114	112	110	109	108	107	105	104	97	0	0	0.000	0.000	0	0.000	0.000	0	0	0	0	0	0	0	0	0.000	0.000	0	0.000	0.000	0	0	0	0	0	0	0	0	0	0
272	272	722	1304.624	1922.528	149	297	195	60	9	121	238	216	96	34	116.003	133	123	121	119	117	116	114	113	111	109	101	107.036	120	112	110	109	108	107	106	105	104	103	94	0	0	0.000	0.000	0	0.000	0.000	0	0	0	0	0	0	0	0	0.000	0.000	0	0.000	0.000	0	0	0	0	0	0	0	0	0	0
273	273	1788	1566.184	1935.188	438	860	417	25	9	238	800	445	233	37	231.805	5861	246	163	144	134	129	126	123	119	114	101	127.556	524	136	130	127	124	122	120	117	114	111	101	1	46	1567.430	1938.439	0	0.000	0.000	2522	0	0	234	0	0	1	35	1567.669	1939.243	0	0.000	0.000	3004	0	0	0	328	0	0	0	0	0
274	274	1286	276.897	1927.106	221	432	361	215	29	179	630	342	99	7	776.674	1224	1050	964	892	846	803	764	707	621	462	145	118.604	143	128	125	123	121	119	117	115	112	107	98	0	0	0.000	0.000	0	0.000	0.000	0	0	0	0	0	0	0	0	0.000	0.000	0	0.000	0.000	0	0	0	0	0	0	0	0	0	0
275	275	2255	1765.551	1934.944	685	923	526	68	17	353	652	674	386	139	141.005	173	159	155	151	148	144	138	132	127	119	101	444.186	706	646	612	566	513	455	393	333	276	224	123	0	0	0.000	0.000	0	0.000	0.000	0	0	0	0	0	0	0	0	0.000	0.000	0	0.000	0.000	0	0	0	0	0	0	0	0	0	0
276	276	1711	1096.195	1944.601	468	628	483	91	8	352	666	421	211	36	1355.402	18602	2313	796	595	533	491	458	425	378	274	141	217.853	2312	310	160	135	128	124	121	118	115	111	103	1	145	1094.582	1950.293	0	0.000	0.000	9283	0	0	976	0	0	1	128	1094.869	1949.587	0	0.000	0.000	10597	0	0	0	1106	0	0	0	0	0
277	277	1032	765.439	1948.055	171	310	330	188	21	130	370	283	173	53	126.082	173	146	137	132	129	126	123	118	113	107	99	118.016	148	129	125	123	120	118	116	113	110	107	99	0	0	0.000	0.000	0	0.000	0.000	0	0	0	0	0	0	0	0	0.000	0.000	0	0.000	0.000	0	0	0	0	0	0	0	0	0	0
278	278	1903	1710.269	1953.381	347	617	586	255	54	291	720	540	290	26	926.111	16955	1462	375	219	178	161	152	143	134	123	103	514.946	3070	646	565	517	466	433	395	345	292	241	117	1	139	1714.239	1941.843	0	0.000	0.000	8771	0	0	1689	0	0	1	103	1714.087	1942.581	0	0.000	0.000	10932	0	0	0	2064	0	0	0	0	0
279	279	1767	722.899	1955.262	289	560	519	283	81	297	687	497	226	31	465.366	10197	638	238	183	169	155	144	135	127	118	103	144.192	754	164	141	133	127	123	119	116	112	108	97	1	92	729.071	1948.335	0	0.000	0.000	4398	0	0	348	0	0	1	101	728.838	1946.574	0	0.000	0.000	1364	0	0	0	419	0	0	0	0	0
280	280	2349	625.141	1956.487	533	1001	609	148	14	350	998	620	269	71	807.440	11488	960	848	747	675	618	557	498	432	256	105	136.825	850	147	133	128	124	122	118	115	112	109	97	1	72	609.122	1955.305	0	0.000	0.000	6009	0	0	268	0	0	1	89	610.813	1956.030	0	0.000	0.000	2803	0	0	0	431	0	0	0	0	0
281	281	1299	1894.362	1954.760	171	355	361	291	102	132	422	363	232	131	148.002	193	173	163	157	152	148	143	139	132	124	105	105.290	122	111	108	106	105	105	104	103	102	101	96	0	0	0.000	0.000	0	0.000	0.000	0	0	0	0	0	0	0	0	0.000	0.000	0	0.000	0.000	0	0	0	0	0	0	0	0	0	0
282	282	1221	1503.673	1955.681	395	362	357	80	12	266	366	318	222	24	128.572	549	141	135	130	127	125	122	119	115	110	100	146.244	221	168	161	156	152	147	144	139	130	119	102	1	29	1508.274	1951.081	0	0.000	0.000	253	0	0	179	0	0	0	0	0.000	0.000	0	0.000	0.000	0	0	0	0	0	0	0	0	0	0
283	283	1303	1328.381	1961.318	259	338	392	256	37	173	410	446	218	27	115.578	141	124	122	120	118	116	114	112	109	105	99	133.450	169	155	150	146	141	136	130	123	115	108	100	0	0	0.000	0.000	0	0.000	0.000	0	0	0	0	0	0	0	0	0.000	0.000	0	0.000	0.000	0	0	0	0	0	0	0	0	0	0
284	284	2629	828.308	1976.721	501	964	765	263	86	329	917	868	329	135	192.634	2515	222	204	191	180	171	162	153	144	132	103	176.037	846	215	197	185	175	166	159	153	143	131	104	1	33	836.833	1981.285	0	0.000	0.000	1262	0	0	458	0	0	1	35	837.812	1981.593	0	0.000	0.000	944	0	0	0	528	0	0	0	0	0
285	285	1813	1844.216	1970.135	447	765	483	78	13	243	847	479	206	16	154.176	200	175	169	165	161	158	153	146	137	127	102	107.364	128	115	112	109	107	106	105	104	103	102	96	0	0	0.000	0.000	0	0.000	0.000	0	0	0	0	0	0	0	0	0.000	0.000	0	0.000	0.000	0	0	0	0	0	0	0	0	0	0
286	286	1773	567.789	1971.762	378	703	514	120	27	251	520	588	275	102	575.090	898	766	723	689	649	615	577	540	440	276	122	120.914	150	134	129	126	123	121	118	116	113	109	99	0	0	0.000	0.000	0	0.000	0.000	0	0	0	0	0	0	0	0	0.000	0.000	0	0.000	0.000	0	0	0	0	0	0	0	0	0	0
287	287	583	1545.337	1977.778	126	177	183	70	15	81	178	165	113	35	115.774	134	124	122	120	118	116	115	113	110	106	99	115.041	131	122	120	118	117	116	114	112	110	107	97	0	0	0.000	0.000	0	0.000	0.000	0	0	0	0	0	0	0	0	0.000	0.000	0	0.000	0.000	0	0	0	0	0	0	0	0	0	0
