 	cell	area	x	y	BFI_lev_b1	BFI_lev_b2	BFI_lev_b3	BFI_lev_b4	BFI_lev_b5	BFO_lev_b1	BFO_lev_b2	BFO_lev_b3	BFO_lev_b4	BFO_lev_b5	GFP_int_mean	GFP_int_b0	GFP_int_b1	GFP_int_b2	GFP_int_b3	GFP_int_b4	GFP_int_b5	GFP_int_b6	GFP_int_b7	GFP_int_b8	GFP_int_b9	GFP_int_b10	RFP_int_mean	RFP_int_b0	RFP_int_b1	RFP_int_b2	RFP_int_b3	RFP_int_b4	RFP_int_b5	RFP_int_b6	RFP_int_b7	RFP_int_b8	RFP_int_b9	RFP_int_b10	inGFPnfoci	f1_inGFParea	f1_inGFPx	f1_inGFPy	f2_inGFParea	f2_inGFPx	f2_inGFPy	f1_inGFP_toGFPmed	f1_inGFP_toGFPmean	f2_inGFP_toGFPmed	f2_inGFP_toGFPmean	f1_inGFP_toRFPmed	f1_inGFP_toRFPmean	f2_inGFP_toRFPmed	f2_inGFP_toRFPmean	inRFPnfoci	f1_inRFParea	f1_inRFPx	f1_inRFPy	f2_inRFParea	f2_inRFPx	f2_inRFPy	f1_inRFP_toGFPmed	f1_inRFP_toGFPmean	f2_inRFP_toGFPmed	f2_inRFP_toGFPmean	f1_inRFP_toRFPmed	f1_inRFP_toRFPmean	f2_inRFP_toRFPmed	f2_inRFP_toRFPmean
1	1	1105	1166.739	77.453	645	301	88	38	21	699	291	69	23	9	122.870	147	133	130	128	126	123	121	119	116	111	101	472.586	700	612	578	553	532	503	475	445	371	262	123	0	0	0.000	0.000	0	0	0	0	0	0	0	0	0	0	0	0	0	0.000	0.000	0	0	0	0	0	0	0	0	0	0	0
2	2	959	1813.225	77.634	412	447	76	8	5	282	372	250	33	9	126.271	156	137	133	130	128	126	124	122	120	116	106	419.698	727	630	585	532	482	427	386	323	252	181	112	0	0	0.000	0.000	0	0	0	0	0	0	0	0	0	0	0	0	0	0.000	0.000	0	0	0	0	0	0	0	0	0	0	0
3	3	778	1851.816	82.419	77	229	213	169	78	75	264	277	131	19	875.256	1173	1082	1046	1017	984	942	882	808	683	544	298	105.910	119	110	109	107	106	106	105	104	103	102	97	0	0	0.000	0.000	0	0	0	0	0	0	0	0	0	0	0	0	0	0.000	0.000	0	0	0	0	0	0	0	0	0	0	0
4	4	1855	423.871	120.632	409	497	491	352	69	368	797	456	183	22	111.311	124	116	115	113	112	111	110	109	108	106	101	264.059	373	324	306	293	283	273	261	243	221	189	121	0	0	0.000	0.000	0	0	0	0	0	0	0	0	0	0	0	0	0	0.000	0.000	0	0	0	0	0	0	0	0	0	0	0
5	5	1970	1137.169	115.598	1329	393	157	53	16	1088	457	251	101	47	119.217	141	129	126	124	122	120	118	115	112	108	100	180.690	246	219	209	201	193	184	176	167	153	133	102	0	0	0.000	0.000	0	0	0	0	0	0	0	0	0	0	0	0	0	0.000	0.000	0	0	0	0	0	0	0	0	0	0	0
6	6	2792	1880.435	122.182	499	792	909	447	86	523	1204	787	221	17	960.160	1522	1344	1280	1196	1082	962	857	774	682	547	221	105.272	119	109	108	107	106	105	104	104	103	102	94	0	0	0.000	0.000	0	0	0	0	0	0	0	0	0	0	0	0	0	0.000	0.000	0	0	0	0	0	0	0	0	0	0	0
7	7	1996	1388.982	128.724	333	585	701	296	31	244	653	738	290	31	1882.616	14349	2425	2133	1931	1767	1602	1433	1293	1141	819	210	220.810	1662	259	219	205	194	184	175	166	155	134	104	1	71	1390.086	132.873	0	0	0	8677	0	0	0	916	0	0	0	1	81	1389.109	131.839	0	0	0	7957	0	0	0	904	0	0	0
8	8	1084	1529.677	125.371	406	370	161	112	20	383	377	147	110	39	976.944	1735	1371	1226	1134	1048	973	909	852	770	555	152	106.952	119	112	110	109	107	107	106	105	104	103	98	0	0	0.000	0.000	0	0	0	0	0	0	0	0	0	0	0	0	0	0.000	0.000	0	0	0	0	0	0	0	0	0	0	0
9	9	1316	1671.290	128.118	255	445	371	183	44	214	508	419	129	17	898.463	1436	1271	1196	1123	1023	915	806	699	615	505	172	130.603	161	147	143	139	135	131	126	122	119	114	104	0	0	0.000	0.000	0	0	0	0	0	0	0	0	0	0	0	0	0	0.000	0.000	0	0	0	0	0	0	0	0	0	0	0
10	10	1232	379.103	134.573	237	595	330	39	13	111	351	457	234	59	326.593	456	398	382	367	353	337	319	298	279	243	122	128.011	153	140	137	134	131	128	125	122	119	115	103	0	0	0.000	0.000	0	0	0	0	0	0	0	0	0	0	0	0	0	0.000	0.000	0	0	0	0	0	0	0	0	0	0	0
11	11	2640	1797.089	139.599	502	948	839	267	23	488	1070	734	287	19	2050.777	19704	2732	1984	1798	1675	1583	1433	1202	951	668	194	329.082	3063	451	305	276	255	241	222	199	175	151	110	1	132	1791.909	136.216	0	0	0	11143	0	0	0	1689	0	0	0	1	141	1791.537	136.068	0	0	0	10851	0	0	0	1618	0	0	0
12	12	1659	797.634	161.642	570	617	345	85	13	506	589	399	104	40	111.458	126	118	116	114	113	112	110	109	107	105	98	495.218	741	685	661	627	586	526	468	409	338	235	116	0	0	0.000	0.000	0	0	0	0	0	0	0	0	0	0	0	0	0	0.000	0.000	0	0	0	0	0	0	0	0	0	0	0
13	13	1187	1849.187	164.341	138	320	320	315	70	93	304	394	297	75	1524.443	2287	2063	1900	1789	1701	1601	1479	1325	1140	874	351	224.675	305	276	264	252	243	231	219	204	184	160	125	0	0	0.000	0.000	0	0	0	0	0	0	0	0	0	0	0	0	0	0.000	0.000	0	0	0	0	0	0	0	0	0	0	0
14	14	1880	1749.374	173.971	284	904	560	80	10	103	639	695	315	85	1324.369	2012	1818	1701	1577	1439	1304	1180	1086	1006	872	357	109.307	131	116	113	111	110	108	107	107	106	104	97	0	0	0.000	0.000	0	0	0	0	0	0	0	0	0	0	0	0	0	0.000	0.000	0	0	0	0	0	0	0	0	0	0	0
15	15	2482	1423.719	189.876	1900	263	214	70	27	1895	389	143	23	13	288.378	666	526	457	389	332	271	194	143	114	109	100	129.749	199	168	153	141	132	124	117	110	106	104	97	0	0	0.000	0.000	0	0	0	0	0	0	0	0	0	0	0	0	0	0.000	0.000	0	0	0	0	0	0	0	0	0	0	0
16	16	1800	372.643	185.659	369	744	528	110	9	248	665	561	249	51	406.803	2420	543	499	458	423	390	366	341	293	216	116	137.406	441	157	149	142	137	133	129	126	121	114	101	1	21	360.314	173.508	0	0	0	1631	0	0	0	263	0	0	0	1	38	361.379	172.509	0	0	0	963	0	0	0	287	0	0	0
17	17	1942	562.497	190.670	564	538	448	283	91	464	728	440	213	59	718.097	10874	993	651	517	439	391	355	317	277	234	118	420.695	6784	570	320	265	235	217	203	187	170	148	107	1	97	555.210	195.997	0	0	0	5021	0	0	0	3192	0	0	0	1	105	555.320	195.680	0	0	0	4611	0	0	0	3055	0	0	0
18	18	1612	1891.710	193.800	218	575	445	281	52	198	571	469	270	70	1179.073	1674	1495	1410	1340	1284	1211	1142	1058	960	829	257	106.632	118	111	109	108	107	106	106	105	104	103	97	0	0	0.000	0.000	0	0	0	0	0	0	0	0	0	0	0	0	0	0.000	0.000	0	0	0	0	0	0	0	0	0	0	0
19	19	1299	1589.000	188.231	199	369	394	251	68	199	492	425	146	23	1132.105	1766	1485	1367	1305	1249	1188	1126	1043	902	645	246	120.904	163	145	133	124	120	116	114	112	109	107	97	0	0	0.000	0.000	0	0	0	0	0	0	0	0	0	0	0	0	0	0.000	0.000	0	0	0	0	0	0	0	0	0	0	0
20	20	1706	641.711	192.535	182	469	541	414	61	130	598	542	331	71	379.562	8739	336	220	202	194	186	179	172	161	147	102	165.008	948	176	161	156	152	148	144	139	133	127	105	1	67	659.940	185.311	0	0	0	3728	0	0	0	482	0	0	0	1	58	658.905	185.978	0	0	0	3504	0	0	0	550	0	0	0
21	21	1535	1469.969	211.741	257	550	503	177	20	227	526	461	257	44	454.556	729	612	570	533	493	453	419	389	357	301	144	145.266	184	166	160	155	150	146	142	138	133	122	103	0	0	0.000	0.000	0	0	0	0	0	0	0	0	0	0	0	0	0	0.000	0.000	0	0	0	0	0	0	0	0	0	0	0
22	22	1373	1763.100	224.556	350	563	375	40	11	242	476	456	144	31	251.065	335	301	287	274	264	254	243	233	220	194	136	130.823	159	144	140	137	134	131	129	126	123	117	102	0	0	0.000	0.000	0	0	0	0	0	0	0	0	0	0	0	0	0	0.000	0.000	0	0	0	0	0	0	0	0	0	0	0
23	23	2078	321.371	229.868	421	711	619	261	29	322	829	636	241	13	603.469	1033	845	777	720	666	606	559	520	459	314	121	105.774	120	111	109	107	106	105	104	104	103	102	95	0	0	0.000	0.000	0	0	0	0	0	0	0	0	0	0	0	0	0	0.000	0.000	0	0	0	0	0	0	0	0	0	0	0
24	24	1472	1686.980	251.882	388	474	436	127	19	261	456	437	272	21	115.419	136	121	119	118	117	116	114	113	111	109	102	233.027	313	274	264	256	247	239	231	221	207	179	112	0	0	0.000	0.000	0	0	0	0	0	0	0	0	0	0	0	0	0	0.000	0.000	0	0	0	0	0	0	0	0	0	0	0
25	25	1708	877.446	256.468	204	512	577	288	88	110	491	607	396	72	110.940	123	115	114	113	112	111	110	109	108	106	100	153.804	200	173	168	164	160	156	151	146	140	131	106	0	0	0.000	0.000	0	0	0	0	0	0	0	0	0	0	0	0	0	0.000	0.000	0	0	0	0	0	0	0	0	0	0	0
26	26	1468	1016.258	255.669	695	405	231	97	23	765	363	205	91	22	1881.541	3185	2682	2457	2283	2132	1954	1774	1534	1282	973	229	117.049	137	125	122	121	119	117	116	114	112	108	100	0	0	0.000	0.000	0	0	0	0	0	0	0	0	0	0	0	0	0	0.000	0.000	0	0	0	0	0	0	0	0	0	0	0
27	27	1349	328.864	278.987	341	238	339	277	132	268	338	400	235	86	677.792	1045	904	848	815	774	721	660	596	504	368	151	105.443	121	111	108	107	106	105	104	103	102	101	97	0	0	0.000	0.000	0	0	0	0	0	0	0	0	0	0	0	0	0	0.000	0.000	0	0	0	0	0	0	0	0	0	0	0
28	28	1124	918.720	288.846	180	385	351	167	17	124	358	362	196	68	112.803	127	118	116	115	114	113	112	110	109	108	101	150.650	191	170	166	163	159	155	152	146	136	119	104	0	0	0.000	0.000	0	0	0	0	0	0	0	0	0	0	0	0	0	0.000	0.000	0	0	0	0	0	0	0	0	0	0	0
29	29	1294	1047.081	298.500	733	273	162	89	27	783	211	150	106	30	874.655	1556	1289	1127	1039	962	886	837	771	604	400	155	114.740	139	123	120	118	117	115	113	112	109	106	97	0	0	0.000	0.000	0	0	0	0	0	0	0	0	0	0	0	0	0	0.000	0.000	0	0	0	0	0	0	0	0	0	0	0
30	30	1297	1584.980	307.938	218	443	399	201	17	168	425	387	266	34	160.685	213	183	175	169	164	160	156	152	146	139	118	122.789	144	132	129	126	125	123	121	119	117	114	95	0	0	0.000	0.000	0	0	0	0	0	0	0	0	0	0	0	0	0	0.000	0.000	0	0	0	0	0	0	0	0	0	0	0
31	31	2015	1672.753	306.556	566	758	554	87	18	516	696	591	159	24	116.403	133	123	121	119	118	117	115	114	112	110	101	256.576	363	315	294	283	272	264	255	243	223	182	111	0	0	0.000	0.000	0	0	0	0	0	0	0	0	0	0	0	0	0	0.000	0.000	0	0	0	0	0	0	0	0	0	0	0
32	32	1775	1247.742	312.411	261	880	529	75	11	128	698	622	254	50	1063.227	16484	1338	656	595	546	514	482	452	410	326	145	173.269	1321	200	144	139	135	132	128	124	120	114	101	1	116	1236.017	312.536	0	0	0	7184	0	0	0	658	0	0	0	1	112	1236.412	312.540	0	0	0	7806	0	0	0	711	0	0	0
33	33	1698	452.404	324.442	288	556	568	222	34	181	537	606	268	80	201.931	270	243	234	222	213	206	198	185	172	151	107	169.559	225	204	194	187	181	173	164	155	143	130	104	0	0	0.000	0.000	0	0	0	0	0	0	0	0	0	0	0	0	0	0.000	0.000	0	0	0	0	0	0	0	0	0	0	0
34	34	2101	1525.060	336.757	603	827	488	120	25	473	911	513	146	31	199.635	4575	185	170	164	159	155	150	146	140	132	108	194.697	317	231	221	213	206	199	192	183	171	147	104	1	35	1524.759	352.004	0	0	0	1937	0	0	0	258	0	0	0	0	0	0.000	0.000	0	0	0	0	0	0	0	0	0	0	0
35	35	1781	593.722	344.993	798	772	121	41	20	727	842	128	30	18	1251.359	2324	1775	1554	1443	1332	1242	1165	1090	966	709	155	111.533	144	127	118	112	109	108	107	106	105	103	97	0	0	0.000	0.000	0	0	0	0	0	0	0	0	0	0	0	0	0	0.000	0.000	0	0	0	0	0	0	0	0	0	0	0
36	36	1916	1708.982	351.044	252	547	543	397	135	218	670	570	340	77	1331.061	22297	2492	593	334	252	221	204	189	174	157	114	194.160	1296	274	167	152	145	139	134	130	125	120	103	1	166	1705.057	354.073	0	0	0	10370	0	0	0	676	0	0	0	1	148	1704.908	353.922	0	0	0	11730	0	0	0	703	0	0	0
37	37	1433	1215.818	347.014	341	481	416	154	14	217	466	390	250	78	110.458	122	116	114	113	111	110	109	108	107	105	99	160.342	215	186	180	173	168	162	157	151	143	129	103	0	0	0.000	0.000	0	0	0	0	0	0	0	0	0	0	0	0	0	0.000	0.000	0	0	0	0	0	0	0	0	0	0	0
38	38	1139	1468.418	348.975	322	443	298	45	13	168	455	285	188	22	141.923	176	158	153	150	147	144	141	137	132	121	103	181.981	249	214	205	197	192	186	180	172	163	138	104	0	0	0.000	0.000	0	0	0	0	0	0	0	0	0	0	0	0	0	0.000	0.000	0	0	0	0	0	0	0	0	0	0	0
39	39	982	549.687	357.554	92	224	302	228	110	129	395	298	121	16	505.168	714	645	605	571	535	506	485	460	426	364	188	105.880	122	111	108	107	106	106	105	104	103	102	98	0	0	0.000	0.000	0	0	0	0	0	0	0	0	0	0	0	0	0	0.000	0.000	0	0	0	0	0	0	0	0	0	0	0
40	40	2753	1064.539	383.717	597	1070	865	148	26	462	1032	840	330	39	151.578	222	191	174	163	156	149	142	136	129	121	101	106.042	120	110	109	107	107	106	105	104	103	102	96	0	0	0.000	0.000	0	0	0	0	0	0	0	0	0	0	0	0	0	0.000	0.000	0	0	0	0	0	0	0	0	0	0	0
41	41	1938	1335.591	390.395	141	750	703	286	23	96	491	674	497	150	669.600	1238	892	810	754	703	660	622	572	522	471	196	121.090	146	131	127	124	122	120	118	117	115	112	101	0	0	0.000	0.000	0	0	0	0	0	0	0	0	0	0	0	0	0	0.000	0.000	0	0	0	0	0	0	0	0	0	0	0
42	42	1027	1566.671	377.072	267	372	324	34	12	137	353	346	155	20	141.629	187	159	154	151	147	143	139	134	128	121	103	167.772	224	203	194	186	177	169	161	152	142	130	111	0	0	0.000	0.000	0	0	0	0	0	0	0	0	0	0	0	0	0	0.000	0.000	0	0	0	0	0	0	0	0	0	0	0
43	43	2024	512.640	386.614	249	705	749	261	13	161	488	857	415	69	210.026	284	255	245	235	225	214	204	192	176	158	110	135.966	176	157	151	146	141	136	132	126	120	114	101	0	0	0.000	0.000	0	0	0	0	0	0	0	0	0	0	0	0	0	0.000	0.000	0	0	0	0	0	0	0	0	0	0	0
44	44	1896	1254.024	389.909	375	615	580	253	39	278	664	578	263	78	113.606	132	119	118	116	115	114	113	111	110	108	101	167.291	221	198	190	183	177	170	164	156	145	130	105	0	0	0.000	0.000	0	0	0	0	0	0	0	0	0	0	0	0	0	0.000	0.000	0	0	0	0	0	0	0	0	0	0	0
45	45	1763	1613.684	396.306	221	557	639	271	45	176	522	589	355	80	173.269	2429	189	169	159	152	146	141	136	132	126	106	172.999	332	217	202	189	179	169	161	153	146	132	107	1	30	1621.421	397.289	0	0	0	1083	0	0	0	268	0	0	0	0	0	0.000	0.000	0	0	0	0	0	0	0	0	0	0	0
46	46	1906	973.184	409.112	508	812	452	81	29	535	955	331	31	14	112.410	142	118	116	115	114	112	111	110	108	106	99	114.901	140	126	121	118	115	114	112	110	109	107	100	0	0	0.000	0.000	0	0	0	0	0	0	0	0	0	0	0	0	0	0.000	0.000	0	0	0	0	0	0	0	0	0	0	0
47	47	2354	716.008	411.785	350	765	714	417	80	243	858	689	424	95	1820.278	2979	2595	2441	2289	2075	1920	1748	1508	1291	811	206	135.544	187	159	150	144	140	135	131	126	120	111	99	0	0	0.000	0.000	0	0	0	0	0	0	0	0	0	0	0	0	0	0.000	0.000	0	0	0	0	0	0	0	0	0	0	0
48	48	1470	1808.104	410.094	391	658	373	18	10	225	630	458	111	12	108.735	121	113	112	111	110	109	108	107	106	104	99	152.993	198	177	169	163	158	153	148	143	138	129	109	0	0	0.000	0.000	0	0	0	0	0	0	0	0	0	0	0	0	0	0.000	0.000	0	0	0	0	0	0	0	0	0	0	0
49	49	1812	1906.377	434.210	335	708	620	105	14	284	802	563	116	9	2233.638	24668	6995	1401	617	418	334	284	254	224	189	124	348.914	2812	841	285	200	174	157	149	140	133	124	104	1	261	1903.776	428.932	0	0	0	11533	0	0	0	1287	0	0	0	1	244	1904.048	429.018	0	0	0	12403	0	0	0	1366	0	0	0
50	50	2015	512.474	437.260	507	669	627	165	21	421	662	585	277	24	1329.765	21458	2434	539	301	247	229	215	196	163	132	108	232.787	2233	367	174	156	144	136	130	122	115	107	100	1	187	506.722	430.738	0	0	0	9824	0	0	0	994	0	0	0	1	176	506.853	430.595	0	0	0	10903	0	0	0	1050	0	0	0
51	51	1326	930.480	446.706	309	382	393	209	13	224	414	359	238	65	112.790	130	119	117	115	114	113	111	110	108	106	101	112.992	140	124	118	115	113	111	110	108	107	105	94	0	0	0.000	0.000	0	0	0	0	0	0	0	0	0	0	0	0	0	0.000	0.000	0	0	0	0	0	0	0	0	0	0	0
52	52	1717	1568.716	455.550	286	511	571	265	58	217	568	578	280	46	1270.366	2034	1713	1613	1514	1438	1355	1243	1140	931	633	224	151.511	193	175	169	163	158	153	148	142	134	124	106	0	0	0.000	0.000	0	0	0	0	0	0	0	0	0	0	0	0	0	0.000	0.000	0	0	0	0	0	0	0	0	0	0	0
53	53	1074	1740.491	450.302	151	403	338	137	25	112	399	357	137	46	138.364	170	151	147	144	142	139	136	133	130	125	109	178.465	230	209	203	196	189	181	176	166	155	142	110	0	0	0.000	0.000	0	0	0	0	0	0	0	0	0	0	0	0	0	0.000	0.000	0	0	0	0	0	0	0	0	0	0	0
54	54	760	694.054	451.710	180	333	177	29	28	114	314	187	87	41	1706.433	2566	2311	2150	2016	1933	1825	1646	1463	1237	960	371	136.645	180	155	150	145	141	137	133	129	124	116	103	0	0	0.000	0.000	0	0	0	0	0	0	0	0	0	0	0	0	0	0.000	0.000	0	0	0	0	0	0	0	0	0	0	0
55	55	1027	1065.586	456.098	414	383	176	27	10	337	343	254	60	15	109.954	123	115	113	112	111	110	109	108	106	105	99	108.052	129	114	111	110	109	108	106	106	104	103	98	0	0	0.000	0.000	0	0	0	0	0	0	0	0	0	0	0	0	0	0.000	0.000	0	0	0	0	0	0	0	0	0	0	0
56	56	1682	652.461	463.900	490	586	405	127	47	342	636	442	186	50	119.389	146	130	126	123	120	118	117	115	113	111	101	430.175	726	614	568	522	482	436	396	353	299	232	111	0	0	0.000	0.000	0	0	0	0	0	0	0	0	0	0	0	0	0	0.000	0.000	0	0	0	0	0	0	0	0	0	0	0
57	57	2002	1480.729	484.607	394	618	546	341	72	357	692	534	329	61	110.629	124	115	114	112	111	111	110	109	108	106	100	125.082	150	135	132	129	128	126	124	121	118	113	101	0	0	0.000	0.000	0	0	0	0	0	0	0	0	0	0	0	0	0	0.000	0.000	0	0	0	0	0	0	0	0	0	0	0
58	58	1741	1836.920	484.099	328	659	517	170	36	243	636	586	202	40	145.449	196	168	160	154	151	146	141	136	131	123	100	191.810	275	239	227	216	204	193	182	172	161	141	103	0	0	0.000	0.000	0	0	0	0	0	0	0	0	0	0	0	0	0	0.000	0.000	0	0	0	0	0	0	0	0	0	0	0
59	59	1610	1908.543	493.875	370	543	466	181	22	283	470	502	259	66	275.484	388	348	333	317	302	287	271	249	223	182	107	159.424	205	187	182	175	168	161	154	146	138	128	108	0	0	0.000	0.000	0	0	0	0	0	0	0	0	0	0	0	0	0	0.000	0.000	0	0	0	0	0	0	0	0	0	0	0
60	60	2127	1537.594	504.416	455	770	621	211	35	403	830	585	268	8	2018.982	8683	2740	2609	2498	2350	2089	1790	1513	1237	958	294	187.149	742	232	218	206	193	180	168	157	146	133	106	1	15	1527.523	505.344	0	0	0	7235	0	0	0	596	0	0	0	1	37	1527.839	504.844	0	0	0	5482	0	0	0	499	0	0	0
61	61	1685	158.282	500.253	397	585	417	194	56	386	612	443	176	31	1263.242	1879	1606	1509	1431	1359	1295	1230	1146	1019	877	357	113.925	135	121	119	117	115	114	112	111	109	107	100	0	0	0.000	0.000	0	0	0	0	0	0	0	0	0	0	0	0	0	0.000	0.000	0	0	0	0	0	0	0	0	0	0	0
62	62	1297	203.324	526.851	238	430	465	120	14	175	451	485	150	11	121.544	142	128	126	125	123	122	120	119	117	114	105	184.271	251	225	215	206	196	188	180	171	156	131	101	0	0	0.000	0.000	0	0	0	0	0	0	0	0	0	0	0	0	0	0.000	0.000	0	0	0	0	0	0	0	0	0	0	0
63	63	1652	1831.846	544.017	275	537	494	281	37	179	499	512	313	121	192.554	273	237	221	212	204	197	188	177	165	140	106	126.961	156	140	136	133	130	128	125	122	118	113	100	0	0	0.000	0.000	0	0	0	0	0	0	0	0	0	0	0	0	0	0.000	0.000	0	0	0	0	0	0	0	0	0	0	0
64	64	1499	307.229	554.642	233	596	507	128	11	125	382	532	359	70	519.698	9145	563	325	284	268	257	243	231	217	192	126	141.278	722	149	135	130	126	124	122	119	117	113	102	1	80	294.440	544.781	0	0	0	4337	0	0	0	382	0	0	0	1	74	294.877	544.712	0	0	0	4445	0	0	0	403	0	0	0
65	65	1050	742.033	552.300	187	392	323	90	35	143	340	360	163	25	1189.793	1883	1635	1482	1368	1271	1179	1111	1041	951	737	269	158.717	209	187	179	171	164	158	152	147	140	132	107	0	0	0.000	0.000	0	0	0	0	0	0	0	0	0	0	0	0	0	0.000	0.000	0	0	0	0	0	0	0	0	0	0	0
66	66	713	1870.600	584.881	103	203	212	140	40	106	190	226	154	28	110.823	123	116	114	113	112	111	110	109	108	106	97	157.886	194	178	172	167	163	159	155	149	143	137	116	0	0	0.000	0.000	0	0	0	0	0	0	0	0	0	0	0	0	0	0.000	0.000	0	0	0	0	0	0	0	0	0	0	0
67	67	1898	1699.075	595.217	424	653	520	224	37	373	655	575	237	21	673.822	9973	858	770	699	626	546	478	424	375	277	143	149.223	1061	169	157	151	146	140	136	130	123	114	101	1	56	1689.941	579.399	0	0	0	5205	0	0	0	603	0	0	0	0	0	0.000	0.000	0	0	0	0	0	0	0	0	0	0	0
68	68	1369	730.305	596.609	531	411	318	67	15	423	506	293	109	13	124.612	165	135	131	129	127	124	122	120	118	114	104	264.389	410	355	334	317	299	279	261	235	185	136	108	0	0	0.000	0.000	0	0	0	0	0	0	0	0	0	0	0	0	0	0.000	0.000	0	0	0	0	0	0	0	0	0	0	0
69	69	1188	1908.354	601.644	179	406	346	208	26	205	392	342	187	36	191.479	271	233	218	209	202	196	188	178	167	145	105	145.455	187	170	161	156	151	147	143	138	131	116	101	0	0	0.000	0.000	0	0	0	0	0	0	0	0	0	0	0	0	0	0.000	0.000	0	0	0	0	0	0	0	0	0	0	0
70	70	1300	310.159	603.940	263	482	363	133	36	169	426	394	241	53	268.439	1924	315	284	265	253	244	235	225	212	171	118	123.259	228	134	130	126	124	122	120	118	115	111	98	1	37	321.820	611.371	0	0	0	966	0	0	0	165	0	0	0	1	16	322.292	610.547	0	0	0	1240	0	0	0	196	0	0	0
71	71	1960	184.380	615.491	504	765	575	79	12	350	644	605	291	51	123.755	145	133	130	128	126	124	122	120	117	113	104	151.488	201	176	170	165	162	158	152	143	129	115	99	0	0	0.000	0.000	0	0	0	0	0	0	0	0	0	0	0	0	0	0.000	0.000	0	0	0	0	0	0	0	0	0	0	0
72	72	1107	478.887	627.276	239	432	339	66	10	82	264	445	222	72	126.828	143	134	132	130	128	127	126	124	122	119	106	160.603	228	201	187	177	166	157	150	144	137	127	103	0	0	0.000	0.000	0	0	0	0	0	0	0	0	0	0	0	0	0	0.000	0.000	0	0	0	0	0	0	0	0	0	0	0
73	73	1863	1071.354	644.472	248	525	623	342	95	252	457	614	371	118	157.078	1906	167	155	148	143	139	135	131	127	120	105	199.242	302	263	244	229	213	199	183	169	157	138	103	1	31	1084.364	638.897	0	0	0	860	0	0	0	243	0	0	0	0	0	0.000	0.000	0	0	0	0	0	0	0	0	0	0	0
74	74	2188	764.132	651.268	176	649	965	284	53	120	581	918	456	70	119.441	141	128	125	123	121	120	118	116	114	111	102	145.475	186	167	161	156	151	146	141	136	130	123	106	0	0	0.000	0.000	0	0	0	0	0	0	0	0	0	0	0	0	0	0.000	0.000	0	0	0	0	0	0	0	0	0	0	0
75	75	1121	303.197	652.112	149	322	349	239	40	116	382	437	146	17	331.561	494	441	412	386	362	336	310	282	258	222	126	107.744	122	113	111	110	108	107	106	105	104	103	97	0	0	0.000	0.000	0	0	0	0	0	0	0	0	0	0	0	0	0	0.000	0.000	0	0	0	0	0	0	0	0	0	0	0
76	76	1415	1318.165	654.957	388	586	347	58	13	182	488	450	237	33	120.276	137	127	125	124	122	121	119	117	115	112	102	154.649	201	180	174	168	162	155	148	141	136	130	111	0	0	0.000	0.000	0	0	0	0	0	0	0	0	0	0	0	0	0	0.000	0.000	0	0	0	0	0	0	0	0	0	0	0
77	77	1803	1909.423	654.900	201	533	608	355	76	165	547	636	370	52	110.306	123	115	114	113	111	110	109	108	107	105	99	158.930	217	188	180	173	166	159	154	148	141	125	103	0	0	0.000	0.000	0	0	0	0	0	0	0	0	0	0	0	0	0	0.000	0.000	0	0	0	0	0	0	0	0	0	0	0
78	78	1243	1019.915	664.472	393	549	247	26	10	217	474	341	174	19	147.095	180	163	159	156	153	150	147	142	135	125	108	222.330	294	268	260	252	244	234	223	205	182	155	112	0	0	0.000	0.000	0	0	0	0	0	0	0	0	0	0	0	0	0	0.000	0.000	0	0	0	0	0	0	0	0	0	0	0
79	79	1719	1226.760	668.210	352	676	525	125	17	238	689	521	223	17	1018.713	1748	1404	1258	1200	1149	1059	973	894	779	550	137	174.964	231	202	196	191	186	181	173	164	151	137	104	0	0	0.000	0.000	0	0	0	0	0	0	0	0	0	0	0	0	0	0.000	0.000	0	0	0	0	0	0	0	0	0	0	0
80	80	1345	1170.350	688.767	185	395	419	258	57	151	341	404	305	114	767.286	1266	1043	955	898	855	797	721	649	559	452	241	152.071	201	181	175	168	161	155	147	140	130	116	100	0	0	0.000	0.000	0	0	0	0	0	0	0	0	0	0	0	0	0	0.000	0.000	0	0	0	0	0	0	0	0	0	0	0
81	81	2088	416.147	706.339	394	799	708	120	28	349	879	692	120	18	2093.828	3745	3082	2712	2454	2276	2095	1902	1691	1460	1171	333	108.111	123	113	111	110	109	108	107	106	105	104	96	0	0	0.000	0.000	0	0	0	0	0	0	0	0	0	0	0	0	0	0.000	0.000	0	0	0	0	0	0	0	0	0	0	0
82	82	555	1854.286	694.250	144	199	139	48	13	120	235	100	75	14	115.941	127	122	120	118	117	116	115	113	112	111	104	112.465	122	117	116	115	113	112	112	111	109	108	102	0	0	0.000	0.000	0	0	0	0	0	0	0	0	0	0	0	0	0	0.000	0.000	0	0	0	0	0	0	0	0	0	0	0
83	83	2041	316.298	701.586	297	849	683	161	21	159	630	784	367	60	638.320	1202	813	758	718	687	654	613	567	512	443	214	164.541	232	194	183	175	170	164	159	153	147	138	111	0	0	0.000	0.000	0	0	0	0	0	0	0	0	0	0	0	0	0	0.000	0.000	0	0	0	0	0	0	0	0	0	0	0
84	84	1329	756.318	706.978	323	545	381	50	9	197	338	430	280	49	121.320	140	129	127	125	123	122	120	118	116	113	103	142.920	178	161	156	152	148	145	141	137	131	121	102	0	0	0.000	0.000	0	0	0	0	0	0	0	0	0	0	0	0	0	0.000	0.000	0	0	0	0	0	0	0	0	0	0	0
85	85	1990	1701.651	730.097	530	821	452	121	27	411	826	532	174	11	763.783	13311	962	356	275	253	240	229	216	194	163	111	333.977	2365	406	315	302	287	271	253	230	206	165	112	1	142	1706.875	727.043	0	0	0	6517	0	0	0	1237	0	0	0	1	121	1707.230	726.811	0	0	0	7328	0	0	0	1323	0	0	0
86	86	946	1752.340	730.708	146	298	298	138	51	152	346	283	131	16	168.207	212	194	187	181	176	170	164	158	151	141	106	192.704	260	232	222	213	204	196	188	178	165	147	120	0	0	0.000	0.000	0	0	0	0	0	0	0	0	0	0	0	0	0	0.000	0.000	0	0	0	0	0	0	0	0	0	0	0
87	87	625	1309.419	724.377	340	187	73	11	6	381	159	54	13	7	530.739	818	677	632	603	574	540	514	486	453	355	186	161.435	212	186	179	173	169	165	160	155	146	128	106	0	0	0.000	0.000	0	0	0	0	0	0	0	0	0	0	0	0	0	0.000	0.000	0	0	0	0	0	0	0	0	0	0	0
88	88	905	719.575	732.330	193	410	224	48	10	96	253	328	186	28	1406.203	2006	1870	1752	1649	1561	1451	1338	1222	1095	928	295	143.188	173	160	155	151	147	144	140	137	132	126	108	0	0	0.000	0.000	0	0	0	0	0	0	0	0	0	0	0	0	0	0.000	0.000	0	0	0	0	0	0	0	0	0	0	0
89	89	2175	1171.154	742.935	524	892	559	146	12	416	983	561	161	5	1168.241	14271	1402	1120	1000	926	855	785	703	629	466	122	199.549	1813	223	182	172	166	160	154	147	138	124	101	1	87	1179.754	738.997	0	0	0	7197	0	0	0	903	0	0	0	1	94	1179.314	737.259	0	0	0	3962	0	0	0	903	0	0	0
90	90	1753	1589.513	762.468	432	889	322	64	12	302	797	455	136	31	126.678	151	138	134	132	129	127	125	123	119	114	101	108.302	129	115	112	110	109	107	106	105	104	103	96	0	0	0.000	0.000	0	0	0	0	0	0	0	0	0	0	0	0	0	0.000	0.000	0	0	0	0	0	0	0	0	0	0	0
91	91	958	1843.131	767.071	214	249	298	145	38	149	235	319	204	35	602.849	865	790	746	709	670	619	580	538	487	392	123	154.693	195	179	173	168	163	157	151	145	139	127	102	0	0	0.000	0.000	0	0	0	0	0	0	0	0	0	0	0	0	0	0.000	0.000	0	0	0	0	0	0	0	0	0	0	0
92	92	1611	1798.699	772.484	368	754	393	53	12	301	680	466	120	12	117.929	133	125	123	121	120	118	117	116	113	110	99	112.762	131	121	118	116	114	112	111	109	108	106	95	0	0	0.000	0.000	0	0	0	0	0	0	0	0	0	0	0	0	0	0.000	0.000	0	0	0	0	0	0	0	0	0	0	0
93	93	2958	727.969	785.961	635	1026	1040	180	15	395	566	1164	566	217	2009.780	19885	2507	2281	2087	1865	1654	1442	1230	1023	831	231	182.304	1318	197	182	172	164	155	147	139	131	123	105	1	98	714.324	790.629	0	0	0	12139	0	0	0	854	0	0	0	1	122	714.046	790.673	0	0	0	10311	0	0	0	716	0	0	0
94	94	2418	981.040	798.876	616	780	763	193	31	469	656	753	414	92	117.365	137	125	123	121	119	118	116	114	112	109	101	177.595	236	208	200	195	188	182	176	168	155	136	104	0	0	0.000	0.000	0	0	0	0	0	0	0	0	0	0	0	0	0	0.000	0.000	0	0	0	0	0	0	0	0	0	0	0
95	95	1239	557.261	802.816	216	322	447	197	40	143	332	407	255	77	1873.814	3148	2819	2555	2336	2106	1914	1707	1471	1223	888	239	135.260	176	156	149	145	140	135	130	125	120	115	104	0	0	0.000	0.000	0	0	0	0	0	0	0	0	0	0	0	0	0	0.000	0.000	0	0	0	0	0	0	0	0	0	0	0
96	96	1352	1553.248	823.288	247	601	437	31	9	125	426	496	238	39	935.840	1450	1297	1214	1130	1045	963	878	782	670	552	180	112.786	130	120	118	116	114	113	111	109	108	106	100	0	0	0.000	0.000	0	0	0	0	0	0	0	0	0	0	0	0	0	0.000	0.000	0	0	0	0	0	0	0	0	0	0	0
97	97	1630	1858.568	817.472	204	365	518	389	125	186	422	564	354	71	393.942	5810	430	352	329	304	281	263	244	227	200	127	153.047	970	162	148	143	138	134	130	127	122	118	105	1	57	1850.811	806.560	0	0	0	2566	0	0	0	541	0	0	0	1	58	1850.438	806.648	0	0	0	2566	0	0	0	541	0	0	0
98	98	766	458.238	824.996	409	129	99	78	44	386	122	106	113	31	133.477	260	146	141	137	134	131	128	125	122	119	102	111.151	132	121	119	116	113	110	107	106	104	103	93	0	0	0.000	0.000	0	0	0	0	0	0	0	0	0	0	0	0	0	0.000	0.000	0	0	0	0	0	0	0	0	0	0	0
99	99	532	1816.906	826.860	150	136	143	72	24	132	113	148	92	40	190.197	265	226	212	204	199	194	189	182	167	146	116	118.769	136	126	124	122	121	119	117	116	114	111	101	0	0	0.000	0.000	0	0	0	0	0	0	0	0	0	0	0	0	0	0.000	0.000	0	0	0	0	0	0	0	0	0	0	0
100	100	1631	534.283	845.348	152	528	585	285	50	129	567	558	293	47	988.787	1644	1361	1253	1166	1055	948	878	812	758	661	322	107.053	120	112	110	109	108	107	106	105	104	103	98	0	0	0.000	0.000	0	0	0	0	0	0	0	0	0	0	0	0	0	0.000	0.000	0	0	0	0	0	0	0	0	0	0	0
101	101	1644	590.560	847.313	458	639	407	89	25	426	695	368	97	19	979.557	1592	1315	1227	1146	1075	1002	935	865	763	581	193	109.056	130	117	113	111	109	108	107	106	105	104	98	0	0	0.000	0.000	0	0	0	0	0	0	0	0	0	0	0	0	0	0.000	0.000	0	0	0	0	0	0	0	0	0	0	0
102	102	1320	785.296	846.106	169	399	421	251	56	110	380	497	239	67	2018.271	3267	2779	2597	2432	2237	2043	1820	1670	1514	1205	449	110.139	127	116	114	112	111	110	109	107	106	105	99	0	0	0.000	0.000	0	0	0	0	0	0	0	0	0	0	0	0	0	0.000	0.000	0	0	0	0	0	0	0	0	0	0	0
103	103	2778	1679.071	854.365	598	988	826	278	43	447	838	978	381	68	118.760	139	127	125	123	121	119	117	115	113	110	100	402.462	682	584	542	497	444	394	354	311	268	229	137	0	0	0.000	0.000	0	0	0	0	0	0	0	0	0	0	0	0	0	0.000	0.000	0	0	0	0	0	0	0	0	0	0	0
104	104	1679	461.794	862.658	485	695	372	75	18	387	713	404	114	37	575.445	1001	801	727	682	646	600	540	476	418	304	149	106.413	122	111	109	108	107	106	105	105	104	103	97	0	0	0.000	0.000	0	0	0	0	0	0	0	0	0	0	0	0	0	0.000	0.000	0	0	0	0	0	0	0	0	0	0	0
105	105	1660	1899.978	870.157	321	829	433	41	9	195	664	503	238	24	1070.705	1658	1425	1332	1250	1166	1087	986	908	817	710	167	136.886	170	155	149	145	140	136	132	129	126	121	107	0	0	0.000	0.000	0	0	0	0	0	0	0	0	0	0	0	0	0	0.000	0.000	0	0	0	0	0	0	0	0	0	0	0
106	106	3159	831.043	884.353	632	1298	987	166	22	404	891	1176	559	74	725.805	15964	671	345	305	285	270	255	244	226	198	128	452.203	2099	560	511	475	454	430	406	367	319	265	129	1	157	816.917	888.823	0	0	0	8048	0	0	0	1255	0	0	0	1	91	816.943	887.854	0	0	0	11444	0	0	0	1597	0	0	0
107	107	1879	1432.459	879.311	521	762	438	84	29	501	678	527	103	30	133.440	191	156	145	140	136	132	128	123	118	113	101	121.848	174	144	132	126	122	119	115	112	110	107	99	0	0	0.000	0.000	0	0	0	0	0	0	0	0	0	0	0	0	0	0.000	0.000	0	0	0	0	0	0	0	0	0	0	0
108	108	2331	1823.893	888.350	542	775	626	310	40	396	811	642	383	62	255.026	846	300	290	280	273	263	250	233	213	177	118	134.988	253	150	145	142	139	136	132	128	124	117	101	1	10	1844.227	887.823	0	0	0	725	0	0	0	210	0	0	0	0	0	0.000	0.000	0	0	0	0	0	0	0	0	0	0	0
109	109	1954	758.179	890.987	599	648	549	108	14	423	637	502	295	64	1875.745	4033	3219	2640	2235	1960	1743	1580	1407	1155	782	228	112.203	135	121	117	115	113	111	110	108	107	105	99	0	0	0.000	0.000	0	0	0	0	0	0	0	0	0	0	0	0	0	0.000	0.000	0	0	0	0	0	0	0	0	0	0	0
110	110	1349	497.888	896.104	231	454	430	186	30	224	622	328	131	19	236.123	3431	269	210	197	189	184	178	172	163	148	120	155.848	460	178	168	162	157	153	148	144	137	125	101	1	31	499.593	898.287	0	0	0	1705	0	0	0	317	0	0	0	1	25	499.805	897.409	0	0	0	1705	0	0	0	328	0	0	0
111	111	1916	357.394	912.220	297	715	564	252	46	260	782	569	238	36	161.257	660	202	162	154	148	145	141	137	133	127	110	157.742	237	189	180	172	163	157	150	143	136	129	105	1	28	363.265	902.139	0	0	0	354	0	0	0	193	0	0	0	0	0	0.000	0.000	0	0	0	0	0	0	0	0	0	0	0
112	112	1496	446.987	911.809	180	410	550	283	43	143	341	481	385	122	476.079	699	601	554	525	501	477	453	429	397	357	214	106.252	121	110	109	107	107	106	105	104	104	103	95	0	0	0.000	0.000	0	0	0	0	0	0	0	0	0	0	0	0	0	0.000	0.000	0	0	0	0	0	0	0	0	0	0	0
113	113	2549	1874.896	914.219	275	771	952	437	70	248	789	883	457	131	1547.466	23965	2627	651	422	368	344	322	291	259	226	131	326.197	3950	499	208	169	159	152	146	140	133	125	104	1	233	1872.780	908.247	0	0	0	11787	0	0	0	1739	0	0	0	1	216	1872.954	908.139	0	0	0	12943	0	0	0	1863	0	0	0
114	114	1888	1301.392	930.942	238	465	614	434	98	217	589	590	377	79	866.608	1398	1207	1126	1016	922	853	793	747	665	517	177	125.320	165	141	135	131	127	124	121	119	116	112	103	0	0	0.000	0.000	0	0	0	0	0	0	0	0	0	0	0	0	0	0.000	0.000	0	0	0	0	0	0	0	0	0	0	0
115	115	2989	879.370	947.929	725	1464	738	19	5	534	870	1036	474	33	274.312	452	359	319	301	287	276	264	248	227	193	114	416.329	712	558	499	469	443	420	401	374	331	262	127	0	0	0.000	0.000	0	0	0	0	0	0	0	0	0	0	0	0	0	0.000	0.000	0	0	0	0	0	0	0	0	0	0	0
116	116	1833	1425.144	938.103	271	721	615	187	18	278	634	538	293	61	139.334	194	164	154	146	140	136	132	128	125	120	105	165.833	261	212	195	181	169	160	153	147	139	129	106	0	0	0.000	0.000	0	0	0	0	0	0	0	0	0	0	0	0	0	0.000	0.000	0	0	0	0	0	0	0	0	0	0	0
117	117	1624	488.864	942.484	174	317	697	331	69	137	448	671	283	50	547.840	11452	732	283	228	212	200	189	177	168	157	119	191.526	1120	215	187	179	171	164	157	151	144	136	110	1	86	482.751	931.622	0	0	0	5028	0	0	0	628	0	0	0	1	74	482.994	930.880	0	0	0	5658	0	0	0	650	0	0	0
118	118	785	1550.889	958.652	203	333	191	35	9	105	257	243	116	57	113.004	125	118	116	115	114	113	112	111	110	108	101	105.169	114	109	107	106	106	105	104	104	103	102	98	0	0	0.000	0.000	0	0	0	0	0	0	0	0	0	0	0	0	0	0.000	0.000	0	0	0	0	0	0	0	0	0	0	0
119	119	775	444.423	958.178	120	232	279	106	28	117	328	212	91	19	494.142	686	620	587	554	527	492	463	437	411	377	190	106.515	117	110	109	108	107	106	106	105	104	103	99	0	0	0.000	0.000	0	0	0	0	0	0	0	0	0	0	0	0	0	0.000	0.000	0	0	0	0	0	0	0	0	0	0	0
120	120	1697	617.359	968.305	323	809	477	44	12	236	772	515	136	9	121.840	144	130	127	125	123	121	120	119	117	114	103	189.128	253	222	210	202	196	190	185	178	171	155	109	0	0	0.000	0.000	0	0	0	0	0	0	0	0	0	0	0	0	0	0.000	0.000	0	0	0	0	0	0	0	0	0	0	0
121	121	1216	1385.249	969.339	190	317	407	212	59	204	476	353	154	19	129.030	155	142	138	134	132	129	127	124	120	115	105	143.859	188	166	159	153	148	144	140	136	130	120	105	0	0	0.000	0.000	0	0	0	0	0	0	0	0	0	0	0	0	0	0.000	0.000	0	0	0	0	0	0	0	0	0	0	0
122	122	712	358.316	958.088	122	248	235	76	15	79	255	207	111	43	133.907	157	147	144	142	139	136	133	129	123	115	102	153.299	200	180	173	168	162	158	152	144	132	116	100	0	0	0.000	0.000	0	0	0	0	0	0	0	0	0	0	0	0	0	0.000	0.000	0	0	0	0	0	0	0	0	0	0	0
123	123	1307	526.998	980.204	652	523	77	25	13	771	457	35	15	6	239.172	348	302	275	257	244	236	227	217	207	192	108	107.005	119	113	110	108	107	106	105	105	104	103	97	0	0	0.000	0.000	0	0	0	0	0	0	0	0	0	0	0	0	0	0.000	0.000	0	0	0	0	0	0	0	0	0	0	0
124	124	976	136.400	982.263	127	233	303	222	71	99	226	339	230	73	274.741	440	355	333	320	308	290	268	245	212	163	111	128.462	152	140	137	135	133	130	127	124	120	114	103	0	0	0.000	0.000	0	0	0	0	0	0	0	0	0	0	0	0	0	0.000	0.000	0	0	0	0	0	0	0	0	0	0	0
125	125	1874	1315.815	989.331	225	662	640	268	47	220	718	575	282	40	938.768	1415	1230	1146	1089	1038	965	891	822	742	598	218	125.415	165	140	134	130	127	124	122	119	116	113	103	0	0	0.000	0.000	0	0	0	0	0	0	0	0	0	0	0	0	0	0.000	0.000	0	0	0	0	0	0	0	0	0	0	0
126	126	2371	410.670	994.217	374	908	829	194	27	258	836	797	382	54	1111.690	12592	1317	1086	1002	936	881	816	748	668	525	169	200.480	1803	221	188	177	169	163	158	151	143	130	104	1	82	410.010	991.063	0	0	0	6812	0	0	0	1010	0	0	0	1	92	409.724	990.697	0	0	0	6458	0	0	0	917	0	0	0
127	127	1544	475.581	993.346	406	682	367	44	21	515	752	206	23	13	372.302	533	487	467	445	420	391	356	317	276	227	141	112.538	151	126	119	114	111	109	108	107	105	104	98	0	0	0.000	0.000	0	0	0	0	0	0	0	0	0	0	0	0	0	0.000	0.000	0	0	0	0	0	0	0	0	0	0	0
128	128	2911	1662.562	1015.605	2730	100	38	22	14	2697	133	38	24	16	664.621	2495	1305	1118	985	842	695	303	151	119	113	101	107.364	123	113	111	109	108	107	106	105	104	103	95	0	0	0.000	0.000	0	0	0	0	0	0	0	0	0	0	0	0	0	0.000	0.000	0	0	0	0	0	0	0	0	0	0	0
129	129	1355	1927.399	1008.327	173	437	438	199	90	127	519	414	201	70	460.267	661	578	541	515	488	460	436	416	389	344	167	106.826	118	111	109	108	107	106	106	105	104	103	96	0	0	0.000	0.000	0	0	0	0	0	0	0	0	0	0	0	0	0	0.000	0.000	0	0	0	0	0	0	0	0	0	0	0
130	130	1162	647.890	1008.640	308	472	323	30	8	211	439	266	201	22	116.203	130	122	120	119	117	116	115	114	113	110	101	178.296	239	214	205	198	189	181	172	163	152	137	109	0	0	0.000	0.000	0	0	0	0	0	0	0	0	0	0	0	0	0	0.000	0.000	0	0	0	0	0	0	0	0	0	0	0
131	131	1116	598.416	1015.048	261	512	291	16	6	195	489	282	110	10	1023.935	1672	1449	1330	1239	1141	1032	931	830	722	584	265	156.023	203	182	175	169	163	157	151	144	137	128	108	0	0	0.000	0.000	0	0	0	0	0	0	0	0	0	0	0	0	0	0.000	0.000	0	0	0	0	0	0	0	0	0	0	0
132	132	2000	356.146	1029.197	411	554	690	289	21	352	498	624	390	102	1102.024	1950	1626	1473	1376	1279	1173	1065	921	700	393	118	117.066	148	130	124	121	118	116	114	112	109	107	97	0	0	0.000	0.000	0	0	0	0	0	0	0	0	0	0	0	0	0	0.000	0.000	0	0	0	0	0	0	0	0	0	0	0
133	133	1632	518.851	1032.301	981	519	94	14	7	990	523	73	13	9	401.779	638	529	485	458	437	414	385	356	326	258	109	107.700	123	114	111	109	108	107	106	105	104	103	98	0	0	0.000	0.000	0	0	0	0	0	0	0	0	0	0	0	0	0	0.000	0.000	0	0	0	0	0	0	0	0	0	0	0
134	134	2113	1112.027	1036.924	498	530	591	399	48	394	626	508	409	135	114.487	133	122	119	118	116	115	113	111	109	107	100	253.287	378	334	313	297	282	262	237	217	190	156	115	0	0	0.000	0.000	0	0	0	0	0	0	0	0	0	0	0	0	0	0.000	0.000	0	0	0	0	0	0	0	0	0	0	0
135	135	1938	448.376	1038.816	369	730	659	136	14	291	658	669	264	27	1031.829	10446	1125	1029	961	906	857	803	753	686	534	176	186.055	1402	191	176	171	166	162	157	152	144	131	104	1	56	453.146	1049.663	0	0	0	6516	0	0	0	887	0	0	0	1	64	452.713	1049.846	0	0	0	5566	0	0	0	791	0	0	0
136	136	1365	1295.925	1034.818	271	543	400	115	9	212	591	373	152	8	901.261	1298	1184	1120	1056	988	924	860	799	721	569	258	125.334	167	140	134	130	127	125	122	119	116	111	101	0	0	0.000	0.000	0	0	0	0	0	0	0	0	0	0	0	0	0	0.000	0.000	0	0	0	0	0	0	0	0	0	0	0
137	137	1854	1765.106	1043.278	461	642	520	181	28	417	612	478	269	40	122.196	142	130	127	125	124	122	121	120	117	114	102	138.065	177	155	149	145	142	139	135	132	127	120	102	0	0	0.000	0.000	0	0	0	0	0	0	0	0	0	0	0	0	0	0.000	0.000	0	0	0	0	0	0	0	0	0	0	0
138	138	1377	202.262	1049.868	283	452	426	160	32	248	450	395	227	33	513.250	780	686	649	606	564	530	496	441	383	314	147	106.468	123	112	109	108	107	106	105	104	103	102	98	0	0	0.000	0.000	0	0	0	0	0	0	0	0	0	0	0	0	0	0.000	0.000	0	0	0	0	0	0	0	0	0	0	0
139	139	1409	614.797	1061.764	203	417	498	242	27	137	418	445	299	88	1066.727	1631	1407	1329	1252	1183	1111	1029	931	856	643	248	154.038	197	180	172	165	159	153	148	143	137	130	105	0	0	0.000	0.000	0	0	0	0	0	0	0	0	0	0	0	0	0	0.000	0.000	0	0	0	0	0	0	0	0	0	0	0
140	140	1316	1063.692	1065.339	215	425	394	230	26	145	486	377	259	28	279.622	375	333	321	311	299	288	273	257	239	216	137	140.665	177	158	153	149	145	141	137	133	128	122	106	0	0	0.000	0.000	0	0	0	0	0	0	0	0	0	0	0	0	0	0.000	0.000	0	0	0	0	0	0	0	0	0	0	0
141	141	1640	1712.056	1076.141	501	566	428	107	14	418	610	373	185	25	123.979	141	132	130	128	126	125	123	121	118	114	103	106.364	119	111	109	108	107	106	105	104	104	102	98	0	0	0.000	0.000	0	0	0	0	0	0	0	0	0	0	0	0	0	0.000	0.000	0	0	0	0	0	0	0	0	0	0	0
142	142	1002	244.141	1067.172	207	259	260	210	49	168	273	293	233	19	399.585	648	532	495	468	436	401	365	336	309	265	128	105.680	119	111	108	107	106	105	104	104	103	102	96	0	0	0.000	0.000	0	0	0	0	0	0	0	0	0	0	0	0	0	0.000	0.000	0	0	0	0	0	0	0	0	0	0	0
143	143	1317	476.367	1078.764	210	533	443	90	21	177	527	362	200	25	791.064	1144	986	934	894	857	816	768	723	683	558	228	157.661	191	175	170	167	164	161	157	151	146	136	108	0	0	0.000	0.000	0	0	0	0	0	0	0	0	0	0	0	0	0	0.000	0.000	0	0	0	0	0	0	0	0	0	0	0
144	144	1444	1371.355	1080.991	317	435	426	196	44	220	610	384	165	38	111.546	125	117	115	114	113	111	110	109	108	107	101	106.839	118	111	109	108	107	107	106	105	104	103	98	0	0	0.000	0.000	0	0	0	0	0	0	0	0	0	0	0	0	0	0.000	0.000	0	0	0	0	0	0	0	0	0	0	0
145	145	1386	1139.032	1084.400	397	492	379	96	9	234	457	382	232	56	115.392	132	123	120	118	117	115	114	112	111	108	98	230.172	314	282	271	263	252	242	232	214	186	151	107	0	0	0.000	0.000	0	0	0	0	0	0	0	0	0	0	0	0	0	0.000	0.000	0	0	0	0	0	0	0	0	0	0	0
146	146	2482	1424.621	1099.523	505	748	738	361	89	462	753	739	424	59	111.892	126	117	115	114	113	112	111	110	108	107	100	107.870	124	112	111	109	108	108	107	106	105	104	98	0	0	0.000	0.000	0	0	0	0	0	0	0	0	0	0	0	0	0	0.000	0.000	0	0	0	0	0	0	0	0	0	0	0
147	147	728	217.667	1097.040	85	194	216	175	47	61	200	193	190	74	139.984	172	155	150	147	144	141	139	134	129	123	108	133.515	158	146	142	140	138	135	132	128	124	119	105	0	0	0.000	0.000	0	0	0	0	0	0	0	0	0	0	0	0	0	0.000	0.000	0	0	0	0	0	0	0	0	0	0	0
148	148	1273	1468.358	1134.976	277	355	350	214	56	230	351	331	245	90	115.053	138	124	121	118	116	115	113	111	109	107	101	110.936	128	120	117	114	111	110	108	107	106	104	99	0	0	0.000	0.000	0	0	0	0	0	0	0	0	0	0	0	0	0	0.000	0.000	0	0	0	0	0	0	0	0	0	0	0
149	149	1588	1292.975	1136.447	267	678	458	121	30	263	740	382	152	23	134.299	171	151	146	142	138	134	130	127	123	118	104	114.842	154	130	121	117	114	112	110	108	107	105	99	0	0	0.000	0.000	0	0	0	0	0	0	0	0	0	0	0	0	0	0.000	0.000	0	0	0	0	0	0	0	0	0	0	0
150	150	1670	217.112	1148.659	293	465	526	306	50	260	427	533	344	77	653.974	1151	973	850	754	694	654	605	549	469	353	139	107.078	123	112	110	109	108	107	106	105	104	103	96	0	0	0.000	0.000	0	0	0	0	0	0	0	0	0	0	0	0	0	0.000	0.000	0	0	0	0	0	0	0	0	0	0	0
151	151	1705	1396.920	1150.192	205	518	566	336	44	168	527	575	325	66	742.201	4796	1026	918	851	783	704	618	544	475	425	220	145.518	455	166	157	151	145	140	135	131	126	120	103	1	21	1412.005	1148.821	0	0	0	3391	0	0	0	340	0	0	0	1	34	1411.370	1148.700	0	0	0	2497	0	0	0	324	0	0	0
152	152	699	1351.869	1152.051	72	190	229	134	63	64	208	191	135	86	521.651	778	659	625	593	560	536	507	470	430	368	152	132.079	163	145	141	139	136	133	130	127	123	118	104	0	0	0.000	0.000	0	0	0	0	0	0	0	0	0	0	0	0	0	0.000	0.000	0	0	0	0	0	0	0	0	0	0	0
153	153	1682	1829.809	1172.027	286	520	451	312	78	284	560	486	286	39	3094.592	23569	12983	2746	947	540	465	412	356	302	256	125	505.043	3873	1704	452	233	171	155	145	137	130	124	108	0	0	0.000	0.000	0	0	0	0	0	0	0	0	0	0	0	1	304	1829.733	1174.603	0	0	0	14767	0	0	0	1894	0	0	0
154	154	1654	1732.176	1173.435	524	584	368	129	20	483	641	372	104	26	148.901	235	164	159	156	152	149	145	142	138	133	115	142.780	178	160	155	152	148	145	141	137	131	122	103	0	0	0.000	0.000	0	0	0	0	0	0	0	0	0	0	0	0	0	0.000	0.000	0	0	0	0	0	0	0	0	0	0	0
155	155	1700	172.384	1176.012	226	520	580	295	41	132	499	685	303	47	155.589	208	183	172	165	159	155	151	146	139	129	109	144.746	191	170	161	153	148	144	139	134	129	122	104	0	0	0.000	0.000	0	0	0	0	0	0	0	0	0	0	0	0	0	0.000	0.000	0	0	0	0	0	0	0	0	0	0	0
156	156	1162	96.173	1177.129	192	399	382	134	28	136	447	382	158	22	1649.320	2708	2480	2276	2063	1860	1680	1475	1300	1080	795	225	107.422	124	114	111	109	108	106	106	105	104	103	98	0	0	0.000	0.000	0	0	0	0	0	0	0	0	0	0	0	0	0	0.000	0.000	0	0	0	0	0	0	0	0	0	0	0
157	157	1201	337.906	1179.649	217	308	389	213	45	165	276	403	228	97	301.480	437	388	361	340	319	303	283	269	249	213	144	113.063	127	119	117	115	114	113	112	111	109	107	99	0	0	0.000	0.000	0	0	0	0	0	0	0	0	0	0	0	0	0	0.000	0.000	0	0	0	0	0	0	0	0	0	0	0
158	158	2544	253.961	1194.744	566	836	652	371	61	596	849	621	369	65	494.934	894	687	627	579	539	503	468	426	364	275	124	107.236	125	112	110	109	108	107	106	105	104	103	96	0	0	0.000	0.000	0	0	0	0	0	0	0	0	0	0	0	0	0	0.000	0.000	0	0	0	0	0	0	0	0	0	0	0
159	159	809	439.148	1194.705	251	266	228	44	9	177	283	214	108	13	113.907	129	120	118	116	115	114	113	112	110	108	102	253.766	371	337	325	313	295	276	251	212	168	131	107	0	0	0.000	0.000	0	0	0	0	0	0	0	0	0	0	0	0	0	0.000	0.000	0	0	0	0	0	0	0	0	0	0	0
160	160	1175	208.184	1213.384	194	271	412	232	49	172	347	411	191	40	642.889	1057	940	873	800	718	646	579	519	448	348	119	106.597	118	111	109	108	107	106	106	105	104	103	98	0	0	0.000	0.000	0	0	0	0	0	0	0	0	0	0	0	0	0	0.000	0.000	0	0	0	0	0	0	0	0	0	0	0
161	161	1609	1830.399	1214.534	454	526	443	131	24	357	596	404	184	33	887.467	1468	1191	1098	1034	969	903	839	781	679	544	230	109.559	130	116	113	111	110	109	108	107	106	104	97	0	0	0.000	0.000	0	0	0	0	0	0	0	0	0	0	0	0	0	0.000	0.000	0	0	0	0	0	0	0	0	0	0	0
162	162	2006	472.848	1226.644	525	671	513	223	38	461	752	515	211	36	114.093	128	120	118	116	115	114	113	112	110	109	102	307.680	413	368	356	346	336	324	310	289	262	213	122	0	0	0.000	0.000	0	0	0	0	0	0	0	0	0	0	0	0	0	0.000	0.000	0	0	0	0	0	0	0	0	0	0	0
163	163	1107	1563.651	1229.327	232	335	320	179	19	187	404	269	176	39	284.711	387	351	338	326	313	296	277	258	235	198	132	124.419	154	137	132	128	126	124	122	119	117	112	103	0	0	0.000	0.000	0	0	0	0	0	0	0	0	0	0	0	0	0	0.000	0.000	0	0	0	0	0	0	0	0	0	0	0
164	164	2311	180.249	1251.934	859	1011	373	27	6	513	995	494	266	17	828.287	15272	829	632	580	543	517	484	444	381	275	114	203.513	2377	203	170	165	160	154	148	141	133	121	100	1	87	176.031	1235.764	0	0	0	7571	0	0	0	1244	0	0	0	1	89	175.950	1235.945	0	0	0	7485	0	0	0	1237	0	0	0
165	165	1759	1871.621	1259.096	636	526	467	87	10	536	535	407	204	45	562.830	1294	1013	856	693	575	506	430	360	297	221	121	109.400	126	115	113	111	110	109	108	107	106	104	99	0	0	0.000	0.000	0	0	0	0	0	0	0	0	0	0	0	0	0	0.000	0.000	0	0	0	0	0	0	0	0	0	0	0
166	166	1423	1652.220	1254.755	341	504	389	144	19	223	414	452	250	55	262.656	385	336	312	295	278	266	253	239	216	182	115	106.407	120	111	109	108	107	106	105	104	104	102	98	0	0	0.000	0.000	0	0	0	0	0	0	0	0	0	0	0	0	0	0.000	0.000	0	0	0	0	0	0	0	0	0	0	0
167	167	1429	400.241	1268.280	218	403	444	283	58	182	363	467	322	59	127.029	149	138	135	132	130	127	124	122	119	116	104	153.307	195	175	169	163	159	153	149	145	139	130	107	0	0	0.000	0.000	0	0	0	0	0	0	0	0	0	0	0	0	0	0.000	0.000	0	0	0	0	0	0	0	0	0	0	0
168	168	1873	1489.547	1275.194	636	695	392	97	20	478	675	387	249	49	120.650	141	129	127	125	123	121	119	117	114	111	103	179.863	258	220	208	199	190	183	176	165	151	134	103	0	0	0.000	0.000	0	0	0	0	0	0	0	0	0	0	0	0	0	0.000	0.000	0	0	0	0	0	0	0	0	0	0	0
169	169	2251	1813.799	1278.197	440	655	613	394	118	402	758	610	378	55	7166.686	11294	10002	9264	8669	8200	7841	7174	6148	4840	3300	944	180.039	244	214	207	201	194	186	176	164	151	136	110	0	0	0.000	0.000	0	0	0	0	0	0	0	0	0	0	0	0	0	0.000	0.000	0	0	0	0	0	0	0	0	0	0	0
170	170	1900	1557.999	1302.651	384	932	493	40	13	182	683	659	288	50	374.901	7034	404	293	273	260	245	230	215	198	177	122	133.393	662	140	132	128	125	122	120	117	114	111	102	1	62	1545.980	1294.057	0	0	0	3012	0	0	0	378	0	0	0	1	65	1546.043	1293.600	0	0	0	2711	0	0	0	362	0	0	0
171	171	966	1609.903	1299.135	249	343	272	69	19	279	376	224	57	14	541.095	864	761	712	671	629	581	525	457	362	241	127	139.806	175	161	156	152	147	142	136	130	122	114	101	0	0	0.000	0.000	0	0	0	0	0	0	0	0	0	0	0	0	0	0.000	0.000	0	0	0	0	0	0	0	0	0	0	0
172	172	1487	121.731	1315.442	270	326	464	292	101	210	397	523	242	92	371.038	577	505	462	431	404	383	354	323	280	224	129	142.427	187	167	158	152	147	142	137	132	127	119	101	0	0	0.000	0.000	0	0	0	0	0	0	0	0	0	0	0	0	0	0.000	0.000	0	0	0	0	0	0	0	0	0	0	0
173	173	1706	973.034	1324.155	366	455	515	280	60	332	523	535	240	50	339.470	558	468	421	393	368	345	319	289	252	204	119	107.760	136	115	111	109	108	107	106	105	104	103	98	0	0	0.000	0.000	0	0	0	0	0	0	0	0	0	0	0	0	0	0.000	0.000	0	0	0	0	0	0	0	0	0	0	0
174	174	651	1294.912	1336.984	125	181	187	117	31	101	169	220	110	34	189.972	234	216	211	207	202	198	192	184	172	150	109	116.593	140	129	125	120	117	114	112	111	110	107	101	0	0	0.000	0.000	0	0	0	0	0	0	0	0	0	0	0	0	0	0.000	0.000	0	0	0	0	0	0	0	0	0	0	0
175	175	1245	923.266	1347.757	441	500	223	45	22	516	540	134	19	14	137.137	174	155	148	144	141	138	135	131	125	117	105	201.303	336	264	240	223	212	203	194	179	156	132	104	0	0	0.000	0.000	0	0	0	0	0	0	0	0	0	0	0	0	0	0.000	0.000	0	0	0	0	0	0	0	0	0	0	0
176	176	1673	1672.943	1355.359	348	674	532	79	11	165	451	605	353	67	477.774	759	618	578	548	515	486	454	424	387	319	156	112.072	132	120	117	115	113	111	110	109	107	106	99	0	0	0.000	0.000	0	0	0	0	0	0	0	0	0	0	0	0	0	0.000	0.000	0	0	0	0	0	0	0	0	0	0	0
177	177	1907	1610.630	1363.331	537	685	480	155	28	361	572	571	287	81	448.573	728	592	562	533	498	464	421	376	333	289	133	115.329	145	128	123	118	115	113	111	110	108	106	98	0	0	0.000	0.000	0	0	0	0	0	0	0	0	0	0	0	0	0	0.000	0.000	0	0	0	0	0	0	0	0	0	0	0
178	178	1747	231.677	1369.656	288	555	558	263	54	252	604	595	232	23	142.021	180	161	155	150	146	142	139	134	130	124	102	104.121	116	107	106	105	105	104	103	103	102	101	95	0	0	0.000	0.000	0	0	0	0	0	0	0	0	0	0	0	0	0	0.000	0.000	0	0	0	0	0	0	0	0	0	0	0
179	179	1491	872.245	1376.932	197	393	460	334	84	182	493	470	277	38	817.779	1314	1104	1047	983	922	875	806	707	623	420	151	141.126	180	161	156	150	146	141	137	133	128	120	105	0	0	0.000	0.000	0	0	0	0	0	0	0	0	0	0	0	0	0	0.000	0.000	0	0	0	0	0	0	0	0	0	0	0
180	180	1325	182.496	1388.430	264	295	430	264	53	247	400	375	226	51	110.622	125	116	114	113	112	111	110	109	107	105	99	132.220	161	145	142	139	136	134	131	128	124	115	101	0	0	0.000	0.000	0	0	0	0	0	0	0	0	0	0	0	0	0	0.000	0.000	0	0	0	0	0	0	0	0	0	0	0
181	181	1725	132.325	1394.209	335	612	589	119	26	257	633	581	203	24	110.966	123	116	114	113	112	111	110	109	107	106	99	126.750	152	140	135	133	130	128	125	122	118	111	99	0	0	0.000	0.000	0	0	0	0	0	0	0	0	0	0	0	0	0	0.000	0.000	0	0	0	0	0	0	0	0	0	0	0
182	182	1523	920.116	1395.181	286	495	525	155	37	244	579	465	160	44	1039.228	11213	1176	999	940	873	793	727	682	625	531	237	162.095	966	174	157	150	145	140	137	132	128	122	106	1	56	918.813	1408.516	0	0	0	6332	0	0	0	580	0	0	0	1	67	919.350	1407.775	0	0	0	4832	0	0	0	535	0	0	0
183	183	2756	988.230	1405.291	688	788	781	407	54	544	767	850	466	71	118.166	198	127	123	121	119	117	116	114	112	110	102	196.401	292	255	238	225	214	205	193	171	147	123	97	0	0	0.000	0.000	0	0	0	0	0	0	0	0	0	0	0	0	0	0.000	0.000	0	0	0	0	0	0	0	0	0	0	0
184	184	1296	587.138	1409.473	219	274	322	295	167	201	318	398	254	98	112.370	126	118	116	114	113	112	111	110	109	107	99	181.265	235	215	208	202	195	187	177	165	153	138	112	0	0	0.000	0.000	0	0	0	0	0	0	0	0	0	0	0	0	0	0.000	0.000	0	0	0	0	0	0	0	0	0	0	0
185	185	1269	127.014	1440.462	152	423	398	224	44	129	417	449	188	66	264.817	390	345	326	302	280	260	244	232	214	190	129	144.477	179	164	159	154	149	145	141	136	131	123	106	0	0	0.000	0.000	0	0	0	0	0	0	0	0	0	0	0	0	0	0.000	0.000	0	0	0	0	0	0	0	0	0	0	0
186	186	977	77.527	1451.261	192	416	287	54	10	100	324	321	173	28	195.651	243	224	219	213	208	202	195	186	174	155	118	156.507	191	174	170	167	164	161	156	149	143	132	111	0	0	0.000	0.000	0	0	0	0	0	0	0	0	0	0	0	0	0	0.000	0.000	0	0	0	0	0	0	0	0	0	0	0
187	187	1653	1552.851	1460.952	1083	397	127	16	8	942	429	191	51	18	782.121	17758	1095	396	266	233	221	210	198	182	166	116	978.675	7355	1380	1060	955	889	808	719	629	549	445	181	1	89	1557.781	1452.587	0	0	0	7413	0	0	0	3741	0	0	0	1	68	1557.386	1452.112	0	0	0	9130	0	0	0	4327	0	0	0
188	188	1502	1603.963	1480.660	944	355	114	52	19	1080	268	122	12	8	172.160	487	239	192	173	164	156	150	144	138	130	111	556.332	1285	774	701	657	612	562	519	469	405	292	147	1	26	1601.917	1492.836	0	0	0	316	0	0	0	954	0	0	0	0	0	0.000	0.000	0	0	0	0	0	0	0	0	0	0	0
189	189	2556	1021.404	1495.660	1847	306	229	125	32	1779	348	205	122	80	169.890	1167	288	206	167	136	124	118	115	112	110	102	104.009	116	107	106	105	104	104	103	103	102	101	93	0	0	0.000	0.000	0	0	0	0	0	0	0	0	0	0	0	0	0	0.000	0.000	0	0	0	0	0	0	0	0	0	0	0
190	190	608	197.885	1504.153	86	162	184	140	28	59	208	209	95	28	926.423	1324	1201	1134	1073	1017	972	921	855	774	535	216	123.428	140	132	130	128	126	124	122	120	117	114	104	0	0	0.000	0.000	0	0	0	0	0	0	0	0	0	0	0	0	0	0.000	0.000	0	0	0	0	0	0	0	0	0	0	0
191	191	745	175.124	1521.317	76	187	238	168	66	70	195	261	145	62	781.805	1347	1090	934	870	803	742	692	650	601	553	317	116.702	140	126	121	119	117	116	114	113	111	110	104	0	0	0.000	0.000	0	0	0	0	0	0	0	0	0	0	0	0	0	0.000	0.000	0	0	0	0	0	0	0	0	0	0	0
192	192	2990	1891.844	1547.464	674	818	889	457	95	622	970	1017	295	25	233.112	330	285	273	264	255	245	234	218	196	151	105	327.978	495	429	409	393	370	345	321	291	256	177	105	0	0	0.000	0.000	0	0	0	0	0	0	0	0	0	0	0	0	0	0.000	0.000	0	0	0	0	0	0	0	0	0	0	0
193	193	1173	1448.730	1536.962	369	347	275	134	31	387	349	259	137	30	1281.173	1942	1764	1685	1593	1502	1362	1215	1052	894	701	126	152.720	199	179	173	167	159	154	148	142	133	124	101	0	0	0.000	0.000	0	0	0	0	0	0	0	0	0	0	0	0	0	0.000	0.000	0	0	0	0	0	0	0	0	0	0	0
194	194	1334	134.875	1546.517	153	303	422	330	101	166	371	506	225	39	904.512	1758	1466	1227	1074	937	814	713	662	619	521	226	128.875	168	147	140	134	130	127	124	121	118	115	102	0	0	0.000	0.000	0	0	0	0	0	0	0	0	0	0	0	0	0	0.000	0.000	0	0	0	0	0	0	0	0	0	0	0
195	195	1293	1711.142	1543.062	195	427	407	199	39	134	455	397	235	48	182.998	235	209	202	196	191	186	180	174	165	150	111	185.769	236	218	209	201	194	188	181	175	164	148	115	0	0	0.000	0.000	0	0	0	0	0	0	0	0	0	0	0	0	0	0.000	0.000	0	0	0	0	0	0	0	0	0	0	0
196	196	1353	180.031	1563.334	262	227	335	380	126	224	257	373	357	119	1326.599	2064	1784	1687	1614	1521	1419	1280	1147	960	690	326	129.623	154	143	139	136	133	130	127	124	120	116	100	0	0	0.000	0.000	0	0	0	0	0	0	0	0	0	0	0	0	0	0.000	0.000	0	0	0	0	0	0	0	0	0	0	0
197	197	1216	484.554	1561.225	435	388	299	61	13	323	335	309	168	48	469.619	754	636	598	557	526	488	445	401	349	277	139	107.725	123	113	111	109	108	107	106	105	104	103	97	0	0	0.000	0.000	0	0	0	0	0	0	0	0	0	0	0	0	0	0.000	0.000	0	0	0	0	0	0	0	0	0	0	0
198	198	2139	596.402	1588.327	542	888	527	113	30	380	774	625	302	26	1750.770	2670	2305	2149	2029	1951	1867	1778	1668	1423	878	227	159.111	213	188	181	176	169	163	158	150	138	116	100	0	0	0.000	0.000	0	0	0	0	0	0	0	0	0	0	0	0	0	0.000	0.000	0	0	0	0	0	0	0	0	0	0	0
199	199	1172	1701.464	1588.130	189	392	374	168	22	194	417	335	186	24	771.002	1142	1000	936	891	841	794	724	650	597	549	291	132.397	162	147	142	138	135	132	129	126	123	119	106	0	0	0.000	0.000	0	0	0	0	0	0	0	0	0	0	0	0	0	0.000	0.000	0	0	0	0	0	0	0	0	0	0	0
200	200	1032	105.291	1591.124	356	258	199	148	53	387	325	214	79	15	119.850	166	134	127	123	120	118	116	115	112	109	101	119.955	144	132	128	126	123	121	118	115	111	106	100	0	0	0.000	0.000	0	0	0	0	0	0	0	0	0	0	0	0	0	0.000	0.000	0	0	0	0	0	0	0	0	0	0	0
201	201	1264	1835.008	1607.730	294	344	377	176	41	242	407	349	210	31	1002.009	1670	1453	1320	1228	1161	1058	932	790	644	516	158	112.640	129	119	117	115	113	112	111	110	109	107	100	0	0	0.000	0.000	0	0	0	0	0	0	0	0	0	0	0	0	0	0.000	0.000	0	0	0	0	0	0	0	0	0	0	0
202	202	1043	1664.833	1610.749	240	277	272	198	35	186	353	277	192	18	226.968	309	270	258	247	236	226	217	209	200	186	132	149.412	191	168	162	158	154	150	147	143	138	128	108	0	0	0.000	0.000	0	0	0	0	0	0	0	0	0	0	0	0	0	0.000	0.000	0	0	0	0	0	0	0	0	0	0	0
203	203	1618	480.129	1634.155	628	458	331	140	36	605	523	310	125	28	119.765	158	133	127	123	120	118	116	114	112	109	99	359.989	1650	545	434	409	377	329	286	247	202	162	113	0	0	0.000	0.000	0	0	0	0	0	0	0	0	0	0	0	2	52	474.590	1640.263	10	482.193	1633.796	131	0	125	0	1176	0	904	0
204	204	1975	1728.568	1642.283	397	819	514	203	10	201	704	551	387	96	828.460	1333	1108	1034	964	899	831	765	707	638	546	224	134.161	166	149	144	140	137	134	131	128	125	121	102	0	0	0.000	0.000	0	0	0	0	0	0	0	0	0	0	0	0	0	0.000	0.000	0	0	0	0	0	0	0	0	0	0	0
205	205	1155	803.247	1643.503	363	448	260	54	11	233	479	300	114	10	822.199	4727	1057	932	867	817	756	698	637	554	465	228	149.013	669	169	151	146	142	138	134	130	126	119	104	1	15	801.420	1628.507	0	0	0	2946	0	0	0	302	0	0	0	0	0	0.000	0.000	0	0	0	0	0	0	0	0	0	0	0
206	206	1389	594.578	1688.631	335	464	395	145	27	251	455	474	142	40	269.965	3728	285	249	238	229	222	215	208	198	176	116	157.171	485	175	167	161	156	152	147	144	138	130	103	1	30	597.680	1701.166	0	0	0	1720	0	0	0	328	0	0	0	1	28	598.254	1700.768	0	0	0	1496	0	0	0	343	0	0	0
207	207	1537	1829.408	1686.085	279	598	483	129	25	276	598	464	160	16	1057.473	1708	1438	1345	1274	1179	1084	982	891	763	619	268	107.275	120	113	111	109	108	107	106	105	104	103	98	0	0	0.000	0.000	0	0	0	0	0	0	0	0	0	0	0	0	0	0.000	0.000	0	0	0	0	0	0	0	0	0	0	0
208	208	878	92.498	1693.964	568	117	111	54	17	539	153	123	39	16	183.218	680	255	207	188	176	166	158	147	135	124	108	711.498	2325	1116	955	843	759	686	610	508	399	297	192	1	37	87.403	1689.790	0	0	0	422	0	0	0	1521	0	0	0	0	0	0.000	0.000	0	0	0	0	0	0	0	0	0	0	0
209	209	1553	462.418	1704.208	287	444	453	289	46	195	482	477	320	42	1081.547	2806	1444	1359	1279	1209	1146	1066	965	780	572	236	157.795	371	185	176	168	162	157	153	146	136	125	105	0	0	0.000	0.000	0	0	0	0	0	0	0	0	0	0	0	1	10	476.247	1716.643	0	0	0	2043	0	0	0	325	0	0	0
210	210	1604	514.304	1710.467	374	451	402	282	68	316	441	422	296	100	1107.814	3717	1519	1381	1265	1175	1118	1042	950	830	623	261	159.471	462	185	177	170	163	156	151	145	136	127	105	0	0	0.000	0.000	0	0	0	0	0	0	0	0	0	0	0	1	18	510.666	1714.687	0	0	0	2611	0	0	0	371	0	0	0
211	211	681	1460.051	1702.239	157	271	178	55	7	94	249	179	114	32	108.349	121	113	111	110	109	108	107	106	105	104	101	118.937	136	127	125	123	121	119	118	116	113	110	100	0	0	0.000	0.000	0	0	0	0	0	0	0	0	0	0	0	0	0	0.000	0.000	0	0	0	0	0	0	0	0	0	0	0
212	212	1523	1893.401	1737.282	441	469	395	178	17	351	475	397	238	31	406.243	668	561	503	460	430	405	381	355	320	256	142	106.563	127	111	109	108	107	106	105	105	104	102	97	0	0	0.000	0.000	0	0	0	0	0	0	0	0	0	0	0	0	0	0.000	0.000	0	0	0	0	0	0	0	0	0	0	0
213	213	1887	890.698	1748.181	746	780	290	36	8	455	765	462	157	16	770.600	1215	1084	994	906	835	786	727	654	571	450	132	107.633	127	115	111	109	108	107	106	105	104	102	97	0	0	0.000	0.000	0	0	0	0	0	0	0	0	0	0	0	0	0	0.000	0.000	0	0	0	0	0	0	0	0	0	0	0
214	214	2411	249.108	1757.594	1522	585	202	42	27	1339	631	275	94	38	205.443	775	304	275	241	212	187	167	147	128	116	102	118.275	180	145	131	121	117	113	110	107	105	103	97	0	0	0.000	0.000	0	0	0	0	0	0	0	0	0	0	0	0	0	0.000	0.000	0	0	0	0	0	0	0	0	0	0	0
215	215	1156	1650.014	1752.001	297	368	298	151	14	202	392	323	178	33	127.122	148	137	134	132	130	128	126	123	120	117	105	106.080	117	110	109	108	107	106	105	104	103	102	96	0	0	0.000	0.000	0	0	0	0	0	0	0	0	0	0	0	0	0	0.000	0.000	0	0	0	0	0	0	0	0	0	0	0
216	216	1208	1875.002	1785.590	554	340	170	99	32	674	301	116	75	24	460.267	1103	715	614	545	480	418	369	328	300	267	167	112.813	131	119	117	115	114	113	111	110	109	107	100	0	0	0.000	0.000	0	0	0	0	0	0	0	0	0	0	0	0	0	0.000	0.000	0	0	0	0	0	0	0	0	0	0	0
217	217	1008	423.044	1811.301	298	368	196	90	42	348	344	191	86	26	489.557	723	625	592	566	542	514	483	449	396	301	144	108.247	125	114	111	109	108	108	107	106	105	104	99	0	0	0.000	0.000	0	0	0	0	0	0	0	0	0	0	0	0	0	0.000	0.000	0	0	0	0	0	0	0	0	0	0	0
218	218	884	1182.415	1844.393	155	334	274	84	26	113	312	268	137	31	158.274	195	181	176	171	166	160	154	148	140	131	116	229.684	295	278	267	258	247	234	223	210	193	172	131	0	0	0.000	0.000	0	0	0	0	0	0	0	0	0	0	0	0	0	0.000	0.000	0	0	0	0	0	0	0	0	0	0	0
219	219	1433	346.610	1878.088	299	415	335	280	76	327	500	359	197	28	120.865	140	128	125	124	122	121	119	118	116	114	104	132.690	161	145	141	138	135	133	131	128	125	118	106	0	0	0.000	0.000	0	0	0	0	0	0	0	0	0	0	0	0	0	0.000	0.000	0	0	0	0	0	0	0	0	0	0	0
220	220	2220	1597.608	1888.070	741	939	403	81	11	478	959	551	147	41	2627.806	4666	3877	3614	3174	2768	2576	2411	2178	1882	1369	267	113.118	134	121	119	116	114	112	111	109	108	106	98	0	0	0.000	0.000	0	0	0	0	0	0	0	0	0	0	0	0	0	0.000	0.000	0	0	0	0	0	0	0	0	0	0	0
221	221	1160	941.261	1889.554	216	373	344	171	36	137	299	317	270	123	115.501	130	121	119	118	117	116	114	113	112	110	103	292.466	412	360	338	322	309	299	288	274	251	210	135	0	0	0.000	0.000	0	0	0	0	0	0	0	0	0	0	0	0	0	0.000	0.000	0	0	0	0	0	0	0	0	0	0	0
222	222	1219	1708.921	1906.818	386	388	261	129	30	346	389	253	170	46	1456.595	2473	2121	1909	1741	1619	1466	1292	1170	1086	920	207	117.105	141	126	123	120	118	116	115	113	111	109	103	0	0	0.000	0.000	0	0	0	0	0	0	0	0	0	0	0	0	0	0.000	0.000	0	0	0	0	0	0	0	0	0	0	0
223	223	1995	992.725	1937.927	674	969	292	27	7	267	895	558	219	20	350.829	599	479	444	412	381	350	316	291	261	227	126	111.711	132	118	116	114	113	112	110	109	108	106	98	0	0	0.000	0.000	0	0	0	0	0	0	0	0	0	0	0	0	0	0.000	0.000	0	0	0	0	0	0	0	0	0	0	0
224	224	1230	1047.679	1939.634	269	437	361	121	26	180	356	423	211	34	369.314	557	491	458	429	398	367	340	321	293	251	125	113.518	135	121	118	116	115	113	112	110	109	106	100	0	0	0.000	0.000	0	0	0	0	0	0	0	0	0	0	0	0	0	0.000	0.000	0	0	0	0	0	0	0	0	0	0	0
225	225	1853	132.861	1944.038	380	635	533	221	47	330	720	502	234	30	557.908	2926	706	653	624	588	549	499	447	395	343	184	133.466	321	151	144	139	134	130	127	123	120	115	102	1	24	132.976	1949.631	0	0	0	2140	0	0	0	173	0	0	0	1	27	136.643	1950.181	0	0	0	730	0	0	0	240	0	0	0
226	226	1916	1507.568	1969.515	432	606	515	267	66	421	735	496	196	28	115.924	131	122	120	118	117	116	115	114	112	110	102	172.814	219	196	190	187	183	179	174	167	155	137	105	0	0	0.000	0.000	0	0	0	0	0	0	0	0	0	0	0	0	0	0.000	0.000	0	0	0	0	0	0	0	0	0	0	0
