 	cell	area	x	y	BFI_lev_b1	BFI_lev_b2	BFI_lev_b3	BFI_lev_b4	BFI_lev_b5	BFO_lev_b1	BFO_lev_b2	BFO_lev_b3	BFO_lev_b4	BFO_lev_b5	GFP_int_mean	GFP_int_b0	GFP_int_b1	GFP_int_b2	GFP_int_b3	GFP_int_b4	GFP_int_b5	GFP_int_b6	GFP_int_b7	GFP_int_b8	GFP_int_b9	GFP_int_b10	RFP_int_mean	RFP_int_b0	RFP_int_b1	RFP_int_b2	RFP_int_b3	RFP_int_b4	RFP_int_b5	RFP_int_b6	RFP_int_b7	RFP_int_b8	RFP_int_b9	RFP_int_b10	inGFPnfoci	f1_inGFParea	f1_inGFPx	f1_inGFPy	f2_inGFParea	f2_inGFPx	f2_inGFPy	f1_inGFP_toGFPmed	f2_inGFP_toGFPmed	f2_inGFP_toGFPmean	f1_inGFP_toRFPmed	f2_inGFP_toRFPmed	f2_inGFP_toRFPmean	inRFPnfoci	f1_inRFParea	f1_inRFPx	f1_inRFPy	f2_inRFParea	f2_inRFPx	f2_inRFPy	f1_inRFP_toGFPmed	f2_inRFP_toGFPmed	f2_inRFP_toGFPmean	f1_inRFP_toRFPmed	f2_inRFP_toRFPmed	f2_inRFP_toRFPmean	f1_inGFP_toGFPmean	f1_inGFP_toRFPmean	f1_inRFP_toGFPmean	f1_inRFP_toRFPmean
1	1	2904	1867.700	97.239	895	1216	643	94	8	681	1273	681	188	31	2577.526	31610	7524	971	394	297	261	248	237	221	181	125	581.396	6528	1398	333	211	196	190	181	173	159	136	101	1	402	1864.652	102.511	0	0	0	15405	0	0	2572	0	0	1	346	1864.875	102.137	0	0	0	19483	0	0	3140	0	0	0	0	0	0
2	2	2174	467.040	82.043	517	908	574	107	30	495	1078	401	144	21	1100.279	20384	1544	467	319	270	246	231	218	199	156	107	209.624	2274	286	155	140	133	128	124	120	115	108	99	1	167	458.373	83.535	0	0	0	9283	0	0	956	0	0	1	149	458.145	83.126	0	0	0	9885	0	0	1077	0	0	0	0	0	0
3	3	1318	253.858	77.582	202	382	363	289	63	178	440	404	223	51	281.398	420	364	344	329	314	298	274	248	215	171	111	105.173	120	110	108	106	105	105	104	103	103	102	95	0	0	0.000	0.000	0	0	0	0	0	0	0	0	0	0	0	0.000	0.000	0	0	0	0	0	0	0	0	0	0	0	0	0
4	4	1841	208.843	92.108	292	579	550	340	57	245	770	531	235	35	260.302	396	339	318	297	279	263	245	226	202	177	122	105.464	117	110	108	107	106	105	104	104	103	102	95	0	0	0.000	0.000	0	0	0	0	0	0	0	0	0	0	0	0.000	0.000	0	0	0	0	0	0	0	0	0	0	0	0	0
5	5	1851	151.031	84.053	154	486	671	395	110	131	456	771	344	119	507.659	7107	580	473	437	402	370	336	301	267	231	127	149.583	1189	165	136	130	127	123	119	116	112	109	100	1	63	144.360	85.773	0	0	0	3426	0	0	651	0	0	1	74	144.425	85.541	0	0	0	3209	0	0	606	0	0	0	0	0	0
6	6	1405	1290.560	89.115	682	473	145	65	13	591	432	261	76	22	290.482	475	381	355	333	312	293	277	261	233	182	114	109.117	128	118	114	112	109	108	106	105	104	103	96	0	0	0.000	0.000	0	0	0	0	0	0	0	0	0	0	0	0.000	0.000	0	0	0	0	0	0	0	0	0	0	0	0	0
7	7	1166	1664.376	83.733	117	372	428	202	17	81	339	529	179	15	112.852	125	118	116	115	114	113	112	111	109	107	101	127.780	157	141	137	134	130	127	125	122	119	116	105	0	0	0.000	0.000	0	0	0	0	0	0	0	0	0	0	0	0.000	0.000	0	0	0	0	0	0	0	0	0	0	0	0	0
8	8	1165	1594.438	90.599	127	388	349	232	57	224	462	280	121	55	118.924	137	125	123	122	120	119	118	117	114	112	103	116.754	139	126	122	120	118	116	115	113	111	109	102	0	0	0.000	0.000	0	0	0	0	0	0	0	0	0	0	0	0.000	0.000	0	0	0	0	0	0	0	0	0	0	0	0	0
9	9	1030	1238.900	111.568	378	365	153	87	34	382	354	198	46	30	273.268	367	332	316	300	288	276	263	253	237	210	132	106.981	129	112	110	108	107	106	105	104	104	102	97	0	0	0.000	0.000	0	0	0	0	0	0	0	0	0	0	0	0.000	0.000	0	0	0	0	0	0	0	0	0	0	0	0	0
10	10	2543	1695.020	120.771	503	1147	723	102	24	600	1364	459	53	19	464.279	12877	392	227	204	191	181	173	165	155	141	115	195.648	1026	227	210	199	189	178	168	159	149	137	107	1	99	1691.416	112.727	0	0	0	5762	0	0	570	0	0	1	86	1691.603	112.738	0	0	0	6287	0	0	637	0	0	0	0	0	0
11	11	1764	1629.419	121.252	268	756	523	162	25	294	1010	342	72	14	111.456	123	116	115	113	112	111	110	109	108	107	100	128.209	157	139	135	133	130	128	126	124	121	117	103	0	0	0.000	0.000	0	0	0	0	0	0	0	0	0	0	0	0.000	0.000	0	0	0	0	0	0	0	0	0	0	0	0	0
12	12	743	961.225	128.262	156	247	194	101	32	170	217	238	75	30	130.131	156	141	137	135	133	131	129	126	123	118	107	121.935	142	133	129	126	124	122	120	118	116	111	98	0	0	0.000	0.000	0	0	0	0	0	0	0	0	0	0	0	0.000	0.000	0	0	0	0	0	0	0	0	0	0	0	0	0
13	13	1331	369.865	142.648	281	568	367	82	14	240	709	268	62	20	154.720	732	165	160	157	154	150	146	142	135	124	107	173.689	228	202	194	187	182	176	170	162	154	141	115	1	28	380.247	139.409	0	0	0	396	0	0	174	0	0	0	0	0.000	0.000	0	0	0	0	0	0	0	0	0	0	0	0	0
14	14	1748	1437.456	149.457	373	537	474	286	59	239	689	587	181	31	119.530	143	129	126	123	122	120	118	115	113	110	101	279.551	424	382	363	340	316	290	261	236	201	148	107	0	0	0.000	0.000	0	0	0	0	0	0	0	0	0	0	0	0.000	0.000	0	0	0	0	0	0	0	0	0	0	0	0	0
15	15	702	103.852	140.630	124	245	176	105	36	99	295	172	98	29	123.454	423	133	123	120	118	117	116	114	113	111	105	123.417	142	131	129	127	126	124	123	120	118	114	102	1	21	106.930	150.649	0	0	0	242	0	0	127	0	0	0	0	0.000	0.000	0	0	0	0	0	0	0	0	0	0	0	0	0
16	16	1441	1737.277	159.335	268	626	427	68	24	326	769	261	45	15	1686.209	12335	2535	1776	1471	1275	1169	1075	982	893	768	395	159.387	869	205	146	136	131	126	123	120	118	115	105	1	90	1732.225	167.664	0	0	0	7770	0	0	521	0	0	1	106	1732.623	166.915	0	0	0	6711	0	0	466	0	0	0	0	0	0
17	17	2169	1594.673	170.951	845	968	284	12	14	757	1035	312	27	10	731.813	19264	797	292	213	188	176	167	159	151	140	112	222.784	1945	263	203	189	178	171	164	158	151	137	108	1	103	1590.604	175.144	0	0	0	8744	0	0	972	0	0	1	105	1590.946	174.325	0	0	0	8124	0	0	977	0	0	0	0	0	0
18	18	1466	1536.440	171.407	115	473	513	294	42	211	771	362	91	12	186.114	2212	199	170	162	157	153	149	146	141	136	114	167.583	294	193	184	178	171	166	161	155	149	143	109	1	33	1538.025	180.127	0	0	0	1087	0	0	237	0	0	0	0	0.000	0.000	0	0	0	0	0	0	0	0	0	0	0	0	0
19	19	2210	1689.669	184.003	209	435	877	488	157	168	710	914	312	70	190.909	1293	207	200	194	190	185	179	172	164	151	115	190.720	314	235	222	209	198	190	181	172	163	149	107	1	29	1678.175	191.213	0	0	0	679	0	0	219	0	0	0	0	0.000	0.000	0	0	0	0	0	0	0	0	0	0	0	0	0
20	20	1080	437.135	185.941	151	434	357	102	9	106	425	327	151	45	188.735	648	216	204	197	192	187	181	174	164	148	106	113.236	131	120	117	116	114	113	112	110	109	107	98	0	0	0.000	0.000	0	0	0	0	0	0	0	0	0	0	0	0.000	0.000	0	0	0	0	0	0	0	0	0	0	0	0	0
21	21	2097	1802.567	195.848	692	777	463	114	18	766	869	322	86	18	555.087	9795	661	362	322	297	276	257	242	223	199	132	174.376	1016	209	171	162	155	149	142	136	131	125	107	1	103	1803.297	200.185	0	0	0	4572	0	0	562	0	0	1	103	1802.880	200.167	0	0	0	4572	0	0	562	0	0	0	0	0	0
22	22	1817	1904.814	198.700	201	698	628	229	27	166	852	544	174	39	276.401	362	331	321	312	303	292	276	255	229	195	134	116.307	139	124	122	120	118	116	115	113	111	108	99	0	0	0.000	0.000	0	0	0	0	0	0	0	0	0	0	0	0.000	0.000	0	0	0	0	0	0	0	0	0	0	0	0	0
23	23	510	1446.997	190.730	107	182	135	62	15	35	144	181	113	27	115.288	133	125	122	120	117	115	113	111	108	106	101	196.390	347	312	283	254	218	182	152	127	115	107	102	0	0	0.000	0.000	0	0	0	0	0	0	0	0	0	0	0	0.000	0.000	0	0	0	0	0	0	0	0	0	0	0	0	0
24	24	956	1740.912	201.821	389	224	160	106	61	415	282	153	62	33	230.555	286	261	254	249	245	239	231	220	207	188	128	148.121	177	163	159	155	152	150	146	143	138	131	108	0	0	0.000	0.000	0	0	0	0	0	0	0	0	0	0	0	0.000	0.000	0	0	0	0	0	0	0	0	0	0	0	0	0
25	25	2366	520.769	226.406	1222	806	213	56	29	1423	690	150	38	20	489.241	1031	747	628	552	503	460	417	382	355	315	128	112.522	132	122	118	116	113	112	110	108	107	105	98	0	0	0.000	0.000	0	0	0	0	0	0	0	0	0	0	0	0.000	0.000	0	0	0	0	0	0	0	0	0	0	0	0	0
26	26	1688	579.692	227.677	256	477	535	352	39	224	584	518	289	42	473.732	779	626	585	554	522	488	453	419	370	276	141	104.950	120	109	107	106	105	105	104	103	103	102	96	0	0	0.000	0.000	0	0	0	0	0	0	0	0	0	0	0	0.000	0.000	0	0	0	0	0	0	0	0	0	0	0	0	0
27	27	1476	451.288	226.866	316	482	413	205	32	290	461	416	213	73	550.440	11234	687	279	234	216	207	201	190	173	147	108	139.358	805	152	126	122	119	117	115	113	111	109	96	1	81	460.751	215.510	0	0	0	4937	0	0	420	0	0	1	83	461.130	215.626	0	0	0	4765	0	0	420	0	0	0	0	0	0
28	28	1258	1670.863	235.348	286	416	404	120	10	244	517	344	104	25	173.944	409	195	187	183	179	174	171	165	158	144	109	165.658	217	193	184	178	172	167	162	156	149	137	106	0	0	0.000	0.000	0	0	0	0	0	0	0	0	0	0	0	0.000	0.000	0	0	0	0	0	0	0	0	0	0	0	0	0
29	29	1708	396.496	238.249	288	600	559	198	23	323	643	482	177	47	119.292	145	128	125	123	121	120	118	116	113	110	100	731.540	1295	1112	1027	950	875	771	689	589	431	204	116	0	0	0.000	0.000	0	0	0	0	0	0	0	0	0	0	0	0.000	0.000	0	0	0	0	0	0	0	0	0	0	0	0	0
30	30	1752	1623.028	237.028	603	775	246	71	26	723	745	198	33	26	319.770	7648	275	198	179	170	163	157	151	144	131	103	351.227	2800	429	397	365	336	316	297	271	231	182	111	1	79	1626.798	221.443	0	0	0	3387	0	0	1377	0	0	0	0	0.000	0.000	0	0	0	0	0	0	0	0	0	0	0	0	0
31	31	1317	84.183	240.746	204	373	428	245	45	162	459	456	167	47	112.585	148	118	116	115	113	112	111	111	109	107	101	262.118	361	309	297	288	280	271	260	248	228	194	129	0	0	0.000	0.000	0	0	0	0	0	0	0	0	0	0	0	0.000	0.000	0	0	0	0	0	0	0	0	0	0	0	0	0
32	32	1534	1803.840	249.282	169	493	423	317	113	168	515	532	236	46	122.557	146	130	127	125	124	122	121	119	118	115	106	140.147	177	155	152	148	145	143	139	134	129	120	103	0	0	0.000	0.000	0	0	0	0	0	0	0	0	0	0	0	0.000	0.000	0	0	0	0	0	0	0	0	0	0	0	0	0
33	33	1357	1887.407	254.509	192	455	444	202	39	150	550	474	134	21	179.390	1429	186	174	169	164	160	157	153	149	142	111	115.158	148	123	121	118	116	115	113	111	110	108	101	1	28	1870.596	259.203	0	0	0	816	0	0	128	0	0	0	0	0.000	0.000	0	0	0	0	0	0	0	0	0	0	0	0	0
34	34	1548	661.698	255.835	217	319	560	353	77	192	372	663	221	58	560.736	950	826	742	670	609	551	503	448	393	321	152	104.785	115	108	107	106	105	105	104	103	103	102	97	0	0	0.000	0.000	0	0	0	0	0	0	0	0	0	0	0	0.000	0.000	0	0	0	0	0	0	0	0	0	0	0	0	0
35	35	837	599.444	265.687	94	260	289	138	41	119	350	255	86	13	405.609	614	511	480	459	439	421	402	382	340	260	141	106.222	120	111	109	107	106	106	105	104	103	102	96	0	0	0.000	0.000	0	0	0	0	0	0	0	0	0	0	0	0.000	0.000	0	0	0	0	0	0	0	0	0	0	0	0	0
36	36	1526	1288.754	288.254	190	410	447	306	146	169	627	421	195	89	115.180	133	121	119	118	117	115	114	113	111	109	95	222.439	328	280	260	244	234	222	211	199	186	166	117	0	0	0.000	0.000	0	0	0	0	0	0	0	0	0	0	0	0.000	0.000	0	0	0	0	0	0	0	0	0	0	0	0	0
37	37	1341	1236.754	292.645	76	365	490	304	84	113	572	444	160	31	185.328	446	212	204	198	192	187	182	173	162	149	114	203.495	265	242	233	224	215	205	198	190	178	159	111	0	0	0.000	0.000	0	0	0	0	0	0	0	0	0	0	0	0.000	0.000	0	0	0	0	0	0	0	0	0	0	0	0	0
38	38	1707	1903.959	299.319	311	635	517	194	21	237	785	504	137	13	849.526	1311	1133	1068	1007	953	872	785	700	622	550	201	144.026	181	162	157	153	149	145	140	136	131	126	103	0	0	0.000	0.000	0	0	0	0	0	0	0	0	0	0	0	0.000	0.000	0	0	0	0	0	0	0	0	0	0	0	0	0
39	39	2569	1834.780	306.227	539	1175	704	96	15	358	1139	825	169	40	779.118	1385	1194	1059	939	840	763	687	611	523	427	131	142.269	195	166	159	152	146	142	138	132	126	119	100	0	0	0.000	0.000	0	0	0	0	0	0	0	0	0	0	0	0.000	0.000	0	0	0	0	0	0	0	0	0	0	0	0	0
40	40	1974	580.820	305.451	488	1149	276	20	15	539	1182	188	20	13	483.243	12041	528	227	197	181	172	166	159	152	138	110	180.557	1448	200	171	161	154	148	143	138	133	125	106	1	95	577.796	292.972	0	0	0	4932	0	0	663	0	0	1	77	577.624	292.687	0	0	0	5925	0	0	776	0	0	0	0	0	0
41	41	1544	635.359	314.592	181	439	487	320	87	188	727	382	187	35	168.407	1569	181	168	163	159	156	151	147	141	131	110	143.321	277	159	154	150	147	143	140	136	131	123	106	1	29	651.695	313.100	0	0	0	667	0	0	212	0	0	0	0	0.000	0.000	0	0	0	0	0	0	0	0	0	0	0	0	0
42	42	904	277.922	312.557	145	325	235	143	37	122	328	238	146	62	168.366	215	192	185	180	176	171	164	158	151	143	116	127.981	158	140	136	134	131	128	125	123	120	115	105	0	0	0.000	0.000	0	0	0	0	0	0	0	0	0	0	0	0.000	0.000	0	0	0	0	0	0	0	0	0	0	0	0	0
43	43	1906	1270.607	337.938	276	769	544	259	29	187	875	529	232	60	481.455	11030	494	224	202	193	187	180	172	164	152	113	226.121	1138	262	239	225	214	203	195	186	176	158	106	1	83	1283.268	341.717	0	0	0	5226	0	0	656	0	0	1	63	1283.488	341.816	0	0	0	6831	0	0	754	0	0	0	0	0	0
44	44	1189	800.484	334.764	111	339	381	261	70	70	422	440	190	42	164.862	963	176	166	162	157	154	150	145	139	131	114	173.413	343	208	198	189	181	172	165	157	149	136	101	1	28	789.338	334.193	0	0	0	499	0	0	204	0	0	0	0	0.000	0.000	0	0	0	0	0	0	0	0	0	0	0	0	0
45	45	2915	493.291	367.745	493	895	1096	336	43	527	1531	639	144	24	196.571	279	238	227	218	209	200	191	182	168	146	111	552.536	895	788	729	670	618	573	528	470	389	267	125	0	0	0.000	0.000	0	0	0	0	0	0	0	0	0	0	0	0.000	0.000	0	0	0	0	0	0	0	0	0	0	0	0	0
46	46	2371	729.535	364.858	250	478	958	561	83	166	555	1197	352	61	584.418	1027	908	815	723	635	566	511	464	399	262	117	122.216	151	136	131	128	124	121	119	116	113	110	101	0	0	0.000	0.000	0	0	0	0	0	0	0	0	0	0	0	0.000	0.000	0	0	0	0	0	0	0	0	0	0	0	0	0
47	47	1846	1557.021	362.980	526	804	417	50	18	356	857	467	114	18	139.718	898	150	141	136	133	130	128	124	120	116	105	255.865	447	320	306	294	282	267	249	227	202	173	114	0	0	0.000	0.000	0	0	0	0	0	0	0	0	0	0	0	0.000	0.000	0	0	0	0	0	0	0	0	0	0	0	0	0
48	48	2210	1645.025	374.683	201	646	777	458	89	349	977	600	214	28	2811.555	28162	10610	1497	546	341	282	261	247	227	194	126	491.150	4366	1295	334	216	199	191	182	170	156	140	106	1	380	1643.454	378.721	0	0	0	13417	0	0	1696	0	0	1	316	1643.569	378.421	0	0	0	17586	0	0	2125	0	0	0	0	0	0
49	49	1549	794.066	381.105	309	804	347	37	23	422	854	189	28	15	299.705	6305	320	187	175	171	166	161	155	148	139	110	201.931	1130	222	209	201	193	186	179	172	162	147	109	1	53	791.763	369.423	0	0	0	2893	0	0	635	0	0	1	41	792.248	369.285	0	0	0	3468	0	0	726	0	0	0	0	0	0
50	50	1854	1699.954	389.194	231	633	607	312	45	229	1099	332	155	13	425.663	7514	488	309	284	269	257	246	233	214	190	120	199.596	881	234	217	207	196	185	176	166	156	144	107	1	75	1708.429	380.118	0	0	0	3331	0	0	514	0	0	1	57	1708.682	380.173	0	0	0	4287	0	0	563	0	0	0	0	0	0
51	51	1785	1750.788	392.620	294	691	558	182	35	289	931	420	96	18	1166.043	15676	1504	939	813	761	706	647	579	527	447	195	142.845	836	162	128	123	120	119	117	115	113	110	102	1	98	1752.700	382.542	0	0	0	7415	0	0	482	0	0	1	103	1752.870	382.358	0	0	0	7264	0	0	461	0	0	0	0	0	0
52	52	2015	889.817	417.005	151	523	861	391	61	211	1065	529	142	25	1342.401	17240	1767	986	897	831	765	696	630	543	426	196	194.189	1880	222	143	135	132	128	125	121	118	114	100	1	125	887.906	414.562	0	0	0	8704	0	0	1000	0	0	1	137	887.471	413.910	0	0	0	8008	0	0	945	0	0	0	0	0	0
53	53	1394	1383.617	415.312	217	446	355	270	76	160	489	400	263	64	219.753	1210	250	235	226	217	210	203	195	179	159	119	112.843	190	119	116	115	113	112	110	109	108	106	100	1	28	1383.542	398.167	0	0	0	719	0	0	139	0	0	1	20	1384.026	396.929	0	0	0	572	0	0	155	0	0	0	0	0	0
54	54	1905	1656.621	423.203	266	608	588	327	74	283	881	457	215	29	118.457	145	125	122	121	119	118	117	116	114	112	102	208.744	276	247	239	231	223	215	206	196	181	156	107	0	0	0.000	0.000	0	0	0	0	0	0	0	0	0	0	0	0.000	0.000	0	0	0	0	0	0	0	0	0	0	0	0	0
55	55	1650	643.884	428.910	261	466	501	348	49	248	845	374	139	19	115.865	129	122	120	119	117	116	115	113	112	110	100	109.231	124	114	112	111	110	109	108	107	106	105	100	0	0	0.000	0.000	0	0	0	0	0	0	0	0	0	0	0	0.000	0.000	0	0	0	0	0	0	0	0	0	0	0	0	0
56	56	2534	730.995	439.713	212	851	827	536	64	185	971	806	394	137	923.176	12368	1005	852	794	748	708	668	616	516	383	168	166.263	1739	165	145	139	135	132	129	126	122	116	103	1	89	740.907	447.744	0	0	0	6467	0	0	844	0	0	1	98	740.691	447.878	0	0	0	6038	0	0	810	0	0	0	0	0	0
57	57	954	1611.580	433.210	224	197	264	215	42	197	249	310	148	38	118.273	135	126	123	121	120	118	117	115	113	111	104	279.973	405	359	333	315	302	291	275	256	229	188	112	0	0	0.000	0.000	0	0	0	0	0	0	0	0	0	0	0	0.000	0.000	0	0	0	0	0	0	0	0	0	0	0	0	0
58	58	1791	1263.914	445.068	329	576	478	307	76	353	726	465	172	42	127.557	153	137	134	132	130	128	126	124	121	117	106	126.955	164	142	137	133	129	126	123	120	117	113	102	0	0	0.000	0.000	0	0	0	0	0	0	0	0	0	0	0	0.000	0.000	0	0	0	0	0	0	0	0	0	0	0	0	0
59	59	1139	1343.470	451.311	154	309	354	205	92	124	554	281	118	38	114.820	130	121	119	117	116	115	114	112	111	109	100	130.634	159	144	140	137	133	131	128	125	121	117	105	0	0	0.000	0.000	0	0	0	0	0	0	0	0	0	0	0	0.000	0.000	0	0	0	0	0	0	0	0	0	0	0	0	0
60	60	1229	1695.122	453.843	568	431	143	30	39	614	490	60	34	22	200.666	662	452	251	164	143	134	129	126	123	120	109	196.658	256	231	222	216	208	201	195	185	174	150	110	0	0	0.000	0.000	0	0	0	0	0	0	0	0	0	0	0	0.000	0.000	0	0	0	0	0	0	0	0	0	0	0	0	0
61	61	958	680.341	453.710	133	357	295	123	36	93	324	337	157	31	551.762	787	696	659	636	611	584	556	518	456	339	175	126.368	150	137	134	132	130	127	125	123	119	113	99	0	0	0.000	0.000	0	0	0	0	0	0	0	0	0	0	0	0.000	0.000	0	0	0	0	0	0	0	0	0	0	0	0	0
62	62	2555	928.171	465.395	352	624	917	493	129	291	1143	728	288	43	280.941	6184	262	218	206	198	191	184	177	167	153	120	155.739	882	171	159	153	148	144	140	135	130	124	105	1	69	929.303	458.062	0	0	0	2538	0	0	431	0	0	1	63	930.149	457.837	0	0	0	2413	0	0	513	0	0	0	0	0	0
63	63	1629	859.417	468.999	99	277	659	439	125	76	610	653	235	30	710.591	1034	892	847	816	781	739	700	649	574	463	226	125.761	145	135	132	130	128	127	125	122	119	115	103	0	0	0.000	0.000	0	0	0	0	0	0	0	0	0	0	0	0.000	0.000	0	0	0	0	0	0	0	0	0	0	0	0	0
64	64	1222	1304.763	480.089	46	325	477	240	114	72	544	378	149	57	119.032	136	125	123	122	120	119	118	117	115	113	106	135.885	165	149	145	142	139	136	133	130	127	123	106	0	0	0.000	0.000	0	0	0	0	0	0	0	0	0	0	0	0.000	0.000	0	0	0	0	0	0	0	0	0	0	0	0	0
65	65	1294	757.568	485.770	127	258	452	316	118	86	245	649	190	96	161.534	200	178	173	170	167	164	160	156	151	140	117	167.039	211	191	185	179	175	170	164	158	150	138	104	0	0	0.000	0.000	0	0	0	0	0	0	0	0	0	0	0	0.000	0.000	0	0	0	0	0	0	0	0	0	0	0	0	0
66	66	1178	629.057	486.076	145	263	345	282	121	124	348	466	166	52	354.569	538	444	409	390	375	365	351	333	303	240	128	131.686	162	144	140	137	135	133	130	128	124	118	103	0	0	0.000	0.000	0	0	0	0	0	0	0	0	0	0	0	0.000	0.000	0	0	0	0	0	0	0	0	0	0	0	0	0
67	67	2068	812.458	490.186	327	707	647	297	45	409	1075	382	160	10	796.899	15722	1218	367	244	209	194	182	172	159	147	113	301.025	3828	426	228	203	191	182	171	160	151	141	112	2	41	805.392	500.961	127	822.918	480.700	2486	7174	0	739	1535	0	2	36	805.079	500.264	103	823.086	480.471	1967	8886	0	794	1961	0	0	0	0	0
68	68	524	1263.799	486.371	86	146	140	97	43	38	133	228	85	32	126.071	141	133	131	129	128	126	125	123	121	118	110	118.372	148	131	124	121	119	117	115	114	112	109	103	0	0	0.000	0.000	0	0	0	0	0	0	0	0	0	0	0	0.000	0.000	0	0	0	0	0	0	0	0	0	0	0	0	0
69	69	980	1346.978	494.836	119	272	272	239	63	112	446	221	139	41	116.950	134	123	121	119	118	117	116	115	113	111	102	142.214	172	159	155	153	149	146	141	135	128	119	106	0	0	0.000	0.000	0	0	0	0	0	0	0	0	0	0	0	0.000	0.000	0	0	0	0	0	0	0	0	0	0	0	0	0
70	70	1026	889.172	503.050	60	413	351	159	19	88	551	261	86	24	178.422	218	196	191	186	183	179	175	171	166	159	140	138.361	174	156	150	145	141	137	134	131	127	123	107	0	0	0.000	0.000	0	0	0	0	0	0	0	0	0	0	0	0.000	0.000	0	0	0	0	0	0	0	0	0	0	0	0	0
71	71	1681	670.327	512.751	132	506	577	376	62	76	551	620	299	95	382.428	585	489	457	431	410	389	367	340	314	269	151	132.319	159	146	141	138	136	133	131	128	124	117	97	0	0	0.000	0.000	0	0	0	0	0	0	0	0	0	0	0	0.000	0.000	0	0	0	0	0	0	0	0	0	0	0	0	0
72	72	1816	166.410	528.827	774	804	153	41	21	670	838	214	35	23	935.220	1410	1242	1176	1122	1066	981	893	796	685	545	190	110.341	136	121	117	113	110	108	107	106	104	103	99	0	0	0.000	0.000	0	0	0	0	0	0	0	0	0	0	0	0.000	0.000	0	0	0	0	0	0	0	0	0	0	0	0	0
73	73	1110	743.178	527.415	197	204	351	284	49	158	212	518	192	15	870.248	8856	1599	829	680	575	516	454	392	315	243	130	287.397	2634	545	241	198	171	155	145	138	128	117	103	1	86	747.612	529.884	0	0	0	4196	0	0	1465	0	0	1	108	747.627	529.651	0	0	0	3468	0	0	1214	0	0	0	0	0	0
74	74	1538	1285.027	524.564	166	402	516	369	56	223	669	377	216	24	185.804	237	210	203	198	194	189	184	178	169	156	117	108.650	121	114	112	111	109	108	107	106	105	104	96	0	0	0.000	0.000	0	0	0	0	0	0	0	0	0	0	0	0.000	0.000	0	0	0	0	0	0	0	0	0	0	0	0	0
75	75	1608	790.403	552.680	189	477	614	255	48	170	612	580	188	28	198.613	3385	201	171	164	159	156	152	148	143	135	115	158.210	426	184	173	165	159	154	149	143	137	130	108	1	35	781.727	556.599	0	0	0	1176	0	0	290	0	0	1	21	782.168	556.099	0	0	0	1591	0	0	330	0	0	0	0	0	0
76	76	1412	1323.264	554.983	147	342	471	345	77	132	669	366	194	21	545.685	799	689	650	616	586	560	534	496	447	375	193	131.010	158	143	140	137	134	132	129	126	123	118	104	0	0	0.000	0.000	0	0	0	0	0	0	0	0	0	0	0	0.000	0.000	0	0	0	0	0	0	0	0	0	0	0	0	0
77	77	1092	697.474	550.970	89	516	370	66	27	92	497	386	86	12	124.058	158	136	132	129	125	123	120	119	116	113	105	191.322	330	261	236	215	201	188	175	162	145	126	104	0	0	0.000	0.000	0	0	0	0	0	0	0	0	0	0	0	0.000	0.000	0	0	0	0	0	0	0	0	0	0	0	0	0
78	78	1431	1513.558	553.882	120	277	525	372	105	127	464	566	187	65	2079.783	3552	2836	2640	2470	2327	2165	2041	1875	1609	1008	237	127.284	156	140	135	132	130	128	126	123	120	113	100	0	0	0.000	0.000	0	0	0	0	0	0	0	0	0	0	0	0.000	0.000	0	0	0	0	0	0	0	0	0	0	0	0	0
79	79	1131	651.099	557.567	118	367	368	210	48	107	518	296	158	30	458.045	656	585	553	522	492	462	435	407	363	318	200	119.159	136	127	125	122	120	119	117	116	114	112	105	0	0	0.000	0.000	0	0	0	0	0	0	0	0	0	0	0	0.000	0.000	0	0	0	0	0	0	0	0	0	0	0	0	0
80	80	995	745.176	573.786	432	195	190	132	33	267	156	286	194	79	196.923	293	236	228	221	214	205	194	178	162	142	113	211.971	396	260	248	240	231	220	206	187	169	146	113	0	0	0.000	0.000	0	0	0	0	0	0	0	0	0	0	0	0.000	0.000	0	0	0	0	0	0	0	0	0	0	0	0	0
81	81	807	1280.763	571.253	71	171	281	230	40	79	358	235	99	21	460.741	675	588	542	518	494	473	449	421	394	323	145	126.404	147	136	133	131	129	127	125	123	120	115	102	0	0	0.000	0.000	0	0	0	0	0	0	0	0	0	0	0	0.000	0.000	0	0	0	0	0	0	0	0	0	0	0	0	0
82	82	1718	159.374	583.522	313	641	489	216	25	336	800	364	165	20	823.856	2977	1075	1000	949	899	838	772	696	595	443	167	106.978	128	114	110	108	107	106	105	104	103	102	96	0	0	0.000	0.000	0	0	0	0	0	0	0	0	0	0	0	0.000	0.000	0	0	0	0	0	0	0	0	0	0	0	0	0
83	83	2060	1468.573	589.895	301	569	611	443	98	321	896	606	174	24	2583.144	16337	3519	3068	2737	2501	2260	2030	1855	1612	1028	200	146.952	659	154	143	139	135	132	128	125	120	114	100	1	73	1452.330	597.963	0	0	0	11463	0	0	490	0	0	1	106	1452.479	597.551	0	0	0	9265	0	0	418	0	0	0	0	0	0
84	84	1696	1363.818	589.850	1214	245	126	67	20	1045	356	155	96	28	857.172	1373	1189	1116	1057	997	938	864	742	575	365	126	109.927	126	115	113	112	111	110	109	108	106	105	99	0	0	0.000	0.000	0	0	0	0	0	0	0	0	0	0	0	0.000	0.000	0	0	0	0	0	0	0	0	0	0	0	0	0
85	85	1841	683.239	596.531	281	758	543	203	15	184	716	587	263	61	551.343	884	769	709	665	614	565	524	467	394	308	132	122.143	148	134	130	127	125	123	120	117	114	109	100	0	0	0.000	0.000	0	0	0	0	0	0	0	0	0	0	0	0.000	0.000	0	0	0	0	0	0	0	0	0	0	0	0	0
86	86	648	1575.486	594.490	83	217	216	105	13	75	217	215	97	33	113.519	126	118	117	115	114	114	113	112	110	109	104	138.151	169	156	152	148	144	142	137	132	123	114	105	0	0	0.000	0.000	0	0	0	0	0	0	0	0	0	0	0	0.000	0.000	0	0	0	0	0	0	0	0	0	0	0	0	0
87	87	1960	769.081	614.241	445	735	518	179	48	587	1003	263	61	17	125.646	174	136	131	128	126	125	123	121	119	116	106	504.399	933	680	648	614	572	532	487	430	361	258	121	0	0	0.000	0.000	0	0	0	0	0	0	0	0	0	0	0	0.000	0.000	0	0	0	0	0	0	0	0	0	0	0	0	0
88	88	1694	1394.436	630.385	155	412	554	402	129	131	685	519	224	96	659.434	1066	903	811	754	698	651	610	569	515	432	194	110.100	126	116	114	112	111	110	109	108	107	105	95	0	0	0.000	0.000	0	0	0	0	0	0	0	0	0	0	0	0.000	0.000	0	0	0	0	0	0	0	0	0	0	0	0	0
89	89	1607	718.557	635.194	181	372	498	378	147	181	639	436	242	79	218.873	1488	248	230	218	208	199	191	183	173	159	113	144.722	389	167	158	152	146	140	136	132	127	121	103	1	37	717.740	644.198	0	0	0	827	0	0	232	0	0	1	27	717.960	641.686	0	0	0	386	0	0	289	0	0	0	0	0	0
90	90	1945	1484.023	643.192	147	586	767	360	44	164	763	704	248	31	121.880	145	129	127	125	124	122	121	119	117	114	100	146.757	188	165	160	156	153	148	144	140	134	124	104	0	0	0.000	0.000	0	0	0	0	0	0	0	0	0	0	0	0.000	0.000	0	0	0	0	0	0	0	0	0	0	0	0	0
91	91	893	1347.635	645.630	59	272	303	212	32	36	255	296	224	65	565.413	817	742	707	673	637	603	558	503	433	325	128	109.589	121	114	113	112	110	109	108	107	106	105	100	0	0	0.000	0.000	0	0	0	0	0	0	0	0	0	0	0	0.000	0.000	0	0	0	0	0	0	0	0	0	0	0	0	0
92	92	1228	1433.086	659.913	105	262	439	312	90	99	441	430	167	67	121.330	137	128	126	124	123	121	120	119	117	114	106	148.786	183	166	162	157	153	149	146	142	138	130	110	0	0	0.000	0.000	0	0	0	0	0	0	0	0	0	0	0	0.000	0.000	0	0	0	0	0	0	0	0	0	0	0	0	0
93	93	1483	1274.342	661.324	144	539	554	197	24	273	730	317	119	12	298.094	5161	351	212	189	180	174	167	160	151	138	107	140.380	509	151	142	138	136	133	130	126	122	116	103	1	61	1274.027	668.946	0	0	0	2210	0	0	305	0	0	1	50	1274.118	668.674	0	0	0	2780	0	0	339	0	0	0	0	0	0
94	94	1619	674.006	668.410	228	505	526	295	43	264	887	340	78	16	765.095	14715	1060	340	246	230	223	215	204	188	163	113	194.384	1502	239	164	157	154	151	147	141	133	120	103	1	108	673.459	678.594	0	0	0	6766	0	0	668	0	0	1	100	674.390	677.661	0	0	0	4801	0	0	761	0	0	0	0	0	0
95	95	1413	752.485	672.511	160	442	467	279	43	120	579	419	235	35	869.863	1328	1173	1109	1029	959	893	811	735	634	534	249	137.435	172	155	150	146	142	138	134	130	125	117	103	0	0	0.000	0.000	0	0	0	0	0	0	0	0	0	0	0	0.000	0.000	0	0	0	0	0	0	0	0	0	0	0	0	0
96	96	1238	1218.300	681.121	362	501	233	84	37	463	583	116	42	15	123.620	216	138	130	125	122	120	119	117	115	113	104	139.662	180	161	156	150	145	140	134	129	124	118	104	0	0	0.000	0.000	0	0	0	0	0	0	0	0	0	0	0	0.000	0.000	0	0	0	0	0	0	0	0	0	0	0	0	0
97	97	1431	1294.976	698.824	179	413	457	299	59	239	695	322	134	21	1019.480	17810	1968	436	257	224	210	199	189	170	148	108	203.911	1772	278	156	141	136	131	127	123	118	110	99	1	116	1287.905	693.595	0	0	0	7748	0	0	659	0	0	1	117	1289.041	692.924	0	0	0	5261	0	0	872	0	0	0	0	0	0
98	98	856	1255.195	705.717	55	195	296	252	40	76	427	216	104	17	176.157	213	196	192	188	184	181	175	168	160	149	125	125.810	150	138	134	131	129	127	124	121	117	112	102	0	0	0.000	0.000	0	0	0	0	0	0	0	0	0	0	0	0.000	0.000	0	0	0	0	0	0	0	0	0	0	0	0	0
99	99	1362	1169.686	709.265	198	431	436	232	35	208	473	410	202	40	232.103	310	277	268	259	252	245	234	218	194	162	116	108.532	134	118	112	109	108	107	106	105	104	103	98	0	0	0.000	0.000	0	0	0	0	0	0	0	0	0	1	230	1174.477	710.405	0	0	0	258	0	0	119	0	0	0	0	0	0
100	100	860	1211.561	722.354	54	216	333	177	65	59	381	312	81	13	261.512	352	316	302	289	276	265	254	239	225	200	149	108.163	155	112	110	109	108	107	106	105	105	103	95	0	0	0.000	0.000	0	0	0	0	0	0	0	0	0	0	0	0.000	0.000	0	0	0	0	0	0	0	0	0	0	0	0	0
101	101	1245	155.074	743.389	97	357	416	283	72	92	425	434	201	70	118.191	133	124	122	121	119	118	117	116	114	112	105	132.995	154	144	141	138	136	134	132	129	126	121	104	0	0	0.000	0.000	0	0	0	0	0	0	0	0	0	0	0	0.000	0.000	0	0	0	0	0	0	0	0	0	0	0	0	0
102	102	1660	202.075	751.959	531	444	444	203	15	469	471	466	171	46	125.645	167	137	132	129	127	125	123	121	119	116	104	395.860	597	522	489	461	435	408	375	348	312	251	123	0	0	0.000	0.000	0	0	0	0	0	0	0	0	0	0	0	0.000	0.000	0	0	0	0	0	0	0	0	0	0	0	0	0
103	103	2219	1844.108	751.529	701	1121	324	19	15	923	1033	189	14	14	373.694	530	464	445	433	419	403	381	345	292	229	130	114.953	138	125	121	119	116	114	112	110	109	106	99	0	0	0.000	0.000	0	0	0	0	0	0	0	0	0	0	0	0.000	0.000	0	0	0	0	0	0	0	0	0	0	0	0	0
104	104	1735	423.804	767.183	285	474	534	304	110	262	492	521	311	115	135.981	312	147	142	139	137	134	133	130	127	123	108	136.383	166	152	148	145	141	138	135	130	125	117	104	0	0	0.000	0.000	0	0	0	0	0	0	0	0	0	0	0	0.000	0.000	0	0	0	0	0	0	0	0	0	0	0	0	0
105	105	1273	1882.553	784.204	177	378	425	229	36	136	346	365	287	109	115.051	127	120	119	117	116	115	114	113	111	109	102	225.810	298	270	259	250	239	229	217	206	194	179	114	0	0	0.000	0.000	0	0	0	0	0	0	0	0	0	0	0	0.000	0.000	0	0	0	0	0	0	0	0	0	0	0	0	0
106	106	1716	1928.653	791.274	446	710	421	90	12	445	880	309	36	11	121.411	160	129	126	124	122	121	120	118	116	114	104	159.566	216	189	178	171	165	160	154	149	142	131	105	0	0	0.000	0.000	0	0	0	0	0	0	0	0	0	0	0	0.000	0.000	0	0	0	0	0	0	0	0	0	0	0	0	0
107	107	1399	955.893	824.738	159	409	423	303	80	179	496	445	203	50	327.234	470	398	379	362	347	334	319	306	285	239	146	111.091	127	117	114	113	111	111	110	109	108	106	100	0	0	0.000	0.000	0	0	0	0	0	0	0	0	0	0	0	0.000	0.000	0	0	0	0	0	0	0	0	0	0	0	0	0
108	108	2319	338.769	836.787	649	862	548	190	20	662	999	501	99	17	435.129	11013	393	220	194	185	177	170	161	151	138	108	176.240	1268	180	169	164	160	155	149	142	134	124	105	1	95	349.011	834.182	0	0	0	4769	0	0	629	0	0	1	82	349.276	833.942	0	0	0	5956	0	0	717	0	0	0	0	0	0
109	109	1630	1744.354	838.432	275	533	471	284	41	294	728	399	148	22	117.472	137	124	122	120	119	118	116	115	113	111	102	473.284	693	611	569	536	508	479	446	418	387	326	171	0	0	0.000	0.000	0	0	0	0	0	0	0	0	0	0	0	0.000	0.000	0	0	0	0	0	0	0	0	0	0	0	0	0
110	110	1826	1019.635	835.419	276	522	502	366	111	264	511	557	384	73	312.825	459	393	370	355	337	320	304	286	265	213	117	107.657	125	113	111	109	108	107	106	106	105	103	97	0	0	0.000	0.000	0	0	0	0	0	0	0	0	0	0	0	0.000	0.000	0	0	0	0	0	0	0	0	0	0	0	0	0
111	111	815	1133.699	846.201	216	199	221	129	37	151	162	341	136	13	120.919	144	131	127	125	123	121	119	117	114	112	104	217.085	356	286	259	245	234	223	210	191	167	139	107	0	0	0.000	0.000	0	0	0	0	0	0	0	0	0	0	0	0.000	0.000	0	0	0	0	0	0	0	0	0	0	0	0	0
112	112	1646	391.947	857.704	200	454	529	374	68	162	753	433	217	57	134.618	163	145	142	139	137	135	133	131	128	124	110	147.672	186	167	161	156	152	149	145	140	134	126	106	0	0	0.000	0.000	0	0	0	0	0	0	0	0	0	0	0	0.000	0.000	0	0	0	0	0	0	0	0	0	0	0	0	0
113	113	619	525.095	859.169	33	227	224	88	35	34	298	206	54	14	149.186	206	175	164	158	152	146	142	137	134	130	115	107.428	118	111	110	109	108	107	107	106	105	104	98	0	0	0.000	0.000	0	0	0	0	0	0	0	0	0	0	0	0.000	0.000	0	0	0	0	0	0	0	0	0	0	0	0	0
114	114	2271	483.634	866.711	497	796	679	201	63	486	855	600	241	47	7521.873	38580	27741	14440	4461	2456	2127	1885	1593	1264	949	309	1162.244	8980	4888	1088	381	240	197	185	171	155	139	107	0	0	0.000	0.000	0	0	0	0	0	0	0	0	0	1	512	484.749	864.401	0	0	0	26437	0	0	4233	0	0	0	0	0	0
115	115	2100	1841.554	883.333	316	783	708	212	41	698	969	341	36	8	987.202	1724	1325	1195	1111	1051	993	944	893	821	604	199	108.487	121	113	111	110	109	108	107	106	105	104	97	0	0	0.000	0.000	0	0	0	0	0	0	0	0	0	0	0	0.000	0.000	0	0	0	0	0	0	0	0	0	0	0	0	0
116	116	1012	1769.361	873.481	495	249	157	89	11	411	372	163	43	7	187.201	827	227	204	189	180	173	165	154	142	128	111	228.317	1740	311	224	205	190	181	172	162	147	130	108	1	40	1764.245	864.548	0	0	0	489	0	0	1038	0	0	1	48	1764.528	864.621	0	0	0	462	0	0	970	0	0	0	0	0	0
117	117	1599	329.247	890.705	1101	281	154	33	12	934	346	197	85	25	228.129	346	301	285	265	243	228	215	200	182	148	107	133.298	177	157	149	143	137	132	127	123	119	112	101	0	0	0.000	0.000	0	0	0	0	0	0	0	0	0	0	0	0.000	0.000	0	0	0	0	0	0	0	0	0	0	0	0	0
118	118	1656	1594.210	896.624	104	392	534	471	122	151	757	542	156	19	239.998	5563	235	168	160	155	150	146	142	138	132	112	159.182	471	179	170	164	159	154	150	145	140	133	109	1	44	1580.938	907.839	0	0	0	2356	0	0	304	0	0	1	29	1581.225	906.791	0	0	0	2111	0	0	353	0	0	0	0	0	0
119	119	1695	1918.821	910.866	232	372	615	360	83	220	663	558	189	32	311.208	488	409	384	360	338	313	287	262	239	210	138	117.038	148	129	124	120	118	116	114	112	110	108	101	0	0	0.000	0.000	0	0	0	0	0	0	0	0	0	0	0	0.000	0.000	0	0	0	0	0	0	0	0	0	0	0	0	0
120	120	1570	1806.886	917.525	1126	343	31	24	17	1306	200	22	15	15	303.276	446	374	354	338	325	310	295	279	256	222	135	123.461	149	135	131	128	125	123	121	119	116	113	104	0	0	0.000	0.000	0	0	0	0	0	0	0	0	0	0	0	0.000	0.000	0	0	0	0	0	0	0	0	0	0	0	0	0
121	121	2223	496.869	932.525	232	376	857	555	163	201	818	825	257	68	2391.848	3680	3194	2992	2831	2689	2528	2365	2146	1772	1327	332	193.040	261	231	220	211	204	198	189	178	164	148	108	0	0	0.000	0.000	0	0	0	0	0	0	0	0	0	0	0	0.000	0.000	0	0	0	0	0	0	0	0	0	0	0	0	0
122	122	1410	442.584	928.433	151	388	463	333	43	146	799	288	132	21	414.174	8635	520	237	194	185	176	169	162	156	148	121	130.653	576	144	127	123	120	118	116	114	112	110	100	1	65	450.844	937.260	0	0	0	3920	0	0	293	0	0	1	65	450.859	936.848	0	0	0	3505	0	0	293	0	0	0	0	0	0
123	123	1767	1170.763	934.477	493	405	520	294	24	473	587	461	182	42	120.383	140	129	127	124	122	121	118	116	114	111	102	262.692	390	349	330	313	290	268	245	224	194	162	109	0	0	0.000	0.000	0	0	0	0	0	0	0	0	0	0	0	0.000	0.000	0	0	0	0	0	0	0	0	0	0	0	0	0
124	124	1154	361.007	934.997	125	287	316	319	94	107	336	352	215	127	225.198	320	273	259	248	240	231	221	208	191	167	119	130.314	155	144	140	137	134	131	128	125	121	116	104	0	0	0.000	0.000	0	0	0	0	0	0	0	0	0	0	0	0.000	0.000	0	0	0	0	0	0	0	0	0	0	0	0	0
125	125	1618	1221.190	952.523	92	272	662	419	138	128	535	680	191	47	866.060	1369	1215	1145	1053	976	913	841	745	611	425	139	122.896	148	135	131	128	126	123	120	118	114	110	100	0	0	0.000	0.000	0	0	0	0	0	0	0	0	0	0	0	0.000	0.000	0	0	0	0	0	0	0	0	0	0	0	0	0
126	126	3607	1297.541	962.007	1157	1410	887	58	15	1072	1444	828	184	25	116.829	142	125	122	120	118	117	115	113	111	109	99	225.525	355	279	263	254	245	236	224	206	182	150	106	0	0	0.000	0.000	0	0	0	0	0	0	0	0	0	0	0	0.000	0.000	0	0	0	0	0	0	0	0	0	0	0	0	0
127	127	674	412.239	952.113	72	202	188	149	50	62	177	252	125	33	153.441	187	170	166	163	159	156	152	147	141	132	115	116.763	136	127	124	121	119	116	114	112	110	107	99	0	0	0.000	0.000	0	0	0	0	0	0	0	0	0	0	0	0.000	0.000	0	0	0	0	0	0	0	0	0	0	0	0	0
128	128	1271	1797.585	965.730	261	366	317	235	71	357	435	323	115	27	271.766	373	332	318	306	293	280	260	247	233	198	125	122.233	145	132	129	127	125	123	121	118	116	112	101	0	0	0.000	0.000	0	0	0	0	0	0	0	0	0	0	0	0.000	0.000	0	0	0	0	0	0	0	0	0	0	0	0	0
129	129	1933	462.414	982.002	276	332	759	406	126	230	769	636	219	42	2702.873	26932	6457	1777	1194	1031	920	839	773	686	531	228	265.738	2487	506	186	143	133	126	122	119	115	112	100	1	241	461.248	985.850	0	0	0	14793	0	0	1013	0	0	1	219	461.295	985.993	0	0	0	16002	0	0	1170	0	0	0	0	0	0
130	130	926	1349.493	976.780	431	338	107	31	11	276	379	140	74	31	147.419	203	174	164	157	152	147	142	136	129	120	107	284.212	508	382	351	325	305	284	268	244	212	174	124	0	0	0.000	0.000	0	0	0	0	0	0	0	0	0	0	0	0.000	0.000	0	0	0	0	0	0	0	0	0	0	0	0	0
131	131	1101	380.231	981.543	68	180	430	339	69	68	235	486	223	64	232.068	650	272	256	246	237	230	221	213	202	182	133	117.640	141	126	123	121	119	117	116	114	112	109	101	0	0	0.000	0.000	0	0	0	0	0	0	0	0	0	0	0	0.000	0.000	0	0	0	0	0	0	0	0	0	0	0	0	0
132	132	2299	1398.522	998.137	689	857	575	118	16	521	1062	486	149	30	116.223	137	125	121	119	118	116	114	112	111	108	99	125.143	161	138	133	130	128	125	123	120	116	111	101	0	0	0.000	0.000	0	0	0	0	0	0	0	0	0	0	0	0.000	0.000	0	0	0	0	0	0	0	0	0	0	0	0	0
133	133	693	634.179	996.691	371	131	88	46	45	402	139	89	45	14	1752.300	2998	2620	2355	2097	1929	1798	1653	1450	1223	797	267	108.553	122	114	112	110	109	108	107	106	105	104	97	0	0	0.000	0.000	0	0	0	0	0	0	0	0	0	0	0	0.000	0.000	0	0	0	0	0	0	0	0	0	0	0	0	0
134	134	1611	1302.888	1021.881	155	575	515	276	48	279	737	376	157	28	126.577	900	130	126	124	123	121	120	118	116	114	102	138.669	172	153	147	144	141	138	136	133	130	126	106	1	25	1311.527	1012.380	0	0	0	311	0	0	144	0	0	0	0	0.000	0.000	0	0	0	0	0	0	0	0	0	0	0	0	0
135	135	1371	1644.831	1028.076	110	382	498	287	67	89	582	443	168	64	219.036	2056	245	211	202	196	190	184	178	170	159	118	123.797	332	134	129	126	123	121	119	116	113	110	98	1	27	1654.319	1022.108	0	0	0	1001	0	0	195	0	0	1	30	1655.052	1022.847	0	0	0	1013	0	0	226	0	0	0	0	0	0
136	136	2441	465.555	1039.787	282	325	896	636	257	376	1213	586	210	15	1013.840	9827	1163	1075	1021	972	921	861	775	646	491	208	128.007	583	135	128	125	122	120	118	115	112	109	101	1	57	448.733	1042.563	0	0	0	6046	0	0	374	0	0	1	72	447.367	1042.498	0	0	0	4024	0	0	346	0	0	0	0	0	0
137	137	1620	1211.766	1034.385	184	420	653	292	36	130	457	668	251	83	371.478	5128	414	345	315	293	278	262	246	225	197	130	122.597	407	129	124	121	120	117	116	114	112	109	99	1	52	1213.354	1026.624	0	0	0	2554	0	0	202	0	0	1	48	1212.167	1026.944	0	0	0	1837	0	0	250	0	0	0	0	0	0
138	138	1906	1433.441	1054.453	205	599	670	359	42	144	676	715	250	78	113.737	131	119	117	116	115	114	113	112	110	108	101	203.899	302	257	244	229	213	200	189	179	171	155	117	0	0	0.000	0.000	0	0	0	0	0	0	0	0	0	0	0	0.000	0.000	0	0	0	0	0	0	0	0	0	0	0	0	0
139	139	1010	192.110	1056.735	399	363	159	48	26	502	352	95	31	14	765.059	10193	1443	590	416	362	317	289	265	239	204	151	545.479	7087	1008	398	286	243	225	207	191	176	154	122	1	77	194.678	1058.369	0	0	0	4685	0	0	3295	0	0	1	77	194.705	1057.109	0	0	0	2897	0	0	3484	0	0	0	0	0	0
140	140	2559	105.358	1074.456	307	416	885	604	283	333	591	1132	318	153	1175.611	20140	1412	769	683	619	556	488	425	355	283	121	183.364	1905	211	146	136	130	125	121	117	114	110	101	1	137	98.228	1069.025	0	0	0	10558	0	0	962	0	0	1	140	98.186	1069.061	0	0	0	10386	0	0	959	0	0	0	0	0	0
141	141	1843	1176.021	1074.464	174	402	795	372	56	109	569	791	283	47	253.043	2360	289	267	254	242	232	221	210	197	179	120	118.839	272	128	124	120	118	116	115	113	111	109	101	1	30	1176.670	1066.937	0	0	0	1244	0	0	199	0	0	1	33	1176.609	1067.124	0	0	0	971	0	0	191	0	0	0	0	0	0
142	142	1594	1630.125	1075.373	111	367	568	372	142	122	434	635	306	73	616.276	13634	689	251	212	203	198	192	187	179	164	127	162.434	1374	174	133	130	128	126	124	122	119	115	103	1	83	1643.048	1077.737	0	0	0	6322	0	0	668	0	0	1	79	1642.986	1077.611	0	0	0	6714	0	0	692	0	0	0	0	0	0
143	143	1200	1306.541	1071.150	144	268	451	268	54	134	421	418	168	36	119.195	135	126	124	122	121	119	118	117	115	112	104	134.788	163	149	145	142	139	136	133	130	125	118	102	0	0	0.000	0.000	0	0	0	0	0	0	0	0	0	0	0	0.000	0.000	0	0	0	0	0	0	0	0	0	0	0	0	0
144	144	1365	1376.471	1081.865	172	268	411	391	105	107	303	547	277	111	116.413	137	123	121	119	118	116	115	114	112	110	102	133.593	165	149	145	140	136	132	130	127	123	119	108	0	0	0.000	0.000	0	0	0	0	0	0	0	0	0	0	0	0.000	0.000	0	0	0	0	0	0	0	0	0	0	0	0	0
145	145	1829	168.943	1100.338	440	739	492	96	32	551	890	260	64	22	1867.055	23401	4481	1014	532	404	326	286	255	228	196	123	1168.421	16158	2826	664	365	266	220	194	175	158	140	109	1	219	169.536	1101.104	0	0	0	10906	0	0	6368	0	0	1	197	169.808	1100.937	0	0	0	12869	0	0	7549	0	0	0	0	0	0
146	146	1162	1478.459	1091.641	103	276	391	289	73	123	450	378	155	42	138.577	167	150	147	145	142	140	138	135	130	124	108	105.746	115	109	108	107	106	106	105	104	104	103	98	0	0	0.000	0.000	0	0	0	0	0	0	0	0	0	0	0	0.000	0.000	0	0	0	0	0	0	0	0	0	0	0	0	0
147	147	1120	1256.601	1095.353	141	366	357	202	28	115	462	332	144	42	293.321	412	361	344	331	316	301	284	267	244	214	140	119.269	137	128	125	123	121	119	117	116	114	111	101	0	0	0.000	0.000	0	0	0	0	0	0	0	0	0	0	0	0.000	0.000	0	0	0	0	0	0	0	0	0	0	0	0	0
148	148	1013	1417.761	1101.996	68	287	310	225	97	78	412	304	157	41	113.748	129	119	117	116	115	114	113	111	110	109	103	201.035	269	240	230	222	213	208	200	192	173	147	114	0	0	0.000	0.000	0	0	0	0	0	0	0	0	0	0	0	0.000	0.000	0	0	0	0	0	0	0	0	0	0	0	0	0
149	149	1853	1211.918	1116.063	179	788	626	195	26	190	909	538	146	29	1088.346	20196	1630	488	337	304	290	277	261	239	211	149	199.530	2105	255	146	132	128	124	122	120	117	113	101	1	121	1204.737	1109.060	0	0	0	9972	0	0	996	0	0	1	118	1204.691	1108.625	0	0	0	10166	0	0	1040	0	0	0	0	0	0
150	150	1600	1163.190	1129.087	216	576	513	233	32	175	628	507	198	62	729.317	12603	978	403	331	303	282	268	253	238	211	129	152.344	1006	177	133	127	124	122	120	118	115	112	100	1	105	1160.464	1118.264	0	0	0	5393	0	0	440	0	0	1	94	1160.813	1118.518	0	0	0	6138	0	0	547	0	0	0	0	0	0
151	151	922	1338.582	1122.038	75	158	306	215	152	90	386	288	121	18	735.876	1012	918	882	848	813	774	734	676	596	494	201	133.284	157	148	144	142	140	137	133	128	121	112	101	0	0	0.000	0.000	0	0	0	0	0	0	0	0	0	0	0	0.000	0.000	0	0	0	0	0	0	0	0	0	0	0	0	0
152	152	1440	119.997	1134.003	650	543	152	56	18	576	570	167	66	36	536.671	789	701	676	650	617	577	525	464	389	300	154	131.112	158	145	142	139	135	132	128	124	120	116	101	0	0	0.000	0.000	0	0	0	0	0	0	0	0	0	0	0	0.000	0.000	0	0	0	0	0	0	0	0	0	0	0	0	0
153	153	1427	1376.068	1150.278	156	312	440	362	131	167	711	345	164	15	1109.559	1703	1423	1320	1257	1208	1147	1093	1021	884	694	357	108.524	128	114	112	110	109	108	107	106	105	104	99	0	0	0.000	0.000	0	0	0	0	0	0	0	0	0	0	0	0.000	0.000	0	0	0	0	0	0	0	0	0	0	0	0	0
154	154	1173	1426.662	1151.366	125	361	438	208	23	115	360	417	180	72	273.215	394	337	320	305	290	274	260	245	232	208	152	116.026	138	125	122	120	117	115	114	112	110	108	101	0	0	0.000	0.000	0	0	0	0	0	0	0	0	0	0	0	0.000	0.000	0	0	0	0	0	0	0	0	0	0	0	0	0
155	155	2339	1260.934	1160.494	167	382	930	691	121	165	1020	775	280	57	214.435	1520	227	210	203	197	193	188	181	170	153	119	170.108	322	194	187	181	177	172	167	161	153	140	109	2	35	1249.724	1177.482	38	1284.787	1161.343	737	790	0	220	189	0	0	0	0.000	0.000	0	0	0	0	0	0	0	0	0	0	0	0	0
156	156	728	1201.618	1197.265	86	136	229	181	84	78	182	272	121	62	374.805	528	480	460	442	425	407	376	337	290	215	119	112.919	130	121	118	116	114	112	111	110	108	106	97	0	0	0.000	0.000	0	0	0	0	0	0	0	0	0	0	0	0.000	0.000	0	0	0	0	0	0	0	0	0	0	0	0	0
157	157	1520	1354.809	1203.844	244	504	495	227	14	324	728	277	139	24	976.117	1513	1312	1200	1117	1033	963	913	846	759	666	243	106.789	117	111	109	108	107	107	106	105	104	103	96	0	0	0.000	0.000	0	0	0	0	0	0	0	0	0	0	0	0.000	0.000	0	0	0	0	0	0	0	0	0	0	0	0	0
158	158	1668	1157.600	1215.373	196	414	580	358	89	131	656	502	272	65	835.521	6020	1155	874	780	729	686	634	568	501	405	187	110.588	163	118	114	111	110	109	108	106	105	104	99	1	59	1159.015	1211.817	0	0	0	3829	0	0	142	0	0	0	0	0.000	0.000	0	0	0	0	0	0	0	0	0	0	0	0	0
159	159	1134	1640.098	1215.241	92	390	455	162	18	86	511	410	95	15	275.702	387	328	313	302	291	280	271	258	241	211	146	107.870	128	112	110	109	108	108	107	106	105	104	99	0	0	0.000	0.000	0	0	0	0	0	0	0	0	0	0	0	0.000	0.000	0	0	0	0	0	0	0	0	0	0	0	0	0
160	160	1924	1303.207	1223.089	89	389	790	506	112	193	1193	348	158	9	797.490	7363	1061	874	773	720	681	640	599	537	385	139	137.875	620	150	141	136	132	129	127	124	120	114	103	1	47	1302.257	1214.194	0	0	0	4132	0	0	371	0	0	1	54	1302.391	1213.840	0	0	0	3809	0	0	364	0	0	0	0	0	0
161	161	1824	214.132	1230.789	888	753	113	28	22	843	765	153	29	12	510.052	10974	595	337	290	246	218	201	184	170	152	115	158.741	967	175	152	146	142	138	134	130	124	117	103	1	77	218.917	1227.332	0	0	0	5420	0	0	434	0	0	1	70	219.178	1227.776	0	0	0	5728	0	0	553	0	0	0	0	0	0
162	162	570	1385.704	1228.902	56	148	215	121	20	30	131	282	95	22	125.126	142	133	130	128	127	126	124	122	120	118	108	143.977	167	157	154	151	148	145	142	139	135	128	109	0	0	0.000	0.000	0	0	0	0	0	0	0	0	0	0	0	0.000	0.000	0	0	0	0	0	0	0	0	0	0	0	0	0
163	163	1127	1344.482	1255.796	78	317	367	289	65	124	387	407	155	38	289.848	503	362	339	327	315	300	284	263	235	201	127	121.369	315	136	127	122	119	117	115	113	112	109	102	0	0	0.000	0.000	0	0	0	0	0	0	0	0	0	1	25	1352.581	1253.657	0	0	0	413	0	0	206	0	0	0	0	0	0
164	164	1783	1796.973	1265.210	897	677	126	39	12	964	649	89	35	13	118.119	179	127	122	120	118	117	115	114	112	109	103	106.324	119	110	109	108	107	106	105	105	104	103	97	0	0	0.000	0.000	0	0	0	0	0	0	0	0	0	0	0	0.000	0.000	0	0	0	0	0	0	0	0	0	0	0	0	0
165	165	1930	250.147	1270.791	829	694	317	37	28	613	690	405	139	46	285.084	4277	338	281	262	244	231	219	202	186	165	125	148.306	502	165	156	151	147	143	139	136	131	125	106	1	32	250.900	1280.799	0	0	0	2279	0	0	246	0	0	1	35	251.340	1281.861	0	0	0	1873	0	0	334	0	0	0	0	0	0
166	166	1253	102.722	1276.634	198	303	401	278	60	159	424	396	195	55	116.480	133	123	120	119	117	116	115	114	113	111	103	126.131	154	140	136	132	129	126	123	120	117	113	99	0	0	0.000	0.000	0	0	0	0	0	0	0	0	0	0	0	0.000	0.000	0	0	0	0	0	0	0	0	0	0	0	0	0
167	167	1874	1306.316	1295.426	227	493	740	337	49	220	645	743	184	34	307.272	479	395	370	344	326	310	294	273	244	209	145	120.692	144	132	128	125	122	120	118	116	114	111	101	0	0	0.000	0.000	0	0	0	0	0	0	0	0	0	0	0	0.000	0.000	0	0	0	0	0	0	0	0	0	0	0	0	0
168	168	840	1859.095	1290.485	81	229	259	203	53	57	338	273	123	35	112.456	127	118	116	115	113	112	111	110	109	107	101	105.449	117	109	108	107	106	105	105	104	103	102	98	0	0	0.000	0.000	0	0	0	0	0	0	0	0	0	0	0	0.000	0.000	0	0	0	0	0	0	0	0	0	0	0	0	0
169	169	1415	1107.929	1310.267	153	581	520	114	23	229	869	230	52	8	793.392	1880	1068	978	913	847	783	726	661	591	521	364	124.724	168	132	129	127	126	124	123	122	120	117	108	0	0	0.000	0.000	0	0	0	0	0	0	0	0	0	0	0	0.000	0.000	0	0	0	0	0	0	0	0	0	0	0	0	0
170	170	2240	1823.433	1323.408	201	669	717	492	112	283	1058	565	225	71	112.006	129	117	115	114	113	112	111	110	108	107	100	106.345	126	110	109	108	107	106	105	105	104	103	98	0	0	0.000	0.000	0	0	0	0	0	0	0	0	0	0	0	0.000	0.000	0	0	0	0	0	0	0	0	0	0	0	0	0
171	171	1057	1502.975	1312.975	213	359	302	141	17	190	426	240	150	40	251.377	3593	336	191	173	167	163	159	154	149	142	118	158.430	408	183	174	167	159	153	147	143	138	132	109	1	43	1494.039	1306.071	0	0	0	1274	0	0	189	0	0	1	19	1496.830	1305.706	0	0	0	697	0	0	322	0	0	0	0	0	0
172	172	1274	1544.690	1324.366	45	348	591	224	44	36	367	632	171	37	121.079	136	128	126	124	122	121	120	119	117	114	103	173.097	217	198	190	183	177	172	168	163	158	152	121	0	0	0.000	0.000	0	0	0	0	0	0	0	0	0	0	0	0.000	0.000	0	0	0	0	0	0	0	0	0	0	0	0	0
173	173	2018	121.744	1331.367	296	752	570	306	46	382	902	486	185	23	1365.052	13741	1675	1207	1091	1030	963	873	780	676	534	199	165.486	1076	197	144	138	134	131	127	123	119	114	99	1	122	117.602	1332.625	0	0	0	7658	0	0	622	0	0	1	133	117.750	1331.894	0	0	0	7076	0	0	586	0	0	0	0	0	0
174	174	1114	1350.647	1323.052	318	409	280	68	15	225	481	268	101	21	117.724	202	130	123	119	117	115	113	112	110	108	102	121.595	159	139	134	129	125	120	115	112	109	107	100	0	0	0.000	0.000	0	0	0	0	0	0	0	0	0	0	0	0.000	0.000	0	0	0	0	0	0	0	0	0	0	0	0	0
175	175	577	1311.131	1340.746	206	176	126	46	18	141	239	151	36	6	152.282	197	178	171	166	161	155	149	142	132	120	106	261.194	421	364	345	328	314	287	254	203	149	121	105	0	0	0.000	0.000	0	0	0	0	0	0	0	0	0	0	0	0.000	0.000	0	0	0	0	0	0	0	0	0	0	0	0	0
176	176	1770	1458.999	1359.447	402	646	544	123	27	346	699	510	145	40	1471.679	18952	2285	951	716	647	610	578	531	452	361	156	197.773	2085	249	145	132	127	124	121	118	114	111	102	1	140	1464.236	1360.039	0	0	0	10308	0	0	870	0	0	1	118	1464.407	1359.839	0	0	0	11360	0	0	1027	0	0	0	0	0	0
177	177	1634	1509.967	1362.297	44	286	675	418	177	43	366	868	233	95	1086.151	1882	1535	1342	1243	1146	1062	995	923	833	688	304	121.633	147	134	130	126	123	121	118	116	114	111	99	0	0	0.000	0.000	0	0	0	0	0	0	0	0	0	0	0	0.000	0.000	0	0	0	0	0	0	0	0	0	0	0	0	0
178	178	1616	1776.862	1365.211	208	381	497	358	123	245	656	437	184	72	187.807	251	218	208	202	197	192	186	178	165	149	116	135.736	168	153	148	143	139	136	133	129	124	118	100	0	0	0.000	0.000	0	0	0	0	0	0	0	0	0	0	0	0.000	0.000	0	0	0	0	0	0	0	0	0	0	0	0	0
179	179	958	622.793	1363.917	301	217	292	105	31	302	352	216	55	13	118.769	143	131	127	124	120	118	116	113	111	108	99	114.590	149	131	122	117	114	112	110	108	107	104	98	0	0	0.000	0.000	0	0	0	0	0	0	0	0	0	0	0	0.000	0.000	0	0	0	0	0	0	0	0	0	0	0	0	0
180	180	785	1050.901	1364.854	360	212	110	67	25	273	267	157	64	10	175.431	733	201	184	175	171	165	159	153	145	136	108	424.124	2886	532	474	451	426	403	373	332	279	207	133	1	20	1050.421	1351.821	0	0	0	513	0	0	1572	0	0	1	19	1050.741	1351.599	0	0	0	513	0	0	1771	0	0	0	0	0	0
181	181	1465	1365.302	1376.774	150	359	536	311	72	121	374	621	243	80	138.577	174	154	149	144	141	138	135	132	129	125	112	130.740	162	146	139	136	133	130	128	125	122	117	103	0	0	0.000	0.000	0	0	0	0	0	0	0	0	0	0	0	0.000	0.000	0	0	0	0	0	0	0	0	0	0	0	0	0
182	182	1759	168.195	1409.710	350	480	491	344	55	351	645	488	198	46	811.456	1259	1113	1061	989	909	846	780	682	573	430	205	114.215	147	125	120	118	115	113	111	110	108	106	99	0	0	0.000	0.000	0	0	0	0	0	0	0	0	0	0	0	0.000	0.000	0	0	0	0	0	0	0	0	0	0	0	0	0
183	183	1573	1524.770	1409.485	274	451	491	277	56	251	552	520	166	60	1596.782	12555	2161	1593	1474	1372	1284	1176	1057	909	728	255	143.048	766	157	136	132	128	125	122	119	116	112	102	1	70	1514.315	1401.023	0	0	0	7739	0	0	422	0	0	1	73	1514.941	1400.372	0	0	0	7109	0	0	408	0	0	0	0	0	0
184	184	1888	1790.568	1415.183	326	624	565	274	63	398	876	444	116	20	1430.398	22285	2860	663	359	261	222	203	188	169	146	113	255.044	2617	380	182	155	145	139	134	129	125	117	102	1	173	1787.104	1413.449	0	0	0	10616	0	0	1175	0	0	1	161	1786.989	1412.970	0	0	0	11459	0	0	1244	0	0	0	0	0	0
185	185	1659	1397.568	1422.956	827	716	43	23	16	1283	310	19	11	10	125.289	148	134	131	129	127	126	124	122	120	116	105	151.279	190	172	166	161	157	153	149	144	138	127	102	0	0	0.000	0.000	0	0	0	0	0	0	0	0	0	0	0	0.000	0.000	0	0	0	0	0	0	0	0	0	0	0	0	0
186	186	1178	1264.645	1428.546	57	290	507	226	66	59	599	373	101	26	1229.640	16977	1464	938	765	683	632	590	550	517	468	263	164.449	1266	182	134	128	124	121	119	117	115	112	101	1	120	1252.066	1433.819	0	0	0	8796	0	0	567	0	0	1	103	1252.295	1433.610	0	0	0	9983	0	0	684	0	0	0	0	0	0
187	187	877	1334.408	1436.226	83	265	302	191	18	96	439	218	93	11	136.022	163	147	143	140	138	136	134	132	130	125	107	126.656	148	137	134	132	129	127	125	123	120	115	101	0	0	0.000	0.000	0	0	0	0	0	0	0	0	0	0	0	0.000	0.000	0	0	0	0	0	0	0	0	0	0	0	0	0
188	188	1796	1498.531	1450.286	176	488	636	358	107	157	567	674	287	68	137.745	1480	138	133	130	128	126	125	123	121	117	104	146.971	191	169	162	156	151	147	143	139	133	124	107	1	22	1502.910	1465.953	0	0	0	757	0	0	164	0	0	0	0	0.000	0.000	0	0	0	0	0	0	0	0	0	0	0	0	0
189	189	1690	187.206	1462.192	163	546	537	308	100	176	685	506	213	77	254.114	2148	285	268	256	246	237	227	217	205	189	135	134.567	661	146	138	134	131	129	126	123	120	113	100	1	28	181.675	1455.130	0	0	0	1083	0	0	177	0	0	1	30	183.477	1455.092	0	0	0	588	0	0	345	0	0	0	0	0	0
190	190	1657	1385.027	1470.407	189	498	524	314	114	298	875	290	133	27	1328.523	12667	1937	1053	960	901	857	796	723	650	555	194	215.934	1975	294	154	142	138	134	131	126	122	117	104	1	121	1392.596	1475.191	0	0	0	7020	0	0	1048	0	0	1	137	1392.787	1475.714	0	0	0	5855	0	0	970	0	0	0	0	0	0
191	191	1297	1561.650	1479.481	294	317	431	177	50	336	413	398	98	24	867.599	9816	1230	821	705	614	542	498	462	425	341	181	150.306	833	178	143	135	130	126	124	121	118	114	102	1	66	1555.128	1477.085	0	0	0	5258	0	0	271	0	0	1	75	1556.630	1477.178	0	0	0	3161	0	0	433	0	0	0	0	0	0
192	192	1830	1426.822	1489.131	132	399	869	284	109	81	504	959	152	94	171.626	212	193	186	181	177	173	169	164	158	149	111	239.129	321	282	270	262	254	246	237	224	207	184	136	0	0	0.000	0.000	0	0	0	0	0	0	0	0	0	0	0	0.000	0.000	0	0	0	0	0	0	0	0	0	0	0	0	0
193	193	1040	153.719	1491.357	248	369	290	69	35	309	411	218	63	24	193.978	252	225	216	210	204	198	192	185	173	153	112	110.562	130	120	116	113	111	110	108	107	105	104	98	0	0	0.000	0.000	0	0	0	0	0	0	0	0	0	0	0	0.000	0.000	0	0	0	0	0	0	0	0	0	0	0	0	0
194	194	1749	1476.089	1503.121	564	718	376	35	20	525	717	423	38	17	389.745	8973	450	235	200	185	175	168	160	151	141	112	181.926	1605	197	167	160	155	150	145	140	134	126	109	1	71	1480.086	1504.998	0	0	0	3569	0	0	659	0	0	1	62	1479.870	1505.879	0	0	0	3569	0	0	806	0	0	0	0	0	0
195	195	1204	217.563	1503.532	166	356	321	222	115	268	304	402	167	39	227.266	313	270	259	250	242	235	227	214	195	172	126	126.580	150	138	135	132	129	127	125	122	118	114	102	0	0	0.000	0.000	0	0	0	0	0	0	0	0	0	0	0	0.000	0.000	0	0	0	0	0	0	0	0	0	0	0	0	0
196	196	1217	1523.373	1503.549	571	446	132	33	20	614	429	102	47	19	487.260	684	606	573	549	525	501	479	455	412	337	125	123.896	142	133	130	128	126	124	122	120	118	115	102	0	0	0.000	0.000	0	0	0	0	0	0	0	0	0	0	0	0.000	0.000	0	0	0	0	0	0	0	0	0	0	0	0	0
197	197	1670	1431.058	1544.804	175	452	650	305	47	242	916	342	123	13	1150.684	17844	2113	574	315	238	209	193	181	167	150	115	294.231	1652	374	298	277	263	247	228	211	193	165	105	1	158	1434.714	1540.469	0	0	0	8100	0	0	698	0	0	1	102	1435.472	1539.748	0	0	0	12154	0	0	1045	0	0	0	0	0	0
198	198	1246	306.583	1546.674	184	374	406	199	59	204	489	404	104	20	201.567	709	232	222	214	206	199	190	181	171	155	126	115.574	145	124	121	119	117	115	113	112	110	107	98	0	0	0.000	0.000	0	0	0	0	0	0	0	0	0	0	0	0.000	0.000	0	0	0	0	0	0	0	0	0	0	0	0	0
199	199	1625	920.251	1562.463	148	380	615	331	116	151	865	401	155	25	131.942	154	143	140	137	135	133	131	128	124	119	104	345.940	494	451	430	410	387	362	332	300	260	213	127	0	0	0.000	0.000	0	0	0	0	0	0	0	0	0	0	0	0.000	0.000	0	0	0	0	0	0	0	0	0	0	0	0	0
200	200	1230	1147.934	1574.047	87	391	475	215	39	54	410	523	174	49	283.762	384	335	320	307	296	286	277	265	249	230	149	141.613	168	155	151	148	145	142	139	136	133	128	111	0	0	0.000	0.000	0	0	0	0	0	0	0	0	0	0	0	0.000	0.000	0	0	0	0	0	0	0	0	0	0	0	0	0
201	201	1820	1394.208	1593.131	129	572	640	370	72	93	779	599	215	102	257.377	5724	286	184	173	167	161	155	150	145	138	110	163.770	865	179	169	163	158	154	149	144	138	131	105	1	47	1383.457	1604.417	0	0	0	2406	0	0	483	0	0	1	44	1382.775	1603.507	0	0	0	1678	0	0	499	0	0	0	0	0	0
202	202	785	1446.316	1587.218	108	256	249	122	34	168	236	277	68	21	157.510	205	177	171	165	161	157	153	150	146	139	113	153.694	190	172	166	161	157	154	152	148	143	134	107	0	0	0.000	0.000	0	0	0	0	0	0	0	0	0	0	0	0.000	0.000	0	0	0	0	0	0	0	0	0	0	0	0	0
203	203	2310	1399.466	1642.070	328	1157	546	189	58	322	1327	413	137	83	1001.119	18064	1344	426	314	287	265	244	226	207	180	113	197.754	2029	232	147	139	135	131	127	124	120	114	100	1	163	1392.345	1633.903	0	0	0	9189	0	0	817	0	0	1	148	1392.982	1633.364	0	0	0	10441	0	0	1006	0	0	0	0	0	0
204	204	1105	770.919	1638.195	147	297	356	228	56	155	385	410	120	16	179.392	455	213	194	187	181	175	168	161	153	141	117	169.443	218	197	189	183	177	171	165	159	150	138	114	0	0	0.000	0.000	0	0	0	0	0	0	0	0	0	0	0	0.000	0.000	0	0	0	0	0	0	0	0	0	0	0	0	0
205	205	1823	1918.765	1650.854	1020	597	147	20	12	1085	542	133	25	12	243.790	2875	407	217	174	152	141	136	131	126	121	106	463.586	926	704	604	546	497	457	420	391	323	220	122	0	0	0.000	0.000	0	0	0	0	0	0	0	0	0	0	0	0.000	0.000	0	0	0	0	0	0	0	0	0	0	0	0	0
206	206	1681	1305.426	1689.398	190	463	596	307	82	124	646	577	201	94	247.624	367	306	291	278	264	250	236	223	205	179	128	130.246	160	145	142	138	134	131	127	123	119	114	100	0	0	0.000	0.000	0	0	0	0	0	0	0	0	0	0	0	0.000	0.000	0	0	0	0	0	0	0	0	0	0	0	0	0
207	207	606	1248.696	1687.872	105	201	162	107	17	70	154	229	125	20	144.460	179	161	156	151	148	145	142	139	133	126	110	151.889	192	172	165	161	157	154	150	145	138	129	111	0	0	0.000	0.000	0	0	0	0	0	0	0	0	0	0	0	0.000	0.000	0	0	0	0	0	0	0	0	0	0	0	0	0
208	208	1854	1754.803	1736.103	391	763	482	162	27	405	1077	262	68	12	2906.253	27770	8402	2068	1189	1009	888	784	707	578	423	193	257.133	2283	507	187	144	128	122	119	116	113	110	102	1	251	1748.106	1735.202	0	0	0	15370	0	0	928	0	0	1	213	1748.377	1734.952	0	0	0	17484	0	0	1102	0	0	0	0	0	0
209	209	1012	542.722	1743.902	85	304	323	209	68	122	462	258	121	31	614.959	1092	894	789	705	632	579	543	507	453	389	229	106.304	117	110	108	108	107	106	105	105	104	103	99	0	0	0.000	0.000	0	0	0	0	0	0	0	0	0	0	0	0.000	0.000	0	0	0	0	0	0	0	0	0	0	0	0	0
210	210	1430	415.361	1751.858	255	561	434	126	29	278	809	249	63	9	671.973	12271	1097	398	276	235	217	203	191	179	166	127	165.280	731	190	161	155	150	145	141	137	134	129	110	1	88	422.021	1746.830	0	0	0	5695	0	0	415	0	0	1	79	422.307	1747.017	0	0	0	5871	0	0	437	0	0	0	0	0	0
211	211	2038	460.223	1772.717	155	628	801	333	76	167	1042	605	168	25	1026.260	17315	1675	485	290	236	221	213	205	195	178	126	200.762	1426	257	167	155	150	145	141	137	133	127	110	1	157	448.803	1777.866	0	0	0	8710	0	0	743	0	0	1	158	449.085	1777.815	0	0	0	8710	0	0	743	0	0	0	0	0	0
212	212	1597	514.387	1782.618	94	449	585	349	88	101	617	597	201	51	718.686	1108	958	890	825	774	725	676	628	561	470	213	106.824	118	110	109	108	107	107	106	105	105	103	98	0	0	0.000	0.000	0	0	0	0	0	0	0	0	0	0	0	0.000	0.000	0	0	0	0	0	0	0	0	0	0	0	0	0
213	213	1914	993.624	1781.402	302	792	590	173	34	307	885	506	156	29	118.997	137	126	124	122	121	119	118	116	114	111	101	218.168	302	267	252	239	227	218	208	198	189	172	118	0	0	0.000	0.000	0	0	0	0	0	0	0	0	0	0	0	0.000	0.000	0	0	0	0	0	0	0	0	0	0	0	0	0
214	214	1924	1442.999	1781.684	585	757	407	119	20	444	899	387	138	23	118.472	148	129	125	123	121	119	117	114	111	108	99	530.451	978	787	673	611	564	533	497	440	376	281	141	0	0	0.000	0.000	0	0	0	0	0	0	0	0	0	0	0	0.000	0.000	0	0	0	0	0	0	0	0	0	0	0	0	0
215	215	986	946.602	1792.824	524	361	48	23	16	492	375	54	32	21	519.805	723	625	596	573	554	538	515	485	450	389	202	117.858	142	126	122	120	119	117	116	114	113	111	104	0	0	0.000	0.000	0	0	0	0	0	0	0	0	0	0	0	0.000	0.000	0	0	0	0	0	0	0	0	0	0	0	0	0
216	216	1783	408.923	1803.038	240	521	650	274	74	247	796	516	159	24	1853.808	23525	5122	1020	389	260	226	209	198	187	171	115	240.291	1535	415	202	175	165	158	151	145	140	133	106	1	228	400.498	1807.398	0	0	0	11269	0	0	725	0	0	1	189	400.922	1807.349	0	0	0	14136	0	0	857	0	0	0	0	0	0
217	217	1600	849.965	1806.353	111	641	519	260	27	92	637	468	288	82	790.486	9204	1007	699	629	582	526	486	446	400	356	201	124.461	449	130	121	118	116	114	113	112	110	108	102	1	80	842.608	1798.430	0	0	0	4882	0	0	283	0	0	1	77	841.833	1798.303	0	0	0	4882	0	0	283	0	0	0	0	0	0
218	218	1989	1744.246	1804.339	314	639	652	266	77	226	748	669	240	73	1427.009	17220	1851	1331	1169	1033	940	847	762	687	553	236	147.953	1064	164	130	123	120	117	115	113	111	109	100	1	92	1745.984	1803.904	0	0	0	9437	0	0	614	0	0	1	109	1745.832	1803.791	0	0	0	7690	0	0	551	0	0	0	0	0	0
219	219	1224	1576.301	1803.602	125	322	366	298	100	121	443	390	216	29	193.289	1603	212	184	177	172	168	164	158	147	132	108	152.038	383	180	172	166	161	155	148	139	118	109	100	1	35	1586.557	1807.843	0	0	0	817	0	0	186	0	0	1	14	1591.626	1801.873	0	0	0	165	0	0	331	0	0	0	0	0	0
220	220	1100	287.993	1819.765	126	328	294	241	92	196	319	355	155	46	242.068	318	282	269	261	253	245	238	229	216	195	142	108.117	131	116	111	109	108	107	106	105	104	103	97	0	0	0.000	0.000	0	0	0	0	0	0	0	0	0	1	129	286.344	1824.807	0	0	0	249	0	0	118	0	0	0	0	0	0
221	221	1116	330.738	1822.910	162	367	344	194	27	150	287	385	250	31	112.953	125	118	116	115	114	113	112	111	110	108	100	131.045	163	146	141	137	133	130	128	125	122	118	104	0	0	0.000	0.000	0	0	0	0	0	0	0	0	0	0	0	0.000	0.000	0	0	0	0	0	0	0	0	0	0	0	0	0
222	222	640	462.803	1815.418	167	171	152	104	38	182	210	176	50	14	171.595	230	205	194	184	176	170	164	158	152	143	115	108.130	124	113	111	110	109	108	107	106	105	104	97	0	0	0.000	0.000	0	0	0	0	0	0	0	0	0	0	0	0.000	0.000	0	0	0	0	0	0	0	0	0	0	0	0	0
223	223	1364	1804.520	1826.760	182	327	445	329	63	140	476	474	202	47	115.045	130	122	120	118	116	115	114	112	110	108	99	212.807	293	256	245	235	226	217	208	198	184	158	117	0	0	0.000	0.000	0	0	0	0	0	0	0	0	0	0	0	0.000	0.000	0	0	0	0	0	0	0	0	0	0	0	0	0
224	224	922	812.233	1833.885	68	283	299	179	80	41	316	389	133	24	538.859	794	711	666	620	577	538	497	464	425	378	231	115.706	132	123	120	118	117	115	114	113	111	109	99	0	0	0.000	0.000	0	0	0	0	0	0	0	0	0	0	0	0.000	0.000	0	0	0	0	0	0	0	0	0	0	0	0	0
225	225	2572	501.466	1850.423	307	595	870	564	186	234	864	1003	330	88	156.591	204	174	169	165	162	159	155	151	145	135	109	149.981	188	170	165	161	156	152	147	142	136	125	102	0	0	0.000	0.000	0	0	0	0	0	0	0	0	0	0	0	0.000	0.000	0	0	0	0	0	0	0	0	0	0	0	0	0
226	226	3347	420.862	1849.146	2095	821	298	78	15	2066	934	244	49	18	155.240	314	202	189	176	161	148	138	131	123	115	104	113.349	166	121	118	116	114	112	111	109	107	105	99	0	0	0.000	0.000	0	0	0	0	0	0	0	0	0	0	0	0.000	0.000	0	0	0	0	0	0	0	0	0	0	0	0	0
227	227	2129	645.177	1854.638	386	662	642	335	59	527	1078	395	86	6	2801.569	26775	5145	2168	1782	1612	1483	1378	1289	1111	794	194	284.409	2939	426	205	173	163	156	149	144	136	125	106	1	194	650.673	1854.343	0	0	0	14752	0	0	1340	0	0	1	180	651.636	1853.734	0	0	0	15714	0	0	1395	0	0	0	0	0	0
228	228	1672	759.071	1846.134	137	617	580	275	34	150	873	376	214	33	1316.118	20120	2475	733	438	344	321	302	287	268	235	129	185.611	1434	257	145	132	126	123	121	119	117	114	106	1	144	752.507	1849.436	0	0	0	8847	0	0	701	0	0	1	138	752.842	1849.338	0	0	0	10016	0	0	733	0	0	0	0	0	0
229	229	1991	1851.432	1855.356	267	584	677	357	82	196	827	626	242	57	113.592	134	121	118	116	115	113	112	110	109	107	99	201.138	294	245	231	220	209	200	192	185	175	156	110	0	0	0.000	0.000	0	0	0	0	0	0	0	0	0	0	0	0.000	0.000	0	0	0	0	0	0	0	0	0	0	0	0	0
230	230	1675	1755.427	1854.244	217	567	530	263	58	175	853	465	148	10	734.792	1070	943	890	850	814	772	716	656	579	454	251	114.093	130	120	118	117	116	114	113	112	110	108	99	0	0	0.000	0.000	0	0	0	0	0	0	0	0	0	0	0	0.000	0.000	0	0	0	0	0	0	0	0	0	0	0	0	0
231	231	1754	593.061	1875.142	214	720	528	230	30	219	835	467	174	28	827.696	1335	1111	1017	941	881	832	785	732	655	540	203	142.320	179	158	153	149	146	143	140	136	132	126	105	0	0	0.000	0.000	0	0	0	0	0	0	0	0	0	0	0	0.000	0.000	0	0	0	0	0	0	0	0	0	0	0	0	0
232	232	729	247.043	1866.191	353	208	95	43	23	361	239	69	31	17	144.160	208	159	152	148	145	142	140	138	135	131	116	106.630	118	111	109	108	107	106	105	105	104	103	97	0	0	0.000	0.000	0	0	0	0	0	0	0	0	0	0	0	0.000	0.000	0	0	0	0	0	0	0	0	0	0	0	0	0
233	233	1479	363.076	1880.778	67	428	497	322	132	48	498	587	233	80	139.248	169	153	149	146	142	139	137	133	130	124	109	127.030	155	140	135	132	129	127	124	122	119	115	105	0	0	0.000	0.000	0	0	0	0	0	0	0	0	0	0	0	0.000	0.000	0	0	0	0	0	0	0	0	0	0	0	0	0
234	234	1023	802.448	1875.036	138	306	301	211	47	81	315	373	155	75	243.025	324	294	279	266	256	249	241	231	212	180	123	115.597	131	123	121	119	117	115	114	112	111	109	100	0	0	0.000	0.000	0	0	0	0	0	0	0	0	0	0	0	0.000	0.000	0	0	0	0	0	0	0	0	0	0	0	0	0
235	235	2054	719.538	1882.392	240	792	729	225	32	170	912	683	186	64	2105.721	24135	4962	1255	792	626	536	476	433	362	275	156	367.245	3965	723	241	171	151	141	134	129	124	119	105	1	250	719.099	1878.568	0	0	0	12242	0	0	1707	0	0	1	225	719.561	1878.472	0	0	0	13975	0	0	1884	0	0	0	0	0	0
236	236	1540	1553.477	1884.788	299	504	485	193	37	200	633	458	152	61	127.425	152	137	135	133	131	129	126	123	120	116	104	129.772	157	141	138	136	134	131	129	126	122	116	102	0	0	0.000	0.000	0	0	0	0	0	0	0	0	0	0	0	0.000	0.000	0	0	0	0	0	0	0	0	0	0	0	0	0
237	237	1755	1353.668	1894.216	224	589	608	265	39	221	903	443	141	20	404.899	8856	499	233	180	163	157	152	147	140	128	104	169.687	520	200	185	176	168	161	156	149	139	129	104	1	78	1348.436	1901.221	0	0	0	4233	0	0	342	0	0	1	52	1348.432	1900.255	0	0	0	5015	0	0	395	0	0	0	0	0	0
238	238	869	764.263	1889.699	107	358	250	124	19	75	442	252	73	14	437.940	595	541	514	490	461	437	422	406	377	327	171	125.860	145	134	131	130	128	126	124	122	120	118	107	0	0	0.000	0.000	0	0	0	0	0	0	0	0	0	0	0	0.000	0.000	0	0	0	0	0	0	0	0	0	0	0	0	0
239	239	1278	549.630	1901.184	182	524	410	120	18	129	553	405	139	17	1051.710	1588	1446	1320	1235	1150	1057	975	870	792	703	282	146.154	188	168	161	156	151	145	141	136	131	126	109	0	0	0.000	0.000	0	0	0	0	0	0	0	0	0	0	0	0.000	0.000	0	0	0	0	0	0	0	0	0	0	0	0	0
240	240	1832	1407.365	1914.273	423	763	468	115	18	332	890	426	128	18	1295.819	21331	2268	635	359	273	233	217	202	185	164	119	337.641	3363	489	267	231	215	203	194	186	174	155	117	1	158	1407.949	1912.793	0	0	0	9694	0	0	1467	0	0	1	130	1408.319	1912.530	0	0	0	11802	0	0	1732	0	0	0	0	0	0
241	241	870	1667.601	1914.590	146	164	238	223	78	128	310	260	150	10	734.517	1175	1063	985	914	843	768	686	587	484	354	169	108.121	120	113	112	110	109	108	107	106	105	103	98	0	0	0.000	0.000	0	0	0	0	0	0	0	0	0	0	0	0.000	0.000	0	0	0	0	0	0	0	0	0	0	0	0	0
242	242	1727	1546.986	1936.070	206	612	525	297	51	153	635	573	242	96	242.537	5699	270	160	143	138	135	131	126	122	116	104	136.071	395	147	142	139	137	134	131	128	123	117	103	1	55	1543.787	1925.206	0	0	0	2402	0	0	180	0	0	1	32	1544.911	1923.388	0	0	0	1220	0	0	277	0	0	0	0	0	0
243	243	2227	1020.409	1947.569	293	543	734	425	192	268	969	627	277	47	269.110	5505	242	215	208	202	196	190	179	167	152	113	180.658	965	204	195	190	184	175	166	155	144	132	109	1	52	1022.028	1966.322	0	0	0	2439	0	0	464	0	0	1	38	1022.538	1965.849	0	0	0	3333	0	0	637	0	0	0	0	0	0
244	244	1822	955.622	1941.966	173	381	746	367	108	79	494	886	270	61	628.076	12809	853	332	238	205	189	175	164	155	142	108	194.470	1197	243	195	184	175	165	154	142	133	125	105	1	103	959.349	1934.165	0	0	0	6124	0	0	614	0	0	1	94	959.598	1933.963	0	0	0	6585	0	0	651	0	0	0	0	0	0
245	245	1340	1602.670	1947.505	424	420	312	144	16	238	324	512	190	54	115.845	135	126	123	121	118	116	113	111	108	105	97	642.251	1164	972	896	828	742	670	583	501	389	224	127	0	0	0.000	0.000	0	0	0	0	0	0	0	0	0	0	0	0.000	0.000	0	0	0	0	0	0	0	0	0	0	0	0	0
246	246	1538	716.396	1946.146	284	644	436	126	21	243	831	344	69	22	119.404	138	126	124	122	121	120	118	117	115	112	103	525.380	801	673	631	599	568	540	510	483	433	340	175	0	0	0.000	0.000	0	0	0	0	0	0	0	0	0	0	0	0.000	0.000	0	0	0	0	0	0	0	0	0	0	0	0	0
247	247	2242	574.618	1949.227	211	731	697	474	86	131	908	720	333	104	931.596	9860	1236	1006	907	828	740	656	577	517	443	253	144.397	863	162	145	138	132	127	124	120	117	114	105	1	64	568.225	1946.298	0	0	0	5898	0	0	470	0	0	1	74	568.980	1946.348	0	0	0	5280	0	0	480	0	0	0	0	0	0
248	248	1795	1359.508	1952.665	109	339	841	421	42	72	263	959	382	86	362.380	8775	415	218	185	172	164	159	153	146	138	106	136.290	676	145	133	129	127	124	122	119	116	111	102	1	63	1349.131	1944.940	0	0	0	3803	0	0	273	0	0	1	63	1350.229	1943.755	0	0	0	2188	0	0	399	0	0	0	0	0	0
249	249	577	632.172	1944.858	89	158	167	121	31	73	133	222	110	22	889.882	1232	1122	1074	1017	953	910	858	810	741	625	321	127.199	148	138	135	133	130	128	126	123	119	114	103	0	0	0.000	0.000	0	0	0	0	0	0	0	0	0	0	0	0.000	0.000	0	0	0	0	0	0	0	0	0	0	0	0	0
250	250	1994	801.982	1965.700	252	609	703	303	87	226	827	682	178	44	112.609	126	118	116	115	114	113	112	110	109	107	101	173.098	237	203	192	185	180	175	170	163	153	140	110	0	0	0.000	0.000	0	0	0	0	0	0	0	0	0	0	0	0.000	0.000	0	0	0	0	0	0	0	0	0	0	0	0	0
251	251	1293	1681.164	1956.972	236	337	351	267	77	171	487	363	190	62	772.177	6691	1073	881	765	666	594	540	482	432	331	140	112.968	247	120	115	113	111	110	108	107	106	104	99	1	47	1676.374	1955.238	0	0	0	3738	0	0	176	0	0	1	43	1675.667	1954.763	0	0	0	3738	0	0	177	0	0	0	0	0	0
252	252	1420	1426.269	1961.398	242	363	379	323	89	254	577	358	185	25	174.572	1408	187	177	171	167	162	157	153	145	135	106	328.537	529	419	399	382	364	343	316	288	256	214	122	1	27	1437.824	1974.261	0	0	0	693	0	0	383	0	0	0	0	0.000	0.000	0	0	0	0	0	0	0	0	0	0	0	0	0
253	253	806	1274.188	1957.640	194	225	172	142	61	130	132	285	191	54	117.737	136	127	124	121	120	118	116	114	112	109	100	162.351	233	198	186	177	170	163	156	147	137	125	108	0	0	0.000	0.000	0	0	0	0	0	0	0	0	0	0	0	0.000	0.000	0	0	0	0	0	0	0	0	0	0	0	0	0
254	254	1389	851.107	1966.273	246	532	401	149	37	213	576	474	74	27	272.277	6483	275	176	163	157	152	147	142	134	125	105	167.382	680	187	177	170	163	158	152	146	140	127	104	0	0	0.000	0.000	0	0	0	0	0	0	0	0	0	1	54	861.016	1955.127	0	0	0	3401	0	0	423	0	0	0	0	0	0
255	255	903	666.208	1963.712	470	270	93	41	22	462	297	68	40	23	118.629	152	125	123	121	120	119	117	116	114	112	101	437.586	688	592	554	516	474	433	393	360	332	291	169	0	0	0.000	0.000	0	0	0	0	0	0	0	0	0	0	0	0.000	0.000	0	0	0	0	0	0	0	0	0	0	0	0	0
