 	cell	area	x	y	BFI_lev_b1	BFI_lev_b2	BFI_lev_b3	BFI_lev_b4	BFI_lev_b5	BFO_lev_b1	BFO_lev_b2	BFO_lev_b3	BFO_lev_b4	BFO_lev_b5	GFP_int_mean	GFP_int_b0	GFP_int_b1	GFP_int_b2	GFP_int_b3	GFP_int_b4	GFP_int_b5	GFP_int_b6	GFP_int_b7	GFP_int_b8	GFP_int_b9	GFP_int_b10	RFP_int_mean	RFP_int_b0	RFP_int_b1	RFP_int_b2	RFP_int_b3	RFP_int_b4	RFP_int_b5	RFP_int_b6	RFP_int_b7	RFP_int_b8	RFP_int_b9	RFP_int_b10	inGFPnfoci	f1_inGFParea	f1_inGFPx	f1_inGFPy	f2_inGFParea	f2_inGFPx	f2_inGFPy	f1_inGFP_toGFPmed	f1_inGFP_toGFPmean	f2_inGFP_toGFPmed	f2_inGFP_toGFPmean	f1_inGFP_toRFPmed	f1_inGFP_toRFPmean	f2_inGFP_toRFPmed	f2_inGFP_toRFPmean	inRFPnfoci	f1_inRFParea	f1_inRFPx	f1_inRFPy	f2_inRFParea	f2_inRFPx	f2_inRFPy	f1_inRFP_toGFPmed	f1_inRFP_toGFPmean	f2_inRFP_toGFPmed	f2_inRFP_toGFPmean	f1_inRFP_toRFPmed	f1_inRFP_toRFPmean	f2_inRFP_toRFPmed	f2_inRFP_toRFPmean
1	1	1926	1328.987	80.191	200	552	675	429	36	148	480	751	354	150	109.652	123	115	113	112	111	110	109	107	106	104	97	201.074	280	241	229	219	212	205	198	189	175	152	107	0	0	0.000	0.000	0	0.000	0.000	0	0	0	0	0	0	0	0	0	0	0.000	0.000	0	0	0	0	0	0	0	0	0	0	0
2	2	1993	292.452	82.747	296	378	739	476	64	290	456	773	306	129	123.094	146	134	131	128	126	124	122	119	115	110	99	139.063	177	159	154	150	146	141	136	130	123	115	101	0	0	0.000	0.000	0	0.000	0.000	0	0	0	0	0	0	0	0	0	0	0.000	0.000	0	0	0	0	0	0	0	0	0	0	0
3	3	1774	777.147	84.679	442	644	438	203	10	299	756	459	173	49	710.269	10918	918	562	493	443	402	375	349	309	243	134	130.873	677	145	122	118	116	114	112	110	108	106	99	1	88	764.374	81.879	0	0.000	0.000	5029	0	0	0	374	0	0	0	1	89	764.718	82.339	0	0	0	5022	0	0	0	370	0	0	0
4	4	1497	137.519	85.100	924	387	126	36	10	689	395	278	94	17	116.526	140	127	124	122	119	117	114	111	108	105	96	398.556	646	557	520	477	444	418	390	346	275	197	109	0	0	0.000	0.000	0	0.000	0.000	0	0	0	0	0	0	0	0	0	0	0.000	0.000	0	0	0	0	0	0	0	0	0	0	0
5	5	1693	704.030	93.571	334	495	540	239	42	201	382	609	339	132	130.245	153	141	139	136	134	132	129	126	121	116	103	120.559	145	133	129	126	123	120	118	116	112	109	102	0	0	0.000	0.000	0	0.000	0.000	0	0	0	0	0	0	0	0	0	0	0.000	0.000	0	0	0	0	0	0	0	0	0	0	0
6	6	1518	635.132	96.145	298	400	564	189	40	296	506	461	206	27	814.175	1395	1147	1023	950	884	834	783	708	592	426	178	104.596	123	108	107	106	105	104	104	103	102	101	93	0	0	0.000	0.000	0	0.000	0.000	0	0	0	0	0	0	0	0	0	0	0.000	0.000	0	0	0	0	0	0	0	0	0	0	0
7	7	1858	185.231	103.019	350	524	665	266	21	252	365	724	380	105	110.759	126	117	115	113	112	111	110	108	106	104	98	225.609	313	281	268	257	247	239	228	206	178	148	106	0	0	0.000	0.000	0	0.000	0.000	0	0	0	0	0	0	0	0	0	0	0.000	0.000	0	0	0	0	0	0	0	0	0	0	0
8	8	672	96.396	96.147	68	175	195	164	57	43	178	231	164	47	108.606	122	114	112	111	110	108	107	106	105	103	97	174.629	237	207	199	193	185	178	171	163	152	135	105	0	0	0.000	0.000	0	0.000	0.000	0	0	0	0	0	0	0	0	0	0	0.000	0.000	0	0	0	0	0	0	0	0	0	0	0
9	9	2517	1177.668	121.015	708	1104	595	61	8	439	939	749	312	39	894.104	16497	888	597	538	500	469	421	364	321	273	136	155.922	1408	164	129	125	121	118	116	113	110	108	99	1	116	1184.995	127.405	0	0.000	0.000	8174	0	0	0	770	0	0	0	1	132	1185.457	126.882	0	0	0	6897	0	0	0	692	0	0	0
10	10	1744	1897.820	118.265	179	710	621	176	16	118	395	750	338	116	191.335	4100	167	136	131	128	125	123	120	117	112	99	139.226	249	155	150	146	143	140	136	133	127	119	100	1	51	1882.742	110.260	0	0.000	0.000	1684	0	0	0	176	0	0	0	0	0	0.000	0.000	0	0	0	0	0	0	0	0	0	0	0
11	11	530	1741.574	109.714	291	136	44	29	20	301	140	45	20	15	146.464	177	164	161	157	154	150	145	139	133	124	104	135.681	199	181	161	145	134	128	121	116	113	110	96	0	0	0.000	0.000	0	0.000	0.000	0	0	0	0	0	0	0	0	0	0	0.000	0.000	0	0	0	0	0	0	0	0	0	0	0
12	12	1079	1359.171	117.818	288	385	293	72	26	197	382	306	156	25	108.862	120	114	112	111	110	109	108	107	105	104	98	181.998	276	249	231	214	198	189	178	151	119	107	98	0	0	0.000	0.000	0	0.000	0.000	0	0	0	0	0	0	0	0	0	0	0.000	0.000	0	0	0	0	0	0	0	0	0	0	0
13	13	3773	1815.505	131.267	1147	1591	857	98	13	957	1627	902	194	30	132.434	2194	129	124	121	119	118	116	114	112	108	99	271.785	621	361	340	323	305	286	258	223	191	162	113	1	41	1836.475	127.084	0	0.000	0.000	955	0	0	0	467	0	0	0	0	0	0.000	0.000	0	0	0	0	0	0	0	0	0	0	0
14	14	1396	966.711	125.630	273	439	455	180	26	189	550	392	180	58	127.162	150	137	134	132	130	128	126	123	120	114	104	172.491	233	208	198	189	180	173	164	157	150	136	107	0	0	0.000	0.000	0	0.000	0.000	0	0	0	0	0	0	0	0	0	0	0.000	0.000	0	0	0	0	0	0	0	0	0	0	0
15	15	1059	1590.289	125.414	125	207	295	317	87	88	254	406	201	96	316.660	472	406	383	363	344	322	305	285	258	208	115	111.085	132	119	115	113	112	110	109	108	106	105	99	0	0	0.000	0.000	0	0.000	0.000	0	0	0	0	0	0	0	0	0	0	0.000	0.000	0	0	0	0	0	0	0	0	0	0	0
16	16	2320	812.243	143.800	1000	945	262	56	18	1005	1036	202	26	8	110.894	132	116	114	113	112	111	110	109	107	105	98	104.761	118	110	108	106	105	104	103	102	102	101	91	0	0	0.000	0.000	0	0.000	0.000	0	0	0	0	0	0	0	0	0	0	0.000	0.000	0	0	0	0	0	0	0	0	0	0	0
17	17	1823	1652.873	157.979	346	507	702	228	17	304	529	614	305	39	2232.261	28652	6690	1109	384	245	207	189	175	160	144	108	362.892	3874	850	242	153	137	129	123	119	115	111	99	1	241	1656.229	162.682	0	0.000	0.000	14134	0	0	0	1489	0	0	0	1	209	1655.705	161.958	0	0	0	15049	0	0	0	1793	0	0	0
18	18	1520	692.308	150.157	439	349	367	237	100	405	536	395	133	21	115.863	136	125	123	120	118	116	114	112	109	106	99	209.189	302	269	257	245	233	220	205	183	159	128	101	0	0	0.000	0.000	0	0.000	0.000	0	0	0	0	0	0	0	0	0	0	0.000	0.000	0	0	0	0	0	0	0	0	0	0	0
19	19	1417	172.854	156.158	265	382	483	224	37	179	243	642	265	62	109.025	123	115	113	112	110	109	108	106	105	103	95	203.575	291	263	252	240	227	211	194	176	157	128	103	0	0	0.000	0.000	0	0.000	0.000	0	0	0	0	0	0	0	0	0	0	0.000	0.000	0	0	0	0	0	0	0	0	0	0	0
20	20	1848	762.864	172.629	197	484	821	271	44	118	522	790	310	68	110.613	127	116	114	113	112	111	109	108	107	105	99	103.314	115	107	105	104	104	103	103	102	101	101	94	0	0	0.000	0.000	0	0.000	0.000	0	0	0	0	0	0	0	0	0	0	0.000	0.000	0	0	0	0	0	0	0	0	0	0	0
21	21	726	1605.250	161.996	70	156	220	164	103	65	239	248	110	46	160.738	204	185	179	173	168	163	158	151	143	132	111	121.163	154	138	132	127	123	120	117	114	111	107	100	0	0	0.000	0.000	0	0.000	0.000	0	0	0	0	0	0	0	0	0	0	0.000	0.000	0	0	0	0	0	0	0	0	0	0	0
22	22	1928	1905.693	177.842	259	657	713	221	34	147	551	732	375	88	325.735	8692	321	171	156	149	145	141	137	133	126	102	183.131	1169	205	184	173	166	162	157	152	145	136	109	1	61	1913.339	189.738	0	0.000	0.000	3925	0	0	0	413	0	0	0	1	58	1910.672	189.723	0	0	0	1258	0	0	0	684	0	0	0
23	23	2387	1767.018	185.966	1228	642	303	105	78	1705	545	92	14	8	115.644	306	123	118	115	113	112	111	110	108	106	100	321.740	688	458	401	358	331	304	282	261	241	216	119	2	47	1781.367	182.575	28	1756.989	165.734	192	0	162	0	605	0	358	0	0	0	0.000	0.000	0	0	0	0	0	0	0	0	0	0	0
24	24	1055	818.667	207.520	36	217	384	278	125	98	320	408	169	40	108.499	118	113	111	110	109	108	108	107	106	104	100	168.831	216	198	192	186	179	171	164	157	146	134	104	0	0	0.000	0.000	0	0.000	0.000	0	0	0	0	0	0	0	0	0	0	0.000	0.000	0	0	0	0	0	0	0	0	0	0	0
25	25	2261	1863.948	226.671	437	602	709	411	61	465	769	712	258	15	1454.572	22581	2746	623	343	263	243	228	217	201	167	109	481.969	6909	932	257	170	150	143	137	132	125	115	101	1	223	1861.383	231.587	0	0.000	0.000	10411	0	0	0	2582	0	0	0	1	207	1860.311	230.408	0	0	0	8261	0	0	0	3101	0	0	0
26	26	1404	1824.718	222.891	300	435	430	188	28	238	468	459	198	21	230.932	327	284	270	260	250	240	224	212	195	164	110	134.604	166	153	148	144	140	136	132	128	122	112	99	0	0	0.000	0.000	0	0.000	0.000	0	0	0	0	0	0	0	0	0	0	0.000	0.000	0	0	0	0	0	0	0	0	0	0	0
27	27	2113	777.119	238.868	216	506	784	469	100	177	656	861	332	32	1249.276	18841	1775	824	686	593	537	486	434	386	311	126	148.566	944	176	128	121	117	114	112	110	108	106	99	1	145	775.535	251.094	0	0.000	0.000	9090	0	0	0	508	0	0	0	1	151	775.623	250.756	0	0	0	8687	0	0	0	499	0	0	0
28	28	1884	670.402	266.115	203	637	712	281	18	151	529	757	314	113	394.163	10458	415	179	146	135	130	126	121	117	113	101	157.842	1220	172	147	140	134	129	126	123	119	113	101	1	86	663.682	254.900	0	0.000	0.000	4317	0	0	0	578	0	0	0	1	80	663.751	254.240	0	0	0	4232	0	0	0	619	0	0	0
29	29	1242	1848.016	278.878	130	359	388	271	72	95	413	470	209	29	464.904	781	661	576	522	494	469	434	388	342	297	187	105.010	115	108	107	106	105	105	104	104	103	102	97	0	0	0.000	0.000	0	0.000	0.000	0	0	0	0	0	0	0	0	0	0	0.000	0.000	0	0	0	0	0	0	0	0	0	0	0
30	30	1316	552.014	281.199	490	468	252	67	26	552	557	158	19	12	127.448	287	145	133	129	125	123	120	117	114	110	102	588.705	1237	998	897	801	719	628	513	383	204	138	109	0	0	0.000	0.000	0	0.000	0.000	0	0	0	0	0	0	0	0	0	0	0.000	0.000	0	0	0	0	0	0	0	0	0	0	0
31	31	2059	779.903	293.994	409	665	684	248	10	281	580	742	301	117	581.420	917	813	771	730	678	617	556	491	415	254	109	114.077	137	125	121	118	115	113	112	109	107	105	97	0	0	0.000	0.000	0	0.000	0.000	0	0	0	0	0	0	0	0	0	0	0.000	0.000	0	0	0	0	0	0	0	0	0	0	0
32	32	1714	471.610	293.114	564	557	339	190	37	572	648	290	151	32	117.011	136	126	123	121	119	117	116	113	111	108	100	927.403	1624	1417	1326	1212	1130	1026	887	727	460	245	126	0	0	0.000	0.000	0	0.000	0.000	0	0	0	0	0	0	0	0	0	0	0.000	0.000	0	0	0	0	0	0	0	0	0	0	0
33	33	1825	1790.736	294.142	174	560	592	393	77	148	754	622	239	23	477.579	720	625	577	545	515	494	468	436	394	299	137	105.055	117	109	107	106	106	105	104	104	103	102	97	0	0	0.000	0.000	0	0.000	0.000	0	0	0	0	0	0	0	0	0	0	0.000	0.000	0	0	0	0	0	0	0	0	0	0	0
34	34	3114	1586.621	310.289	510	740	1140	585	76	391	821	1182	541	124	2582.202	31357	8420	986	387	249	193	165	149	135	122	103	905.668	8999	2299	624	440	384	339	301	270	224	175	120	1	445	1585.957	312.291	0	0.000	0.000	16040	0	0	0	3948	0	0	0	1	387	1586.010	312.266	0	0	0	18996	0	0	0	4564	0	0	0
35	35	1271	1699.807	312.423	132	368	455	256	28	98	328	545	215	57	1025.039	1631	1480	1365	1255	1165	1053	931	803	706	564	160	118.280	140	129	126	123	120	118	115	113	111	109	101	0	0	0.000	0.000	0	0.000	0.000	0	0	0	0	0	0	0	0	0	0	0.000	0.000	0	0	0	0	0	0	0	0	0	0	0
36	36	2044	1750.267	325.877	263	561	640	412	134	190	667	691	340	109	1295.309	2177	1856	1700	1571	1468	1357	1190	1021	847	692	286	120.733	142	132	129	127	124	122	119	115	112	108	99	0	0	0.000	0.000	0	0.000	0.000	0	0	0	0	0	0	0	0	0	0	0.000	0.000	0	0	0	0	0	0	0	0	0	0	0
37	37	2119	1843.856	326.831	355	595	692	395	54	367	777	615	269	59	489.012	864	678	621	576	542	507	466	420	355	254	120	104.942	116	109	107	106	105	105	104	103	103	101	96	0	0	0.000	0.000	0	0.000	0.000	0	0	0	0	0	0	0	0	0	0	0.000	0.000	0	0	0	0	0	0	0	0	0	0	0
38	38	3238	1646.324	338.560	655	968	1106	428	31	462	761	1239	544	168	154.242	204	179	173	168	163	157	152	145	135	123	103	380.710	627	560	519	473	430	386	340	291	250	197	114	0	0	0.000	0.000	0	0.000	0.000	0	0	0	0	0	0	0	0	0	0	0.000	0.000	0	0	0	0	0	0	0	0	0	0	0
39	39	2125	1291.482	336.223	314	697	717	302	65	181	750	788	304	70	113.351	502	119	115	114	112	111	109	108	106	104	97	234.361	408	340	309	287	260	232	208	191	158	116	102	1	19	1295.888	331.415	0	0.000	0.000	258	0	0	0	297	0	0	0	0	0	0.000	0.000	0	0	0	0	0	0	0	0	0	0	0
40	40	2383	1547.249	360.377	439	881	684	287	41	326	836	793	318	66	997.782	20186	1300	279	176	160	154	149	145	138	128	105	410.606	3431	497	389	362	333	308	285	264	241	195	114	1	181	1552.578	372.107	0	0.000	0.000	9078	0	0	0	1548	0	0	0	1	133	1552.404	371.552	0	0	0	12400	0	0	0	1940	0	0	0
41	41	1504	241.474	388.615	569	342	353	168	60	481	412	355	190	43	112.762	154	124	119	116	113	111	109	107	105	103	97	117.457	153	135	128	122	118	115	112	110	107	104	96	0	0	0.000	0.000	0	0.000	0.000	0	0	0	0	0	0	0	0	0	0	0.000	0.000	0	0	0	0	0	0	0	0	0	0	0
42	42	1984	1051.555	396.821	276	454	665	439	117	222	615	714	289	102	1880.810	2980	2678	2513	2312	2132	1983	1785	1554	1261	895	364	142.617	184	167	161	155	149	143	137	131	125	117	102	0	0	0.000	0.000	0	0.000	0.000	0	0	0	0	0	0	0	0	0	0	0.000	0.000	0	0	0	0	0	0	0	0	0	0	0
43	43	1254	1761.962	405.320	441	359	273	138	32	328	312	321	190	76	111.615	140	122	118	114	112	110	108	107	105	104	100	185.098	290	250	231	217	206	192	172	153	130	113	101	0	0	0.000	0.000	0	0.000	0.000	0	0	0	0	0	0	0	0	0	0	0.000	0.000	0	0	0	0	0	0	0	0	0	0	0
44	44	1852	1520.095	411.886	322	728	636	122	8	205	412	669	428	100	153.243	1226	159	150	146	143	140	137	134	129	122	103	268.393	578	347	329	308	286	268	251	232	212	182	115	1	39	1527.082	399.412	0	0.000	0.000	580	0	0	0	394	0	0	0	0	0	0.000	0.000	0	0	0	0	0	0	0	0	0	0	0
45	45	1748	1204.547	435.320	330	455	513	353	64	292	532	547	273	71	350.170	530	466	438	409	378	356	334	312	276	213	117	133.091	161	148	144	141	138	135	132	128	121	113	100	0	0	0.000	0.000	0	0.000	0.000	0	0	0	0	0	0	0	0	0	0	0.000	0.000	0	0	0	0	0	0	0	0	0	0	0
46	46	1803	1465.078	437.626	213	536	671	270	81	162	886	547	156	17	506.020	12323	609	210	160	148	143	139	134	128	121	104	236.700	2235	279	206	195	185	176	169	161	150	135	102	1	92	1457.404	442.633	0	0.000	0.000	5372	0	0	0	1115	0	0	0	1	92	1457.462	442.187	0	0	0	5372	0	0	0	1115	0	0	0
47	47	1798	655.741	460.503	279	451	598	325	118	243	641	556	250	83	326.428	8410	352	190	160	149	144	137	131	126	120	103	144.625	1081	163	136	129	124	121	117	115	112	109	98	1	69	659.248	451.002	0	0.000	0.000	3418	0	0	0	432	0	0	0	1	66	657.726	451.468	0	0	0	2295	0	0	0	542	0	0	0
48	48	2963	1072.963	468.941	586	681	1063	506	74	596	1327	707	278	8	3436.915	6419	5870	5347	4624	3993	3369	2741	2244	1799	1142	162	110.091	132	119	115	112	111	109	108	106	105	103	97	0	0	0.000	0.000	0	0.000	0.000	0	0	0	0	0	0	0	0	0	0	0.000	0.000	0	0	0	0	0	0	0	0	0	0	0
49	49	2733	1559.955	461.668	382	1034	833	355	78	324	1238	720	342	75	503.153	835	712	668	617	565	513	458	416	352	260	114	124.842	158	139	136	132	128	125	121	118	114	110	98	0	0	0.000	0.000	0	0.000	0.000	0	0	0	0	0	0	0	0	0	0	0.000	0.000	0	0	0	0	0	0	0	0	0	0	0
50	50	803	1504.761	461.804	125	191	273	145	51	115	297	250	96	31	120.629	140	131	128	126	124	122	120	117	113	107	97	148.285	195	180	175	169	163	155	143	132	117	107	101	0	0	0.000	0.000	0	0.000	0.000	0	0	0	0	0	0	0	0	0	0	0.000	0.000	0	0	0	0	0	0	0	0	0	0	0
51	51	1684	1606.006	515.047	204	666	593	176	11	121	435	729	275	98	666.018	1043	932	857	785	721	666	616	571	493	389	177	131.431	163	147	142	138	135	131	128	124	121	116	102	0	0	0.000	0.000	0	0.000	0.000	0	0	0	0	0	0	0	0	0	0	0.000	0.000	0	0	0	0	0	0	0	0	0	0	0
52	52	1329	1558.758	509.276	208	572	383	124	14	230	674	293	90	21	2573.836	23497	6265	1963	1265	1046	911	806	715	628	503	142	309.540	2964	713	232	162	144	133	128	123	119	114	99	1	168	1558.084	507.706	0	0.000	0.000	12657	0	0	0	1282	0	0	0	1	148	1558.238	507.617	0	0	0	14275	0	0	0	1353	0	0	0
53	53	2850	1096.463	531.844	765	851	792	342	54	608	1198	664	287	44	3792.712	6558	5919	5554	5044	4503	3976	3398	2744	2078	1374	303	112.500	143	123	119	116	113	111	109	108	106	104	98	0	0	0.000	0.000	0	0.000	0.000	0	0	0	0	0	0	0	0	0	0	0.000	0.000	0	0	0	0	0	0	0	0	0	0	0
54	54	1419	1511.542	521.355	178	437	559	195	22	120	627	428	189	24	896.698	1405	1256	1155	1065	997	930	844	760	647	509	146	128.766	162	144	139	136	133	130	126	122	118	112	100	0	0	0.000	0.000	0	0.000	0.000	0	0	0	0	0	0	0	0	0	0	0.000	0.000	0	0	0	0	0	0	0	0	0	0	0
55	55	2288	1765.023	540.277	427	765	712	324	29	293	640	745	435	132	2002.370	4913	2785	2522	2384	2263	2059	1840	1662	1441	1030	286	146.802	355	173	163	155	148	142	137	133	127	119	102	0	0	0.000	0.000	0	0.000	0.000	0	0	0	0	0	0	0	0	1	45	1763.023	538.795	0	0	0	4091	0	0	0	280	0	0	0
56	56	2005	966.297	544.655	452	681	632	162	41	356	738	670	187	16	2335.894	23452	6382	1332	762	586	513	444	375	315	250	113	441.801	4883	1067	268	171	146	135	128	122	117	112	100	1	297	969.594	545.766	0	0.000	0.000	11750	0	0	0	1811	0	0	0	1	246	969.076	545.227	0	0	0	15302	0	0	0	2245	0	0	0
57	57	2536	803.786	556.974	408	649	839	498	103	370	880	845	332	75	4751.337	35907	24214	4379	1193	597	402	341	305	257	190	113	993.753	8305	4183	845	299	191	152	136	128	120	113	102	0	0	0.000	0.000	0	0.000	0.000	0	0	0	0	0	0	0	0	1	508	803.522	558.953	0	0	0	24140	0	0	0	4178	0	0	0
58	58	1540	1537.350	562.132	166	537	477	265	61	179	673	387	221	53	1077.688	1691	1541	1442	1343	1238	1120	1013	880	715	541	138	136.412	181	161	154	147	140	135	130	125	120	114	102	0	0	0.000	0.000	0	0.000	0.000	0	0	0	0	0	0	0	0	0	0	0.000	0.000	0	0	0	0	0	0	0	0	0	0	0
59	59	2400	1821.354	568.794	362	796	738	329	127	323	1071	651	242	60	2230.900	16371	2691	2441	2243	2055	1911	1774	1610	1295	897	252	157.179	798	171	154	148	144	140	135	130	123	114	99	1	96	1825.987	574.865	0	0.000	0.000	10592	0	0	0	465	0	0	0	1	120	1825.939	573.113	0	0	0	7059	0	0	0	469	0	0	0
60	60	769	1619.122	558.711	204	159	185	167	41	166	160	182	191	49	494.338	748	694	654	609	566	519	467	409	338	258	135	124.730	145	136	133	131	128	126	123	120	116	111	103	0	0	0.000	0.000	0	0.000	0.000	0	0	0	0	0	0	0	0	0	0	0.000	0.000	0	0	0	0	0	0	0	0	0	0	0
61	61	2830	1663.890	583.025	695	1142	732	176	33	510	1097	750	348	78	4073.865	36037	19590	2549	807	419	274	212	181	158	140	113	1265.750	12847	4836	785	316	223	191	166	148	137	126	106	1	577	1662.502	582.749	0	0.000	0.000	18950	0	0	0	4439	0	0	0	1	460	1662.322	582.624	0	0	0	23638	0	0	0	6385	0	0	0
62	62	2277	1476.155	583.977	807	700	558	155	27	776	894	379	181	20	116.655	140	124	122	120	119	117	115	114	111	109	100	536.964	856	768	722	675	624	576	522	441	342	223	125	0	0	0.000	0.000	0	0.000	0.000	0	0	0	0	0	0	0	0	0	0	0.000	0.000	0	0	0	0	0	0	0	0	0	0	0
63	63	2890	672.132	599.558	628	1108	737	329	41	647	1216	610	330	34	109.574	127	116	113	112	110	109	108	107	106	104	98	110.524	131	118	115	113	112	110	108	107	106	104	98	0	0	0.000	0.000	0	0.000	0.000	0	0	0	0	0	0	0	0	0	0	0.000	0.000	0	0	0	0	0	0	0	0	0	0	0
64	64	837	1005.120	591.029	543	218	43	13	8	526	246	36	12	5	384.559	619	554	507	479	446	410	373	316	242	167	115	106.658	122	112	110	108	107	106	105	104	103	102	96	0	0	0.000	0.000	0	0.000	0.000	0	0	0	0	0	0	0	0	0	0	0.000	0.000	0	0	0	0	0	0	0	0	0	0	0
65	65	1932	459.967	599.151	225	480	654	474	50	196	362	820	372	144	1473.819	2557	2106	1954	1850	1701	1548	1404	1279	1037	578	179	224.531	333	285	272	259	246	233	221	205	177	138	105	0	0	0.000	0.000	0	0.000	0.000	0	0	0	0	0	0	0	0	0	0	0.000	0.000	0	0	0	0	0	0	0	0	0	0	0
66	66	1463	782.561	604.722	449	562	357	57	12	374	510	403	127	22	599.875	916	789	732	691	650	607	566	528	485	408	146	106.403	118	111	109	108	107	106	105	105	104	103	97	0	0	0.000	0.000	0	0.000	0.000	0	0	0	0	0	0	0	0	0	0	0.000	0.000	0	0	0	0	0	0	0	0	0	0	0
67	67	2106	406.721	620.907	700	967	337	38	29	717	1044	247	28	22	2000.242	22470	2458	1736	1587	1495	1396	1279	1116	904	551	178	446.054	6954	550	268	243	232	222	211	195	169	139	105	1	115	407.543	621.801	0	0.000	0.000	12157	0	0	0	3646	0	0	0	1	123	407.680	620.946	0	0	0	10872	0	0	0	3481	0	0	0
68	68	2321	1725.186	626.975	334	1019	727	173	11	226	868	855	269	52	1143.332	19415	1929	433	245	193	178	170	163	154	140	107	251.385	1608	348	229	213	201	187	176	164	152	134	107	1	203	1732.136	622.670	0	0.000	0.000	9356	0	0	0	863	0	0	0	1	187	1732.351	622.569	0	0	0	10632	0	0	0	939	0	0	0
69	69	2423	1802.707	628.926	367	734	817	422	46	269	710	858	419	120	123.051	150	132	130	128	126	124	122	119	116	112	101	364.758	564	491	458	426	401	377	347	318	277	213	125	0	0	0.000	0.000	0	0.000	0.000	0	0	0	0	0	0	0	0	0	0	0.000	0.000	0	0	0	0	0	0	0	0	0	0	0
70	70	1412	721.264	624.320	307	346	383	295	55	280	461	431	179	42	114.053	140	125	120	117	114	112	111	110	108	107	98	108.866	128	116	113	110	109	108	107	106	105	103	99	0	0	0.000	0.000	0	0.000	0.000	0	0	0	0	0	0	0	0	1	214	716.827	626.878	0	0	0	117	0	0	0	117	0	0	0
71	71	1891	1670.755	648.417	308	716	578	237	24	245	816	546	202	48	162.390	205	186	180	176	172	167	162	154	144	130	106	167.267	227	202	195	188	181	172	163	152	137	123	103	0	0	0.000	0.000	0	0.000	0.000	0	0	0	0	0	0	0	0	0	0	0.000	0.000	0	0	0	0	0	0	0	0	0	0	0
72	72	616	1071.177	647.323	66	185	211	115	24	34	172	238	129	28	134.516	158	148	143	140	137	135	132	129	126	121	107	118.239	139	127	124	122	120	119	117	114	112	110	102	0	0	0.000	0.000	0	0.000	0.000	0	0	0	0	0	0	0	0	0	0	0.000	0.000	0	0	0	0	0	0	0	0	0	0	0
73	73	776	1495.350	648.576	345	279	106	25	9	455	272	25	6	5	133.174	209	145	141	139	136	133	131	128	124	117	108	145.282	180	166	161	157	154	149	144	137	129	116	104	0	0	0.000	0.000	0	0.000	0.000	0	0	0	0	0	0	0	0	0	0	0.000	0.000	0	0	0	0	0	0	0	0	0	0	0
74	74	1770	459.645	661.374	255	380	602	430	78	201	332	752	336	118	113.155	128	119	117	116	114	113	112	111	109	107	100	104.514	115	108	107	106	105	104	103	103	102	101	95	0	0	0.000	0.000	0	0.000	0.000	0	0	0	0	0	0	0	0	0	0	0.000	0.000	0	0	0	0	0	0	0	0	0	0	0
75	75	2185	1876.635	663.619	292	694	667	390	100	192	714	811	361	66	111.307	128	117	115	113	112	111	110	109	108	106	100	162.726	216	195	187	179	170	162	156	148	140	130	108	0	0	0.000	0.000	0	0.000	0.000	0	0	0	0	0	0	0	0	0	0	0.000	0.000	0	0	0	0	0	0	0	0	0	0	0
76	76	2037	372.268	665.096	377	719	664	223	21	291	782	626	263	42	1784.512	15908	2359	1992	1788	1570	1380	1197	1049	911	643	154	316.429	3678	394	272	247	227	211	196	183	166	141	101	1	89	369.909	660.680	0	0.000	0.000	9337	0	0	0	2035	0	0	0	1	109	370.180	660.077	0	0	0	7915	0	0	0	1794	0	0	0
77	77	1169	1600.825	665.513	283	376	304	181	11	213	446	300	137	39	1020.854	1731	1383	1315	1256	1190	1123	1037	888	705	428	187	140.566	182	162	158	153	148	142	137	131	124	114	99	0	0	0.000	0.000	0	0.000	0.000	0	0	0	0	0	0	0	0	0	0	0.000	0.000	0	0	0	0	0	0	0	0	0	0	0
78	78	2482	1535.940	693.460	832	1445	127	21	11	600	1484	316	31	20	4627.242	8210	7195	6567	5810	5155	4571	4045	3549	2989	2012	515	112.211	132	119	117	115	113	112	111	109	108	106	98	0	0	0.000	0.000	0	0.000	0.000	0	0	0	0	0	0	0	0	0	0	0.000	0.000	0	0	0	0	0	0	0	0	0	0	0
79	79	1727	279.559	683.484	302	348	669	341	38	238	368	753	282	60	122.145	155	131	128	126	124	122	120	118	116	113	103	219.790	346	301	284	267	245	222	200	177	158	128	105	0	0	0.000	0.000	0	0.000	0.000	0	0	0	0	0	0	0	0	0	0	0.000	0.000	0	0	0	0	0	0	0	0	0	0	0
80	80	1497	1809.199	682.407	240	466	433	288	52	228	576	424	194	40	117.640	142	126	123	121	120	118	116	114	112	109	101	325.397	480	428	395	374	357	340	322	297	255	191	118	0	0	0.000	0.000	0	0.000	0.000	0	0	0	0	0	0	0	0	0	0	0.000	0.000	0	0	0	0	0	0	0	0	0	0	0
81	81	1706	999.632	688.085	325	576	570	169	34	226	644	527	232	47	113.897	137	119	117	116	115	114	113	111	110	108	98	148.575	193	169	164	159	154	150	146	141	135	124	103	0	0	0.000	0.000	0	0.000	0.000	0	0	0	0	0	0	0	0	0	0	0.000	0.000	0	0	0	0	0	0	0	0	0	0	0
82	82	1645	1063.061	694.900	199	528	581	265	40	164	560	562	253	85	532.897	11586	705	227	176	163	157	152	147	142	133	107	156.317	1133	181	139	132	128	124	120	118	115	111	100	1	98	1054.335	700.593	0	0.000	0.000	4980	0	0	0	529	0	0	0	1	85	1053.582	699.655	0	0	0	4149	0	0	0	611	0	0	0
83	83	1304	327.773	687.731	134	337	512	258	32	100	415	484	192	92	1182.767	2259	1744	1537	1410	1278	1156	1052	941	832	657	190	186.542	281	233	217	203	194	184	175	167	157	147	105	0	0	0.000	0.000	0	0.000	0.000	0	0	0	0	0	0	0	0	0	0	0.000	0.000	0	0	0	0	0	0	0	0	0	0	0
84	84	1877	1481.046	696.726	462	697	528	147	19	341	590	643	211	59	235.598	4948	245	166	152	145	140	136	131	126	118	101	153.361	823	172	161	154	149	143	137	133	126	116	100	1	60	1487.965	683.541	0	0.000	0.000	2074	0	0	0	386	0	0	0	1	57	1488.740	684.000	0	0	0	2007	0	0	0	449	0	0	0
85	85	2258	1652.875	701.429	548	867	660	132	17	452	823	669	242	26	1331.577	2281	1986	1812	1666	1498	1351	1238	1099	903	557	190	106.481	118	111	109	108	107	106	105	105	104	103	96	0	0	0.000	0.000	0	0.000	0.000	0	0	0	0	0	0	0	0	0	0	0.000	0.000	0	0	0	0	0	0	0	0	0	0	0
86	86	1744	1717.027	701.570	326	445	569	290	85	301	719	452	196	37	986.651	1675	1402	1273	1179	1101	1041	942	832	697	483	191	106.495	123	111	109	108	107	106	105	104	103	102	97	0	0	0.000	0.000	0	0.000	0.000	0	0	0	0	0	0	0	0	0	0	0.000	0.000	0	0	0	0	0	0	0	0	0	0	0
87	87	1563	82.317	706.152	889	467	115	44	16	925	473	121	21	6	310.352	515	420	389	363	341	323	301	279	236	162	108	113.836	150	122	119	117	115	114	112	110	108	106	97	0	0	0.000	0.000	0	0.000	0.000	0	0	0	0	0	0	0	0	0	0	0.000	0.000	0	0	0	0	0	0	0	0	0	0	0
88	88	1199	955.639	710.454	252	366	338	201	27	214	379	363	188	26	112.479	126	119	117	115	114	113	111	110	108	106	100	141.729	185	166	158	152	146	142	138	134	126	115	101	0	0	0.000	0.000	0	0.000	0.000	0	0	0	0	0	0	0	0	0	0	0.000	0.000	0	0	0	0	0	0	0	0	0	0	0
89	89	1311	1362.817	726.137	188	515	437	130	13	159	503	398	177	49	110.706	128	116	114	113	112	111	110	108	107	105	100	164.433	223	201	190	180	172	165	159	151	139	127	103	0	0	0.000	0.000	0	0.000	0.000	0	0	0	0	0	0	0	0	0	0	0.000	0.000	0	0	0	0	0	0	0	0	0	0	0
90	90	1681	1022.553	732.201	216	625	546	233	30	194	711	520	184	45	2090.327	23903	5975	1258	552	370	319	291	272	249	224	132	428.763	4608	988	283	172	148	137	130	125	119	114	99	1	230	1019.377	733.259	0	0.000	0.000	11073	0	0	0	1848	0	0	0	1	206	1018.943	732.861	0	0	0	12535	0	0	0	2133	0	0	0
91	91	2581	296.881	748.212	612	758	843	290	33	491	926	755	295	67	1757.737	20612	2148	1362	1267	1185	1110	1028	921	795	463	138	504.296	8234	651	283	238	225	216	208	197	178	155	110	1	163	294.335	754.296	0	0.000	0.000	11167	0	0	0	3889	0	0	0	1	170	294.345	754.026	0	0	0	10761	0	0	0	3729	0	0	0
92	92	1214	1284.021	742.109	273	393	342	168	17	283	442	276	152	44	314.301	502	409	378	350	329	315	300	279	257	225	122	106.353	127	112	110	108	107	106	105	104	103	102	97	0	0	0.000	0.000	0	0.000	0.000	0	0	0	0	0	0	0	0	0	0	0.000	0.000	0	0	0	0	0	0	0	0	0	0	0
93	93	1763	903.521	746.486	314	568	597	227	29	223	637	580	237	49	113.027	128	119	117	116	115	113	112	110	109	106	99	237.788	372	326	299	275	257	234	217	200	182	153	106	0	0	0.000	0.000	0	0.000	0.000	0	0	0	0	0	0	0	0	0	0	0.000	0.000	0	0	0	0	0	0	0	0	0	0	0
94	94	1018	1797.371	746.697	175	400	304	90	25	164	466	219	127	27	122.867	164	135	130	126	124	122	120	118	115	111	101	134.617	171	153	148	143	138	134	130	127	123	117	103	0	0	0.000	0.000	0	0.000	0.000	0	0	0	0	0	0	0	0	0	0	0.000	0.000	0	0	0	0	0	0	0	0	0	0	0
95	95	1334	1909.612	751.479	159	400	430	263	56	197	561	378	152	30	434.859	703	595	539	505	475	446	413	380	327	251	152	106.906	123	113	110	108	107	106	105	104	103	102	97	0	0	0.000	0.000	0	0.000	0.000	0	0	0	0	0	0	0	0	0	0	0.000	0.000	0	0	0	0	0	0	0	0	0	0	0
96	96	1376	1069.902	762.474	341	409	461	125	14	247	296	440	267	96	321.010	473	421	400	377	359	338	313	276	236	190	127	126.023	176	143	137	133	129	126	122	118	113	109	101	0	0	0.000	0.000	0	0.000	0.000	0	0	0	0	0	0	0	0	0	0	0.000	0.000	0	0	0	0	0	0	0	0	0	0	0
97	97	1780	1837.406	764.170	210	646	645	217	35	150	585	696	257	70	509.193	13686	542	184	146	136	131	127	124	119	113	99	165.574	966	186	164	157	151	146	140	134	127	116	102	1	86	1823.576	760.085	0	0.000	0.000	6092	0	0	0	535	0	0	0	1	79	1823.276	760.256	0	0	0	6272	0	0	0	542	0	0	0
98	98	2979	1160.959	777.860	674	671	1037	500	56	549	914	954	430	74	174.950	235	209	202	196	189	181	171	161	146	129	106	326.173	491	448	427	400	369	342	309	269	226	171	111	0	0	0.000	0.000	0	0.000	0.000	0	0	0	0	0	0	0	0	0	0	0.000	0.000	0	0	0	0	0	0	0	0	0	0	0
99	99	1803	1350.658	777.416	419	612	550	158	30	508	680	515	63	14	108.675	128	113	111	110	109	109	108	107	106	105	97	149.782	193	174	166	160	155	150	145	141	135	125	104	0	0	0.000	0.000	0	0.000	0.000	0	0	0	0	0	0	0	0	0	0	0.000	0.000	0	0	0	0	0	0	0	0	0	0	0
100	100	1752	242.996	776.543	690	725	239	38	18	735	738	192	31	24	747.513	1150	983	920	860	809	764	727	678	611	470	160	107.187	137	115	111	108	107	106	105	104	103	102	97	0	0	0.000	0.000	0	0.000	0.000	0	0	0	0	0	0	0	0	0	0	0.000	0.000	0	0	0	0	0	0	0	0	0	0	0
101	101	1967	855.382	778.298	266	572	709	342	44	233	656	708	263	67	113.363	130	119	117	116	115	113	112	111	109	107	97	231.145	331	290	277	265	255	245	233	214	187	137	105	0	0	0.000	0.000	0	0.000	0.000	0	0	0	0	0	0	0	0	0	0	0.000	0.000	0	0	0	0	0	0	0	0	0	0	0
102	102	1491	1489.998	781.368	83	385	511	386	101	119	560	518	199	64	935.382	1573	1395	1281	1163	1061	961	857	748	609	431	155	108.667	127	114	112	110	109	108	107	106	105	104	98	0	0	0.000	0.000	0	0.000	0.000	0	0	0	0	0	0	0	0	0	0	0.000	0.000	0	0	0	0	0	0	0	0	0	0	0
103	103	1428	192.431	782.663	163	321	457	358	113	200	433	458	228	82	705.881	1143	983	917	839	767	710	655	602	524	403	169	105.924	124	112	109	107	106	105	104	104	103	102	97	0	0	0.000	0.000	0	0.000	0.000	0	0	0	0	0	0	0	0	0	0	0.000	0.000	0	0	0	0	0	0	0	0	0	0	0
104	104	1644	1716.237	790.549	329	466	552	259	18	264	576	435	242	92	116.795	137	126	123	121	119	117	115	113	110	108	99	296.849	493	399	358	334	313	297	281	263	234	192	117	0	0	0.000	0.000	0	0.000	0.000	0	0	0	0	0	0	0	0	0	0	0.000	0.000	0	0	0	0	0	0	0	0	0	0	0
105	105	1856	1292.566	792.773	258	602	672	244	49	326	1022	349	108	16	259.800	6133	275	152	133	127	123	120	117	115	111	100	151.760	678	178	164	153	145	138	132	127	123	118	98	1	73	1294.423	782.187	0	0.000	0.000	2437	0	0	0	388	0	0	0	1	60	1293.542	780.941	0	0	0	1643	0	0	0	419	0	0	0
106	106	825	646.802	799.888	203	262	266	72	8	168	266	218	128	24	114.307	136	122	121	119	117	114	113	110	108	105	100	494.358	896	748	668	615	570	518	468	405	301	178	111	0	0	0.000	0.000	0	0.000	0.000	0	0	0	0	0	0	0	0	0	0	0.000	0.000	0	0	0	0	0	0	0	0	0	0	0
107	107	2176	1522.734	824.964	386	890	660	187	17	354	670	708	320	87	784.529	1539	1148	1031	941	860	776	700	634	551	387	159	107.738	126	113	111	110	108	107	106	106	105	103	96	0	0	0.000	0.000	0	0.000	0.000	0	0	0	0	0	0	0	0	0	0	0.000	0.000	0	0	0	0	0	0	0	0	0	0	0
108	108	1750	1862.171	813.246	187	498	680	316	38	164	609	682	220	35	199.963	3807	203	137	130	126	123	121	119	115	112	101	145.227	506	161	154	149	144	140	135	130	125	119	103	1	60	1843.771	814.024	0	0.000	0.000	1578	0	0	0	303	0	0	0	1	44	1842.945	813.740	0	0	0	1734	0	0	0	332	0	0	0
109	109	1686	1208.717	821.099	357	468	458	336	36	364	630	445	194	19	111.840	130	118	116	114	113	111	110	109	108	106	98	223.476	366	307	282	261	244	230	213	193	158	123	103	0	0	0.000	0.000	0	0.000	0.000	0	0	0	0	0	0	0	0	0	0	0.000	0.000	0	0	0	0	0	0	0	0	0	0	0
110	110	2119	625.636	841.375	511	758	624	148	39	513	779	567	173	38	115.018	134	123	121	119	117	115	113	112	109	107	98	587.041	996	847	776	726	691	644	563	473	380	237	109	0	0	0.000	0.000	0	0.000	0.000	0	0	0	0	0	0	0	0	0	0	0.000	0.000	0	0	0	0	0	0	0	0	0	0	0
111	111	1367	1431.153	836.892	253	386	457	224	24	234	357	441	242	77	1647.908	2544	2390	2265	2123	1956	1760	1540	1302	1026	679	217	142.015	181	164	158	153	149	142	137	132	125	118	104	0	0	0.000	0.000	0	0.000	0.000	0	0	0	0	0	0	0	0	0	0	0.000	0.000	0	0	0	0	0	0	0	0	0	0	0
112	112	2538	1834.781	856.730	422	643	828	483	121	340	814	818	378	127	125.110	148	135	132	130	128	126	124	121	118	113	100	183.859	251	228	213	204	195	187	179	167	153	136	101	0	0	0.000	0.000	0	0.000	0.000	0	0	0	0	0	0	0	0	0	0	0.000	0.000	0	0	0	0	0	0	0	0	0	0	0
113	113	1880	152.354	856.681	366	562	615	271	29	279	481	725	257	107	1056.757	1744	1545	1425	1290	1161	1069	986	896	771	483	150	117.654	140	127	124	122	120	118	116	114	111	108	98	0	0	0.000	0.000	0	0.000	0.000	0	0	0	0	0	0	0	0	0	0	0.000	0.000	0	0	0	0	0	0	0	0	0	0	0
114	114	1722	690.081	872.661	221	608	631	213	16	198	671	567	224	23	113.272	130	119	117	116	114	113	112	111	110	107	101	280.254	434	391	368	341	313	283	252	223	194	163	115	0	0	0.000	0.000	0	0.000	0.000	0	0	0	0	0	0	0	0	0	0	0.000	0.000	0	0	0	0	0	0	0	0	0	0	0
115	115	804	333.270	866.305	131	152	217	203	87	111	169	282	141	84	813.597	1356	1207	1118	1028	963	886	797	669	474	275	135	131.002	161	150	145	141	136	133	128	123	116	109	100	0	0	0.000	0.000	0	0.000	0.000	0	0	0	0	0	0	0	0	0	0	0.000	0.000	0	0	0	0	0	0	0	0	0	0	0
116	116	2254	99.305	882.189	354	534	838	420	65	248	511	940	383	126	995.137	1678	1431	1330	1238	1139	1052	951	826	690	414	144	116.490	137	125	123	120	118	117	115	113	110	107	99	0	0	0.000	0.000	0	0.000	0.000	0	0	0	0	0	0	0	0	0	0	0.000	0.000	0	0	0	0	0	0	0	0	0	0	0
117	117	861	731.492	867.450	151	239	234	188	41	106	266	249	163	55	423.200	655	558	532	500	470	439	405	360	316	263	108	125.211	156	139	135	131	128	125	122	119	116	112	104	0	0	0.000	0.000	0	0.000	0.000	0	0	0	0	0	0	0	0	0	0	0.000	0.000	0	0	0	0	0	0	0	0	0	0	0
118	118	2325	988.744	878.381	511	715	749	248	54	428	929	596	286	49	117.067	137	125	122	120	119	117	115	114	112	109	103	292.222	471	402	380	356	326	295	262	234	208	176	115	0	0	0.000	0.000	0	0.000	0.000	0	0	0	0	0	0	0	0	0	0	0.000	0.000	0	0	0	0	0	0	0	0	0	0	0
119	119	2013	1783.591	881.943	153	579	767	368	109	193	920	556	251	46	273.210	6708	266	156	144	139	135	131	128	124	118	105	131.633	674	139	131	127	123	120	118	116	113	109	100	1	72	1781.233	898.276	0	0.000	0.000	2879	0	0	0	352	0	0	0	1	68	1781.574	897.870	0	0	0	3023	0	0	0	358	0	0	0
120	120	2306	876.670	883.599	554	563	762	349	39	544	861	645	201	19	113.835	132	121	118	117	115	114	112	111	109	107	100	288.845	469	395	366	344	326	307	277	241	200	156	109	0	0	0.000	0.000	0	0.000	0.000	0	0	0	0	0	0	0	0	0	0	0.000	0.000	0	0	0	0	0	0	0	0	0	0	0
121	121	2253	1891.221	886.808	556	651	649	315	47	524	925	512	235	28	890.559	18207	1233	349	203	159	141	132	126	120	115	102	250.721	2098	338	229	205	189	175	165	155	144	129	107	1	156	1895.770	888.958	0	0.000	0.000	8839	0	0	0	1043	0	0	0	1	148	1895.709	888.786	0	0	0	9450	0	0	0	1086	0	0	0
122	122	2793	635.933	905.254	862	941	823	97	16	1036	1080	555	70	8	122.306	144	132	129	127	125	123	121	118	115	111	102	835.691	1532	1222	1087	999	919	830	742	677	605	461	158	0	0	0.000	0.000	0	0.000	0.000	0	0	0	0	0	0	0	0	0	0	0.000	0.000	0	0	0	0	0	0	0	0	0	0	0
123	123	1638	766.844	894.047	122	350	595	401	138	136	636	591	203	34	459.170	698	604	561	531	502	473	439	405	361	296	124	125.361	151	137	133	130	127	125	123	121	118	114	102	0	0	0.000	0.000	0	0.000	0.000	0	0	0	0	0	0	0	0	0	0	0.000	0.000	0	0	0	0	0	0	0	0	0	0	0
124	124	1770	1403.659	896.492	274	574	598	266	27	222	624	605	229	58	1653.236	2916	2530	2284	2077	1871	1667	1438	1210	1018	831	267	143.441	198	169	162	156	149	143	136	131	126	119	99	0	0	0.000	0.000	0	0.000	0.000	0	0	0	0	0	0	0	0	0	0	0.000	0.000	0	0	0	0	0	0	0	0	0	0	0
125	125	1639	1456.622	909.416	437	450	451	214	45	404	433	467	225	78	120.106	143	128	125	124	122	120	119	117	115	112	102	110.725	131	119	115	113	111	110	108	107	106	105	98	0	0	0.000	0.000	0	0.000	0.000	0	0	0	0	0	0	0	0	0	0	0.000	0.000	0	0	0	0	0	0	0	0	0	0	0
126	126	2323	267.275	933.086	250	376	821	703	121	257	479	1015	389	143	111.344	330	117	114	113	111	110	109	108	106	104	98	193.025	293	253	236	221	207	192	180	168	152	132	104	1	25	257.386	945.467	0	0.000	0.000	180	0	0	0	199	0	0	0	0	0	0.000	0.000	0	0	0	0	0	0	0	0	0	0	0
127	127	1222	686.895	922.506	104	228	427	359	85	81	245	573	222	83	118.224	156	125	122	120	119	118	116	115	113	112	104	287.695	451	387	365	347	328	306	280	248	203	143	108	0	0	0.000	0.000	0	0.000	0.000	0	0	0	0	0	0	0	0	0	0	0.000	0.000	0	0	0	0	0	0	0	0	0	0	0
128	128	1842	1853.864	935.747	529	518	599	152	15	425	651	493	224	21	117.332	144	128	124	122	119	117	115	112	110	107	100	270.973	418	366	342	324	306	288	267	228	186	147	107	0	0	0.000	0.000	0	0.000	0.000	0	0	0	0	0	0	0	0	0	0	0.000	0.000	0	0	0	0	0	0	0	0	0	0	0
129	129	1899	997.362	940.408	265	472	669	391	60	231	586	706	244	98	2322.792	4228	3600	3214	2867	2622	2422	2097	1750	1404	985	363	158.853	224	194	183	175	168	160	152	142	134	123	101	0	0	0.000	0.000	0	0.000	0.000	0	0	0	0	0	0	0	0	0	0	0.000	0.000	0	0	0	0	0	0	0	0	0	0	0
130	130	902	458.173	937.305	153	354	277	85	15	133	219	328	148	53	107.437	129	113	110	109	108	107	106	105	104	103	98	131.039	161	148	144	140	136	133	130	125	117	109	100	0	0	0.000	0.000	0	0.000	0.000	0	0	0	0	0	0	0	0	0	0	0.000	0.000	0	0	0	0	0	0	0	0	0	0	0
131	131	1585	907.135	944.120	214	565	538	213	29	146	417	666	237	77	116.320	132	124	121	119	118	116	115	113	111	109	101	116.803	152	128	122	119	117	115	113	112	110	108	100	0	0	0.000	0.000	0	0.000	0.000	0	0	0	0	0	0	0	0	0	0	0.000	0.000	0	0	0	0	0	0	0	0	0	0	0
132	132	1503	863.014	952.293	221	486	563	170	25	106	443	622	239	60	113.709	129	119	117	116	115	114	113	111	110	108	102	202.985	283	251	240	230	219	208	193	180	166	149	114	0	0	0.000	0.000	0	0.000	0.000	0	0	0	0	0	0	0	0	0	0	0.000	0.000	0	0	0	0	0	0	0	0	0	0	0
133	133	1485	340.214	950.540	253	347	438	344	78	222	461	514	206	49	111.520	127	117	116	114	113	112	110	109	107	105	98	284.314	408	355	341	330	319	306	289	258	218	173	113	0	0	0.000	0.000	0	0.000	0.000	0	0	0	0	0	0	0	0	0	0	0.000	0.000	0	0	0	0	0	0	0	0	0	0	0
134	134	1846	1465.083	955.686	200	490	678	360	83	197	774	590	201	48	200.992	3650	211	160	151	146	141	138	133	127	121	105	179.050	852	211	195	185	176	168	162	153	144	131	105	1	52	1473.609	955.493	0	0.000	0.000	1508	0	0	0	473	0	0	0	1	45	1473.013	954.659	0	0	0	1304	0	0	0	521	0	0	0
135	135	556	1069.344	961.347	108	161	164	82	34	82	155	149	125	38	114.097	128	120	118	116	115	114	113	112	110	108	103	115.507	130	123	121	119	117	115	114	112	111	108	101	0	0	0.000	0.000	0	0.000	0.000	0	0	0	0	0	0	0	0	0	0	0.000	0.000	0	0	0	0	0	0	0	0	0	0	0
136	136	1831	1111.734	972.057	173	424	820	343	34	124	530	839	243	62	117.593	135	125	122	121	119	118	117	115	113	110	100	118.804	145	129	125	123	121	119	117	115	112	109	99	0	0	0.000	0.000	0	0.000	0.000	0	0	0	0	0	0	0	0	0	0	0.000	0.000	0	0	0	0	0	0	0	0	0	0	0
137	137	1220	1799.939	969.819	216	409	442	121	11	161	308	447	213	76	215.120	302	271	258	248	236	223	210	195	173	142	105	112.553	134	120	117	115	113	112	111	109	108	106	98	0	0	0.000	0.000	0	0.000	0.000	0	0	0	0	0	0	0	0	0	0	0.000	0.000	0	0	0	0	0	0	0	0	0	0	0
138	138	1827	1032.514	984.282	204	396	590	500	109	252	669	589	230	56	1805.144	3596	2711	2346	2143	2003	1846	1604	1344	1141	944	299	147.211	203	174	165	159	153	146	140	134	129	122	103	0	0	0.000	0.000	0	0.000	0.000	0	0	0	0	0	0	0	0	0	0	0.000	0.000	0	0	0	0	0	0	0	0	0	0	0
139	139	2873	1195.462	995.690	455	776	1094	467	39	405	934	1058	371	48	802.110	1259	1085	1010	952	905	836	760	700	609	443	154	144.944	185	165	160	156	151	146	142	137	130	121	104	0	0	0.000	0.000	0	0.000	0.000	0	0	0	0	0	0	0	0	0	0	0.000	0.000	0	0	0	0	0	0	0	0	0	0	0
140	140	2319	1833.131	995.743	533	1068	565	93	12	354	908	699	269	49	2405.397	28535	7142	1108	473	374	331	289	249	209	173	111	377.652	4292	882	195	143	130	123	118	114	110	106	99	1	319	1828.464	997.917	0	0.000	0.000	13951	0	0	0	1672	0	0	0	1	272	1827.870	997.946	0	0	0	18073	0	0	0	2001	0	0	0
141	141	2767	363.183	1001.676	693	864	768	353	45	580	906	779	398	61	111.640	131	117	115	114	113	112	111	109	108	106	97	264.120	404	331	310	294	284	271	258	242	220	182	115	0	0	0.000	0.000	0	0.000	0.000	0	0	0	0	0	0	0	0	0	0	0.000	0.000	0	0	0	0	0	0	0	0	0	0	0
142	142	1826	1438.493	1000.503	1321	373	47	31	29	1397	317	49	28	10	1966.340	24463	4634	958	419	261	197	170	157	146	134	109	474.239	5133	925	320	238	210	195	184	169	148	125	107	1	235	1434.297	999.554	0	0.000	0.000	11221	0	0	0	1944	0	0	0	1	184	1434.351	999.494	0	0	0	16846	0	0	0	2559	0	0	0
143	143	1948	1303.971	1013.427	329	544	667	345	26	309	891	470	212	26	907.338	1475	1273	1180	1100	1039	969	884	767	610	426	187	143.247	187	166	160	155	149	145	138	133	126	118	103	0	0	0.000	0.000	0	0.000	0.000	0	0	0	0	0	0	0	0	0	0	0.000	0.000	0	0	0	0	0	0	0	0	0	0	0
144	144	1221	1092.193	1013.097	142	316	455	264	24	88	296	486	239	94	778.067	1206	1070	979	899	832	779	735	669	582	480	250	129.188	155	142	138	135	132	129	126	123	120	116	107	0	0	0.000	0.000	0	0.000	0.000	0	0	0	0	0	0	0	0	0	0	0.000	0.000	0	0	0	0	0	0	0	0	0	0	0
145	145	2486	1728.074	1030.537	850	1310	259	12	11	866	1350	215	13	5	1402.315	22101	2128	637	516	460	421	388	362	331	248	128	225.260	2327	300	156	143	136	130	127	124	120	115	104	1	195	1730.049	1039.953	0	0.000	0.000	11211	0	0	0	1123	0	0	0	1	195	1730.099	1039.830	0	0	0	11211	0	0	0	1123	0	0	0
146	146	2901	996.680	1028.101	569	1362	809	100	15	390	900	1021	427	105	1356.595	2270	1959	1805	1651	1511	1411	1298	1169	947	598	229	123.985	150	136	132	130	127	125	122	119	115	111	99	0	0	0.000	0.000	0	0.000	0.000	0	0	0	0	0	0	0	0	0	0	0.000	0.000	0	0	0	0	0	0	0	0	0	0	0
147	147	1241	513.064	1021.414	212	387	461	144	14	178	487	363	156	32	110.467	124	115	114	113	111	111	109	108	107	105	98	136.988	168	152	149	145	142	140	137	132	127	113	104	0	0	0.000	0.000	0	0.000	0.000	0	0	0	0	0	0	0	0	0	0	0.000	0.000	0	0	0	0	0	0	0	0	0	0	0
148	148	537	1582.867	1020.432	93	176	136	93	31	63	174	160	94	35	290.255	397	368	358	347	331	315	291	263	215	162	118	128.367	190	142	138	134	132	129	125	121	117	113	105	0	0	0.000	0.000	0	0.000	0.000	0	0	0	0	0	0	0	0	0	0	0.000	0.000	0	0	0	0	0	0	0	0	0	0	0
149	149	2579	1860.444	1043.521	451	785	959	321	22	330	766	936	394	101	650.172	16072	711	328	254	229	216	204	189	168	142	108	147.874	1380	154	125	119	116	113	112	110	108	105	98	1	121	1867.953	1038.967	0	0.000	0.000	7019	0	0	0	653	0	0	0	1	120	1867.441	1038.492	0	0	0	6563	0	0	0	655	0	0	0
150	150	2067	877.052	1042.398	175	571	705	455	106	212	875	675	228	35	1287.698	20234	2124	621	383	339	318	299	279	257	217	120	330.334	4398	484	199	158	149	145	141	137	133	125	103	1	183	872.379	1042.083	0	0.000	0.000	9483	0	0	0	1813	0	0	0	1	159	872.213	1041.955	0	0	0	10862	0	0	0	2079	0	0	0
151	151	1780	1054.762	1045.376	178	577	664	271	44	118	713	669	215	21	1098.989	13087	1321	1036	908	833	783	739	681	606	521	182	166.953	1430	182	146	139	136	132	129	125	123	118	98	1	66	1061.382	1049.868	0	0.000	0.000	7298	0	0	0	816	0	0	0	1	80	1061.673	1049.994	0	0	0	5969	0	0	0	723	0	0	0
152	152	1059	397.101	1037.262	332	205	246	204	52	342	269	227	148	63	111.639	128	119	117	115	113	112	110	108	106	104	97	206.095	310	273	262	251	234	217	195	172	141	118	102	0	0	0.000	0.000	0	0.000	0.000	0	0	0	0	0	0	0	0	0	0	0.000	0.000	0	0	0	0	0	0	0	0	0	0	0
153	153	2491	1468.004	1056.462	392	801	913	333	19	296	876	848	380	42	2791.908	14422	4174	3480	3093	2780	2563	2328	2024	1524	918	199	204.247	1107	248	216	199	190	180	171	160	145	126	104	1	77	1470.269	1052.357	0	0.000	0.000	11386	0	0	0	798	0	0	0	1	113	1469.684	1052.057	0	0	0	9898	0	0	0	690	0	0	0
154	154	1957	485.755	1062.805	429	591	633	255	14	372	612	563	310	67	107.944	120	113	111	110	109	108	107	106	105	103	97	138.588	176	156	151	147	143	140	136	132	126	118	103	0	0	0.000	0.000	0	0.000	0.000	0	0	0	0	0	0	0	0	0	0	0.000	0.000	0	0	0	0	0	0	0	0	0	0	0
155	155	1940	944.221	1058.233	247	463	719	373	103	188	601	708	294	103	1525.715	2315	2101	1985	1842	1709	1601	1506	1379	1176	730	195	125.414	151	137	133	131	129	127	124	121	118	112	98	0	0	0.000	0.000	0	0.000	0.000	0	0	0	0	0	0	0	0	0	0	0.000	0.000	0	0	0	0	0	0	0	0	0	0	0
156	156	1874	1095.501	1068.031	254	467	725	359	33	178	430	701	365	149	1170.423	1849	1574	1435	1358	1281	1219	1164	1073	886	670	291	140.453	185	161	155	151	146	141	136	132	126	118	101	0	0	0.000	0.000	0	0.000	0.000	0	0	0	0	0	0	0	0	0	0	0.000	0.000	0	0	0	0	0	0	0	0	0	0	0
157	157	723	1626.388	1062.007	68	179	226	172	67	101	273	230	86	25	114.501	131	121	118	117	115	114	113	112	110	109	103	208.981	256	238	230	224	217	212	206	199	189	176	128	0	0	0.000	0.000	0	0.000	0.000	0	0	0	0	0	0	0	0	0	0	0.000	0.000	0	0	0	0	0	0	0	0	0	0	0
158	158	1814	1195.566	1100.931	309	656	576	203	21	218	648	597	236	82	450.583	772	645	570	524	486	444	407	370	329	276	153	106.200	121	110	108	107	107	106	105	104	104	103	97	0	0	0.000	0.000	0	0.000	0.000	0	0	0	0	0	0	0	0	0	0	0.000	0.000	0	0	0	0	0	0	0	0	0	0	0
159	159	710	1839.792	1093.932	190	202	215	79	15	123	173	206	148	45	174.789	224	210	201	193	187	178	170	160	147	134	113	109.530	128	116	113	111	110	109	108	107	105	104	96	0	0	0.000	0.000	0	0.000	0.000	0	0	0	0	0	0	0	0	0	0	0.000	0.000	0	0	0	0	0	0	0	0	0	0	0
160	160	2173	1047.048	1109.685	283	429	829	519	74	240	469	811	477	136	1427.923	13938	1658	1525	1399	1269	1146	1039	954	859	706	165	163.445	1317	168	151	147	143	139	135	131	126	116	98	1	70	1049.627	1122.381	0	0.000	0.000	8548	0	0	0	552	0	0	0	1	86	1050.735	1122.063	0	0	0	6930	0	0	0	637	0	0	0
161	161	1615	1492.747	1106.470	331	543	523	161	20	217	560	473	275	57	1980.506	3735	3045	2786	2511	2274	2115	1954	1737	1117	485	177	161.969	226	200	191	182	173	164	156	146	132	115	100	0	0	0.000	0.000	0	0.000	0.000	0	0	0	0	0	0	0	0	0	0	0.000	0.000	0	0	0	0	0	0	0	0	0	0	0
162	162	1902	698.875	1111.990	654	437	427	270	79	609	539	471	192	54	120.036	151	132	127	124	121	119	117	115	112	110	102	321.409	548	481	449	407	367	332	300	255	188	130	103	0	0	0.000	0.000	0	0.000	0.000	0	0	0	0	0	0	0	0	0	0	0.000	0.000	0	0	0	0	0	0	0	0	0	0	0
163	163	1365	1252.429	1119.578	232	381	406	266	45	179	518	358	229	63	491.808	732	643	604	566	534	501	466	430	390	326	160	107.456	122	112	110	109	108	107	106	105	105	103	98	0	0	0.000	0.000	0	0.000	0.000	0	0	0	0	0	0	0	0	0	0	0.000	0.000	0	0	0	0	0	0	0	0	0	0	0
164	164	1779	1354.724	1126.079	263	582	695	168	34	305	881	468	70	19	121.612	317	129	126	124	122	120	119	117	115	112	104	216.164	339	264	251	242	233	223	213	197	177	150	113	1	17	1336.898	1112.636	0	0.000	0.000	220	0	0	0	188	0	0	0	0	0	0.000	0.000	0	0	0	0	0	0	0	0	0	0	0
165	165	2247	1748.188	1130.101	473	860	655	215	7	405	828	602	318	50	1447.677	2229	1983	1887	1787	1665	1524	1368	1202	1009	779	267	153.163	199	176	171	166	161	155	149	143	136	126	105	0	0	0.000	0.000	0	0.000	0.000	0	0	0	0	0	0	0	0	0	0	0.000	0.000	0	0	0	0	0	0	0	0	0	0	0
166	166	1455	1103.850	1120.532	241	485	524	166	14	257	539	432	173	21	114.027	140	119	117	116	115	114	113	112	110	109	102	133.512	159	147	143	140	137	134	130	127	123	120	103	0	0	0.000	0.000	0	0.000	0.000	0	0	0	0	0	0	0	0	0	0	0.000	0.000	0	0	0	0	0	0	0	0	0	0	0
167	167	1372	816.299	1132.464	332	336	458	188	27	249	488	396	178	30	1454.061	2470	2066	1925	1825	1714	1616	1409	1211	953	572	162	151.187	202	182	175	168	161	154	146	138	129	112	96	0	0	0.000	0.000	0	0.000	0.000	0	0	0	0	0	0	0	0	0	0	0.000	0.000	0	0	0	0	0	0	0	0	0	0	0
168	168	628	343.143	1130.691	103	247	200	54	13	89	207	188	102	28	134.965	160	148	143	141	137	135	132	130	127	122	106	116.207	134	125	122	119	117	115	114	113	111	108	101	0	0	0.000	0.000	0	0.000	0.000	0	0	0	0	0	0	0	0	0	0	0.000	0.000	0	0	0	0	0	0	0	0	0	0	0
169	169	1202	1403.608	1139.211	144	284	437	261	56	146	454	384	167	27	127.077	155	138	134	131	128	126	124	123	121	117	105	213.595	300	258	248	241	233	222	210	198	183	149	107	0	0	0.000	0.000	0	0.000	0.000	0	0	0	0	0	0	0	0	0	0	0.000	0.000	0	0	0	0	0	0	0	0	0	0	0
170	170	1676	1159.707	1139.753	647	844	127	22	12	590	774	193	64	30	120.099	214	128	122	120	118	117	116	114	113	111	102	140.675	177	157	152	148	145	142	138	134	129	123	104	0	0	0.000	0.000	0	0.000	0.000	0	0	0	0	0	0	0	0	0	0	0.000	0.000	0	0	0	0	0	0	0	0	0	0	0
171	171	2472	1591.736	1158.309	413	951	734	300	33	365	976	716	319	46	2345.451	9803	3706	3309	2950	2542	2141	1791	1501	1282	1027	301	177.475	640	225	207	192	178	166	155	145	137	125	103	1	41	1589.051	1153.613	0	0.000	0.000	8017	0	0	0	314	0	0	0	1	58	1588.909	1150.109	0	0	0	4752	0	0	0	456	0	0	0
172	172	1909	885.236	1169.406	306	565	724	255	17	186	526	779	280	91	113.004	128	119	117	115	114	113	112	111	109	107	100	104.881	117	108	107	106	105	105	104	103	103	102	96	0	0	0.000	0.000	0	0.000	0.000	0	0	0	0	0	0	0	0	0	0	0.000	0.000	0	0	0	0	0	0	0	0	0	0	0
173	173	1671	1708.540	1169.022	354	581	494	202	18	278	506	464	302	94	1430.035	2352	2042	1863	1723	1585	1485	1388	1255	1004	680	234	153.970	200	180	173	167	162	157	152	146	136	119	102	0	0	0.000	0.000	0	0.000	0.000	0	0	0	0	0	0	0	0	0	0	0.000	0.000	0	0	0	0	0	0	0	0	0	0	0
174	174	1658	1783.527	1174.390	250	478	564	291	44	150	494	558	318	93	118.290	137	126	123	122	120	118	117	115	113	111	102	107.472	129	114	111	109	107	106	105	105	104	103	98	0	0	0.000	0.000	0	0.000	0.000	0	0	0	0	0	0	0	0	0	0	0.000	0.000	0	0	0	0	0	0	0	0	0	0	0
175	175	529	1383.390	1173.334	140	268	54	27	30	186	227	68	20	22	328.951	445	407	391	378	366	352	331	302	270	200	126	180.573	239	211	199	190	184	179	174	168	163	156	127	0	0	0.000	0.000	0	0.000	0.000	0	0	0	0	0	0	0	0	0	0	0.000	0.000	0	0	0	0	0	0	0	0	0	0	0
176	176	1664	1646.630	1189.127	703	478	335	105	15	649	502	206	193	85	739.460	1310	1137	1027	937	859	766	663	555	437	314	134	105.476	115	109	108	107	106	105	105	104	103	102	98	0	0	0.000	0.000	0	0.000	0.000	0	0	0	0	0	0	0	0	0	0	0.000	0.000	0	0	0	0	0	0	0	0	0	0	0
177	177	2797	1341.371	1202.961	615	1040	854	213	19	490	1018	820	340	80	4250.227	37297	20523	2914	1060	663	544	467	399	335	255	133	2297.005	24230	9132	1361	519	319	246	210	188	169	148	109	1	553	1340.681	1203.832	0	0.000	0.000	20582	0	0	0	9150	0	0	0	1	473	1340.936	1203.594	0	0	0	24648	0	0	0	11404	0	0	0
178	178	1401	530.453	1189.981	220	406	363	322	66	195	329	392	343	110	148.461	204	176	167	161	156	151	146	139	130	113	102	103.877	113	107	106	105	104	104	103	103	102	101	96	0	0	0.000	0.000	0	0.000	0.000	0	0	0	0	0	0	0	0	0	0	0.000	0.000	0	0	0	0	0	0	0	0	0	0	0
179	179	1945	580.178	1211.649	399	587	582	299	35	370	789	515	214	25	162.709	238	200	183	174	167	162	156	149	141	128	104	105.128	121	109	108	106	106	105	104	103	103	101	96	0	0	0.000	0.000	0	0.000	0.000	0	0	0	0	0	0	0	0	0	0	0.000	0.000	0	0	0	0	0	0	0	0	0	0	0
180	180	750	1594.325	1209.956	117	322	225	63	11	63	195	266	166	49	1266.340	2041	1792	1675	1575	1466	1342	1209	1048	843	550	264	143.003	181	169	163	158	153	147	138	130	121	112	100	0	0	0.000	0.000	0	0.000	0.000	0	0	0	0	0	0	0	0	0	0	0.000	0.000	0	0	0	0	0	0	0	0	0	0	0
181	181	2896	1757.676	1231.303	682	992	826	291	66	754	1104	697	243	42	118.096	138	127	124	122	120	118	117	114	112	108	101	107.154	127	112	110	109	108	107	106	105	104	103	96	0	0	0.000	0.000	0	0.000	0.000	0	0	0	0	0	0	0	0	1	14	1770.496	1230.008	0	0	0	123	0	0	0	113	0	0	0
182	182	1147	1260.934	1221.371	226	423	321	148	15	231	500	305	72	15	223.446	327	286	271	258	242	228	214	198	177	148	110	107.231	118	111	110	109	108	107	106	106	105	104	99	0	0	0.000	0.000	0	0.000	0.000	0	0	0	0	0	0	0	0	0	0	0.000	0.000	0	0	0	0	0	0	0	0	0	0	0
183	183	1875	945.494	1240.653	230	555	687	325	47	233	746	570	245	49	220.474	5055	213	158	149	142	138	133	128	124	118	100	129.215	614	139	130	127	123	121	118	116	113	111	101	1	50	939.058	1237.237	0	0.000	0.000	2116	0	0	0	181	0	0	0	1	47	940.877	1237.429	0	0	0	1234	0	0	0	346	0	0	0
184	184	958	1911.139	1238.731	117	259	323	175	55	101	287	342	177	29	598.922	964	822	755	702	657	613	559	512	448	355	168	117.747	142	127	124	122	120	118	116	114	111	108	97	0	0	0.000	0.000	0	0.000	0.000	0	0	0	0	0	0	0	0	0	0	0.000	0.000	0	0	0	0	0	0	0	0	0	0	0
185	185	3201	1413.178	1258.818	2220	516	286	126	30	2252	525	269	100	23	147.742	811	183	154	143	137	132	127	122	118	114	98	132.895	321	184	144	131	123	116	113	110	108	106	99	0	0	0.000	0.000	0	0.000	0.000	0	0	0	0	0	0	0	0	0	0	0.000	0.000	0	0	0	0	0	0	0	0	0	0	0
186	186	1307	629.785	1270.341	147	336	466	296	44	156	478	450	175	21	175.113	223	203	197	190	184	177	171	165	155	141	115	105.048	118	109	107	106	105	105	104	103	103	102	96	0	0	0.000	0.000	0	0.000	0.000	0	0	0	0	0	0	0	0	0	0	0.000	0.000	0	0	0	0	0	0	0	0	0	0	0
187	187	1860	1927.379	1279.835	205	593	646	319	62	172	670	665	291	35	850.456	1305	1159	1083	1006	935	875	815	755	639	471	208	110.386	129	117	115	112	111	110	108	107	106	104	98	0	0	0.000	0.000	0	0.000	0.000	0	0	0	0	0	0	0	0	0	0	0.000	0.000	0	0	0	0	0	0	0	0	0	0	0
188	188	650	1609.116	1278.043	64	211	181	135	45	80	237	199	106	16	111.082	121	116	114	113	112	111	110	109	108	107	101	191.018	243	227	221	215	209	200	191	178	159	136	113	0	0	0.000	0.000	0	0.000	0.000	0	0	0	0	0	0	0	0	0	0	0.000	0.000	0	0	0	0	0	0	0	0	0	0	0
189	189	1746	912.551	1293.019	245	861	517	81	13	104	479	698	307	133	523.361	13378	654	249	177	157	148	141	135	128	122	105	162.002	1470	182	141	133	128	124	121	118	115	111	100	1	82	918.661	1294.739	0	0.000	0.000	5765	0	0	0	689	0	0	0	1	86	918.336	1294.702	0	0	0	5749	0	0	0	648	0	0	0
190	190	983	958.972	1290.473	214	295	298	135	29	159	401	211	148	45	129.181	150	140	137	135	133	131	129	125	121	114	102	118.592	141	128	125	123	121	119	117	115	112	108	98	0	0	0.000	0.000	0	0.000	0.000	0	0	0	0	0	0	0	0	0	0	0.000	0.000	0	0	0	0	0	0	0	0	0	0	0
191	191	2223	1569.101	1301.480	237	592	808	471	87	149	630	945	320	135	124.334	859	128	123	121	119	117	115	114	112	109	101	246.713	472	334	310	287	266	243	225	205	187	162	106	1	39	1571.913	1305.699	0	0.000	0.000	373	0	0	0	402	0	0	0	0	0	0.000	0.000	0	0	0	0	0	0	0	0	0	0	0
192	192	1811	1225.290	1297.211	263	350	639	447	80	216	506	620	350	74	233.000	3591	210	183	176	172	167	162	155	146	134	104	152.167	677	167	158	152	148	145	141	136	129	118	102	1	70	1218.248	1314.320	0	0.000	0.000	1710	0	0	0	223	0	0	0	1	53	1218.266	1310.734	0	0	0	408	0	0	0	404	0	0	0
193	193	1787	1284.687	1303.770	395	659	551	132	19	252	601	565	279	51	118.264	143	125	122	121	119	118	117	116	114	112	104	212.418	321	277	260	244	228	211	200	189	170	140	107	0	0	0.000	0.000	0	0.000	0.000	0	0	0	0	0	0	0	0	0	0	0.000	0.000	0	0	0	0	0	0	0	0	0	0	0
194	194	1396	1873.334	1297.292	226	401	446	249	53	226	478	387	245	41	723.974	1272	1087	945	859	806	736	682	604	509	337	130	106.408	122	112	110	108	107	106	105	104	103	102	96	0	0	0.000	0.000	0	0.000	0.000	0	0	0	0	0	0	0	0	0	0	0.000	0.000	0	0	0	0	0	0	0	0	0	0	0
195	195	2030	1636.886	1316.888	357	691	632	275	26	311	747	579	305	54	356.715	9668	384	177	143	135	131	127	124	121	115	101	226.387	1608	276	230	214	205	197	187	177	164	142	104	1	75	1646.592	1305.392	0	0.000	0.000	4397	0	0	0	845	0	0	0	1	66	1646.537	1305.133	0	0	0	4808	0	0	0	948	0	0	0
196	196	2364	1416.226	1315.467	1521	368	223	169	48	1469	395	260	162	48	346.684	3887	523	290	223	182	161	149	140	131	122	109	116.077	271	129	116	112	110	108	107	106	105	104	98	0	0	0.000	0.000	0	0.000	0.000	0	0	0	0	0	0	0	0	0	0	0.000	0.000	0	0	0	0	0	0	0	0	0	0	0
197	197	1416	1756.707	1314.478	212	427	468	256	23	166	504	429	204	79	112.836	128	119	117	115	114	113	111	110	109	107	100	150.276	214	182	170	161	153	148	142	137	131	123	104	0	0	0.000	0.000	0	0.000	0.000	0	0	0	0	0	0	0	0	0	0	0.000	0.000	0	0	0	0	0	0	0	0	0	0	0
198	198	2348	535.074	1329.791	391	599	766	446	100	352	725	792	331	98	1685.227	24266	3249	661	331	228	185	163	151	141	131	113	305.736	3199	483	216	178	161	151	144	136	127	120	107	1	252	534.061	1333.770	0	0.000	0.000	11796	0	0	0	1335	0	0	0	1	219	534.086	1333.872	0	0	0	14635	0	0	0	1552	0	0	0
199	199	2065	1697.075	1327.641	556	753	501	179	40	415	716	484	328	91	543.449	13758	595	237	193	185	179	172	164	153	136	109	175.532	1776	181	148	143	140	137	133	129	124	116	100	1	94	1702.198	1339.328	0	0.000	0.000	6077	0	0	0	825	0	0	0	1	89	1701.651	1339.121	0	0	0	5701	0	0	0	838	0	0	0
200	200	2166	609.449	1343.901	644	557	552	303	76	578	750	528	226	51	119.102	144	130	126	123	120	119	117	115	112	109	99	650.765	1267	1011	851	778	729	674	618	516	398	265	120	0	0	0.000	0.000	0	0.000	0.000	0	0	0	0	0	0	0	0	0	0	0.000	0.000	0	0	0	0	0	0	0	0	0	0	0
201	201	2864	329.548	1350.855	700	898	812	366	36	612	1184	679	317	19	141.544	177	158	154	151	148	145	140	135	128	119	101	266.378	386	343	325	308	294	280	262	235	206	167	102	0	0	0.000	0.000	0	0.000	0.000	0	0	0	0	0	0	0	0	0	0	0.000	0.000	0	0	0	0	0	0	0	0	0	0	0
202	202	1870	1578.037	1354.070	213	437	585	462	144	207	410	741	344	134	115.227	132	121	119	118	116	115	114	113	111	110	102	223.338	334	281	269	257	244	231	218	203	180	142	108	0	0	0.000	0.000	0	0.000	0.000	0	0	0	0	0	0	0	0	0	0	0.000	0.000	0	0	0	0	0	0	0	0	0	0	0
203	203	1893	1751.442	1371.647	621	747	437	47	12	376	750	519	184	28	115.638	131	123	121	119	117	116	114	112	110	108	97	157.932	219	194	182	171	163	157	152	145	136	122	103	0	0	0.000	0.000	0	0.000	0.000	0	0	0	0	0	0	0	0	0	0	0.000	0.000	0	0	0	0	0	0	0	0	0	0	0
204	204	2034	1356.016	1375.533	419	686	658	207	26	319	717	627	290	40	2157.257	21949	3518	1775	1470	1290	1154	1010	860	692	510	178	471.674	6815	795	286	215	190	174	161	150	137	126	104	1	175	1354.348	1375.989	0	0.000	0.000	12069	0	0	0	2854	0	0	0	1	157	1354.510	1375.824	0	0	0	13621	0	0	0	3292	0	0	0
205	205	2357	389.067	1383.934	630	611	693	339	51	527	671	703	295	112	2255.036	29282	6621	922	305	195	170	159	150	141	128	108	700.860	7099	1518	439	354	322	298	270	234	197	165	115	1	305	393.291	1388.330	0	0.000	0.000	15012	0	0	0	3132	0	0	0	1	270	393.355	1388.190	0	0	0	17758	0	0	0	3625	0	0	0
206	206	2022	769.982	1375.677	414	655	656	240	26	311	815	561	252	29	160.015	215	187	178	171	166	162	157	151	141	129	108	178.042	259	216	204	195	188	182	175	165	151	128	105	0	0	0.000	0.000	0	0.000	0.000	0	0	0	0	0	0	0	0	0	0	0.000	0.000	0	0	0	0	0	0	0	0	0	0	0
207	207	1967	1302.438	1377.615	511	852	466	73	36	416	1002	412	89	24	987.311	5590	1389	1241	1164	1055	941	835	730	631	451	138	160.066	1086	183	170	162	154	148	141	135	128	115	101	1	29	1311.287	1375.124	0	0.000	0.000	3782	0	0	0	628	0	0	0	1	39	1311.776	1374.243	0	0	0	2784	0	0	0	581	0	0	0
208	208	2523	706.289	1382.163	343	798	845	425	63	325	1027	770	309	44	1940.757	26577	4089	729	350	243	201	183	168	155	140	109	387.270	4182	627	256	216	199	188	176	162	151	139	108	1	290	701.151	1376.462	0	0.000	0.000	13361	0	0	0	1635	0	0	0	1	236	700.879	1376.683	0	0	0	17985	0	0	0	2074	0	0	0
209	209	686	253.708	1387.135	147	198	187	101	42	101	168	193	151	59	108.411	121	113	112	110	109	108	107	106	105	104	99	104.070	115	108	106	105	104	104	103	102	102	101	96	0	0	0.000	0.000	0	0.000	0.000	0	0	0	0	0	0	0	0	0	0	0.000	0.000	0	0	0	0	0	0	0	0	0	0	0
210	210	2007	555.513	1398.346	208	394	618	585	161	214	608	741	333	67	758.632	15278	754	431	401	381	358	339	321	296	249	135	135.707	945	140	122	119	117	116	114	112	110	107	100	1	87	572.157	1396.653	0	0.000	0.000	7627	0	0	0	435	0	0	0	1	82	571.861	1397.456	0	0	0	7627	0	0	0	479	0	0	0
211	211	1471	1492.773	1393.981	294	342	470	272	74	177	423	576	199	66	199.927	1973	228	198	184	175	168	161	155	148	138	114	120.498	251	130	125	122	120	118	116	114	112	109	100	1	36	1497.834	1384.944	0	0.000	0.000	988	0	0	0	183	0	0	0	1	28	1496.495	1385.014	0	0	0	753	0	0	0	201	0	0	0
212	212	1818	843.111	1414.088	317	833	544	89	12	217	782	534	197	53	123.331	143	133	129	128	126	124	122	120	117	113	100	105.621	125	110	108	107	106	105	105	104	103	102	96	0	0	0.000	0.000	0	0.000	0.000	0	0	0	0	0	0	0	0	0	0	0.000	0.000	0	0	0	0	0	0	0	0	0	0	0
213	213	2760	1425.166	1417.813	734	1412	491	56	19	483	1218	742	249	28	5893.079	33397	20727	5127	3470	3066	2794	2483	2109	1741	1224	302	745.960	6538	2385	525	293	253	238	222	204	183	154	108	0	0	0.000	0.000	0	0.000	0.000	0	0	0	0	0	0	0	0	1	444	1421.419	1415.342	0	0	0	24773	0	0	0	3199	0	0	0
214	214	825	667.464	1413.898	63	233	302	171	42	58	351	300	88	11	114.632	126	120	118	117	116	115	114	113	111	110	103	152.350	194	177	169	163	159	154	148	143	136	126	107	0	0	0.000	0.000	0	0.000	0.000	0	0	0	0	0	0	0	0	0	0	0.000	0.000	0	0	0	0	0	0	0	0	0	0	0
215	215	1838	1348.272	1423.742	99	487	695	406	122	79	860	582	246	35	623.318	1012	829	784	752	690	629	580	530	465	392	163	136.739	171	155	149	145	141	137	132	128	124	119	102	0	0	0.000	0.000	0	0.000	0.000	0	0	0	0	0	0	0	0	0	0	0.000	0.000	0	0	0	0	0	0	0	0	0	0	0
216	216	2057	375.345	1433.047	373	669	607	311	57	322	702	659	279	52	650.804	1039	885	832	779	722	668	619	568	516	349	141	173.114	231	207	199	193	185	176	166	158	149	131	105	0	0	0.000	0.000	0	0.000	0.000	0	0	0	0	0	0	0	0	0	0	0.000	0.000	0	0	0	0	0	0	0	0	0	0	0
217	217	2258	1498.813	1438.564	1849	275	85	27	16	1863	287	55	27	12	273.860	679	510	396	330	278	232	197	162	140	129	112	107.176	127	113	110	108	107	106	106	105	104	103	98	0	0	0.000	0.000	0	0.000	0.000	0	0	0	0	0	0	0	0	0	0	0.000	0.000	0	0	0	0	0	0	0	0	0	0	0
218	218	1555	296.237	1442.761	341	551	437	180	14	275	582	437	199	36	282.432	426	380	359	334	310	284	258	237	214	183	110	126.516	160	143	138	133	130	126	122	119	115	111	102	0	0	0.000	0.000	0	0.000	0.000	0	0	0	0	0	0	0	0	0	0	0.000	0.000	0	0	0	0	0	0	0	0	0	0	0
219	219	1868	1297.201	1449.638	344	686	648	130	34	308	1085	377	59	11	605.223	990	854	790	740	684	617	543	472	406	350	162	137.776	185	161	155	147	141	136	131	127	123	118	103	0	0	0.000	0.000	0	0.000	0.000	0	0	0	0	0	0	0	0	0	0	0.000	0.000	0	0	0	0	0	0	0	0	0	0	0
220	220	2145	695.875	1455.533	178	446	890	460	124	162	712	852	333	43	2056.530	27137	5831	885	394	261	206	183	167	156	145	114	660.648	6640	1347	471	361	325	290	265	247	230	188	117	1	273	690.941	1456.382	0	0.000	0.000	13386	0	0	0	2797	0	0	0	1	222	691.326	1455.623	0	0	0	16760	0	0	0	3519	0	0	0
221	221	1120	248.534	1457.744	219	279	293	237	72	141	352	336	212	47	111.479	130	119	116	114	113	111	110	108	106	104	99	195.547	323	281	262	242	224	198	171	144	121	109	94	0	0	0.000	0.000	0	0.000	0.000	0	0	0	0	0	0	0	0	0	0	0.000	0.000	0	0	0	0	0	0	0	0	0	0	0
222	222	1996	405.306	1471.030	1239	346	200	178	19	1140	328	227	172	105	163.534	317	236	209	186	164	147	136	130	124	118	106	111.387	134	123	119	115	112	109	107	106	105	103	97	0	0	0.000	0.000	0	0.000	0.000	0	0	0	0	0	0	0	0	0	0	0.000	0.000	0	0	0	0	0	0	0	0	0	0	0
223	223	1855	761.073	1474.907	352	752	622	87	18	271	622	628	257	51	1919.030	3842	3078	2552	2201	1990	1827	1672	1484	1293	1011	285	110.974	132	119	116	113	111	110	109	108	107	105	98	0	0	0.000	0.000	0	0.000	0.000	0	0	0	0	0	0	0	0	0	0	0.000	0.000	0	0	0	0	0	0	0	0	0	0	0
224	224	2799	1884.519	1467.888	647	1255	735	97	11	423	812	911	476	117	9249.784	41439	33345	17887	5637	4041	3235	2617	2052	1527	996	293	1967.658	13956	8452	2588	677	371	291	242	207	174	142	105	0	0	0.000	0.000	0	0.000	0.000	0	0	0	0	0	0	0	0	0	0	0.000	0.000	0	0	0	0	0	0	0	0	0	0	0
225	225	1980	328.517	1482.802	289	502	666	419	63	238	701	671	276	61	348.277	564	491	445	414	387	353	313	278	251	213	118	131.861	169	150	145	141	137	132	127	123	119	113	101	0	0	0.000	0.000	0	0.000	0.000	0	0	0	0	0	0	0	0	0	0	0.000	0.000	0	0	0	0	0	0	0	0	0	0	0
226	226	1404	923.862	1473.603	190	355	463	302	64	136	350	591	196	109	113.242	132	119	117	116	114	113	112	111	109	107	100	109.160	131	115	113	111	110	109	108	107	105	104	99	0	0	0.000	0.000	0	0.000	0.000	0	0	0	0	0	0	0	0	0	0	0.000	0.000	0	0	0	0	0	0	0	0	0	0	0
227	227	2268	1504.382	1486.233	662	703	668	181	26	707	1049	401	72	10	455.712	852	685	581	526	489	461	427	381	307	224	136	107.004	122	113	110	109	107	106	105	105	104	103	96	0	0	0.000	0.000	0	0.000	0.000	0	0	0	0	0	0	0	0	0	0	0.000	0.000	0	0	0	0	0	0	0	0	0	0	0
228	228	1808	968.572	1493.522	313	642	627	187	9	213	547	670	255	93	113.764	128	120	118	117	115	114	113	111	109	107	97	111.041	139	120	116	113	111	110	109	107	106	104	98	0	0	0.000	0.000	0	0.000	0.000	0	0	0	0	0	0	0	0	0	0	0.000	0.000	0	0	0	0	0	0	0	0	0	0	0
229	229	1520	717.131	1506.491	230	408	562	257	40	225	617	476	154	21	2523.566	4342	3864	3512	3208	2899	2535	2196	1918	1564	1164	441	110.443	127	116	114	112	111	110	109	108	107	105	99	0	0	0.000	0.000	0	0.000	0.000	0	0	0	0	0	0	0	0	0	0	0.000	0.000	0	0	0	0	0	0	0	0	0	0	0
230	230	2314	374.853	1518.041	233	616	898	463	56	219	720	886	409	44	959.297	1715	1463	1339	1216	1123	1014	848	676	542	421	172	105.230	116	109	107	107	106	105	104	104	103	102	95	0	0	0.000	0.000	0	0.000	0.000	0	0	0	0	0	0	0	0	0	0	0.000	0.000	0	0	0	0	0	0	0	0	0	0	0
231	231	1460	1797.651	1522.008	282	604	404	114	29	147	465	553	206	55	429.335	654	573	543	509	477	448	411	368	313	253	159	116.864	142	127	122	120	118	117	115	113	111	108	99	0	0	0.000	0.000	0	0.000	0.000	0	0	0	0	0	0	0	0	0	0	0.000	0.000	0	0	0	0	0	0	0	0	0	0	0
232	232	1701	428.822	1525.626	301	466	547	330	37	211	452	612	296	101	1082.870	1756	1539	1413	1346	1256	1146	1047	926	724	482	171	106.260	120	111	109	108	107	106	105	104	104	102	96	0	0	0.000	0.000	0	0.000	0.000	0	0	0	0	0	0	0	0	0	0	0.000	0.000	0	0	0	0	0	0	0	0	0	0	0
233	233	2006	1904.061	1534.331	296	475	689	423	101	278	624	733	301	27	1971.268	3444	3012	2676	2417	2188	1977	1723	1539	1327	967	249	113.151	137	120	117	116	114	113	111	110	109	106	99	0	0	0.000	0.000	0	0.000	0.000	0	0	0	0	0	0	0	0	0	0	0.000	0.000	0	0	0	0	0	0	0	0	0	0	0
234	234	1992	949.553	1540.391	492	753	511	158	33	441	942	437	115	29	114.125	129	120	118	117	115	114	113	112	110	108	101	110.169	133	117	114	112	111	110	108	107	106	104	98	0	0	0.000	0.000	0	0.000	0.000	0	0	0	0	0	0	0	0	0	0	0.000	0.000	0	0	0	0	0	0	0	0	0	0	0
235	235	2356	1239.190	1544.630	626	884	654	133	20	496	860	664	246	40	489.886	9084	653	250	178	160	152	147	142	136	129	106	221.925	1355	259	212	201	193	186	178	169	156	139	107	1	145	1234.049	1551.712	0	0.000	0.000	4392	0	0	0	733	0	0	0	1	131	1234.137	1551.407	0	0	0	4789	0	0	0	843	0	0	0
236	236	932	569.831	1533.173	149	428	237	75	27	173	360	302	75	9	133.535	155	142	140	138	136	134	132	130	127	123	110	225.211	298	275	262	252	239	227	214	203	191	172	132	0	0	0.000	0.000	0	0.000	0.000	0	0	0	0	0	0	0	0	0	0	0.000	0.000	0	0	0	0	0	0	0	0	0	0	0
237	237	2314	166.823	1553.256	319	535	774	541	107	274	451	986	448	115	339.131	521	453	429	409	382	351	322	288	246	201	125	123.404	153	138	134	130	127	124	120	116	113	109	99	0	0	0.000	0.000	0	0.000	0.000	0	0	0	0	0	0	0	0	0	0	0.000	0.000	0	0	0	0	0	0	0	0	0	0	0
238	238	1513	1301.511	1557.220	218	502	506	210	53	168	526	519	206	67	3044.303	25557	10053	2461	1276	943	771	675	599	516	432	171	373.208	3188	1044	296	191	157	141	132	126	122	117	102	1	256	1298.171	1556.650	0	0.000	0.000	13243	0	0	0	1272	0	0	0	1	225	1298.228	1556.535	0	0	0	15184	0	0	0	1493	0	0	0
239	239	894	1787.738	1563.163	108	285	234	190	60	202	300	218	137	17	114.432	130	120	118	116	115	114	113	112	111	109	103	142.426	175	162	157	153	149	146	141	136	127	115	102	0	0	0.000	0.000	0	0.000	0.000	0	0	0	0	0	0	0	0	0	0	0.000	0.000	0	0	0	0	0	0	0	0	0	0	0
240	240	1201	867.208	1569.309	469	387	199	104	19	376	350	299	126	39	613.536	1311	1119	911	738	669	589	528	447	285	163	112	107.674	122	113	111	109	108	107	106	105	104	103	96	0	0	0.000	0.000	0	0.000	0.000	0	0	0	0	0	0	0	0	0	0	0.000	0.000	0	0	0	0	0	0	0	0	0	0	0
241	241	2114	1063.000	1581.114	273	571	881	322	33	191	454	942	390	99	1452.551	2474	2153	2008	1847	1683	1517	1327	1134	889	622	225	112.522	131	121	117	115	114	112	110	109	107	106	99	0	0	0.000	0.000	0	0.000	0.000	0	0	0	0	0	0	0	0	0	0	0.000	0.000	0	0	0	0	0	0	0	0	0	0	0
242	242	1563	1890.264	1586.468	197	406	519	311	101	125	474	565	292	70	121.648	174	131	126	124	122	120	119	117	116	114	106	156.348	202	182	175	169	163	156	151	145	138	130	106	0	0	0.000	0.000	0	0.000	0.000	0	0	0	0	0	0	0	0	0	0	0.000	0.000	0	0	0	0	0	0	0	0	0	0	0
243	243	2769	1256.148	1595.366	610	969	837	287	11	547	1113	834	219	8	2285.395	29907	5805	731	313	208	174	161	150	141	129	110	822.281	9219	1609	469	383	351	322	297	261	217	162	111	1	353	1250.222	1593.700	0	0.000	0.000	16294	0	0	0	3889	0	0	0	1	297	1250.343	1593.682	0	0	0	19253	0	0	0	4736	0	0	0
244	244	1038	495.924	1593.497	111	300	360	208	38	125	323	357	175	39	309.078	501	398	362	343	325	311	297	278	253	214	143	132.485	160	144	140	138	135	133	131	128	124	120	105	0	0	0.000	0.000	0	0.000	0.000	0	0	0	0	0	0	0	0	0	0	0.000	0.000	0	0	0	0	0	0	0	0	0	0	0
245	245	1797	785.670	1596.255	358	677	529	189	14	249	599	585	250	85	111.107	123	116	114	113	112	111	110	109	108	106	100	144.832	179	162	157	153	150	147	144	139	132	123	106	0	0	0.000	0.000	0	0.000	0.000	0	0	0	0	0	0	0	0	0	0	0.000	0.000	0	0	0	0	0	0	0	0	0	0	0
246	246	1793	1807.106	1604.685	268	543	654	260	29	233	578	639	254	52	119.381	140	125	123	122	121	119	118	117	115	113	106	159.420	218	191	182	174	166	158	151	146	140	129	102	0	0	0.000	0.000	0	0.000	0.000	0	0	0	0	0	0	0	0	0	0	0.000	0.000	0	0	0	0	0	0	0	0	0	0	0
247	247	2125	732.191	1605.912	621	980	414	58	17	601	1066	351	47	20	122.624	259	131	125	123	121	120	119	117	115	113	104	149.493	192	174	168	162	156	150	143	137	131	125	108	0	0	0.000	0.000	0	0.000	0.000	0	0	0	0	0	0	0	0	0	0	0.000	0.000	0	0	0	0	0	0	0	0	0	0	0
248	248	2063	162.306	1614.923	352	574	689	311	89	303	522	829	298	58	901.063	18077	1199	521	387	352	330	302	265	233	210	127	176.152	1667	211	145	133	128	122	118	114	111	108	99	1	121	169.458	1619.437	0	0.000	0.000	7906	0	0	0	826	0	0	0	1	122	169.874	1619.507	0	0	0	7906	0	0	0	830	0	0	0
249	249	2167	1113.259	1613.056	303	610	799	354	74	201	780	805	266	72	1339.455	2442	1930	1699	1578	1463	1367	1256	1108	907	723	307	158.046	218	186	175	169	164	159	153	146	138	128	107	0	0	0.000	0.000	0	0.000	0.000	0	0	0	0	0	0	0	0	0	0	0.000	0.000	0	0	0	0	0	0	0	0	0	0	0
250	250	2186	1515.054	1625.363	751	711	490	167	34	611	866	406	195	67	145.518	1236	155	147	143	139	135	132	128	124	117	103	302.751	966	414	375	343	321	309	297	273	214	159	110	1	31	1526.626	1638.289	0	0.000	0.000	564	0	0	0	525	0	0	0	0	0	0.000	0.000	0	0	0	0	0	0	0	0	0	0	0
251	251	1377	1610.002	1619.667	191	523	428	186	23	157	621	386	161	27	332.375	536	439	410	387	360	334	314	293	256	213	130	105.179	115	108	107	106	106	105	104	104	103	102	97	0	0	0.000	0.000	0	0.000	0.000	0	0	0	0	0	0	0	0	0	0	0.000	0.000	0	0	0	0	0	0	0	0	0	0	0
252	252	2046	1211.368	1625.275	294	614	716	328	59	269	636	709	346	55	133.256	157	145	142	139	137	135	132	129	125	119	106	250.000	381	335	312	293	273	250	229	211	193	166	111	0	0	0.000	0.000	0	0.000	0.000	0	0	0	0	0	0	0	0	0	0	0.000	0.000	0	0	0	0	0	0	0	0	0	0	0
253	253	973	521.499	1630.551	571	293	64	30	8	574	289	61	27	13	199.614	661	281	227	206	192	182	171	162	151	141	119	206.238	781	317	240	207	187	175	164	153	142	133	115	1	18	524.771	1635.657	0	0.000	0.000	489	0	0	0	536	0	0	0	0	0	0.000	0.000	0	0	0	0	0	0	0	0	0	0	0
254	254	1911	476.734	1640.262	185	576	815	275	24	99	494	899	323	56	402.483	628	518	479	449	422	398	378	357	329	291	166	146.520	190	164	157	153	150	146	143	139	134	129	110	0	0	0.000	0.000	0	0.000	0.000	0	0	0	0	0	0	0	0	0	0	0.000	0.000	0	0	0	0	0	0	0	0	0	0	0
255	255	2556	1057.820	1640.780	655	997	654	183	17	479	775	821	349	97	1537.314	2399	2145	2019	1893	1783	1654	1482	1300	1046	721	232	171.842	232	206	198	192	184	177	168	157	144	128	106	0	0	0.000	0.000	0	0.000	0.000	0	0	0	0	0	0	0	0	0	0	0.000	0.000	0	0	0	0	0	0	0	0	0	0	0
256	256	2432	390.873	1641.914	506	750	796	290	53	427	870	843	205	47	2362.212	23838	3789	1744	1432	1323	1195	1056	933	809	561	204	314.683	3959	461	205	163	150	142	136	131	125	118	101	1	230	387.491	1641.049	0	0.000	0.000	12344	0	0	0	1629	0	0	0	1	190	387.611	1640.694	0	0	0	15251	0	0	0	1934	0	0	0
257	257	2228	1655.072	1645.886	261	872	712	292	43	162	787	675	451	114	798.219	17109	1114	339	218	181	166	156	147	139	131	112	301.055	2111	414	310	285	263	240	216	194	173	151	112	1	140	1652.336	1639.034	0	0.000	0.000	7978	0	0	0	1112	0	0	0	1	118	1652.521	1638.463	0	0	0	9519	0	0	0	1258	0	0	0
258	258	1430	763.910	1646.630	369	516	390	112	22	247	663	347	129	23	3210.373	5825	5025	4567	4181	3747	3260	2983	2502	1870	969	297	156.288	210	185	177	172	164	158	151	143	135	123	105	0	0	0.000	0.000	0	0.000	0.000	0	0	0	0	0	0	0	0	0	0	0.000	0.000	0	0	0	0	0	0	0	0	0	0	0
259	259	2174	711.528	1670.548	325	659	814	298	38	288	760	711	334	51	3014.909	6138	4982	4309	3785	3327	2963	2518	2108	1771	1289	300	149.260	209	180	170	162	154	148	141	135	129	122	104	0	0	0.000	0.000	0	0.000	0.000	0	0	0	0	0	0	0	0	0	0	0.000	0.000	0	0	0	0	0	0	0	0	0	0	0
260	260	1181	538.647	1671.613	657	289	131	69	20	718	260	96	69	19	1128.427	15536	2051	780	558	506	456	405	351	300	264	151	351.094	4910	593	249	173	151	141	137	133	129	123	106	1	85	543.345	1671.420	0	0.000	0.000	7853	0	0	0	2218	0	0	0	1	91	543.270	1670.809	0	0	0	6928	0	0	0	2116	0	0	0
261	261	2011	1598.662	1681.378	277	778	704	201	18	155	595	733	375	107	157.162	198	179	173	168	163	158	154	148	142	133	112	271.442	415	369	347	325	303	281	256	228	197	157	111	0	0	0.000	0.000	0	0.000	0.000	0	0	0	0	0	0	0	0	0	0	0.000	0.000	0	0	0	0	0	0	0	0	0	0	0
262	262	2255	1912.987	1693.168	393	752	746	263	49	266	730	844	307	63	368.831	9348	352	220	206	198	190	184	176	166	146	104	136.773	1008	138	129	125	122	120	118	115	113	110	102	1	75	1899.609	1706.096	0	0.000	0.000	3912	0	0	0	503	0	0	0	1	70	1899.622	1706.076	0	0	0	4161	0	0	0	528	0	0	0
263	263	1689	941.214	1686.001	708	743	177	27	8	699	748	180	28	9	443.988	665	570	533	507	486	471	451	419	367	252	116	114.510	135	121	119	118	116	115	113	112	110	107	99	0	0	0.000	0.000	0	0.000	0.000	0	0	0	0	0	0	0	0	0	0	0.000	0.000	0	0	0	0	0	0	0	0	0	0	0
264	264	2264	1520.736	1701.161	415	869	658	251	32	296	826	770	300	28	2931.534	5208	4225	4000	3753	3377	3011	2598	2215	1885	1561	266	156.165	207	187	179	170	162	155	148	141	135	127	103	0	0	0.000	0.000	0	0.000	0.000	0	0	0	0	0	0	0	0	0	0	0.000	0.000	0	0	0	0	0	0	0	0	0	0	0
265	265	1625	488.283	1700.793	298	483	526	248	40	239	486	519	293	54	691.764	10547	1349	411	246	191	162	143	137	133	129	107	186.257	1164	246	161	150	143	137	134	130	127	121	104	1	138	487.314	1705.728	0	0.000	0.000	4978	0	0	0	604	0	0	0	1	122	487.632	1705.450	0	0	0	5492	0	0	0	668	0	0	0
266	266	929	1834.214	1694.486	332	226	213	118	22	295	225	223	123	43	270.642	371	332	320	308	297	282	264	244	221	191	136	119.593	141	131	126	123	122	119	117	115	112	109	102	0	0	0.000	0.000	0	0.000	0.000	0	0	0	0	0	0	0	0	0	0	0.000	0.000	0	0	0	0	0	0	0	0	0	0	0
267	267	1295	1643.261	1704.303	122	397	508	196	49	55	281	568	264	97	166.083	232	186	179	175	171	167	164	160	154	144	115	128.020	150	138	136	134	132	130	128	125	120	112	100	0	0	0.000	0.000	0	0.000	0.000	0	0	0	0	0	0	0	0	0	0	0.000	0.000	0	0	0	0	0	0	0	0	0	0	0
268	268	2300	232.037	1712.243	429	873	699	213	37	384	961	645	229	31	142.960	169	156	152	149	147	145	142	138	134	127	109	289.218	427	386	363	339	317	294	267	247	223	183	123	0	0	0.000	0.000	0	0.000	0.000	0	0	0	0	0	0	0	0	0	0	0.000	0.000	0	0	0	0	0	0	0	0	0	0	0
269	269	2532	1783.625	1710.900	873	1256	336	22	9	594	1028	713	144	13	3068.524	5531	4772	4388	4058	3616	3145	2716	2356	1771	1050	296	183.360	269	238	224	213	200	186	173	161	145	116	100	0	0	0.000	0.000	0	0.000	0.000	0	0	0	0	0	0	0	0	0	0	0.000	0.000	0	0	0	0	0	0	0	0	0	0	0
270	270	1735	803.483	1738.081	255	468	655	270	58	126	345	683	402	153	771.559	15725	1063	400	280	235	212	196	180	163	141	108	238.530	3304	301	173	148	139	134	129	124	118	112	102	1	105	805.327	1736.480	0	0.000	0.000	6657	0	0	0	1354	0	0	0	1	96	805.565	1736.670	0	0	0	7620	0	0	0	1553	0	0	0
271	271	2326	1597.784	1739.625	623	884	576	160	36	466	904	593	227	82	466.383	12093	466	210	184	176	170	165	160	153	140	108	158.297	1325	160	140	136	133	130	128	124	120	113	97	1	101	1586.712	1734.134	0	0.000	0.000	5500	0	0	0	618	0	0	0	1	88	1586.498	1732.902	0	0	0	4124	0	0	0	692	0	0	0
272	272	2754	1314.041	1746.880	456	936	910	356	43	321	812	958	515	90	3036.818	13091	4701	4055	3651	3266	2870	2601	2274	1830	1423	468	311.906	1946	419	375	345	316	292	270	240	211	184	122	1	19	1326.167	1732.483	0	0.000	0.000	11199	0	0	0	1602	0	0	0	1	46	1326.131	1732.409	0	0	0	8718	0	0	0	1266	0	0	0
273	273	1679	1542.205	1752.386	270	504	530	295	52	161	515	626	296	52	3034.170	4972	4495	4149	3831	3528	3193	2836	2392	1899	1349	324	161.122	235	194	185	178	171	163	155	144	136	125	107	0	0	0.000	0.000	0	0.000	0.000	0	0	0	0	0	0	0	0	0	0	0.000	0.000	0	0	0	0	0	0	0	0	0	0	0
274	274	994	972.347	1751.337	174	494	251	52	7	78	473	281	126	17	113.847	137	124	120	117	115	113	111	109	107	106	98	176.377	233	210	204	199	193	183	172	163	148	127	103	0	0	0.000	0.000	0	0.000	0.000	0	0	0	0	0	0	0	0	0	0	0.000	0.000	0	0	0	0	0	0	0	0	0	0	0
275	275	1299	1251.804	1753.365	141	379	427	255	62	112	523	413	179	46	3113.895	5109	4415	4173	3930	3604	3243	2847	2462	2019	1537	605	301.163	452	395	376	356	330	305	282	254	229	195	126	0	0	0.000	0.000	0	0.000	0.000	0	0	0	0	0	0	0	0	0	0	0.000	0.000	0	0	0	0	0	0	0	0	0	0	0
276	276	2597	207.977	1769.349	518	958	853	179	23	331	914	865	390	43	324.215	9097	295	175	156	150	145	141	136	130	122	101	316.705	1467	427	382	353	327	305	275	245	216	180	113	1	86	222.852	1763.941	0	0.000	0.000	4073	0	0	0	844	0	0	0	1	50	223.139	1764.176	0	0	0	6032	0	0	0	1096	0	0	0
277	277	1352	762.213	1765.776	343	516	312	144	14	264	503	400	147	12	417.800	8289	545	251	199	178	169	163	157	150	138	108	155.763	957	175	146	140	136	133	130	126	122	117	104	1	72	757.100	1756.151	0	0.000	0.000	3405	0	0	0	365	0	0	0	1	63	757.829	1754.446	0	0	0	1428	0	0	0	529	0	0	0
278	278	1034	1772.375	1767.141	101	379	332	172	28	77	475	310	141	8	354.466	541	456	432	410	385	359	335	314	283	232	140	111.461	129	120	117	114	112	110	109	108	106	105	98	0	0	0.000	0.000	0	0.000	0.000	0	0	0	0	0	0	0	0	0	0	0.000	0.000	0	0	0	0	0	0	0	0	0	0	0
279	279	1348	828.412	1777.571	295	373	433	205	26	180	369	490	199	90	186.888	261	230	217	206	197	189	182	174	158	137	106	129.301	158	143	139	135	132	129	126	123	121	115	101	0	0	0.000	0.000	0	0.000	0.000	0	0	0	0	0	0	0	0	0	0	0.000	0.000	0	0	0	0	0	0	0	0	0	0	0
280	280	1912	538.875	1780.393	511	547	489	297	47	362	592	502	331	86	113.133	135	123	120	116	114	112	110	109	107	105	98	117.336	151	132	126	121	117	115	113	111	109	107	101	0	0	0.000	0.000	0	0.000	0.000	0	0	0	0	0	0	0	0	0	0	0.000	0.000	0	0	0	0	0	0	0	0	0	0	0
281	281	1340	918.328	1788.738	143	389	411	264	112	112	508	437	201	55	640.367	977	852	814	774	734	695	634	546	460	355	135	121.960	151	136	131	127	124	121	118	116	114	110	100	0	0	0.000	0.000	0	0.000	0.000	0	0	0	0	0	0	0	0	0	0	0.000	0.000	0	0	0	0	0	0	0	0	0	0	0
282	282	1908	1285.278	1801.388	289	601	650	272	55	170	650	698	284	64	919.954	15997	1172	491	427	388	355	328	308	281	232	125	169.919	1601	194	135	129	125	122	120	118	116	113	104	1	122	1283.863	1809.608	0	0.000	0.000	7242	0	0	0	680	0	0	0	1	109	1284.085	1809.341	0	0	0	8457	0	0	0	741	0	0	0
283	283	1031	1100.580	1795.044	341	301	233	106	36	282	345	184	174	38	112.087	131	120	117	115	113	112	110	109	107	105	99	111.501	143	120	116	114	112	111	109	108	106	105	100	0	0	0.000	0.000	0	0.000	0.000	0	0	0	0	0	0	0	0	0	0	0.000	0.000	0	0	0	0	0	0	0	0	0	0	0
284	284	2291	1754.140	1811.858	528	972	606	128	19	286	724	765	412	67	436.052	670	574	531	503	472	441	411	383	354	280	139	110.311	130	119	115	112	110	109	108	107	106	104	97	0	0	0.000	0.000	0	0.000	0.000	0	0	0	0	0	0	0	0	0	0	0.000	0.000	0	0	0	0	0	0	0	0	0	0	0
285	285	1081	1811.168	1802.443	178	379	347	135	34	132	412	275	168	70	804.122	1338	1099	989	915	861	817	757	700	635	510	198	111.349	124	117	115	114	113	111	110	109	108	106	100	0	0	0.000	0.000	0	0.000	0.000	0	0	0	0	0	0	0	0	0	0	0.000	0.000	0	0	0	0	0	0	0	0	0	0	0
286	286	1721	578.824	1816.282	292	736	497	142	24	256	822	451	138	28	111.668	126	116	115	114	113	112	111	110	108	107	101	131.220	162	145	141	138	135	132	129	126	121	114	97	0	0	0.000	0.000	0	0.000	0.000	0	0	0	0	0	0	0	0	0	0	0.000	0.000	0	0	0	0	0	0	0	0	0	0	0
287	287	2079	660.852	1822.031	447	770	668	146	13	206	578	741	429	88	192.892	263	234	222	212	204	196	187	177	165	149	109	125.384	153	137	134	131	128	125	122	120	117	114	102	0	0	0.000	0.000	0	0.000	0.000	0	0	0	0	0	0	0	0	0	0	0.000	0.000	0	0	0	0	0	0	0	0	0	0	0
288	288	2417	1202.482	1825.829	631	1015	661	51	11	329	715	810	457	70	144.770	2303	148	135	130	128	125	122	120	117	113	102	254.667	412	351	322	304	287	270	255	222	167	123	104	1	33	1207.988	1812.896	0	0.000	0.000	980	0	0	0	372	0	0	0	0	0	0.000	0.000	0	0	0	0	0	0	0	0	0	0	0
289	289	1680	852.540	1828.943	342	437	586	260	32	238	470	627	243	76	236.262	4807	266	180	160	151	147	142	137	130	122	105	159.611	836	185	169	159	152	146	140	135	130	123	103	1	47	860.562	1828.494	0	0.000	0.000	2134	0	0	0	457	0	0	0	1	43	860.873	1828.367	0	0	0	2383	0	0	0	475	0	0	0
290	290	1848	170.541	1834.100	563	579	502	157	22	480	630	417	227	57	116.820	141	126	123	120	119	117	115	113	110	108	100	918.964	1719	1443	1301	1190	1046	913	799	689	536	361	173	0	0	0.000	0.000	0	0.000	0.000	0	0	0	0	0	0	0	0	0	0	0.000	0.000	0	0	0	0	0	0	0	0	0	0	0
291	291	1734	906.080	1835.425	261	603	570	227	40	225	715	472	234	59	1169.788	14892	1674	951	801	696	620	539	469	416	345	138	160.765	1349	195	137	128	123	119	116	114	112	109	101	1	109	894.022	1835.263	0	0.000	0.000	7710	0	0	0	612	0	0	0	1	100	894.185	1835.131	0	0	0	8361	0	0	0	641	0	0	0
292	292	2061	1105.964	1849.041	552	800	539	107	20	479	997	446	84	20	291.933	501	395	366	346	322	295	269	243	210	176	116	106.343	124	112	109	107	106	105	105	104	103	102	95	0	0	0.000	0.000	0	0.000	0.000	0	0	0	0	0	0	0	0	0	0	0.000	0.000	0	0	0	0	0	0	0	0	0	0	0
293	293	1674	1273.362	1846.731	177	501	670	268	30	154	549	617	291	32	358.688	3140	425	393	374	351	326	302	276	250	210	125	119.330	341	127	122	120	118	116	114	112	111	109	101	1	36	1267.478	1842.427	0	0.000	0.000	1455	0	0	0	195	0	0	0	1	32	1268.416	1841.246	0	0	0	998	0	0	0	227	0	0	0
294	294	1923	1800.290	1848.237	434	714	554	159	23	304	647	589	306	42	412.462	613	540	515	490	460	427	395	364	323	249	115	110.673	142	122	116	113	110	109	108	106	105	103	97	0	0	0.000	0.000	0	0.000	0.000	0	0	0	0	0	0	0	0	0	0	0.000	0.000	0	0	0	0	0	0	0	0	0	0	0
295	295	1667	541.185	1852.263	431	700	444	50	11	361	921	312	37	13	111.517	276	116	114	113	111	110	109	108	107	105	98	136.601	175	158	151	145	141	136	131	127	122	116	103	1	22	534.344	1868.727	0	0.000	0.000	156	0	0	0	137	0	0	0	0	0	0.000	0.000	0	0	0	0	0	0	0	0	0	0	0
296	296	1914	1328.162	1858.670	276	722	649	197	37	171	738	715	236	21	446.072	8978	578	231	172	154	149	144	138	133	125	104	256.095	1368	322	277	255	236	219	204	192	179	166	107	1	106	1321.452	1864.296	0	0.000	0.000	4115	0	0	0	784	0	0	0	1	89	1321.561	1864.114	0	0	0	4825	0	0	0	827	0	0	0
297	297	2081	445.624	1861.901	520	568	535	333	99	418	627	563	302	139	110.820	124	116	115	113	112	111	110	109	107	105	98	105.361	119	110	108	107	106	105	104	104	103	102	96	0	0	0.000	0.000	0	0.000	0.000	0	0	0	0	0	0	0	0	0	0	0.000	0.000	0	0	0	0	0	0	0	0	0	0	0
298	298	2134	693.847	1871.202	977	986	99	26	14	1016	957	72	31	14	856.398	12025	959	743	696	651	608	567	515	456	357	151	165.231	1337	174	148	142	139	136	133	129	125	118	104	1	82	699.583	1862.516	0	0.000	0.000	6199	0	0	0	283	0	0	0	1	85	700.754	1864.791	0	0	0	3171	0	0	0	716	0	0	0
299	299	1276	642.294	1868.877	175	304	408	297	64	144	474	435	162	33	185.696	253	227	217	206	195	186	176	168	160	144	113	124.824	157	139	134	130	127	124	121	118	115	111	101	0	0	0.000	0.000	0	0.000	0.000	0	0	0	0	0	0	0	0	0	0	0.000	0.000	0	0	0	0	0	0	0	0	0	0	0
300	300	1969	815.197	1877.364	487	747	602	87	14	271	661	658	301	46	109.908	126	115	113	112	111	110	109	108	107	105	99	140.945	191	170	160	153	146	139	132	127	122	116	104	0	0	0.000	0.000	0	0.000	0.000	0	0	0	0	0	0	0	0	0	0	0.000	0.000	0	0	0	0	0	0	0	0	0	0	0
301	301	2442	1898.378	1880.655	627	1117	554	80	14	519	1153	618	91	17	144.219	193	162	156	152	149	146	142	138	133	123	100	123.703	150	135	132	129	127	125	122	119	115	110	98	0	0	0.000	0.000	0	0.000	0.000	0	0	0	0	0	0	0	0	0	0	0.000	0.000	0	0	0	0	0	0	0	0	0	0	0
302	302	1875	867.925	1872.043	172	527	710	374	48	157	675	727	257	16	1308.071	19541	2675	469	250	201	179	164	153	140	128	105	287.460	2989	486	182	154	144	138	132	127	121	116	105	1	212	861.742	1866.413	0	0.000	0.000	8762	0	0	0	1226	0	0	0	1	179	861.889	1866.309	0	0	0	10938	0	0	0	1454	0	0	0
303	303	1456	1843.365	1884.857	181	451	428	293	74	160	442	470	274	82	144.696	184	163	158	154	150	147	144	139	131	120	104	123.366	151	135	132	129	127	125	123	119	114	108	99	0	0	0.000	0.000	0	0.000	0.000	0	0	0	0	0	0	0	0	0	0	0.000	0.000	0	0	0	0	0	0	0	0	0	0	0
304	304	1804	1414.091	1901.143	435	470	488	347	43	286	455	559	335	141	852.355	1385	1165	1056	992	938	884	829	740	622	482	200	142.965	181	159	154	151	148	145	141	136	130	123	106	0	0	0.000	0.000	0	0.000	0.000	0	0	0	0	0	0	0	0	0	0	0.000	0.000	0	0	0	0	0	0	0	0	0	0	0
305	305	1329	1113.969	1898.588	185	369	370	283	96	149	479	412	217	49	297.670	443	388	357	334	313	295	283	270	249	206	123	106.815	124	112	109	108	107	106	106	105	104	103	98	0	0	0.000	0.000	0	0.000	0.000	0	0	0	0	0	0	0	0	0	0	0.000	0.000	0	0	0	0	0	0	0	0	0	0	0
306	306	1522	915.029	1901.388	627	364	370	122	17	528	474	299	170	33	113.118	144	123	119	116	115	113	111	109	107	105	97	469.520	898	766	694	614	568	527	436	307	179	128	102	0	0	0.000	0.000	0	0.000	0.000	0	0	0	0	0	0	0	0	0	0	0.000	0.000	0	0	0	0	0	0	0	0	0	0	0
307	307	1542	1064.620	1910.247	305	525	430	215	37	268	484	429	265	62	360.019	543	467	437	412	391	373	356	332	293	216	113	107.029	131	116	110	108	106	105	105	104	103	102	96	0	0	0.000	0.000	0	0.000	0.000	0	0	0	0	0	0	0	0	0	0	0.000	0.000	0	0	0	0	0	0	0	0	0	0	0
308	308	1555	547.757	1903.375	582	643	250	46	10	560	721	207	25	13	113.805	130	120	118	117	115	114	113	111	109	107	100	167.606	224	204	195	187	177	169	162	154	145	123	103	0	0	0.000	0.000	0	0.000	0.000	0	0	0	0	0	0	0	0	0	0	0.000	0.000	0	0	0	0	0	0	0	0	0	0	0
309	309	834	772.562	1904.234	111	241	217	185	68	101	245	236	167	59	341.344	510	430	406	388	373	357	335	313	277	218	124	113.529	129	120	117	116	114	113	112	111	109	108	102	0	0	0.000	0.000	0	0.000	0.000	0	0	0	0	0	0	0	0	0	0	0.000	0.000	0	0	0	0	0	0	0	0	0	0	0
310	310	1947	1183.196	1916.545	345	772	686	88	12	180	537	725	355	111	112.357	127	119	116	115	114	112	111	109	108	106	99	107.287	124	111	110	109	108	107	106	106	105	104	96	0	0	0.000	0.000	0	0.000	0.000	0	0	0	0	0	0	0	0	0	0	0.000	0.000	0	0	0	0	0	0	0	0	0	0	0
311	311	835	851.223	1917.659	190	278	208	115	25	125	296	196	119	77	136.963	165	152	148	145	143	139	136	131	125	118	102	124.661	145	135	132	130	127	125	123	120	117	113	104	0	0	0.000	0.000	0	0.000	0.000	0	0	0	0	0	0	0	0	0	0	0.000	0.000	0	0	0	0	0	0	0	0	0	0	0
312	312	1457	725.615	1924.690	183	359	464	313	110	143	356	620	227	79	565.420	854	751	683	642	608	576	542	508	461	373	146	118.541	142	128	125	122	120	118	117	115	113	110	100	0	0	0.000	0.000	0	0.000	0.000	0	0	0	0	0	0	0	0	0	0	0.000	0.000	0	0	0	0	0	0	0	0	0	0	0
313	313	1233	810.630	1927.355	147	318	387	306	49	126	296	436	273	81	111.045	126	117	115	113	112	111	110	109	107	105	99	148.947	187	170	166	160	155	150	144	139	133	126	107	0	0	0.000	0.000	0	0.000	0.000	0	0	0	0	0	0	0	0	0	0	0.000	0.000	0	0	0	0	0	0	0	0	0	0	0
314	314	1796	1928.738	1930.682	359	568	565	246	31	250	605	553	297	50	1082.499	1759	1534	1433	1307	1187	1092	1005	926	795	561	219	106.611	126	114	110	108	107	105	104	104	103	102	96	0	0	0.000	0.000	0	0.000	0.000	0	0	0	0	0	0	0	0	0	0	0.000	0.000	0	0	0	0	0	0	0	0	0	0	0
315	315	2965	597.813	1941.253	656	1263	885	100	9	501	1114	1106	190	7	113.217	151	120	118	116	115	113	112	111	109	106	98	166.214	245	208	199	188	178	167	156	145	134	122	103	0	0	0.000	0.000	0	0.000	0.000	0	0	0	0	0	0	0	0	0	0	0.000	0.000	0	0	0	0	0	0	0	0	0	0	0
316	316	1568	480.992	1937.906	231	449	465	335	53	196	612	461	211	61	1105.519	1936	1715	1588	1471	1309	1121	918	757	618	478	185	108.758	139	117	112	110	108	107	106	105	104	103	98	0	0	0.000	0.000	0	0.000	0.000	0	0	0	0	0	0	0	0	0	0	0.000	0.000	0	0	0	0	0	0	0	0	0	0	0
317	317	1233	1131.636	1938.124	236	372	413	170	23	134	479	345	211	40	111.968	128	118	116	114	113	112	111	110	108	106	100	106.514	119	110	109	108	107	106	106	105	104	103	97	0	0	0.000	0.000	0	0.000	0.000	0	0	0	0	0	0	0	0	0	0	0.000	0.000	0	0	0	0	0	0	0	0	0	0	0
318	318	1906	767.449	1958.701	286	505	651	343	77	197	402	731	396	147	497.737	809	717	661	599	560	521	477	436	340	215	117	113.264	133	122	119	117	115	113	111	110	107	105	96	0	0	0.000	0.000	0	0.000	0.000	0	0	0	0	0	0	0	0	0	0	0.000	0.000	0	0	0	0	0	0	0	0	0	0	0
319	319	1246	527.139	1954.068	308	395	388	111	19	215	360	375	218	54	1411.503	2393	2209	2070	1894	1697	1504	1300	1054	753	392	151	107.165	125	112	110	108	107	107	106	105	104	103	95	0	0	0.000	0.000	0	0.000	0.000	0	0	0	0	0	0	0	0	0	0	0.000	0.000	0	0	0	0	0	0	0	0	0	0	0
320	320	653	648.687	1954.965	330	190	71	37	18	298	160	108	46	28	123.885	150	136	133	130	127	125	123	120	114	108	100	180.410	270	227	204	197	191	185	177	165	149	131	110	0	0	0.000	0.000	0	0.000	0.000	0	0	0	0	0	0	0	0	0	0	0.000	0.000	0	0	0	0	0	0	0	0	0	0	0
321	321	1963	1179.149	1969.296	578	739	408	172	28	589	659	448	200	33	107.881	121	112	111	110	109	108	107	106	105	104	96	155.248	205	181	175	168	162	156	150	144	136	126	105	0	0	0.000	0.000	0	0.000	0.000	0	0	0	0	0	0	0	0	0	0	0.000	0.000	0	0	0	0	0	0	0	0	0	0	0
