 	cell	area	x	y	BFI_lev_b1	BFI_lev_b2	BFI_lev_b3	BFI_lev_b4	BFI_lev_b5	BFO_lev_b1	BFO_lev_b2	BFO_lev_b3	BFO_lev_b4	BFO_lev_b5	GFP_int_mean	GFP_int_b0	GFP_int_b1	GFP_int_b2	GFP_int_b3	GFP_int_b4	GFP_int_b5	GFP_int_b6	GFP_int_b7	GFP_int_b8	GFP_int_b9	GFP_int_b10	RFP_int_mean	RFP_int_b0	RFP_int_b1	RFP_int_b2	RFP_int_b3	RFP_int_b4	RFP_int_b5	RFP_int_b6	RFP_int_b7	RFP_int_b8	RFP_int_b9	RFP_int_b10	inGFPnfoci	f1_inGFParea	f1_inGFPx	f1_inGFPy	f2_inGFParea	f2_inGFPx	f2_inGFPy	f1_inGFP_toGFPmed	f1_inGFP_toGFPmean	f2_inGFP_toGFPmed	f2_inGFP_toGFPmean	f1_inGFP_toRFPmed	f1_inGFP_toRFPmean	f2_inGFP_toRFPmed	f2_inGFP_toRFPmean	inRFPnfoci	f1_inRFParea	f1_inRFPx	f1_inRFPy	f2_inRFParea	f2_inRFPx	f2_inRFPy	f1_inRFP_toGFPmed	f1_inRFP_toGFPmean	f2_inRFP_toGFPmed	f2_inRFP_toGFPmean	f1_inRFP_toRFPmed	f1_inRFP_toRFPmean	f2_inRFP_toRFPmed	f2_inRFP_toRFPmean
1	1	1391	952.875	80.264	247	524	480	107	9	115	366	508	288	89	111.467	125	117	115	114	112	111	110	109	108	106	100	188.072	265	230	217	207	198	189	178	171	163	147	110	0	0	0.000	0.000	0	0	0	0	0	0	0	0	0	0	0	0	0	0.000	0.000	0	0	0	0	0	0	0	0	0	0	0
2	2	1971	1035.396	84.254	253	696	718	257	19	141	564	779	366	82	386.759	572	481	454	433	412	392	374	356	330	276	141	133.733	169	147	143	140	138	134	132	128	124	119	104	0	0	0.000	0.000	0	0	0	0	0	0	0	0	0	0	0	0	0	0.000	0.000	0	0	0	0	0	0	0	0	0	0	0
3	3	1003	1161.578	77.852	260	396	270	45	9	145	472	235	111	25	147.268	180	163	158	154	152	149	146	143	138	128	108	214.427	294	260	241	233	225	218	210	202	190	161	115	0	0	0.000	0.000	0	0	0	0	0	0	0	0	0	0	0	0	0	0.000	0.000	0	0	0	0	0	0	0	0	0	0	0
4	4	1728	568.882	80.399	257	480	651	284	20	212	454	603	344	83	744.372	1284	1122	996	874	791	719	668	604	522	438	134	106.759	125	113	110	109	107	106	105	104	103	102	96	0	0	0.000	0.000	0	0	0	0	0	0	0	0	0	0	0	0	0	0.000	0.000	0	0	0	0	0	0	0	0	0	0	0
5	5	1275	1517.961	87.421	269	558	332	78	12	149	537	362	170	23	111.464	128	117	115	114	112	111	110	109	108	106	98	132.904	158	145	141	139	137	135	132	129	124	119	100	0	0	0.000	0.000	0	0	0	0	0	0	0	0	0	0	0	0	0	0.000	0.000	0	0	0	0	0	0	0	0	0	0	0
6	6	1034	1416.812	89.319	228	317	326	122	24	157	311	336	149	58	216.104	299	265	253	243	233	224	212	198	179	154	105	168.351	221	197	191	185	179	174	166	158	146	131	105	0	0	0.000	0.000	0	0	0	0	0	0	0	0	0	0	0	0	0	0.000	0.000	0	0	0	0	0	0	0	0	0	0	0
7	7	1266	362.114	99.150	152	438	495	133	26	95	290	511	293	54	252.119	1969	300	276	265	252	240	231	221	198	155	109	200.423	310	260	245	229	217	205	195	182	159	122	102	0	0	0.000	0.000	0	0	0	0	0	0	0	0	0	0	0	0	0	0.000	0.000	0	0	0	0	0	0	0	0	0	0	0
8	8	1959	1247.774	99.196	319	428	628	459	102	251	563	729	278	95	1553.921	2397	2134	2024	1896	1757	1622	1478	1344	1149	810	255	170.244	230	209	198	187	179	171	163	156	147	130	104	0	0	0.000	0.000	0	0	0	0	0	0	0	0	0	0	0	0	0	0.000	0.000	0	0	0	0	0	0	0	0	0	0	0
9	9	735	1728.441	89.577	187	261	219	44	12	136	229	179	143	29	109.314	121	114	113	111	110	109	108	107	106	105	99	140.573	182	168	161	157	151	145	138	126	114	108	100	0	0	0.000	0.000	0	0	0	0	0	0	0	0	0	0	0	0	0	0.000	0.000	0	0	0	0	0	0	0	0	0	0	0
10	10	2094	106.231	105.553	394	768	629	247	22	255	562	767	339	128	389.458	637	533	491	454	417	387	362	338	302	236	126	105.849	128	113	109	107	106	105	104	103	102	101	96	0	0	0.000	0.000	0	0	0	0	0	0	0	0	0	0	0	0	0	0.000	0.000	0	0	0	0	0	0	0	0	0	0	0
11	11	1777	1838.024	97.384	444	636	560	97	15	353	524	563	278	24	111.547	138	117	115	114	112	111	110	109	108	106	100	152.315	194	177	171	166	162	157	151	144	133	117	99	0	0	0.000	0.000	0	0	0	0	0	0	0	0	0	0	0	0	0	0.000	0.000	0	0	0	0	0	0	0	0	0	0	0
12	12	1053	417.355	101.565	528	356	84	52	21	432	398	160	34	14	111.279	126	117	115	114	112	111	110	109	107	106	98	105.983	122	112	110	108	106	105	104	103	103	101	98	0	0	0.000	0.000	0	0	0	0	0	0	0	0	0	0	0	0	0	0.000	0.000	0	0	0	0	0	0	0	0	0	0	0
13	13	1674	840.532	109.964	227	510	567	306	42	200	567	560	270	41	390.905	6224	489	334	293	263	243	228	216	203	177	121	163.106	747	206	176	159	149	143	138	134	129	122	104	1	63	834.149	105.617	0	0	0	2783	0	0	0	436	0	0	0	1	76	834.167	105.409	0	0	0	2357	0	0	0	407	0	0	0
14	14	718	1379.011	109.677	83	314	229	65	14	46	206	236	175	40	170.095	231	207	196	187	173	165	159	153	147	142	122	140.763	176	162	156	151	145	138	133	130	126	122	112	0	0	0.000	0.000	0	0	0	0	0	0	0	0	0	0	0	0	0	0.000	0.000	0	0	0	0	0	0	0	0	0	0	0
15	15	1036	529.957	117.211	239	385	277	108	13	136	319	401	146	18	118.834	346	134	119	115	112	111	110	108	107	105	99	140.551	175	160	154	150	146	143	139	135	127	115	100	0	0	0.000	0.000	0	0	0	0	0	0	0	0	0	0	0	0	0	0.000	0.000	0	0	0	0	0	0	0	0	0	0	0
16	16	1981	188.723	122.361	953	748	173	54	21	988	766	136	36	22	872.429	1397	1200	1120	1040	969	896	830	753	655	483	167	143.660	184	164	158	154	149	145	141	137	129	119	103	0	0	0.000	0.000	0	0	0	0	0	0	0	0	0	0	0	0	0	0.000	0.000	0	0	0	0	0	0	0	0	0	0	0
17	17	2030	253.441	122.549	300	449	821	402	19	181	364	957	397	88	897.059	1496	1267	1151	1057	979	908	846	786	664	490	138	144.518	194	166	159	154	149	145	141	137	130	122	102	0	0	0.000	0.000	0	0	0	0	0	0	0	0	0	0	0	0	0	0.000	0.000	0	0	0	0	0	0	0	0	0	0	0
18	18	974	1633.383	117.250	148	276	338	166	29	102	310	374	147	23	117.527	155	134	122	118	116	115	113	112	110	108	102	171.099	301	205	182	175	171	167	163	157	152	143	113	0	0	0.000	0.000	0	0	0	0	0	0	0	0	0	0	0	0	0	0.000	0.000	0	0	0	0	0	0	0	0	0	0	0
19	19	1402	975.756	125.188	198	367	557	227	23	104	328	611	275	53	293.570	461	385	354	334	312	296	278	261	238	199	117	164.086	226	202	193	185	176	167	160	151	135	114	100	0	0	0.000	0.000	0	0	0	0	0	0	0	0	0	0	0	0	0	0.000	0.000	0	0	0	0	0	0	0	0	0	0	0
20	20	1337	1024.703	135.642	190	316	426	324	57	134	364	466	274	70	240.730	1165	284	260	249	241	234	227	218	202	171	117	152.295	264	175	168	163	159	155	151	145	136	119	101	1	21	1033.256	140.482	0	0	0	696	0	0	0	182	0	0	0	0	0	0.000	0.000	0	0	0	0	0	0	0	0	0	0	0
21	21	1750	1316.981	140.556	211	639	655	182	24	115	459	630	395	124	113.534	127	120	118	116	115	114	113	111	110	107	100	133.705	170	151	145	141	136	132	129	126	123	119	105	0	0	0.000	0.000	0	0	0	0	0	0	0	0	0	0	0	0	0	0.000	0.000	0	0	0	0	0	0	0	0	0	0	0
22	22	760	1360.175	131.375	113	264	211	111	38	108	252	238	116	32	506.296	5943	1004	428	293	245	222	209	201	191	162	107	185.792	664	252	196	183	176	168	161	153	139	118	101	1	57	1365.819	130.697	0	0	0	2905	0	0	0	395	0	0	0	1	48	1364.855	129.260	0	0	0	1494	0	0	0	456	0	0	0
23	23	2276	1418.863	138.367	328	588	727	508	90	281	961	728	242	25	139.099	169	153	149	146	143	140	138	134	130	123	102	176.784	241	209	199	191	184	178	172	166	157	141	107	0	0	0.000	0.000	0	0	0	0	0	0	0	0	0	0	0	0	0	0.000	0.000	0	0	0	0	0	0	0	0	0	0	0
24	24	2246	1736.520	138.935	947	933	256	43	28	987	991	189	29	18	111.842	127	118	116	114	113	112	111	109	108	105	97	158.396	202	183	176	172	167	162	156	149	140	127	105	0	0	0.000	0.000	0	0	0	0	0	0	0	0	0	0	0	0	0	0.000	0.000	0	0	0	0	0	0	0	0	0	0	0
25	25	1449	329.624	138.938	143	222	600	373	68	106	320	626	292	78	300.633	412	367	348	336	323	311	296	279	254	220	126	218.369	291	264	253	243	234	225	214	202	187	162	112	0	0	0.000	0.000	0	0	0	0	0	0	0	0	0	0	0	0	0	0.000	0.000	0	0	0	0	0	0	0	0	0	0	0
26	26	896	876.518	140.864	270	271	244	83	14	171	231	179	243	58	224.299	321	288	274	260	247	231	212	194	174	147	112	147.513	212	181	172	162	153	145	138	131	124	117	102	0	0	0.000	0.000	0	0	0	0	0	0	0	0	0	0	0	0	0	0.000	0.000	0	0	0	0	0	0	0	0	0	0	0
27	27	871	431.549	139.493	262	367	182	27	20	129	287	297	108	36	119.239	135	126	124	122	121	120	118	117	114	112	103	122.420	140	133	130	127	125	122	120	118	115	112	105	0	0	0.000	0.000	0	0	0	0	0	0	0	0	0	0	0	0	0	0.000	0.000	0	0	0	0	0	0	0	0	0	0	0
28	28	1265	497.429	145.492	159	268	469	275	73	131	413	468	175	50	109.768	122	114	113	112	111	110	109	108	107	105	100	150.654	188	168	162	158	155	152	148	145	140	132	102	0	0	0.000	0.000	0	0	0	0	0	0	0	0	0	0	0	0	0	0.000	0.000	0	0	0	0	0	0	0	0	0	0	0
29	29	1613	1599.042	149.611	355	600	496	120	9	246	410	558	274	91	209.616	286	260	249	236	224	212	199	187	173	155	121	176.109	247	217	208	197	186	177	165	155	144	135	113	0	0	0.000	0.000	0	0	0	0	0	0	0	0	0	0	0	0	0	0.000	0.000	0	0	0	0	0	0	0	0	0	0	0
30	30	1025	1530.991	162.179	238	352	286	104	23	190	379	252	129	46	225.680	551	305	263	246	233	222	211	201	177	148	109	107.523	119	111	110	109	108	107	107	106	105	104	97	0	0	0.000	0.000	0	0	0	0	0	0	0	0	0	0	0	0	0	0.000	0.000	0	0	0	0	0	0	0	0	0	0	0
31	31	1965	1656.178	163.170	482	757	508	144	35	525	874	378	133	22	115.138	133	122	119	118	117	115	114	113	111	108	100	505.786	736	651	624	590	558	526	498	456	397	311	154	0	0	0.000	0.000	0	0	0	0	0	0	0	0	0	0	0	0	0	0.000	0.000	0	0	0	0	0	0	0	0	0	0	0
32	32	1524	1148.799	164.125	278	429	492	256	35	167	506	557	197	62	149.862	191	171	165	160	155	150	145	141	136	128	105	233.093	350	300	281	264	247	231	216	203	192	172	113	0	0	0.000	0.000	0	0	0	0	0	0	0	0	0	0	0	0	0	0.000	0.000	0	0	0	0	0	0	0	0	0	0	0
33	33	1423	400.699	170.489	732	572	54	23	12	714	573	72	21	19	903.299	1510	1272	1122	1022	954	912	874	813	721	503	148	122.318	145	132	129	127	124	123	121	119	116	112	102	0	0	0.000	0.000	0	0	0	0	0	0	0	0	0	0	0	0	0	0.000	0.000	0	0	0	0	0	0	0	0	0	0	0
34	34	1835	101.267	172.329	402	587	582	177	37	309	682	612	159	33	833.124	1317	1155	1072	994	914	850	791	712	628	496	139	128.274	157	144	139	136	133	129	126	122	117	109	100	0	0	0.000	0.000	0	0	0	0	0	0	0	0	0	0	0	0	0	0.000	0.000	0	0	0	0	0	0	0	0	0	0	0
35	35	990	217.840	162.726	651	214	53	43	17	585	222	97	49	23	267.337	373	333	315	301	287	276	264	253	231	183	112	130.605	162	145	141	138	135	133	130	126	120	111	101	0	0	0.000	0.000	0	0	0	0	0	0	0	0	0	0	0	0	0	0.000	0.000	0	0	0	0	0	0	0	0	0	0	0
36	36	831	1876.684	167.443	98	258	212	207	40	77	253	250	166	67	162.931	217	193	187	180	175	169	162	153	139	120	104	152.000	193	176	169	164	158	153	147	141	135	127	110	0	0	0.000	0.000	0	0	0	0	0	0	0	0	0	0	0	0	0	0.000	0.000	0	0	0	0	0	0	0	0	0	0	0
37	37	1578	1779.198	174.107	311	541	452	215	23	289	597	407	216	38	394.032	5145	462	370	337	313	285	264	243	224	177	106	153.483	670	175	161	153	146	141	136	131	125	119	105	1	54	1784.992	167.545	0	0	0	2547	0	0	0	358	0	0	0	1	57	1785.401	166.223	0	0	0	1923	0	0	0	393	0	0	0
38	38	579	1108.327	173.914	152	162	129	93	29	140	155	125	104	47	448.625	785	632	569	537	498	461	425	376	323	235	133	112.717	131	118	116	115	114	113	112	111	109	107	101	0	0	0.000	0.000	0	0	0	0	0	0	0	0	0	0	0	0	0	0.000	0.000	0	0	0	0	0	0	0	0	0	0	0
39	39	2081	559.741	184.674	300	1003	617	104	20	221	893	684	217	29	1573.641	19815	3085	922	707	635	596	555	507	438	324	131	275.753	2151	451	220	192	182	177	170	161	150	134	104	1	196	565.031	183.838	0	0	0	9646	0	0	0	1127	0	0	0	1	193	564.987	183.779	0	0	0	9753	0	0	0	1158	0	0	0
40	40	1519	175.766	183.234	209	576	471	189	48	166	637	493	168	30	336.465	2838	415	377	355	333	314	288	265	243	215	132	136.338	222	151	147	143	140	137	134	131	126	117	103	1	36	162.699	170.558	0	0	0	1488	0	0	0	182	0	0	0	0	0	0.000	0.000	0	0	0	0	0	0	0	0	0	0	0
41	41	1909	350.233	187.367	310	710	729	125	11	192	513	774	322	70	899.697	1505	1278	1159	1074	1002	912	818	732	647	530	177	120.505	145	131	128	125	123	120	118	116	113	110	101	0	0	0.000	0.000	0	0	0	0	0	0	0	0	0	0	0	0	0	0.000	0.000	0	0	0	0	0	0	0	0	0	0	0
42	42	1827	1916.041	185.296	460	702	474	146	23	375	605	509	277	36	214.534	2610	232	207	195	187	179	170	162	152	139	105	159.125	327	191	179	172	166	160	153	146	135	121	100	1	43	1916.002	194.372	0	0	0	1232	0	0	0	225	0	0	0	0	0	0.000	0.000	0	0	0	0	0	0	0	0	0	0	0
43	43	808	501.433	184.853	94	209	243	194	55	66	188	255	214	57	111.343	125	116	114	113	112	111	110	109	108	107	101	150.989	189	168	163	159	153	151	147	144	140	135	115	0	0	0.000	0.000	0	0	0	0	0	0	0	0	0	0	0	0	0	0.000	0.000	0	0	0	0	0	0	0	0	0	0	0
44	44	860	1279.463	185.022	121	269	272	129	48	112	337	260	101	35	113.484	127	120	117	116	115	113	112	111	110	107	100	135.886	161	148	145	142	139	137	133	131	127	122	110	0	0	0.000	0.000	0	0	0	0	0	0	0	0	0	0	0	0	0	0.000	0.000	0	0	0	0	0	0	0	0	0	0	0
45	45	2254	1386.950	202.465	489	1018	613	86	8	305	897	686	279	36	111.060	127	117	115	113	112	111	110	109	107	105	98	136.628	169	154	149	145	140	136	133	130	126	120	101	0	0	0.000	0.000	0	0	0	0	0	0	0	0	0	0	0	0	0	0.000	0.000	0	0	0	0	0	0	0	0	0	0	0
46	46	1562	1611.786	203.129	355	688	386	93	13	214	562	438	294	31	399.268	6919	446	239	222	208	195	181	165	151	141	116	199.501	731	243	227	215	201	188	174	159	146	137	113	1	88	1624.726	195.777	0	0	0	3153	0	0	0	435	0	0	0	1	55	1624.015	194.890	0	0	0	3872	0	0	0	524	0	0	0
47	47	1861	607.276	210.972	412	511	584	299	25	302	468	568	387	108	548.528	898	772	710	665	615	557	501	449	392	307	138	169.993	237	208	196	186	178	170	162	154	145	133	103	0	0	0.000	0.000	0	0	0	0	0	0	0	0	0	0	0	0	0	0.000	0.000	0	0	0	0	0	0	0	0	0	0	0
48	48	1715	746.815	208.380	410	554	475	222	16	345	655	427	236	36	339.922	3908	429	350	312	288	270	257	243	222	183	119	224.284	1022	288	254	234	221	209	200	189	175	145	110	1	42	749.301	199.397	0	0	0	1863	0	0	0	625	0	0	0	1	36	748.665	199.596	0	0	0	1819	0	0	0	656	0	0	0
49	49	1365	1725.914	210.436	316	393	368	230	30	393	414	296	203	34	358.101	533	453	435	415	392	369	344	321	285	240	130	107.634	120	112	110	109	108	107	107	106	105	104	98	0	0	0.000	0.000	0	0	0	0	0	0	0	0	0	0	0	0	0	0.000	0.000	0	0	0	0	0	0	0	0	0	0	0
50	50	1099	260.544	206.126	378	424	223	43	11	169	401	344	115	48	335.028	541	473	436	392	357	329	302	278	257	216	118	124.278	151	138	134	130	127	124	122	119	116	110	100	0	0	0.000	0.000	0	0	0	0	0	0	0	0	0	0	0	0	0	0.000	0.000	0	0	0	0	0	0	0	0	0	0	0
51	51	1813	1663.640	216.084	932	747	88	11	6	692	856	189	21	8	111.499	134	119	115	114	112	111	110	108	107	105	99	344.940	599	474	444	424	393	357	320	278	237	184	114	0	0	0.000	0.000	0	0	0	0	0	0	0	0	0	0	0	0	0	0.000	0.000	0	0	0	0	0	0	0	0	0	0	0
52	52	1876	208.584	221.348	745	971	102	16	9	360	953	458	58	15	326.272	1730	427	395	362	333	309	292	271	244	201	108	139.175	233	155	150	147	143	140	137	133	127	119	105	1	26	217.014	202.774	0	0	0	1131	0	0	0	187	0	0	0	0	0	0.000	0.000	0	0	0	0	0	0	0	0	0	0	0
53	53	2316	1054.134	228.487	510	1026	660	75	10	318	965	681	270	41	113.937	130	120	118	117	115	114	113	111	110	107	99	400.553	606	550	521	488	450	405	360	321	288	242	119	0	0	0.000	0.000	0	0	0	0	0	0	0	0	0	0	0	0	0	0.000	0.000	0	0	0	0	0	0	0	0	0	0	0
54	54	1741	1784.437	224.932	253	506	542	311	96	148	531	603	316	111	334.833	488	432	406	389	371	348	321	292	258	216	138	150.242	193	177	170	164	157	150	144	137	130	124	107	0	0	0.000	0.000	0	0	0	0	0	0	0	0	0	0	0	0	0	0.000	0.000	0	0	0	0	0	0	0	0	0	0	0
55	55	1500	1499.015	229.266	537	564	277	59	40	660	625	139	30	19	339.927	5585	382	272	248	232	218	206	195	183	161	108	136.111	373	148	143	139	136	132	129	125	121	116	101	1	56	1496.585	244.401	0	0	0	2433	0	0	0	241	0	0	0	1	37	1496.117	244.056	0	0	0	3446	0	0	0	275	0	0	0
56	56	1775	254.737	248.821	227	725	590	166	22	229	796	564	148	10	355.350	571	462	419	391	370	348	327	311	296	274	126	125.150	152	135	132	129	127	126	124	122	119	115	100	0	0	0.000	0.000	0	0	0	0	0	0	0	0	0	0	0	0	0	0.000	0.000	0	0	0	0	0	0	0	0	0	0	0
57	57	2101	1001.332	260.857	559	969	462	73	13	598	938	441	79	11	114.266	135	121	119	117	116	114	113	111	109	107	100	345.933	579	512	481	436	387	332	289	260	233	193	122	0	0	0.000	0.000	0	0	0	0	0	0	0	0	0	0	0	0	0	0.000	0.000	0	0	0	0	0	0	0	0	0	0	0
58	58	765	1744.335	261.050	209	274	175	86	13	173	216	234	99	29	116.793	136	126	123	120	119	117	115	113	110	108	101	193.493	276	244	229	218	206	194	183	171	155	143	114	0	0	0.000	0.000	0	0	0	0	0	0	0	0	0	0	0	0	0	0.000	0.000	0	0	0	0	0	0	0	0	0	0	0
59	59	1629	1803.634	271.508	263	481	526	290	41	198	508	530	270	93	221.165	319	263	249	240	230	221	213	205	195	180	112	190.567	262	220	210	204	198	193	187	182	174	155	107	0	0	0.000	0.000	0	0	0	0	0	0	0	0	0	0	0	0	0	0.000	0.000	0	0	0	0	0	0	0	0	0	0	0
60	60	1072	390.760	275.922	221	211	293	249	81	199	377	292	161	18	428.653	622	559	534	511	488	463	438	407	316	207	117	128.007	164	146	138	135	131	128	125	121	115	109	101	0	0	0.000	0.000	0	0	0	0	0	0	0	0	0	0	0	0	0	0.000	0.000	0	0	0	0	0	0	0	0	0	0	0
61	61	1881	1854.425	279.032	200	612	707	279	52	160	533	703	334	111	813.306	13785	1238	439	337	298	271	251	240	226	207	135	259.589	1740	343	244	222	209	198	189	181	172	158	116	1	134	1854.437	266.437	0	0	0	6179	0	0	0	885	0	0	0	1	115	1855.153	266.156	0	0	0	7038	0	0	0	981	0	0	0
62	62	1652	1537.856	286.918	208	632	530	224	33	190	634	523	218	63	112.633	127	118	116	115	114	113	112	110	109	107	101	164.683	218	194	186	179	172	166	160	153	145	133	104	0	0	0.000	0.000	0	0	0	0	0	0	0	0	0	0	0	0	0	0.000	0.000	0	0	0	0	0	0	0	0	0	0	0
63	63	803	1051.969	276.745	302	275	186	19	8	150	211	176	226	34	112.351	129	119	116	115	113	112	111	110	108	106	99	342.956	507	467	439	415	391	366	323	279	242	195	129	0	0	0.000	0.000	0	0	0	0	0	0	0	0	0	0	0	0	0	0.000	0.000	0	0	0	0	0	0	0	0	0	0	0
64	64	1584	1301.614	290.715	440	562	465	64	23	283	457	450	273	89	150.101	199	175	167	162	157	152	147	142	134	120	102	229.076	327	294	272	258	246	234	222	209	189	153	108	0	0	0.000	0.000	0	0	0	0	0	0	0	0	0	0	0	0	0	0.000	0.000	0	0	0	0	0	0	0	0	0	0	0
65	65	1795	745.014	296.569	246	505	673	274	50	212	910	487	126	21	126.388	174	134	132	130	128	127	125	123	121	118	106	184.547	256	225	208	198	191	185	179	172	163	146	106	0	0	0.000	0.000	0	0	0	0	0	0	0	0	0	0	0	0	0	0.000	0.000	0	0	0	0	0	0	0	0	0	0	0
66	66	1512	1641.729	293.552	494	425	358	197	19	364	469	397	189	66	118.913	138	127	125	123	121	119	117	116	113	110	100	408.062	621	558	532	506	469	424	388	353	285	199	116	0	0	0.000	0.000	0	0	0	0	0	0	0	0	0	0	0	0	0	0.000	0.000	0	0	0	0	0	0	0	0	0	0	0
67	67	1240	1494.080	307.007	277	431	388	115	13	148	459	357	200	53	112.808	131	119	117	116	114	113	112	110	109	106	98	166.377	221	198	189	181	174	170	165	158	147	126	103	0	0	0.000	0.000	0	0	0	0	0	0	0	0	0	0	0	0	0	0.000	0.000	0	0	0	0	0	0	0	0	0	0	0
68	68	538	702.114	305.353	70	164	123	123	45	47	143	175	128	33	121.046	137	129	126	124	123	121	119	118	116	114	106	165.063	210	186	181	177	173	169	163	156	148	139	121	0	0	0.000	0.000	0	0	0	0	0	0	0	0	0	0	0	0	0	0.000	0.000	0	0	0	0	0	0	0	0	0	0	0
69	69	2638	794.243	329.298	626	751	803	368	43	492	812	866	340	63	1740.274	2932	2416	2246	2107	1988	1852	1722	1564	1216	780	145	165.442	219	195	187	182	175	169	163	154	143	129	103	0	0	0.000	0.000	0	0	0	0	0	0	0	0	0	0	0	0	0	0.000	0.000	0	0	0	0	0	0	0	0	0	0	0
70	70	2191	1391.185	317.178	1057	883	184	21	7	520	930	468	216	33	116.582	136	126	123	121	119	117	115	112	110	106	98	1285.454	2343	1987	1767	1608	1517	1406	1240	1028	729	373	142	0	0	0.000	0.000	0	0	0	0	0	0	0	0	0	0	0	0	0	0.000	0.000	0	0	0	0	0	0	0	0	0	0	0
71	71	704	1816.603	315.703	169	241	212	54	14	136	198	198	136	21	201.283	291	251	237	224	208	198	192	186	174	152	109	158.618	206	188	179	173	166	161	155	150	137	123	105	0	0	0.000	0.000	0	0	0	0	0	0	0	0	0	0	0	0	0	0.000	0.000	0	0	0	0	0	0	0	0	0	0	0
72	72	1371	169.069	329.363	200	309	452	296	81	142	266	540	336	66	551.460	833	695	658	628	601	572	534	491	452	387	173	142.696	175	160	155	151	147	143	140	136	132	124	106	0	0	0.000	0.000	0	0	0	0	0	0	0	0	0	0	0	0	0	0.000	0.000	0	0	0	0	0	0	0	0	0	0	0
73	73	2180	1446.415	338.235	516	1097	450	61	10	536	948	563	78	18	111.340	147	127	121	113	109	107	106	105	104	103	95	172.767	515	334	271	181	134	118	113	110	108	106	97	0	0	0.000	0.000	0	0	0	0	0	0	0	0	0	0	0	0	0	0.000	0.000	0	0	0	0	0	0	0	0	0	0	0
74	74	1803	1855.813	344.174	269	636	615	209	40	193	567	562	348	103	272.494	1430	328	308	290	273	257	241	229	215	193	136	188.486	370	229	217	205	195	185	176	169	162	146	113	1	30	1864.319	349.089	0	0	0	947	0	0	0	291	0	0	0	0	0	0.000	0.000	0	0	0	0	0	0	0	0	0	0	0
75	75	885	846.967	336.709	264	385	173	29	9	190	405	177	66	30	367.644	521	453	430	410	390	371	354	328	303	279	163	209.494	281	247	234	225	218	211	204	195	185	173	122	0	0	0.000	0.000	0	0	0	0	0	0	0	0	0	0	0	0	0	0.000	0.000	0	0	0	0	0	0	0	0	0	0	0
76	76	1616	354.147	344.363	306	458	528	261	24	271	768	401	134	11	1009.111	1702	1428	1298	1204	1125	1045	947	850	754	507	181	117.270	149	128	123	120	118	116	114	113	111	109	102	0	0	0.000	0.000	0	0	0	0	0	0	0	0	0	0	0	0	0	0.000	0.000	0	0	0	0	0	0	0	0	0	0	0
77	77	1473	726.504	345.075	310	429	529	167	12	169	402	522	301	60	118.591	136	126	123	122	120	119	117	116	114	111	102	180.318	245	216	206	198	189	181	174	166	158	144	107	0	0	0.000	0.000	0	0	0	0	0	0	0	0	0	0	0	0	0	0.000	0.000	0	0	0	0	0	0	0	0	0	0	0
78	78	1310	1005.682	354.846	226	344	416	238	66	207	522	384	152	17	120.789	140	131	128	126	124	122	119	117	113	108	102	320.168	506	433	402	382	363	341	314	279	239	155	109	0	0	0.000	0.000	0	0	0	0	0	0	0	0	0	0	0	0	0	0.000	0.000	0	0	0	0	0	0	0	0	0	0	0
79	79	1829	1609.455	379.391	532	900	308	39	12	451	902	383	59	9	472.402	3406	615	543	506	482	463	433	397	340	268	109	142.853	473	159	152	147	144	141	137	133	127	117	100	1	29	1596.473	380.885	0	0	0	1903	0	0	0	332	0	0	0	1	32	1596.604	380.034	0	0	0	1627	0	0	0	317	0	0	0
80	80	2540	836.613	384.374	445	622	916	428	73	427	878	845	277	68	1848.002	2650	2439	2321	2199	2084	1927	1764	1626	1473	1082	317	173.470	230	202	195	189	182	176	170	163	152	139	105	0	0	0.000	0.000	0	0	0	0	0	0	0	0	0	0	0	0	0	0.000	0.000	0	0	0	0	0	0	0	0	0	0	0
81	81	531	1425.320	375.948	78	193	181	53	20	83	141	154	115	30	114.512	146	132	124	118	113	110	109	108	106	104	100	149.090	285	241	208	164	138	122	113	110	107	105	97	0	0	0.000	0.000	0	0	0	0	0	0	0	0	0	0	0	0	0	0.000	0.000	0	0	0	0	0	0	0	0	0	0	0
82	82	1225	687.472	396.887	807	298	67	29	14	754	289	126	29	13	114.997	138	125	121	119	117	115	113	111	108	105	98	236.212	506	375	329	282	243	219	200	177	139	119	103	0	0	0.000	0.000	0	0	0	0	0	0	0	0	0	0	0	1	16	685.334	399.961	0	0	0	123	0	0	0	488	0	0	0
83	83	1242	1835.920	405.538	845	254	74	31	20	863	257	67	28	11	456.139	5020	689	473	411	370	342	311	276	238	186	113	281.268	1599	375	309	285	271	258	239	213	183	149	107	2	24	1844.258	408.542	38	1825.885	401.777	1639	0	2381	0	749	0	922	0	2	19	1843.933	407.684	35	1825.912	401.243	1227	0	2090	0	749	0	930	0
84	84	1829	1371.229	432.681	346	681	561	187	19	276	687	433	313	82	635.051	1079	880	801	744	692	642	591	529	466	389	145	138.615	178	155	149	145	142	139	136	132	127	122	102	0	0	0.000	0.000	0	0	0	0	0	0	0	0	0	0	0	0	0	0.000	0.000	0	0	0	0	0	0	0	0	0	0	0
85	85	1652	1764.010	429.178	354	623	498	120	21	307	690	455	163	7	1166.888	1819	1532	1453	1383	1309	1226	1120	1000	882	704	265	150.211	190	170	164	160	156	152	148	143	135	127	104	0	0	0.000	0.000	0	0	0	0	0	0	0	0	0	0	0	0	0	0.000	0.000	0	0	0	0	0	0	0	0	0	0	0
86	86	1536	1640.543	425.478	243	427	509	286	39	249	550	453	227	23	113.124	127	119	117	115	114	113	112	111	110	108	101	150.931	194	174	168	163	159	154	147	140	133	124	102	0	0	0.000	0.000	0	0	0	0	0	0	0	0	0	0	0	0	0	0.000	0.000	0	0	0	0	0	0	0	0	0	0	0
87	87	1372	1896.513	427.740	449	462	353	71	19	487	537	258	45	10	116.544	135	126	123	120	118	117	115	113	110	108	100	240.082	370	320	294	279	264	250	226	205	178	150	110	0	0	0.000	0.000	0	0	0	0	0	0	0	0	0	0	0	0	0	0.000	0.000	0	0	0	0	0	0	0	0	0	0	0
88	88	1702	1431.719	446.602	308	632	569	151	12	173	478	533	344	130	280.001	476	376	335	313	297	281	265	244	220	187	118	126.381	155	139	135	132	129	126	124	121	118	112	101	0	0	0.000	0.000	0	0	0	0	0	0	0	0	0	0	0	0	0	0.000	0.000	0	0	0	0	0	0	0	0	0	0	0
89	89	960	1691.905	441.975	242	385	258	47	13	166	380	267	113	19	185.724	261	227	216	205	196	187	178	169	159	144	105	105.703	122	110	108	107	106	105	104	104	103	102	96	0	0	0.000	0.000	0	0	0	0	0	0	0	0	0	0	0	0	0	0.000	0.000	0	0	0	0	0	0	0	0	0	0	0
90	90	1119	1807.414	444.458	569	203	147	145	42	540	255	183	92	28	205.962	810	294	231	206	192	182	174	165	151	131	111	258.392	706	367	304	285	274	264	239	212	176	130	105	3	10	1792.336	443.191	20	1815.681	451.556	474	0	481	0	549	0	524	0	0	0	0.000	0.000	0	0	0	0	0	0	0	0	0	0	0
91	91	1380	1873.819	467.997	364	462	437	76	15	285	487	436	129	15	195.396	1562	233	199	189	181	174	168	160	146	127	107	230.720	456	305	283	267	250	236	218	200	172	143	107	1	31	1868.698	455.937	0	0	0	769	0	0	0	364	0	0	0	0	0	0.000	0.000	0	0	0	0	0	0	0	0	0	0	0
92	92	1768	1628.922	493.249	404	878	397	45	11	214	700	456	303	58	113.841	130	119	117	116	115	114	113	112	110	109	101	105.270	119	109	107	106	106	105	104	104	103	102	95	0	0	0.000	0.000	0	0	0	0	0	0	0	0	0	0	0	0	0	0.000	0.000	0	0	0	0	0	0	0	0	0	0	0
93	93	2250	1533.649	485.564	624	883	591	99	10	337	699	648	427	95	115.347	135	122	119	117	116	115	114	113	111	110	102	151.917	196	174	169	164	160	155	150	144	135	122	104	0	0	0.000	0.000	0	0	0	0	0	0	0	0	0	0	0	0	0	0.000	0.000	0	0	0	0	0	0	0	0	0	0	0
94	94	1661	1675.770	488.196	263	779	456	105	20	113	452	619	345	98	194.552	265	231	221	213	205	196	187	180	170	152	114	106.290	127	111	109	108	107	106	105	104	104	102	97	0	0	0.000	0.000	0	0	0	0	0	0	0	0	0	0	0	0	0	0.000	0.000	0	0	0	0	0	0	0	0	0	0	0
95	95	1023	1370.085	482.912	201	419	276	85	20	106	441	231	174	48	545.244	822	744	690	639	592	553	521	485	417	318	153	132.850	165	150	144	140	136	133	130	126	122	114	104	0	0	0.000	0.000	0	0	0	0	0	0	0	0	0	0	0	0	0	0.000	0.000	0	0	0	0	0	0	0	0	0	0	0
96	96	1548	1835.545	500.614	309	558	506	144	12	161	509	495	295	52	249.728	1617	319	289	264	244	227	212	200	189	167	110	137.311	293	159	151	146	141	135	131	127	122	114	97	1	32	1848.638	512.409	0	0	0	896	0	0	0	150	0	0	0	1	16	1850.369	508.214	0	0	0	314	0	0	0	241	0	0	0
97	97	1988	1442.897	506.054	188	695	701	327	44	158	628	716	338	104	191.714	277	240	222	209	200	191	181	170	159	150	111	114.159	130	120	118	117	115	114	113	111	110	108	100	0	0	0.000	0.000	0	0	0	0	0	0	0	0	0	0	0	0	0	0.000	0.000	0	0	0	0	0	0	0	0	0	0	0
98	98	1213	999.285	504.112	139	306	417	250	79	142	409	356	205	74	504.187	725	631	597	572	547	518	486	457	428	365	139	130.466	153	141	138	136	133	132	129	127	123	118	101	0	0	0.000	0.000	0	0	0	0	0	0	0	0	0	0	0	0	0	0.000	0.000	0	0	0	0	0	0	0	0	0	0	0
99	99	1578	1916.404	511.989	302	629	484	114	18	199	592	530	171	47	337.418	474	414	388	365	348	335	323	309	297	269	156	138.899	165	153	148	144	141	139	136	133	130	126	109	0	0	0.000	0.000	0	0	0	0	0	0	0	0	0	0	0	0	0	0.000	0.000	0	0	0	0	0	0	0	0	0	0	0
100	100	1708	710.390	517.256	362	572	509	185	44	249	735	437	226	38	240.823	344	295	281	269	259	247	234	221	204	178	108	107.796	129	113	111	109	108	107	106	106	104	103	98	0	0	0.000	0.000	0	0	0	0	0	0	0	0	0	0	0	0	0	0.000	0.000	0	0	0	0	0	0	0	0	0	0	0
101	101	2111	1573.647	525.880	472	1027	509	57	10	253	844	610	313	43	1813.007	18424	5894	1001	529	411	351	312	281	250	215	138	446.045	3353	1069	349	269	242	220	203	188	173	158	118	1	316	1572.008	524.964	0	0	0	9507	0	0	0	1583	0	0	0	1	277	1571.747	524.401	0	0	0	11024	0	0	0	1835	0	0	0
102	102	2068	1498.798	529.505	222	536	762	455	58	215	806	659	305	37	679.922	1076	970	917	835	756	684	600	535	465	394	181	107.225	123	113	111	109	108	107	106	105	104	103	96	0	0	0.000	0.000	0	0	0	0	0	0	0	0	0	0	0	0	0	0.000	0.000	0	0	0	0	0	0	0	0	0	0	0
103	103	1544	1046.540	528.121	310	633	464	92	10	161	492	598	188	68	540.929	886	726	677	641	600	565	525	481	420	292	123	133.551	171	152	146	142	139	135	132	127	121	110	100	0	0	0.000	0.000	0	0	0	0	0	0	0	0	0	0	0	0	0	0.000	0.000	0	0	0	0	0	0	0	0	0	0	0
104	104	1968	1219.510	533.736	268	612	648	338	61	235	812	587	269	37	419.436	663	551	519	486	458	433	403	369	325	258	123	110.921	135	122	116	113	111	109	108	107	105	104	98	0	0	0.000	0.000	0	0	0	0	0	0	0	0	0	0	0	0	0	0.000	0.000	0	0	0	0	0	0	0	0	0	0	0
105	105	959	1703.611	525.104	239	339	249	101	19	235	236	306	142	30	340.121	3437	379	332	315	300	282	268	257	243	202	126	155.767	416	184	175	167	162	157	152	144	129	114	103	1	53	1701.341	510.684	0	0	0	1409	0	0	0	292	0	0	0	0	0	0.000	0.000	0	0	0	0	0	0	0	0	0	0	0
106	106	1233	1275.925	530.876	274	411	421	101	11	171	471	355	180	24	392.086	569	506	477	449	426	405	385	361	315	245	137	110.500	131	119	115	113	111	110	108	107	106	104	98	0	0	0.000	0.000	0	0	0	0	0	0	0	0	0	0	0	0	0	0.000	0.000	0	0	0	0	0	0	0	0	0	0	0
107	107	2446	285.612	543.404	443	1011	710	208	22	292	987	759	304	53	307.017	6324	302	267	254	243	234	221	209	194	176	111	243.969	926	295	277	264	251	240	227	213	197	177	116	1	49	294.154	533.360	0	0	0	2865	0	0	0	590	0	0	0	1	28	293.620	533.237	0	0	0	4247	0	0	0	699	0	0	0
108	108	1585	1661.227	547.235	248	594	592	108	16	173	557	598	212	21	372.615	3103	440	393	367	344	325	304	282	263	237	148	137.667	337	152	145	142	138	134	131	128	124	118	104	1	37	1668.814	546.034	0	0	0	1766	0	0	0	221	0	0	0	1	38	1668.493	543.516	0	0	0	727	0	0	0	250	0	0	0
109	109	1693	1879.985	551.438	371	741	452	87	13	212	558	497	275	108	295.490	444	378	346	326	309	296	283	269	253	220	110	132.148	164	146	142	138	135	133	130	127	123	117	98	0	0	0.000	0.000	0	0	0	0	0	0	0	0	0	0	0	0	0	0.000	0.000	0	0	0	0	0	0	0	0	0	0	0
110	110	780	1619.436	543.759	146	264	245	95	20	76	247	272	127	33	117.218	131	123	121	119	118	117	116	115	114	112	105	106.091	116	110	108	107	107	106	105	105	104	103	97	0	0	0.000	0.000	0	0	0	0	0	0	0	0	0	0	0	0	0	0.000	0.000	0	0	0	0	0	0	0	0	0	0	0
111	111	868	1411.326	548.884	94	226	315	177	39	77	237	286	206	44	289.359	402	350	328	315	303	292	281	272	255	217	154	124.791	144	135	131	129	126	124	123	121	118	115	105	0	0	0.000	0.000	0	0	0	0	0	0	0	0	0	0	0	0	0	0.000	0.000	0	0	0	0	0	0	0	0	0	0	0
112	112	1141	1750.442	553.360	125	338	378	256	28	109	330	424	238	20	280.392	396	357	343	324	305	286	266	250	224	190	123	138.246	174	158	154	149	145	141	136	130	122	113	100	0	0	0.000	0.000	0	0	0	0	0	0	0	0	0	0	0	0	0	0.000	0.000	0	0	0	0	0	0	0	0	0	0	0
113	113	1714	1454.245	566.303	338	672	518	144	16	174	500	579	350	87	642.306	1022	897	812	728	678	635	600	555	489	413	172	105.959	119	110	108	107	106	106	105	104	103	102	98	0	0	0.000	0.000	0	0	0	0	0	0	0	0	0	0	0	0	0	0.000	0.000	0	0	0	0	0	0	0	0	0	0	0
114	114	1485	214.005	579.420	168	403	581	285	19	76	253	695	311	126	608.701	913	797	752	703	658	614	575	539	498	399	199	141.655	178	157	152	149	146	143	140	136	132	124	105	0	0	0.000	0.000	0	0	0	0	0	0	0	0	0	0	0	0	0	0.000	0.000	0	0	0	0	0	0	0	0	0	0	0
115	115	1869	331.426	589.333	367	629	614	212	11	255	488	697	288	103	842.178	3782	1096	987	935	897	854	799	740	665	486	148	153.258	446	173	166	161	156	152	148	143	137	126	102	1	14	343.472	596.116	0	0	0	3056	0	0	0	367	0	0	0	1	20	344.173	595.874	0	0	0	2628	0	0	0	344	0	0	0
116	116	1873	1618.745	592.601	806	840	166	15	9	542	746	424	112	11	494.074	3537	586	545	511	482	463	446	421	379	316	145	132.626	316	145	140	137	134	132	129	126	122	115	103	1	35	1601.144	591.607	0	0	0	2212	0	0	0	185	0	0	0	1	28	1602.649	591.158	0	0	0	2144	0	0	0	239	0	0	0
117	117	2205	268.162	600.497	409	855	730	153	13	255	582	953	277	88	821.485	3759	1057	977	915	875	827	772	715	617	499	190	151.435	384	169	163	158	154	151	147	141	134	128	108	1	17	255.698	595.601	0	0	0	2999	0	0	0	346	0	0	0	1	24	255.224	595.205	0	0	0	2663	0	0	0	315	0	0	0
118	118	1362	1672.054	595.232	194	357	506	254	21	140	316	511	282	86	510.136	867	687	625	573	534	513	488	457	418	315	145	133.017	160	147	143	140	137	135	132	129	124	115	100	0	0	0.000	0.000	0	0	0	0	0	0	0	0	0	0	0	0	0	0.000	0.000	0	0	0	0	0	0	0	0	0	0	0
119	119	1603	1482.716	608.163	552	383	388	219	37	462	462	344	215	90	132.638	169	147	141	138	135	132	130	127	123	120	108	351.860	718	554	486	415	373	344	309	267	222	162	103	0	0	0.000	0.000	0	0	0	0	0	0	0	0	0	0	0	0	0	0.000	0.000	0	0	0	0	0	0	0	0	0	0	0
120	120	2878	1412.303	630.603	1651	634	383	161	20	1528	562	465	244	41	328.579	2177	449	312	279	254	230	209	189	170	151	124	109.995	159	116	112	110	109	108	107	106	105	104	96	0	0	0.000	0.000	0	0	0	0	0	0	0	0	0	0	0	0	0	0.000	0.000	0	0	0	0	0	0	0	0	0	0	0
121	121	837	1538.292	620.168	257	450	97	10	10	104	404	215	82	17	116.465	131	123	120	119	117	116	115	114	113	111	104	146.591	175	162	158	156	153	150	146	140	134	126	109	0	0	0.000	0.000	0	0	0	0	0	0	0	0	0	0	0	0	0	0.000	0.000	0	0	0	0	0	0	0	0	0	0	0
122	122	1440	1043.634	627.728	364	500	442	84	17	282	623	363	118	29	281.689	433	377	351	322	299	282	259	239	217	194	126	106.237	118	110	108	107	107	106	106	105	104	103	98	0	0	0.000	0.000	0	0	0	0	0	0	0	0	0	0	0	0	0	0.000	0.000	0	0	0	0	0	0	0	0	0	0	0
123	123	1020	994.043	629.550	257	330	267	126	23	277	489	189	35	13	285.841	440	369	340	323	309	293	278	261	233	185	110	106.421	116	110	109	108	107	106	106	105	104	103	97	0	0	0.000	0.000	0	0	0	0	0	0	0	0	0	0	0	0	0	0.000	0.000	0	0	0	0	0	0	0	0	0	0	0
124	124	3176	571.216	642.651	705	1165	816	371	56	551	1139	890	424	109	116.425	149	123	120	119	118	116	115	114	112	110	101	258.881	372	326	312	299	282	267	247	227	207	181	113	0	0	0.000	0.000	0	0	0	0	0	0	0	0	0	0	0	0	0	0.000	0.000	0	0	0	0	0	0	0	0	0	0	0
125	125	1546	1694.239	635.618	387	666	400	53	10	276	536	494	197	20	287.997	420	356	341	329	316	301	281	261	235	200	121	175.282	236	212	203	196	190	181	172	160	146	126	105	0	0	0.000	0.000	0	0	0	0	0	0	0	0	0	0	0	0	0	0.000	0.000	0	0	0	0	0	0	0	0	0	0	0
126	126	1725	1574.415	651.055	211	649	647	175	10	115	538	667	295	66	117.685	142	123	121	120	119	118	117	115	114	112	102	149.564	193	170	164	159	154	150	146	141	136	129	105	0	0	0.000	0.000	0	0	0	0	0	0	0	0	0	0	0	0	0	0.000	0.000	0	0	0	0	0	0	0	0	0	0	0
127	127	2491	1656.459	677.078	580	1072	608	175	17	268	826	818	428	107	1078.694	9458	1357	1209	1141	1073	984	863	724	583	441	170	204.853	1129	241	221	213	203	191	178	165	149	135	111	1	70	1667.291	676.855	0	0	0	5511	0	0	0	662	0	0	0	1	73	1667.930	676.407	0	0	0	5348	0	0	0	674	0	0	0
128	128	2266	1780.011	663.964	285	639	726	468	110	264	793	760	366	57	431.698	5364	551	374	335	315	295	272	252	223	180	110	206.171	1082	240	218	207	196	187	177	167	152	134	104	1	103	1781.288	663.301	0	0	0	2607	0	0	0	557	0	0	0	1	89	1780.375	661.728	0	0	0	1935	0	0	0	660	0	0	0
129	129	1395	520.235	674.491	356	535	283	157	32	362	545	329	102	26	127.711	148	138	135	133	131	129	126	124	120	115	103	363.543	537	480	451	427	400	375	349	321	286	226	116	0	0	0.000	0.000	0	0	0	0	0	0	0	0	0	0	0	0	0	0.000	0.000	0	0	0	0	0	0	0	0	0	0	0
130	130	1602	1390.269	685.293	139	486	512	385	52	100	487	604	283	103	369.766	589	504	455	417	383	360	337	309	287	264	161	108.546	128	115	112	110	109	108	107	106	105	104	99	0	0	0.000	0.000	0	0	0	0	0	0	0	0	0	0	0	0	0	0.000	0.000	0	0	0	0	0	0	0	0	0	0	0
131	131	2511	1532.276	686.581	273	579	902	565	143	226	673	939	484	127	1103.865	1796	1550	1466	1377	1259	1134	1015	892	745	563	195	274.030	397	353	338	322	302	285	264	237	206	174	115	0	0	0.000	0.000	0	0	0	0	0	0	0	0	0	0	0	0	0	0.000	0.000	0	0	0	0	0	0	0	0	0	0	0
132	132	1020	391.730	688.582	286	231	320	120	46	314	339	245	85	12	120.548	147	132	127	124	122	120	118	116	114	111	102	372.675	589	529	498	459	431	394	354	306	246	169	115	0	0	0.000	0.000	0	0	0	0	0	0	0	0	0	0	0	0	0	0.000	0.000	0	0	0	0	0	0	0	0	0	0	0
133	133	1683	1258.487	696.951	321	490	538	258	44	267	678	448	216	35	706.081	11618	1063	417	316	284	254	228	203	181	154	114	250.919	1315	333	267	251	237	217	199	180	158	133	106	1	117	1255.854	688.921	0	0	0	5244	0	0	0	769	0	0	0	1	89	1255.248	688.384	0	0	0	6352	0	0	0	857	0	0	0
134	134	2383	1588.074	710.237	323	530	847	538	104	314	506	909	428	180	1068.540	1842	1544	1415	1329	1226	1126	1009	843	680	539	150	265.431	413	351	331	314	295	271	249	222	196	173	111	0	0	0.000	0.000	0	0	0	0	0	0	0	0	0	0	0	0	0	0.000	0.000	0	0	0	0	0	0	0	0	0	0	0
135	135	1604	978.741	706.830	258	629	572	94	13	175	433	580	305	88	773.677	1265	1082	985	916	840	777	719	663	592	460	171	148.796	192	174	166	160	155	150	145	139	132	123	103	0	0	0.000	0.000	0	0	0	0	0	0	0	0	0	0	0	0	0	0.000	0.000	0	0	0	0	0	0	0	0	0	0	0
136	136	1311	1035.793	726.367	166	323	459	290	42	139	308	543	260	42	363.988	3368	432	397	360	329	311	291	266	238	207	127	172.953	529	208	197	187	179	170	160	149	141	131	108	1	32	1041.812	737.744	0	0	0	1993	0	0	0	347	0	0	0	1	19	1040.406	738.472	0	0	0	1846	0	0	0	411	0	0	0
137	137	1239	1424.128	722.043	216	377	407	183	35	211	402	372	194	32	125.871	149	135	132	130	128	126	124	122	120	116	106	480.012	810	677	616	564	522	486	454	409	360	259	137	0	0	0.000	0.000	0	0	0	0	0	0	0	0	0	0	0	0	0	0.000	0.000	0	0	0	0	0	0	0	0	0	0	0
138	138	507	1378.328	723.165	70	127	142	142	17	87	199	151	58	6	307.811	420	381	354	340	325	311	300	283	261	231	156	106.645	118	111	109	108	107	106	105	105	104	103	95	0	0	0.000	0.000	0	0	0	0	0	0	0	0	0	0	0	0	0	0.000	0.000	0	0	0	0	0	0	0	0	0	0	0
139	139	2383	1653.066	735.786	505	743	796	273	22	385	651	782	393	144	1597.167	16988	2186	1535	1374	1202	1025	880	751	641	472	154	273.967	2277	358	260	236	215	199	183	171	157	137	98	1	143	1658.501	733.330	0	0	0	9399	0	0	0	1253	0	0	0	1	145	1658.965	732.991	0	0	0	9369	0	0	0	1252	0	0	0
140	140	1863	1222.332	737.633	364	528	561	316	60	312	726	481	272	41	249.165	369	323	310	294	279	260	238	216	188	154	108	238.150	358	321	303	285	265	244	222	199	174	142	105	0	0	0.000	0.000	0	0	0	0	0	0	0	0	0	0	0	0	0	0.000	0.000	0	0	0	0	0	0	0	0	0	0	0
141	141	1509	692.127	758.195	271	815	366	21	13	236	854	322	63	8	112.863	128	118	116	115	114	113	112	111	109	108	98	187.195	255	226	217	206	196	184	175	169	163	154	107	0	0	0.000	0.000	0	0	0	0	0	0	0	0	0	0	0	0	0	0.000	0.000	0	0	0	0	0	0	0	0	0	0	0
142	142	1778	1357.935	756.553	674	740	258	56	23	840	740	135	23	14	119.945	142	129	126	124	122	120	118	116	114	111	99	156.727	211	188	178	170	164	157	152	145	137	124	103	0	0	0.000	0.000	0	0	0	0	0	0	0	0	0	0	0	0	0	0.000	0.000	0	0	0	0	0	0	0	0	0	0	0
143	143	1743	644.353	766.232	339	521	584	237	32	369	682	460	184	17	119.027	139	126	124	122	121	120	118	116	114	111	103	380.414	592	477	453	436	421	406	383	356	311	222	117	0	0	0.000	0.000	0	0	0	0	0	0	0	0	0	0	0	0	0	0.000	0.000	0	0	0	0	0	0	0	0	0	0	0
144	144	2336	1701.399	773.544	349	867	843	203	23	275	777	764	447	37	859.848	1328	1153	1079	1027	970	905	829	748	620	495	147	227.422	328	284	269	258	247	236	220	202	180	160	113	0	0	0.000	0.000	0	0	0	0	0	0	0	0	0	0	0	0	0	0.000	0.000	0	0	0	0	0	0	0	0	0	0	0
145	145	2118	1580.204	779.779	425	827	674	138	11	302	774	666	316	22	147.428	947	161	155	151	147	144	141	138	133	127	106	134.349	169	150	145	141	138	135	131	128	124	119	101	1	21	1575.479	788.687	0	0	0	425	0	0	0	141	0	0	0	0	0	0.000	0.000	0	0	0	0	0	0	0	0	0	0	0
146	146	1061	1498.684	785.985	213	520	275	22	11	190	491	241	116	9	291.136	423	364	342	324	312	298	279	261	245	212	130	108.284	125	114	111	110	109	108	107	106	105	103	98	0	0	0.000	0.000	0	0	0	0	0	0	0	0	0	0	0	0	0	0.000	0.000	0	0	0	0	0	0	0	0	0	0	0
147	147	2332	1876.230	795.873	935	744	524	77	13	793	747	530	200	17	122.749	144	132	129	127	125	123	121	119	116	112	102	436.976	741	616	573	544	518	491	452	389	257	136	103	0	0	0.000	0.000	0	0	0	0	0	0	0	0	0	0	0	0	0	0.000	0.000	0	0	0	0	0	0	0	0	0	0	0
148	148	2032	1634.637	813.946	667	1170	132	13	9	432	1121	413	17	11	138.719	178	157	151	145	142	138	134	131	127	122	107	128.998	169	144	138	134	131	128	125	123	120	116	102	0	0	0.000	0.000	0	0	0	0	0	0	0	0	0	0	0	0	0	0.000	0.000	0	0	0	0	0	0	0	0	0	0	0
149	149	985	1688.686	828.503	276	362	287	23	9	195	353	266	133	11	134.865	166	150	145	142	139	135	133	129	124	119	104	124.983	150	138	134	132	129	126	123	119	115	110	101	0	0	0.000	0.000	0	0	0	0	0	0	0	0	0	0	0	0	0	0.000	0.000	0	0	0	0	0	0	0	0	0	0	0
150	150	1540	1222.351	841.406	190	516	539	224	37	133	487	554	297	46	688.595	1016	937	882	815	761	707	657	591	511	404	178	176.055	236	209	201	194	186	179	172	162	151	135	111	0	0	0.000	0.000	0	0	0	0	0	0	0	0	0	0	0	0	0	0.000	0.000	0	0	0	0	0	0	0	0	0	0	0
151	151	966	300.856	854.337	705	120	64	43	24	756	97	60	33	14	197.218	355	267	239	215	203	194	180	166	152	135	107	393.789	880	603	517	465	431	395	354	303	249	186	116	0	0	0.000	0.000	0	0	0	0	0	0	0	0	0	0	0	0	0	0.000	0.000	0	0	0	0	0	0	0	0	0	0	0
152	152	1055	1270.533	852.749	135	318	330	192	60	222	405	299	86	17	122.393	140	130	128	126	124	122	121	119	117	114	101	118.947	156	134	125	121	118	116	115	113	111	109	100	0	0	0.000	0.000	0	0	0	0	0	0	0	0	0	0	0	0	0	0.000	0.000	0	0	0	0	0	0	0	0	0	0	0
153	153	1428	270.572	883.110	641	617	69	39	29	845	489	35	22	16	292.548	438	391	363	337	319	305	286	263	219	168	114	191.094	257	232	225	218	210	200	189	173	153	133	104	0	0	0.000	0.000	0	0	0	0	0	0	0	0	0	0	0	0	0	0.000	0.000	0	0	0	0	0	0	0	0	0	0	0
154	154	2031	1663.706	900.012	283	722	684	269	42	180	713	682	349	65	382.615	6407	381	313	298	285	271	255	239	221	187	117	201.430	869	228	217	209	202	194	186	176	165	149	110	1	64	1652.830	886.037	0	0	0	3353	0	0	0	455	0	0	0	1	42	1651.886	886.573	0	0	0	3757	0	0	0	625	0	0	0
155	155	1509	1268.320	896.923	210	528	533	168	44	141	615	456	220	50	728.863	10543	1325	368	282	266	253	238	225	212	192	135	225.586	1273	279	214	201	192	182	174	167	159	148	112	1	124	1279.006	892.952	0	0	0	4897	0	0	0	659	0	0	0	1	106	1279.494	892.881	0	0	0	5659	0	0	0	750	0	0	0
156	156	1898	1317.098	907.763	467	500	474	314	107	502	671	455	191	41	176.409	1451	195	182	176	172	168	164	158	149	135	109	731.677	1252	979	935	892	842	787	734	647	517	353	127	1	24	1328.946	903.382	0	0	0	626	0	0	0	1090	0	0	0	0	0	0.000	0.000	0	0	0	0	0	0	0	0	0	0	0
157	157	2007	167.073	918.399	291	574	776	284	38	244	635	764	240	94	316.801	496	398	372	353	338	324	307	289	265	228	120	113.896	131	121	119	117	115	114	112	111	109	107	99	0	0	0.000	0.000	0	0	0	0	0	0	0	0	0	0	0	0	0	0.000	0.000	0	0	0	0	0	0	0	0	0	0	0
158	158	1800	1909.082	932.182	181	630	537	343	87	169	630	559	327	74	289.747	3396	335	306	284	265	244	226	210	196	181	129	211.259	687	261	248	233	218	204	191	181	171	154	113	1	40	1911.863	931.223	0	0	0	1663	0	0	0	304	0	0	0	1	20	1912.763	933.107	0	0	0	1420	0	0	0	551	0	0	0
159	159	1621	1224.708	938.838	176	610	591	169	39	139	606	596	227	16	510.472	8031	594	334	310	293	277	263	250	233	211	129	233.812	1180	262	235	223	215	209	202	193	181	163	112	1	86	1221.941	928.807	0	0	0	3774	0	0	0	595	0	0	0	1	70	1223.069	928.519	0	0	0	3957	0	0	0	738	0	0	0
160	160	1672	1698.577	946.784	689	891	41	15	9	441	853	321	22	10	123.120	149	132	129	127	125	123	122	120	117	113	103	135.413	163	151	146	143	139	136	133	129	125	119	103	0	0	0.000	0.000	0	0	0	0	0	0	0	0	0	0	0	0	0	0.000	0.000	0	0	0	0	0	0	0	0	0	0	0
161	161	1825	1145.195	964.196	273	571	602	284	51	198	609	637	286	65	738.314	1101	947	871	825	787	748	701	660	615	535	244	147.191	185	163	158	154	151	148	145	141	137	131	107	0	0	0.000	0.000	0	0	0	0	0	0	0	0	0	0	0	0	0	0.000	0.000	0	0	0	0	0	0	0	0	0	0	0
162	162	1599	1481.616	978.559	324	479	494	235	34	272	507	418	283	91	602.270	9820	766	467	408	372	352	330	304	266	197	122	170.215	936	198	166	158	153	150	146	141	133	122	103	1	74	1475.446	969.345	0	0	0	4869	0	0	0	505	0	0	0	1	71	1476.280	969.294	0	0	0	4899	0	0	0	531	0	0	0
163	163	1881	1198.076	985.273	333	785	605	115	20	276	710	556	284	27	322.878	488	419	386	364	344	323	305	286	262	229	138	334.908	504	444	413	386	360	335	314	293	268	230	127	0	0	0.000	0.000	0	0	0	0	0	0	0	0	0	0	0	0	0	0.000	0.000	0	0	0	0	0	0	0	0	0	0	0
164	164	2444	1260.802	990.083	402	836	922	222	17	337	825	809	349	74	454.674	7555	440	383	356	335	320	303	289	271	242	138	327.506	976	420	382	358	340	323	305	290	271	223	118	1	78	1277.545	991.469	0	0	0	3624	0	0	0	592	0	0	0	1	17	1275.888	990.272	0	0	0	4326	0	0	0	876	0	0	0
165	165	1406	1814.680	985.654	903	413	68	5	3	582	464	254	75	9	467.252	748	644	597	552	508	475	436	396	342	262	175	141.945	189	161	155	151	146	143	138	134	128	121	102	0	0	0.000	0.000	0	0	0	0	0	0	0	0	0	0	0	0	0	0.000	0.000	0	0	0	0	0	0	0	0	0	0	0
166	166	1160	1670.631	987.805	180	425	422	109	8	102	383	349	264	41	120.535	137	128	126	124	122	121	119	118	115	112	102	129.847	154	143	140	138	135	133	130	125	117	110	102	0	0	0.000	0.000	0	0	0	0	0	0	0	0	0	0	0	0	0	0.000	0.000	0	0	0	0	0	0	0	0	0	0	0
167	167	3245	393.480	1003.804	571	729	1244	570	75	479	931	1281	424	71	248.203	403	310	286	274	263	253	244	233	212	169	111	208.279	332	258	240	230	222	213	204	194	175	144	101	0	0	0.000	0.000	0	0	0	0	0	0	0	0	0	0	0	0	0	0.000	0.000	0	0	0	0	0	0	0	0	0	0	0
168	168	1365	745.115	993.497	140	394	478	282	51	184	515	383	209	61	116.904	134	123	121	119	118	117	116	114	112	110	100	116.558	142	125	121	119	118	116	114	113	111	109	101	0	0	0.000	0.000	0	0	0	0	0	0	0	0	0	0	0	0	0	0.000	0.000	0	0	0	0	0	0	0	0	0	0	0
169	169	1544	214.899	1001.901	225	412	534	316	28	175	444	570	237	92	667.465	1131	963	877	808	754	705	629	549	444	321	161	109.896	145	119	113	110	109	108	107	106	105	104	97	0	0	0.000	0.000	0	0	0	0	0	0	0	0	0	0	0	0	0	0.000	0.000	0	0	0	0	0	0	0	0	0	0	0
170	170	1003	1352.022	1002.615	56	300	350	235	35	102	391	372	102	13	289.518	455	340	325	316	306	297	285	271	256	231	140	237.031	322	282	270	261	250	241	230	221	209	189	120	0	0	0.000	0.000	0	0	0	0	0	0	0	0	0	0	0	0	0	0.000	0.000	0	0	0	0	0	0	0	0	0	0	0
171	171	576	1913.544	1002.429	133	188	138	84	23	153	216	118	63	14	520.969	714	624	578	556	539	522	504	487	463	431	235	146.458	175	160	156	153	150	147	144	142	138	133	110	0	0	0.000	0.000	0	0	0	0	0	0	0	0	0	0	0	0	0	0.000	0.000	0	0	0	0	0	0	0	0	0	0	0
172	172	1105	1700.450	1026.265	216	278	322	226	35	219	379	282	166	38	189.964	342	241	221	207	196	187	178	171	161	141	112	429.170	738	612	550	501	462	422	388	353	314	248	148	0	0	0.000	0.000	0	0	0	0	0	0	0	0	0	0	0	0	0	0.000	0.000	0	0	0	0	0	0	0	0	0	0	0
173	173	1055	1139.474	1035.116	201	312	313	196	17	154	323	314	170	65	411.338	684	565	521	477	438	405	374	347	321	267	128	156.540	210	186	176	167	161	155	150	145	140	131	106	0	0	0.000	0.000	0	0	0	0	0	0	0	0	0	0	0	0	0	0.000	0.000	0	0	0	0	0	0	0	0	0	0	0
174	174	1277	1210.590	1044.689	160	385	497	201	12	195	454	349	204	54	132.133	164	146	141	138	136	133	130	126	122	117	105	137.279	176	159	151	146	141	136	132	128	124	118	104	0	0	0.000	0.000	0	0	0	0	0	0	0	0	0	0	0	0	0	0.000	0.000	0	0	0	0	0	0	0	0	0	0	0
175	175	2206	1754.847	1052.044	328	636	717	431	58	280	677	733	411	59	113.159	130	119	117	115	114	113	112	111	110	108	101	112.265	140	123	118	114	112	110	109	108	107	105	98	0	0	0.000	0.000	0	0	0	0	0	0	0	0	0	0	0	0	0	0.000	0.000	0	0	0	0	0	0	0	0	0	0	0
176	176	2854	174.642	1060.315	896	1104	604	161	27	864	1133	640	146	13	111.489	127	117	115	114	112	111	110	109	108	106	101	289.344	477	393	353	330	308	289	271	252	229	180	120	0	0	0.000	0.000	0	0	0	0	0	0	0	0	0	0	0	0	0	0.000	0.000	0	0	0	0	0	0	0	0	0	0	0
177	177	1601	1350.407	1055.910	291	610	527	107	36	270	765	399	115	22	113.846	132	120	117	116	115	114	112	111	110	108	102	108.027	124	113	111	110	108	108	107	106	105	104	94	0	0	0.000	0.000	0	0	0	0	0	0	0	0	0	0	0	0	0	0.000	0.000	0	0	0	0	0	0	0	0	0	0	0
178	178	2738	415.767	1077.346	609	1050	815	207	19	490	709	877	465	142	420.039	10608	370	278	259	246	232	221	209	194	181	120	218.570	1526	243	224	214	205	197	190	181	170	157	108	1	85	426.017	1070.422	0	0	0	4490	0	0	0	787	0	0	0	1	72	425.257	1070.328	0	0	0	5183	0	0	0	857	0	0	0
179	179	1550	323.943	1071.896	124	408	652	302	33	153	500	625	164	71	642.817	848	762	728	700	681	661	644	622	577	490	205	154.195	186	170	166	162	158	155	152	148	144	136	110	0	0	0.000	0.000	0	0	0	0	0	0	0	0	0	0	0	0	0	0.000	0.000	0	0	0	0	0	0	0	0	0	0	0
180	180	1026	911.816	1065.823	103	237	358	260	40	99	326	332	183	61	111.194	124	116	115	113	112	111	110	109	108	106	99	189.687	264	230	218	209	198	190	181	172	164	151	112	0	0	0.000	0.000	0	0	0	0	0	0	0	0	0	0	0	0	0	0.000	0.000	0	0	0	0	0	0	0	0	0	0	0
181	181	1170	1691.999	1068.603	461	299	230	127	37	528	311	210	90	11	199.619	1718	263	177	160	154	149	144	137	128	117	104	511.473	5516	789	479	415	382	346	314	263	196	147	110	1	62	1696.301	1070.995	0	0	0	886	0	0	0	2984	0	0	0	1	65	1695.674	1070.392	0	0	0	740	0	0	0	2950	0	0	0
182	182	1036	714.183	1070.760	189	381	306	132	12	217	447	226	111	17	140.180	175	156	152	149	145	143	139	135	129	118	104	143.592	178	162	156	153	149	145	142	137	131	122	105	0	0	0.000	0.000	0	0	0	0	0	0	0	0	0	0	0	0	0	0.000	0.000	0	0	0	0	0	0	0	0	0	0	0
183	183	1062	629.941	1078.965	118	428	363	107	26	80	454	300	163	41	589.851	918	779	727	673	634	605	569	518	458	379	142	144.633	176	161	157	154	151	147	142	136	131	125	109	0	0	0.000	0.000	0	0	0	0	0	0	0	0	0	0	0	0	0	0.000	0.000	0	0	0	0	0	0	0	0	0	0	0
184	184	1575	281.774	1100.870	249	559	541	181	18	154	596	441	283	73	114.756	130	120	119	117	116	115	114	112	111	109	100	270.058	413	352	333	316	303	289	263	231	196	167	107	0	0	0.000	0.000	0	0	0	0	0	0	0	0	0	0	0	0	0	0.000	0.000	0	0	0	0	0	0	0	0	0	0	0
185	185	1052	780.142	1100.111	194	342	275	168	51	243	326	285	150	31	112.318	129	118	116	114	113	112	111	110	109	107	100	108.013	124	114	112	110	108	107	106	105	104	103	98	0	0	0.000	0.000	0	0	0	0	0	0	0	0	0	0	0	0	0	0.000	0.000	0	0	0	0	0	0	0	0	0	0	0
186	186	1744	683.049	1103.642	273	565	663	194	21	215	579	599	284	37	144.280	179	163	158	154	150	144	140	135	131	125	107	147.817	189	170	164	159	153	148	142	138	132	126	105	0	0	0.000	0.000	0	0	0	0	0	0	0	0	0	0	0	0	0	0.000	0.000	0	0	0	0	0	0	0	0	0	0	0
187	187	1527	1432.274	1106.230	350	449	392	240	68	392	499	415	162	29	116.637	132	123	121	119	118	117	115	114	112	110	101	145.883	186	170	164	158	151	146	140	135	129	121	105	0	0	0.000	0.000	0	0	0	0	0	0	0	0	0	0	0	0	0	0.000	0.000	0	0	0	0	0	0	0	0	0	0	0
188	188	1741	1825.315	1105.473	261	540	657	219	29	213	654	575	243	26	874.797	1201	1105	1062	1026	974	913	861	800	707	544	222	123.575	151	137	132	128	125	123	120	118	115	112	102	0	0	0.000	0.000	0	0	0	0	0	0	0	0	0	0	0	0	0	0.000	0.000	0	0	0	0	0	0	0	0	0	0	0
189	189	1347	138.168	1104.784	134	318	511	319	39	107	379	516	265	49	558.662	3993	682	624	575	547	512	472	427	393	352	187	154.600	520	174	166	161	155	149	143	138	133	125	108	1	31	139.435	1118.212	0	0	0	2471	0	0	0	358	0	0	0	1	31	139.441	1117.497	0	0	0	2089	0	0	0	358	0	0	0
190	190	1205	363.983	1107.637	129	261	491	266	28	77	387	502	169	50	502.379	6834	706	448	364	328	304	286	265	244	203	123	169.761	951	207	166	155	150	145	142	138	132	123	104	1	54	358.679	1098.747	0	0	0	3493	0	0	0	531	0	0	0	1	56	358.271	1098.698	0	0	0	3386	0	0	0	515	0	0	0
191	191	1571	915.313	1115.397	225	475	577	253	16	257	569	484	199	38	109.932	122	115	113	112	111	110	109	108	107	105	99	180.897	253	220	206	194	186	180	174	167	159	145	107	0	0	0.000	0.000	0	0	0	0	0	0	0	0	0	0	0	0	0	0.000	0.000	0	0	0	0	0	0	0	0	0	0	0
192	192	1972	93.783	1126.642	282	583	712	328	24	242	704	676	275	36	1698.408	2605	2233	2080	1961	1859	1783	1690	1578	1356	966	206	172.005	223	201	191	185	179	175	171	164	152	138	107	0	0	0.000	0.000	0	0	0	0	0	0	0	0	0	0	0	0	0	0.000	0.000	0	0	0	0	0	0	0	0	0	0	0
193	193	637	548.794	1112.309	62	166	137	147	104	79	213	190	115	25	406.391	637	542	499	477	448	425	397	363	316	225	138	134.119	160	149	145	142	139	136	132	128	122	116	104	0	0	0.000	0.000	0	0	0	0	0	0	0	0	0	0	0	0	0	0.000	0.000	0	0	0	0	0	0	0	0	0	0	0
194	194	1810	638.057	1126.586	208	594	681	249	27	119	517	771	285	78	557.409	3225	808	657	579	527	492	465	428	388	342	158	141.875	363	162	154	149	144	139	134	130	126	121	106	1	38	628.690	1127.064	0	0	0	1929	0	0	0	230	0	0	0	1	26	628.993	1127.576	0	0	0	2237	0	0	0	268	0	0	0
195	195	1686	183.786	1126.169	320	407	529	354	46	300	551	498	279	31	481.509	769	642	604	562	529	501	469	433	366	265	117	146.423	198	172	163	157	152	147	142	137	129	119	105	0	0	0.000	0.000	0	0	0	0	0	0	0	0	0	0	0	0	0	0.000	0.000	0	0	0	0	0	0	0	0	0	0	0
196	196	1320	1664.596	1129.619	574	360	288	69	15	497	371	272	142	23	497.958	748	664	632	605	579	550	513	449	328	217	130	196.520	340	260	234	221	210	201	189	171	147	123	104	0	0	0.000	0.000	0	0	0	0	0	0	0	0	0	0	0	0	0	0.000	0.000	0	0	0	0	0	0	0	0	0	0	0
197	197	896	876.901	1133.159	128	214	304	188	45	98	233	344	155	45	112.386	128	118	116	114	113	112	111	110	109	107	101	107.835	130	115	111	109	108	107	106	105	104	102	98	0	0	0.000	0.000	0	0	0	0	0	0	0	0	0	0	0	0	0	0.000	0.000	0	0	0	0	0	0	0	0	0	0	0
198	198	1671	1232.683	1139.353	416	754	404	46	20	472	769	340	47	17	634.742	941	800	760	722	680	642	602	567	525	453	210	116.592	141	126	122	119	117	116	114	113	111	109	103	0	0	0.000	0.000	0	0	0	0	0	0	0	0	0	0	0	0	0	0.000	0.000	0	0	0	0	0	0	0	0	0	0	0
199	199	1145	1377.170	1147.839	122	268	465	225	46	124	481	318	175	21	115.803	130	122	120	118	117	116	115	113	112	110	102	132.203	164	148	142	138	135	131	129	126	123	118	105	0	0	0.000	0.000	0	0	0	0	0	0	0	0	0	0	0	0	0	0.000	0.000	0	0	0	0	0	0	0	0	0	0	0
200	200	1468	1298.180	1147.947	172	337	529	369	38	163	381	518	232	147	124.175	145	133	130	128	126	124	123	120	118	115	104	147.452	184	167	160	156	152	148	144	140	135	127	106	0	0	0.000	0.000	0	0	0	0	0	0	0	0	0	0	0	0	0	0.000	0.000	0	0	0	0	0	0	0	0	0	0	0
201	201	1045	1419.051	1149.234	394	414	171	37	14	359	379	200	57	34	155.377	583	248	148	132	128	125	122	120	118	115	104	149.038	203	175	167	162	155	149	142	137	132	124	103	0	0	0.000	0.000	0	0	0	0	0	0	0	0	0	0	0	0	0	0.000	0.000	0	0	0	0	0	0	0	0	0	0	0
202	202	1968	469.801	1160.337	372	634	727	183	14	314	608	701	248	60	346.230	539	467	444	416	382	347	315	288	259	217	126	554.415	863	795	745	687	626	557	500	438	376	308	148	0	0	0.000	0.000	0	0	0	0	0	0	0	0	0	0	0	0	0	0.000	0.000	0	0	0	0	0	0	0	0	0	0	0
203	203	1880	208.758	1174.406	327	503	656	325	32	245	539	629	395	43	710.799	8888	1031	451	388	366	348	332	310	278	227	126	330.437	1123	409	364	346	331	314	294	270	241	203	129	1	136	214.374	1185.642	0	0	0	4779	0	0	0	750	0	0	0	1	66	214.223	1185.122	0	0	0	6953	0	0	0	934	0	0	0
204	204	1881	1179.380	1173.466	282	476	646	379	69	250	455	687	392	73	585.330	962	787	721	684	646	604	561	508	447	346	163	115.485	143	124	121	118	117	115	113	112	110	107	100	0	0	0.000	0.000	0	0	0	0	0	0	0	0	0	0	0	0	0	0.000	0.000	0	0	0	0	0	0	0	0	0	0	0
205	205	1073	1344.890	1175.361	215	321	294	190	26	218	405	318	102	8	125.260	147	134	131	129	127	126	124	122	119	115	103	145.870	178	162	157	153	150	147	144	140	136	129	108	0	0	0.000	0.000	0	0	0	0	0	0	0	0	0	0	0	0	0	0.000	0.000	0	0	0	0	0	0	0	0	0	0	0
206	206	935	1692.992	1185.001	258	406	203	37	11	238	411	184	67	11	332.424	492	413	390	368	349	331	317	301	278	248	173	214.494	291	256	244	234	224	214	205	197	187	172	132	0	0	0.000	0.000	0	0	0	0	0	0	0	0	0	0	0	0	0	0.000	0.000	0	0	0	0	0	0	0	0	0	0	0
207	207	1192	1226.860	1190.098	138	326	387	250	71	107	374	357	244	89	110.705	125	116	114	113	112	111	109	108	107	105	99	194.007	265	234	224	215	206	198	188	177	165	148	109	0	0	0.000	0.000	0	0	0	0	0	0	0	0	0	0	0	0	0	0.000	0.000	0	0	0	0	0	0	0	0	0	0	0
208	208	2167	723.249	1209.365	495	808	552	236	44	447	953	546	164	21	1044.803	16226	1458	566	461	423	384	358	328	293	248	122	392.252	4336	548	289	259	240	224	208	193	176	160	115	1	158	714.998	1208.721	0	0	0	8117	0	0	0	2206	0	0	0	1	157	715.203	1208.708	0	0	0	8117	0	0	0	2206	0	0	0
209	209	2315	296.601	1217.567	292	668	931	336	35	270	934	791	244	27	296.248	466	396	367	334	312	295	280	259	233	197	119	141.532	191	159	154	150	146	143	139	134	129	122	105	0	0	0.000	0.000	0	0	0	0	0	0	0	0	0	0	0	0	0	0.000	0.000	0	0	0	0	0	0	0	0	0	0	0
210	210	1291	160.100	1210.416	380	487	314	78	11	304	498	355	95	15	151.792	194	174	169	164	160	155	149	141	134	125	105	157.893	206	187	180	172	166	159	152	146	138	126	104	0	0	0.000	0.000	0	0	0	0	0	0	0	0	0	0	0	0	0	0.000	0.000	0	0	0	0	0	0	0	0	0	0	0
211	211	872	1364.772	1212.078	255	241	240	108	15	194	210	205	177	64	232.742	308	281	270	261	251	241	230	215	195	173	113	135.073	158	149	145	142	139	136	134	130	125	119	103	0	0	0.000	0.000	0	0	0	0	0	0	0	0	0	0	0	0	0	0.000	0.000	0	0	0	0	0	0	0	0	0	0	0
212	212	1659	230.069	1225.831	272	468	566	285	41	317	577	568	154	17	142.393	174	158	152	148	146	143	140	137	133	126	103	157.794	206	181	174	168	164	160	155	149	141	130	107	0	0	0.000	0.000	0	0	0	0	0	0	0	0	0	0	0	0	0	0.000	0.000	0	0	0	0	0	0	0	0	0	0	0
213	213	1328	1453.096	1232.725	401	348	346	164	48	344	471	279	177	37	122.883	147	133	129	127	125	123	121	119	116	113	103	285.680	460	401	363	333	304	281	257	236	215	180	128	0	0	0.000	0.000	0	0	0	0	0	0	0	0	0	0	0	0	0	0.000	0.000	0	0	0	0	0	0	0	0	0	0	0
214	214	1133	1839.075	1236.028	168	388	339	202	22	115	318	350	259	65	127.758	155	139	136	133	131	128	126	123	120	116	105	143.887	173	161	157	153	150	145	141	136	131	123	105	0	0	0.000	0.000	0	0	0	0	0	0	0	0	0	0	0	0	0	0.000	0.000	0	0	0	0	0	0	0	0	0	0	0
215	215	1680	1209.919	1242.075	299	750	512	90	10	176	553	520	363	42	111.696	129	118	115	114	112	111	110	109	108	106	99	170.704	218	197	191	186	180	174	168	161	152	137	108	0	0	0.000	0.000	0	0	0	0	0	0	0	0	0	0	0	0	0	0.000	0.000	0	0	0	0	0	0	0	0	0	0	0
216	216	2789	1295.575	1262.353	593	1169	840	119	12	412	1017	880	386	38	1405.835	23049	2092	568	361	311	286	263	241	216	161	105	353.266	3458	504	266	240	225	212	199	186	166	136	103	1	257	1288.794	1267.142	0	0	0	11192	0	0	0	1532	0	0	0	1	219	1288.574	1267.176	0	0	0	13215	0	0	0	1879	0	0	0
217	217	1211	1409.015	1255.596	155	374	441	187	28	126	488	386	164	17	125.936	150	137	133	131	128	126	124	122	119	115	104	179.495	250	217	205	195	186	179	172	165	156	144	112	0	0	0.000	0.000	0	0	0	0	0	0	0	0	0	0	0	0	0	0.000	0.000	0	0	0	0	0	0	0	0	0	0	0
218	218	1645	376.863	1259.513	308	546	544	202	21	265	583	509	216	38	683.272	1156	967	891	841	789	731	655	571	487	294	134	108.598	126	114	112	110	109	108	107	106	105	104	99	0	0	0.000	0.000	0	0	0	0	0	0	0	0	0	0	0	0	0	0.000	0.000	0	0	0	0	0	0	0	0	0	0	0
219	219	1106	709.409	1265.979	533	311	194	49	11	412	338	231	92	9	359.873	3361	755	296	209	179	164	155	146	138	127	106	726.184	7622	1722	574	376	306	271	239	217	192	166	116	1	117	709.323	1268.165	0	0	0	1663	0	0	0	3706	0	0	0	1	113	709.403	1267.820	0	0	0	1675	0	0	0	3886	0	0	0
220	220	892	1168.350	1259.547	97	290	266	201	25	88	389	233	139	24	109.470	123	115	113	112	110	109	108	107	106	105	98	170.769	228	204	196	190	183	177	168	158	144	126	104	0	0	0.000	0.000	0	0	0	0	0	0	0	0	0	0	0	0	0	0.000	0.000	0	0	0	0	0	0	0	0	0	0	0
221	221	1671	1361.496	1269.002	291	662	605	78	8	180	525	637	266	28	289.931	409	362	346	332	319	302	284	266	239	190	114	203.421	271	245	236	229	219	210	200	188	173	146	108	0	0	0.000	0.000	0	0	0	0	0	0	0	0	0	0	0	0	0	0.000	0.000	0	0	0	0	0	0	0	0	0	0	0
222	222	1372	327.475	1271.203	195	419	425	254	47	237	524	353	199	33	661.417	977	847	795	754	723	698	672	625	533	404	165	108.017	120	113	111	109	108	108	107	106	105	104	99	0	0	0.000	0.000	0	0	0	0	0	0	0	0	0	0	0	0	0	0.000	0.000	0	0	0	0	0	0	0	0	0	0	0
223	223	2038	219.079	1282.592	569	899	467	52	10	316	767	618	235	65	512.570	804	687	634	590	557	526	484	445	400	340	133	138.019	170	153	149	146	143	139	136	132	127	119	102	0	0	0.000	0.000	0	0	0	0	0	0	0	0	0	0	0	0	0	0.000	0.000	0	0	0	0	0	0	0	0	0	0	0
224	224	1598	771.644	1278.070	302	541	537	172	20	245	633	407	220	53	458.073	7649	559	350	307	287	271	254	233	210	188	131	157.105	879	180	156	147	142	139	135	131	127	121	107	1	66	769.029	1275.179	0	0	0	3632	0	0	0	456	0	0	0	1	59	769.309	1275.139	0	0	0	3714	0	0	0	469	0	0	0
225	225	1460	1822.126	1280.869	334	711	319	50	25	170	532	433	233	64	133.131	162	145	141	138	136	134	131	129	125	120	102	154.764	196	173	168	163	160	156	151	147	142	135	108	0	0	0.000	0.000	0	0	0	0	0	0	0	0	0	0	0	0	0	0.000	0.000	0	0	0	0	0	0	0	0	0	0	0
226	226	1094	463.201	1273.721	147	210	358	256	104	137	369	350	166	45	561.660	2005	708	669	639	613	585	543	487	427	356	126	163.143	346	189	183	177	170	164	156	148	141	132	113	0	0	0.000	0.000	0	0	0	0	0	0	0	0	0	0	0	0	0	0.000	0.000	0	0	0	0	0	0	0	0	0	0	0
227	227	1780	1708.214	1300.014	568	741	368	62	11	380	680	502	176	16	586.021	5081	767	692	635	571	514	473	439	397	301	140	151.337	584	174	163	155	150	145	141	136	129	120	101	1	41	1700.871	1301.440	0	0	0	2617	0	0	0	309	0	0	0	1	37	1699.962	1299.377	0	0	0	1479	0	0	0	372	0	0	0
228	228	1777	728.207	1307.093	270	547	694	219	21	153	651	695	210	35	194.148	254	228	220	214	208	200	190	180	167	149	113	297.457	433	385	365	345	328	311	286	259	227	195	115	0	0	0.000	0.000	0	0	0	0	0	0	0	0	0	0	0	0	0	0.000	0.000	0	0	0	0	0	0	0	0	0	0	0
229	229	1426	1317.260	1310.238	291	670	370	40	25	344	658	332	41	19	117.198	141	124	122	120	119	117	116	114	113	110	100	146.722	189	169	162	157	153	148	144	139	133	119	103	0	0	0.000	0.000	0	0	0	0	0	0	0	0	0	0	0	0	0	0.000	0.000	0	0	0	0	0	0	0	0	0	0	0
230	230	1293	1526.843	1316.575	546	392	236	88	11	466	439	214	121	34	122.172	143	132	130	127	125	122	120	118	115	111	103	429.860	635	570	540	519	493	461	427	383	313	220	116	0	0	0.000	0.000	0	0	0	0	0	0	0	0	0	0	0	0	0	0.000	0.000	0	0	0	0	0	0	0	0	0	0	0
231	231	2386	312.989	1323.602	661	869	611	170	29	599	941	608	177	26	117.521	152	131	126	122	119	116	114	112	110	107	100	619.659	1149	897	822	762	708	665	625	535	390	210	117	0	0	0.000	0.000	0	0	0	0	0	0	0	0	0	0	0	0	0	0.000	0.000	0	0	0	0	0	0	0	0	0	0	0
232	232	1689	1366.570	1328.150	250	422	622	310	61	228	512	614	236	60	116.981	135	124	122	120	118	117	116	114	112	110	102	152.277	204	176	168	162	158	154	151	146	139	121	105	0	0	0.000	0.000	0	0	0	0	0	0	0	0	0	0	0	0	0	0.000	0.000	0	0	0	0	0	0	0	0	0	0	0
233	233	2109	99.280	1338.136	499	808	619	124	19	334	843	640	250	14	854.635	1385	1188	1101	1033	962	898	845	754	608	411	150	172.258	229	209	201	191	184	176	169	160	146	124	104	0	0	0.000	0.000	0	0	0	0	0	0	0	0	0	0	0	0	0	0.000	0.000	0	0	0	0	0	0	0	0	0	0	0
234	234	2138	692.233	1349.551	687	826	546	39	10	424	651	561	383	84	218.825	3582	237	217	203	191	183	174	166	157	140	108	266.635	758	365	319	298	280	260	244	229	208	177	114	1	36	709.642	1351.496	0	0	0	1671	0	0	0	417	0	0	0	0	0	0.000	0.000	0	0	0	0	0	0	0	0	0	0	0
235	235	529	393.189	1336.872	75	181	134	103	30	66	171	132	115	36	194.811	250	227	217	211	205	198	189	181	174	158	130	194.261	251	228	221	212	205	197	189	179	169	155	126	0	0	0.000	0.000	0	0	0	0	0	0	0	0	0	0	0	0	0	0.000	0.000	0	0	0	0	0	0	0	0	0	0	0
236	236	2213	435.845	1346.978	446	1076	582	72	9	303	692	767	338	82	561.292	11597	610	327	291	273	253	237	223	205	179	119	312.297	2830	348	299	279	261	245	231	217	200	176	123	1	97	436.244	1340.174	0	0	0	5544	0	0	0	1477	0	0	0	1	92	436.480	1339.947	0	0	0	5862	0	0	0	1569	0	0	0
237	237	1972	259.781	1359.235	681	741	435	73	21	738	765	323	106	13	115.837	134	124	122	120	118	116	114	112	109	107	98	1288.905	2293	1968	1784	1643	1526	1405	1266	990	690	436	159	0	0	0.000	0.000	0	0	0	0	0	0	0	0	0	0	0	0	0	0.000	0.000	0	0	0	0	0	0	0	0	0	0	0
238	238	2521	489.312	1382.039	372	860	839	376	38	242	626	1018	424	168	392.640	6191	445	325	294	273	253	236	219	199	175	117	280.910	1772	349	317	293	269	248	227	210	193	171	118	1	92	487.137	1387.729	0	0	0	3206	0	0	0	983	0	0	0	1	83	487.303	1387.497	0	0	0	3346	0	0	0	1055	0	0	0
239	239	1657	374.014	1381.003	266	587	530	221	22	161	570	601	229	66	113.097	132	120	118	116	114	113	112	110	109	107	99	197.558	280	248	234	221	209	197	185	173	163	150	118	0	0	0.000	0.000	0	0	0	0	0	0	0	0	0	0	0	0	0	0.000	0.000	0	0	0	0	0	0	0	0	0	0	0
240	240	2943	115.203	1398.604	801	1048	960	85	16	681	1195	785	212	24	2736.545	28727	5884	1584	1289	1192	1093	963	828	701	438	169	466.707	4820	956	288	227	212	199	184	170	156	133	103	1	334	122.668	1398.570	0	0	0	15612	0	0	0	2375	0	0	0	1	327	122.661	1398.206	0	0	0	15876	0	0	0	2413	0	0	0
241	241	626	540.165	1386.057	83	185	138	144	59	104	229	176	91	15	202.479	255	233	226	219	213	206	201	193	180	164	123	208.676	265	241	234	227	221	214	207	197	182	168	133	0	0	0.000	0.000	0	0	0	0	0	0	0	0	0	0	0	0	0	0.000	0.000	0	0	0	0	0	0	0	0	0	0	0
242	242	1133	1827.393	1395.014	260	444	285	91	36	250	469	291	77	29	121.801	155	141	135	131	127	123	116	110	106	104	97	193.646	321	271	254	239	223	198	172	143	124	113	101	0	0	0.000	0.000	0	0	0	0	0	0	0	0	0	0	0	0	0	0.000	0.000	0	0	0	0	0	0	0	0	0	0	0
243	243	715	1065.670	1406.717	49	210	279	131	31	65	256	223	132	19	273.421	382	326	314	303	294	284	273	258	237	196	125	129.446	152	140	137	135	133	130	128	125	122	116	104	0	0	0.000	0.000	0	0	0	0	0	0	0	0	0	0	0	0	0	0.000	0.000	0	0	0	0	0	0	0	0	0	0	0
244	244	1742	1873.491	1421.892	938	530	189	49	15	940	526	191	52	12	150.057	284	181	167	160	154	147	142	137	130	120	100	369.087	768	519	461	422	393	369	342	314	279	207	113	0	0	0.000	0.000	0	0	0	0	0	0	0	0	0	0	0	0	0	0.000	0.000	0	0	0	0	0	0	0	0	0	0	0
245	245	1220	1922.910	1413.071	274	377	346	164	33	273	399	369	132	25	736.219	11031	1365	443	294	253	233	219	210	198	171	128	168.571	765	215	161	152	147	143	139	135	129	122	106	1	95	1919.863	1402.420	0	0	0	5040	0	0	0	419	0	0	0	1	81	1920.172	1402.180	0	0	0	5721	0	0	0	480	0	0	0
246	246	649	933.815	1409.373	71	233	197	104	29	78	319	170	65	10	1597.414	2308	2027	1939	1872	1821	1760	1663	1494	1241	907	275	252.151	339	309	298	290	280	270	254	232	203	162	120	0	0	0.000	0.000	0	0	0	0	0	0	0	0	0	0	0	0	0	0.000	0.000	0	0	0	0	0	0	0	0	0	0	0
247	247	1684	273.857	1431.034	171	488	668	284	50	148	429	724	281	68	150.409	193	169	162	157	154	150	147	144	139	133	107	131.466	158	142	138	136	134	132	129	127	124	120	104	0	0	0.000	0.000	0	0	0	0	0	0	0	0	0	0	0	0	0	0.000	0.000	0	0	0	0	0	0	0	0	0	0	0
248	248	1797	1029.784	1437.417	258	562	669	240	39	202	688	598	225	51	365.411	2983	449	403	375	349	322	301	284	258	225	141	135.413	387	152	145	140	136	132	129	125	122	118	105	1	35	1035.840	1448.870	0	0	0	1777	0	0	0	252	0	0	0	1	28	1034.978	1448.452	0	0	0	1442	0	0	0	271	0	0	0
249	249	916	901.274	1435.790	119	318	287	152	23	115	329	224	180	53	430.216	640	568	531	499	469	443	410	383	337	264	154	144.145	179	165	160	156	151	146	141	135	128	119	104	0	0	0.000	0.000	0	0	0	0	0	0	0	0	0	0	0	0	0	0.000	0.000	0	0	0	0	0	0	0	0	0	0	0
250	250	1389	558.671	1442.473	210	502	466	134	57	242	719	308	79	15	150.405	180	166	161	158	155	152	149	145	141	131	108	185.621	236	215	206	200	194	188	182	175	168	153	108	0	0	0.000	0.000	0	0	0	0	0	0	0	0	0	0	0	0	0	0.000	0.000	0	0	0	0	0	0	0	0	0	0	0
251	251	1695	507.271	1449.782	226	522	617	263	34	223	659	559	206	22	197.163	278	239	226	215	206	197	185	178	170	160	116	145.336	181	165	159	154	149	145	141	136	132	127	109	0	0	0.000	0.000	0	0	0	0	0	0	0	0	0	0	0	0	0	0.000	0.000	0	0	0	0	0	0	0	0	0	0	0
252	252	1468	941.240	1460.398	301	476	467	179	25	218	438	485	243	52	555.196	1371	716	665	629	594	567	541	509	454	354	159	151.653	194	171	166	162	159	155	151	145	137	126	105	0	0	0.000	0.000	0	0	0	0	0	0	0	0	0	0	0	0	0	0.000	0.000	0	0	0	0	0	0	0	0	0	0	0
253	253	1897	865.167	1468.337	349	575	626	284	30	215	571	618	329	133	464.001	1721	707	629	565	503	445	385	338	294	240	114	144.935	302	173	166	159	152	144	137	129	122	113	104	1	11	861.475	1481.636	0	0	0	1513	0	0	0	206	0	0	0	0	0	0.000	0.000	0	0	0	0	0	0	0	0	0	0	0
254	254	1648	1891.109	1474.666	300	543	576	161	23	288	730	495	97	9	660.495	10965	909	475	410	354	322	299	276	251	215	120	209.672	1698	259	195	179	168	160	153	146	138	129	109	1	84	1891.951	1482.887	0	0	0	5097	0	0	0	831	0	0	0	1	86	1892.804	1483.389	0	0	0	5095	0	0	0	863	0	0	0
255	255	573	263.183	1470.222	67	174	195	118	8	20	98	255	154	34	151.902	189	172	166	161	158	154	150	146	138	129	108	132.311	153	144	140	138	136	133	131	129	125	118	105	0	0	0.000	0.000	0	0	0	0	0	0	0	0	0	0	0	0	0	0.000	0.000	0	0	0	0	0	0	0	0	0	0	0
256	256	1107	702.297	1479.130	150	407	367	129	26	77	427	371	164	45	112.285	125	117	115	114	113	112	111	110	109	107	100	141.772	175	161	155	151	146	143	139	136	130	120	105	0	0	0.000	0.000	0	0	0	0	0	0	0	0	0	0	0	0	0	0.000	0.000	0	0	0	0	0	0	0	0	0	0	0
257	257	1025	1845.797	1483.715	172	334	260	191	44	145	339	301	180	43	301.390	460	406	386	359	328	311	292	269	228	159	114	157.560	210	189	182	173	167	161	155	146	133	119	103	0	0	0.000	0.000	0	0	0	0	0	0	0	0	0	0	0	0	0	0.000	0.000	0	0	0	0	0	0	0	0	0	0	0
258	258	3100	657.168	1496.739	1972	686	300	95	11	1858	717	308	155	28	133.897	353	223	131	118	115	113	111	110	109	107	100	111.779	167	133	115	110	108	107	106	105	104	103	98	0	0	0.000	0.000	0	0	0	0	0	0	0	0	0	0	0	0	0	0.000	0.000	0	0	0	0	0	0	0	0	0	0	0
259	259	1485	144.813	1493.140	236	541	541	133	8	136	423	518	260	118	363.479	570	507	468	439	403	366	334	300	262	211	117	396.427	605	544	512	478	442	405	367	329	286	228	126	0	0	0.000	0.000	0	0	0	0	0	0	0	0	0	0	0	0	0	0.000	0.000	0	0	0	0	0	0	0	0	0	0	0
260	260	580	475.722	1493.932	173	189	134	58	17	145	223	170	25	6	123.552	139	131	128	126	125	123	122	121	119	116	106	321.345	477	400	370	346	331	319	307	297	282	250	164	0	0	0.000	0.000	0	0	0	0	0	0	0	0	0	0	0	0	0	0.000	0.000	0	0	0	0	0	0	0	0	0	0	0
261	261	1172	517.318	1501.063	99	339	383	282	43	76	349	429	229	63	196.682	254	228	219	211	204	197	192	185	177	165	115	147.198	175	162	157	153	151	148	145	142	138	132	109	0	0	0.000	0.000	0	0	0	0	0	0	0	0	0	0	0	0	0	0.000	0.000	0	0	0	0	0	0	0	0	0	0	0
262	262	2631	88.963	1513.533	418	809	1035	287	33	345	688	1003	447	102	352.518	973	483	437	406	382	357	324	296	268	221	114	383.854	639	529	488	457	423	389	347	311	283	235	125	0	0	0.000	0.000	0	0	0	0	0	0	0	0	0	0	0	0	0	0.000	0.000	0	0	0	0	0	0	0	0	0	0	0
263	263	1919	860.344	1528.109	359	614	620	249	45	260	593	641	303	85	122.996	153	133	129	126	124	122	121	119	117	114	99	572.561	907	797	740	702	661	595	531	464	393	316	159	0	0	0.000	0.000	0	0	0	0	0	0	0	0	0	0	0	0	0	0.000	0.000	0	0	0	0	0	0	0	0	0	0	0
264	264	591	609.623	1513.717	429	128	10	10	7	330	162	61	15	17	333.193	538	466	410	370	350	335	321	299	256	202	141	157.970	204	187	178	173	168	162	155	145	136	123	107	0	0	0.000	0.000	0	0	0	0	0	0	0	0	0	0	0	0	0	0.000	0.000	0	0	0	0	0	0	0	0	0	0	0
265	265	1857	725.371	1528.919	235	541	694	298	54	173	596	700	295	53	110.944	126	116	114	113	112	111	110	109	108	106	99	144.374	183	163	157	152	148	145	141	137	132	125	106	0	0	0.000	0.000	0	0	0	0	0	0	0	0	0	0	0	0	0	0.000	0.000	0	0	0	0	0	0	0	0	0	0	0
266	266	818	992.256	1525.145	150	298	254	91	17	113	342	245	96	15	241.927	327	285	271	262	254	246	238	227	213	191	140	159.364	200	179	175	171	167	164	158	150	144	132	108	0	0	0.000	0.000	0	0	0	0	0	0	0	0	0	0	0	0	0	0.000	0.000	0	0	0	0	0	0	0	0	0	0	0
267	267	1008	1669.312	1532.159	149	319	361	132	29	112	324	307	174	61	357.851	542	471	443	416	390	362	342	316	279	226	135	139.398	172	158	153	149	145	141	136	131	126	117	103	0	0	0.000	0.000	0	0	0	0	0	0	0	0	0	0	0	0	0	0.000	0.000	0	0	0	0	0	0	0	0	0	0	0
268	268	1959	151.374	1539.456	391	833	548	126	24	175	544	729	365	114	729.832	10801	916	535	494	457	418	384	348	296	220	131	265.118	2080	308	256	241	228	218	208	193	175	151	110	1	102	144.239	1528.967	0	0	0	5658	0	0	0	938	0	0	0	1	82	144.861	1529.613	0	0	0	6395	0	0	0	1190	0	0	0
269	269	1994	542.307	1554.124	272	688	752	228	20	176	564	781	362	76	276.353	426	346	320	302	287	274	261	249	236	216	127	182.267	255	211	203	197	191	184	177	170	161	150	111	0	0	0.000	0.000	0	0	0	0	0	0	0	0	0	0	0	0	0	0.000	0.000	0	0	0	0	0	0	0	0	0	0	0
270	270	1102	104.699	1562.040	248	273	336	182	39	219	300	340	195	27	326.630	484	412	375	358	342	326	313	298	280	244	152	176.826	231	201	194	188	184	180	175	169	160	146	115	0	0	0.000	0.000	0	0	0	0	0	0	0	0	0	0	0	0	0	0.000	0.000	0	0	0	0	0	0	0	0	0	0	0
271	271	1788	1004.837	1574.630	309	683	576	161	33	215	557	598	299	80	758.837	11969	1168	442	354	322	294	271	249	225	199	125	214.921	1324	266	205	192	180	173	165	158	150	137	104	1	123	1014.255	1577.118	0	0	0	5809	0	0	0	656	0	0	0	1	109	1013.646	1577.264	0	0	0	5985	0	0	0	761	0	0	0
272	272	1575	750.481	1575.969	490	624	362	60	11	293	432	501	259	56	114.622	131	121	119	118	116	115	113	112	110	108	101	237.552	334	292	274	260	250	239	229	220	206	184	121	0	0	0.000	0.000	0	0	0	0	0	0	0	0	0	0	0	0	0	0.000	0.000	0	0	0	0	0	0	0	0	0	0	0
273	273	1890	839.262	1582.805	247	550	729	294	36	164	456	714	364	160	759.030	1163	986	921	861	810	767	727	685	628	513	183	192.081	269	235	218	208	199	192	185	178	168	153	108	0	0	0.000	0.000	0	0	0	0	0	0	0	0	0	0	0	0	0	0.000	0.000	0	0	0	0	0	0	0	0	0	0	0
274	274	1987	480.510	1586.254	854	719	329	46	11	656	840	339	95	26	121.560	142	130	127	125	123	122	120	118	116	113	100	513.454	815	707	666	603	556	525	485	438	385	296	131	0	0	0.000	0.000	0	0	0	0	0	0	0	0	0	0	0	0	0	0.000	0.000	0	0	0	0	0	0	0	0	0	0	0
275	275	2348	696.394	1591.510	859	926	474	46	12	514	762	650	345	36	113.764	132	120	118	116	115	114	113	111	110	108	100	206.455	276	248	240	232	225	218	208	193	171	144	105	0	0	0.000	0.000	0	0	0	0	0	0	0	0	0	0	0	0	0	0.000	0.000	0	0	0	0	0	0	0	0	0	0	0
276	276	2775	256.173	1606.875	505	798	871	496	73	392	942	918	398	80	1044.750	14953	1177	884	791	722	662	599	539	439	312	134	216.945	1392	257	216	205	196	187	176	163	149	134	109	1	140	247.607	1611.287	0	0	0	7664	0	0	0	776	0	0	0	1	128	247.927	1611.472	0	0	0	8044	0	0	0	820	0	0	0
277	277	2192	163.072	1611.397	434	607	784	291	44	278	671	775	376	53	375.083	4428	458	389	353	327	303	283	263	240	203	124	173.669	755	204	190	179	170	162	154	147	139	129	107	1	57	160.452	1609.816	0	0	0	2244	0	0	0	491	0	0	0	1	57	159.609	1609.874	0	0	0	2184	0	0	0	491	0	0	0
278	278	2198	814.478	1637.522	416	603	712	342	64	325	718	652	421	51	670.409	4162	858	774	734	701	660	597	519	437	331	153	183.184	740	213	203	195	187	179	169	160	149	133	105	1	37	830.859	1628.517	0	0	0	2850	0	0	0	507	0	0	0	1	47	831.014	1627.569	0	0	0	2400	0	0	0	481	0	0	0
279	279	2916	197.905	1655.691	476	818	974	487	105	449	1307	890	210	17	1798.236	24114	3168	923	639	576	542	498	446	379	301	133	298.146	2530	481	220	193	184	176	167	157	145	131	106	1	286	187.151	1658.649	0	0	0	12450	0	0	0	1335	0	0	0	1	286	187.102	1658.651	0	0	0	12450	0	0	0	1335	0	0	0
280	280	1815	988.065	1651.162	548	442	513	215	66	557	648	389	150	33	117.409	142	127	124	121	119	117	115	113	111	108	102	631.059	1123	991	922	843	733	635	540	449	341	241	126	0	0	0.000	0.000	0	0	0	0	0	0	0	0	0	0	0	0	0	0.000	0.000	0	0	0	0	0	0	0	0	0	0	0
281	281	1849	440.207	1657.191	372	772	488	162	20	277	781	454	263	35	127.265	157	137	134	132	130	128	126	124	120	115	103	146.196	182	165	160	156	151	147	142	138	134	125	106	0	0	0.000	0.000	0	0	0	0	0	0	0	0	0	0	0	0	0	0.000	0.000	0	0	0	0	0	0	0	0	0	0	0
282	282	2459	571.567	1653.658	583	1056	647	87	25	478	1088	647	180	24	1797.963	23559	4056	865	456	355	330	313	292	266	238	125	360.201	2964	681	258	210	198	190	182	174	164	149	108	1	287	579.284	1650.284	0	0	0	11429	0	0	0	1482	0	0	0	1	287	579.522	1650.215	0	0	0	11429	0	0	0	1482	0	0	0
283	283	548	76.234	1649.850	80	203	196	51	11	21	144	188	150	37	263.588	372	342	324	307	289	270	250	232	207	173	127	166.250	210	194	188	182	176	169	162	154	144	132	112	0	0	0.000	0.000	0	0	0	0	0	0	0	0	0	0	0	0	0	0.000	0.000	0	0	0	0	0	0	0	0	0	0	0
284	284	1828	488.924	1668.766	224	574	633	290	61	168	588	604	354	80	142.881	179	159	153	149	146	143	140	137	133	126	106	140.224	220	156	151	148	145	141	138	135	130	122	102	0	0	0.000	0.000	0	0	0	0	0	0	0	0	0	0	0	0	0	0.000	0.000	0	0	0	0	0	0	0	0	0	0	0
285	285	2024	128.452	1679.030	290	735	698	206	50	231	900	653	171	21	1893.491	23121	5237	1051	476	356	325	304	283	257	218	135	370.688	3193	870	266	189	176	169	162	156	148	136	108	1	256	125.889	1685.698	0	0	0	10868	0	0	0	1597	0	0	0	1	260	125.868	1685.721	0	0	0	10784	0	0	0	1552	0	0	0
286	286	1548	79.609	1688.801	296	468	537	190	29	231	443	570	237	43	294.011	444	355	334	320	308	297	289	277	258	219	123	180.537	255	215	202	192	185	179	174	169	161	147	113	0	0	0.000	0.000	0	0	0	0	0	0	0	0	0	0	0	0	0	0.000	0.000	0	0	0	0	0	0	0	0	0	0	0
287	287	1577	170.106	1700.893	358	582	468	113	18	224	568	498	226	36	352.183	5624	396	274	258	247	237	227	217	195	160	115	213.455	785	247	235	224	215	207	200	191	175	148	106	1	54	171.033	1684.374	0	0	0	2707	0	0	0	331	0	0	0	1	31	172.684	1684.774	0	0	0	2763	0	0	0	612	0	0	0
288	288	1661	537.468	1702.286	230	639	551	198	13	131	529	662	236	77	145.747	200	165	158	153	149	145	141	138	134	129	106	145.738	186	163	157	153	149	146	142	138	134	128	108	0	0	0.000	0.000	0	0	0	0	0	0	0	0	0	0	0	0	0	0.000	0.000	0	0	0	0	0	0	0	0	0	0	0
289	289	1047	215.966	1705.003	240	346	298	122	16	193	391	237	176	33	200.523	275	235	224	216	209	204	198	191	179	158	114	192.818	253	220	211	207	200	195	190	183	175	161	116	0	0	0.000	0.000	0	0	0	0	0	0	0	0	0	0	0	0	0	0.000	0.000	0	0	0	0	0	0	0	0	0	0	0
290	290	878	355.750	1713.648	311	285	238	25	6	160	296	243	132	25	298.714	454	401	365	341	319	298	281	260	237	199	115	131.459	157	146	142	138	135	131	128	125	122	116	105	0	0	0.000	0.000	0	0	0	0	0	0	0	0	0	0	0	0	0	0.000	0.000	0	0	0	0	0	0	0	0	0	0	0
291	291	1638	1891.814	1719.572	275	541	503	234	41	300	664	457	158	33	359.415	7095	427	242	212	200	190	181	170	151	125	103	166.990	903	197	177	168	161	154	149	137	120	109	98	1	67	1880.627	1715.331	0	0	0	3046	0	0	0	471	0	0	0	1	54	1880.585	1714.535	0	0	0	2984	0	0	0	538	0	0	0
292	292	724	677.789	1714.728	212	287	129	57	23	272	319	93	18	9	115.677	139	124	121	119	116	115	113	112	111	109	101	134.825	185	154	144	140	136	133	130	127	124	118	105	0	0	0.000	0.000	0	0	0	0	0	0	0	0	0	0	0	0	0	0.000	0.000	0	0	0	0	0	0	0	0	0	0	0
293	293	1076	495.289	1718.964	163	208	302	291	86	162	404	328	134	25	142.611	169	155	151	148	145	143	141	138	135	130	114	140.878	163	151	148	146	144	142	139	137	134	130	112	0	0	0.000	0.000	0	0	0	0	0	0	0	0	0	0	0	0	0	0.000	0.000	0	0	0	0	0	0	0	0	0	0	0
294	294	1951	521.435	1751.800	320	725	704	139	18	182	776	718	225	18	1291.164	17728	2698	693	406	327	294	262	232	207	180	124	412.190	3674	765	333	269	242	219	198	177	162	147	109	1	199	516.669	1747.460	0	0	0	8461	0	0	0	1921	0	0	0	1	199	517.285	1747.445	0	0	0	8461	0	0	0	1921	0	0	0
295	295	2504	213.199	1762.379	427	925	789	313	12	283	831	820	412	110	942.003	13641	1147	666	615	569	533	491	447	394	295	123	227.109	1782	268	203	193	185	177	169	159	149	135	107	1	146	210.795	1770.177	0	0	0	6741	0	0	0	943	0	0	0	1	140	210.991	1770.275	0	0	0	7000	0	0	0	1001	0	0	0
296	296	2041	159.445	1760.088	262	598	791	315	32	220	713	741	310	20	437.369	9023	502	281	246	230	218	208	196	182	162	115	237.643	1188	286	260	246	231	216	203	190	178	162	118	1	86	151.734	1755.779	0	0	0	3902	0	0	0	654	0	0	0	1	62	152.259	1755.162	0	0	0	4707	0	0	0	754	0	0	0
297	297	2117	783.680	1763.587	430	436	690	428	103	348	781	641	268	47	261.998	342	314	303	294	283	270	258	245	230	191	114	238.593	333	293	281	268	255	244	233	221	204	167	112	0	0	0.000	0.000	0	0	0	0	0	0	0	0	0	0	0	0	0	0.000	0.000	0	0	0	0	0	0	0	0	0	0	0
298	298	2072	573.885	1771.142	353	532	577	486	88	303	565	663	376	133	782.736	1297	1039	968	907	853	798	741	667	584	503	283	162.455	219	185	178	172	168	163	159	154	148	139	107	0	0	0.000	0.000	0	0	0	0	0	0	0	0	0	0	0	0	0	0.000	0.000	0	0	0	0	0	0	0	0	0	0	0
299	299	726	833.907	1760.052	186	238	185	88	12	153	318	139	86	23	532.810	763	674	643	612	587	553	525	490	439	334	149	115.503	135	124	121	118	116	115	113	112	110	108	102	0	0	0.000	0.000	0	0	0	0	0	0	0	0	0	0	0	0	0	0.000	0.000	0	0	0	0	0	0	0	0	0	0	0
300	300	1734	1314.656	1773.622	272	662	522	195	45	289	807	456	142	13	804.807	1266	1044	974	918	869	833	780	729	670	512	160	110.017	131	117	114	112	110	109	108	107	106	105	97	0	0	0.000	0.000	0	0	0	0	0	0	0	0	0	0	0	0	0	0.000	0.000	0	0	0	0	0	0	0	0	0	0	0
301	301	1766	374.368	1775.033	284	765	574	92	19	109	519	706	338	67	779.847	1258	1114	1024	930	853	788	727	636	539	425	268	124.169	153	137	133	130	127	124	121	118	115	111	103	0	0	0.000	0.000	0	0	0	0	0	0	0	0	0	0	0	0	0	0.000	0.000	0	0	0	0	0	0	0	0	0	0	0
302	302	1243	324.936	1772.616	258	508	314	126	23	248	626	267	76	12	733.302	1130	976	918	868	819	762	700	631	545	429	226	124.427	147	136	133	130	127	125	122	119	116	112	103	0	0	0.000	0.000	0	0	0	0	0	0	0	0	0	0	0	0	0	0.000	0.000	0	0	0	0	0	0	0	0	0	0	0
303	303	2056	838.163	1804.153	414	570	684	309	40	358	774	644	209	24	502.014	840	746	689	632	563	498	445	401	345	228	121	112.686	132	120	117	115	113	112	111	110	108	107	101	0	0	0.000	0.000	0	0	0	0	0	0	0	0	0	0	0	0	0	0.000	0.000	0	0	0	0	0	0	0	0	0	0	0
304	304	538	743.810	1801.527	82	220	163	46	18	64	209	151	86	20	458.530	613	548	527	512	492	471	452	422	394	352	170	115.740	132	123	120	119	117	116	114	113	111	109	102	0	0	0.000	0.000	0	0	0	0	0	0	0	0	0	0	0	0	0	0.000	0.000	0	0	0	0	0	0	0	0	0	0	0
305	305	851	144.687	1806.492	194	242	308	85	10	154	255	254	148	26	193.369	264	233	222	213	205	196	187	176	165	150	111	205.068	280	253	243	231	220	209	198	183	170	151	112	0	0	0.000	0.000	0	0	0	0	0	0	0	0	0	0	0	0	0	0.000	0.000	0	0	0	0	0	0	0	0	0	0	0
306	306	2556	226.121	1824.571	491	803	820	364	42	396	984	772	326	38	1640.283	21285	2777	996	764	678	600	546	495	418	322	159	331.959	3268	525	239	207	190	178	170	161	150	137	112	1	236	226.713	1823.730	0	0	0	10634	0	0	0	1591	0	0	0	1	230	227.374	1823.624	0	0	0	10998	0	0	0	1619	0	0	0
307	307	1327	783.431	1814.161	154	387	570	163	17	94	401	549	238	18	561.359	814	738	700	652	608	558	513	470	432	395	225	115.931	141	126	121	118	116	115	113	112	110	109	98	0	0	0.000	0.000	0	0	0	0	0	0	0	0	0	0	0	0	0	0.000	0.000	0	0	0	0	0	0	0	0	0	0	0
308	308	735	347.621	1811.714	172	343	158	40	10	103	278	243	76	22	164.332	206	184	178	174	170	166	163	157	151	143	111	108.293	117	113	111	110	109	108	107	107	105	104	100	0	0	0.000	0.000	0	0	0	0	0	0	0	0	0	0	0	0	0	0.000	0.000	0	0	0	0	0	0	0	0	0	0	0
309	309	811	377.433	1834.108	395	294	79	21	11	196	362	171	58	17	141.316	223	164	157	151	146	141	137	131	124	116	102	242.181	377	323	302	280	265	247	228	208	183	149	105	0	0	0.000	0.000	0	0	0	0	0	0	0	0	0	0	0	0	0	0.000	0.000	0	0	0	0	0	0	0	0	0	0	0
310	310	2312	125.342	1851.742	512	791	693	254	21	383	630	806	320	130	545.272	10822	609	329	270	244	227	211	195	182	161	112	289.153	1338	381	329	305	280	259	239	215	197	168	107	1	120	123.688	1857.054	0	0	0	4954	0	0	0	814	0	0	0	1	89	124.214	1856.909	0	0	0	6394	0	0	0	930	0	0	0
311	311	665	688.927	1838.217	127	216	192	110	7	103	190	221	125	13	110.729	122	116	114	113	112	111	109	108	107	106	100	128.997	147	139	136	134	132	130	128	125	122	118	106	0	0	0.000	0.000	0	0	0	0	0	0	0	0	0	0	0	0	0	0.000	0.000	0	0	0	0	0	0	0	0	0	0	0
312	312	1401	1025.137	1844.994	465	533	327	39	10	236	542	407	176	14	115.079	133	123	120	118	117	115	114	112	110	107	98	154.097	203	180	171	166	161	156	151	145	136	123	104	0	0	0.000	0.000	0	0	0	0	0	0	0	0	0	0	0	0	0	0.000	0.000	0	0	0	0	0	0	0	0	0	0	0
313	313	1693	622.568	1857.276	245	616	559	214	20	115	509	616	336	86	110.161	122	115	113	112	111	110	109	108	107	106	100	131.483	158	143	139	136	134	132	130	127	124	119	106	0	0	0.000	0.000	0	0	0	0	0	0	0	0	0	0	0	0	0	0.000	0.000	0	0	0	0	0	0	0	0	0	0	0
314	314	1661	317.278	1857.709	318	494	565	225	24	254	514	526	266	61	324.923	503	427	401	386	367	340	304	272	243	203	113	144.633	189	165	160	156	151	146	140	135	129	122	102	0	0	0.000	0.000	0	0	0	0	0	0	0	0	0	0	0	0	0	0.000	0.000	0	0	0	0	0	0	0	0	0	0	0
315	315	2000	807.896	1862.166	645	841	395	80	11	629	875	375	77	9	833.884	15113	1198	417	337	311	293	272	253	232	205	115	279.370	2738	351	219	204	196	189	182	174	164	150	112	1	123	816.036	1861.170	0	0	0	7093	0	0	0	1363	0	0	0	1	127	816.442	1860.914	0	0	0	7015	0	0	0	1345	0	0	0
316	316	641	1758.663	1853.567	95	182	195	131	30	74	216	189	119	27	139.686	169	159	155	152	149	145	141	133	121	108	98	168.874	209	192	187	183	179	175	169	161	151	134	112	0	0	0.000	0.000	0	0	0	0	0	0	0	0	0	0	0	0	0	0.000	0.000	0	0	0	0	0	0	0	0	0	0	0
317	317	1674	860.118	1860.641	258	515	540	281	42	353	872	340	73	8	313.856	4409	357	293	274	260	246	231	216	199	183	123	184.578	825	212	201	192	183	175	168	162	155	145	119	1	42	869.232	1852.953	0	0	0	2297	0	0	0	455	0	0	0	1	31	869.640	1852.240	0	0	0	1815	0	0	0	527	0	0	0
318	318	2762	180.418	1872.614	575	663	902	522	56	480	816	1020	350	43	235.925	338	298	283	269	256	242	226	211	193	162	106	280.152	433	377	353	330	304	282	258	236	213	179	112	0	0	0.000	0.000	0	0	0	0	0	0	0	0	0	0	0	0	0	0.000	0.000	0	0	0	0	0	0	0	0	0	0	0
319	319	1459	714.460	1877.422	330	446	406	219	33	302	556	392	150	31	706.213	1228	965	893	836	775	715	660	600	547	428	157	116.635	139	125	122	120	118	116	114	113	111	109	100	0	0	0.000	0.000	0	0	0	0	0	0	0	0	0	0	0	0	0	0.000	0.000	0	0	0	0	0	0	0	0	0	0	0
320	320	1159	266.401	1874.466	198	430	370	125	17	163	490	314	148	17	127.070	150	139	135	132	129	127	125	122	119	115	105	128.691	160	140	136	134	131	129	127	124	121	117	106	0	0	0.000	0.000	0	0	0	0	0	0	0	0	0	0	0	0	0	0.000	0.000	0	0	0	0	0	0	0	0	0	0	0
321	321	1550	1819.332	1883.894	458	628	341	70	25	293	640	446	121	31	150.612	200	176	169	164	160	155	149	141	130	115	96	173.753	233	212	202	194	185	178	171	159	146	127	102	0	0	0.000	0.000	0	0	0	0	0	0	0	0	0	0	0	0	0	0.000	0.000	0	0	0	0	0	0	0	0	0	0	0
322	322	1726	1766.748	1894.920	294	530	549	294	39	248	635	530	246	41	156.372	204	183	177	170	164	159	152	145	137	126	103	176.332	239	215	205	197	188	180	170	160	149	131	107	0	0	0.000	0.000	0	0	0	0	0	0	0	0	0	0	0	0	0	0.000	0.000	0	0	0	0	0	0	0	0	0	0	0
323	323	1430	464.736	1895.454	186	535	453	189	28	147	543	457	242	22	520.580	7248	691	429	378	344	316	292	264	232	198	120	209.177	952	256	225	211	201	191	181	169	156	143	113	1	67	461.548	1890.216	0	0	0	3656	0	0	0	546	0	0	0	1	52	462.197	1889.820	0	0	0	4614	0	0	0	629	0	0	0
324	324	2195	1652.739	1900.361	1032	611	323	160	28	909	637	370	189	57	130.622	647	158	122	114	111	109	107	106	104	103	94	105.465	121	109	108	107	106	105	105	104	103	102	97	0	0	0.000	0.000	0	0	0	0	0	0	0	0	0	0	0	0	0	0.000	0.000	0	0	0	0	0	0	0	0	0	0	0
325	325	1682	577.331	1895.573	241	532	525	290	61	126	609	563	270	75	109.454	120	114	112	111	110	110	109	108	106	105	99	141.191	179	162	155	150	145	140	135	131	127	123	108	0	0	0.000	0.000	0	0	0	0	0	0	0	0	0	0	0	0	0	0.000	0.000	0	0	0	0	0	0	0	0	0	0	0
326	326	1874	1024.422	1902.184	1002	728	76	20	9	829	859	120	16	12	114.505	134	123	120	118	117	115	113	111	108	105	96	156.394	215	191	181	173	165	158	152	144	131	116	100	0	0	0.000	0.000	0	0	0	0	0	0	0	0	0	0	0	0	0	0.000	0.000	0	0	0	0	0	0	0	0	0	0	0
327	327	1674	523.617	1908.520	579	730	253	59	27	387	655	413	131	57	109.649	125	115	113	112	110	109	109	107	106	105	96	137.078	177	155	150	145	141	137	133	129	124	120	105	0	0	0.000	0.000	0	0	0	0	0	0	0	0	0	0	0	0	0	0.000	0.000	0	0	0	0	0	0	0	0	0	0	0
328	328	1578	326.135	1908.339	326	574	439	169	36	219	576	477	237	39	432.447	5403	540	398	359	336	315	296	279	256	218	106	155.032	752	172	154	148	144	141	138	135	131	126	105	1	57	317.833	1900.801	0	0	0	2746	0	0	0	432	0	0	0	1	53	318.021	1900.061	0	0	0	2254	0	0	0	453	0	0	0
329	329	829	417.889	1902.291	207	202	209	157	43	194	299	211	92	15	110.555	124	116	114	113	112	110	110	108	107	105	98	172.784	218	200	193	187	181	177	171	163	154	139	108	0	0	0.000	0.000	0	0	0	0	0	0	0	0	0	0	0	0	0	0.000	0.000	0	0	0	0	0	0	0	0	0	0	0
330	330	629	226.262	1910.537	104	191	156	130	38	109	202	218	72	16	132.378	175	153	143	138	134	131	128	124	120	116	103	286.990	408	368	351	334	314	294	271	248	222	194	138	0	0	0.000	0.000	0	0	0	0	0	0	0	0	0	0	0	0	0	0.000	0.000	0	0	0	0	0	0	0	0	0	0	0
331	331	736	620.158	1910.066	135	223	280	64	18	60	202	196	196	66	111.198	125	117	115	113	112	111	110	109	108	106	98	136.370	165	151	147	144	141	138	134	131	126	120	106	0	0	0.000	0.000	0	0	0	0	0	0	0	0	0	0	0	0	0	0.000	0.000	0	0	0	0	0	0	0	0	0	0	0
332	332	2079	373.654	1927.228	401	707	637	254	42	323	786	673	215	46	113.862	136	120	118	116	115	114	113	111	110	108	99	146.186	187	165	160	156	152	148	144	137	131	125	108	0	0	0.000	0.000	0	0	0	0	0	0	0	0	0	0	0	0	0	0.000	0.000	0	0	0	0	0	0	0	0	0	0	0
333	333	1366	1525.221	1930.211	698	339	237	71	9	492	366	268	190	30	541.072	881	778	704	646	608	570	543	491	366	216	126	110.747	132	118	115	113	112	110	109	107	106	104	97	0	0	0.000	0.000	0	0	0	0	0	0	0	0	0	0	0	0	0	0.000	0.000	0	0	0	0	0	0	0	0	0	0	0
334	334	1414	1446.969	1933.835	288	467	437	138	56	263	542	418	141	20	906.302	1515	1243	1104	1028	958	891	829	766	688	636	259	172.238	229	200	191	185	179	173	167	160	153	144	112	0	0	0.000	0.000	0	0	0	0	0	0	0	0	0	0	0	0	0	0.000	0.000	0	0	0	0	0	0	0	0	0	0	0
335	335	1153	798.877	1934.904	130	322	384	230	68	113	363	373	222	63	112.035	127	117	116	114	113	112	111	110	109	107	100	130.172	162	143	139	135	133	130	128	125	122	117	102	0	0	0.000	0.000	0	0	0	0	0	0	0	0	0	0	0	0	0	0.000	0.000	0	0	0	0	0	0	0	0	0	0	0
336	336	1558	1688.204	1942.325	334	446	472	237	47	377	570	488	92	10	538.582	875	768	653	603	571	541	515	483	420	319	144	107.764	130	113	111	109	108	107	106	105	104	103	92	0	0	0.000	0.000	0	0	0	0	0	0	0	0	0	0	0	0	0	0.000	0.000	0	0	0	0	0	0	0	0	0	0	0
337	337	2595	431.226	1947.462	683	952	668	196	42	564	1096	608	255	26	111.477	128	117	115	114	113	111	110	109	108	106	97	135.024	171	153	147	142	139	135	132	128	123	117	101	0	0	0.000	0.000	0	0	0	0	0	0	0	0	0	0	0	0	0	0.000	0.000	0	0	0	0	0	0	0	0	0	0	0
338	338	1561	1630.538	1948.063	245	448	496	300	49	268	545	445	230	48	691.357	1010	903	850	805	762	717	672	613	546	457	151	110.290	132	119	116	113	111	109	108	106	105	104	98	0	0	0.000	0.000	0	0	0	0	0	0	0	0	0	0	0	0	0	0.000	0.000	0	0	0	0	0	0	0	0	0	0	0
339	339	1301	250.807	1953.913	293	448	375	139	21	232	469	380	173	22	142.965	205	175	159	148	143	139	135	131	126	120	106	330.918	556	428	402	378	351	327	304	283	263	236	149	0	0	0.000	0.000	0	0	0	0	0	0	0	0	0	0	0	0	0	0.000	0.000	0	0	0	0	0	0	0	0	0	0	0
340	340	1678	324.601	1968.053	338	707	462	119	28	243	807	453	125	29	353.687	518	449	421	395	377	357	337	318	289	253	142	152.934	197	176	170	164	158	153	148	142	136	130	108	0	0	0.000	0.000	0	0	0	0	0	0	0	0	0	0	0	0	0	0.000	0.000	0	0	0	0	0	0	0	0	0	0	0
341	341	2020	823.802	1974.041	542	742	573	97	25	381	712	673	185	33	111.663	130	117	115	114	113	112	111	109	108	106	99	128.851	157	143	139	136	133	129	126	122	119	113	100	0	0	0.000	0.000	0	0	0	0	0	0	0	0	0	0	0	0	0	0.000	0.000	0	0	0	0	0	0	0	0	0	0	0
342	342	1516	558.955	1983.744	311	522	462	152	34	119	376	450	389	145	107.376	118	111	110	109	108	107	106	106	105	104	97	127.664	156	141	137	133	130	127	125	122	119	116	100	0	0	0.000	0.000	0	0	0	0	0	0	0	0	0	0	0	0	0	0.000	0.000	0	0	0	0	0	0	0	0	0	0	0
343	343	1055	368.925	1978.750	187	281	341	178	45	128	336	383	140	52	114.270	140	121	119	117	116	114	113	112	110	107	100	143.139	183	166	160	155	149	144	138	131	126	120	102	0	0	0.000	0.000	0	0	0	0	0	0	0	0	0	0	0	0	0	0.000	0.000	0	0	0	0	0	0	0	0	0	0	0
344	344	543	598.918	1991.624	202	206	96	18	8	113	145	142	110	16	106.856	115	111	109	108	108	107	106	105	104	103	97	120.282	139	130	127	125	123	121	119	116	113	109	100	0	0	0.000	0.000	0	0	0	0	0	0	0	0	0	0	0	0	0	0.000	0.000	0	0	0	0	0	0	0	0	0	0	0
