 	cell	area	x	y	BFI_lev_b1	BFI_lev_b2	BFI_lev_b3	BFI_lev_b4	BFI_lev_b5	BFO_lev_b1	BFO_lev_b2	BFO_lev_b3	BFO_lev_b4	BFO_lev_b5	GFP_int_mean	GFP_int_b0	GFP_int_b1	GFP_int_b2	GFP_int_b3	GFP_int_b4	GFP_int_b5	GFP_int_b6	GFP_int_b7	GFP_int_b8	GFP_int_b9	GFP_int_b10	RFP_int_mean	RFP_int_b0	RFP_int_b1	RFP_int_b2	RFP_int_b3	RFP_int_b4	RFP_int_b5	RFP_int_b6	RFP_int_b7	RFP_int_b8	RFP_int_b9	RFP_int_b10	inGFPnfoci	f1_inGFParea	f1_inGFPx	f1_inGFPy	f2_inGFParea	f2_inGFPx	f2_inGFPy	f1_inGFP_toGFPmed	f1_inGFP_toGFPmean	f2_inGFP_toGFPmed	f2_inGFP_toGFPmean	f1_inGFP_toRFPmed	f1_inGFP_toRFPmean	f2_inGFP_toRFPmed	f2_inGFP_toRFPmean	inRFPnfoci	f1_inRFParea	f1_inRFPx	f1_inRFPy	f2_inRFParea	f2_inRFPx	f2_inRFPy	f1_inRFP_toGFPmed	f1_inRFP_toGFPmean	f2_inRFP_toGFPmed	f2_inRFP_toGFPmean	f1_inRFP_toRFPmed	f1_inRFP_toRFPmean	f2_inRFP_toRFPmed	f2_inRFP_toRFPmean
1	1	564	301.251	93.133	64	143	177	125	47	48	127	230	132	16	420.801	613	553	515	484	457	432	405	376	348	280	129	138.348	168	154	150	146	143	139	136	132	128	121	103	0	0	0.000	0.000	0	0	0	0	0	0	0	0	0	0	0	0	0	0.000	0.000	0	0	0	0	0	0	0	0	0	0	0
2	2	1127	987.674	104.116	296	376	317	106	11	151	314	345	216	77	148.184	1232	145	136	132	130	129	127	125	123	120	108	149.632	187	164	159	156	153	151	148	145	141	133	102	1	38	974.795	112.687	0	0	0	508	0	0	0	141	0	0	0	0	0	0.000	0.000	0	0	0	0	0	0	0	0	0	0	0
3	3	2996	746.496	130.738	2457	416	64	29	20	2234	418	236	70	22	107.771	124	113	111	109	108	107	106	105	104	103	97	222.791	592	314	263	249	238	226	208	175	143	120	103	1	14	745.877	147.841	0	0	0	113	0	0	0	279	0	0	0	1	73	759.176	107.363	0	0	0	118	0	0	0	536	0	0	0
4	4	1651	1031.383	129.045	421	647	416	120	20	279	569	511	219	42	215.742	4741	220	163	155	150	146	142	137	132	126	106	191.038	646	225	213	205	197	189	178	168	158	146	107	1	41	1027.955	139.648	0	0	0	1797	0	0	0	363	0	0	0	1	21	1026.846	137.900	0	0	0	1264	0	0	0	478	0	0	0
5	5	1858	1567.022	140.348	599	734	370	113	9	453	567	531	210	55	119.436	158	135	129	125	121	118	115	112	110	107	96	447.458	727	646	605	549	496	449	406	364	306	230	136	0	0	0.000	0.000	0	0	0	0	0	0	0	0	0	0	0	0	0	0.000	0.000	0	0	0	0	0	0	0	0	0	0	0
6	6	1383	456.895	160.610	984	331	40	8	10	665	465	203	18	16	306.469	4114	404	258	228	206	192	183	171	152	129	102	234.902	2248	322	212	191	175	166	159	151	136	119	101	1	63	462.206	158.752	0	0	0	1952	0	0	0	1190	0	0	0	1	74	461.799	158.527	0	0	0	1605	0	0	0	1114	0	0	0
7	7	1501	1201.119	172.307	175	524	517	241	16	112	627	419	239	72	120.189	149	132	127	124	121	119	117	115	113	110	102	208.598	295	256	240	227	218	208	200	193	181	164	110	0	0	0.000	0.000	0	0	0	0	0	0	0	0	0	0	0	0	0	0.000	0.000	0	0	0	0	0	0	0	0	0	0	0
8	8	546	1354.096	204.097	77	146	136	145	34	54	129	216	110	30	355.689	508	434	418	403	390	378	360	340	295	229	128	105.315	113	109	108	107	106	105	105	104	103	102	95	0	0	0.000	0.000	0	0	0	0	0	0	0	0	0	0	0	0	0	0.000	0.000	0	0	0	0	0	0	0	0	0	0	0
9	9	2271	620.083	220.823	2100	85	42	22	16	2091	99	32	24	18	113.843	130	121	119	117	116	114	113	111	109	106	98	201.834	306	259	240	227	218	208	199	188	161	124	101	0	0	0.000	0.000	0	0	0	0	0	0	0	0	0	0	0	0	0	0.000	0.000	0	0	0	0	0	0	0	0	0	0	0
10	10	1927	1882.828	236.046	539	861	376	84	29	620	980	262	19	17	286.163	8239	282	172	155	147	142	137	133	128	121	102	211.385	1379	250	226	209	197	186	178	170	160	146	105	1	55	1888.937	242.607	0	0	0	3398	0	0	0	771	0	0	0	1	51	1889.441	242.497	0	0	0	3681	0	0	0	790	0	0	0
11	11	3135	886.208	256.989	702	1037	853	387	101	781	1390	659	241	9	116.224	133	124	121	120	118	117	115	113	111	108	98	1002.355	1601	1370	1287	1206	1142	1081	991	909	739	455	139	0	0	0.000	0.000	0	0	0	0	0	0	0	0	0	0	0	0	0	0.000	0.000	0	0	0	0	0	0	0	0	0	0	0
12	12	2602	734.349	255.107	1464	724	267	85	20	1614	657	205	77	12	2559.889	32184	7427	1075	435	290	246	213	187	172	159	116	2641.103	29725	7669	1195	556	446	391	340	307	273	232	136	1	358	735.757	255.208	0	0	0	16450	0	0	0	16167	0	0	0	1	387	735.877	255.256	0	0	0	14187	0	0	0	14034	0	0	0
13	13	961	1196.546	252.871	102	250	372	191	20	64	259	411	160	53	121.457	151	135	129	126	122	120	117	116	113	111	103	194.081	241	221	215	210	205	199	193	185	176	156	117	0	0	0.000	0.000	0	0	0	0	0	0	0	0	0	0	0	0	0	0.000	0.000	0	0	0	0	0	0	0	0	0	0	0
14	14	2147	653.718	269.053	440	700	631	273	64	337	802	675	233	59	1910.027	28876	3995	571	298	244	230	216	207	194	173	108	686.268	5540	968	569	535	498	457	429	408	382	324	120	1	235	639.362	269.466	0	0	0	14817	0	0	0	2338	0	0	0	1	169	639.465	268.860	0	0	0	18941	0	0	0	3143	0	0	0
15	15	1687	1705.472	277.910	322	722	537	68	14	178	708	480	247	38	856.586	16618	1290	426	284	243	223	205	190	175	156	106	260.649	1381	332	277	257	240	224	208	193	177	156	110	1	115	1705.815	286.504	0	0	0	7038	0	0	0	738	0	0	0	1	84	1705.792	286.165	0	0	0	9660	0	0	0	875	0	0	0
16	16	1410	1652.326	280.790	119	332	524	350	57	90	516	461	258	57	191.645	262	237	226	215	204	193	182	172	160	145	107	210.019	309	272	257	243	227	215	199	184	168	136	101	0	0	0.000	0.000	0	0	0	0	0	0	0	0	0	0	0	0	0	0.000	0.000	0	0	0	0	0	0	0	0	0	0	0
17	17	1650	1861.330	285.855	365	630	461	148	14	248	495	569	242	55	664.279	15267	885	320	231	202	193	183	173	161	147	106	142.380	789	162	141	129	124	120	117	114	112	109	101	1	86	1865.832	277.739	0	0	0	6791	0	0	0	426	0	0	0	1	89	1865.838	277.375	0	0	0	6760	0	0	0	423	0	0	0
18	18	704	1425.938	285.975	201	302	130	48	13	97	353	172	51	15	116.838	149	132	126	122	118	115	112	109	107	105	100	218.321	383	332	296	267	239	210	179	157	140	125	102	0	0	0.000	0.000	0	0	0	0	0	0	0	0	0	0	0	0	0	0.000	0.000	0	0	0	0	0	0	0	0	0	0	0
19	19	1675	1108.876	296.637	680	620	275	55	22	796	696	108	26	15	783.017	16032	1070	366	255	213	193	183	171	159	144	104	232.765	3159	291	168	148	142	137	132	128	123	117	103	1	105	1105.432	294.049	0	0	0	7497	0	0	0	1206	0	0	0	1	89	1105.106	293.469	0	0	0	7993	0	0	0	1420	0	0	0
20	20	1136	948.975	308.777	102	391	404	170	48	85	456	346	180	38	678.397	1128	909	820	763	721	686	646	601	529	438	164	111.988	131	119	117	115	113	111	110	109	107	105	101	0	0	0.000	0.000	0	0	0	0	0	0	0	0	0	0	0	0	0	0.000	0.000	0	0	0	0	0	0	0	0	0	0	0
21	21	1425	1460.181	322.060	177	475	470	237	35	128	406	554	257	40	357.545	6277	387	218	206	200	195	188	181	172	158	115	176.856	819	185	175	170	165	162	158	154	148	138	108	1	67	1471.354	313.184	0	0	0	2921	0	0	0	466	0	0	0	1	57	1470.998	312.778	0	0	0	2941	0	0	0	506	0	0	0
22	22	1665	859.442	349.222	898	688	38	11	10	1085	491	41	7	6	1453.273	22316	2391	735	559	521	472	433	400	341	238	116	300.010	4356	426	181	147	141	137	133	129	122	113	100	1	125	865.324	348.175	0	0	0	11169	0	0	0	1779	0	0	0	1	115	865.246	347.852	0	0	0	12184	0	0	0	1964	0	0	0
23	23	2294	1075.997	387.321	477	904	665	192	20	450	1059	576	135	24	680.466	1292	1122	1021	895	763	642	530	447	383	303	139	107.626	126	112	110	109	108	107	106	105	105	103	95	0	0	0.000	0.000	0	0	0	0	0	0	0	0	0	0	0	0	0	0.000	0.000	0	0	0	0	0	0	0	0	0	0	0
24	24	1441	926.364	385.801	257	462	534	147	10	187	454	500	226	51	112.232	125	118	116	114	113	112	111	110	109	107	99	193.809	301	252	236	220	209	198	186	175	153	119	102	0	0	0.000	0.000	0	0	0	0	0	0	0	0	0	0	0	0	0	0.000	0.000	0	0	0	0	0	0	0	0	0	0	0
25	25	1251	69.025	398.093	80	326	466	295	49	86	396	500	179	56	136.768	951	147	132	127	125	123	121	119	117	113	102	162.180	215	183	177	171	168	163	158	154	148	141	113	1	27	67.861	394.956	0	0	0	509	0	0	0	186	0	0	0	0	0	0.000	0.000	0	0	0	0	0	0	0	0	0	0	0
26	26	541	1790.089	390.336	187	142	151	42	13	93	113	121	137	67	152.584	204	181	176	171	167	160	152	140	123	110	101	193.601	251	227	220	213	206	200	191	180	168	152	117	0	0	0.000	0.000	0	0	0	0	0	0	0	0	0	0	0	0	0	0.000	0.000	0	0	0	0	0	0	0	0	0	0	0
27	27	920	880.250	396.080	94	385	323	89	12	44	370	330	136	23	113.712	125	119	117	116	115	114	113	112	110	109	102	208.305	281	245	235	225	218	210	202	194	184	172	125	0	0	0.000	0.000	0	0	0	0	0	0	0	0	0	0	0	0	0	0.000	0.000	0	0	0	0	0	0	0	0	0	0	0
28	28	1558	1656.105	426.434	164	556	529	242	44	128	489	623	269	21	108.987	137	119	116	114	111	107	105	104	102	101	93	155.259	269	213	199	186	167	146	130	119	113	108	97	0	0	0.000	0.000	0	0	0	0	0	0	0	0	0	0	0	0	0	0.000	0.000	0	0	0	0	0	0	0	0	0	0	0
29	29	1007	808.456	491.515	350	392	154	71	20	498	385	76	20	5	338.160	701	544	444	381	333	302	282	262	236	200	120	106.107	117	110	109	107	107	106	105	104	104	103	97	0	0	0.000	0.000	0	0	0	0	0	0	0	0	0	0	0	0	0	0.000	0.000	0	0	0	0	0	0	0	0	0	0	0
30	30	2016	845.694	521.338	374	563	659	354	36	323	757	588	275	37	899.446	14381	953	677	643	619	594	562	520	476	429	234	151.227	1157	160	139	132	128	126	123	120	117	113	102	1	76	832.898	527.906	0	0	0	6800	0	0	0	314	0	0	0	1	85	834.395	526.659	0	0	0	3667	0	0	0	580	0	0	0
31	31	1117	1922.171	531.048	224	378	335	150	13	193	316	300	206	78	439.372	592	538	515	492	467	443	421	396	373	337	198	143.229	174	161	155	151	147	143	140	137	132	126	106	0	0	0.000	0.000	0	0	0	0	0	0	0	0	0	0	0	0	0	0.000	0.000	0	0	0	0	0	0	0	0	0	0	0
32	32	1530	758.566	573.885	218	417	486	291	95	221	568	395	271	48	126.410	148	137	133	131	129	127	125	123	119	115	102	370.964	514	460	440	423	407	388	364	338	305	256	138	0	0	0.000	0.000	0	0	0	0	0	0	0	0	0	0	0	0	0	0.000	0.000	0	0	0	0	0	0	0	0	0	0	0
33	33	1714	867.340	571.075	255	377	538	393	117	227	576	566	265	49	3608.686	28363	16130	3006	1239	803	640	564	503	435	338	148	601.414	5630	1895	450	234	179	158	143	131	121	113	103	1	347	867.580	571.258	0	0	0	15734	0	0	0	1851	0	0	0	1	258	868.087	570.863	0	0	0	20967	0	0	0	2724	0	0	0
34	34	1665	1905.752	584.252	596	639	349	47	6	390	709	353	159	18	585.040	5058	749	663	611	572	523	471	419	365	313	134	173.755	1283	193	180	172	164	156	148	141	133	124	105	1	35	1909.655	595.827	0	0	0	2792	0	0	0	544	0	0	0	1	41	1909.920	596.572	0	0	0	2725	0	0	0	709	0	0	0
35	35	1773	907.684	611.099	195	556	519	398	66	114	491	686	305	149	2791.173	26383	8053	1761	933	672	567	500	445	398	332	209	325.844	3208	698	216	157	139	130	124	121	117	114	103	1	284	907.728	613.960	0	0	0	13065	0	0	0	1030	0	0	0	1	207	907.842	613.798	0	0	0	19993	0	0	0	1550	0	0	0
36	36	894	1706.566	601.680	124	242	327	154	30	116	361	267	115	14	211.240	766	242	228	218	211	202	196	187	178	167	124	141.141	238	158	152	147	143	139	137	134	130	125	112	1	16	1719.562	595.159	0	0	0	568	0	0	0	206	0	0	0	0	0	0.000	0.000	0	0	0	0	0	0	0	0	0	0	0
37	37	2098	719.256	613.675	318	542	798	362	42	276	671	766	286	50	127.182	218	139	136	133	131	128	126	122	119	112	100	375.353	570	511	476	438	416	393	366	327	280	212	120	0	0	0.000	0.000	0	0	0	0	0	0	0	0	0	0	0	0	0	0.000	0.000	0	0	0	0	0	0	0	0	0	0	0
38	38	1716	1740.976	628.595	426	527	403	285	46	401	662	336	218	73	698.385	13882	867	360	272	243	230	221	208	193	169	106	233.889	2719	281	182	168	162	157	152	146	140	128	104	1	94	1731.767	625.239	0	0	0	6523	0	0	0	1214	0	0	0	1	92	1731.522	625.470	0	0	0	6563	0	0	0	1246	0	0	0
39	39	1418	871.989	646.455	259	319	462	254	99	266	363	490	190	78	130.439	162	146	142	138	134	131	128	124	119	114	102	323.608	496	426	403	385	371	345	314	278	236	183	117	0	0	0.000	0.000	0	0	0	0	0	0	0	0	0	0	0	0	0	0.000	0.000	0	0	0	0	0	0	0	0	0	0	0
40	40	1072	139.063	646.028	81	188	354	290	146	92	248	424	222	62	189.312	244	223	217	212	207	200	190	177	163	137	103	134.822	161	149	146	143	140	138	134	129	123	115	102	0	0	0.000	0.000	0	0	0	0	0	0	0	0	0	0	0	0	0	0.000	0.000	0	0	0	0	0	0	0	0	0	0	0
41	41	948	445.713	673.760	467	338	97	19	14	375	418	109	26	11	130.191	190	157	147	139	133	126	122	117	112	108	97	220.595	463	355	290	249	222	207	190	168	149	118	101	1	11	450.137	662.956	0	0	0	182	0	0	0	438	0	0	0	0	0	0.000	0.000	0	0	0	0	0	0	0	0	0	0	0
42	42	1434	1178.176	692.325	920	296	144	42	16	918	311	129	42	19	985.498	3225	2391	1736	1168	853	756	608	416	261	160	112	105.758	129	111	109	107	106	105	104	103	102	102	96	0	0	0.000	0.000	0	0	0	0	0	0	0	0	0	0	0	0	0	0.000	0.000	0	0	0	0	0	0	0	0	0	0	0
43	43	1254	1144.151	692.732	231	367	415	193	29	266	342	393	187	41	2233.159	3833	3354	2992	2715	2484	2259	1970	1738	1484	1148	492	111.277	141	125	117	112	110	109	107	106	105	104	97	0	0	0.000	0.000	0	0	0	0	0	0	0	0	0	0	0	0	0	0.000	0.000	0	0	0	0	0	0	0	0	0	0	0
44	44	1031	295.151	696.584	138	315	325	203	29	89	304	320	236	65	114.250	131	121	119	117	116	115	113	111	110	108	95	104.383	116	108	106	106	105	104	104	103	102	101	96	0	0	0.000	0.000	0	0	0	0	0	0	0	0	0	0	0	0	0	0.000	0.000	0	0	0	0	0	0	0	0	0	0	0
45	45	959	173.166	734.572	174	185	309	197	72	133	250	351	168	41	302.699	1164	364	342	328	315	303	285	266	242	201	118	131.762	205	144	140	137	134	131	129	126	123	118	103	0	0	0.000	0.000	0	0	0	0	0	0	0	0	0	0	0	0	0	0.000	0.000	0	0	0	0	0	0	0	0	0	0	0
46	46	2046	1165.984	748.378	349	773	636	218	22	337	818	522	275	44	1931.044	3121	2554	2355	2206	2060	1945	1830	1700	1522	1288	379	110.998	133	117	115	113	112	110	109	108	107	105	97	0	0	0.000	0.000	0	0	0	0	0	0	0	0	0	0	0	0	0	0.000	0.000	0	0	0	0	0	0	0	0	0	0	0
47	47	1128	1069.684	768.399	174	397	339	180	19	137	392	322	190	63	424.409	4662	506	421	386	356	338	324	308	293	254	135	188.648	527	226	210	197	187	180	172	166	160	147	115	1	33	1068.716	777.942	0	0	0	2200	0	0	0	294	0	0	0	1	22	1070.585	777.124	0	0	0	1723	0	0	0	430	0	0	0
48	48	1629	1705.702	814.757	206	674	601	110	13	109	509	605	335	47	115.278	134	122	120	118	117	115	114	112	111	108	99	105.114	120	110	107	106	105	105	104	103	103	102	94	0	0	0.000	0.000	0	0	0	0	0	0	0	0	0	0	0	0	0	0.000	0.000	0	0	0	0	0	0	0	0	0	0	0
49	49	1247	905.973	849.950	135	403	436	228	27	70	310	513	233	96	1556.616	2552	2247	2044	1876	1684	1530	1366	1217	1111	982	287	251.611	370	328	309	293	272	253	235	214	196	178	111	0	0	0.000	0.000	0	0	0	0	0	0	0	0	0	0	0	0	0	0.000	0.000	0	0	0	0	0	0	0	0	0	0	0
50	50	1600	1823.865	861.159	521	715	308	20	7	329	686	379	158	23	353.507	7951	422	211	175	161	155	149	143	136	126	105	237.240	700	300	265	253	244	233	221	206	190	164	113	1	68	1818.185	861.667	0	0	0	3396	0	0	0	410	0	0	0	1	19	1818.663	862.656	0	0	0	6191	0	0	0	596	0	0	0
51	51	1618	1267.693	869.626	260	661	480	158	19	158	633	479	249	60	3128.404	31356	12809	2234	815	469	321	253	212	185	159	120	572.720	5440	1706	422	238	191	172	158	150	140	132	110	1	285	1266.024	871.434	0	0	0	15227	0	0	0	2013	0	0	0	1	230	1266.462	870.970	0	0	0	18815	0	0	0	2631	0	0	0
52	52	1925	860.193	877.924	408	798	577	104	13	205	739	616	278	54	1337.605	1961	1716	1614	1539	1474	1408	1295	1176	1067	918	299	237.811	322	281	271	261	253	245	235	221	208	186	115	0	0	0.000	0.000	0	0	0	0	0	0	0	0	0	0	0	0	0	0.000	0.000	0	0	0	0	0	0	0	0	0	0	0
53	53	1463	958.613	872.311	248	369	438	314	60	219	463	494	187	79	776.865	16805	1071	461	344	311	294	275	252	228	185	108	202.884	2142	249	164	152	147	143	138	133	128	122	104	1	70	951.434	868.432	0	0	0	7498	0	0	0	1076	0	0	0	1	72	951.861	868.036	0	0	0	7387	0	0	0	1058	0	0	0
54	54	951	924.212	900.140	135	211	354	211	26	135	286	323	134	53	247.474	351	296	281	271	262	254	245	235	215	186	106	129.396	157	143	139	135	132	129	127	124	121	115	100	0	0	0.000	0.000	0	0	0	0	0	0	0	0	0	0	0	0	0	0.000	0.000	0	0	0	0	0	0	0	0	0	0	0
55	55	616	202.530	907.339	70	127	163	181	62	84	161	177	145	39	1670.328	2207	2074	2002	1929	1862	1778	1692	1548	1326	1096	397	109.599	129	117	114	111	110	109	107	106	105	104	98	0	0	0.000	0.000	0	0	0	0	0	0	0	0	0	0	0	0	0	0.000	0.000	0	0	0	0	0	0	0	0	0	0	0
56	56	1612	1292.544	916.673	424	574	434	137	17	375	746	265	178	21	183.629	257	215	208	202	196	189	181	171	161	139	108	148.655	196	174	169	162	156	150	143	137	130	120	102	0	0	0.000	0.000	0	0	0	0	0	0	0	0	0	0	0	0	0	0.000	0.000	0	0	0	0	0	0	0	0	0	0	0
57	57	1534	1192.675	940.709	202	500	528	252	19	101	385	617	260	139	235.051	2022	279	256	241	231	216	202	190	178	161	114	143.404	309	166	158	152	147	142	137	133	126	117	99	1	31	1196.219	938.409	0	0	0	910	0	0	0	193	0	0	0	1	16	1194.314	937.510	0	0	0	579	0	0	0	253	0	0	0
58	58	1887	214.022	956.679	329	534	639	315	26	240	523	674	261	152	1268.803	22189	1730	605	475	447	425	402	369	319	252	149	346.929	5047	474	209	176	166	160	154	146	139	129	106	1	122	213.085	960.848	0	0	0	10885	0	0	0	2470	0	0	0	1	126	213.354	961.110	0	0	0	10785	0	0	0	2385	0	0	0
59	59	934	367.854	949.863	117	279	278	212	36	111	264	303	186	56	225.727	901	287	256	238	226	215	203	193	183	168	108	249.752	380	319	293	277	260	246	233	223	210	191	116	1	14	358.761	941.000	0	0	0	691	0	0	0	304	0	0	0	0	0	0.000	0.000	0	0	0	0	0	0	0	0	0	0	0
60	60	1546	1445.681	962.942	392	693	370	66	4	267	512	451	194	101	842.992	19454	1225	320	202	172	159	149	139	131	121	102	235.320	2414	301	216	190	178	166	155	145	135	123	101	1	85	1454.816	961.581	0	0	0	8815	0	0	0	1107	0	0	0	1	83	1455.043	961.307	0	0	0	8971	0	0	0	1123	0	0	0
61	61	784	1485.943	959.733	174	275	216	87	18	156	244	207	132	31	148.562	230	181	169	162	155	147	140	134	126	118	100	149.985	196	180	172	164	158	151	143	137	129	119	100	0	0	0.000	0.000	0	0	0	0	0	0	0	0	0	0	0	0	0	0.000	0.000	0	0	0	0	0	0	0	0	0	0	0
62	62	1722	316.677	975.260	278	663	520	193	33	305	782	469	104	31	788.007	14947	1233	362	237	211	198	191	185	177	165	123	361.724	2534	452	315	298	288	280	270	260	249	232	141	1	120	305.738	976.104	0	0	0	6606	0	0	0	1301	0	0	0	1	93	305.979	976.085	0	0	0	8467	0	0	0	1517	0	0	0
63	63	521	373.173	985.584	164	111	102	108	28	125	134	115	110	29	115.507	129	122	119	118	117	115	114	113	112	110	101	108.775	123	113	112	111	109	109	108	107	106	104	99	0	0	0.000	0.000	0	0	0	0	0	0	0	0	0	0	0	0	0	0.000	0.000	0	0	0	0	0	0	0	0	0	0	0
64	64	3313	1873.669	1036.042	742	1120	1060	276	38	752	1198	999	288	23	116.763	141	125	122	121	119	117	115	113	111	108	97	666.686	1095	909	840	774	720	681	647	605	524	372	140	0	0	0.000	0.000	0	0	0	0	0	0	0	0	0	0	0	0	0	0.000	0.000	0	0	0	0	0	0	0	0	0	0	0
65	65	727	512.727	1080.123	390	110	127	68	23	275	186	147	90	16	150.730	219	178	171	165	158	154	148	139	129	119	103	289.953	798	380	351	328	315	298	275	239	204	167	116	0	0	0.000	0.000	0	0	0	0	0	0	0	0	0	0	0	0	0	0.000	0.000	0	0	0	0	0	0	0	0	0	0	0
66	66	1060	167.415	1095.609	108	292	408	197	34	135	464	339	94	13	199.142	283	250	239	226	214	201	189	175	162	144	104	131.766	161	148	143	139	136	133	128	124	120	116	102	0	0	0.000	0.000	0	0	0	0	0	0	0	0	0	0	0	0	0	0.000	0.000	0	0	0	0	0	0	0	0	0	0	0
67	67	1042	601.194	1095.750	179	388	336	90	28	239	396	316	60	14	111.813	140	122	119	116	114	111	108	106	105	103	97	155.175	313	201	186	176	167	156	142	127	116	108	101	0	0	0.000	0.000	0	0	0	0	0	0	0	0	0	0	0	0	0	0.000	0.000	0	0	0	0	0	0	0	0	0	0	0
68	68	1845	139.821	1136.904	363	670	455	305	26	337	818	433	204	17	628.346	14118	766	373	285	258	239	224	209	190	160	110	185.470	1938	213	157	149	145	140	135	128	123	116	102	1	86	133.535	1136.980	0	0	0	6268	0	0	0	872	0	0	0	1	86	133.437	1137.331	0	0	0	6268	0	0	0	872	0	0	0
69	69	2842	924.005	1228.251	1031	892	537	280	48	1131	900	466	257	30	114.105	133	121	119	117	116	115	113	111	109	106	98	343.716	503	442	427	416	398	367	330	292	259	201	117	0	0	0.000	0.000	0	0	0	0	0	0	0	0	0	0	0	0	0	0.000	0.000	0	0	0	0	0	0	0	0	0	0	0
70	70	3208	1818.155	1229.243	2401	624	110	31	20	2379	620	131	35	16	157.026	276	243	226	202	162	119	112	110	107	105	96	130.123	206	177	165	151	128	111	108	106	105	103	98	0	0	0.000	0.000	0	0	0	0	0	0	0	0	0	0	0	0	0	0.000	0.000	0	0	0	0	0	0	0	0	0	0	0
71	71	526	1619.677	1218.125	90	224	136	55	8	195	194	106	16	5	108.445	126	117	113	110	109	107	106	105	104	103	97	152.281	252	212	194	176	160	142	128	119	113	109	101	0	0	0.000	0.000	0	0	0	0	0	0	0	0	0	0	0	0	0	0.000	0.000	0	0	0	0	0	0	0	0	0	0	0
72	72	1675	1320.835	1238.041	378	654	487	113	19	281	466	526	267	105	537.887	12470	639	322	254	231	218	205	191	176	157	113	157.725	1296	178	144	135	131	127	124	121	117	112	100	1	72	1325.258	1237.340	0	0	0	5806	0	0	0	619	0	0	0	1	72	1325.682	1236.493	0	0	0	3523	0	0	0	623	0	0	0
73	73	1080	1442.881	1265.793	158	240	387	230	48	109	214	413	240	80	112.989	134	119	117	116	114	113	112	110	109	107	99	178.839	237	210	203	196	191	183	175	167	154	141	109	0	0	0.000	0.000	0	0	0	0	0	0	0	0	0	0	0	0	0	0.000	0.000	0	0	0	0	0	0	0	0	0	0	0
74	74	537	880.979	1260.892	107	161	178	76	7	148	173	139	53	13	119.315	151	133	128	125	121	118	116	114	111	108	100	194.920	296	256	239	222	210	193	180	169	154	131	110	0	0	0.000	0.000	0	0	0	0	0	0	0	0	0	0	0	0	0	0.000	0.000	0	0	0	0	0	0	0	0	0	0	0
75	75	1329	1207.915	1266.841	280	490	424	102	11	191	505	369	192	50	524.456	2852	685	616	568	529	499	473	439	387	322	182	220.083	1301	258	236	220	210	201	193	184	170	134	103	1	18	1199.984	1262.651	0	0	0	1855	0	0	0	331	0	0	0	1	41	1202.325	1257.275	0	0	0	425	0	0	0	761	0	0	0
76	76	1563	1870.143	1266.235	268	560	482	181	48	185	608	469	236	33	3243.984	28537	10646	2414	1167	814	667	593	525	459	399	202	488.374	5188	1170	336	209	175	164	156	146	138	127	108	1	264	1870.257	1265.362	0	0	0	15578	0	0	0	1595	0	0	0	1	186	1870.639	1264.995	0	0	0	21445	0	0	0	2416	0	0	0
77	77	1584	628.466	1270.670	299	555	537	140	22	307	533	494	199	27	862.133	17296	1475	451	276	212	197	183	172	162	150	112	291.949	1879	378	293	267	248	235	220	208	193	166	116	1	102	635.251	1269.160	0	0	0	7640	0	0	0	1009	0	0	0	1	89	635.817	1269.032	0	0	0	8441	0	0	0	1123	0	0	0
78	78	1022	1251.542	1279.875	627	274	78	27	9	549	228	165	61	8	790.073	7841	1057	881	797	731	670	611	541	426	278	134	352.244	4098	473	364	317	282	258	236	214	179	140	109	1	39	1254.443	1276.695	0	0	0	3486	0	0	0	2067	0	0	0	1	40	1254.131	1276.689	0	0	0	3486	0	0	0	2067	0	0	0
79	79	1024	674.716	1281.466	110	285	379	191	41	119	378	344	139	26	166.607	211	189	182	176	172	168	165	159	151	142	112	221.651	295	262	252	243	234	223	213	204	193	180	133	0	0	0.000	0.000	0	0	0	0	0	0	0	0	0	0	0	0	0	0.000	0.000	0	0	0	0	0	0	0	0	0	0	0
80	80	1185	724.915	1297.451	559	428	138	35	15	613	396	124	26	10	132.168	188	153	146	140	135	130	127	123	118	113	101	357.774	660	511	434	405	383	363	340	319	271	184	120	0	0	0.000	0.000	0	0	0	0	0	0	0	0	0	0	0	0	0	0.000	0.000	0	0	0	0	0	0	0	0	0	0	0
81	81	1254	1337.715	1303.920	182	459	409	163	22	155	562	298	184	31	111.045	126	116	114	113	112	111	110	109	108	106	99	106.085	120	111	109	108	106	105	105	104	103	102	93	0	0	0.000	0.000	0	0	0	0	0	0	0	0	0	0	0	0	0	0.000	0.000	0	0	0	0	0	0	0	0	0	0	0
82	82	1086	1679.482	1310.649	116	428	382	113	24	60	291	427	229	61	2128.489	3351	3067	2857	2639	2381	2145	1927	1742	1493	1148	406	179.394	240	214	206	197	189	181	173	164	155	143	109	0	0	0.000	0.000	0	0	0	0	0	0	0	0	0	0	0	0	0	0.000	0.000	0	0	0	0	0	0	0	0	0	0	0
83	83	1628	1449.697	1317.045	370	593	440	188	14	275	611	435	252	31	114.392	132	121	119	118	116	115	113	112	110	107	98	204.408	281	248	235	225	218	211	203	194	175	144	107	0	0	0.000	0.000	0	0	0	0	0	0	0	0	0	0	0	0	0	0.000	0.000	0	0	0	0	0	0	0	0	0	0	0
84	84	1582	1628.952	1329.494	221	520	620	195	11	163	475	542	322	50	2077.564	7743	2778	2556	2424	2278	2107	1935	1775	1556	1043	239	183.467	701	213	202	194	187	179	172	164	155	137	106	0	0	0.000	0.000	0	0	0	0	0	0	0	0	0	0	0	1	28	1647.124	1321.350	0	0	0	5482	0	0	0	476	0	0	0
85	85	1569	1336.549	1354.292	388	716	348	62	25	361	788	286	79	35	111.644	127	117	115	114	113	112	111	109	108	106	99	107.959	136	117	112	109	107	106	105	104	104	102	96	0	0	0.000	0.000	0	0	0	0	0	0	0	0	0	0	0	0	0	0.000	0.000	0	0	0	0	0	0	0	0	0	0	0
86	86	951	1548.395	1350.155	672	185	52	20	13	733	129	56	20	8	119.405	146	133	129	125	122	119	116	112	109	107	96	167.974	235	205	196	187	178	168	158	150	140	129	110	0	0	0.000	0.000	0	0	0	0	0	0	0	0	0	0	0	0	0	0.000	0.000	0	0	0	0	0	0	0	0	0	0	0
87	87	1578	486.917	1359.707	209	549	502	259	26	193	664	461	198	31	690.485	978	870	828	805	772	738	697	628	534	433	199	132.626	170	149	144	140	136	133	129	126	121	116	104	0	0	0.000	0.000	0	0	0	0	0	0	0	0	0	0	0	0	0	0.000	0.000	0	0	0	0	0	0	0	0	0	0	0
88	88	1350	792.869	1359.094	260	530	432	89	6	119	477	463	219	41	766.539	14725	1067	405	313	273	247	226	209	196	181	127	199.880	2003	253	163	154	146	139	134	130	125	121	104	1	80	783.505	1363.379	0	0	0	6622	0	0	0	802	0	0	0	1	76	784.189	1362.578	0	0	0	4626	0	0	0	956	0	0	0
89	89	1668	396.243	1365.933	224	749	514	138	15	177	789	514	138	15	258.356	341	310	300	291	281	268	255	238	217	190	113	132.876	162	146	142	139	137	134	130	127	123	118	91	0	0	0.000	0.000	0	0	0	0	0	0	0	0	0	0	0	0	0	0.000	0.000	0	0	0	0	0	0	0	0	0	0	0
90	90	1244	846.201	1365.380	249	396	356	185	35	175	384	419	168	70	327.779	5520	328	283	271	260	248	235	218	199	170	119	145.576	653	155	149	145	142	139	136	133	128	121	105	1	33	837.608	1351.403	0	0	0	2909	0	0	0	406	0	0	0	1	42	837.740	1350.855	0	0	0	2090	0	0	0	374	0	0	0
91	91	1777	1294.417	1387.450	508	548	457	190	46	411	696	370	219	48	111.418	130	117	115	114	113	111	110	109	107	105	94	111.629	135	122	118	114	112	110	108	107	106	104	97	0	0	0.000	0.000	0	0	0	0	0	0	0	0	0	0	0	0	0	0.000	0.000	0	0	0	0	0	0	0	0	0	0	0
92	92	1110	1663.308	1403.663	208	321	351	161	46	171	374	313	188	45	197.157	272	238	229	222	214	201	189	178	165	149	107	152.216	196	177	172	165	159	153	147	141	134	126	105	0	0	0.000	0.000	0	0	0	0	0	0	0	0	0	0	0	0	0	0.000	0.000	0	0	0	0	0	0	0	0	0	0	0
93	93	1441	385.862	1417.609	174	430	447	292	67	198	553	455	168	38	1444.188	18236	2414	1042	832	730	657	600	560	520	449	179	172.307	1123	234	151	136	129	126	123	120	118	114	102	1	100	382.504	1413.237	0	0	0	9619	0	0	0	634	0	0	0	1	106	382.618	1412.296	0	0	0	8549	0	0	0	621	0	0	0
94	94	997	1175.043	1418.602	172	362	328	102	19	89	221	405	182	81	923.925	1478	1334	1230	1140	1042	932	842	734	616	499	232	106.267	122	110	109	108	107	106	105	104	104	103	97	0	0	0.000	0.000	0	0	0	0	0	0	0	0	0	0	0	0	0	0.000	0.000	0	0	0	0	0	0	0	0	0	0	0
95	95	1818	1650.036	1452.307	290	439	605	347	102	277	588	531	313	85	231.451	354	301	278	256	241	228	216	205	193	168	107	167.632	227	203	190	179	172	166	161	155	148	135	102	0	0	0.000	0.000	0	0	0	0	0	0	0	0	0	0	0	0	0	0.000	0.000	0	0	0	0	0	0	0	0	0	0	0
96	96	1766	781.142	1455.305	299	571	645	199	19	207	552	569	325	83	3583.632	27851	11325	2718	1655	1271	1063	953	848	752	596	183	910.587	10096	2660	605	331	252	215	195	183	171	152	112	1	300	781.964	1454.671	0	0	0	15114	0	0	0	3418	0	0	0	1	236	782.598	1454.646	0	0	0	21010	0	0	0	4822	0	0	0
97	97	1763	1172.074	1468.264	361	774	463	107	19	214	654	539	236	78	1108.258	2017	1698	1539	1411	1288	1164	1073	884	619	378	135	106.552	119	111	109	108	107	106	106	105	104	102	97	0	0	0.000	0.000	0	0	0	0	0	0	0	0	0	0	0	0	0	0.000	0.000	0	0	0	0	0	0	0	0	0	0	0
98	98	2048	1885.431	1483.704	499	539	677	256	44	439	584	606	318	57	2089.639	26265	3234	1110	975	901	825	756	673	578	429	152	262.619	2867	355	179	167	158	150	143	137	130	122	105	1	189	1881.148	1491.677	0	0	0	14067	0	0	0	1117	0	0	0	1	148	1881.289	1491.589	0	0	0	17565	0	0	0	1426	0	0	0
99	99	1340	1810.634	1476.709	464	365	284	180	29	521	439	314	34	10	127.392	169	140	136	133	131	128	125	122	118	113	103	300.137	454	402	375	352	328	304	286	263	227	179	125	0	0	0.000	0.000	0	0	0	0	0	0	0	0	0	0	0	0	0	0.000	0.000	0	0	0	0	0	0	0	0	0	0	0
100	100	1628	1747.168	1510.078	255	535	593	195	19	196	553	522	291	33	2073.598	8430	2780	2400	2198	2112	2026	1910	1746	1543	1279	375	178.922	553	206	194	188	182	175	169	160	152	141	106	1	11	1757.344	1513.013	0	0	0	7558	0	0	0	423	0	0	0	1	26	1757.386	1513.653	0	0	0	6173	0	0	0	423	0	0	0
101	101	1121	1488.380	1543.901	280	397	324	87	18	193	401	301	159	41	352.418	779	486	443	408	382	354	327	297	263	211	121	183.322	486	221	208	198	190	182	173	164	150	135	110	0	0	0.000	0.000	0	0	0	0	0	0	0	0	0	0	0	0	0	0.000	0.000	0	0	0	0	0	0	0	0	0	0	0
102	102	2079	1307.356	1574.807	559	884	498	76	19	559	1056	383	26	19	2189.241	25941	5183	1047	484	324	264	240	222	201	172	118	440.293	4455	758	317	252	225	210	198	187	178	161	113	1	281	1302.456	1577.102	0	0	0	11981	0	0	0	1408	0	0	0	1	205	1302.552	1576.933	0	0	0	19650	0	0	0	2189	0	0	0
103	103	2702	1739.340	1617.290	2257	247	87	66	33	2234	267	106	53	23	363.267	784	645	590	529	478	382	235	136	116	110	98	126.189	178	155	147	141	134	126	113	106	105	103	95	0	0	0.000	0.000	0	0	0	0	0	0	0	0	0	0	0	0	0	0.000	0.000	0	0	0	0	0	0	0	0	0	0	0
104	104	988	1213.886	1602.878	258	311	264	108	24	292	369	213	80	15	708.256	1148	983	898	829	771	714	653	597	533	441	198	156.739	204	184	175	167	161	156	150	146	140	132	109	0	0	0.000	0.000	0	0	0	0	0	0	0	0	0	0	0	0	0	0.000	0.000	0	0	0	0	0	0	0	0	0	0	0
105	105	1413	413.288	1614.036	805	342	198	45	10	666	365	254	86	14	326.833	4558	462	250	213	197	187	179	169	154	135	107	273.920	3502	365	209	189	178	171	164	155	144	128	106	1	76	406.278	1614.717	0	0	0	2108	0	0	0	1596	0	0	0	1	79	406.723	1614.896	0	0	0	2033	0	0	0	1596	0	0	0
106	106	644	225.010	1626.110	301	169	92	50	18	293	204	99	27	9	147.031	184	167	159	155	151	148	144	141	135	127	105	271.725	405	346	319	303	289	275	263	250	227	191	122	0	0	0.000	0.000	0	0	0	0	0	0	0	0	0	0	0	0	0	0.000	0.000	0	0	0	0	0	0	0	0	0	0	0
107	107	1048	1620.215	1635.998	197	316	271	187	60	134	364	292	188	54	161.637	205	185	178	173	168	164	160	153	145	134	109	138.183	165	153	150	146	142	139	136	132	127	121	106	0	0	0.000	0.000	0	0	0	0	0	0	0	0	0	0	0	0	0	0.000	0.000	0	0	0	0	0	0	0	0	0	0	0
108	108	734	287.702	1649.616	604	76	26	12	13	606	78	18	14	11	111.469	126	118	116	114	113	112	110	109	107	105	99	363.560	555	479	447	412	387	367	352	332	288	238	120	0	0	0.000	0.000	0	0	0	0	0	0	0	0	0	0	0	0	0	0.000	0.000	0	0	0	0	0	0	0	0	0	0	0
109	109	702	1338.890	1651.599	112	210	201	142	29	103	213	201	133	43	310.632	432	396	371	352	335	318	296	279	255	229	130	129.952	154	144	139	135	132	129	127	125	122	117	104	0	0	0.000	0.000	0	0	0	0	0	0	0	0	0	0	0	0	0	0.000	0.000	0	0	0	0	0	0	0	0	0	0	0
110	110	1036	431.203	1663.211	453	259	183	102	22	421	260	234	80	27	319.261	4339	427	239	213	199	188	179	171	159	142	111	276.887	3428	396	215	185	177	170	164	156	147	135	110	1	57	425.823	1667.012	0	0	0	1938	0	0	0	1566	0	0	0	1	60	426.211	1666.903	0	0	0	1879	0	0	0	1504	0	0	0
111	111	1692	889.303	1668.346	629	724	275	21	11	485	846	265	52	15	2333.176	3265	2925	2804	2701	2587	2455	2306	2178	1968	1495	251	131.922	169	147	140	136	133	131	129	126	123	119	101	0	0	0.000	0.000	0	0	0	0	0	0	0	0	0	0	0	0	0	0.000	0.000	0	0	0	0	0	0	0	0	0	0	0
112	112	1619	1261.262	1671.779	371	606	446	139	31	333	758	387	73	21	937.132	15428	1292	527	438	410	389	369	346	318	259	130	203.874	2090	248	161	148	144	140	137	133	128	120	107	1	100	1264.150	1660.996	0	0	0	7749	0	0	0	952	0	0	0	1	91	1263.957	1660.560	0	0	0	8250	0	0	0	1004	0	0	0
113	113	1015	1325.546	1691.975	255	393	263	79	13	115	316	313	190	59	207.159	4670	200	169	164	159	155	151	148	143	133	108	153.403	601	163	157	154	151	147	144	140	135	130	108	0	0	0.000	0.000	0	0	0	0	0	0	0	0	0	0	0	0	0	0.000	0.000	0	0	0	0	0	0	0	0	0	0	0
114	114	1505	1377.605	1692.679	236	557	415	235	26	144	640	439	211	48	972.478	13855	1363	815	727	669	599	526	465	411	357	155	216.423	2424	279	182	166	158	150	143	137	131	124	104	1	67	1376.206	1694.018	0	0	0	6663	0	0	0	1206	0	0	0	1	72	1376.648	1694.212	0	0	0	6527	0	0	0	1187	0	0	0
115	115	2296	449.529	1713.178	486	830	691	219	32	388	901	599	286	69	745.826	19310	906	336	225	184	171	165	158	152	141	106	215.515	2190	247	182	171	165	160	155	150	144	133	107	1	105	440.346	1718.447	0	0	0	9122	0	0	0	1055	0	0	0	1	103	440.702	1718.444	0	0	0	9162	0	0	0	1063	0	0	0
116	116	1212	854.911	1708.920	268	441	367	99	15	171	399	336	181	98	1964.163	3220	2834	2637	2416	2221	2020	1824	1623	1392	1018	222	124.667	153	140	135	132	128	125	121	118	114	109	101	0	0	0.000	0.000	0	0	0	0	0	0	0	0	0	0	0	0	0	0.000	0.000	0	0	0	0	0	0	0	0	0	0	0
117	117	979	1250.980	1725.064	320	388	211	29	8	226	277	284	152	21	334.305	3021	381	339	318	303	289	278	267	254	230	133	125.004	307	135	129	125	123	121	120	118	116	113	102	1	30	1245.210	1721.431	0	0	0	1370	0	0	0	197	0	0	0	1	26	1245.315	1721.945	0	0	0	1559	0	0	0	209	0	0	0
118	118	1089	1341.873	1733.820	315	267	280	182	32	216	400	182	220	55	167.589	511	190	183	178	174	169	164	157	146	128	106	150.183	188	170	165	161	157	153	147	143	135	125	104	0	0	0.000	0.000	0	0	0	0	0	0	0	0	0	0	0	0	0	0.000	0.000	0	0	0	0	0	0	0	0	0	0	0
119	119	1135	1456.429	1742.952	398	376	295	37	13	136	406	290	254	25	727.441	5565	913	817	758	722	675	623	557	450	355	139	121.443	272	135	128	123	120	117	115	112	110	108	101	1	30	1466.693	1754.196	0	0	0	3489	0	0	0	154	0	0	0	1	38	1467.373	1751.260	0	0	0	1213	0	0	0	201	0	0	0
120	120	2085	203.823	1755.668	421	710	666	220	21	280	669	702	327	71	842.979	13954	1025	671	581	521	475	445	413	354	281	134	197.454	1873	231	182	170	160	154	148	142	135	124	102	1	86	209.765	1756.011	0	0	0	7155	0	0	0	912	0	0	0	1	87	209.704	1755.129	0	0	0	6353	0	0	0	900	0	0	0
121	121	1214	403.411	1756.433	201	540	385	52	10	111	430	385	221	41	1204.067	1854	1615	1491	1395	1320	1245	1172	1083	941	722	255	140.600	173	158	152	148	144	140	137	133	129	124	109	0	0	0.000	0.000	0	0	0	0	0	0	0	0	0	0	0	0	0	0.000	0.000	0	0	0	0	0	0	0	0	0	0	0
122	122	1799	479.308	1763.147	266	455	523	450	84	337	827	405	178	24	211.633	2031	251	238	225	212	201	194	187	175	148	107	149.282	288	174	166	160	153	148	144	140	134	125	107	0	0	0.000	0.000	0	0	0	0	0	0	0	0	0	0	0	0	0	0.000	0.000	0	0	0	0	0	0	0	0	0	0	0
123	123	1428	1301.429	1763.632	179	520	547	141	22	73	454	552	249	61	163.883	209	188	183	178	172	167	161	154	146	135	104	366.601	585	475	452	433	412	384	348	313	274	236	122	0	0	0.000	0.000	0	0	0	0	0	0	0	0	0	0	0	0	0	0.000	0.000	0	0	0	0	0	0	0	0	0	0	0
124	124	1514	1406.508	1767.040	329	726	342	65	20	106	694	385	227	80	1161.172	13593	1380	1125	1032	968	895	805	721	626	492	207	133.345	557	149	137	131	126	122	119	116	114	111	102	1	57	1399.672	1758.733	0	0	0	7284	0	0	0	323	0	0	0	1	51	1399.735	1758.593	0	0	0	7415	0	0	0	337	0	0	0
125	125	1648	1110.081	1774.930	469	493	460	167	33	381	679	406	138	12	350.796	8364	396	215	187	179	173	167	160	151	137	108	188.140	1242	206	187	179	173	169	164	158	150	137	105	1	56	1099.641	1782.620	0	0	0	3864	0	0	0	629	0	0	0	1	50	1099.859	1781.991	0	0	0	3720	0	0	0	701	0	0	0
126	126	1792	359.679	1794.221	854	741	131	25	14	1021	667	44	18	15	543.617	13800	669	267	189	167	158	150	142	134	124	104	227.880	1778	262	223	211	201	192	180	168	153	137	109	1	86	362.960	1800.891	0	0	0	6009	0	0	0	901	0	0	0	1	72	363.148	1800.720	0	0	0	6718	0	0	0	990	0	0	0
127	127	1286	435.553	1792.275	255	388	388	204	29	254	468	342	167	32	1649.185	15266	2077	1583	1475	1365	1241	1137	1068	970	795	278	167.910	951	195	154	149	145	142	139	135	129	120	102	1	61	424.872	1795.583	0	0	0	8150	0	0	0	547	0	0	0	1	64	423.600	1794.282	0	0	0	4427	0	0	0	559	0	0	0
128	128	1636	1062.796	1802.362	400	572	422	176	29	342	721	309	211	30	510.391	13642	627	258	194	175	165	158	152	145	136	107	231.243	2158	261	222	207	193	185	177	170	160	145	112	1	73	1058.215	1811.022	0	0	0	5325	0	0	0	963	0	0	0	1	62	1058.557	1810.806	0	0	0	6104	0	0	0	1126	0	0	0
129	129	1742	1338.625	1804.212	236	471	513	409	77	244	719	480	253	20	706.545	17195	924	339	228	210	196	185	177	168	152	115	432.118	3542	525	429	384	360	341	326	310	287	237	133	1	87	1326.917	1805.493	0	0	0	7576	0	0	0	1815	0	0	0	1	77	1327.270	1805.275	0	0	0	8279	0	0	0	2054	0	0	0
130	130	1846	1280.415	1813.683	389	586	526	259	54	347	773	453	217	26	2307.624	24981	6562	1214	544	343	261	215	186	166	149	117	1212.726	14718	2680	795	512	422	362	317	273	236	205	145	1	273	1277.947	1813.962	0	0	0	12260	0	0	0	4686	0	0	0	1	210	1278.118	1813.514	0	0	0	18817	0	0	0	6915	0	0	0
131	131	1278	401.748	1820.574	336	462	327	111	27	156	465	378	199	60	241.659	3643	275	214	197	190	186	180	173	164	152	119	187.829	472	241	217	199	188	180	174	168	158	140	109	1	31	404.831	1818.362	0	0	0	1647	0	0	0	344	0	0	0	1	14	405.615	1818.001	0	0	0	2462	0	0	0	408	0	0	0
132	132	1050	620.439	1843.642	155	403	296	139	33	134	311	352	151	78	108.360	120	113	112	110	109	108	107	106	105	104	98	106.362	116	110	109	108	107	106	106	105	104	103	98	0	0	0.000	0.000	0	0	0	0	0	0	0	0	0	0	0	0	0	0.000	0.000	0	0	0	0	0	0	0	0	0	0	0
133	133	1308	531.150	1869.786	380	495	318	78	13	271	490	369	139	15	117.839	137	127	124	122	120	119	117	114	111	108	100	329.119	510	437	410	386	359	328	301	277	253	215	149	0	0	0.000	0.000	0	0	0	0	0	0	0	0	0	0	0	0	0	0.000	0.000	0	0	0	0	0	0	0	0	0	0	0
134	134	936	1696.661	1871.145	424	227	150	106	16	384	295	156	82	6	117.432	137	126	123	121	119	118	116	114	111	109	101	210.426	300	271	256	239	224	210	196	182	169	150	117	0	0	0.000	0.000	0	0	0	0	0	0	0	0	0	0	0	0	0	0.000	0.000	0	0	0	0	0	0	0	0	0	0	0
135	135	1350	580.561	1874.687	294	619	344	48	11	174	542	431	147	33	108.276	123	113	111	110	109	108	107	106	105	104	98	163.749	201	183	178	174	171	166	162	157	150	141	113	0	0	0.000	0.000	0	0	0	0	0	0	0	0	0	0	0	0	0	0.000	0.000	0	0	0	0	0	0	0	0	0	0	0
136	136	1091	1737.401	1880.022	304	330	279	129	24	227	462	238	129	15	160.794	199	182	176	172	167	163	158	153	146	136	111	316.066	456	415	391	365	342	318	295	272	244	219	144	0	0	0.000	0.000	0	0	0	0	0	0	0	0	0	0	0	0	0	0.000	0.000	0	0	0	0	0	0	0	0	0	0	0
137	137	1743	1083.030	1886.438	163	586	646	275	44	79	517	696	324	101	654.745	1126	945	867	792	727	661	600	525	433	351	171	129.264	164	147	141	136	132	128	125	121	117	113	104	0	0	0.000	0.000	0	0	0	0	0	0	0	0	0	0	0	0	0	0.000	0.000	0	0	0	0	0	0	0	0	0	0	0
138	138	1137	768.325	1886.361	622	342	99	42	20	623	295	149	41	17	219.245	346	280	258	241	229	221	211	200	187	152	109	120.611	148	131	126	124	122	120	118	117	115	112	102	0	0	0.000	0.000	0	0	0	0	0	0	0	0	0	0	0	0	0	0.000	0.000	0	0	0	0	0	0	0	0	0	0	0
139	139	1215	482.179	1897.256	554	452	167	20	8	331	393	299	154	30	122.777	158	137	133	130	127	123	119	116	111	107	98	243.489	404	336	306	284	266	242	219	198	178	155	116	0	0	0.000	0.000	0	0	0	0	0	0	0	0	0	0	0	0	0	0.000	0.000	0	0	0	0	0	0	0	0	0	0	0
140	140	1249	743.145	1929.085	911	249	46	24	12	830	232	131	30	13	258.686	387	338	317	300	282	264	249	228	203	165	106	117.701	152	128	125	123	121	118	116	113	109	106	99	0	0	0.000	0.000	0	0	0	0	0	0	0	0	0	0	0	0	0	0.000	0.000	0	0	0	0	0	0	0	0	0	0	0
141	141	1436	567.567	1942.158	252	500	462	177	15	186	583	414	191	40	109.886	124	115	113	112	111	110	109	108	106	105	98	105.453	119	111	109	107	106	105	104	103	102	101	94	0	0	0.000	0.000	0	0	0	0	0	0	0	0	0	0	0	0	0	0.000	0.000	0	0	0	0	0	0	0	0	0	0	0
142	142	1535	1637.830	1959.520	323	512	383	228	66	353	540	385	192	35	4388.367	31168	18277	4249	1918	1244	975	808	684	564	436	194	659.565	5637	2097	583	293	211	176	157	147	137	126	107	1	333	1637.413	1958.137	0	0	0	16943	0	0	0	1895	0	0	0	1	251	1637.579	1957.928	0	0	0	20404	0	0	0	2746	0	0	0
143	143	1343	953.454	1967.779	273	527	365	133	22	163	510	420	194	31	418.029	8043	529	274	251	238	230	222	215	204	187	113	169.677	1006	193	165	158	153	150	146	142	137	129	105	1	54	954.965	1980.508	0	0	0	3305	0	0	0	530	0	0	0	1	48	955.100	1980.578	0	0	0	4178	0	0	0	552	0	0	0
144	144	1371	1812.196	1965.136	270	428	461	168	15	167	420	432	273	37	185.903	248	220	211	204	196	190	182	174	163	143	108	257.338	367	325	307	290	275	258	243	229	211	187	129	0	0	0.000	0.000	0	0	0	0	0	0	0	0	0	0	0	0	0	0.000	0.000	0	0	0	0	0	0	0	0	0	0	0
145	145	1338	1719.315	1969.337	187	358	470	244	48	126	511	458	193	17	510.499	9880	692	313	252	229	215	204	193	182	170	130	163.967	1108	192	152	143	138	134	131	128	125	120	105	1	67	1728.294	1969.288	0	0	0	4654	0	0	0	555	0	0	0	1	65	1728.572	1969.185	0	0	0	4660	0	0	0	570	0	0	0
146	146	757	994.262	1974.800	119	162	193	224	47	169	200	197	154	29	212.284	295	258	244	234	225	215	203	192	180	164	124	144.806	176	162	157	153	149	145	141	137	132	127	111	0	0	0.000	0.000	0	0	0	0	0	0	0	0	0	0	0	0	0	0.000	0.000	0	0	0	0	0	0	0	0	0	0	0
147	147	1652	598.589	1983.067	444	422	449	291	30	398	522	462	216	26	111.085	127	118	116	114	113	111	110	108	107	104	97	106.433	131	115	110	107	106	105	104	103	102	101	95	0	0	0.000	0.000	0	0	0	0	0	0	0	0	0	0	0	0	0	0.000	0.000	0	0	0	0	0	0	0	0	0	0	0
148	148	1489	503.130	1980.443	341	574	424	115	11	248	650	331	191	43	108.670	122	114	112	111	110	109	108	107	105	103	97	130.085	159	145	140	137	134	131	128	124	120	114	99	0	0	0.000	0.000	0	0	0	0	0	0	0	0	0	0	0	0	0	0.000	0.000	0	0	0	0	0	0	0	0	0	0	0
149	149	1076	171.287	1984.255	121	379	348	178	33	92	340	364	206	48	114.386	359	122	116	114	112	110	109	107	105	103	98	142.709	189	169	163	156	150	145	137	130	123	113	101	1	24	165.416	1975.337	0	0	0	243	0	0	0	146	0	0	0	0	0	0.000	0.000	0	0	0	0	0	0	0	0	0	0	0
150	150	705	1762.086	1981.966	125	286	221	50	9	123	221	226	119	7	191.440	261	220	213	206	200	194	188	181	172	156	123	128.491	146	139	136	134	131	129	126	124	121	118	103	0	0	0.000	0.000	0	0	0	0	0	0	0	0	0	0	0	0	0	0.000	0.000	0	0	0	0	0	0	0	0	0	0	0
