 	cell	area	x	y	BFI_lev_b1	BFI_lev_b2	BFI_lev_b3	BFI_lev_b4	BFI_lev_b5	BFO_lev_b1	BFO_lev_b2	BFO_lev_b3	BFO_lev_b4	BFO_lev_b5	GFP_int_mean	GFP_int_b0	GFP_int_b1	GFP_int_b2	GFP_int_b3	GFP_int_b4	GFP_int_b5	GFP_int_b6	GFP_int_b7	GFP_int_b8	GFP_int_b9	GFP_int_b10	RFP_int_mean	RFP_int_b0	RFP_int_b1	RFP_int_b2	RFP_int_b3	RFP_int_b4	RFP_int_b5	RFP_int_b6	RFP_int_b7	RFP_int_b8	RFP_int_b9	RFP_int_b10	inGFPnfoci	f1_inGFParea	f1_inGFPx	f1_inGFPy	f2_inGFParea	f2_inGFPx	f2_inGFPy	f1_inGFP_toGFPmed	f2_inGFP_toGFPmed	f2_inGFP_toGFPmean	f1_inGFP_toRFPmed	f2_inGFP_toRFPmed	f2_inGFP_toRFPmean	inRFPnfoci	f1_inRFParea	f1_inRFPx	f1_inRFPy	f2_inRFParea	f2_inRFPx	f2_inRFPy	f1_inRFP_toGFPmed	f2_inRFP_toGFPmed	f2_inRFP_toGFPmean	f1_inRFP_toRFPmed	f2_inRFP_toRFPmed	f2_inRFP_toRFPmean	f1_inGFP_toGFPmean	f1_inGFP_toRFPmean	f1_inRFP_toGFPmean	f1_inRFP_toRFPmean
1	1	1841	88.995	80.346	355	711	546	163	30	466	947	346	28	12	434.986	7313	538	370	334	303	271	246	224	202	183	129	165.707	866	201	171	161	152	145	138	132	127	121	108	1	68	86.086	81.615	0	0	0	3226	0	0	511	0	0	1	76	86.057	81.304	0	0	0	3030	0	0	482	0	0	0	0	0	0
2	2	728	257.595	71.147	59	136	243	204	71	42	233	291	115	30	218.448	286	259	249	240	232	225	214	203	189	169	122	184.210	237	214	205	200	193	186	179	172	163	151	122	0	0	0.000	0.000	0	0	0	0	0	0	0	0	0	0	0	0.000	0.000	0	0	0	0	0	0	0	0	0	0	0	0	0
3	3	2064	535.980	87.862	295	696	725	285	28	342	1197	437	48	7	896.586	1294	1184	1127	1080	1024	970	915	827	662	448	137	164.663	214	192	186	181	176	170	164	156	144	125	102	0	0	0.000	0.000	0	0	0	0	0	0	0	0	0	0	0	0.000	0.000	0	0	0	0	0	0	0	0	0	0	0	0	0
4	4	1643	1284.846	89.873	202	361	534	387	123	167	514	602	241	91	108.434	122	113	112	111	109	108	107	106	105	104	96	114.001	132	121	118	117	116	114	113	111	109	107	98	0	0	0.000	0.000	0	0	0	0	0	0	0	0	0	0	0	0.000	0.000	0	0	0	0	0	0	0	0	0	0	0	0	0
5	5	1969	786.643	98.121	163	409	762	495	105	93	362	959	352	162	790.810	1151	1044	987	941	893	834	767	696	595	450	228	109.143	130	117	113	111	109	108	107	106	105	103	97	0	0	0.000	0.000	0	0	0	0	0	0	0	0	0	0	0	0.000	0.000	0	0	0	0	0	0	0	0	0	0	0	0	0
6	6	1867	294.379	96.471	1512	272	31	17	14	1560	222	36	11	12	459.137	7220	513	411	381	358	338	316	290	251	196	114	211.530	1169	246	224	212	205	196	187	176	163	137	105	1	54	291.987	102.732	0	0	0	3599	0	0	708	0	0	1	51	292.287	103.126	0	0	0	3782	0	0	729	0	0	0	0	0	0
7	7	2220	1351.773	98.810	337	528	671	568	80	379	911	714	153	13	118.205	159	134	128	123	120	116	113	111	108	106	98	374.824	592	525	492	455	417	384	348	311	263	204	124	0	0	0.000	0.000	0	0	0	0	0	0	0	0	0	0	0	0.000	0.000	0	0	0	0	0	0	0	0	0	0	0	0	0
8	8	2195	140.990	118.530	980	888	247	16	16	863	1024	226	20	16	446.880	8402	460	353	332	313	294	272	249	218	181	115	162.179	977	173	159	154	150	146	141	136	130	121	99	1	68	150.528	111.442	0	0	0	4057	0	0	588	0	0	1	77	150.906	111.059	0	0	0	3836	0	0	556	0	0	0	0	0	0
9	9	1688	236.451	114.215	96	309	707	401	144	112	497	770	249	24	377.860	4823	395	343	323	309	295	284	269	244	203	124	194.933	922	219	203	194	188	182	177	171	160	142	108	1	49	235.622	128.470	0	0	0	2406	0	0	594	0	0	1	47	235.411	127.846	0	0	0	2132	0	0	597	0	0	0	0	0	0
10	10	1075	1561.880	127.808	68	222	432	259	61	58	310	485	175	27	558.370	813	721	685	660	624	583	531	487	430	362	165	149.718	188	172	167	162	156	152	146	141	134	123	103	0	0	0.000	0.000	0	0	0	0	0	0	0	0	0	0	0	0.000	0.000	0	0	0	0	0	0	0	0	0	0	0	0	0
11	11	1020	933.425	127.145	145	287	290	194	83	140	309	384	148	22	744.284	1152	1034	946	887	837	784	726	645	527	373	187	191.780	268	232	221	214	208	199	190	178	157	135	105	0	0	0.000	0.000	0	0	0	0	0	0	0	0	0	0	0	0.000	0.000	0	0	0	0	0	0	0	0	0	0	0	0	0
12	12	1973	1212.577	131.803	164	569	670	427	107	159	674	739	287	83	791.563	1299	1087	1011	950	897	831	762	697	605	379	129	195.589	295	244	232	222	213	205	195	185	155	118	100	0	0	0.000	0.000	0	0	0	0	0	0	0	0	0	0	0	0.000	0.000	0	0	0	0	0	0	0	0	0	0	0	0	0
13	13	2014	80.111	139.156	316	622	692	326	18	332	919	566	140	9	1276.247	2150	1756	1617	1510	1406	1299	1200	1105	960	730	247	165.934	219	197	189	180	173	165	160	154	147	134	104	0	0	0.000	0.000	0	0	0	0	0	0	0	0	0	0	0	0.000	0.000	0	0	0	0	0	0	0	0	0	0	0	0	0
14	14	1393	190.368	133.281	193	435	435	261	48	153	440	508	190	86	273.666	408	359	330	308	290	277	264	247	223	179	117	140.078	177	160	154	149	145	141	138	133	128	115	102	0	0	0.000	0.000	0	0	0	0	0	0	0	0	0	0	0	0.000	0.000	0	0	0	0	0	0	0	0	0	0	0	0	0
15	15	2317	870.779	156.283	264	490	975	457	83	216	873	861	282	47	1362.608	2657	1927	1856	1772	1610	1419	1236	1072	897	669	198	167.327	361	206	196	187	178	166	156	148	138	127	104	0	0	0.000	0.000	0	0	0	0	0	0	0	0	0	0	0	0.000	0.000	0	0	0	0	0	0	0	0	0	0	0	0	0
16	16	2239	785.973	163.675	489	733	658	284	39	495	1048	518	130	13	629.390	1054	901	826	750	689	642	595	529	452	325	128	108.412	127	114	112	110	109	108	107	106	105	103	97	0	0	0.000	0.000	0	0	0	0	0	0	0	0	0	0	0	0.000	0.000	0	0	0	0	0	0	0	0	0	0	0	0	0
17	17	2388	1258.261	177.124	425	670	702	424	121	399	847	680	342	79	295.807	486	410	383	357	332	299	264	239	214	169	105	113.616	129	121	119	117	115	114	112	111	109	106	100	0	0	0.000	0.000	0	0	0	0	0	0	0	0	0	0	0	0.000	0.000	0	0	0	0	0	0	0	0	0	0	0	0	0
18	18	1411	1923.136	168.590	208	407	440	284	45	166	458	463	225	79	111.953	130	118	116	115	114	112	111	109	107	105	98	150.409	189	173	167	162	158	153	147	140	132	125	108	0	0	0.000	0.000	0	0	0	0	0	0	0	0	0	0	0	0.000	0.000	0	0	0	0	0	0	0	0	0	0	0	0	0
19	19	2099	1541.103	179.696	348	736	636	318	26	223	738	681	351	63	662.134	1203	931	823	751	708	665	621	571	503	381	137	162.653	220	194	184	176	170	164	158	150	141	128	101	0	0	0.000	0.000	0	0	0	0	0	0	0	0	0	0	0	0.000	0.000	0	0	0	0	0	0	0	0	0	0	0	0	0
20	20	630	1426.386	168.728	344	161	55	35	26	311	173	63	38	27	539.097	809	701	640	611	582	555	529	489	429	352	162	159.657	197	180	175	170	167	163	158	152	145	135	103	0	0	0.000	0.000	0	0	0	0	0	0	0	0	0	0	0	0.000	0.000	0	0	0	0	0	0	0	0	0	0	0	0	0
21	21	2346	99.344	200.607	574	1187	487	38	21	506	1356	357	58	26	1091.405	1800	1609	1480	1368	1210	1068	996	920	777	516	144	155.986	215	190	180	170	162	155	149	143	136	121	102	0	0	0.000	0.000	0	0	0	0	0	0	0	0	0	0	0	0.000	0.000	0	0	0	0	0	0	0	0	0	0	0	0	0
22	22	942	224.614	190.411	243	290	269	111	17	167	231	285	196	39	112.534	134	122	118	116	114	112	110	108	106	104	97	313.330	563	481	435	390	351	310	273	233	190	144	104	0	0	0.000	0.000	0	0	0	0	0	0	0	0	0	0	0	0.000	0.000	0	0	0	0	0	0	0	0	0	0	0	0	0
23	23	2113	857.759	213.957	566	792	501	173	43	493	953	451	152	33	898.960	1556	1268	1145	1066	1004	944	872	780	648	426	149	143.740	193	168	160	155	150	146	141	135	127	114	99	0	0	0.000	0.000	0	0	0	0	0	0	0	0	0	0	0	0.000	0.000	0	0	0	0	0	0	0	0	0	0	0	0	0
24	24	1757	1909.721	224.539	202	622	636	241	18	128	453	711	349	87	111.234	128	117	115	114	113	111	110	109	107	105	97	145.261	193	168	161	154	150	145	141	137	130	122	103	0	0	0.000	0.000	0	0	0	0	0	0	0	0	0	0	0	0.000	0.000	0	0	0	0	0	0	0	0	0	0	0	0	0
25	25	2036	360.201	225.690	190	481	819	398	111	111	530	969	317	74	110.021	124	115	113	112	111	110	109	108	107	105	98	142.879	184	163	157	152	147	144	140	135	129	121	104	0	0	0.000	0.000	0	0	0	0	0	0	0	0	0	0	0	0.000	0.000	0	0	0	0	0	0	0	0	0	0	0	0	0
26	26	1100	309.060	226.375	131	354	401	168	17	103	386	440	128	20	111.027	123	116	114	113	112	111	110	109	108	105	100	150.614	185	170	166	162	158	154	149	143	135	125	104	0	0	0.000	0.000	0	0	0	0	0	0	0	0	0	0	0	0.000	0.000	0	0	0	0	0	0	0	0	0	0	0	0	0
27	27	1965	428.683	236.847	293	597	612	361	71	212	728	648	245	91	432.798	4519	567	478	442	410	384	352	315	263	194	114	189.125	927	231	210	199	188	178	169	159	145	125	105	1	43	429.430	242.965	0	0	0	2282	0	0	591	0	0	1	46	428.858	242.475	0	0	0	2062	0	0	590	0	0	0	0	0	0
28	28	1333	1745.591	236.194	201	357	351	331	69	92	368	437	322	93	230.311	344	289	274	259	246	235	225	212	190	152	113	153.506	205	180	172	166	159	154	148	142	135	127	107	0	0	0.000	0.000	0	0	0	0	0	0	0	0	0	0	0	0.000	0.000	0	0	0	0	0	0	0	0	0	0	0	0	0
29	29	1304	1047.217	242.119	183	323	406	262	97	159	240	552	227	104	278.747	384	339	321	309	298	286	275	261	242	205	125	145.794	182	161	157	154	150	148	145	140	134	127	105	0	0	0.000	0.000	0	0	0	0	0	0	0	0	0	0	0	0.000	0.000	0	0	0	0	0	0	0	0	0	0	0	0	0
30	30	1078	1270.415	240.853	242	305	309	169	43	189	377	327	145	25	239.977	340	285	268	258	249	241	234	225	213	192	128	110.993	124	117	115	113	112	111	110	109	107	105	100	0	0	0.000	0.000	0	0	0	0	0	0	0	0	0	0	0	0.000	0.000	0	0	0	0	0	0	0	0	0	0	0	0	0
31	31	828	1456.383	240.655	115	362	274	57	7	85	374	251	86	11	541.525	795	717	659	616	583	553	523	478	428	350	209	111.176	125	116	114	113	112	111	110	109	108	106	100	0	0	0.000	0.000	0	0	0	0	0	0	0	0	0	0	0	0.000	0.000	0	0	0	0	0	0	0	0	0	0	0	0	0
32	32	1475	157.353	246.589	157	478	507	294	16	185	716	373	158	18	112.543	129	118	116	115	114	113	112	110	109	107	100	172.141	223	202	195	187	181	175	170	161	150	135	107	0	0	0.000	0.000	0	0	0	0	0	0	0	0	0	0	0	0.000	0.000	0	0	0	0	0	0	0	0	0	0	0	0	0
33	33	2259	1118.539	266.758	275	817	753	339	25	222	897	696	337	62	1050.066	15767	1146	634	582	552	522	482	441	403	328	184	208.244	1646	226	174	168	163	157	152	145	139	131	109	1	148	1106.424	271.283	0	0	0	7455	0	0	857	0	0	1	142	1106.442	271.218	0	0	0	8132	0	0	875	0	0	0	0	0	0
34	34	1829	209.903	259.999	178	453	624	443	92	222	973	476	114	8	112.080	126	117	116	114	113	112	111	110	108	107	100	172.873	231	205	197	190	182	175	167	160	152	137	104	0	0	0.000	0.000	0	0	0	0	0	0	0	0	0	0	0	0.000	0.000	0	0	0	0	0	0	0	0	0	0	0	0	0
35	35	2010	1793.335	262.132	261	648	577	389	93	257	920	540	222	40	251.602	399	316	293	281	269	258	244	224	204	176	118	163.706	226	196	188	180	173	166	157	148	139	129	105	0	0	0.000	0.000	0	0	0	0	0	0	0	0	0	0	0	0.000	0.000	0	0	0	0	0	0	0	0	0	0	0	0	0
36	36	1423	117.387	269.788	122	542	541	173	21	99	436	616	190	61	291.332	411	372	347	329	312	293	275	252	236	220	128	113.860	129	120	118	116	115	114	113	111	110	108	101	0	0	0.000	0.000	0	0	0	0	0	0	0	0	0	0	0	0.000	0.000	0	0	0	0	0	0	0	0	0	0	0	0	0
37	37	1866	663.584	275.168	363	554	568	314	35	262	683	614	232	39	1017.923	1518	1351	1262	1192	1128	1057	972	893	795	623	271	175.998	226	204	197	193	187	181	175	167	155	137	106	0	0	0.000	0.000	0	0	0	0	0	0	0	0	0	0	0	0.000	0.000	0	0	0	0	0	0	0	0	0	0	0	0	0
38	38	1862	380.762	276.417	265	525	654	354	30	221	614	640	293	54	396.056	4566	480	420	390	368	348	324	299	258	189	113	183.092	905	210	193	185	179	173	167	159	149	132	107	1	39	388.116	271.153	0	0	0	2581	0	0	334	0	0	1	40	390.215	270.964	0	0	0	1376	0	0	589	0	0	0	0	0	0
39	39	1513	262.608	282.110	264	624	452	132	10	162	546	495	239	43	396.364	4840	477	360	342	327	314	301	285	258	212	139	154.303	620	169	157	152	148	145	142	138	133	123	102	1	44	260.309	293.127	0	0	0	2564	0	0	299	0	0	1	48	258.098	292.022	0	0	0	799	0	0	370	0	0	0	0	0	0
40	40	1169	1456.889	283.809	113	342	409	236	44	112	499	381	124	31	474.061	698	621	588	557	522	493	455	424	376	300	144	113.530	137	121	118	116	114	113	112	110	109	107	99	0	0	0.000	0.000	0	0	0	0	0	0	0	0	0	0	0	0.000	0.000	0	0	0	0	0	0	0	0	0	0	0	0	0
41	41	1732	1033.837	292.617	234	522	418	365	160	303	717	426	201	54	311.252	442	391	374	361	345	326	301	275	246	214	117	152.141	200	173	168	163	159	153	149	144	138	129	104	0	0	0.000	0.000	0	0	0	0	0	0	0	0	0	0	0	0.000	0.000	0	0	0	0	0	0	0	0	0	0	0	0	0
42	42	1021	1745.288	295.683	184	248	300	227	41	101	214	383	225	82	543.401	6028	775	513	450	417	386	365	341	285	219	124	284.615	2993	401	240	222	208	198	189	172	142	119	104	1	45	1742.281	299.228	0	0	0	2921	0	0	465	0	0	1	52	1742.516	301.619	0	0	0	1316	0	0	1581	0	0	0	0	0	0
43	43	2045	1087.738	315.335	155	768	808	243	23	154	1153	520	151	25	878.158	1376	1194	1107	1026	964	898	841	758	645	521	237	175.052	238	209	200	192	184	176	168	159	150	139	116	0	0	0.000	0.000	0	0	0	0	0	0	0	0	0	0	0	0.000	0.000	0	0	0	0	0	0	0	0	0	0	0	0	0
44	44	1793	616.958	306.354	227	379	553	469	136	237	437	606	381	90	1152.833	1790	1635	1542	1431	1310	1211	1093	954	778	572	216	171.113	235	209	201	194	185	177	168	155	139	120	101	0	0	0.000	0.000	0	0	0	0	0	0	0	0	0	0	0	0.000	0.000	0	0	0	0	0	0	0	0	0	0	0	0	0
45	45	2166	144.413	323.617	225	593	757	483	77	174	855	701	341	41	290.219	434	367	341	325	310	298	284	266	240	197	117	113.792	130	120	118	116	115	114	113	111	109	107	99	0	0	0.000	0.000	0	0	0	0	0	0	0	0	0	0	0	0.000	0.000	0	0	0	0	0	0	0	0	0	0	0	0	0
46	46	1331	1148.238	315.807	61	188	513	385	156	113	380	532	215	68	410.990	596	524	496	477	459	436	417	382	322	243	134	144.621	177	163	159	154	151	148	144	139	131	118	104	0	0	0.000	0.000	0	0	0	0	0	0	0	0	0	0	0	0.000	0.000	0	0	0	0	0	0	0	0	0	0	0	0	0
47	47	1334	1620.568	317.555	110	307	470	360	63	51	297	590	272	102	919.813	1574	1247	1139	1062	983	911	839	778	714	584	256	128.056	162	141	137	133	130	128	125	123	120	116	104	0	0	0.000	0.000	0	0	0	0	0	0	0	0	0	0	0	0.000	0.000	0	0	0	0	0	0	0	0	0	0	0	0	0
48	48	1682	934.692	317.745	157	355	599	388	155	169	567	646	216	36	180.486	249	219	206	197	188	181	174	165	156	140	105	109.534	130	115	113	111	110	109	108	107	106	104	96	0	0	0.000	0.000	0	0	0	0	0	0	0	0	0	0	0	0.000	0.000	0	0	0	0	0	0	0	0	0	0	0	0	0
49	49	1611	309.203	321.920	438	501	433	186	27	473	653	339	103	16	2998.285	19922	5034	2822	2546	2394	2220	1965	1742	1433	905	297	646.356	5669	1187	530	456	414	384	356	314	269	175	111	1	120	306.889	323.486	0	0	0	13472	0	0	3228	0	0	1	144	305.937	321.965	0	0	0	9362	0	0	3152	0	0	0	0	0	0
50	50	948	1482.420	317.587	100	271	335	198	24	79	321	330	164	39	496.573	783	666	616	577	546	509	465	425	387	320	156	116.852	143	127	123	121	118	116	114	112	110	108	101	0	0	0.000	0.000	0	0	0	0	0	0	0	0	0	0	0	0.000	0.000	0	0	0	0	0	0	0	0	0	0	0	0	0
51	51	2118	667.714	329.187	396	689	683	254	52	380	909	562	186	46	937.867	1769	1414	1258	1163	1067	982	863	741	575	394	177	155.523	221	189	180	172	165	158	149	141	129	117	101	0	0	0.000	0.000	0	0	0	0	0	0	0	0	0	0	0	0.000	0.000	0	0	0	0	0	0	0	0	0	0	0	0	0
52	52	2260	84.539	332.142	645	847	532	164	25	544	894	553	188	44	412.534	7352	471	379	341	316	295	277	247	201	154	106	456.323	1298	648	594	540	501	468	429	382	295	209	121	1	70	93.372	327.166	0	0	0	3419	0	0	904	0	0	0	0	0.000	0.000	0	0	0	0	0	0	0	0	0	0	0	0	0
53	53	1526	1436.339	331.293	224	619	477	166	10	242	540	461	205	48	584.638	899	790	740	679	624	575	540	506	462	377	194	160.043	204	185	178	171	165	161	156	150	145	135	107	0	0	0.000	0.000	0	0	0	0	0	0	0	0	0	0	0	0.000	0.000	0	0	0	0	0	0	0	0	0	0	0	0	0
54	54	1957	1387.010	340.101	373	709	597	221	21	508	736	533	122	22	114.387	169	135	126	114	110	109	107	106	105	104	98	151.606	542	261	213	144	121	114	111	109	108	106	98	1	322	1389.679	342.855	0	0	0	136	0	0	268	0	0	0	0	0.000	0.000	0	0	0	0	0	0	0	0	0	0	0	0	0
55	55	1200	1726.499	334.754	166	345	341	246	76	182	407	371	182	41	306.597	477	417	385	363	343	323	302	272	225	155	108	133.011	180	159	154	149	144	137	127	116	107	104	99	0	0	0.000	0.000	0	0	0	0	0	0	0	0	0	0	0	0.000	0.000	0	0	0	0	0	0	0	0	0	0	0	0	0
56	56	1794	1261.053	345.821	209	730	673	150	11	136	718	619	246	47	344.151	5369	389	317	288	271	259	246	232	211	189	126	158.693	704	179	165	158	154	149	145	141	135	129	109	1	44	1257.662	342.005	0	0	0	2738	0	0	419	0	0	1	44	1257.994	341.893	0	0	0	2738	0	0	419	0	0	0	0	0	0
57	57	1419	1047.285	342.565	288	504	495	100	14	177	490	478	211	43	835.320	1446	1130	1020	947	894	845	792	741	683	515	177	174.569	242	206	195	187	180	174	168	162	156	144	109	0	0	0.000	0.000	0	0	0	0	0	0	0	0	0	0	0	0.000	0.000	0	0	0	0	0	0	0	0	0	0	0	0	0
58	58	2144	1513.835	340.739	488	770	634	195	27	382	749	588	274	104	3102.674	28192	7328	2057	1636	1444	1296	1174	1074	949	625	200	744.927	8028	1794	455	310	275	253	237	224	205	165	111	1	267	1510.646	338.063	0	0	0	15751	0	0	3635	0	0	1	257	1510.791	338.011	0	0	0	16398	0	0	3883	0	0	0	0	0	0
59	59	2316	287.299	360.929	1363	562	208	130	25	1318	552	261	120	42	377.273	3019	866	511	306	211	182	162	140	126	117	104	129.432	394	180	142	124	118	114	110	107	105	103	97	0	0	0.000	0.000	0	0	0	0	0	0	0	0	0	0	0	0.000	0.000	0	0	0	0	0	0	0	0	0	0	0	0	0
60	60	500	604.479	350.818	61	156	122	105	46	76	126	172	97	19	327.020	471	425	406	386	365	345	320	292	254	194	126	131.798	156	148	144	141	138	135	132	127	117	107	98	0	0	0.000	0.000	0	0	0	0	0	0	0	0	0	0	0	0.000	0.000	0	0	0	0	0	0	0	0	0	0	0	0	0
61	61	1506	1848.244	363.348	424	488	391	162	22	408	608	315	128	19	118.100	138	127	124	122	120	119	117	115	112	107	98	399.826	646	543	495	464	445	425	392	358	311	204	110	0	0	0.000	0.000	0	0	0	0	0	0	0	0	0	0	0	0.000	0.000	0	0	0	0	0	0	0	0	0	0	0	0	0
62	62	1845	1605.276	372.200	283	575	475	387	87	258	673	534	257	80	859.239	1383	1165	1092	1025	960	896	836	750	644	475	118	125.990	153	137	134	132	129	127	125	122	118	112	101	0	0	0.000	0.000	0	0	0	0	0	0	0	0	0	0	0	0.000	0.000	0	0	0	0	0	0	0	0	0	0	0	0	0
63	63	1756	755.822	372.856	240	508	502	395	81	240	555	571	292	62	117.892	239	125	122	120	118	117	115	114	111	109	100	108.737	172	113	111	110	109	108	107	106	105	104	97	1	22	748.783	369.090	0	0	0	184	0	0	149	0	0	1	37	749.259	368.603	0	0	0	160	0	0	136	0	0	0	0	0	0
64	64	1980	629.013	382.787	365	580	610	344	35	305	634	601	319	84	691.056	11239	823	525	465	408	369	332	296	262	211	111	160.197	912	198	163	148	139	133	129	124	118	110	98	1	103	627.318	383.245	0	0	0	5096	0	0	514	0	0	1	109	626.447	382.779	0	0	0	4300	0	0	487	0	0	0	0	0	0
65	65	2055	1735.255	383.503	266	522	687	482	55	212	736	698	287	81	655.871	11834	746	477	402	356	321	293	270	240	180	114	169.347	1069	200	165	155	147	141	135	131	125	116	102	1	100	1733.568	384.291	0	0	0	5518	0	0	587	0	0	1	98	1733.567	383.748	0	0	0	5518	0	0	589	0	0	0	0	0	0
66	66	1667	691.139	380.974	156	545	571	318	42	139	726	544	210	16	1010.231	13784	1270	742	674	636	600	565	519	448	343	139	193.992	1510	223	169	163	158	153	148	143	135	121	103	1	89	702.228	382.646	0	0	0	6948	0	0	713	0	0	1	93	702.671	381.935	0	0	0	6802	0	0	747	0	0	0	0	0	0
67	67	2631	243.652	400.616	551	862	838	304	42	471	905	834	334	50	2599.336	28956	7752	1293	685	565	508	467	427	373	299	155	384.317	3504	908	260	179	162	156	150	144	134	123	106	1	380	239.194	403.458	0	0	0	13656	0	0	1561	0	0	1	343	239.283	403.103	0	0	0	15930	0	0	1687	0	0	0	0	0	0
68	68	1191	806.287	380.917	115	274	402	298	69	84	301	518	200	67	114.332	128	121	119	118	116	115	113	112	110	107	99	107.254	120	111	110	109	108	107	106	105	105	103	96	0	0	0.000	0.000	0	0	0	0	0	0	0	0	0	0	0	0.000	0.000	0	0	0	0	0	0	0	0	0	0	0	0	0
69	69	1932	1235.828	389.881	233	535	770	323	40	201	820	640	200	26	1297.416	2085	1844	1699	1579	1466	1373	1270	1112	897	611	142	184.155	252	227	218	210	200	190	177	163	150	132	103	0	0	0.000	0.000	0	0	0	0	0	0	0	0	0	0	0	0.000	0.000	0	0	0	0	0	0	0	0	0	0	0	0	0
70	70	2203	1382.244	401.245	1021	406	400	239	116	963	438	407	272	93	154.443	235	200	186	173	163	153	143	131	119	112	102	249.264	423	375	339	309	278	245	217	186	158	128	107	0	0	0.000	0.000	0	0	0	0	0	0	0	0	0	0	0	0.000	0.000	0	0	0	0	0	0	0	0	0	0	0	0	0
71	71	2303	1512.533	400.115	1338	547	270	97	19	1196	576	291	157	48	190.885	566	300	248	213	186	162	145	133	124	117	105	117.640	164	135	128	123	118	114	112	109	107	106	99	0	0	0.000	0.000	0	0	0	0	0	0	0	0	0	0	0	0.000	0.000	0	0	0	0	0	0	0	0	0	0	0	0	0
72	72	2539	1116.365	399.546	958	1333	193	9	4	885	1303	292	22	2	3227.686	28762	9295	2094	1372	1127	1024	927	821	653	447	172	564.660	5694	1500	357	235	201	184	173	161	146	129	106	1	379	1113.948	399.839	0	0	0	15492	0	0	2425	0	0	1	329	1114.070	399.597	0	0	0	18259	0	0	2869	0	0	0	0	0	0
73	73	1857	1846.535	416.041	421	562	538	277	36	439	706	478	185	19	116.382	133	125	122	120	119	117	116	113	111	106	99	354.990	557	478	447	419	396	371	349	322	274	181	107	0	0	0.000	0.000	0	0	0	0	0	0	0	0	0	0	0	0.000	0.000	0	0	0	0	0	0	0	0	0	0	0	0	0
74	74	1545	1015.113	419.840	167	457	561	301	26	142	643	524	195	12	292.930	2391	372	316	289	270	255	240	224	205	183	116	130.573	299	144	138	134	131	128	126	123	120	115	102	1	38	1014.148	422.326	0	0	0	1301	0	0	185	0	0	1	19	1014.077	420.051	0	0	0	803	0	0	234	0	0	0	0	0	0
75	75	2397	843.478	422.557	459	1146	622	94	41	532	1390	351	74	16	687.316	15953	579	423	377	349	326	308	288	272	226	117	348.033	6827	323	247	226	213	204	194	186	175	153	107	2	10	809.296	439.159	99	856.301	413.926	1064	7316	0	415	2885	0	2	14	808.864	440.658	91	856.644	413.493	812	7956	0	578	3124	0	0	0	0	0
76	76	1464	1286.197	423.647	459	364	388	185	38	395	442	349	211	48	117.477	140	127	124	122	120	118	116	113	110	107	98	193.238	293	248	234	221	210	200	189	176	145	118	102	0	0	0.000	0.000	0	0	0	0	0	0	0	0	0	0	0	0.000	0.000	0	0	0	0	0	0	0	0	0	0	0	0	0
77	77	1692	696.748	427.992	145	566	615	281	47	125	744	548	205	38	689.235	1163	996	905	818	746	681	621	566	509	397	142	107.004	130	113	109	108	107	106	105	105	104	103	95	0	0	0.000	0.000	0	0	0	0	0	0	0	0	0	0	0	0.000	0.000	0	0	0	0	0	0	0	0	0	0	0	0	0
78	78	1119	1561.115	429.586	368	600	107	15	10	323	448	251	59	18	110.356	147	119	115	112	110	109	108	107	105	104	99	131.049	180	162	152	144	136	129	122	115	110	106	98	0	0	0.000	0.000	0	0	0	0	0	0	0	0	0	0	0	0.000	0.000	0	0	0	0	0	0	0	0	0	0	0	0	0
79	79	1761	143.438	442.717	170	554	602	308	100	222	846	487	149	27	394.161	7234	423	284	266	249	235	221	208	196	181	122	198.200	877	234	214	202	191	180	171	162	154	145	119	1	65	136.235	450.982	0	0	0	3325	0	0	545	0	0	1	62	136.259	449.947	0	0	0	2435	0	0	550	0	0	0	0	0	0
80	80	2118	287.908	443.126	284	498	748	408	135	295	915	589	230	37	505.047	795	704	664	622	572	524	475	414	346	265	137	152.868	206	183	176	171	163	157	150	140	128	113	99	0	0	0.000	0.000	0	0	0	0	0	0	0	0	0	0	0	0.000	0.000	0	0	0	0	0	0	0	0	0	0	0	0	0
81	81	1887	638.554	439.658	219	473	696	419	41	139	544	799	276	94	634.041	1066	887	791	734	687	638	593	539	484	380	153	106.933	121	111	110	109	108	107	106	105	104	103	98	0	0	0.000	0.000	0	0	0	0	0	0	0	0	0	0	0	0.000	0.000	0	0	0	0	0	0	0	0	0	0	0	0	0
82	82	2427	1156.615	453.495	423	757	667	464	82	378	1014	655	279	48	956.841	8217	1306	1136	1014	903	822	761	697	579	395	156	174.497	1017	202	186	175	166	158	152	144	136	122	104	1	65	1157.387	451.549	0	0	0	5107	0	0	622	0	0	1	72	1157.037	451.119	0	0	0	4352	0	0	612	0	0	0	0	0	0
83	83	811	1819.436	453.161	222	204	220	139	21	216	255	190	105	32	111.818	125	118	116	115	114	112	111	109	107	104	99	297.772	446	392	372	355	341	324	305	269	205	148	112	0	0	0.000	0.000	0	0	0	0	0	0	0	0	0	0	0	0.000	0.000	0	0	0	0	0	0	0	0	0	0	0	0	0
84	84	2030	197.559	463.753	715	1182	68	14	9	384	1200	362	40	20	367.059	7606	395	284	262	247	233	218	203	187	161	120	211.541	1096	256	230	218	206	193	183	171	158	142	109	1	58	205.170	466.550	0	0	0	3494	0	0	688	0	0	1	59	205.180	466.521	0	0	0	3458	0	0	668	0	0	0	0	0	0
85	85	840	1205.469	458.947	62	188	278	229	67	79	235	362	132	20	704.155	977	902	862	832	797	757	691	619	535	449	184	153.763	195	178	171	167	161	156	150	143	136	127	107	0	0	0.000	0.000	0	0	0	0	0	0	0	0	0	0	0	0.000	0.000	0	0	0	0	0	0	0	0	0	0	0	0	0
86	86	926	1688.219	471.131	132	245	348	160	24	96	310	301	161	41	1003.039	1622	1415	1289	1182	1089	1006	921	850	733	578	295	106.954	122	112	110	108	107	106	106	105	104	103	98	0	0	0.000	0.000	0	0	0	0	0	0	0	0	0	0	0	0.000	0.000	0	0	0	0	0	0	0	0	0	0	0	0	0
87	87	1654	896.034	473.752	111	266	680	489	84	131	451	760	253	30	336.288	6009	383	296	268	246	229	217	206	192	165	123	206.982	783	251	234	220	207	198	190	182	166	141	105	1	47	899.690	469.170	0	0	0	2906	0	0	306	0	0	1	35	898.869	465.393	0	0	0	689	0	0	525	0	0	0	0	0	0
88	88	2185	1757.349	495.166	737	1045	316	31	11	588	1094	368	64	32	243.335	4804	242	206	192	184	176	170	162	152	136	108	175.865	1021	204	190	180	173	166	160	153	145	131	106	1	55	1742.891	505.124	0	0	0	1972	0	0	399	0	0	1	37	1742.147	502.949	0	0	0	933	0	0	565	0	0	0	0	0	0
89	89	1386	1005.727	488.200	577	527	228	15	9	368	512	273	169	37	948.615	1930	1447	1252	1134	1003	896	801	715	634	520	219	108.934	123	114	112	111	110	109	108	107	106	105	96	0	0	0.000	0.000	0	0	0	0	0	0	0	0	0	0	0	0.000	0.000	0	0	0	0	0	0	0	0	0	0	0	0	0
90	90	750	144.352	486.919	143	197	214	147	37	97	255	239	112	30	206.279	276	252	240	231	222	215	203	189	172	146	115	174.012	223	207	199	194	188	180	173	162	146	129	109	0	0	0.000	0.000	0	0	0	0	0	0	0	0	0	0	0	0.000	0.000	0	0	0	0	0	0	0	0	0	0	0	0	0
91	91	1642	1653.506	500.633	222	337	524	406	131	219	460	647	216	72	1299.592	2120	1887	1747	1602	1451	1329	1176	1025	897	694	247	106.310	118	110	109	108	107	106	105	105	104	103	97	0	0	0.000	0.000	0	0	0	0	0	0	0	0	0	0	0	0.000	0.000	0	0	0	0	0	0	0	0	0	0	0	0	0
92	92	3001	243.819	517.900	408	855	963	569	141	316	1213	972	376	78	756.750	15531	795	457	405	380	359	331	283	234	184	115	355.100	2529	462	384	358	338	316	287	246	206	168	112	1	145	246.867	525.388	0	0	0	7228	0	0	1306	0	0	1	118	246.901	525.109	0	0	0	8756	0	0	1490	0	0	0	0	0	0
93	93	2561	1303.394	511.165	372	694	880	449	114	391	932	855	284	53	433.448	7746	443	375	346	324	306	284	257	220	181	113	439.120	1753	580	533	504	475	447	412	357	293	229	121	1	83	1296.613	514.673	0	0	0	3561	0	0	1062	0	0	1	31	1295.802	514.206	0	0	0	5638	0	0	1445	0	0	0	0	0	0
94	94	1784	511.785	507.351	296	549	513	341	55	298	535	558	306	50	129.064	159	142	138	135	132	130	127	123	120	114	104	141.500	181	161	155	151	147	143	138	134	127	120	105	0	0	0.000	0.000	0	0	0	0	0	0	0	0	0	0	0	0.000	0.000	0	0	0	0	0	0	0	0	0	0	0	0	0
95	95	1314	1872.699	508.992	332	376	371	194	20	253	359	371	237	76	267.932	376	338	322	306	289	274	262	244	218	181	118	167.074	229	203	195	188	180	172	162	152	138	119	102	0	0	0.000	0.000	0	0	0	0	0	0	0	0	0	0	0	0.000	0.000	0	0	0	0	0	0	0	0	0	0	0	0	0
96	96	1103	967.692	518.380	147	230	315	298	94	112	238	333	261	140	311.041	4755	394	248	224	207	193	185	177	169	159	119	171.631	631	202	182	171	162	156	152	148	143	136	106	1	44	964.204	506.944	0	0	0	2182	0	0	361	0	0	1	35	965.073	507.338	0	0	0	2250	0	0	431	0	0	0	0	0	0
97	97	1705	1129.769	525.054	311	564	489	262	50	185	641	549	228	63	593.648	7374	769	576	526	486	444	411	373	308	193	116	284.063	2613	342	286	267	252	236	219	204	179	137	104	1	65	1127.390	519.911	0	0	0	3563	0	0	1349	0	0	1	65	1127.703	519.505	0	0	0	3559	0	0	1364	0	0	0	0	0	0
98	98	1457	564.810	525.429	183	324	471	321	128	135	299	627	238	129	127.328	149	138	135	133	130	128	126	123	119	115	105	141.793	177	158	154	150	147	143	139	135	129	122	105	0	0	0.000	0.000	0	0	0	0	0	0	0	0	0	0	0	0.000	0.000	0	0	0	0	0	0	0	0	0	0	0	0	0
99	99	1531	920.618	529.991	158	422	527	339	49	126	439	570	287	84	189.960	272	230	215	206	197	188	181	174	166	152	121	164.644	223	197	187	179	170	164	156	151	145	135	110	0	0	0.000	0.000	0	0	0	0	0	0	0	0	0	0	0	0.000	0.000	0	0	0	0	0	0	0	0	0	0	0	0	0
100	100	1985	1246.418	540.834	657	1064	214	9	5	638	1067	223	12	8	303.721	4124	355	320	295	271	255	239	224	202	173	108	328.712	721	461	419	379	348	326	303	277	243	197	114	1	38	1256.856	552.697	0	0	0	1940	0	0	560	0	0	0	0	0.000	0.000	0	0	0	0	0	0	0	0	0	0	0	0	0
101	101	2838	649.841	541.064	384	773	980	538	111	587	1226	755	177	27	434.602	7566	462	333	298	275	260	245	229	210	177	111	407.069	4012	492	413	375	347	324	304	284	253	205	124	1	120	647.623	540.660	0	0	0	3457	0	0	1856	0	0	1	98	648.344	540.413	0	0	0	4224	0	0	2213	0	0	0	0	0	0
102	102	1416	1719.251	536.099	330	441	410	201	11	220	387	430	258	86	167.280	224	200	190	183	176	168	162	153	144	131	109	158.822	211	192	183	174	166	158	151	144	137	126	107	0	0	0.000	0.000	0	0	0	0	0	0	0	0	0	0	0	0.000	0.000	0	0	0	0	0	0	0	0	0	0	0	0	0
103	103	1838	1787.369	545.158	292	765	550	185	18	224	841	532	184	16	223.686	3576	230	212	201	191	182	172	163	154	144	109	172.577	508	208	196	187	178	169	160	153	144	135	106	1	32	1803.883	556.785	0	0	0	1653	0	0	323	0	0	1	18	1802.177	554.978	0	0	0	791	0	0	400	0	0	0	0	0	0
104	104	1648	1456.466	538.873	248	654	531	156	23	169	805	486	128	33	722.697	10327	1352	401	295	255	235	221	208	194	171	114	297.871	2052	414	275	246	230	218	207	196	185	165	120	1	144	1448.518	531.149	0	0	0	4668	0	0	1002	0	0	1	125	1448.332	530.983	0	0	0	5378	0	0	1143	0	0	0	0	0	0
105	105	1588	403.047	547.110	204	372	517	358	99	223	478	498	309	48	322.176	483	434	401	375	347	322	296	270	250	215	133	148.207	187	169	162	158	153	149	144	140	134	126	110	0	0	0.000	0.000	0	0	0	0	0	0	0	0	0	0	0	0.000	0.000	0	0	0	0	0	0	0	0	0	0	0	0	0
106	106	1251	1194.840	549.157	106	188	505	335	83	93	224	644	200	60	3156.771	4899	4363	4161	3951	3724	3370	2982	2596	2132	1572	485	393.971	590	520	491	471	448	414	373	330	289	239	124	0	0	0.000	0.000	0	0	0	0	0	0	0	0	0	0	0	0.000	0.000	0	0	0	0	0	0	0	0	0	0	0	0	0
107	107	1863	802.475	554.922	667	620	351	147	46	644	623	387	139	45	118.034	139	127	124	122	120	118	116	115	112	108	99	429.403	700	590	538	507	483	457	425	382	319	205	110	0	0	0.000	0.000	0	0	0	0	0	0	0	0	0	0	0	0.000	0.000	0	0	0	0	0	0	0	0	0	0	0	0	0
108	108	1899	154.694	559.875	398	515	510	346	100	372	657	532	243	52	402.120	6712	409	355	330	309	295	281	264	226	173	112	331.778	1911	413	369	348	332	317	298	272	229	180	113	1	57	141.903	550.848	0	0	0	3068	0	0	864	0	0	1	49	143.311	550.021	0	0	0	2038	0	0	1220	0	0	0	0	0	0
109	109	2295	208.014	574.645	266	554	846	475	108	239	806	812	288	109	350.933	541	480	452	430	404	369	332	290	244	187	117	321.863	507	450	425	401	374	342	302	265	212	150	102	0	0	0.000	0.000	0	0	0	0	0	0	0	0	0	0	0	0.000	0.000	0	0	0	0	0	0	0	0	0	0	0	0	0
110	110	1765	508.338	573.217	230	377	603	441	79	152	543	680	256	93	442.831	7399	533	386	346	322	304	287	267	234	175	110	367.042	2395	497	406	375	353	331	311	291	248	161	108	1	57	500.849	570.975	0	0	0	3406	0	0	1347	0	0	1	54	500.583	569.882	0	0	0	2270	0	0	1464	0	0	0	0	0	0
111	111	551	738.518	566.854	31	121	175	154	61	63	211	175	79	15	109.254	120	114	112	111	110	109	108	107	106	105	100	107.359	117	111	110	109	108	107	106	106	105	104	99	0	0	0.000	0.000	0	0	0	0	0	0	0	0	0	0	0	0.000	0.000	0	0	0	0	0	0	0	0	0	0	0	0	0
112	112	2427	604.495	581.370	395	493	814	548	143	378	845	854	259	54	448.544	8605	472	382	352	332	311	293	274	250	199	116	397.795	2968	509	452	418	389	353	333	311	277	208	116	1	69	608.432	565.002	0	0	0	3848	0	0	1589	0	0	1	59	608.762	565.204	0	0	0	4328	0	0	1682	0	0	0	0	0	0
113	113	2554	381.016	595.857	304	685	915	496	98	396	1220	692	163	34	794.338	14040	850	513	461	427	395	359	324	271	201	127	200.725	1626	221	181	172	164	158	152	145	134	122	106	1	141	389.112	594.574	0	0	0	6763	0	0	853	0	0	1	137	388.802	594.495	0	0	0	6857	0	0	870	0	0	0	0	0	0
114	114	1588	1475.303	588.755	281	602	570	86	21	214	773	374	174	26	291.566	412	364	349	333	317	302	282	262	241	201	120	262.509	383	333	316	303	286	269	252	234	216	176	115	0	0	0.000	0.000	0	0	0	0	0	0	0	0	0	0	0	0.000	0.000	0	0	0	0	0	0	0	0	0	0	0	0	0
115	115	2007	1187.501	603.678	235	375	720	512	126	211	573	804	249	136	3645.847	23148	5669	4271	3847	3377	2888	2503	2066	1663	1294	507	544.172	4628	770	543	484	432	378	341	299	264	221	136	1	112	1181.583	609.113	0	0	0	15317	0	0	2810	0	0	1	125	1180.684	608.883	0	0	0	14178	0	0	2568	0	0	0	0	0	0
116	116	2235	1246.670	605.847	239	584	890	439	40	153	851	846	294	47	348.175	4848	451	410	357	314	283	255	231	210	187	119	353.166	967	531	477	424	379	334	297	261	228	200	123	1	40	1246.985	585.968	0	0	0	2309	0	0	676	0	0	0	0	0.000	0.000	0	0	0	0	0	0	0	0	0	0	0	0	0
117	117	1527	1427.965	602.600	843	614	22	15	13	756	656	64	16	7	121.460	146	131	128	125	124	122	120	118	115	112	102	147.944	195	171	165	159	155	151	147	141	134	114	103	0	0	0.000	0.000	0	0	0	0	0	0	0	0	0	0	0	0.000	0.000	0	0	0	0	0	0	0	0	0	0	0	0	0
118	118	2390	467.203	627.781	324	864	801	330	23	203	882	862	310	62	778.632	1293	1067	996	938	866	794	723	659	579	442	166	126.992	155	139	135	133	130	128	125	122	119	113	99	0	0	0.000	0.000	0	0	0	0	0	0	0	0	0	0	0	0.000	0.000	0	0	0	0	0	0	0	0	0	0	0	0	0
119	119	1947	537.481	633.810	141	345	720	553	144	108	608	886	290	24	739.122	1199	1034	961	906	847	772	696	622	539	358	147	126.597	154	139	136	133	130	127	124	121	118	113	99	0	0	0.000	0.000	0	0	0	0	0	0	0	0	0	0	0	0.000	0.000	0	0	0	0	0	0	0	0	0	0	0	0	0
120	120	2473	388.839	667.496	387	689	708	523	122	448	809	698	428	45	1357.720	18857	2666	633	423	382	356	334	311	272	208	124	507.134	6298	982	286	208	190	181	174	165	154	136	107	1	262	389.456	671.688	0	0	0	8701	0	0	2796	0	0	1	236	389.154	671.586	0	0	0	9579	0	0	3118	0	0	0	0	0	0
121	121	2635	1194.802	661.741	729	975	779	97	17	602	1033	715	205	39	2588.461	5081	3977	3468	3082	2780	2534	2332	2125	1834	1192	232	334.342	567	467	423	385	357	333	310	292	256	195	91	0	0	0.000	0.000	0	0	0	0	0	0	0	0	0	0	0	0.000	0.000	0	0	0	0	0	0	0	0	0	0	0	0	0
122	122	2036	228.964	655.712	286	549	645	453	70	184	659	730	326	102	212.781	2994	228	209	198	190	182	171	161	148	133	106	192.280	468	241	228	217	206	192	178	167	153	136	104	1	39	215.082	663.955	0	0	0	1403	0	0	328	0	0	0	0	0.000	0.000	0	0	0	0	0	0	0	0	0	0	0	0	0
123	123	1525	1882.072	656.928	444	383	417	203	51	351	565	404	149	34	117.544	141	129	125	122	120	118	115	113	109	105	97	260.471	473	386	347	322	300	277	248	198	140	111	98	0	0	0.000	0.000	0	0	0	0	0	0	0	0	0	0	0	0.000	0.000	0	0	0	0	0	0	0	0	0	0	0	0	0
124	124	1888	1411.841	681.431	244	523	741	311	44	167	694	750	206	33	1353.331	2342	2025	1826	1654	1512	1349	1180	1026	902	765	269	198.783	285	251	236	223	210	198	185	175	164	149	111	0	0	0.000	0.000	0	0	0	0	0	0	0	0	0	0	0	0.000	0.000	0	0	0	0	0	0	0	0	0	0	0	0	0
125	125	1643	524.890	689.244	150	294	619	445	92	128	307	766	341	77	111.976	127	117	115	114	113	112	111	110	108	107	101	142.201	185	159	154	150	147	143	140	135	131	123	106	0	0	0.000	0.000	0	0	0	0	0	0	0	0	0	0	0	0.000	0.000	0	0	0	0	0	0	0	0	0	0	0	0	0
126	126	1331	434.353	684.107	185	395	396	261	72	191	537	381	172	24	321.455	465	400	382	367	352	339	325	301	261	202	123	172.283	231	202	194	188	183	178	172	163	150	131	106	0	0	0.000	0.000	0	0	0	0	0	0	0	0	0	0	0	0.000	0.000	0	0	0	0	0	0	0	0	0	0	0	0	0
127	127	1835	1711.918	694.451	920	597	238	50	8	697	721	301	79	10	562.930	1041	787	732	684	647	606	562	473	368	247	131	123.059	149	135	132	129	126	124	121	118	114	109	98	0	0	0.000	0.000	0	0	0	0	0	0	0	0	0	0	0	0.000	0.000	0	0	0	0	0	0	0	0	0	0	0	0	0
128	128	1742	879.228	693.945	286	474	522	378	46	242	610	601	246	22	166.041	1615	184	170	163	156	150	144	139	134	125	107	153.499	266	179	172	165	159	154	148	143	136	123	103	1	27	878.645	700.123	0	0	0	582	0	0	179	0	0	0	0	0.000	0.000	0	0	0	0	0	0	0	0	0	0	0	0	0
129	129	1391	273.067	692.795	138	291	517	344	70	113	301	635	236	83	178.840	250	220	207	197	188	179	169	160	151	139	109	193.510	293	248	233	219	205	191	180	167	156	144	105	0	0	0.000	0.000	0	0	0	0	0	0	0	0	0	0	0	0.000	0.000	0	0	0	0	0	0	0	0	0	0	0	0	0
130	130	1399	188.561	696.528	168	396	497	269	36	241	646	343	138	11	1406.197	2436	2059	1832	1676	1534	1420	1317	1188	992	701	299	160.335	217	192	181	173	168	163	158	152	140	120	96	0	0	0.000	0.000	0	0	0	0	0	0	0	0	0	0	0	0.000	0.000	0	0	0	0	0	0	0	0	0	0	0	0	0
131	131	1938	1314.274	698.019	375	585	527	361	60	275	628	556	312	118	130.775	159	144	140	137	134	132	129	126	121	115	103	190.961	289	247	229	217	207	196	184	172	151	119	99	0	0	0.000	0.000	0	0	0	0	0	0	0	0	0	0	0	0.000	0.000	0	0	0	0	0	0	0	0	0	0	0	0	0
132	132	2091	680.766	702.358	118	394	933	541	66	111	576	995	331	37	565.477	918	808	751	685	615	554	499	444	400	348	144	119.532	145	130	126	124	121	119	117	115	113	110	101	0	0	0.000	0.000	0	0	0	0	0	0	0	0	0	0	0	0.000	0.000	0	0	0	0	0	0	0	0	0	0	0	0	0
133	133	2359	379.505	718.139	460	653	704	437	66	420	1075	501	260	70	578.563	12384	624	387	330	307	293	278	263	236	181	112	612.664	4717	768	674	618	577	537	510	468	391	262	121	1	95	368.919	717.838	0	0	0	6026	0	0	2453	0	0	1	70	368.498	716.940	0	0	0	6607	0	0	2968	0	0	0	0	0	0
134	134	1811	1619.478	719.166	248	494	602	368	67	210	769	500	246	49	110.963	125	117	115	113	112	111	110	109	107	105	99	257.046	420	345	312	291	269	254	241	228	208	168	104	0	0	0.000	0.000	0	0	0	0	0	0	0	0	0	0	0	0.000	0.000	0	0	0	0	0	0	0	0	0	0	0	0	0
135	135	2266	1036.603	720.326	1114	858	222	22	11	1193	880	135	14	10	118.005	137	126	124	122	120	118	117	115	112	109	99	109.251	129	116	113	111	109	108	107	106	105	104	96	0	0	0.000	0.000	0	0	0	0	0	0	0	0	0	0	0	0.000	0.000	0	0	0	0	0	0	0	0	0	0	0	0	0
136	136	1516	1210.202	722.030	173	428	567	267	48	133	523	581	202	50	1422.088	2449	2057	1885	1699	1572	1446	1291	1152	1019	755	306	119.015	147	131	127	123	120	118	115	114	112	110	102	0	0	0.000	0.000	0	0	0	0	0	0	0	0	0	0	0	0.000	0.000	0	0	0	0	0	0	0	0	0	0	0	0	0
137	137	527	1451.999	713.997	64	122	154	127	48	69	125	176	121	19	865.797	1286	1172	1099	1049	999	922	871	773	639	421	153	161.843	204	189	182	177	172	167	160	153	142	123	107	0	0	0.000	0.000	0	0	0	0	0	0	0	0	0	0	0	0.000	0.000	0	0	0	0	0	0	0	0	0	0	0	0	0
138	138	1376	1090.990	725.744	150	422	399	307	75	190	489	429	190	49	790.514	1198	1080	1018	976	927	854	754	651	548	403	215	115.712	134	125	122	119	118	116	114	112	109	107	101	0	0	0.000	0.000	0	0	0	0	0	0	0	0	0	0	0	0.000	0.000	0	0	0	0	0	0	0	0	0	0	0	0	0
139	139	1757	1416.964	731.546	499	497	447	247	43	404	458	491	266	118	1188.140	6835	1740	1616	1446	1264	1089	945	840	716	538	186	176.674	737	216	204	192	180	168	159	150	140	121	101	1	31	1408.508	744.170	0	0	0	4532	0	0	312	0	0	1	33	1410.196	743.713	0	0	0	3205	0	0	509	0	0	0	0	0	0
140	140	1185	1153.143	726.309	176	308	396	258	25	159	478	375	129	17	2518.919	3709	3336	3216	3088	2917	2680	2387	2085	1801	1461	489	320.834	441	402	389	376	360	335	308	281	254	218	137	0	0	0.000	0.000	0	0	0	0	0	0	0	0	0	0	0	0.000	0.000	0	0	0	0	0	0	0	0	0	0	0	0	0
141	141	1789	279.075	744.774	304	548	501	360	41	265	532	587	294	75	113.308	127	119	117	116	115	114	112	111	109	107	100	193.201	263	231	223	214	207	201	194	184	164	135	105	0	0	0.000	0.000	0	0	0	0	0	0	0	0	0	0	0	0.000	0.000	0	0	0	0	0	0	0	0	0	0	0	0	0
142	142	1294	1283.753	740.615	201	281	424	304	60	177	438	427	187	41	121.350	143	130	127	125	124	122	120	118	116	111	101	167.016	231	198	191	185	180	173	166	158	144	118	102	0	0	0.000	0.000	0	0	0	0	0	0	0	0	0	0	0	0.000	0.000	0	0	0	0	0	0	0	0	0	0	0	0	0
143	143	3139	198.598	753.907	704	1024	944	375	52	591	1247	815	370	65	1445.149	2844	2245	1984	1756	1568	1429	1299	1179	1008	583	149	167.110	245	203	192	182	174	169	163	156	142	124	102	0	0	0.000	0.000	0	0	0	0	0	0	0	0	0	0	0	0.000	0.000	0	0	0	0	0	0	0	0	0	0	0	0	0
144	144	1876	509.627	748.177	215	534	651	401	43	165	625	709	276	67	114.534	128	120	118	117	116	115	113	112	111	109	102	142.853	183	159	153	149	146	143	140	137	132	126	107	0	0	0.000	0.000	0	0	0	0	0	0	0	0	0	0	0	0.000	0.000	0	0	0	0	0	0	0	0	0	0	0	0	0
145	145	1705	887.306	752.075	219	300	520	453	186	191	405	694	296	88	159.236	1395	178	167	160	154	149	144	140	134	124	103	157.760	252	189	178	170	164	157	151	145	139	126	104	1	22	893.023	745.511	0	0	0	613	0	0	199	0	0	0	0	0.000	0.000	0	0	0	0	0	0	0	0	0	0	0	0	0
146	146	2823	974.619	755.392	392	936	887	470	84	372	1047	921	339	89	115.289	133	123	120	118	117	115	114	112	110	108	96	107.376	130	114	111	109	107	106	106	105	104	103	97	0	0	0.000	0.000	0	0	0	0	0	0	0	0	0	0	0	0.000	0.000	0	0	0	0	0	0	0	0	0	0	0	0	0
147	147	2011	682.766	752.204	260	437	748	466	69	174	561	821	282	139	540.054	8502	657	430	388	347	318	295	272	247	211	129	323.528	1595	418	378	345	314	289	267	246	225	198	121	1	83	680.292	758.958	0	0	0	4347	0	0	768	0	0	1	59	679.960	757.097	0	0	0	3314	0	0	1108	0	0	0	0	0	0
148	148	1071	1777.173	751.409	197	336	310	186	24	176	326	321	213	19	231.383	330	291	275	259	245	234	223	211	195	165	118	156.819	209	188	180	173	165	160	153	144	134	121	103	0	0	0.000	0.000	0	0	0	0	0	0	0	0	0	0	0	0.000	0.000	0	0	0	0	0	0	0	0	0	0	0	0	0
149	149	1813	424.550	755.550	178	450	610	430	119	163	722	567	235	99	386.560	570	504	473	445	423	402	370	333	298	255	138	609.183	936	817	764	717	677	638	580	515	451	370	161	0	0	0.000	0.000	0	0	0	0	0	0	0	0	0	0	0	0.000	0.000	0	0	0	0	0	0	0	0	0	0	0	0	0
150	150	601	1923.569	752.135	192	194	139	53	8	167	189	121	83	35	111.927	134	120	118	116	114	112	110	108	105	103	97	167.065	212	198	189	182	177	171	165	158	146	127	107	0	0	0.000	0.000	0	0	0	0	0	0	0	0	0	0	0	0.000	0.000	0	0	0	0	0	0	0	0	0	0	0	0	0
151	151	2309	627.617	784.130	560	653	681	346	33	358	819	681	356	55	123.961	158	139	134	130	127	124	120	117	114	110	101	128.212	170	146	139	135	131	127	123	120	116	112	104	0	0	0.000	0.000	0	0	0	0	0	0	0	0	0	0	0	0.000	0.000	0	0	0	0	0	0	0	0	0	0	0	0	0
152	152	1679	549.639	783.228	179	541	598	267	65	201	886	386	157	32	515.543	829	680	634	598	558	526	492	460	402	317	156	171.694	237	203	195	188	181	177	170	164	152	127	102	0	0	0.000	0.000	0	0	0	0	0	0	0	0	0	0	0	0.000	0.000	0	0	0	0	0	0	0	0	0	0	0	0	0
153	153	1612	729.369	785.628	181	248	532	411	205	162	400	709	217	90	370.281	2277	507	456	420	390	363	331	287	238	164	110	319.337	687	451	419	390	365	338	310	267	205	142	107	1	26	723.677	792.708	0	0	0	1474	0	0	449	0	0	0	0	0.000	0.000	0	0	0	0	0	0	0	0	0	0	0	0	0
154	154	1847	1923.727	795.506	191	396	670	480	84	113	523	772	320	83	108.450	124	113	112	111	110	108	108	106	105	104	96	122.728	158	136	131	127	125	122	120	117	114	109	99	0	0	0.000	0.000	0	0	0	0	0	0	0	0	0	0	0	0.000	0.000	0	0	0	0	0	0	0	0	0	0	0	0	0
155	155	1299	449.889	796.540	139	406	445	236	47	213	457	456	124	31	134.851	696	152	124	120	118	116	115	113	112	110	103	107.333	135	111	109	108	107	107	106	105	104	103	97	0	0	0.000	0.000	0	0	0	0	0	0	0	0	0	0	0	0.000	0.000	0	0	0	0	0	0	0	0	0	0	0	0	0
156	156	2899	132.395	815.301	462	594	1018	620	150	422	863	1087	380	95	284.330	416	364	345	329	313	297	278	256	222	178	116	337.640	496	440	419	398	378	357	330	292	250	203	122	0	0	0.000	0.000	0	0	0	0	0	0	0	0	0	0	0	0.000	0.000	0	0	0	0	0	0	0	0	0	0	0	0	0
157	157	1133	1878.122	805.699	232	287	384	182	31	174	341	353	173	63	108.815	123	114	113	111	110	109	108	106	105	103	97	119.471	143	130	127	125	122	120	117	115	112	107	99	0	0	0.000	0.000	0	0	0	0	0	0	0	0	0	0	0	0.000	0.000	0	0	0	0	0	0	0	0	0	0	0	0	0
158	158	2504	981.369	821.240	316	593	942	473	133	289	1101	711	287	64	115.477	135	124	121	119	117	116	114	112	110	107	99	107.442	134	114	111	109	107	106	105	105	104	103	98	0	0	0.000	0.000	0	0	0	0	0	0	0	0	0	0	0	0.000	0.000	0	0	0	0	0	0	0	0	0	0	0	0	0
159	159	2137	333.784	816.625	280	465	762	527	60	231	570	884	295	115	448.981	7565	446	383	355	331	312	297	276	249	218	152	191.730	1064	221	203	192	182	175	169	161	150	138	110	1	70	337.350	831.041	0	0	0	3602	0	0	488	0	0	1	65	337.713	829.232	0	0	0	1798	0	0	614	0	0	0	0	0	0
160	160	2116	543.497	835.240	221	503	832	429	90	171	716	876	270	50	710.949	10096	839	683	608	552	502	463	424	349	252	128	212.753	1947	245	207	192	180	170	164	156	146	132	103	1	77	541.471	829.387	0	0	0	5048	0	0	895	0	0	1	79	541.372	830.236	0	0	0	5000	0	0	968	0	0	0	0	0	0
161	161	2004	219.264	844.667	326	635	676	313	22	237	797	613	233	82	891.367	8925	1127	1011	943	841	744	664	586	481	353	154	230.961	1727	279	244	227	209	193	181	170	154	131	103	1	60	224.059	846.897	0	0	0	4923	0	0	851	0	0	1	85	222.949	847.726	0	0	0	2942	0	0	913	0	0	0	0	0	0
162	162	1853	898.497	846.497	202	456	730	401	37	144	676	667	249	75	162.431	1287	186	177	171	165	160	154	148	140	127	104	156.246	223	183	175	169	163	157	152	146	138	127	104	0	0	0.000	0.000	0	0	0	0	0	0	0	0	0	0	0	0.000	0.000	0	0	0	0	0	0	0	0	0	0	0	0	0
163	163	1951	379.887	851.339	225	407	753	449	76	211	718	654	243	75	583.974	9206	692	442	388	355	329	305	277	245	210	125	217.328	1432	263	219	204	194	185	175	164	153	140	113	1	92	380.969	848.684	0	0	0	4657	0	0	762	0	0	1	86	380.212	849.219	0	0	0	4657	0	0	786	0	0	0	0	0	0
164	164	839	665.226	843.009	295	248	199	51	34	289	247	199	52	37	324.546	582	434	393	363	339	317	298	281	259	220	161	494.839	694	619	582	547	522	500	476	455	420	355	194	0	0	0.000	0.000	0	0	0	0	0	0	0	0	0	0	0	0.000	0.000	0	0	0	0	0	0	0	0	0	0	0	0	0
165	165	2392	169.897	870.054	383	670	871	385	49	355	909	737	292	58	584.415	1088	878	778	708	641	582	526	462	400	283	135	174.625	253	218	205	195	185	176	166	155	143	129	104	0	0	0.000	0.000	0	0	0	0	0	0	0	0	0	0	0	0.000	0.000	0	0	0	0	0	0	0	0	0	0	0	0	0
166	166	1549	308.408	863.714	151	402	571	341	47	155	602	506	206	45	127.051	156	138	135	133	130	128	125	122	119	115	103	208.214	286	260	247	237	224	210	197	182	169	154	115	0	0	0.000	0.000	0	0	0	0	0	0	0	0	0	0	0	0.000	0.000	0	0	0	0	0	0	0	0	0	0	0	0	0
167	167	2586	698.536	873.199	437	728	934	404	41	331	720	865	512	104	518.303	11565	476	331	313	298	287	278	267	254	237	146	314.460	1608	361	334	316	300	290	280	271	259	232	133	1	91	705.044	888.708	0	0	0	5346	0	0	880	0	0	1	65	704.937	888.278	0	0	0	6837	0	0	1043	0	0	0	0	0	0
168	168	2445	751.703	880.403	1279	547	310	222	60	1227	533	345	227	83	132.059	534	156	146	137	130	124	117	113	110	107	98	127.541	209	156	147	138	129	123	117	112	109	107	100	0	0	0.000	0.000	0	0	0	0	0	0	0	0	0	0	0	0.000	0.000	0	0	0	0	0	0	0	0	0	0	0	0	0
169	169	1863	445.838	893.124	303	527	627	306	64	268	713	607	198	37	128.805	163	139	135	133	131	129	127	125	122	119	106	979.452	1758	1421	1317	1227	1138	1041	928	771	611	407	177	0	0	0.000	0.000	0	0	0	0	0	0	0	0	0	0	0	0.000	0.000	0	0	0	0	0	0	0	0	0	0	0	0	0
170	170	1562	1858.784	896.791	148	301	605	416	61	101	430	682	256	71	378.715	597	525	485	449	419	384	347	313	273	224	140	124.272	151	137	133	130	128	125	122	119	115	111	100	0	0	0.000	0.000	0	0	0	0	0	0	0	0	0	0	0	0.000	0.000	0	0	0	0	0	0	0	0	0	0	0	0	0
171	171	2052	906.263	904.990	221	566	695	458	76	164	857	659	268	68	147.298	196	172	164	157	151	147	141	136	132	125	106	147.809	211	172	164	158	152	146	142	137	132	125	105	0	0	0.000	0.000	0	0	0	0	0	0	0	0	0	0	0	0.000	0.000	0	0	0	0	0	0	0	0	0	0	0	0	0
172	172	1928	1010.477	909.503	1360	474	28	22	14	1553	310	27	13	9	114.491	131	121	119	118	116	115	113	112	110	107	99	183.493	251	216	207	199	192	186	179	173	162	145	106	0	0	0.000	0.000	0	0	0	0	0	0	0	0	0	0	0	0.000	0.000	0	0	0	0	0	0	0	0	0	0	0	0	0
173	173	1954	285.632	916.861	390	775	630	93	43	436	1008	381	72	21	635.212	1175	946	817	737	675	617	567	516	455	375	171	107.897	123	113	111	109	108	107	107	106	105	104	98	0	0	0.000	0.000	0	0	0	0	0	0	0	0	0	0	0	0.000	0.000	0	0	0	0	0	0	0	0	0	0	0	0	0
174	174	1478	1457.913	917.044	212	327	510	354	48	207	316	532	326	72	1443.665	2081	1870	1812	1757	1688	1578	1416	1237	1058	814	290	166.925	217	195	188	183	177	170	162	154	147	134	106	0	0	0.000	0.000	0	0	0	0	0	0	0	0	0	0	0	0.000	0.000	0	0	0	0	0	0	0	0	0	0	0	0	0
175	175	1851	722.198	926.768	775	785	216	20	15	1101	589	107	17	10	1689.189	3231	2665	2362	2132	1876	1671	1515	1350	1109	622	163	237.667	407	328	294	273	252	234	218	203	183	148	106	0	0	0.000	0.000	0	0	0	0	0	0	0	0	0	0	0	0.000	0.000	0	0	0	0	0	0	0	0	0	0	0	0	0
176	176	1866	955.762	938.044	216	583	513	472	61	237	704	510	278	98	131.066	160	144	140	137	134	132	130	126	122	117	100	108.997	122	114	112	111	110	109	108	107	106	104	100	0	0	0.000	0.000	0	0	0	0	0	0	0	0	0	0	0	0.000	0.000	0	0	0	0	0	0	0	0	0	0	0	0	0
177	177	1474	333.476	951.386	159	205	474	417	200	152	457	546	245	34	713.317	1267	1015	915	824	763	706	641	577	539	443	193	106.645	117	110	109	108	107	106	106	105	104	103	99	0	0	0.000	0.000	0	0	0	0	0	0	0	0	0	0	0	0.000	0.000	0	0	0	0	0	0	0	0	0	0	0	0	0
178	178	817	387.039	952.295	69	145	306	190	90	59	139	372	203	28	181.874	236	214	208	201	194	186	177	167	157	140	112	175.007	216	202	197	192	186	180	173	164	153	138	115	0	0	0.000	0.000	0	0	0	0	0	0	0	0	0	0	0	0.000	0.000	0	0	0	0	0	0	0	0	0	0	0	0	0
179	179	918	1772.400	953.163	102	189	306	240	63	67	179	389	196	65	110.891	125	117	115	113	112	111	109	108	107	105	99	165.558	204	190	185	180	175	170	163	156	148	132	107	0	0	0.000	0.000	0	0	0	0	0	0	0	0	0	0	0	0.000	0.000	0	0	0	0	0	0	0	0	0	0	0	0	0
180	180	1112	1003.320	958.695	92	241	384	283	85	96	394	409	146	39	132.182	160	145	141	138	135	132	130	127	125	119	101	107.872	118	112	111	110	108	108	107	106	105	104	97	0	0	0.000	0.000	0	0	0	0	0	0	0	0	0	0	0	0.000	0.000	0	0	0	0	0	0	0	0	0	0	0	0	0
181	181	1976	687.725	967.926	189	378	814	457	99	249	1151	380	143	21	395.290	7180	416	322	306	294	278	261	245	230	202	114	236.928	1162	277	260	250	237	226	212	201	187	165	115	1	56	692.031	980.678	0	0	0	3475	0	0	685	0	0	1	39	690.923	980.259	0	0	0	3066	0	0	790	0	0	0	0	0	0
182	182	2081	1459.632	970.237	536	682	541	255	45	592	733	483	198	28	1057.540	2221	1683	1430	1241	1100	997	908	813	737	535	143	145.295	206	172	162	154	149	144	140	136	130	119	100	0	0	0.000	0.000	0	0	0	0	0	0	0	0	0	0	0	0.000	0.000	0	0	0	0	0	0	0	0	0	0	0	0	0
183	183	1841	1731.226	973.028	322	771	426	252	31	353	875	364	191	17	107.714	119	112	110	109	108	108	107	106	105	104	98	158.301	217	185	177	171	166	161	155	149	140	124	104	0	0	0.000	0.000	0	0	0	0	0	0	0	0	0	0	0	0.000	0.000	0	0	0	0	0	0	0	0	0	0	0	0	0
184	184	2027	294.375	985.260	245	684	678	338	48	181	675	790	291	52	429.960	748	612	541	491	451	414	384	356	321	273	150	131.801	164	148	143	139	135	131	128	125	121	117	102	0	0	0.000	0.000	0	0	0	0	0	0	0	0	0	0	0	0.000	0.000	0	0	0	0	0	0	0	0	0	0	0	0	0
185	185	2328	629.624	988.160	393	1019	795	66	9	351	1138	651	115	15	324.373	6229	337	319	307	297	286	276	260	232	201	123	229.469	998	272	261	252	244	234	224	208	188	163	109	0	0	0.000	0.000	0	0	0	0	0	0	0	0	0	0	0	0.000	0.000	0	0	0	0	0	0	0	0	0	0	0	0	0
186	186	1374	491.351	988.862	120	327	474	362	68	269	631	355	80	14	643.671	932	810	764	723	688	649	615	583	541	483	212	132.902	160	145	142	139	136	133	130	128	125	120	105	0	0	0.000	0.000	0	0	0	0	0	0	0	0	0	0	0	0.000	0.000	0	0	0	0	0	0	0	0	0	0	0	0	0
187	187	919	1281.665	988.130	142	235	252	210	67	122	270	237	214	57	106.183	127	110	109	108	107	106	105	105	103	102	98	136.668	167	154	151	147	144	141	135	130	121	112	96	0	0	0.000	0.000	0	0	0	0	0	0	0	0	0	0	0	0.000	0.000	0	0	0	0	0	0	0	0	0	0	0	0	0
188	188	1654	974.865	998.252	789	704	77	26	26	957	576	57	22	14	123.464	152	136	131	128	125	123	121	118	116	111	97	155.658	209	181	174	168	162	157	153	147	139	126	98	0	0	0.000	0.000	0	0	0	0	0	0	0	0	0	0	0	0.000	0.000	0	0	0	0	0	0	0	0	0	0	0	0	0
189	189	1833	1826.369	1002.131	310	532	525	368	67	258	633	535	271	88	341.799	572	462	424	401	375	344	313	284	255	220	121	156.746	210	184	175	169	164	157	150	143	138	130	109	0	0	0.000	0.000	0	0	0	0	0	0	0	0	0	0	0	0.000	0.000	0	0	0	0	0	0	0	0	0	0	0	0	0
190	190	2244	102.215	1004.839	343	510	723	531	91	387	757	695	283	69	1503.398	9494	2109	1895	1702	1542	1346	1163	1021	899	658	241	191.756	1105	225	207	194	182	171	161	153	145	133	109	1	59	93.846	1009.570	0	0	0	6492	0	0	704	0	0	1	82	94.256	1008.935	0	0	0	5528	0	0	621	0	0	0	0	0	0
191	191	1347	1380.884	997.876	221	382	379	296	48	219	546	367	162	19	109.076	122	114	113	111	110	109	108	107	106	104	99	216.234	318	274	259	243	227	215	206	197	183	150	107	0	0	0.000	0.000	0	0	0	0	0	0	0	0	0	0	0	0.000	0.000	0	0	0	0	0	0	0	0	0	0	0	0	0
192	192	1999	441.450	1018.102	423	821	618	75	20	409	1096	367	74	15	1028.721	16649	1230	689	622	567	523	487	447	410	332	148	202.474	1800	227	173	165	157	151	145	140	135	126	108	1	106	432.244	1024.749	0	0	0	8340	0	0	922	0	0	1	103	432.292	1025.012	0	0	0	8496	0	0	932	0	0	0	0	0	0
193	193	2027	222.491	1017.234	444	548	599	337	71	521	898	411	143	12	110.173	127	116	114	113	112	110	109	107	106	104	96	220.134	346	297	276	256	236	220	205	188	164	138	111	0	0	0.000	0.000	0	0	0	0	0	0	0	0	0	0	0	0.000	0.000	0	0	0	0	0	0	0	0	0	0	0	0	0
194	194	1889	1494.780	1018.289	247	447	631	457	74	204	482	569	452	161	1471.097	2254	2048	1937	1794	1646	1490	1331	1177	1032	908	372	160.118	211	192	185	176	168	161	154	147	140	125	102	0	0	0.000	0.000	0	0	0	0	0	0	0	0	0	0	0	0.000	0.000	0	0	0	0	0	0	0	0	0	0	0	0	0
195	195	1852	695.366	1022.693	402	832	484	99	11	391	883	386	137	21	117.803	155	128	124	121	119	117	115	113	112	109	98	118.463	157	132	126	121	119	116	115	113	111	108	94	0	0	0.000	0.000	0	0	0	0	0	0	0	0	0	0	0	0.000	0.000	0	0	0	0	0	0	0	0	0	0	0	0	0
196	196	1191	1776.464	1020.026	150	278	400	296	44	107	352	394	217	102	689.115	975	901	860	822	780	726	659	585	515	433	197	105.710	116	109	108	107	106	106	105	104	103	103	97	0	0	0.000	0.000	0	0	0	0	0	0	0	0	0	0	0	0.000	0.000	0	0	0	0	0	0	0	0	0	0	0	0	0
197	197	1717	1721.399	1022.384	264	503	527	355	41	220	596	532	245	100	674.139	1170	962	876	806	736	666	601	541	477	400	178	106.952	121	111	110	109	108	107	106	105	104	103	97	0	0	0.000	0.000	0	0	0	0	0	0	0	0	0	0	0	0.000	0.000	0	0	0	0	0	0	0	0	0	0	0	0	0
198	198	1664	1297.364	1029.607	305	463	567	258	34	273	814	386	153	17	108.859	133	114	112	111	110	109	108	107	105	104	96	146.712	196	171	165	160	155	150	144	138	128	114	100	0	0	0.000	0.000	0	0	0	0	0	0	0	0	0	0	0	0.000	0.000	0	0	0	0	0	0	0	0	0	0	0	0	0
199	199	2152	1347.324	1035.824	1765	267	59	31	21	1730	290	65	38	15	110.438	134	118	115	113	111	110	108	107	105	103	95	163.646	241	197	187	179	172	167	162	154	139	120	104	0	0	0.000	0.000	0	0	0	0	0	0	0	0	0	0	0	0.000	0.000	0	0	0	0	0	0	0	0	0	0	0	0	0
200	200	2041	338.331	1038.058	238	397	793	541	36	188	521	839	360	103	442.259	731	610	554	519	482	444	410	378	343	270	132	136.489	169	151	147	143	140	137	134	131	127	121	106	0	0	0.000	0.000	0	0	0	0	0	0	0	0	0	0	0	0.000	0.000	0	0	0	0	0	0	0	0	0	0	0	0	0
201	201	1069	1098.756	1032.185	287	281	231	183	71	265	303	232	190	58	710.266	1208	1003	913	832	757	691	648	587	514	440	249	183.966	252	221	211	203	195	187	179	170	158	138	106	0	0	0.000	0.000	0	0	0	0	0	0	0	0	0	0	0	0.000	0.000	0	0	0	0	0	0	0	0	0	0	0	0	0
202	202	859	291.032	1035.440	112	172	216	262	77	132	180	218	221	89	391.549	583	506	466	439	415	401	381	357	326	265	122	131.603	157	144	141	138	135	132	130	127	122	117	106	0	0	0.000	0.000	0	0	0	0	0	0	0	0	0	0	0	0.000	0.000	0	0	0	0	0	0	0	0	0	0	0	0	0
203	203	686	136.720	1034.016	77	211	218	139	29	95	261	246	60	9	965.544	1430	1351	1295	1221	1143	1040	932	809	643	418	193	156.911	204	182	177	172	166	160	155	145	136	125	105	0	0	0.000	0.000	0	0	0	0	0	0	0	0	0	0	0	0.000	0.000	0	0	0	0	0	0	0	0	0	0	0	0	0
204	204	1347	1864.195	1041.592	152	227	455	382	106	156	324	533	181	134	695.479	9825	928	555	491	458	419	375	328	287	246	175	227.291	1986	304	207	189	178	167	159	150	142	133	112	1	67	1866.322	1045.192	0	0	0	4936	0	0	1069	0	0	1	72	1866.017	1045.337	0	0	0	4726	0	0	1047	0	0	0	0	0	0
205	205	1629	971.209	1051.252	220	538	600	218	29	170	591	529	239	71	120.662	147	130	127	124	122	120	119	117	114	111	103	156.675	195	178	172	167	162	157	152	148	142	135	111	0	0	0.000	0.000	0	0	0	0	0	0	0	0	0	0	0	0.000	0.000	0	0	0	0	0	0	0	0	0	0	0	0	0
206	206	2664	1207.419	1060.568	593	1091	778	135	19	516	1018	765	256	54	744.971	15610	777	340	291	272	257	243	227	204	171	110	434.562	3129	551	458	429	402	374	340	300	253	209	124	1	152	1220.033	1068.709	0	0	0	7564	0	0	1610	0	0	1	121	1220.466	1068.441	0	0	0	8745	0	0	1845	0	0	0	0	0	0
207	207	1578	1532.607	1053.314	214	426	589	296	38	167	680	469	182	51	1790.340	2749	2479	2326	2158	1973	1800	1672	1554	1344	994	369	172.106	234	205	196	189	182	176	169	162	150	128	103	0	0	0.000	0.000	0	0	0	0	0	0	0	0	0	0	0	0.000	0.000	0	0	0	0	0	0	0	0	0	0	0	0	0
208	208	1389	1580.703	1066.938	138	294	489	371	82	147	508	453	224	39	297.882	406	360	339	327	315	305	292	280	258	225	134	163.342	207	185	179	174	170	165	160	155	148	139	106	0	0	0.000	0.000	0	0	0	0	0	0	0	0	0	0	0	0.000	0.000	0	0	0	0	0	0	0	0	0	0	0	0	0
209	209	1931	432.539	1074.210	208	365	765	480	79	199	809	645	205	20	758.330	13396	955	591	493	435	400	368	336	311	272	141	175.153	1555	197	159	147	140	136	132	128	125	120	103	1	89	431.730	1067.658	0	0	0	6048	0	0	746	0	0	1	86	431.759	1067.643	0	0	0	6080	0	0	761	0	0	0	0	0	0
210	210	1989	234.667	1080.404	330	796	578	232	20	184	696	676	309	87	108.792	120	113	112	111	110	109	108	107	106	104	98	210.545	294	258	245	234	223	213	203	193	176	156	111	0	0	0.000	0.000	0	0	0	0	0	0	0	0	0	0	0	0.000	0.000	0	0	0	0	0	0	0	0	0	0	0	0	0
211	211	1719	907.042	1082.983	143	412	704	400	35	132	594	650	262	51	379.671	7296	424	307	278	261	244	230	217	204	190	133	157.048	1113	167	153	147	142	138	135	132	128	122	104	1	50	920.696	1079.094	0	0	0	3415	0	0	567	0	0	1	51	920.667	1078.748	0	0	0	3394	0	0	544	0	0	0	0	0	0
212	212	1504	121.302	1085.417	63	275	590	417	135	66	312	724	279	89	316.189	1723	394	366	345	328	311	297	275	243	201	116	176.174	328	206	199	192	187	180	173	163	150	136	105	1	14	117.889	1093.093	0	0	0	1190	0	0	287	0	0	0	0	0.000	0.000	0	0	0	0	0	0	0	0	0	0	0	0	0
213	213	941	857.180	1097.193	66	236	359	234	25	79	282	360	154	52	268.863	367	336	311	295	284	272	260	249	234	196	129	135.401	160	148	144	141	139	137	135	132	128	120	105	0	0	0.000	0.000	0	0	0	0	0	0	0	0	0	0	0	0.000	0.000	0	0	0	0	0	0	0	0	0	0	0	0	0
214	214	763	558.096	1095.465	71	201	316	129	26	60	293	311	74	12	216.028	282	260	248	240	232	223	213	199	183	160	124	174.277	216	202	197	191	185	179	171	163	152	138	116	0	0	0.000	0.000	0	0	0	0	0	0	0	0	0	0	0	0.000	0.000	0	0	0	0	0	0	0	0	0	0	0	0	0
215	215	2070	1612.287	1112.528	301	699	664	317	53	190	711	743	306	80	391.580	6850	405	349	325	306	287	269	250	227	195	116	175.143	1148	194	179	173	167	161	155	147	139	129	103	1	54	1592.894	1106.546	0	0	0	3392	0	0	551	0	0	1	50	1593.400	1105.198	0	0	0	2315	0	0	689	0	0	0	0	0	0
216	216	2446	1219.040	1123.457	394	335	903	620	143	402	795	840	283	73	329.256	478	423	404	386	370	351	323	288	249	200	127	488.579	728	671	636	606	564	512	459	400	338	261	143	0	0	0.000	0.000	0	0	0	0	0	0	0	0	0	0	0	0.000	0.000	0	0	0	0	0	0	0	0	0	0	0	0	0
217	217	1779	454.077	1123.504	241	682	634	176	12	181	657	621	225	58	248.554	357	319	302	284	269	253	237	220	201	169	116	185.648	255	227	217	208	197	188	179	168	155	138	110	0	0	0.000	0.000	0	0	0	0	0	0	0	0	0	0	0	0.000	0.000	0	0	0	0	0	0	0	0	0	0	0	0	0
218	218	1407	945.252	1128.127	477	512	274	97	17	369	421	379	200	18	115.003	134	124	121	119	117	115	113	111	108	105	94	175.237	246	218	207	196	188	178	168	159	145	124	103	0	0	0.000	0.000	0	0	0	0	0	0	0	0	0	0	0	0.000	0.000	0	0	0	0	0	0	0	0	0	0	0	0	0
219	219	704	1538.313	1122.602	83	165	229	151	60	117	123	178	188	73	140.673	176	159	155	151	147	144	139	134	126	117	102	131.848	161	145	142	138	135	133	130	128	123	116	104	0	0	0.000	0.000	0	0	0	0	0	0	0	0	0	0	0	0.000	0.000	0	0	0	0	0	0	0	0	0	0	0	0	0
220	220	1873	114.655	1135.458	394	469	514	396	69	392	730	483	201	24	290.637	3137	351	319	297	282	266	247	229	206	168	109	166.531	444	199	191	181	173	166	159	150	139	125	101	1	37	126.261	1146.463	0	0	0	1398	0	0	286	0	0	1	17	126.343	1146.503	0	0	0	2086	0	0	372	0	0	0	0	0	0
221	221	1445	384.724	1132.533	125	311	521	342	103	174	775	278	179	20	1713.564	2618	2429	2268	2103	1940	1781	1601	1415	1176	902	375	200.017	278	245	234	225	215	202	192	179	165	147	117	0	0	0.000	0.000	0	0	0	0	0	0	0	0	0	0	0	0.000	0.000	0	0	0	0	0	0	0	0	0	0	0	0	0
222	222	2201	1767.893	1136.305	249	586	768	486	66	274	791	727	334	32	372.121	9390	399	253	230	215	203	189	173	153	121	99	242.438	1433	306	280	263	248	236	219	197	157	118	101	1	72	1775.203	1132.273	0	0	0	4141	0	0	748	0	0	1	51	1775.292	1131.259	0	0	0	4220	0	0	902	0	0	0	0	0	0
223	223	2088	878.100	1146.606	254	441	737	454	149	268	824	627	267	63	411.939	7012	444	376	335	307	286	267	250	235	211	123	148.039	763	163	152	146	141	137	134	130	125	118	101	1	58	869.303	1153.779	0	0	0	3443	0	0	404	0	0	1	56	869.073	1152.653	0	0	0	2320	0	0	441	0	0	0	0	0	0
224	224	1135	339.490	1142.212	216	319	406	172	10	159	438	342	168	13	295.881	415	366	348	332	318	306	292	275	252	213	122	109.761	123	115	113	112	111	110	108	107	106	105	100	0	0	0.000	0.000	0	0	0	0	0	0	0	0	0	0	0	0.000	0.000	0	0	0	0	0	0	0	0	0	0	0	0	0
225	225	664	513.436	1135.661	104	179	158	164	45	132	241	156	103	21	303.372	437	384	355	337	324	311	292	272	251	218	146	107.223	119	112	110	109	108	107	106	105	104	103	99	0	0	0.000	0.000	0	0	0	0	0	0	0	0	0	0	0	0.000	0.000	0	0	0	0	0	0	0	0	0	0	0	0	0
226	226	2081	1047.102	1156.565	798	783	416	37	20	728	868	357	75	13	113.464	136	121	119	117	115	113	112	110	108	105	98	294.084	470	392	363	342	317	298	279	256	222	178	124	0	0	0.000	0.000	0	0	0	0	0	0	0	0	0	0	0	0.000	0.000	0	0	0	0	0	0	0	0	0	0	0	0	0
227	227	2455	419.365	1173.664	455	991	634	284	39	410	1108	528	309	48	1641.521	15028	2057	1611	1428	1298	1204	1131	1053	940	711	185	216.265	1520	249	204	192	183	176	170	163	152	139	108	1	123	407.867	1176.559	0	0	0	8595	0	0	852	0	0	1	118	408.276	1176.529	0	0	0	8756	0	0	880	0	0	0	0	0	0
228	228	1795	1891.318	1166.543	187	355	667	427	134	156	564	673	265	87	472.053	869	724	611	532	482	444	412	385	339	287	134	110.253	126	116	114	113	111	110	109	107	106	105	98	0	0	0.000	0.000	0	0	0	0	0	0	0	0	0	0	0	0.000	0.000	0	0	0	0	0	0	0	0	0	0	0	0	0
229	229	1621	1543.305	1168.430	218	379	607	333	52	184	580	593	195	30	167.226	1308	188	166	159	154	150	146	141	135	124	104	133.893	213	151	144	140	136	133	130	127	123	117	100	1	35	1537.817	1171.827	0	0	0	667	0	0	169	0	0	0	0	0.000	0.000	0	0	0	0	0	0	0	0	0	0	0	0	0
230	230	1627	638.310	1172.639	154	466	540	381	57	130	610	569	221	70	787.961	1370	1149	992	890	823	777	724	663	597	486	182	113.597	137	122	118	116	114	113	111	110	109	107	99	0	0	0.000	0.000	0	0	0	0	0	0	0	0	0	0	0	0.000	0.000	0	0	0	0	0	0	0	0	0	0	0	0	0
231	231	1009	686.796	1174.022	110	336	309	216	22	78	365	320	139	80	598.682	966	849	771	704	642	581	533	495	443	384	236	108.903	120	113	112	111	110	109	108	107	106	105	99	0	0	0.000	0.000	0	0	0	0	0	0	0	0	0	0	0	0.000	0.000	0	0	0	0	0	0	0	0	0	0	0	0	0
232	232	2047	1809.370	1187.256	223	466	755	473	85	168	521	866	352	105	329.400	5954	347	295	276	258	237	221	207	192	171	119	273.823	950	364	330	304	281	261	242	226	209	185	127	1	52	1810.954	1186.688	0	0	0	2925	0	0	576	0	0	1	23	1811.264	1185.988	0	0	0	3655	0	0	779	0	0	0	0	0	0
233	233	1617	364.510	1185.830	266	459	460	346	61	285	567	460	224	54	300.017	421	375	357	340	325	308	289	273	252	209	117	110.953	127	117	115	113	112	111	110	108	107	105	97	0	0	0.000	0.000	0	0	0	0	0	0	0	0	0	0	0	0.000	0.000	0	0	0	0	0	0	0	0	0	0	0	0	0
234	234	778	767.310	1184.548	129	199	218	161	57	69	255	253	163	30	211.659	296	255	243	232	223	214	204	193	180	167	119	179.527	225	207	200	194	187	182	175	167	158	149	124	0	0	0.000	0.000	0	0	0	0	0	0	0	0	0	0	0	0.000	0.000	0	0	0	0	0	0	0	0	0	0	0	0	0
235	235	641	1931.982	1183.209	56	182	210	162	18	75	221	205	108	13	523.148	765	705	657	619	574	531	490	447	390	334	193	110.975	123	117	115	113	112	111	110	109	107	105	99	0	0	0.000	0.000	0	0	0	0	0	0	0	0	0	0	0	0.000	0.000	0	0	0	0	0	0	0	0	0	0	0	0	0
236	236	1745	1116.962	1201.546	304	554	588	248	16	258	706	487	218	39	111.591	132	119	116	114	113	111	110	108	107	105	98	150.610	200	174	166	159	154	150	146	141	136	128	106	0	0	0.000	0.000	0	0	0	0	0	0	0	0	0	0	0	0.000	0.000	0	0	0	0	0	0	0	0	0	0	0	0	0
237	237	1108	508.115	1203.443	184	264	408	190	47	133	361	371	178	42	127.876	164	145	138	133	129	126	123	120	117	115	105	410.509	672	591	548	497	452	413	376	336	287	220	121	0	0	0.000	0.000	0	0	0	0	0	0	0	0	0	0	0	0.000	0.000	0	0	0	0	0	0	0	0	0	0	0	0	0
238	238	566	596.310	1207.024	104	133	190	97	31	107	126	262	47	16	209.767	270	243	232	225	218	212	205	199	190	172	137	348.908	458	417	398	385	373	356	340	326	302	268	153	0	0	0.000	0.000	0	0	0	0	0	0	0	0	0	0	0	0.000	0.000	0	0	0	0	0	0	0	0	0	0	0	0	0
239	239	1699	1542.226	1225.017	338	504	500	290	35	282	515	578	236	59	146.150	633	165	156	151	146	141	136	131	124	114	99	126.928	178	143	137	133	130	127	124	120	116	110	100	1	32	1547.995	1234.167	0	0	0	375	0	0	157	0	0	0	0	0.000	0.000	0	0	0	0	0	0	0	0	0	0	0	0	0
240	240	1203	1869.177	1220.251	186	437	364	173	20	127	462	320	177	87	1140.971	1998	1743	1512	1306	1157	1080	1016	946	826	672	218	174.298	247	214	198	187	178	172	166	160	152	141	105	0	0	0.000	0.000	0	0	0	0	0	0	0	0	0	0	0	0.000	0.000	0	0	0	0	0	0	0	0	0	0	0	0	0
241	241	1570	826.944	1223.557	280	550	547	151	19	340	840	303	54	7	383.375	7453	455	298	260	243	227	211	197	186	167	122	223.514	1173	279	247	230	218	204	192	179	168	151	117	1	56	829.019	1228.388	0	0	0	3114	0	0	583	0	0	1	46	829.697	1228.791	0	0	0	3480	0	0	748	0	0	0	0	0	0
242	242	1993	444.807	1232.524	1684	146	68	58	30	1674	164	67	43	41	108.165	120	112	111	110	109	108	107	106	106	105	100	104.791	113	108	107	106	105	105	104	104	103	102	96	0	0	0.000	0.000	0	0	0	0	0	0	0	0	0	0	0	0.000	0.000	0	0	0	0	0	0	0	0	0	0	0	0	0
243	243	2076	1409.404	1239.760	345	702	800	182	8	223	546	858	284	125	1686.376	9511	2256	2093	1927	1740	1595	1476	1293	1133	826	373	471.702	3487	582	544	501	462	430	398	355	313	252	153	1	33	1414.756	1252.269	0	0	0	6842	0	0	2379	0	0	1	48	1414.482	1253.013	0	0	0	6040	0	0	2247	0	0	0	0	0	0
244	244	753	1822.951	1233.396	85	272	247	121	12	44	191	323	134	51	189.912	239	219	210	204	198	192	187	178	169	157	122	222.803	292	268	260	250	241	230	216	204	187	162	121	0	0	0.000	0.000	0	0	0	0	0	0	0	0	0	0	0	0.000	0.000	0	0	0	0	0	0	0	0	0	0	0	0	0
245	245	3156	591.929	1264.944	821	1043	875	328	29	719	937	944	390	110	929.864	20916	860	263	223	208	196	186	178	169	156	108	558.726	8666	560	356	328	308	291	271	251	228	199	121	1	195	588.063	1275.353	0	0	0	10429	0	0	4143	0	0	1	188	588.261	1274.985	0	0	0	11143	0	0	4275	0	0	0	0	0	0
246	246	899	1142.569	1241.346	86	266	277	217	35	69	319	356	107	30	108.891	124	114	112	111	110	109	108	107	106	105	99	143.442	188	163	156	151	146	143	140	136	131	125	106	0	0	0.000	0.000	0	0	0	0	0	0	0	0	0	0	0	0.000	0.000	0	0	0	0	0	0	0	0	0	0	0	0	0
247	247	2881	932.018	1269.714	502	657	996	569	105	493	917	974	383	55	333.479	473	417	399	385	368	346	320	295	268	229	131	190.818	252	228	220	213	205	194	183	174	163	148	108	0	0	0.000	0.000	0	0	0	0	0	0	0	0	0	0	0	0.000	0.000	0	0	0	0	0	0	0	0	0	0	0	0	0
248	248	1821	1184.187	1271.917	245	742	553	228	19	269	1033	362	112	16	454.348	9627	527	304	265	250	237	225	211	190	172	107	176.026	1319	197	168	160	154	149	144	137	131	123	95	1	72	1190.513	1274.409	0	0	0	4424	0	0	682	0	0	1	67	1190.529	1274.223	0	0	0	4576	0	0	704	0	0	0	0	0	0
249	249	1657	805.537	1272.432	166	478	685	252	32	137	633	614	205	35	112.174	128	118	116	114	113	112	111	110	108	107	101	152.452	194	175	169	163	158	152	147	141	137	130	112	0	0	0.000	0.000	0	0	0	0	0	0	0	0	0	0	0	0.000	0.000	0	0	0	0	0	0	0	0	0	0	0	0	0
250	250	1699	1242.624	1280.807	226	558	608	235	48	183	551	623	259	59	397.642	5964	397	358	343	327	312	295	275	255	219	143	169.413	860	183	174	168	163	158	153	148	144	136	115	1	42	1232.141	1266.941	0	0	0	3040	0	0	491	0	0	1	43	1232.161	1267.593	0	0	0	2958	0	0	495	0	0	0	0	0	0
251	251	1950	1133.725	1291.942	1243	573	50	32	21	1252	580	55	25	19	160.382	1010	186	174	168	163	158	152	144	131	114	100	145.090	276	169	162	156	152	148	143	135	122	110	102	1	24	1128.267	1314.681	0	0	0	591	0	0	173	0	0	0	0	0.000	0.000	0	0	0	0	0	0	0	0	0	0	0	0	0
252	252	1173	154.296	1285.522	220	406	417	84	21	197	531	306	105	16	252.834	363	322	302	284	269	256	242	228	207	178	121	156.609	206	185	177	168	162	155	149	144	138	131	109	0	0	0.000	0.000	0	0	0	0	0	0	0	0	0	0	0	0.000	0.000	0	0	0	0	0	0	0	0	0	0	0	0	0
253	253	965	1833.491	1295.637	142	226	278	238	61	131	346	308	138	29	1030.826	1776	1475	1333	1223	1156	1089	1005	872	731	460	175	161.067	214	191	183	176	171	165	158	150	138	123	106	0	0	0.000	0.000	0	0	0	0	0	0	0	0	0	0	0	0.000	0.000	0	0	0	0	0	0	0	0	0	0	0	0	0
254	254	3090	874.796	1320.729	822	1050	916	235	19	876	1438	569	151	20	1453.488	24697	1734	639	521	477	454	428	405	375	311	133	1046.031	21588	1216	359	271	252	242	232	221	203	178	118	1	235	874.402	1323.718	0	0	0	12339	0	0	8555	0	0	1	203	874.527	1323.832	0	0	0	14847	0	0	10716	0	0	0	0	0	0
255	255	1777	773.420	1322.062	358	441	604	299	46	343	677	508	183	38	111.722	131	119	116	114	113	111	110	108	107	105	99	144.411	189	167	159	153	147	143	140	136	131	124	106	0	0	0.000	0.000	0	0	0	0	0	0	0	0	0	0	0	0.000	0.000	0	0	0	0	0	0	0	0	0	0	0	0	0
256	256	672	815.173	1315.968	549	80	13	12	9	529	103	11	7	9	125.494	220	173	139	122	116	114	112	110	109	107	100	160.144	207	183	176	170	166	162	156	151	144	135	114	0	0	0.000	0.000	0	0	0	0	0	0	0	0	0	0	0	0.000	0.000	0	0	0	0	0	0	0	0	0	0	0	0	0
257	257	1572	170.517	1329.651	299	514	531	189	13	141	523	593	204	82	356.805	4070	362	335	324	313	298	284	269	252	218	142	184.115	1000	198	190	185	179	174	167	161	154	141	113	1	44	183.310	1322.107	0	0	0	2030	0	0	551	0	0	1	43	184.105	1321.787	0	0	0	2009	0	0	565	0	0	0	0	0	0
258	258	1468	513.659	1328.004	234	648	455	99	14	134	581	494	183	49	293.585	2922	313	293	280	267	258	247	233	216	195	123	152.028	404	166	161	157	154	151	147	143	137	132	110	1	35	517.630	1340.851	0	0	0	1454	0	0	266	0	0	1	17	517.455	1339.628	0	0	0	1273	0	0	311	0	0	0	0	0	0
259	259	1569	458.712	1333.050	283	521	485	199	41	286	743	338	134	38	278.855	3679	308	280	261	248	235	223	210	197	174	125	146.556	482	162	155	151	147	144	140	136	131	123	105	1	29	465.843	1347.134	0	0	0	1895	0	0	316	0	0	1	27	466.158	1346.334	0	0	0	1638	0	0	316	0	0	0	0	0	0
260	260	579	327.878	1334.180	85	115	157	115	100	82	139	159	123	66	108.135	119	112	111	110	109	108	107	106	105	104	99	155.603	193	179	172	166	161	157	152	146	140	131	115	0	0	0.000	0.000	0	0	0	0	0	0	0	0	0	0	0	0.000	0.000	0	0	0	0	0	0	0	0	0	0	0	0	0
261	261	1384	375.323	1359.227	163	333	573	243	42	141	472	533	161	34	290.040	408	368	347	328	309	291	278	267	245	209	109	106.318	119	111	109	108	107	106	105	104	104	102	96	0	0	0.000	0.000	0	0	0	0	0	0	0	0	0	0	0	0.000	0.000	0	0	0	0	0	0	0	0	0	0	0	0	0
262	262	1756	296.105	1360.465	224	489	530	398	91	211	726	484	228	63	111.739	128	117	115	114	113	112	111	109	108	106	99	178.671	254	219	206	194	184	177	171	164	154	139	113	0	0	0.000	0.000	0	0	0	0	0	0	0	0	0	0	0	0.000	0.000	0	0	0	0	0	0	0	0	0	0	0	0	0
263	263	1086	424.461	1372.246	97	298	368	266	33	84	217	485	195	83	790.605	1275	1068	1004	938	868	819	774	696	594	426	160	109.120	130	117	114	111	109	108	107	106	104	103	99	0	0	0.000	0.000	0	0	0	0	0	0	0	0	0	0	0	0.000	0.000	0	0	0	0	0	0	0	0	0	0	0	0	0
264	264	2747	184.224	1385.979	564	609	921	498	107	492	994	829	337	44	2201.428	9786	3075	2886	2654	2424	2201	1922	1678	1424	1059	414	315.573	1746	407	375	352	326	300	272	248	218	183	118	1	24	192.146	1387.050	0	0	0	8308	0	0	1488	0	0	1	48	192.335	1387.184	0	0	0	6721	0	0	1167	0	0	0	0	0	0
265	265	2173	1895.442	1398.732	315	668	825	292	30	290	857	703	262	21	269.586	394	342	321	304	290	276	259	240	218	191	109	196.479	266	238	227	218	208	200	189	178	164	151	109	0	0	0.000	0.000	0	0	0	0	0	0	0	0	0	0	0	0.000	0.000	0	0	0	0	0	0	0	0	0	0	0	0	0
266	266	1703	472.176	1387.694	194	456	595	340	85	200	899	359	184	38	942.934	1593	1320	1242	1162	1045	952	854	764	660	530	169	107.550	121	112	110	109	108	107	107	106	105	104	98	0	0	0.000	0.000	0	0	0	0	0	0	0	0	0	0	0	0.000	0.000	0	0	0	0	0	0	0	0	0	0	0	0	0
267	267	2557	230.980	1419.527	575	642	832	386	77	469	715	809	404	121	2795.240	25041	5074	2505	1972	1695	1537	1367	1210	873	495	152	572.050	6256	1055	414	319	273	250	232	212	180	146	103	1	252	226.137	1422.418	0	0	0	14186	0	0	3040	0	0	1	246	226.434	1422.116	0	0	0	14487	0	0	3138	0	0	0	0	0	0
268	268	535	1350.089	1399.022	158	192	101	51	17	129	159	118	76	42	641.166	906	848	807	762	725	681	616	554	475	386	223	135.518	162	153	150	146	143	139	134	127	120	112	99	0	0	0.000	0.000	0	0	0	0	0	0	0	0	0	0	0	0.000	0.000	0	0	0	0	0	0	0	0	0	0	0	0	0
269	269	1843	381.074	1412.478	311	527	499	395	77	278	789	462	263	22	288.692	446	367	338	317	302	288	276	261	243	212	126	106.301	120	111	109	108	107	106	105	104	103	102	96	0	0	0.000	0.000	0	0	0	0	0	0	0	0	0	0	0	0.000	0.000	0	0	0	0	0	0	0	0	0	0	0	0	0
270	270	674	1061.114	1408.648	130	194	232	83	22	106	238	200	95	26	117.444	133	125	123	121	119	117	116	114	112	110	102	180.565	277	240	222	207	193	184	172	160	135	115	104	0	0	0.000	0.000	0	0	0	0	0	0	0	0	0	0	0	0.000	0.000	0	0	0	0	0	0	0	0	0	0	0	0	0
271	271	2890	1209.243	1423.111	554	567	1043	544	127	563	884	1056	288	46	402.962	660	519	497	477	454	428	393	359	301	237	132	151.194	207	176	170	164	159	153	148	140	133	122	101	0	0	0.000	0.000	0	0	0	0	0	0	0	0	0	0	0	0.000	0.000	0	0	0	0	0	0	0	0	0	0	0	0	0
272	272	1986	616.630	1430.295	189	537	694	445	88	194	604	781	293	70	383.810	543	486	464	444	424	405	381	355	304	238	131	276.326	397	345	329	317	301	285	268	252	224	187	124	0	0	0.000	0.000	0	0	0	0	0	0	0	0	0	0	0	0.000	0.000	0	0	0	0	0	0	0	0	0	0	0	0	0
273	273	1950	561.613	1429.388	284	807	592	217	19	215	737	719	190	51	183.795	250	221	207	196	189	181	175	170	164	152	111	266.281	418	348	316	294	276	261	248	234	221	194	115	0	0	0.000	0.000	0	0	0	0	0	0	0	0	0	0	0	0.000	0.000	0	0	0	0	0	0	0	0	0	0	0	0	0
274	274	1529	311.567	1432.801	221	423	472	319	62	206	521	467	202	103	742.438	1380	1081	958	896	833	761	689	625	531	323	126	104.528	113	108	107	106	105	104	104	103	103	102	97	0	0	0.000	0.000	0	0	0	0	0	0	0	0	0	0	0	0.000	0.000	0	0	0	0	0	0	0	0	0	0	0	0	0
275	275	1866	1522.940	1435.597	289	677	532	319	11	199	523	597	334	171	410.252	707	576	518	488	459	431	402	353	295	195	118	404.740	636	539	500	476	453	426	390	345	295	239	126	0	0	0.000	0.000	0	0	0	0	0	0	0	0	0	0	0	0.000	0.000	0	0	0	0	0	0	0	0	0	0	0	0	0
276	276	764	1027.895	1434.624	55	184	290	169	48	76	295	279	83	18	113.474	126	119	117	115	114	113	112	111	110	108	102	210.355	280	255	243	234	224	215	203	193	177	158	122	0	0	0.000	0.000	0	0	0	0	0	0	0	0	0	0	0	0.000	0.000	0	0	0	0	0	0	0	0	0	0	0	0	0
277	277	1962	1844.947	1447.892	628	735	458	100	15	728	874	304	19	9	161.854	224	187	180	174	169	164	159	153	144	130	106	111.195	132	120	116	113	111	110	109	107	106	105	99	0	0	0.000	0.000	0	0	0	0	0	0	0	0	0	0	0	0.000	0.000	0	0	0	0	0	0	0	0	0	0	0	0	0
278	278	827	1066.329	1455.834	389	258	115	39	16	398	177	143	77	17	122.484	157	132	128	126	124	122	120	118	116	113	104	151.573	190	170	165	160	156	151	148	144	140	133	109	0	0	0.000	0.000	0	0	0	0	0	0	0	0	0	0	0	0.000	0.000	0	0	0	0	0	0	0	0	0	0	0	0	0
279	279	1959	451.778	1469.113	474	715	536	146	45	603	809	385	104	18	114.963	134	123	120	118	116	115	113	111	109	107	99	332.253	508	434	415	397	380	362	336	302	240	165	112	0	0	0.000	0.000	0	0	0	0	0	0	0	0	0	0	0	0.000	0.000	0	0	0	0	0	0	0	0	0	0	0	0	0
280	280	755	328.983	1472.399	107	164	205	201	61	106	263	224	136	15	700.305	1063	931	880	841	803	753	690	626	527	347	143	105.130	115	109	107	106	106	105	104	104	103	102	95	0	0	0.000	0.000	0	0	0	0	0	0	0	0	0	0	0	0.000	0.000	0	0	0	0	0	0	0	0	0	0	0	0	0
281	281	2112	519.545	1486.558	274	613	687	429	64	359	781	705	189	25	285.545	457	376	347	325	307	289	269	248	220	190	117	124.481	164	141	134	129	126	123	120	117	114	111	102	0	0	0.000	0.000	0	0	0	0	0	0	0	0	0	0	0	0.000	0.000	0	0	0	0	0	0	0	0	0	0	0	0	0
282	282	1261	578.824	1477.802	201	273	415	290	63	156	326	483	215	61	195.490	267	240	228	218	210	202	191	180	164	137	105	291.222	413	375	356	337	321	300	277	255	229	191	132	0	0	0.000	0.000	0	0	0	0	0	0	0	0	0	0	0	0.000	0.000	0	0	0	0	0	0	0	0	0	0	0	0	0
283	283	1116	1414.329	1487.007	159	299	412	213	14	164	256	479	137	56	270.656	388	345	324	309	293	279	266	254	233	161	110	106.641	116	110	109	108	107	107	106	105	104	103	98	0	0	0.000	0.000	0	0	0	0	0	0	0	0	0	0	0	0.000	0.000	0	0	0	0	0	0	0	0	0	0	0	0	0
284	284	670	956.979	1484.145	86	157	206	160	48	102	178	215	130	26	420.569	619	536	509	482	450	424	396	372	340	291	181	117.318	214	131	119	117	114	113	111	110	108	107	101	0	0	0.000	0.000	0	0	0	0	0	0	0	0	0	0	0	0.000	0.000	0	0	0	0	0	0	0	0	0	0	0	0	0
285	285	3097	1860.359	1505.126	1906	670	280	147	58	1972	636	296	133	27	179.465	610	249	221	199	177	161	150	138	125	110	99	173.207	323	264	233	187	169	158	149	136	123	112	100	1	139	1848.261	1516.929	0	0	0	417	0	0	217	0	0	0	0	0.000	0.000	0	0	0	0	0	0	0	0	0	0	0	0	0
286	286	1394	250.960	1495.549	1143	174	33	22	18	1121	184	41	21	16	129.216	236	186	151	132	123	115	110	107	105	104	99	110.909	152	132	117	111	108	106	105	104	103	101	96	1	44	239.095	1492.149	0	0	0	161	0	0	109	0	0	0	0	0.000	0.000	0	0	0	0	0	0	0	0	0	0	0	0	0
287	287	1248	1554.564	1496.253	196	407	322	247	49	217	478	345	156	31	124.106	151	134	131	129	126	124	122	120	117	113	104	228.806	345	290	273	258	246	233	224	212	193	142	106	0	0	0.000	0.000	0	0	0	0	0	0	0	0	0	0	0	0.000	0.000	0	0	0	0	0	0	0	0	0	0	0	0	0
288	288	1765	1506.680	1515.117	339	511	560	299	24	278	571	512	273	102	126.685	163	137	133	131	129	127	125	123	120	114	104	247.993	345	299	287	277	266	257	247	236	215	174	110	0	0	0.000	0.000	0	0	0	0	0	0	0	0	0	0	0	0.000	0.000	0	0	0	0	0	0	0	0	0	0	0	0	0
289	289	824	88.747	1511.721	223	230	206	130	23	154	201	282	119	58	107.791	128	115	112	109	108	107	105	105	104	102	99	149.021	204	185	177	168	160	152	142	130	119	108	100	0	0	0.000	0.000	0	0	0	0	0	0	0	0	0	0	0	0.000	0.000	0	0	0	0	0	0	0	0	0	0	0	0	0
290	290	1810	467.165	1524.140	187	320	602	521	156	165	458	706	310	145	299.665	446	375	353	334	317	301	285	270	252	217	146	125.304	151	138	133	130	127	125	123	120	117	114	100	0	0	0.000	0.000	0	0	0	0	0	0	0	0	0	0	0	0.000	0.000	0	0	0	0	0	0	0	0	0	0	0	0	0
291	291	2226	623.897	1533.146	265	461	863	526	65	253	536	933	332	134	381.933	9408	385	279	255	243	234	225	210	190	163	116	243.119	1338	288	269	256	245	235	222	208	192	167	111	1	60	621.927	1533.922	0	0	0	4352	0	0	716	0	0	1	35	622.345	1533.273	0	0	0	5277	0	0	899	0	0	0	0	0	0
292	292	975	245.645	1528.539	183	253	236	180	100	197	338	291	101	32	178.153	242	220	206	194	184	176	170	164	154	139	111	129.883	160	144	140	137	133	130	127	124	120	114	101	0	0	0.000	0.000	0	0	0	0	0	0	0	0	0	0	0	0.000	0.000	0	0	0	0	0	0	0	0	0	0	0	0	0
293	293	1727	786.971	1539.151	383	547	500	239	31	296	656	447	247	54	327.276	536	455	417	382	352	329	302	271	235	201	125	106.091	127	110	108	107	107	106	105	105	104	103	95	0	0	0.000	0.000	0	0	0	0	0	0	0	0	0	0	0	0.000	0.000	0	0	0	0	0	0	0	0	0	0	0	0	0
294	294	2018	563.395	1549.178	464	561	597	319	48	477	751	514	200	34	721.856	14653	894	415	316	289	265	244	224	196	161	108	301.029	3643	374	246	226	212	198	184	171	157	137	108	1	107	560.981	1556.090	0	0	0	6931	0	0	1772	0	0	1	106	561.094	1556.128	0	0	0	7139	0	0	1790	0	0	0	0	0	0
295	295	2698	1716.732	1542.975	755	1284	517	73	22	667	1176	656	119	26	1211.845	15473	1451	966	835	751	687	639	579	483	380	185	419.079	5709	492	322	277	256	240	225	208	187	163	117	1	160	1720.121	1533.611	0	0	0	8659	0	0	2647	0	0	1	151	1719.957	1533.620	0	0	0	8745	0	0	2855	0	0	0	0	0	0
296	296	1417	1324.569	1539.998	186	464	487	243	23	150	457	453	272	54	370.242	3799	436	372	347	326	313	301	289	277	248	160	137.316	375	150	143	139	136	133	131	128	125	119	106	1	31	1313.526	1533.113	0	0	0	1934	0	0	254	0	0	1	29	1312.714	1532.496	0	0	0	1402	0	0	273	0	0	0	0	0	0
297	297	2072	689.837	1557.701	933	727	302	68	12	776	797	313	101	56	123.096	147	133	130	128	126	124	122	119	116	112	102	210.301	295	260	247	238	229	218	204	191	172	144	108	0	0	0.000	0.000	0	0	0	0	0	0	0	0	0	0	0	0.000	0.000	0	0	0	0	0	0	0	0	0	0	0	0	0
298	298	1457	964.948	1553.593	470	427	365	128	36	410	479	334	166	42	114.664	139	123	120	118	116	114	113	111	109	107	101	226.511	355	290	271	257	244	231	219	206	183	145	105	0	0	0.000	0.000	0	0	0	0	0	0	0	0	0	0	0	0.000	0.000	0	0	0	0	0	0	0	0	0	0	0	0	0
299	299	2354	1208.765	1561.285	540	603	679	399	82	539	666	773	242	87	145.326	326	174	166	160	153	146	138	130	121	113	99	171.907	341	226	213	198	184	170	157	142	129	118	102	0	0	0.000	0.000	0	0	0	0	0	0	0	0	0	0	0	0.000	0.000	0	0	0	0	0	0	0	0	0	0	0	0	0
300	300	1675	298.201	1561.053	182	428	592	381	62	197	659	571	179	39	403.371	671	564	495	462	439	416	386	346	299	231	145	161.547	220	191	181	174	170	164	157	149	140	129	110	0	0	0.000	0.000	0	0	0	0	0	0	0	0	0	0	0	0.000	0.000	0	0	0	0	0	0	0	0	0	0	0	0	0
301	301	1170	1446.168	1563.288	87	278	437	258	83	75	478	384	164	42	745.950	1190	1019	935	866	797	739	684	626	569	509	209	163.669	211	192	184	176	170	163	156	150	145	138	115	0	0	0.000	0.000	0	0	0	0	0	0	0	0	0	0	0	0.000	0.000	0	0	0	0	0	0	0	0	0	0	0	0	0
302	302	1940	247.540	1581.700	282	508	711	372	24	223	560	743	324	63	767.893	13220	1002	523	423	388	363	337	303	270	225	113	200.603	1702	238	176	163	157	152	146	140	132	123	100	1	108	247.316	1593.411	0	0	0	6101	0	0	883	0	0	1	109	247.397	1593.442	0	0	0	5936	0	0	880	0	0	0	0	0	0
303	303	1663	1158.970	1579.459	406	388	566	252	18	385	617	515	96	21	189.695	1439	215	201	193	187	181	174	166	152	130	103	226.809	773	274	261	253	245	235	223	204	172	137	98	1	31	1161.227	1587.998	0	0	0	686	0	0	443	0	0	1	14	1162.305	1588.218	0	0	0	873	0	0	648	0	0	0	0	0	0
304	304	1633	605.179	1582.397	217	426	632	272	64	119	635	596	187	58	285.130	429	367	344	325	307	288	268	246	224	198	131	209.938	295	261	249	237	225	213	200	185	170	154	120	0	0	0.000	0.000	0	0	0	0	0	0	0	0	0	0	0	0.000	0.000	0	0	0	0	0	0	0	0	0	0	0	0	0
305	305	1050	786.279	1586.734	183	307	370	149	16	128	341	346	161	59	223.895	317	285	268	251	236	224	214	201	185	161	106	264.288	394	346	327	308	291	276	256	233	203	158	114	0	0	0.000	0.000	0	0	0	0	0	0	0	0	0	0	0	0.000	0.000	0	0	0	0	0	0	0	0	0	0	0	0	0
306	306	1060	1742.065	1592.317	127	370	361	157	21	92	348	369	171	65	314.694	431	399	377	360	342	324	304	284	252	214	145	199.222	263	242	230	223	213	203	194	184	167	149	114	0	0	0.000	0.000	0	0	0	0	0	0	0	0	0	0	0	0.000	0.000	0	0	0	0	0	0	0	0	0	0	0	0	0
307	307	1876	1318.184	1597.503	226	529	742	308	41	182	555	740	312	55	398.345	8308	440	300	274	251	235	218	203	189	174	125	212.019	1229	255	233	216	202	191	181	171	161	149	119	1	59	1307.886	1595.533	0	0	0	3560	0	0	655	0	0	1	51	1307.584	1595.872	0	0	0	4551	0	0	686	0	0	0	0	0	0
308	308	1707	831.455	1607.668	201	680	546	230	14	126	843	456	222	35	345.729	5976	355	294	270	256	243	233	218	203	187	126	286.965	807	367	340	319	299	278	261	241	224	206	132	1	54	816.485	1617.251	0	0	0	2517	0	0	484	0	0	0	0	0.000	0.000	0	0	0	0	0	0	0	0	0	0	0	0	0
309	309	696	469.786	1610.615	68	129	235	160	92	13	57	241	298	77	113.356	125	119	117	116	115	113	112	111	110	108	100	118.470	136	127	124	122	120	118	117	115	113	111	102	0	0	0.000	0.000	0	0	0	0	0	0	0	0	0	0	0	0.000	0.000	0	0	0	0	0	0	0	0	0	0	0	0	0
310	310	1623	716.175	1630.162	388	475	419	256	57	332	628	387	178	78	998.886	1964	1500	1289	1194	1106	1009	889	777	647	502	225	136.667	172	152	147	143	140	137	134	130	126	120	108	0	0	0.000	0.000	0	0	0	0	0	0	0	0	0	0	0	0.000	0.000	0	0	0	0	0	0	0	0	0	0	0	0	0
311	311	925	1019.587	1626.852	223	304	277	106	4	168	372	232	101	33	111.743	138	123	116	114	112	110	109	107	106	104	98	111.806	138	120	116	114	112	111	110	108	107	106	100	0	0	0.000	0.000	0	0	0	0	0	0	0	0	0	0	0	0.000	0.000	0	0	0	0	0	0	0	0	0	0	0	0	0
312	312	1706	1886.475	1646.989	261	405	519	370	114	216	513	576	307	52	302.764	477	403	370	354	337	315	288	258	223	186	127	259.802	390	343	324	304	287	266	241	217	195	170	126	0	0	0.000	0.000	0	0	0	0	0	0	0	0	0	0	0	0.000	0.000	0	0	0	0	0	0	0	0	0	0	0	0	0
313	313	1895	1828.299	1649.412	314	601	529	333	84	323	699	507	317	30	622.283	10332	769	404	369	341	315	291	266	240	207	118	275.775	1302	334	312	292	274	258	238	214	193	170	117	1	101	1838.527	1657.959	0	0	0	4741	0	0	691	0	0	1	56	1838.739	1657.645	0	0	0	7486	0	0	947	0	0	0	0	0	0
314	314	1932	415.193	1657.927	367	536	516	360	113	334	630	584	282	63	404.968	7947	456	296	266	246	228	207	190	173	148	108	223.041	1051	275	253	239	224	209	192	178	163	143	111	1	71	421.488	1655.113	0	0	0	3632	0	0	626	0	0	1	52	421.085	1655.278	0	0	0	4677	0	0	693	0	0	0	0	0	0
315	315	1813	1634.040	1664.337	261	444	716	303	61	185	411	735	345	102	108.445	123	113	111	110	109	108	107	107	106	104	93	104.755	127	108	107	106	105	105	104	103	103	102	96	0	0	0.000	0.000	0	0	0	0	0	0	0	0	0	0	0	0.000	0.000	0	0	0	0	0	0	0	0	0	0	0	0	0
316	316	1594	949.352	1664.543	283	357	446	372	108	268	498	519	188	83	226.409	341	276	260	251	244	236	225	211	185	155	114	165.915	223	192	185	181	176	171	164	156	145	131	108	0	0	0.000	0.000	0	0	0	0	0	0	0	0	0	0	0	0.000	0.000	0	0	0	0	0	0	0	0	0	0	0	0	0
317	317	2107	679.329	1675.544	888	676	457	46	7	651	777	419	193	27	122.699	147	130	128	126	124	123	121	120	118	115	105	518.431	931	739	648	593	556	518	474	438	385	306	154	0	0	0.000	0.000	0	0	0	0	0	0	0	0	0	0	0	0.000	0.000	0	0	0	0	0	0	0	0	0	0	0	0	0
318	318	741	990.414	1676.924	107	217	215	146	40	80	267	246	107	31	281.980	2174	397	269	239	223	213	207	200	191	176	130	166.090	478	193	174	166	161	158	154	150	145	134	109	1	36	990.716	1683.392	0	0	0	1104	0	0	282	0	0	1	23	991.937	1682.709	0	0	0	1142	0	0	361	0	0	0	0	0	0
319	319	1408	1772.715	1697.675	226	392	483	253	28	184	403	492	260	37	400.687	578	497	469	450	435	419	400	373	324	272	175	106.381	118	110	109	108	107	106	105	105	104	103	97	0	0	0.000	0.000	0	0	0	0	0	0	0	0	0	0	0	0.000	0.000	0	0	0	0	0	0	0	0	0	0	0	0	0
320	320	2170	369.589	1704.320	596	585	545	326	79	563	696	604	223	47	824.410	1810	1344	1188	1057	930	831	697	549	445	338	121	109.545	160	114	112	111	110	109	108	107	106	105	95	0	0	0.000	0.000	0	0	0	0	0	0	0	0	0	0	0	0.000	0.000	0	0	0	0	0	0	0	0	0	0	0	0	0
321	321	1110	1663.777	1703.630	154	307	413	196	20	86	294	443	194	77	108.508	125	114	112	110	109	108	107	106	105	104	98	104.396	115	107	106	106	105	104	104	103	102	101	96	0	0	0.000	0.000	0	0	0	0	0	0	0	0	0	0	0	0.000	0.000	0	0	0	0	0	0	0	0	0	0	0	0	0
322	322	1176	725.042	1706.880	97	255	404	348	62	51	269	586	204	46	441.164	2471	573	504	467	437	408	378	348	327	296	184	145.752	270	162	155	150	147	144	141	137	134	129	115	1	20	725.124	1699.264	0	0	0	1472	0	0	182	0	0	0	0	0.000	0.000	0	0	0	0	0	0	0	0	0	0	0	0	0
323	323	1532	474.157	1712.311	239	411	414	331	108	303	624	360	183	32	402.171	673	558	503	469	440	411	381	348	300	221	132	139.149	175	160	154	150	144	139	135	130	125	116	104	0	0	0.000	0.000	0	0	0	0	0	0	0	0	0	0	0	0.000	0.000	0	0	0	0	0	0	0	0	0	0	0	0	0
324	324	1438	965.822	1715.177	191	453	448	269	52	161	505	476	218	53	248.621	2623	289	267	253	242	232	224	213	204	176	121	188.497	448	221	210	202	194	187	180	172	165	149	110	1	27	949.974	1721.104	0	0	0	1079	0	0	243	0	0	0	0	0.000	0.000	0	0	0	0	0	0	0	0	0	0	0	0	0
325	325	1569	626.588	1717.230	233	367	457	380	102	198	403	554	272	112	301.421	445	387	369	354	334	312	289	264	230	192	136	188.389	249	227	219	212	204	193	183	170	156	140	112	0	0	0.000	0.000	0	0	0	0	0	0	0	0	0	0	0	0.000	0.000	0	0	0	0	0	0	0	0	0	0	0	0	0
326	326	1400	523.406	1719.383	170	396	492	264	56	181	745	302	125	18	518.846	848	679	633	609	574	533	485	440	400	344	168	153.836	213	180	172	165	159	153	147	142	137	130	106	0	0	0.000	0.000	0	0	0	0	0	0	0	0	0	0	0	0.000	0.000	0	0	0	0	0	0	0	0	0	0	0	0	0
327	327	2442	1273.607	1740.306	325	627	907	481	63	361	820	890	310	18	159.172	217	192	184	176	168	161	153	145	135	122	101	524.229	868	752	705	652	597	531	471	412	352	278	141	0	0	0.000	0.000	0	0	0	0	0	0	0	0	0	0	0	0.000	0.000	0	0	0	0	0	0	0	0	0	0	0	0	0
328	328	1468	1891.649	1727.348	210	391	441	329	72	186	443	499	243	75	286.041	400	358	343	329	316	298	276	251	229	196	120	359.451	538	467	446	422	394	368	337	306	275	236	144	0	0	0.000	0.000	0	0	0	0	0	0	0	0	0	0	0	0.000	0.000	0	0	0	0	0	0	0	0	0	0	0	0	0
329	329	1730	678.458	1733.827	202	614	599	246	30	241	775	459	202	21	1068.388	17469	1746	565	399	355	324	295	265	247	228	121	271.578	2101	372	235	215	202	190	178	167	159	152	116	1	132	677.588	1741.056	0	0	0	8063	0	0	1091	0	0	1	128	677.548	1741.294	0	0	0	8378	0	0	1134	0	0	0	0	0	0
330	330	3659	919.487	1749.103	3016	299	186	108	32	2949	345	170	123	47	113.434	149	121	117	115	114	112	111	110	109	107	99	109.217	126	114	112	111	110	109	108	107	106	105	100	0	0	0.000	0.000	0	0	0	0	0	0	0	0	0	0	0	0.000	0.000	0	0	0	0	0	0	0	0	0	0	0	0	0
331	331	1750	1011.104	1742.922	301	492	580	310	37	265	573	536	286	50	676.475	1152	964	874	810	747	670	608	551	485	390	196	221.142	340	286	263	248	235	221	207	193	179	159	111	0	0	0.000	0.000	0	0	0	0	0	0	0	0	0	0	0	0.000	0.000	0	0	0	0	0	0	0	0	0	0	0	0	0
332	332	1824	1780.112	1752.624	304	537	505	370	73	258	535	563	367	63	373.738	582	500	472	438	406	384	355	327	284	222	128	108.732	136	117	112	110	108	107	106	105	104	103	97	0	0	0.000	0.000	0	0	0	0	0	0	0	0	0	0	0	0.000	0.000	0	0	0	0	0	0	0	0	0	0	0	0	0
333	333	1932	432.746	1753.595	228	524	671	390	78	226	575	733	286	62	1398.611	19221	2754	792	561	510	453	409	363	311	257	135	185.229	1122	265	164	152	143	137	132	127	122	117	102	1	173	425.146	1748.064	0	0	0	9154	0	0	612	0	0	1	168	425.059	1747.785	0	0	0	9623	0	0	618	0	0	0	0	0	0
334	334	1674	132.857	1753.461	433	541	458	193	20	413	553	484	178	14	239.530	3268	255	229	218	210	199	185	170	155	139	107	163.441	567	189	180	174	168	163	155	144	133	122	102	1	37	133.794	1741.127	0	0	0	1581	0	0	265	0	0	1	33	135.577	1741.247	0	0	0	743	0	0	393	0	0	0	0	0	0
335	335	1776	1179.009	1756.570	369	538	512	267	56	367	677	513	166	30	109.069	125	115	113	111	110	109	108	106	105	104	97	160.962	215	187	179	174	169	164	158	150	141	130	108	0	0	0.000	0.000	0	0	0	0	0	0	0	0	0	0	0	0.000	0.000	0	0	0	0	0	0	0	0	0	0	0	0	0
336	336	2023	382.997	1773.240	333	625	678	325	23	277	806	607	290	11	461.528	3713	607	573	546	513	472	421	369	306	218	108	139.290	260	162	157	152	147	141	135	129	119	111	100	0	0	0.000	0.000	0	0	0	0	0	0	0	0	0	0	0	0.000	0.000	0	0	0	0	0	0	0	0	0	0	0	0	0
337	337	1797	1861.798	1770.392	380	490	453	375	74	277	442	535	396	116	532.883	9296	666	343	298	277	255	234	214	190	167	115	315.106	1752	421	371	337	308	281	261	231	197	153	112	1	92	1853.780	1763.709	0	0	0	4597	0	0	509	0	0	1	63	1850.961	1760.265	0	0	0	809	0	0	1127	0	0	0	0	0	0
338	338	916	1122.739	1784.771	425	258	137	54	34	421	297	128	47	8	454.103	974	879	786	641	536	441	317	185	130	110	100	108.654	123	114	112	111	110	108	107	106	105	104	96	0	0	0.000	0.000	0	0	0	0	0	0	0	0	0	0	0	0.000	0.000	0	0	0	0	0	0	0	0	0	0	0	0	0
339	339	1132	1234.209	1790.244	162	308	331	234	76	149	508	295	132	24	286.127	434	360	341	323	305	285	271	257	239	204	132	144.413	181	161	156	152	149	145	142	137	133	126	108	0	0	0.000	0.000	0	0	0	0	0	0	0	0	0	0	0	0.000	0.000	0	0	0	0	0	0	0	0	0	0	0	0	0
340	340	994	1377.301	1789.631	138	315	336	156	24	119	466	249	101	29	114.538	128	121	119	117	116	114	113	112	110	109	100	145.769	181	166	159	154	149	145	141	136	133	128	113	0	0	0.000	0.000	0	0	0	0	0	0	0	0	0	0	0	0.000	0.000	0	0	0	0	0	0	0	0	0	0	0	0	0
341	341	1488	1329.681	1799.176	133	429	426	378	95	146	568	472	215	51	114.724	134	122	120	118	116	115	113	112	110	107	100	147.040	179	166	162	157	152	148	143	138	133	126	111	0	0	0.000	0.000	0	0	0	0	0	0	0	0	0	0	0	0.000	0.000	0	0	0	0	0	0	0	0	0	0	0	0	0
342	342	534	192.439	1793.627	220	177	89	31	12	195	148	135	35	13	123.989	161	145	138	133	129	124	119	114	107	104	97	153.521	279	226	203	189	168	133	116	110	108	106	100	0	0	0.000	0.000	0	0	0	0	0	0	0	0	0	0	0	0.000	0.000	0	0	0	0	0	0	0	0	0	0	0	0	0
343	343	1157	1471.612	1800.682	112	340	323	279	76	86	344	403	224	80	111.939	125	117	116	114	113	112	111	110	108	107	99	133.310	166	151	147	142	138	134	130	125	120	114	100	0	0	0.000	0.000	0	0	0	0	0	0	0	0	0	0	0	0.000	0.000	0	0	0	0	0	0	0	0	0	0	0	0	0
344	344	2245	1602.502	1828.960	328	970	750	160	11	190	603	803	455	137	2097.491	3991	3109	2775	2550	2330	2093	1855	1624	1427	1197	214	249.521	404	328	301	283	268	251	233	215	197	177	113	0	0	0.000	0.000	0	0	0	0	0	0	0	0	0	0	0	0.000	0.000	0	0	0	0	0	0	0	0	0	0	0	0	0
345	345	2010	1377.023	1838.188	273	628	750	273	39	226	648	734	284	68	122.992	151	134	130	128	126	123	121	118	115	111	101	146.676	194	170	163	158	152	146	141	136	130	124	106	0	0	0.000	0.000	0	0	0	0	0	0	0	0	0	0	0	0.000	0.000	0	0	0	0	0	0	0	0	0	0	0	0	0
346	346	1248	1879.297	1835.698	257	394	327	216	34	183	441	388	193	24	207.757	267	243	233	226	220	215	209	202	189	154	111	171.982	225	198	191	186	181	177	171	164	154	136	108	0	0	0.000	0.000	0	0	0	0	0	0	0	0	0	0	0	0.000	0.000	0	0	0	0	0	0	0	0	0	0	0	0	0
347	347	1504	1316.173	1842.029	307	597	433	114	20	333	602	439	90	15	124.527	148	134	131	129	127	125	123	121	118	114	100	149.762	189	171	165	160	156	151	146	140	134	127	106	0	0	0.000	0.000	0	0	0	0	0	0	0	0	0	0	0	0.000	0.000	0	0	0	0	0	0	0	0	0	0	0	0	0
348	348	670	1044.918	1839.872	138	259	141	100	18	80	212	230	112	22	1878.710	3043	2740	2521	2315	2126	1981	1812	1559	1262	831	357	108.287	118	113	111	110	109	108	107	107	105	104	99	0	0	0.000	0.000	0	0	0	0	0	0	0	0	0	0	0	0.000	0.000	0	0	0	0	0	0	0	0	0	0	0	0	0
349	349	1812	1924.792	1859.415	299	523	611	276	73	263	593	558	276	78	371.278	7633	330	256	243	233	224	215	205	191	170	121	188.043	1041	205	196	189	183	177	170	164	155	139	111	1	65	1926.752	1841.749	0	0	0	3250	0	0	465	0	0	1	49	1927.451	1840.981	0	0	0	3349	0	0	649	0	0	0	0	0	0
350	350	1012	1729.629	1855.222	147	356	256	164	63	134	308	328	154	67	940.245	1397	1261	1174	1109	1053	984	912	818	710	548	228	118.043	139	127	124	122	120	118	116	114	112	109	99	0	0	0.000	0.000	0	0	0	0	0	0	0	0	0	0	0	0.000	0.000	0	0	0	0	0	0	0	0	0	0	0	0	0
351	351	2212	221.592	1870.807	445	536	622	454	118	369	668	653	425	57	540.585	4504	698	655	625	587	541	479	409	317	179	109	141.858	489	161	155	150	145	139	134	128	120	110	99	1	35	237.732	1868.803	0	0	0	2690	0	0	314	0	0	1	37	237.153	1869.532	0	0	0	2521	0	0	341	0	0	0	0	0	0
352	352	1260	714.935	1869.133	151	313	372	285	118	121	536	354	170	61	119.242	140	125	123	122	121	120	118	117	115	113	105	114.247	138	120	118	116	115	114	113	112	110	109	103	0	0	0.000	0.000	0	0	0	0	0	0	0	0	0	0	0	0.000	0.000	0	0	0	0	0	0	0	0	0	0	0	0	0
353	353	2043	1504.565	1874.738	345	419	678	466	97	290	447	724	411	128	358.879	539	461	431	414	396	378	357	328	279	216	140	220.251	301	267	257	249	240	231	218	202	180	151	117	0	0	0.000	0.000	0	0	0	0	0	0	0	0	0	0	0	0.000	0.000	0	0	0	0	0	0	0	0	0	0	0	0	0
354	354	2055	1066.115	1879.150	462	578	583	359	35	398	593	619	352	59	2440.187	4259	3546	3123	2916	2738	2571	2339	2046	1668	1140	329	112.102	128	119	116	115	113	112	110	109	108	106	99	0	0	0.000	0.000	0	0	0	0	0	0	0	0	0	0	0	0.000	0.000	0	0	0	0	0	0	0	0	0	0	0	0	0
355	355	1627	666.177	1876.272	329	412	380	380	110	287	493	431	337	52	116.701	138	125	122	120	118	116	114	113	111	109	103	113.370	130	121	118	116	114	113	112	110	109	107	101	0	0	0.000	0.000	0	0	0	0	0	0	0	0	0	0	0	0.000	0.000	0	0	0	0	0	0	0	0	0	0	0	0	0
356	356	1449	1847.115	1873.467	213	360	429	324	91	153	377	460	362	80	1114.963	1970	1679	1473	1272	1143	1047	979	923	842	683	258	120.248	142	130	126	124	122	120	118	116	114	111	103	0	0	0.000	0.000	0	0	0	0	0	0	0	0	0	0	0	0.000	0.000	0	0	0	0	0	0	0	0	0	0	0	0	0
357	357	1440	1621.403	1886.532	151	339	437	382	106	121	347	482	346	120	2589.477	4398	3746	3461	3111	2861	2621	2362	2122	1767	1309	669	292.413	436	386	362	339	317	297	280	257	229	185	124	0	0	0.000	0.000	0	0	0	0	0	0	0	0	0	0	0	0.000	0.000	0	0	0	0	0	0	0	0	0	0	0	0	0
358	358	1317	1005.996	1885.011	219	265	360	362	92	181	326	482	221	88	301.688	480	428	398	362	332	306	276	245	213	167	114	318.089	499	449	418	386	354	321	286	255	219	184	126	0	0	0.000	0.000	0	0	0	0	0	0	0	0	0	0	0	0.000	0.000	0	0	0	0	0	0	0	0	0	0	0	0	0
359	359	1804	304.037	1892.508	517	418	427	349	61	444	652	413	233	26	142.763	1215	158	146	140	136	132	128	124	118	112	97	194.548	724	245	224	210	198	190	181	170	154	136	103	1	27	308.929	1883.398	0	0	0	533	0	0	419	0	0	1	19	308.216	1881.192	0	0	0	246	0	0	498	0	0	0	0	0	0
360	360	1893	1560.649	1897.156	420	644	605	171	16	325	696	613	196	34	126.797	154	139	135	132	129	127	125	122	118	114	103	195.276	274	243	230	217	206	195	186	176	163	144	111	0	0	0.000	0.000	0	0	0	0	0	0	0	0	0	0	0	0.000	0.000	0	0	0	0	0	0	0	0	0	0	0	0	0
361	361	1356	1406.455	1903.534	319	381	356	234	43	295	389	381	212	57	528.982	8156	706	414	363	336	317	303	289	262	203	124	251.691	2220	326	227	208	198	191	185	179	169	152	109	1	57	1408.865	1913.391	0	0	0	3807	0	0	914	0	0	1	66	1409.447	1912.730	0	0	0	3229	0	0	1096	0	0	0	0	0	0
362	362	2234	235.920	1931.134	437	655	681	360	55	323	699	715	366	89	1092.271	16512	1369	714	624	574	541	509	468	411	319	157	187.120	1425	226	161	154	148	144	138	133	127	121	103	1	125	227.647	1935.724	0	0	0	8708	0	0	750	0	0	1	131	228.452	1935.683	0	0	0	8619	0	0	725	0	0	0	0	0	0
363	363	866	764.960	1916.670	131	236	255	196	30	140	374	229	99	13	238.785	322	294	282	272	260	248	235	217	195	166	119	146.330	179	164	160	157	153	149	145	139	133	123	106	0	0	0.000	0.000	0	0	0	0	0	0	0	0	0	0	0	0.000	0.000	0	0	0	0	0	0	0	0	0	0	0	0	0
364	364	1760	998.775	1936.273	183	344	570	444	181	156	367	660	427	124	349.962	4689	423	364	342	324	300	264	231	198	172	113	295.232	1023	395	371	350	328	299	265	228	197	173	119	1	38	991.130	1928.627	0	0	0	2379	0	0	641	0	0	0	0	0.000	0.000	0	0	0	0	0	0	0	0	0	0	0	0	0
365	365	953	674.825	1933.064	308	250	236	110	35	259	274	262	122	25	130.895	157	143	139	137	134	132	129	126	122	117	99	111.696	128	118	115	114	112	111	110	109	108	106	101	0	0	0.000	0.000	0	0	0	0	0	0	0	0	0	0	0	0.000	0.000	0	0	0	0	0	0	0	0	0	0	0	0	0
366	366	1728	1423.955	1945.758	141	445	545	434	118	141	518	608	374	52	937.296	14984	1569	550	360	291	261	240	217	195	168	113	252.988	1963	332	230	213	200	186	173	162	150	137	108	1	137	1421.250	1950.200	0	0	0	6880	0	0	893	0	0	1	107	1421.283	1949.951	0	0	0	8508	0	0	1079	0	0	0	0	0	0
367	367	2168	714.941	1957.253	241	741	636	351	155	302	1019	506	257	35	715.031	1111	981	907	853	807	751	687	604	507	389	196	107.205	118	111	110	109	108	107	106	105	105	103	97	0	0	0.000	0.000	0	0	0	0	0	0	0	0	0	0	0	0.000	0.000	0	0	0	0	0	0	0	0	0	0	0	0	0
368	368	889	1377.829	1943.324	110	219	245	229	72	88	267	277	188	50	334.799	441	398	381	365	351	339	326	310	295	269	143	191.337	247	221	213	207	201	195	190	184	174	152	112	0	0	0.000	0.000	0	0	0	0	0	0	0	0	0	0	0	0.000	0.000	0	0	0	0	0	0	0	0	0	0	0	0	0
369	369	622	1318.767	1941.137	164	259	114	58	15	153	288	122	28	7	123.334	172	140	134	130	126	122	119	115	111	108	99	284.661	477	379	355	342	330	304	263	218	200	169	115	0	0	0.000	0.000	0	0	0	0	0	0	0	0	0	0	0	0.000	0.000	0	0	0	0	0	0	0	0	0	0	0	0	0
370	370	1221	509.636	1951.463	92	357	389	303	54	136	519	321	179	41	109.864	124	115	113	112	111	110	109	108	107	105	99	221.559	303	277	265	252	242	227	213	199	180	151	108	0	0	0.000	0.000	0	0	0	0	0	0	0	0	0	0	0	0.000	0.000	0	0	0	0	0	0	0	0	0	0	0	0	0
371	371	1308	413.901	1957.177	245	300	384	300	63	203	424	453	166	40	2241.674	3811	3174	2910	2706	2563	2420	2205	1906	1611	1024	221	111.188	132	120	117	114	113	111	109	108	105	103	98	0	0	0.000	0.000	0	0	0	0	0	0	0	0	0	0	0	0.000	0.000	0	0	0	0	0	0	0	0	0	0	0	0	0
372	372	1219	1518.218	1957.730	196	373	341	242	44	163	406	392	189	44	934.595	1494	1263	1171	1093	1030	969	893	814	698	541	253	107.213	117	111	110	109	108	107	106	106	105	104	98	0	0	0.000	0.000	0	0	0	0	0	0	0	0	0	0	0	0.000	0.000	0	0	0	0	0	0	0	0	0	0	0	0	0
373	373	1160	1469.139	1957.973	127	331	403	228	49	163	418	386	159	16	236.687	334	303	287	270	255	242	226	210	193	161	114	173.436	243	224	214	206	197	186	168	143	118	110	101	0	0	0.000	0.000	0	0	0	0	0	0	0	0	0	0	0	0.000	0.000	0	0	0	0	0	0	0	0	0	0	0	0	0
374	374	892	549.332	1965.347	195	262	212	155	48	133	224	218	186	106	107.343	118	111	110	109	108	107	107	106	105	104	99	189.975	259	229	217	207	199	191	182	172	161	151	130	0	0	0.000	0.000	0	0	0	0	0	0	0	0	0	0	0	0.000	0.000	0	0	0	0	0	0	0	0	0	0	0	0	0
375	375	2242	1567.584	1977.456	409	653	576	450	105	368	709	630	367	131	637.294	1144	867	799	750	704	656	610	558	497	338	133	107.063	122	111	110	109	108	107	106	105	104	103	94	0	0	0.000	0.000	0	0	0	0	0	0	0	0	0	0	0	0.000	0.000	0	0	0	0	0	0	0	0	0	0	0	0	0
376	376	525	1260.332	1965.525	104	145	128	95	50	99	119	144	99	55	187.411	254	231	220	211	202	193	182	171	152	131	107	156.088	196	183	178	172	167	162	156	145	131	118	106	0	0	0.000	0.000	0	0	0	0	0	0	0	0	0	0	0	0.000	0.000	0	0	0	0	0	0	0	0	0	0	0	0	0
