 	cell	area	x	y	BFI_lev_b1	BFI_lev_b2	BFI_lev_b3	BFI_lev_b4	BFI_lev_b5	BFO_lev_b1	BFO_lev_b2	BFO_lev_b3	BFO_lev_b4	BFO_lev_b5	GFP_int_mean	GFP_int_b0	GFP_int_b1	GFP_int_b2	GFP_int_b3	GFP_int_b4	GFP_int_b5	GFP_int_b6	GFP_int_b7	GFP_int_b8	GFP_int_b9	GFP_int_b10	RFP_int_mean	RFP_int_b0	RFP_int_b1	RFP_int_b2	RFP_int_b3	RFP_int_b4	RFP_int_b5	RFP_int_b6	RFP_int_b7	RFP_int_b8	RFP_int_b9	RFP_int_b10	inGFPnfoci	f1_inGFParea	f1_inGFPx	f1_inGFPy	f2_inGFParea	f2_inGFPx	f2_inGFPy	f1_inGFP_toGFPmed	f1_inGFP_toGFPmean	f2_inGFP_toGFPmed	f2_inGFP_toGFPmean	f1_inGFP_toRFPmed	f1_inGFP_toRFPmean	f2_inGFP_toRFPmed	f2_inGFP_toRFPmean	inRFPnfoci	f1_inRFParea	f1_inRFPx	f1_inRFPy	f2_inRFParea	f2_inRFPx	f2_inRFPy	f1_inRFP_toGFPmed	f1_inRFP_toGFPmean	f2_inRFP_toGFPmed	f2_inRFP_toGFPmean	f1_inRFP_toRFPmed	f1_inRFP_toRFPmean	f2_inRFP_toRFPmed	f2_inRFP_toRFPmean
1	1	2317	99.126	75.772	730	839	557	136	19	411	956	615	266	34	114.636	133	122	120	118	117	115	113	112	110	107	99	108.814	128	115	113	111	110	108	107	106	105	103	96	0	0	0.000	0.000	0	0	0	0	0	0	0	0	0	0	0	0	0	0.000	0.000	0	0	0	0	0	0	0	0	0	0	0
2	2	1838	1553.130	96.278	158	652	743	219	27	95	657	788	225	19	468.961	10820	571	238	180	165	156	148	142	135	129	102	149.105	1053	164	134	129	126	124	121	118	116	112	100	1	91	1545.987	96.850	0	0	0	4822	0	0	0	519	0	0	0	1	84	1545.847	96.679	0	0	0	4975	0	0	0	537	0	0	0
3	3	1335	1068.445	102.484	153	411	415	277	51	140	450	473	206	45	118.678	134	127	124	122	121	119	117	116	113	110	101	133.148	166	148	143	140	137	134	131	128	123	116	101	0	0	0.000	0.000	0	0	0	0	0	0	0	0	0	0	0	0	0	0.000	0.000	0	0	0	0	0	0	0	0	0	0	0
4	4	1938	978.783	121.152	231	511	626	438	93	150	578	714	391	61	1046.201	1626	1400	1331	1261	1182	1098	1018	934	770	559	175	112.929	133	121	118	116	114	112	111	109	108	106	100	0	0	0.000	0.000	0	0	0	0	0	0	0	0	0	0	0	0	0	0.000	0.000	0	0	0	0	0	0	0	0	0	0	0
5	5	1038	922.619	112.051	233	321	377	79	10	149	296	423	127	27	141.086	210	159	153	149	144	140	137	133	129	124	103	123.258	146	134	131	128	126	124	121	119	116	112	102	0	0	0.000	0.000	0	0	0	0	0	0	0	0	0	0	0	0	0	0.000	0.000	0	0	0	0	0	0	0	0	0	0	0
6	6	1084	1026.394	119.501	528	428	60	26	26	695	307	36	19	10	123.776	510	131	124	121	119	118	116	115	113	110	100	130.809	160	143	140	136	134	131	128	126	123	119	101	1	22	1022.026	128.567	0	0	0	293	0	0	0	141	0	0	0	0	0	0.000	0.000	0	0	0	0	0	0	0	0	0	0	0
7	7	2833	1770.456	123.035	2025	529	174	55	24	2099	539	118	32	11	528.684	17246	345	152	138	133	128	124	119	112	107	98	257.821	2099	303	278	262	249	232	210	183	154	130	100	1	128	1786.866	110.518	0	0	0	6593	0	0	0	1045	0	0	0	1	105	1787.007	109.972	0	0	0	8518	0	0	0	1138	0	0	0
8	8	1020	1595.367	125.936	649	247	64	29	19	527	270	157	39	19	142.155	171	157	153	151	148	144	141	137	131	123	103	118.674	147	128	125	122	120	119	117	115	113	110	101	0	0	0.000	0.000	0	0	0	0	0	0	0	0	0	0	0	0	0	0.000	0.000	0	0	0	0	0	0	0	0	0	0	0
9	9	773	79.500	129.737	104	290	219	110	38	55	248	270	130	55	180.036	238	214	205	197	191	184	178	169	158	135	103	104.308	116	108	106	105	105	104	104	103	102	101	96	0	0	0.000	0.000	0	0	0	0	0	0	0	0	0	0	0	0	0	0.000	0.000	0	0	0	0	0	0	0	0	0	0	0
10	10	1625	1838.607	143.057	299	664	459	142	31	246	836	367	123	24	756.174	13814	986	455	405	383	361	328	296	250	194	111	136.946	778	149	125	120	118	116	114	112	110	108	100	1	87	1843.055	131.657	0	0	0	5838	0	0	0	419	0	0	0	1	95	1843.309	131.395	0	0	0	5712	0	0	0	389	0	0	0
11	11	1766	1921.491	163.075	211	571	672	257	26	199	525	640	322	51	113.638	130	121	118	116	115	113	112	111	109	107	98	276.294	409	363	340	318	298	273	251	232	216	199	145	0	0	0.000	0.000	0	0	0	0	0	0	0	0	0	0	0	0	0	0.000	0.000	0	0	0	0	0	0	0	0	0	0	0
12	12	1261	1794.925	172.970	217	328	418	241	35	194	280	412	284	60	328.151	4302	371	270	260	250	242	234	222	206	183	110	114.512	227	122	118	115	113	112	111	109	108	106	101	1	44	1805.448	174.327	0	0	0	2231	0	0	0	153	0	0	0	1	37	1806.376	173.555	0	0	0	1840	0	0	0	166	0	0	0
13	13	2246	1863.077	190.104	328	719	695	389	79	277	761	722	402	52	118.189	136	126	123	122	120	119	117	115	113	110	100	301.641	441	392	372	353	332	308	285	257	230	203	129	0	0	0.000	0.000	0	0	0	0	0	0	0	0	0	0	0	0	0	0.000	0.000	0	0	0	0	0	0	0	0	0	0	0
14	14	2047	1669.341	193.296	377	782	678	150	29	193	431	850	421	116	139.125	175	158	152	148	144	140	137	132	127	118	100	165.375	222	198	191	184	177	171	164	153	140	120	102	0	0	0.000	0.000	0	0	0	0	0	0	0	0	0	0	0	0	0	0.000	0.000	0	0	0	0	0	0	0	0	0	0	0
15	15	1530	779.059	189.500	233	418	558	225	51	220	525	560	151	42	134.437	178	151	147	144	141	137	132	127	121	114	99	176.513	241	215	206	197	187	180	172	161	148	130	105	0	0	0.000	0.000	0	0	0	0	0	0	0	0	0	0	0	0	0	0.000	0.000	0	0	0	0	0	0	0	0	0	0	0
16	16	2095	868.774	193.742	304	805	670	251	27	282	876	654	191	54	980.515	21292	1346	293	179	149	139	134	130	125	118	104	339.467	4504	377	222	212	204	196	187	176	157	136	103	1	140	865.521	185.583	0	0	0	10160	0	0	0	2017	0	0	0	1	137	865.562	184.838	0	0	0	8869	0	0	0	2204	0	0	0
17	17	1275	376.084	211.460	52	301	471	332	95	58	309	610	250	31	122.997	140	131	128	126	125	123	122	120	118	115	100	166.187	208	188	184	180	176	171	166	160	152	134	104	0	0	0.000	0.000	0	0	0	0	0	0	0	0	0	0	0	0	0	0.000	0.000	0	0	0	0	0	0	0	0	0	0	0
18	18	3099	432.002	225.104	628	838	989	532	72	604	1204	913	298	38	1085.650	1921	1533	1392	1281	1188	1118	1041	959	844	533	132	108.886	122	114	112	111	110	109	108	107	105	104	97	0	0	0.000	0.000	0	0	0	0	0	0	0	0	0	0	0	0	0	0.000	0.000	0	0	0	0	0	0	0	0	0	0	0
19	19	1782	767.290	239.998	255	584	721	172	15	147	433	679	392	92	1431.975	20677	3415	655	295	199	162	143	134	127	117	102	356.951	3529	665	268	205	190	180	172	162	145	123	103	1	195	771.057	244.228	0	0	0	9736	0	0	0	1436	0	0	0	1	178	771.443	243.326	0	0	0	10542	0	0	0	1659	0	0	0
20	20	1774	333.650	233.912	301	771	560	90	15	150	695	663	199	23	600.097	15111	799	248	166	142	133	127	123	118	113	103	235.191	2203	284	205	193	185	178	171	161	149	133	106	1	92	337.991	234.636	0	0	0	6594	0	0	0	1103	0	0	0	1	83	337.783	234.230	0	0	0	7240	0	0	0	1144	0	0	0
21	21	968	1852.040	238.378	95	266	301	241	52	91	335	347	151	28	115.606	130	122	120	119	117	116	115	113	111	108	100	255.835	373	333	314	302	287	272	248	222	188	153	108	0	0	0.000	0.000	0	0	0	0	0	0	0	0	0	0	0	0	0	0.000	0.000	0	0	0	0	0	0	0	0	0	0	0
22	22	1425	1410.850	261.769	285	478	421	185	30	273	442	465	156	60	114.676	132	121	118	117	116	115	114	112	111	109	102	194.100	260	232	222	214	206	199	191	181	166	148	107	0	0	0.000	0.000	0	0	0	0	0	0	0	0	0	0	0	0	0	0.000	0.000	0	0	0	0	0	0	0	0	0	0	0
23	23	1597	1735.280	263.378	250	520	510	252	40	111	504	519	348	87	415.501	2567	491	465	444	427	410	389	365	326	272	155	110.202	185	115	113	111	110	109	108	107	106	105	97	1	18	1745.018	284.750	0	0	0	1755	0	0	0	131	0	0	0	1	40	1744.451	282.423	0	0	0	648	0	0	0	138	0	0	0
24	24	1886	1573.231	269.873	401	762	540	131	11	328	734	470	262	61	1348.180	19704	2525	704	448	366	339	323	305	276	224	136	208.765	1922	337	148	126	120	117	115	113	111	108	99	1	170	1576.138	266.633	0	0	0	9621	0	0	0	954	0	0	0	1	170	1576.174	266.410	0	0	0	9621	0	0	0	954	0	0	0
25	25	1841	645.250	281.948	386	600	614	173	31	216	386	658	392	152	667.849	3730	844	786	747	709	675	639	573	468	359	170	130.733	349	145	139	136	132	129	126	122	116	109	98	1	18	630.983	284.619	0	0	0	2585	0	0	0	149	0	0	0	1	34	634.786	285.087	0	0	0	1068	0	0	0	260	0	0	0
26	26	1125	1840.437	283.845	181	356	323	182	58	98	328	402	213	68	286.842	415	356	339	319	302	289	276	262	245	210	127	123.241	149	134	130	128	126	123	121	119	116	112	104	0	0	0.000	0.000	0	0	0	0	0	0	0	0	0	0	0	0	0	0.000	0.000	0	0	0	0	0	0	0	0	0	0	0
27	27	1722	1924.097	299.968	419	641	520	97	10	265	532	644	208	37	251.434	6985	269	152	136	132	129	126	124	121	116	104	141.591	456	156	148	143	139	136	133	130	126	118	102	1	49	1920.375	309.093	0	0	0	2828	0	0	0	284	0	0	0	1	43	1920.774	308.808	0	0	0	3109	0	0	0	312	0	0	0
28	28	1396	710.041	298.520	82	417	517	306	37	25	307	657	253	129	114.524	130	120	118	117	116	115	113	112	111	109	101	136.854	167	151	147	143	140	137	134	131	128	123	101	0	0	0.000	0.000	0	0	0	0	0	0	0	0	0	0	0	0	0	0.000	0.000	0	0	0	0	0	0	0	0	0	0	0
29	29	1318	1522.655	298.577	171	402	469	222	35	84	383	569	191	65	315.290	462	393	373	359	346	330	311	288	254	211	139	113.731	134	122	119	117	115	114	112	110	109	106	98	0	0	0.000	0.000	0	0	0	0	0	0	0	0	0	0	0	0	0	0.000	0.000	0	0	0	0	0	0	0	0	0	0	0
30	30	907	103.154	296.963	101	255	338	176	28	75	277	358	163	22	107.851	118	112	111	110	109	108	107	106	105	103	100	103.453	113	107	105	104	104	103	103	102	101	101	95	0	0	0.000	0.000	0	0	0	0	0	0	0	0	0	0	0	0	0	0.000	0.000	0	0	0	0	0	0	0	0	0	0	0
31	31	1752	515.534	307.274	407	734	518	54	10	309	534	509	322	47	114.352	144	125	121	118	115	113	111	109	107	105	97	126.230	175	149	140	134	129	124	120	116	112	108	98	0	0	0.000	0.000	0	0	0	0	0	0	0	0	0	0	0	0	0	0.000	0.000	0	0	0	0	0	0	0	0	0	0	0
32	32	834	807.411	309.858	100	187	232	235	69	93	346	243	110	25	114.337	137	120	118	116	115	114	113	112	111	109	101	181.393	240	213	205	198	194	187	180	171	159	140	103	0	0	0.000	0.000	0	0	0	0	0	0	0	0	0	0	0	0	0	0.000	0.000	0	0	0	0	0	0	0	0	0	0	0
33	33	1248	1806.974	316.633	199	468	435	109	12	94	291	465	297	75	376.605	493	450	435	420	407	391	374	347	317	277	165	128.087	154	141	138	135	131	128	125	122	118	115	102	0	0	0.000	0.000	0	0	0	0	0	0	0	0	0	0	0	0	0	0.000	0.000	0	0	0	0	0	0	0	0	0	0	0
34	34	1644	295.120	321.421	417	535	453	185	24	299	519	538	182	78	115.665	134	123	121	119	118	116	114	112	110	107	99	106.657	127	114	110	108	106	105	105	104	103	102	96	0	0	0.000	0.000	0	0	0	0	0	0	0	0	0	0	0	0	0	0.000	0.000	0	0	0	0	0	0	0	0	0	0	0
35	35	1197	1679.947	323.375	122	266	378	306	102	100	380	440	194	57	435.356	619	539	517	496	473	450	429	403	361	301	144	111.615	130	120	116	114	112	111	109	108	107	105	99	0	0	0.000	0.000	0	0	0	0	0	0	0	0	0	0	0	0	0	0.000	0.000	0	0	0	0	0	0	0	0	0	0	0
36	36	1666	648.695	337.525	251	423	630	298	42	202	555	580	251	45	141.556	179	161	156	151	147	143	138	133	128	120	105	261.238	399	345	324	306	284	264	243	221	200	170	115	0	0	0.000	0.000	0	0	0	0	0	0	0	0	0	0	0	0	0	0.000	0.000	0	0	0	0	0	0	0	0	0	0	0
37	37	1758	123.408	343.409	283	439	573	342	92	283	625	543	240	27	108.002	120	113	111	110	109	108	107	106	105	104	98	103.119	117	106	105	104	103	103	102	102	101	100	93	0	0	0.000	0.000	0	0	0	0	0	0	0	0	0	0	0	0	0	0.000	0.000	0	0	0	0	0	0	0	0	0	0	0
38	38	1683	1588.341	341.496	189	477	680	268	45	161	649	668	167	7	926.134	1441	1206	1130	1070	1010	947	878	814	732	616	321	135.952	169	154	148	144	140	135	132	128	124	119	104	0	0	0.000	0.000	0	0	0	0	0	0	0	0	0	0	0	0	0	0.000	0.000	0	0	0	0	0	0	0	0	0	0	0
39	39	1671	777.155	340.552	207	506	610	288	34	151	567	620	239	56	1624.533	14080	1933	1660	1565	1473	1367	1249	1091	919	665	232	164.155	1191	182	153	147	141	136	131	126	119	111	100	1	63	767.948	335.829	0	0	0	8757	0	0	0	538	0	0	0	1	77	765.843	334.571	0	0	0	3934	0	0	0	659	0	0	0
40	40	1873	561.465	351.167	260	715	704	151	15	197	619	666	314	40	109.108	127	115	112	111	110	109	108	107	106	104	97	109.090	126	115	113	111	110	109	108	106	105	104	98	0	0	0.000	0.000	0	0	0	0	0	0	0	0	0	0	0	0	0	0.000	0.000	0	0	0	0	0	0	0	0	0	0	0
41	41	762	1106.226	341.171	388	219	97	31	17	369	218	101	48	14	244.301	468	418	341	272	229	216	202	181	163	138	112	288.336	464	395	369	349	335	317	288	236	178	137	109	0	0	0.000	0.000	0	0	0	0	0	0	0	0	0	0	0	0	0	0.000	0.000	0	0	0	0	0	0	0	0	0	0	0
42	42	1498	705.669	351.218	280	437	544	176	29	192	384	587	230	86	110.615	125	116	114	113	112	111	109	108	107	105	99	130.550	163	147	143	139	136	132	129	125	118	109	98	0	0	0.000	0.000	0	0	0	0	0	0	0	0	0	0	0	0	0	0.000	0.000	0	0	0	0	0	0	0	0	0	0	0
43	43	2221	1533.576	361.587	412	767	651	274	79	313	1027	599	207	42	4436.369	31435	12315	3417	2523	2131	1942	1793	1640	1384	1055	382	371.499	3308	925	254	178	161	151	145	139	132	122	101	1	334	1532.623	365.049	0	0	0	19344	0	0	0	1443	0	0	0	1	286	1533.128	364.766	0	0	0	22679	0	0	0	1625	0	0	0
44	44	1414	1721.099	349.750	171	432	461	282	43	142	510	492	193	46	464.761	682	601	563	530	502	477	456	430	381	299	145	111.786	128	118	116	114	113	112	110	109	108	106	100	0	0	0.000	0.000	0	0	0	0	0	0	0	0	0	0	0	0	0	0.000	0.000	0	0	0	0	0	0	0	0	0	0	0
45	45	1331	1637.004	359.245	181	477	520	108	17	175	562	374	163	29	894.701	1228	1065	1024	983	946	909	882	847	785	677	308	132.888	159	145	141	138	136	133	131	128	125	121	104	0	0	0.000	0.000	0	0	0	0	0	0	0	0	0	0	0	0	0	0.000	0.000	0	0	0	0	0	0	0	0	0	0	0
46	46	1687	440.896	367.804	274	855	459	64	14	174	713	542	198	25	109.373	124	114	112	111	110	109	108	107	106	105	99	109.276	123	114	113	111	110	109	108	107	106	105	96	0	0	0.000	0.000	0	0	0	0	0	0	0	0	0	0	0	0	0	0.000	0.000	0	0	0	0	0	0	0	0	0	0	0
47	47	831	895.460	366.821	247	257	211	86	14	177	194	226	150	70	113.697	131	120	118	116	115	114	112	111	109	107	99	185.534	275	240	222	210	198	186	173	163	148	133	109	0	0	0.000	0.000	0	0	0	0	0	0	0	0	0	0	0	0	0	0.000	0.000	0	0	0	0	0	0	0	0	0	0	0
48	48	1789	261.087	379.389	242	804	577	111	17	175	683	600	273	25	300.317	467	402	366	337	317	300	281	260	239	204	129	153.326	204	180	171	164	158	153	148	143	136	126	105	0	0	0.000	0.000	0	0	0	0	0	0	0	0	0	0	0	0	0	0.000	0.000	0	0	0	0	0	0	0	0	0	0	0
49	49	941	1677.804	380.715	568	244	71	21	16	483	249	140	30	18	138.217	387	150	144	141	138	135	132	129	125	119	103	297.226	587	410	358	335	320	307	291	266	231	169	108	1	20	1671.638	378.570	0	0	0	270	0	0	0	493	0	0	0	0	0	0.000	0.000	0	0	0	0	0	0	0	0	0	0	0
50	50	2523	625.508	396.678	385	971	922	176	28	182	642	949	575	123	291.336	8127	244	158	149	143	140	136	132	126	118	101	266.950	1074	336	313	298	280	261	242	223	200	168	103	1	79	614.876	397.445	0	0	0	3723	0	0	0	595	0	0	0	1	42	613.739	395.590	0	0	0	2411	0	0	0	846	0	0	0
51	51	1189	191.392	392.148	224	513	359	59	16	148	377	404	188	47	107.220	118	112	110	109	108	107	106	105	104	103	97	128.048	158	142	138	134	132	130	127	124	118	111	101	0	0	0.000	0.000	0	0	0	0	0	0	0	0	0	0	0	0	0	0.000	0.000	0	0	0	0	0	0	0	0	0	0	0
52	52	1474	512.930	397.149	251	492	523	173	14	173	426	555	202	104	137.475	174	154	150	146	143	139	135	131	125	118	102	169.482	248	206	194	187	178	171	164	157	145	128	103	0	0	0.000	0.000	0	0	0	0	0	0	0	0	0	0	0	0	0	0.000	0.000	0	0	0	0	0	0	0	0	0	0	0
53	53	1684	1254.980	398.789	440	900	285	26	12	353	1015	254	29	13	660.510	14644	847	286	195	169	159	153	149	144	138	114	165.413	1396	186	140	134	131	128	125	122	120	117	105	1	101	1265.239	398.376	0	0	0	6284	0	0	0	597	0	0	0	1	89	1265.474	398.625	0	0	0	7112	0	0	0	637	0	0	0
54	54	1767	102.098	399.446	240	665	587	214	20	210	628	614	229	46	678.695	15927	915	288	184	153	141	134	127	121	113	101	190.108	2058	246	145	134	129	123	119	116	112	108	100	1	105	94.172	397.361	0	0	0	6684	0	0	0	899	0	0	0	1	100	93.278	397.393	0	0	0	6684	0	0	0	943	0	0	0
55	55	1581	924.702	400.636	444	475	427	184	20	301	470	476	238	69	114.272	128	121	119	117	116	115	113	112	110	107	100	215.812	345	290	266	245	227	212	200	188	169	143	107	0	0	0.000	0.000	0	0	0	0	0	0	0	0	0	0	0	0	0	0.000	0.000	0	0	0	0	0	0	0	0	0	0	0
56	56	1060	303.204	399.672	251	383	349	50	10	151	268	368	168	83	285.046	400	351	334	326	314	302	287	263	228	182	120	145.884	186	168	162	158	154	151	147	139	127	113	101	0	0	0.000	0.000	0	0	0	0	0	0	0	0	0	0	0	0	0	0.000	0.000	0	0	0	0	0	0	0	0	0	0	0
57	57	2118	1720.336	412.775	388	606	756	302	38	296	533	714	430	99	118.182	135	126	123	122	120	119	117	115	113	110	101	202.641	294	250	235	227	218	210	199	185	167	144	105	0	0	0.000	0.000	0	0	0	0	0	0	0	0	0	0	0	0	0	0.000	0.000	0	0	0	0	0	0	0	0	0	0	0
58	58	1749	467.375	407.340	410	459	537	249	64	292	617	484	258	62	1365.606	20776	2932	592	309	228	190	169	152	139	126	106	287.850	2407	446	244	211	194	181	169	160	149	131	104	1	182	469.412	403.185	0	0	0	10090	0	0	0	995	0	0	0	1	154	469.145	402.477	0	0	0	11168	0	0	0	1201	0	0	0
59	59	1639	1424.562	430.092	339	438	501	274	57	302	574	511	197	30	996.617	1543	1338	1262	1175	1104	1038	967	883	747	548	174	126.050	159	140	135	131	128	126	123	121	117	112	102	0	0	0.000	0.000	0	0	0	0	0	0	0	0	0	0	0	0	0	0.000	0.000	0	0	0	0	0	0	0	0	0	0	0
60	60	725	1150.491	423.820	90	241	173	160	45	77	204	240	130	57	128.502	146	137	135	133	130	129	127	125	123	120	109	200.068	267	242	233	223	214	203	193	183	168	152	117	0	0	0.000	0.000	0	0	0	0	0	0	0	0	0	0	0	0	0	0.000	0.000	0	0	0	0	0	0	0	0	0	0	0
61	61	2563	158.436	439.274	458	987	821	233	23	330	874	931	332	42	113.892	131	121	119	117	115	114	113	111	109	106	99	205.252	282	257	245	233	220	209	197	184	167	144	109	0	0	0.000	0.000	0	0	0	0	0	0	0	0	0	0	0	0	0	0.000	0.000	0	0	0	0	0	0	0	0	0	0	0
62	62	1901	1293.662	446.586	227	800	600	214	23	154	811	660	220	27	210.031	587	263	237	225	217	209	198	188	175	157	119	111.532	139	122	117	113	111	110	108	107	106	105	99	0	0	0.000	0.000	0	0	0	0	0	0	0	0	0	0	0	0	0	0.000	0.000	0	0	0	0	0	0	0	0	0	0	0
63	63	2050	1028.916	447.575	481	836	562	109	12	373	792	615	208	29	1925.003	27478	3520	347	187	161	154	147	141	133	126	104	1019.643	11320	1530	602	539	484	427	387	359	323	268	120	1	313	1017.766	446.713	0	0	0	13392	0	0	0	4280	0	0	0	1	243	1017.748	446.253	0	0	0	17345	0	0	0	5534	0	0	0
64	64	2080	215.560	460.549	226	479	791	470	79	182	575	891	340	44	117.812	142	126	123	121	120	118	117	115	113	109	98	226.665	337	300	281	263	243	223	208	196	178	153	106	0	0	0.000	0.000	0	0	0	0	0	0	0	0	0	0	0	0	0	0.000	0.000	0	0	0	0	0	0	0	0	0	0	0
65	65	1905	1751.636	474.650	203	639	732	276	27	106	492	798	376	92	283.102	410	357	330	312	298	285	273	258	238	209	122	143.026	181	160	155	151	147	143	140	136	131	126	106	0	0	0.000	0.000	0	0	0	0	0	0	0	0	0	0	0	0	0	0.000	0.000	0	0	0	0	0	0	0	0	0	0	0
66	66	1911	1504.095	480.329	233	500	626	393	119	273	532	627	361	90	308.892	478	380	358	343	332	319	304	287	260	219	123	121.475	143	132	128	126	123	121	119	117	115	112	100	0	0	0.000	0.000	0	0	0	0	0	0	0	0	0	0	0	0	0	0.000	0.000	0	0	0	0	0	0	0	0	0	0	0
67	67	1375	138.679	485.003	303	555	422	61	14	170	347	462	286	87	301.041	6265	373	184	145	132	127	124	121	117	113	100	169.079	548	194	178	170	164	158	153	147	142	134	110	1	68	130.323	478.960	0	0	0	2482	0	0	0	344	0	0	0	1	50	130.897	478.642	0	0	0	3220	0	0	0	397	0	0	0
68	68	1222	746.590	488.246	200	420	409	155	18	58	429	405	212	93	115.807	132	123	121	119	118	116	115	113	111	108	99	153.777	201	181	174	168	163	157	150	143	135	119	103	0	0	0.000	0.000	0	0	0	0	0	0	0	0	0	0	0	0	0	0.000	0.000	0	0	0	0	0	0	0	0	0	0	0
69	69	1607	1315.895	494.370	154	513	635	263	21	94	277	732	338	134	2180.034	24613	6739	1403	615	379	280	233	208	185	157	113	208.371	1474	435	168	131	123	118	115	111	109	107	100	1	235	1314.272	489.712	0	0	0	11341	0	0	0	623	0	0	0	1	203	1314.120	489.782	0	0	0	13810	0	0	0	738	0	0	0
70	70	923	186.045	499.109	109	357	320	116	11	70	279	352	160	44	118.740	139	127	125	123	121	120	118	115	112	109	101	155.765	191	176	171	167	163	159	156	151	142	125	106	0	0	0.000	0.000	0	0	0	0	0	0	0	0	0	0	0	0	0	0.000	0.000	0	0	0	0	0	0	0	0	0	0	0
71	71	1038	136.513	534.836	152	327	386	145	14	96	228	435	214	54	108.548	120	113	112	110	109	108	108	107	105	104	100	137.171	170	155	150	146	142	137	134	129	125	118	103	0	0	0.000	0.000	0	0	0	0	0	0	0	0	0	0	0	0	0	0.000	0.000	0	0	0	0	0	0	0	0	0	0	0
72	72	2251	1065.085	553.550	509	1065	569	62	14	242	689	864	304	96	153.511	223	185	167	160	155	150	147	143	138	130	105	138.691	176	158	153	149	145	140	135	129	124	117	100	0	0	0.000	0.000	0	0	0	0	0	0	0	0	0	0	0	0	0	0.000	0.000	0	0	0	0	0	0	0	0	0	0	0
73	73	1083	1388.977	560.820	153	316	354	196	38	86	312	423	201	48	183.689	240	217	208	200	194	187	180	170	159	145	117	122.534	143	133	130	128	126	124	121	119	115	111	101	0	0	0.000	0.000	0	0	0	0	0	0	0	0	0	0	0	0	0	0.000	0.000	0	0	0	0	0	0	0	0	0	0	0
74	74	1643	1528.432	563.052	189	591	648	163	11	105	446	669	321	71	1450.040	20472	2912	630	396	353	322	298	273	238	188	121	277.647	3026	444	185	158	139	130	125	120	115	110	101	1	181	1520.620	561.276	0	0	0	9213	0	0	0	1250	0	0	0	1	157	1520.623	560.862	0	0	0	10373	0	0	0	1404	0	0	0
75	75	1155	1746.847	563.327	148	337	343	258	50	113	443	374	164	46	113.732	130	120	118	116	115	114	112	111	110	108	101	134.368	173	152	145	141	137	134	131	127	124	119	103	0	0	0.000	0.000	0	0	0	0	0	0	0	0	0	0	0	0	0	0.000	0.000	0	0	0	0	0	0	0	0	0	0	0
76	76	2137	1662.010	568.911	327	516	745	459	44	322	661	841	224	37	1059.005	21684	1527	430	266	208	186	171	158	146	131	107	324.404	4885	444	195	156	142	135	130	126	121	114	102	1	147	1657.440	567.874	0	0	0	10273	0	0	0	2248	0	0	0	1	139	1657.380	567.381	0	0	0	11004	0	0	0	2461	0	0	0
77	77	1265	338.025	577.963	167	387	407	244	41	128	526	395	180	14	133.054	173	150	146	141	138	134	129	125	120	115	104	113.848	135	122	119	117	115	113	112	110	109	106	99	0	0	0.000	0.000	0	0	0	0	0	0	0	0	0	0	0	0	0	0.000	0.000	0	0	0	0	0	0	0	0	0	0	0
78	78	1565	1787.945	587.437	351	483	433	240	28	229	526	368	271	135	114.388	127	120	118	117	115	114	113	112	111	109	100	143.020	176	159	155	151	148	144	141	137	132	125	108	0	0	0.000	0.000	0	0	0	0	0	0	0	0	0	0	0	0	0	0.000	0.000	0	0	0	0	0	0	0	0	0	0	0
79	79	1263	989.830	593.292	209	531	425	62	13	132	509	349	204	37	375.300	503	452	433	413	399	386	370	349	327	284	155	124.282	157	137	132	129	126	123	121	119	117	114	105	0	0	0.000	0.000	0	0	0	0	0	0	0	0	0	0	0	0	0	0.000	0.000	0	0	0	0	0	0	0	0	0	0	0
80	80	1770	1107.055	614.619	289	501	554	339	54	253	633	535	259	51	556.221	11755	709	266	200	172	161	151	144	136	127	105	286.858	1682	357	307	285	269	250	230	210	185	158	115	1	105	1107.359	620.314	0	0	0	5051	0	0	0	884	0	0	0	1	76	1106.989	620.279	0	0	0	7003	0	0	0	1071	0	0	0
81	81	1574	155.201	626.842	182	504	549	268	43	147	455	617	259	64	415.438	3502	492	448	419	399	379	359	334	296	253	136	120.997	349	129	123	120	118	117	115	113	111	109	101	1	31	170.431	628.395	0	0	0	1919	0	0	0	158	0	0	0	1	42	167.845	629.780	0	0	0	797	0	0	0	235	0	0	0
82	82	1457	612.834	629.499	275	325	463	286	76	183	442	513	252	41	671.337	1150	934	831	778	739	703	654	593	496	363	136	105.298	118	109	108	107	106	105	104	104	103	102	96	0	0	0.000	0.000	0	0	0	0	0	0	0	0	0	0	0	0	0	0.000	0.000	0	0	0	0	0	0	0	0	0	0	0
83	83	1396	104.125	629.854	294	486	448	123	19	229	454	382	264	41	110.001	128	116	114	112	111	110	109	107	106	105	99	168.139	242	199	187	180	175	169	164	156	147	136	111	0	0	0.000	0.000	0	0	0	0	0	0	0	0	0	0	0	0	0	0.000	0.000	0	0	0	0	0	0	0	0	0	0	0
84	84	2071	948.378	634.586	398	722	673	228	21	357	735	611	277	59	361.639	584	481	432	401	381	363	344	319	291	243	137	123.227	145	134	131	128	125	123	121	118	116	112	101	0	0	0.000	0.000	0	0	0	0	0	0	0	0	0	0	0	0	0	0.000	0.000	0	0	0	0	0	0	0	0	0	0	0
85	85	1437	409.279	647.355	109	343	507	332	115	123	447	602	211	28	342.228	482	427	402	379	358	341	326	312	292	262	164	125.370	150	136	133	131	128	125	123	120	118	115	102	0	0	0.000	0.000	0	0	0	0	0	0	0	0	0	0	0	0	0	0.000	0.000	0	0	0	0	0	0	0	0	0	0	0
86	86	922	1514.185	648.649	401	285	182	25	17	406	318	148	24	12	128.470	155	140	137	134	131	129	126	123	120	116	104	228.402	368	312	292	271	251	230	209	189	170	131	104	0	0	0.000	0.000	0	0	0	0	0	0	0	0	0	0	0	0	0	0.000	0.000	0	0	0	0	0	0	0	0	0	0	0
87	87	1633	1848.525	656.515	293	680	485	130	17	234	668	534	148	18	201.895	3240	237	157	143	136	132	129	126	122	117	104	139.369	576	150	143	138	135	132	129	126	122	117	98	1	58	1853.763	644.554	0	0	0	1354	0	0	0	305	0	0	0	1	44	1854.465	644.033	0	0	0	1606	0	0	0	349	0	0	0
88	88	1702	1678.214	676.948	274	528	610	218	37	202	479	605	326	53	203.065	3578	229	159	148	143	139	135	131	126	120	104	124.587	494	131	126	123	120	118	116	114	112	109	101	1	52	1671.253	681.392	0	0	0	1548	0	0	0	280	0	0	0	1	44	1670.807	681.358	0	0	0	1585	0	0	0	300	0	0	0
89	89	1070	87.337	670.684	235	466	274	57	12	130	320	367	178	61	110.461	126	116	114	113	111	110	109	108	106	105	99	168.761	223	200	190	182	176	170	165	158	149	133	104	0	0	0.000	0.000	0	0	0	0	0	0	0	0	0	0	0	0	0	0.000	0.000	0	0	0	0	0	0	0	0	0	0	0
90	90	981	1767.577	678.561	328	317	215	79	19	379	361	169	46	12	157.485	191	176	172	168	164	160	156	150	144	135	107	121.577	141	132	129	126	124	122	120	118	115	110	100	0	0	0.000	0.000	0	0	0	0	0	0	0	0	0	0	0	0	0	0.000	0.000	0	0	0	0	0	0	0	0	0	0	0
91	91	2019	653.567	690.404	583	762	480	147	21	523	792	448	186	44	115.426	142	125	122	120	118	115	113	111	108	106	98	113.065	134	123	120	117	114	112	110	108	107	105	96	0	0	0.000	0.000	0	0	0	0	0	0	0	0	0	0	0	0	0	0.000	0.000	0	0	0	0	0	0	0	0	0	0	0
92	92	2172	1123.610	692.990	343	691	814	251	26	241	780	765	310	35	147.000	182	165	160	156	153	149	145	140	134	126	105	205.806	298	254	240	229	215	204	194	186	176	159	111	0	0	0.000	0.000	0	0	0	0	0	0	0	0	0	0	0	0	0	0.000	0.000	0	0	0	0	0	0	0	0	0	0	0
93	93	730	1789.952	717.617	321	263	100	18	11	298	258	117	24	12	128.034	157	140	137	134	131	128	126	123	119	113	105	113.229	131	121	118	117	115	113	111	109	108	106	100	0	0	0.000	0.000	0	0	0	0	0	0	0	0	0	0	0	0	0	0.000	0.000	0	0	0	0	0	0	0	0	0	0	0
94	94	1469	622.231	731.595	245	557	500	125	12	168	538	464	242	34	108.938	123	114	112	111	110	109	108	107	106	104	97	139.993	171	156	152	149	146	142	138	133	128	120	100	0	0	0.000	0.000	0	0	0	0	0	0	0	0	0	0	0	0	0	0.000	0.000	0	0	0	0	0	0	0	0	0	0	0
95	95	1310	1830.944	734.128	173	442	436	223	11	139	422	358	283	88	135.762	165	148	145	142	140	138	135	132	127	120	104	116.806	137	125	122	120	118	117	115	113	112	109	102	0	0	0.000	0.000	0	0	0	0	0	0	0	0	0	0	0	0	0	0.000	0.000	0	0	0	0	0	0	0	0	0	0	0
96	96	1806	766.901	745.966	360	466	425	390	131	337	641	484	259	36	1248.873	17011	1546	844	771	716	663	618	572	517	451	204	192.268	1918	234	146	134	130	127	124	122	119	116	108	1	107	756.704	751.228	0	0	0	9148	0	0	0	906	0	0	0	1	117	757.235	751.584	0	0	0	8103	0	0	0	927	0	0	0
97	97	1746	406.291	739.480	377	839	403	67	23	322	1000	326	60	22	473.153	12069	484	208	165	148	139	133	128	124	117	104	206.352	832	249	228	214	202	193	184	173	160	140	107	1	85	401.170	741.592	0	0	0	5080	0	0	0	473	0	0	0	1	57	401.434	740.466	0	0	0	6039	0	0	0	575	0	0	0
98	98	2104	125.342	752.062	360	668	692	311	37	245	641	702	392	81	438.771	11442	505	208	160	147	140	136	131	125	118	102	265.505	1067	348	319	298	278	251	230	212	187	143	105	1	93	112.775	757.406	0	0	0	4908	0	0	0	629	0	0	0	1	54	112.749	755.769	0	0	0	4098	0	0	0	786	0	0	0
99	99	1727	1871.213	760.289	353	621	532	165	24	250	582	526	264	73	594.587	908	794	743	708	670	633	589	528	443	321	136	124.970	171	144	136	131	127	123	120	117	113	108	100	0	0	0.000	0.000	0	0	0	0	0	0	0	0	0	0	0	0	0	0.000	0.000	0	0	0	0	0	0	0	0	0	0	0
100	100	929	1638.554	760.036	471	313	97	21	11	374	322	164	47	9	117.709	144	128	125	122	119	117	114	112	110	108	102	119.403	153	134	128	124	121	118	115	113	110	108	101	0	0	0.000	0.000	0	0	0	0	0	0	0	0	0	0	0	0	0	0.000	0.000	0	0	0	0	0	0	0	0	0	0	0
101	101	1033	655.190	764.663	216	279	297	192	24	188	308	293	181	39	109.105	122	114	112	111	110	109	108	107	106	104	97	133.458	163	150	146	143	140	136	133	127	119	111	101	0	0	0.000	0.000	0	0	0	0	0	0	0	0	0	0	0	0	0	0.000	0.000	0	0	0	0	0	0	0	0	0	0	0
102	102	1788	1213.295	776.688	158	556	752	258	23	114	561	709	288	82	166.995	1966	174	158	151	146	141	137	132	127	122	108	122.753	501	133	127	123	119	117	114	112	110	108	101	1	41	1220.786	783.552	0	0	0	888	0	0	0	274	0	0	0	1	38	1220.707	783.074	0	0	0	900	0	0	0	283	0	0	0
103	103	993	1597.048	779.911	139	371	323	117	17	80	391	331	155	17	125.831	147	136	133	130	128	126	124	122	119	115	103	212.577	295	266	253	241	228	215	201	188	172	156	112	0	0	0.000	0.000	0	0	0	0	0	0	0	0	0	0	0	0	0	0.000	0.000	0	0	0	0	0	0	0	0	0	0	0
104	104	1748	1059.970	783.958	322	599	589	189	28	284	944	308	174	7	1345.878	18772	2293	784	541	458	419	381	332	274	208	117	370.276	5480	590	213	160	144	135	129	122	116	110	99	1	157	1058.766	780.645	0	0	0	9464	0	0	0	2115	0	0	0	1	135	1058.972	780.232	0	0	0	11052	0	0	0	2550	0	0	0
105	105	1704	1670.419	793.927	752	519	280	104	27	1092	513	66	7	5	528.894	13389	658	236	178	163	153	146	138	130	118	101	308.482	3570	334	287	267	249	230	211	193	169	140	101	1	82	1661.905	790.454	0	0	0	5630	0	0	0	1658	0	0	0	1	72	1661.722	790.323	0	0	0	6666	0	0	0	1820	0	0	0
106	106	1569	1312.796	801.573	228	584	494	196	34	146	690	433	223	47	1243.479	1909	1587	1491	1436	1377	1315	1232	1134	1007	741	224	160.685	210	184	177	172	167	163	157	153	145	133	108	0	0	0.000	0.000	0	0	0	0	0	0	0	0	0	0	0	0	0	0.000	0.000	0	0	0	0	0	0	0	0	0	0	0
107	107	1167	94.815	805.362	261	333	366	159	35	292	417	310	111	18	472.510	983	751	638	562	505	466	416	363	300	193	122	105.894	117	110	109	107	107	106	105	104	103	102	96	0	0	0.000	0.000	0	0	0	0	0	0	0	0	0	0	0	0	0	0.000	0.000	0	0	0	0	0	0	0	0	0	0	0
108	108	1828	147.215	817.702	286	735	578	177	11	150	631	579	325	113	274.693	6462	295	166	149	144	140	136	132	127	120	104	139.136	918	145	130	127	124	122	120	118	115	111	101	1	59	159.721	811.883	0	0	0	3052	0	0	0	433	0	0	0	1	59	159.722	812.735	0	0	0	2478	0	0	0	508	0	0	0
109	109	1861	710.431	819.398	292	495	669	357	14	245	631	621	272	47	614.213	14946	752	261	169	151	142	135	129	124	117	100	167.579	1688	186	137	130	126	123	121	118	114	109	100	1	102	700.373	825.615	0	0	0	6433	0	0	0	747	0	0	0	1	88	700.710	825.052	0	0	0	7000	0	0	0	858	0	0	0
110	110	1281	993.846	817.516	293	353	351	223	40	235	406	358	229	27	134.742	658	144	137	134	132	129	126	123	119	114	101	161.495	215	187	179	173	169	164	159	153	145	132	107	1	25	984.757	801.177	0	0	0	352	0	0	0	129	0	0	0	0	0	0.000	0.000	0	0	0	0	0	0	0	0	0	0	0
111	111	1888	271.072	829.467	507	811	435	80	12	388	732	528	163	36	536.815	12889	632	243	187	167	154	147	141	134	124	104	166.235	1197	181	147	142	138	135	132	128	123	115	102	1	95	282.053	831.006	0	0	0	5905	0	0	0	624	0	0	0	1	96	281.873	830.988	0	0	0	5905	0	0	0	624	0	0	0
112	112	733	1221.472	824.010	100	283	256	73	10	66	194	290	109	50	120.236	137	128	126	124	122	121	119	117	115	112	103	120.506	144	132	128	125	123	121	118	116	112	109	101	0	0	0.000	0.000	0	0	0	0	0	0	0	0	0	0	0	0	0	0.000	0.000	0	0	0	0	0	0	0	0	0	0	0
113	113	1225	1080.076	835.924	150	286	473	261	32	121	286	534	201	64	325.848	500	438	409	386	368	350	320	282	231	180	112	120.163	147	133	127	125	123	120	118	115	112	108	99	0	0	0.000	0.000	0	0	0	0	0	0	0	0	0	0	0	0	0	0.000	0.000	0	0	0	0	0	0	0	0	0	0	0
114	114	1090	107.381	853.921	140	322	509	80	15	115	262	425	214	52	133.088	161	150	145	141	138	134	131	127	122	114	100	118.709	138	128	125	123	121	120	117	115	112	108	99	0	0	0.000	0.000	0	0	0	0	0	0	0	0	0	0	0	0	0	0.000	0.000	0	0	0	0	0	0	0	0	0	0	0
115	115	1994	1275.344	863.967	270	581	816	254	40	256	649	700	307	40	751.335	1191	1053	978	910	841	789	726	652	545	364	123	142.997	212	170	162	154	148	142	137	132	125	116	98	0	0	0.000	0.000	0	0	0	0	0	0	0	0	0	0	0	0	0	0.000	0.000	0	0	0	0	0	0	0	0	0	0	0
116	116	1714	717.499	869.796	296	479	537	318	49	252	505	541	301	80	139.489	975	151	143	138	134	130	126	122	116	109	100	118.028	256	128	124	121	119	116	114	112	109	105	96	1	30	708.430	856.385	0	0	0	521	0	0	0	180	0	0	0	1	37	708.068	855.338	0	0	0	257	0	0	0	184	0	0	0
117	117	2077	76.888	897.361	355	528	695	407	54	373	719	697	228	22	659.053	12530	826	457	367	323	291	266	245	220	180	106	121.264	568	129	114	111	109	107	106	105	104	102	96	1	105	73.539	894.380	0	0	0	5714	0	0	0	296	0	0	0	1	98	74.017	894.363	0	0	0	5930	0	0	0	328	0	0	0
118	118	1449	1574.388	888.618	171	476	439	283	43	174	492	374	283	98	592.166	891	761	703	668	642	606	566	526	479	410	185	113.029	163	118	116	115	114	112	111	110	109	107	98	0	0	0.000	0.000	0	0	0	0	0	0	0	0	0	0	0	0	0	0.000	0.000	0	0	0	0	0	0	0	0	0	0	0
119	119	1769	949.158	896.147	290	428	631	330	52	285	627	546	226	38	124.921	152	136	133	131	128	126	124	120	116	111	100	150.838	202	182	174	167	160	153	145	137	127	116	100	0	0	0.000	0.000	0	0	0	0	0	0	0	0	0	0	0	0	0	0.000	0.000	0	0	0	0	0	0	0	0	0	0	0
120	120	1082	837.432	904.655	147	324	341	226	32	73	253	446	218	73	111.879	126	118	116	114	113	112	111	110	108	106	98	115.286	141	124	121	118	117	115	113	111	110	107	101	0	0	0.000	0.000	0	0	0	0	0	0	0	0	0	0	0	0	0	0.000	0.000	0	0	0	0	0	0	0	0	0	0	0
121	121	1762	418.840	915.828	286	303	602	417	122	324	601	530	215	68	340.036	520	469	441	414	393	371	334	289	232	156	107	111.653	146	121	116	114	112	110	109	107	106	104	98	0	0	0.000	0.000	0	0	0	0	0	0	0	0	0	0	0	0	0	0.000	0.000	0	0	0	0	0	0	0	0	0	0	0
122	122	1467	1255.536	916.507	301	522	483	121	20	223	436	460	287	37	812.008	1258	1093	1022	946	869	800	740	695	645	543	201	144.503	190	171	160	152	146	141	138	134	131	125	106	0	0	0.000	0.000	0	0	0	0	0	0	0	0	0	0	0	0	0	0.000	0.000	0	0	0	0	0	0	0	0	0	0	0
123	123	893	1615.212	912.670	91	244	291	216	35	116	293	304	134	19	514.214	756	659	612	580	554	533	510	475	420	340	150	112.579	157	120	115	113	112	110	109	108	107	105	101	0	0	0.000	0.000	0	0	0	0	0	0	0	0	0	0	0	0	0	0.000	0.000	0	0	0	0	0	0	0	0	0	0	0
124	124	2022	249.800	933.479	506	1066	372	36	16	325	901	527	203	30	109.243	122	114	112	111	110	109	108	107	106	104	98	216.973	352	300	268	243	229	216	200	181	164	145	106	0	0	0.000	0.000	0	0	0	0	0	0	0	0	0	0	0	0	0	0.000	0.000	0	0	0	0	0	0	0	0	0	0	0
125	125	1705	874.290	934.367	312	582	466	280	33	274	585	503	258	55	114.469	129	121	119	118	116	115	113	112	110	108	101	115.222	138	123	121	119	117	115	114	112	109	107	99	0	0	0.000	0.000	0	0	0	0	0	0	0	0	0	0	0	0	0	0.000	0.000	0	0	0	0	0	0	0	0	0	0	0
126	126	1486	382.179	951.485	235	462	526	202	38	173	506	495	224	56	2171.829	23681	6317	1460	730	516	421	373	338	303	270	152	266.883	2215	552	204	161	142	129	121	116	112	109	101	1	212	385.227	953.523	0	0	0	11235	0	0	0	898	0	0	0	1	180	385.263	953.375	0	0	0	13883	0	0	0	1086	0	0	0
127	127	1068	1583.290	962.305	149	372	348	135	44	112	369	404	114	50	113.939	128	120	118	116	115	114	113	111	110	108	100	107.222	121	112	110	109	108	107	106	105	104	103	98	0	0	0.000	0.000	0	0	0	0	0	0	0	0	0	0	0	0	0	0.000	0.000	0	0	0	0	0	0	0	0	0	0	0
128	128	977	500.413	967.847	399	183	214	130	38	359	227	189	129	59	112.576	129	120	118	116	115	113	111	109	107	105	99	207.670	314	278	260	240	222	207	194	176	158	142	107	0	0	0.000	0.000	0	0	0	0	0	0	0	0	0	0	0	0	0	0.000	0.000	0	0	0	0	0	0	0	0	0	0	0
129	129	846	160.489	968.570	547	177	53	39	16	483	205	81	50	12	471.796	723	652	610	571	532	489	445	394	333	258	143	134.456	167	152	146	142	140	136	132	128	122	115	102	0	0	0.000	0.000	0	0	0	0	0	0	0	0	0	0	0	0	0	0.000	0.000	0	0	0	0	0	0	0	0	0	0	0
130	130	1422	293.790	974.996	229	463	452	236	19	201	542	444	185	21	112.129	123	117	116	115	113	112	111	110	108	107	99	145.467	176	161	157	153	150	148	144	139	134	127	109	0	0	0.000	0.000	0	0	0	0	0	0	0	0	0	0	0	0	0	0.000	0.000	0	0	0	0	0	0	0	0	0	0	0
131	131	2058	197.153	992.851	315	456	634	486	131	326	670	697	271	66	570.757	8137	737	588	511	474	430	384	339	290	213	106	187.294	2842	193	152	143	137	133	128	123	118	113	101	1	57	193.988	989.766	0	0	0	4192	0	0	0	1334	0	0	0	1	67	194.177	988.879	0	0	0	3291	0	0	0	1218	0	0	0
132	132	1299	823.406	986.243	145	329	452	269	81	116	484	406	212	49	132.931	169	147	142	140	137	135	132	128	124	115	101	134.243	166	149	145	142	139	135	132	128	124	115	101	0	0	0.000	0.000	0	0	0	0	0	0	0	0	0	0	0	0	0	0.000	0.000	0	0	0	0	0	0	0	0	0	0	0
133	133	739	340.180	982.115	192	250	224	47	18	171	217	200	119	14	129.223	148	138	135	133	131	130	128	126	123	120	110	105.525	118	110	108	107	106	105	105	104	103	102	99	0	0	0.000	0.000	0	0	0	0	0	0	0	0	0	0	0	0	0	0.000	0.000	0	0	0	0	0	0	0	0	0	0	0
134	134	2108	253.584	1011.013	248	693	721	314	91	189	793	744	287	47	111.411	124	117	115	114	113	111	110	109	108	106	100	271.588	405	362	341	320	300	275	250	224	204	178	124	0	0	0.000	0.000	0	0	0	0	0	0	0	0	0	0	0	0	0	0.000	0.000	0	0	0	0	0	0	0	0	0	0	0
135	135	1798	776.247	1012.737	322	632	573	217	27	275	668	494	251	77	142.062	178	158	153	149	146	143	140	136	131	123	104	146.124	182	163	157	154	151	148	144	140	135	126	106	0	0	0.000	0.000	0	0	0	0	0	0	0	0	0	0	0	0	0	0.000	0.000	0	0	0	0	0	0	0	0	0	0	0
136	136	1314	581.740	1009.918	378	300	333	213	67	368	416	321	130	58	161.559	228	195	187	181	174	167	157	147	132	116	104	167.658	235	208	200	193	185	175	163	148	129	115	99	0	0	0.000	0.000	0	0	0	0	0	0	0	0	0	0	0	0	0	0.000	0.000	0	0	0	0	0	0	0	0	0	0	0
137	137	663	527.967	1007.726	106	246	212	78	14	27	169	247	144	54	232.463	334	299	283	266	249	237	223	209	190	151	116	126.599	149	138	135	133	131	128	125	122	118	112	102	0	0	0.000	0.000	0	0	0	0	0	0	0	0	0	0	0	0	0	0.000	0.000	0	0	0	0	0	0	0	0	0	0	0
138	138	1161	362.503	1018.742	348	545	222	20	11	308	476	272	65	17	131.991	160	144	141	138	136	133	130	127	122	117	104	106.742	120	113	110	108	107	106	105	104	103	102	98	0	0	0.000	0.000	0	0	0	0	0	0	0	0	0	0	0	0	0	0.000	0.000	0	0	0	0	0	0	0	0	0	0	0
139	139	1643	313.979	1021.914	256	380	591	307	82	265	780	406	156	14	121.504	907	124	120	118	116	115	113	112	110	108	99	147.700	186	167	162	158	154	149	145	139	134	125	102	1	23	308.025	1003.674	0	0	0	443	0	0	0	161	0	0	0	0	0	0.000	0.000	0	0	0	0	0	0	0	0	0	0	0
140	140	2675	1823.800	1026.701	2183	352	83	27	11	2127	399	88	24	11	1074.661	14374	1849	1637	1423	1175	900	574	406	298	167	110	155.390	2040	189	173	159	146	132	120	113	109	106	98	0	0	0.000	0.000	0	0	0	0	0	0	0	0	0	0	0	0	0	0.000	0.000	0	0	0	0	0	0	0	0	0	0	0
141	141	2110	546.225	1054.646	358	938	631	137	15	207	640	777	341	93	299.656	471	399	364	340	321	300	282	261	237	201	120	133.664	169	152	147	141	137	133	129	125	122	117	103	0	0	0.000	0.000	0	0	0	0	0	0	0	0	0	0	0	0	0	0.000	0.000	0	0	0	0	0	0	0	0	0	0	0
142	142	1910	253.807	1066.869	254	413	726	425	55	227	512	756	286	98	109.784	122	115	113	112	111	110	109	108	106	105	94	244.432	376	325	309	293	271	248	224	200	181	160	111	0	0	0.000	0.000	0	0	0	0	0	0	0	0	0	0	0	0	0	0.000	0.000	0	0	0	0	0	0	0	0	0	0	0
143	143	2273	407.548	1063.643	500	1030	607	92	15	394	829	707	279	38	1090.712	18596	1785	408	242	191	169	156	147	137	126	107	934.700	9362	1452	736	643	595	563	526	471	379	275	132	1	196	407.347	1059.422	0	0	0	9199	0	0	0	4753	0	0	0	1	172	407.895	1058.946	0	0	0	10491	0	0	0	5200	0	0	0
144	144	702	207.223	1064.807	62	205	232	148	30	38	237	255	121	38	107.265	121	111	110	109	108	107	106	105	105	103	98	116.880	132	125	122	120	119	117	115	114	112	109	101	0	0	0.000	0.000	0	0	0	0	0	0	0	0	0	0	0	0	0	0.000	0.000	0	0	0	0	0	0	0	0	0	0	0
145	145	2017	342.065	1073.373	238	768	657	308	17	227	773	604	322	64	1038.175	13751	1165	976	871	812	754	696	634	524	385	165	152.048	1228	158	135	131	128	126	123	120	116	112	102	1	76	351.367	1078.679	0	0	0	7252	0	0	0	649	0	0	0	1	81	349.895	1078.158	0	0	0	4293	0	0	0	642	0	0	0
146	146	1446	1813.940	1076.310	267	403	509	227	12	245	422	510	213	30	1736.600	2853	2475	2228	2086	1934	1781	1608	1433	1229	1008	238	107.649	129	113	111	109	108	107	106	105	104	103	98	0	0	0.000	0.000	0	0	0	0	0	0	0	0	0	0	0	0	0	0.000	0.000	0	0	0	0	0	0	0	0	0	0	0
147	147	1594	1919.508	1088.730	303	645	531	69	15	192	518	509	295	57	512.300	766	651	593	566	546	528	509	480	426	349	170	166.646	217	190	184	179	174	169	165	159	150	137	106	0	0	0.000	0.000	0	0	0	0	0	0	0	0	0	0	0	0	0	0.000	0.000	0	0	0	0	0	0	0	0	0	0	0
148	148	1971	1857.798	1106.443	253	605	721	311	44	208	616	722	323	61	790.580	11450	868	680	620	592	570	543	503	443	367	154	355.570	7529	385	223	197	188	179	172	166	157	144	111	1	67	1854.272	1113.951	0	0	0	6058	0	0	0	3542	0	0	0	1	80	1854.779	1113.326	0	0	0	4486	0	0	0	3278	0	0	0
149	149	521	500.753	1093.396	31	116	183	154	29	29	99	167	164	54	118.451	135	126	125	122	121	119	117	115	113	110	103	184.413	238	220	213	204	197	189	179	170	157	141	111	0	0	0.000	0.000	0	0	0	0	0	0	0	0	0	0	0	0	0	0.000	0.000	0	0	0	0	0	0	0	0	0	0	0
150	150	1754	442.009	1106.659	349	484	604	274	14	252	499	636	245	100	140.166	875	149	145	142	140	136	133	128	122	115	103	594.674	1121	815	783	743	681	616	550	496	431	314	152	1	33	444.716	1121.386	0	0	0	386	0	0	0	750	0	0	0	0	0	0.000	0.000	0	0	0	0	0	0	0	0	0	0	0
151	151	1827	210.322	1110.769	247	415	627	452	46	200	465	649	380	106	107.631	120	112	110	109	108	108	107	106	105	103	97	120.864	147	134	130	126	123	121	118	115	112	108	98	0	0	0.000	0.000	0	0	0	0	0	0	0	0	0	0	0	0	0	0.000	0.000	0	0	0	0	0	0	0	0	0	0	0
152	152	1271	312.196	1113.989	201	383	417	216	32	173	409	349	229	79	588.029	1766	782	725	686	653	619	577	526	428	287	130	118.601	212	130	126	123	120	118	116	113	109	106	98	0	0	0.000	0.000	0	0	0	0	0	0	0	0	0	0	0	1	14	311.210	1125.510	0	0	0	997	0	0	0	183	0	0	0
153	153	1251	980.520	1115.230	114	292	460	317	45	101	401	421	191	113	741.287	1218	989	900	846	787	728	695	658	594	480	250	121.174	164	136	129	125	122	119	117	115	113	110	100	0	0	0.000	0.000	0	0	0	0	0	0	0	0	0	0	0	0	0	0.000	0.000	0	0	0	0	0	0	0	0	0	0	0
154	154	2173	629.224	1124.870	420	724	753	210	31	214	723	720	363	102	1347.117	17866	1660	926	861	804	750	683	627	541	407	148	197.245	2164	234	156	144	134	128	123	120	116	113	105	1	142	638.111	1122.358	0	0	0	9178	0	0	0	904	0	0	0	1	130	637.796	1121.879	0	0	0	9736	0	0	0	1059	0	0	0
155	155	2318	1805.289	1129.538	443	879	751	178	18	425	1079	617	140	15	1647.951	3039	2494	2171	1962	1833	1684	1518	1325	1106	762	218	108.801	129	116	112	110	109	108	107	106	105	103	97	0	0	0.000	0.000	0	0	0	0	0	0	0	0	0	0	0	0	0	0.000	0.000	0	0	0	0	0	0	0	0	0	0	0
156	156	1436	1889.262	1138.677	225	481	577	116	19	169	446	506	232	57	405.008	580	521	492	471	450	424	397	369	318	243	144	149.058	191	174	166	159	154	150	146	141	133	122	105	0	0	0.000	0.000	0	0	0	0	0	0	0	0	0	0	0	0	0	0.000	0.000	0	0	0	0	0	0	0	0	0	0	0
157	157	2267	1028.216	1149.181	370	873	673	285	38	300	957	635	264	67	1364.791	18406	1706	1118	1008	928	866	805	722	604	455	140	167.369	1437	189	148	136	129	125	121	118	115	111	98	1	108	1029.416	1145.435	0	0	0	9704	0	0	0	805	0	0	0	1	116	1029.460	1145.112	0	0	0	9192	0	0	0	782	0	0	0
158	158	1475	1850.045	1166.901	200	418	484	283	62	185	488	454	266	60	114.078	128	120	118	116	115	114	113	112	111	108	101	141.767	180	159	154	151	147	144	140	135	128	120	105	0	0	0.000	0.000	0	0	0	0	0	0	0	0	0	0	0	0	0	0.000	0.000	0	0	0	0	0	0	0	0	0	0	0
159	159	1639	586.108	1180.793	263	559	646	108	35	193	497	648	214	55	590.404	8014	646	557	511	478	450	415	386	340	275	131	124.041	395	141	129	123	119	115	113	111	110	108	102	1	51	573.692	1187.267	0	0	0	3947	0	0	0	237	0	0	0	1	60	573.790	1187.874	0	0	0	3566	0	0	0	254	0	0	0
160	160	1848	984.120	1177.125	269	558	573	356	64	242	651	570	279	73	595.804	14864	717	253	180	155	143	135	129	124	117	103	227.895	1395	253	231	221	212	201	191	178	163	146	108	1	102	987.854	1169.641	0	0	0	6395	0	0	0	706	0	0	0	1	72	988.045	1169.518	0	0	0	8055	0	0	0	886	0	0	0
161	161	1202	850.792	1177.603	166	329	375	247	61	134	434	375	179	62	116.157	407	120	117	116	114	113	112	110	109	107	100	209.034	282	248	237	229	222	213	205	195	181	162	113	1	24	834.647	1178.205	0	0	0	218	0	0	0	233	0	0	0	0	0	0.000	0.000	0	0	0	0	0	0	0	0	0	0	0
162	162	1370	1609.608	1187.663	262	419	430	212	27	144	400	426	266	105	107.355	124	112	110	109	108	107	106	105	104	103	98	156.771	218	188	180	176	171	165	157	144	123	109	100	0	0	0.000	0.000	0	0	0	0	0	0	0	0	0	0	0	0	0	0.000	0.000	0	0	0	0	0	0	0	0	0	0	0
163	163	1366	1904.884	1186.619	202	308	483	311	34	174	389	496	229	57	397.176	601	527	496	473	445	414	380	347	294	232	127	150.823	195	178	171	164	159	153	147	140	132	118	103	0	0	0.000	0.000	0	0	0	0	0	0	0	0	0	0	0	0	0	0.000	0.000	0	0	0	0	0	0	0	0	0	0	0
164	164	1596	126.003	1197.822	199	562	641	147	23	140	509	585	297	32	129.288	594	138	132	129	126	124	121	119	116	112	102	124.303	219	133	130	128	126	124	122	120	117	114	103	1	35	117.290	1180.176	0	0	0	321	0	0	0	162	0	0	0	0	0	0.000	0.000	0	0	0	0	0	0	0	0	0	0	0
165	165	1922	177.239	1205.402	437	506	593	304	47	356	573	660	243	48	355.631	9700	378	188	163	157	152	147	140	133	124	104	699.929	5741	854	757	719	683	641	594	546	451	327	137	1	68	177.039	1218.880	0	0	0	3926	0	0	0	2749	0	0	0	1	50	176.057	1218.507	0	0	0	4535	0	0	0	3515	0	0	0
166	166	2045	229.669	1219.439	294	626	718	333	30	238	690	703	280	91	165.697	2044	179	161	152	147	142	138	134	129	123	108	129.136	368	145	137	133	129	125	122	119	115	112	102	1	36	234.655	1216.691	0	0	0	936	0	0	0	247	0	0	0	1	32	234.523	1216.204	0	0	0	973	0	0	0	270	0	0	0
167	167	1263	695.914	1237.079	202	286	397	282	76	162	424	447	167	38	499.469	6898	575	536	510	488	460	435	397	335	250	127	121.489	553	129	124	121	119	117	115	113	110	107	99	0	0	0.000	0.000	0	0	0	0	0	0	0	0	0	0	0	0	0	0.000	0.000	0	0	0	0	0	0	0	0	0	0	0
168	168	2772	983.702	1244.207	807	896	734	263	29	869	977	635	222	14	1585.387	2681	2209	2029	1912	1798	1686	1563	1428	1135	669	208	116.541	147	128	124	120	118	116	113	111	109	107	100	0	0	0.000	0.000	0	0	0	0	0	0	0	0	0	0	0	0	0	0.000	0.000	0	0	0	0	0	0	0	0	0	0	0
169	169	1948	1632.252	1238.551	348	726	665	153	27	187	521	709	410	92	110.373	127	116	114	113	111	110	109	108	107	105	98	179.254	245	213	204	198	190	184	175	166	156	136	103	0	0	0.000	0.000	0	0	0	0	0	0	0	0	0	0	0	0	0	0.000	0.000	0	0	0	0	0	0	0	0	0	0	0
170	170	2158	884.573	1247.058	348	971	656	140	11	306	921	601	264	26	131.993	159	144	140	137	135	133	130	127	124	119	104	119.459	142	129	126	124	122	120	118	116	113	108	98	0	0	0.000	0.000	0	0	0	0	0	0	0	0	0	0	0	0	0	0.000	0.000	0	0	0	0	0	0	0	0	0	0	0
171	171	1900	145.344	1254.654	397	790	570	103	10	242	596	629	344	53	1858.974	23014	4294	893	450	318	267	238	215	195	175	115	361.452	4048	758	238	163	142	132	126	122	118	115	104	1	231	140.332	1255.348	0	0	0	11262	0	0	0	1695	0	0	0	1	208	140.752	1255.091	0	0	0	12799	0	0	0	1873	0	0	0
172	172	1462	423.509	1267.892	76	311	570	403	63	64	309	649	357	63	161.060	1877	163	151	145	141	138	134	130	126	121	107	138.014	536	151	144	139	135	132	130	127	125	121	108	1	29	427.621	1283.173	0	0	0	884	0	0	0	216	0	0	0	1	29	428.592	1284.172	0	0	0	560	0	0	0	324	0	0	0
173	173	1942	253.071	1266.020	330	587	667	258	61	190	506	775	324	113	1722.853	23564	3791	787	398	275	219	186	164	148	135	111	249.767	2336	428	192	158	141	131	125	121	116	112	102	1	224	254.986	1262.307	0	0	0	10721	0	0	0	967	0	0	0	1	190	254.759	1262.013	0	0	0	13255	0	0	0	1118	0	0	0
174	174	1422	474.352	1270.639	288	443	430	212	24	261	602	329	171	28	114.836	133	121	119	117	116	115	114	112	111	109	100	106.352	123	112	109	107	107	106	105	104	103	102	97	0	0	0.000	0.000	0	0	0	0	0	0	0	0	0	0	0	0	0	0.000	0.000	0	0	0	0	0	0	0	0	0	0	0
175	175	1644	378.436	1281.442	188	647	553	190	36	142	684	547	196	38	397.364	8969	468	261	221	200	186	174	165	155	144	115	135.891	1065	141	121	117	115	114	112	111	109	107	99	1	59	380.163	1279.831	0	0	0	4114	0	0	0	522	0	0	0	1	60	380.627	1279.875	0	0	0	4114	0	0	0	537	0	0	0
176	176	1619	718.885	1278.999	387	508	530	145	20	348	572	415	236	24	465.620	1889	586	561	537	511	487	450	414	365	280	132	116.855	169	128	124	121	118	116	114	112	110	108	102	0	0	0.000	0.000	0	0	0	0	0	0	0	0	0	0	0	0	0	0.000	0.000	0	0	0	0	0	0	0	0	0	0	0
177	177	1240	933.285	1276.037	222	411	388	169	23	168	420	357	198	77	134.203	171	147	143	140	137	135	132	129	125	121	110	122.395	153	134	129	126	124	122	120	118	116	112	101	0	0	0.000	0.000	0	0	0	0	0	0	0	0	0	0	0	0	0	0.000	0.000	0	0	0	0	0	0	0	0	0	0	0
178	178	1693	160.432	1300.476	205	430	677	312	38	178	397	715	290	84	425.000	8792	569	257	202	187	176	165	155	145	131	93	142.381	929	159	132	125	122	119	117	114	112	108	99	1	83	166.281	1293.783	0	0	0	3702	0	0	0	322	0	0	0	1	86	167.702	1293.459	0	0	0	2055	0	0	0	450	0	0	0
179	179	1705	1797.137	1306.954	170	515	640	273	78	139	555	585	296	96	262.566	5485	291	164	153	146	141	136	131	127	122	102	154.443	1091	165	149	142	138	135	131	128	123	115	100	1	61	1802.736	1315.782	0	0	0	2284	0	0	0	378	0	0	0	1	58	1802.122	1313.992	0	0	0	989	0	0	0	576	0	0	0
180	180	1741	822.815	1310.107	455	423	571	240	22	362	439	600	261	48	123.342	151	136	132	128	126	123	121	118	115	111	103	380.706	590	532	497	463	425	393	362	317	263	201	127	0	0	0.000	0.000	0	0	0	0	0	0	0	0	0	0	0	0	0	0.000	0.000	0	0	0	0	0	0	0	0	0	0	0
181	181	1096	1748.135	1307.637	223	377	344	119	14	139	343	335	191	67	110.204	123	115	114	112	111	110	109	108	107	105	100	240.102	318	286	275	264	254	245	234	221	209	188	123	0	0	0.000	0.000	0	0	0	0	0	0	0	0	0	0	0	0	0	0.000	0.000	0	0	0	0	0	0	0	0	0	0	0
182	182	1708	548.332	1314.514	162	538	717	226	28	110	409	661	361	131	117.980	147	124	121	120	119	118	117	115	114	112	104	151.099	197	171	165	160	156	151	148	143	138	130	107	0	0	0.000	0.000	0	0	0	0	0	0	0	0	0	0	0	0	0	0.000	0.000	0	0	0	0	0	0	0	0	0	0	0
183	183	1228	222.513	1312.150	206	455	395	133	13	134	512	371	163	33	323.243	429	389	375	366	354	341	325	299	271	227	128	107.030	121	111	110	109	108	107	106	105	104	103	99	0	0	0.000	0.000	0	0	0	0	0	0	0	0	0	0	0	0	0	0.000	0.000	0	0	0	0	0	0	0	0	0	0	0
184	184	1749	348.678	1318.494	273	519	569	327	34	201	478	644	332	62	529.253	880	715	645	600	566	531	492	457	421	346	148	105.837	124	109	108	107	106	106	105	104	104	103	91	0	0	0.000	0.000	0	0	0	0	0	0	0	0	0	0	0	0	0	0.000	0.000	0	0	0	0	0	0	0	0	0	0	0
185	185	2376	1308.985	1323.123	655	1002	562	94	16	410	658	784	418	75	2710.989	27586	10080	1399	544	324	233	198	180	165	146	111	855.601	6851	2119	675	538	481	426	374	330	284	227	120	1	397	1312.820	1319.225	0	0	0	14869	0	0	0	2766	0	0	0	1	293	1312.700	1319.004	0	0	0	20129	0	0	0	3788	0	0	0
186	186	1135	633.633	1326.018	199	441	336	113	14	136	429	326	174	48	631.912	999	882	808	753	703	659	606	561	466	314	148	144.139	180	163	159	155	150	146	142	136	129	120	103	0	0	0.000	0.000	0	0	0	0	0	0	0	0	0	0	0	0	0	0.000	0.000	0	0	0	0	0	0	0	0	0	0	0
187	187	946	1225.932	1328.399	110	172	296	293	55	92	166	251	274	147	121.483	140	130	127	125	123	122	120	118	116	113	104	202.537	274	250	238	230	220	211	200	188	165	135	106	0	0	0.000	0.000	0	0	0	0	0	0	0	0	0	0	0	0	0	0.000	0.000	0	0	0	0	0	0	0	0	0	0	0
188	188	1376	584.410	1347.394	188	432	459	232	38	157	507	400	226	54	116.788	135	123	121	119	118	117	116	114	113	111	103	145.822	189	169	161	154	150	146	142	138	132	122	104	0	0	0.000	0.000	0	0	0	0	0	0	0	0	0	0	0	0	0	0.000	0.000	0	0	0	0	0	0	0	0	0	0	0
189	189	2712	1359.018	1350.061	618	642	1002	377	33	523	756	1042	292	44	173.996	226	204	197	192	186	178	171	163	150	134	104	413.423	659	597	558	512	470	423	373	322	274	218	114	0	0	0.000	0.000	0	0	0	0	0	0	0	0	0	0	0	0	0	0.000	0.000	0	0	0	0	0	0	0	0	0	0	0
190	190	1883	454.994	1346.305	674	670	468	29	10	444	697	492	201	20	116.670	141	124	121	119	118	116	115	114	112	110	103	253.290	369	306	290	280	270	261	252	239	215	182	125	0	0	0.000	0.000	0	0	0	0	0	0	0	0	0	0	0	0	0	0.000	0.000	0	0	0	0	0	0	0	0	0	0	0
191	191	2104	1073.892	1358.306	590	925	480	40	16	341	820	625	248	29	2259.415	14507	3221	2707	2458	2258	2032	1835	1646	1378	1024	314	168.572	1015	195	178	167	157	149	142	136	130	123	106	1	48	1084.218	1363.096	0	0	0	10085	0	0	0	662	0	0	0	1	65	1082.412	1362.042	0	0	0	6130	0	0	0	574	0	0	0
192	192	715	740.116	1342.212	232	224	185	50	13	156	255	204	68	19	262.499	373	331	317	300	285	269	251	230	213	185	127	108.864	124	114	112	111	109	108	107	107	106	105	99	0	0	0.000	0.000	0	0	0	0	0	0	0	0	0	0	0	1	38	741.681	1330.489	0	0	0	274	0	0	0	116	0	0	0
193	193	1090	144.404	1349.491	191	335	374	150	20	154	233	375	209	107	139.519	174	159	153	149	145	141	137	131	125	118	102	119.795	152	137	131	126	123	120	116	111	108	105	99	0	0	0.000	0.000	0	0	0	0	0	0	0	0	0	0	0	0	0	0.000	0.000	0	0	0	0	0	0	0	0	0	0	0
194	194	1511	1758.185	1353.440	354	522	486	101	19	263	488	445	225	54	109.488	123	114	112	111	110	110	109	108	107	105	98	237.129	327	289	276	267	256	245	235	221	202	166	113	0	0	0.000	0.000	0	0	0	0	0	0	0	0	0	0	0	0	0	0.000	0.000	0	0	0	0	0	0	0	0	0	0	0
195	195	1915	1225.391	1377.547	352	805	583	129	10	241	655	605	320	61	113.041	137	121	118	116	114	112	111	109	108	106	98	238.195	333	301	289	277	263	246	229	208	187	162	117	0	0	0.000	0.000	0	0	0	0	0	0	0	0	0	0	0	0	0	0.000	0.000	0	0	0	0	0	0	0	0	0	0	0
196	196	1828	1808.472	1381.195	256	605	641	258	33	182	539	636	354	87	185.810	1481	206	197	191	186	181	176	168	157	144	112	149.871	835	167	161	156	151	146	142	138	133	125	100	0	0	0.000	0.000	0	0	0	0	0	0	0	0	0	0	0	0	0	0.000	0.000	0	0	0	0	0	0	0	0	0	0	0
197	197	1494	435.661	1395.246	134	383	584	299	66	143	754	460	98	10	708.070	1225	1034	933	825	747	707	668	609	515	381	151	108.773	122	114	112	111	110	109	108	107	105	104	99	0	0	0.000	0.000	0	0	0	0	0	0	0	0	0	0	0	0	0	0.000	0.000	0	0	0	0	0	0	0	0	0	0	0
198	198	1631	677.151	1405.391	407	716	363	95	27	306	530	484	239	47	116.552	136	124	121	119	118	116	115	114	112	109	102	140.611	178	161	156	151	147	141	136	130	125	119	107	0	0	0.000	0.000	0	0	0	0	0	0	0	0	0	0	0	0	0	0.000	0.000	0	0	0	0	0	0	0	0	0	0	0
199	199	1805	304.970	1419.851	252	577	538	330	71	252	704	515	249	57	486.157	5358	544	488	459	435	407	379	341	281	222	113	114.994	298	131	119	113	110	109	108	107	105	104	98	1	54	306.596	1432.482	0	0	0	2832	0	0	0	207	0	0	0	1	59	306.534	1432.514	0	0	0	2755	0	0	0	199	0	0	0
200	200	1825	1766.808	1419.922	267	641	654	195	39	166	512	657	363	98	321.478	6526	356	251	229	217	207	199	188	174	150	104	208.654	2734	244	181	168	160	153	147	142	136	127	102	1	52	1760.607	1426.591	0	0	0	3175	0	0	0	1384	0	0	0	1	62	1760.426	1425.770	0	0	0	1868	0	0	0	1221	0	0	0
201	201	1352	730.527	1414.862	130	660	431	98	13	61	460	575	181	52	115.214	140	122	120	118	116	115	113	112	111	109	98	136.055	172	152	147	143	139	135	131	129	126	122	109	0	0	0.000	0.000	0	0	0	0	0	0	0	0	0	0	0	0	0	0.000	0.000	0	0	0	0	0	0	0	0	0	0	0
202	202	1870	223.734	1424.286	303	659	699	158	32	222	593	730	260	30	107.069	122	112	110	109	108	107	106	105	104	103	97	148.313	192	171	166	161	156	151	145	139	132	121	101	0	0	0.000	0.000	0	0	0	0	0	0	0	0	0	0	0	0	0	0.000	0.000	0	0	0	0	0	0	0	0	0	0	0
203	203	2747	380.051	1429.296	680	1027	786	182	31	470	829	889	418	82	176.631	1769	221	190	167	160	154	149	143	136	126	108	126.777	272	139	134	131	128	126	123	120	117	112	98	1	46	377.572	1425.261	0	0	0	892	0	0	0	194	0	0	0	1	34	377.000	1423.398	0	0	0	495	0	0	0	212	0	0	0
204	204	2998	470.220	1437.029	679	1131	887	233	21	515	1052	872	466	44	712.631	1429	1102	929	843	753	666	601	558	507	392	127	109.643	129	116	113	112	110	109	108	107	106	104	97	0	0	0.000	0.000	0	0	0	0	0	0	0	0	0	0	0	0	0	0.000	0.000	0	0	0	0	0	0	0	0	0	0	0
205	205	1876	797.433	1447.390	246	758	712	115	4	155	504	793	328	57	1267.777	21572	2136	553	288	202	168	152	141	132	122	105	596.954	8432	917	406	323	277	246	221	195	174	155	118	1	171	798.230	1448.355	0	0	0	10181	0	0	0	3308	0	0	0	1	140	798.200	1448.375	0	0	0	12530	0	0	0	4127	0	0	0
206	206	1072	1812.438	1442.439	222	433	349	38	8	147	383	317	169	25	179.328	230	209	201	196	190	184	178	169	157	139	104	139.978	169	155	151	148	145	143	139	135	129	120	106	0	0	0.000	0.000	0	0	0	0	0	0	0	0	0	0	0	0	0	0.000	0.000	0	0	0	0	0	0	0	0	0	0	0
207	207	1266	1390.285	1449.335	331	436	344	118	16	210	445	377	172	42	138.078	549	152	145	140	137	134	131	127	123	118	106	139.712	174	158	151	147	144	140	137	133	129	122	103	0	0	0.000	0.000	0	0	0	0	0	0	0	0	0	0	0	0	0	0.000	0.000	0	0	0	0	0	0	0	0	0	0	0
208	208	1910	1438.161	1466.872	1600	117	105	49	36	1604	145	84	39	27	155.097	2711	187	128	115	111	108	107	106	105	103	93	154.759	1929	198	140	125	118	114	111	110	108	106	100	0	0	0.000	0.000	0	0	0	0	0	0	0	0	0	0	0	0	0	0.000	0.000	0	0	0	0	0	0	0	0	0	0	0
209	209	2755	1465.633	1481.837	727	965	749	221	37	1030	1295	377	9	3	2900.348	33491	9459	921	342	215	169	153	144	135	123	103	2240.710	26918	6014	855	467	396	355	317	281	236	196	129	1	527	1461.181	1482.519	0	0	0	18192	0	0	0	10816	0	0	0	1	470	1461.109	1482.300	0	0	0	20834	0	0	0	13002	0	0	0
210	210	1934	669.809	1479.172	298	802	649	117	34	149	617	749	306	77	1727.187	23176	4467	759	354	248	200	176	162	149	135	107	291.337	2076	508	234	212	201	190	180	171	161	141	102	1	230	673.760	1473.152	0	0	0	11591	0	0	0	987	0	0	0	1	188	674.057	1472.835	0	0	0	13605	0	0	0	1160	0	0	0
211	211	2402	588.596	1479.638	555	895	699	191	26	544	980	608	186	32	116.483	132	123	121	119	118	117	115	114	112	110	101	110.900	130	118	116	113	112	110	109	107	106	105	99	0	0	0.000	0.000	0	0	0	0	0	0	0	0	0	0	0	0	0	0.000	0.000	0	0	0	0	0	0	0	0	0	0	0
212	212	1087	1529.356	1496.368	178	367	320	177	31	183	536	290	54	4	140.086	174	156	151	148	144	141	138	134	129	122	103	291.997	389	356	343	332	323	306	293	272	248	191	121	0	0	0.000	0.000	0	0	0	0	0	0	0	0	0	0	0	0	0	0.000	0.000	0	0	0	0	0	0	0	0	0	0	0
213	213	736	360.197	1498.843	154	257	250	53	9	145	281	184	101	14	477.742	723	658	630	584	543	508	463	402	337	233	142	115.221	130	122	120	119	117	116	114	112	110	107	99	0	0	0.000	0.000	0	0	0	0	0	0	0	0	0	0	0	0	0	0.000	0.000	0	0	0	0	0	0	0	0	0	0	0
214	214	1175	628.257	1515.103	320	425	333	56	18	332	421	280	106	17	121.784	157	131	128	125	123	121	120	118	116	112	102	541.542	877	760	701	639	587	537	504	470	406	308	135	0	0	0.000	0.000	0	0	0	0	0	0	0	0	0	0	0	0	0	0.000	0.000	0	0	0	0	0	0	0	0	0	0	0
215	215	1105	708.278	1513.764	149	336	354	190	64	99	500	337	124	26	182.767	546	218	204	195	186	178	172	163	156	147	112	115.651	138	122	119	118	117	115	114	113	112	110	104	0	0	0.000	0.000	0	0	0	0	0	0	0	0	0	0	0	0	0	0.000	0.000	0	0	0	0	0	0	0	0	0	0	0
216	216	1928	286.857	1527.493	441	750	607	80	24	365	991	454	76	10	1833.173	9540	2579	2362	2174	1994	1795	1582	1350	1069	756	225	183.020	1129	228	197	181	171	161	154	144	135	125	105	1	28	288.749	1531.813	0	0	0	7515	0	0	0	850	0	0	0	1	60	288.764	1531.288	0	0	0	5780	0	0	0	635	0	0	0
217	217	790	451.464	1516.812	58	229	302	156	29	34	220	364	117	42	120.270	136	127	125	123	122	120	119	117	115	113	103	146.856	184	166	160	156	151	147	143	139	133	128	113	0	0	0.000	0.000	0	0	0	0	0	0	0	0	0	0	0	0	0	0.000	0.000	0	0	0	0	0	0	0	0	0	0	0
218	218	1869	494.945	1524.518	800	676	281	75	10	581	709	382	148	15	1559.105	2510	2209	2072	1974	1844	1663	1443	1250	1049	748	190	111.805	134	120	117	114	112	111	110	108	107	105	100	0	0	0.000	0.000	0	0	0	0	0	0	0	0	0	0	0	0	0	0.000	0.000	0	0	0	0	0	0	0	0	0	0	0
219	219	1210	898.424	1520.473	110	273	382	322	99	75	296	567	180	65	113.041	127	119	117	115	114	113	112	111	110	107	101	145.874	186	165	159	155	151	147	143	138	133	125	110	0	0	0.000	0.000	0	0	0	0	0	0	0	0	0	0	0	0	0	0.000	0.000	0	0	0	0	0	0	0	0	0	0	0
220	220	1967	669.060	1545.950	423	737	668	100	10	318	583	670	285	72	178.871	876	218	199	182	171	163	156	149	140	130	105	189.586	494	236	217	204	194	185	176	167	157	142	107	2	37	673.687	1540.478	29	667.511	1534.090	483	0	472	0	276	0	274	0	0	0	0.000	0.000	0	0	0	0	0	0	0	0	0	0	0
221	221	1558	586.866	1539.469	757	465	239	53	18	840	405	206	71	24	121.841	144	133	129	126	123	121	119	117	115	112	102	120.294	144	129	126	124	122	121	119	117	114	111	102	0	0	0.000	0.000	0	0	0	0	0	0	0	0	0	0	0	0	0	0.000	0.000	0	0	0	0	0	0	0	0	0	0	0
222	222	1583	860.607	1548.392	232	609	493	203	21	158	536	543	270	51	114.560	164	120	118	116	115	114	113	112	111	109	101	148.039	190	168	161	155	151	147	143	140	136	130	110	0	0	0.000	0.000	0	0	0	0	0	0	0	0	0	0	0	0	0	0.000	0.000	0	0	0	0	0	0	0	0	0	0	0
223	223	1614	385.556	1549.407	391	694	397	93	12	254	602	449	232	54	161.831	2145	164	143	137	134	130	128	125	122	118	99	153.017	497	169	162	157	153	150	147	142	135	125	108	1	35	393.941	1536.829	0	0	0	999	0	0	0	301	0	0	0	1	30	393.408	1535.482	0	0	0	626	0	0	0	340	0	0	0
224	224	1176	94.881	1548.351	172	438	391	137	18	144	353	394	212	54	307.929	474	414	394	368	338	313	286	262	231	184	116	114.378	133	123	120	117	116	114	112	111	109	107	100	0	0	0.000	0.000	0	0	0	0	0	0	0	0	0	0	0	0	0	0.000	0.000	0	0	0	0	0	0	0	0	0	0	0
225	225	1822	218.078	1557.241	332	679	569	184	22	220	483	613	365	104	474.144	738	624	569	543	519	494	460	422	372	294	132	108.020	127	114	111	109	108	107	106	105	104	103	98	0	0	0.000	0.000	0	0	0	0	0	0	0	0	0	0	0	0	0	0.000	0.000	0	0	0	0	0	0	0	0	0	0	0
226	226	1567	328.798	1559.343	277	610	528	110	10	155	389	602	293	106	1815.631	7382	2573	2305	2106	1939	1769	1628	1488	1242	857	227	173.382	854	207	187	175	166	160	154	147	139	125	104	1	12	328.022	1560.039	0	0	0	6592	0	0	0	745	0	0	0	1	39	327.775	1559.520	0	0	0	4657	0	0	0	512	0	0	0
227	227	1361	806.307	1568.585	303	593	373	49	10	197	475	484	152	22	114.284	128	120	118	117	116	114	113	112	110	108	100	147.178	192	173	166	158	152	146	141	137	131	123	105	0	0	0.000	0.000	0	0	0	0	0	0	0	0	0	0	0	0	0	0.000	0.000	0	0	0	0	0	0	0	0	0	0	0
228	228	1986	1493.030	1574.018	403	820	592	125	15	257	637	620	346	94	123.184	144	133	130	128	125	124	122	120	117	113	100	352.405	539	445	417	393	373	357	340	323	297	246	128	0	0	0.000	0.000	0	0	0	0	0	0	0	0	0	0	0	0	0	0.000	0.000	0	0	0	0	0	0	0	0	0	0	0
229	229	1173	1794.233	1570.029	233	313	324	228	65	205	338	307	246	58	283.294	415	358	339	322	308	295	277	253	222	191	125	126.175	150	138	134	132	130	127	124	121	118	113	101	0	0	0.000	0.000	0	0	0	0	0	0	0	0	0	0	0	0	0	0.000	0.000	0	0	0	0	0	0	0	0	0	0	0
230	230	1654	528.786	1576.774	346	736	449	75	18	192	573	569	219	68	189.734	2067	200	179	167	155	149	143	138	133	126	105	134.141	398	143	137	134	131	129	127	125	123	119	105	1	56	528.829	1590.584	0	0	0	982	0	0	0	182	0	0	0	1	43	531.055	1590.005	0	0	0	585	0	0	0	273	0	0	0
231	231	2004	905.968	1576.647	327	658	673	259	58	422	851	502	154	30	1384.510	2168	1851	1736	1621	1520	1439	1349	1245	1074	804	272	117.190	146	130	124	120	117	115	114	112	110	108	100	0	0	0.000	0.000	0	0	0	0	0	0	0	0	0	0	0	0	0	0.000	0.000	0	0	0	0	0	0	0	0	0	0	0
232	232	1314	280.201	1583.278	551	470	202	45	19	492	581	158	40	26	2038.510	3526	2858	2692	2492	2319	2130	1962	1732	1401	936	314	167.081	238	212	198	186	174	166	158	150	137	121	102	0	0	0.000	0.000	0	0	0	0	0	0	0	0	0	0	0	0	0	0.000	0.000	0	0	0	0	0	0	0	0	0	0	0
233	233	1037	611.851	1579.976	613	254	71	53	25	462	354	97	69	43	119.880	148	132	128	125	123	119	116	114	111	109	102	121.388	144	132	129	127	125	123	120	117	113	108	100	0	0	0.000	0.000	0	0	0	0	0	0	0	0	0	0	0	0	0	0.000	0.000	0	0	0	0	0	0	0	0	0	0	0
234	234	2185	707.517	1590.769	462	1114	486	53	22	536	1075	480	40	21	588.096	14283	611	233	177	159	151	145	138	132	126	106	206.475	2300	204	164	158	153	149	145	139	133	127	109	1	106	713.114	1576.684	0	0	0	7194	0	0	0	1175	0	0	0	1	106	712.744	1576.669	0	0	0	7194	0	0	0	1175	0	0	0
235	235	2432	1208.329	1599.117	785	801	608	169	18	727	996	558	89	17	114.291	130	121	119	117	116	115	113	112	110	107	97	405.662	630	534	502	475	450	427	403	369	312	230	125	0	0	0.000	0.000	0	0	0	0	0	0	0	0	0	0	0	0	0	0.000	0.000	0	0	0	0	0	0	0	0	0	0	0
236	236	2060	948.553	1609.930	273	724	741	264	21	197	618	871	284	48	1015.636	1837	1551	1400	1255	1131	989	865	770	687	511	190	113.950	140	122	119	117	115	113	112	110	108	106	99	0	0	0.000	0.000	0	0	0	0	0	0	0	0	0	0	0	0	0	0.000	0.000	0	0	0	0	0	0	0	0	0	0	0
237	237	1868	764.299	1603.983	885	730	190	29	8	683	732	313	84	15	118.957	139	127	125	123	121	119	118	116	113	110	101	655.068	1058	916	874	825	766	691	620	542	432	299	157	0	0	0.000	0.000	0	0	0	0	0	0	0	0	0	0	0	0	0	0.000	0.000	0	0	0	0	0	0	0	0	0	0	0
238	238	1291	853.570	1596.179	250	385	405	193	41	190	484	338	185	54	1268.621	1944	1675	1563	1501	1447	1377	1274	1133	934	666	226	114.895	137	124	121	118	116	114	113	111	109	107	99	0	0	0.000	0.000	0	0	0	0	0	0	0	0	0	0	0	0	0	0.000	0.000	0	0	0	0	0	0	0	0	0	0	0
239	239	1947	1335.753	1607.173	278	562	645	321	109	262	762	597	239	50	128.195	147	138	135	133	131	129	127	125	122	117	103	591.282	893	742	697	669	641	614	580	538	484	408	189	0	0	0.000	0.000	0	0	0	0	0	0	0	0	0	0	0	0	0	0.000	0.000	0	0	0	0	0	0	0	0	0	0	0
240	240	1698	652.579	1611.142	208	496	556	331	75	132	457	607	383	84	886.466	17435	1415	368	192	148	137	131	126	121	116	103	312.748	3161	434	259	230	216	207	199	185	161	134	102	1	117	661.600	1610.102	0	0	0	8637	0	0	0	1467	0	0	0	1	96	661.878	1610.557	0	0	0	10150	0	0	0	1753	0	0	0
241	241	1339	395.399	1609.868	321	391	348	217	39	282	323	316	270	113	110.074	122	115	113	112	111	110	109	108	107	106	100	137.958	175	155	150	147	144	141	137	132	125	116	101	0	0	0.000	0.000	0	0	0	0	0	0	0	0	0	0	0	0	0	0.000	0.000	0	0	0	0	0	0	0	0	0	0	0
242	242	1870	586.940	1626.498	161	638	702	300	34	83	445	843	334	131	231.514	5202	230	154	142	137	133	129	125	121	116	105	214.420	791	266	249	233	218	203	189	178	168	154	115	1	62	582.087	1613.781	0	0	0	2128	0	0	0	467	0	0	0	1	38	582.705	1613.353	0	0	0	3184	0	0	0	584	0	0	0
243	243	958	1438.547	1628.584	226	355	252	103	11	168	364	308	87	12	116.753	135	125	122	120	119	117	116	114	111	108	100	154.657	203	184	177	171	164	157	150	141	131	120	105	0	0	0.000	0.000	0	0	0	0	0	0	0	0	0	0	0	0	0	0.000	0.000	0	0	0	0	0	0	0	0	0	0	0
244	244	1453	509.168	1632.888	246	416	445	255	63	131	325	515	341	108	110.298	125	115	114	112	111	110	109	108	107	105	100	134.509	173	150	145	141	137	134	131	128	125	120	107	0	0	0.000	0.000	0	0	0	0	0	0	0	0	0	0	0	0	0	0.000	0.000	0	0	0	0	0	0	0	0	0	0	0
245	245	1159	90.379	1636.093	236	387	362	144	14	167	308	297	277	85	140.926	180	161	155	150	146	142	137	132	127	119	102	110.629	135	118	115	113	111	110	108	107	106	104	99	0	0	0.000	0.000	0	0	0	0	0	0	0	0	0	0	0	0	0	0.000	0.000	0	0	0	0	0	0	0	0	0	0	0
246	246	1236	730.097	1640.532	306	453	327	101	27	256	489	350	94	18	119.801	142	129	126	124	122	120	118	116	113	110	100	470.115	769	642	601	560	529	498	466	411	340	234	120	0	0	0.000	0.000	0	0	0	0	0	0	0	0	0	0	0	0	0	0.000	0.000	0	0	0	0	0	0	0	0	0	0	0
247	247	1405	1170.461	1647.201	158	576	502	122	23	142	740	394	88	17	739.359	1131	982	884	833	804	775	714	646	579	483	202	139.742	175	156	150	145	142	139	136	134	130	124	106	0	0	0.000	0.000	0	0	0	0	0	0	0	0	0	0	0	0	0	0.000	0.000	0	0	0	0	0	0	0	0	0	0	0
248	248	2109	803.722	1654.715	659	744	487	179	15	599	761	496	179	35	114.955	137	122	120	118	116	115	114	112	110	107	98	265.456	383	336	323	307	292	279	262	238	207	167	114	0	0	0.000	0.000	0	0	0	0	0	0	0	0	0	0	0	0	0	0.000	0.000	0	0	0	0	0	0	0	0	0	0	0
249	249	2553	415.907	1660.612	751	987	587	159	23	682	972	629	181	43	109.955	126	115	113	112	111	110	109	108	107	105	97	142.562	186	165	159	154	149	144	140	134	126	115	102	0	0	0.000	0.000	0	0	0	0	0	0	0	0	0	0	0	0	0	0.000	0.000	0	0	0	0	0	0	0	0	0	0	0
250	250	1094	627.117	1652.707	87	228	319	310	124	102	391	343	183	47	126.683	149	137	134	132	129	127	125	123	120	116	105	217.626	303	271	257	243	229	219	207	192	180	164	121	0	0	0.000	0.000	0	0	0	0	0	0	0	0	0	0	0	0	0	0.000	0.000	0	0	0	0	0	0	0	0	0	0	0
251	251	1566	256.355	1669.882	409	481	482	151	20	386	578	388	163	21	639.944	2477	851	790	736	689	651	606	540	449	343	182	123.734	247	145	134	127	123	120	117	115	112	109	102	0	0	0.000	0.000	0	0	0	0	0	0	0	0	0	0	0	1	24	248.851	1662.129	0	0	0	905	0	0	0	193	0	0	0
252	252	1533	470.858	1672.003	277	524	532	162	14	229	445	463	293	72	110.179	128	115	113	112	111	110	109	108	107	105	99	133.389	227	149	144	140	137	133	130	127	123	117	103	0	0	0.000	0.000	0	0	0	0	0	0	0	0	0	0	0	0	0	0.000	0.000	0	0	0	0	0	0	0	0	0	0	0
253	253	1828	111.971	1679.559	374	762	489	154	16	265	677	563	248	45	356.560	9048	348	197	180	169	162	154	145	135	125	108	125.400	542	136	125	120	117	114	112	110	108	106	100	1	67	102.200	1684.016	0	0	0	4082	0	0	0	254	0	0	0	1	75	103.159	1683.841	0	0	0	3118	0	0	0	307	0	0	0
254	254	1339	1665.542	1675.965	183	389	413	268	59	172	407	445	239	56	233.195	323	288	271	259	247	236	227	215	197	171	122	108.963	139	119	114	110	108	107	106	105	104	103	97	0	0	0.000	0.000	0	0	0	0	0	0	0	0	0	0	0	0	0	0.000	0.000	0	0	0	0	0	0	0	0	0	0	0
255	255	1128	1769.023	1689.873	440	334	266	64	12	430	361	214	82	14	109.640	123	115	113	112	111	109	108	107	106	104	98	106.839	119	111	110	108	107	107	106	105	104	103	98	0	0	0.000	0.000	0	0	0	0	0	0	0	0	0	0	0	0	0	0.000	0.000	0	0	0	0	0	0	0	0	0	0	0
256	256	1874	1151.293	1695.395	340	650	578	209	65	432	869	403	121	22	702.135	1120	945	872	810	767	731	675	619	553	416	149	133.405	168	149	144	141	138	135	131	126	122	116	99	0	0	0.000	0.000	0	0	0	0	0	0	0	0	0	0	0	0	0	0.000	0.000	0	0	0	0	0	0	0	0	0	0	0
257	257	964	1357.737	1692.621	163	390	269	106	15	178	500	182	77	7	130.730	158	143	139	136	134	132	129	127	122	115	105	199.911	277	245	234	226	217	206	196	183	166	141	106	0	0	0.000	0.000	0	0	0	0	0	0	0	0	0	0	0	0	0	0.000	0.000	0	0	0	0	0	0	0	0	0	0	0
258	258	1657	1202.058	1716.207	365	746	410	90	19	191	692	471	213	54	338.795	464	412	397	384	368	352	336	323	287	229	130	124.733	152	135	132	129	127	125	123	120	117	113	100	0	0	0.000	0.000	0	0	0	0	0	0	0	0	0	0	0	0	0	0.000	0.000	0	0	0	0	0	0	0	0	0	0	0
259	259	1726	158.483	1716.118	423	544	470	221	43	303	482	443	349	108	854.359	11264	1261	650	569	503	444	385	327	260	198	112	231.527	2646	314	173	149	138	131	126	121	116	111	102	1	117	161.435	1712.977	0	0	0	5582	0	0	0	1242	0	0	0	1	115	161.429	1713.261	0	0	0	5610	0	0	0	1276	0	0	0
260	260	2861	221.722	1726.569	599	879	913	381	42	480	967	927	387	41	119.052	146	126	124	123	121	120	118	116	114	110	102	404.510	650	553	495	464	438	415	390	360	306	238	122	0	0	0.000	0.000	0	0	0	0	0	0	0	0	0	0	0	0	0	0.000	0.000	0	0	0	0	0	0	0	0	0	0	0
261	261	2550	1071.452	1728.936	1046	896	462	95	14	719	883	590	255	60	113.380	132	120	117	116	115	113	112	111	109	107	100	383.367	578	519	494	465	439	401	364	331	275	203	118	0	0	0.000	0.000	0	0	0	0	0	0	0	0	0	0	0	0	0	0.000	0.000	0	0	0	0	0	0	0	0	0	0	0
262	262	847	1331.236	1722.457	380	248	158	42	2	278	216	246	79	15	137.653	173	157	151	147	143	140	135	130	123	115	103	243.541	372	324	303	279	262	247	230	209	186	157	113	0	0	0.000	0.000	0	0	0	0	0	0	0	0	0	0	0	0	0	0.000	0.000	0	0	0	0	0	0	0	0	0	0	0
263	263	2021	619.140	1745.744	577	985	355	50	18	322	860	596	184	29	434.580	12601	311	199	186	176	169	164	159	151	138	107	147.939	1307	142	131	128	125	123	122	120	118	115	105	1	83	627.035	1761.469	0	0	0	5519	0	0	0	637	0	0	0	1	80	627.091	1761.429	0	0	0	5632	0	0	0	663	0	0	0
264	264	1926	1255.434	1738.728	498	577	487	283	61	423	678	542	232	17	1794.733	3278	2629	2415	2264	2097	1912	1706	1537	1140	587	141	111.101	132	117	115	113	112	111	110	108	107	105	99	0	0	0.000	0.000	0	0	0	0	0	0	0	0	0	0	0	0	0	0.000	0.000	0	0	0	0	0	0	0	0	0	0	0
265	265	1497	366.711	1747.099	382	520	382	144	40	283	550	396	200	45	149.436	1176	158	143	137	133	130	126	122	118	114	103	149.599	395	168	160	155	150	147	143	139	133	125	105	1	51	356.995	1746.189	0	0	0	557	0	0	0	248	0	0	0	1	20	356.929	1745.946	0	0	0	842	0	0	0	317	0	0	0
266	266	1157	119.303	1743.930	251	343	318	194	32	223	318	338	213	51	378.759	586	515	486	457	422	388	353	313	272	224	151	122.869	159	139	133	128	124	121	118	116	113	109	101	0	0	0.000	0.000	0	0	0	0	0	0	0	0	0	0	0	0	0	0.000	0.000	0	0	0	0	0	0	0	0	0	0	0
267	267	1393	487.416	1762.251	232	444	390	247	52	144	485	463	226	54	608.212	10465	1053	319	198	163	151	144	137	130	121	105	211.543	1529	297	187	167	157	152	146	141	135	125	105	1	109	490.538	1767.443	0	0	0	4497	0	0	0	742	0	0	0	1	103	490.077	1767.411	0	0	0	4670	0	0	0	796	0	0	0
268	268	1668	1112.400	1761.825	348	602	513	157	15	191	599	472	306	74	692.281	15753	720	228	180	170	164	159	151	141	127	103	218.400	3017	238	147	136	132	128	125	122	118	113	102	1	105	1102.453	1767.172	0	0	0	6949	0	0	0	1243	0	0	0	1	92	1102.359	1766.488	0	0	0	7656	0	0	0	1416	0	0	0
269	269	1972	1180.197	1771.161	518	756	588	63	6	293	565	620	380	73	362.513	563	480	435	407	388	373	356	329	290	230	117	126.664	157	141	137	133	129	126	123	121	118	112	101	0	0	0.000	0.000	0	0	0	0	0	0	0	0	0	0	0	0	0	0.000	0.000	0	0	0	0	0	0	0	0	0	0	0
270	270	2541	183.147	1773.078	791	651	577	448	36	632	630	551	483	198	108.366	122	114	112	111	109	108	107	106	105	103	96	260.161	452	387	350	316	290	269	248	216	155	110	98	0	0	0.000	0.000	0	0	0	0	0	0	0	0	0	0	0	0	0	0.000	0.000	0	0	0	0	0	0	0	0	0	0	0
271	271	1699	329.128	1781.302	357	534	546	203	27	310	622	518	187	37	343.144	7817	393	184	145	136	131	127	123	119	113	102	156.935	754	176	158	151	146	141	136	131	126	121	106	1	80	316.576	1776.420	0	0	0	3226	0	0	0	414	0	0	0	1	69	316.145	1776.126	0	0	0	3931	0	0	0	430	0	0	0
272	272	1181	1072.739	1781.174	185	433	350	153	44	171	504	355	114	19	145.809	220	159	156	153	151	148	145	140	135	128	111	124.307	150	136	132	129	126	124	122	119	117	113	105	0	0	0.000	0.000	0	0	0	0	0	0	0	0	0	0	0	0	0	0.000	0.000	0	0	0	0	0	0	0	0	0	0	0
273	273	1903	577.277	1786.617	264	642	661	276	30	214	602	592	366	87	160.054	2120	171	156	146	141	137	134	130	125	118	101	123.602	279	132	129	126	124	122	120	118	116	113	103	1	33	573.532	1800.237	0	0	0	1002	0	0	0	188	0	0	0	1	24	573.213	1800.276	0	0	0	1180	0	0	0	201	0	0	0
274	274	2756	1620.076	1810.690	1056	962	524	140	22	1007	1037	491	161	9	109.501	127	115	113	112	111	109	108	107	105	104	98	109.873	127	117	114	112	111	109	108	107	106	104	96	0	0	0.000	0.000	0	0	0	0	0	0	0	0	0	0	0	0	0	0.000	0.000	0	0	0	0	0	0	0	0	0	0	0
275	275	1800	1017.943	1807.218	470	759	420	84	26	410	730	446	151	32	1350.067	7192	1824	1633	1501	1391	1287	1180	1057	919	708	178	150.856	700	170	160	153	145	140	135	130	125	120	105	1	28	1014.619	1817.214	0	0	0	5280	0	0	0	495	0	0	0	1	45	1014.372	1816.502	0	0	0	3775	0	0	0	409	0	0	0
276	276	2007	477.306	1818.111	946	862	142	21	15	677	906	324	39	24	693.820	17287	897	253	164	137	127	123	119	116	111	102	317.207	4544	373	230	215	204	195	185	173	157	136	107	1	102	469.085	1821.243	0	0	0	8537	0	0	0	2138	0	0	0	1	98	469.093	1821.227	0	0	0	8586	0	0	0	2172	0	0	0
277	277	1313	529.157	1823.328	452	323	316	165	45	355	465	302	134	47	112.582	128	120	117	116	114	113	111	109	108	105	99	392.514	571	503	477	461	443	419	392	354	297	230	136	0	0	0.000	0.000	0	0	0	0	0	0	0	0	0	0	0	0	0	0.000	0.000	0	0	0	0	0	0	0	0	0	0	0
278	278	956	1151.998	1833.269	96	413	328	87	14	103	432	267	114	14	109.018	124	114	112	111	110	109	108	107	106	104	99	106.940	122	112	110	108	107	106	106	105	104	103	98	0	0	0.000	0.000	0	0	0	0	0	0	0	0	0	0	0	0	0	0.000	0.000	0	0	0	0	0	0	0	0	0	0	0
279	279	1649	70.529	1846.675	301	512	503	250	45	287	581	552	185	17	1943.866	23389	5627	1216	540	322	233	184	159	140	124	104	357.919	3393	820	284	185	160	147	138	131	124	116	103	1	226	66.083	1847.643	0	0	0	10482	0	0	0	1400	0	0	0	1	206	66.623	1847.312	0	0	0	12115	0	0	0	1506	0	0	0
280	280	1739	624.415	1854.241	236	645	543	234	51	261	733	536	138	32	300.341	8042	318	168	141	130	125	120	116	112	109	100	212.821	1041	278	244	221	207	194	182	171	158	133	106	1	62	625.966	1849.688	0	0	0	3379	0	0	0	543	0	0	0	1	50	626.702	1848.924	0	0	0	2851	0	0	0	675	0	0	0
281	281	564	1764.760	1851.178	170	168	124	70	25	142	191	123	82	20	512.365	808	668	611	581	561	544	517	468	391	292	177	112.543	133	122	118	116	114	112	110	109	107	105	98	0	0	0.000	0.000	0	0	0	0	0	0	0	0	0	0	0	0	0	0.000	0.000	0	0	0	0	0	0	0	0	0	0	0
282	282	1562	1220.924	1867.384	959	385	170	31	2	897	444	181	10	4	111.336	128	118	116	114	113	111	110	108	107	105	97	166.020	234	197	188	181	173	166	161	154	145	131	106	0	0	0.000	0.000	0	0	0	0	0	0	0	0	0	0	0	0	0	0.000	0.000	0	0	0	0	0	0	0	0	0	0	0
283	283	1343	1586.812	1866.864	654	374	211	71	18	657	417	190	45	12	110.885	138	119	116	113	112	110	109	107	106	103	99	256.151	420	348	320	296	278	257	237	218	191	158	115	0	0	0.000	0.000	0	0	0	0	0	0	0	0	0	0	0	0	0	0.000	0.000	0	0	0	0	0	0	0	0	0	0	0
284	284	1310	509.538	1865.036	132	341	393	367	59	115	440	404	265	61	121.652	140	130	128	126	124	123	120	118	116	112	100	175.918	242	210	200	192	184	175	168	160	153	144	116	0	0	0.000	0.000	0	0	0	0	0	0	0	0	0	0	0	0	0	0.000	0.000	0	0	0	0	0	0	0	0	0	0	0
285	285	1318	668.639	1866.287	252	501	388	121	27	125	367	405	296	103	119.450	137	128	125	123	122	120	118	116	114	111	100	226.014	318	284	270	257	245	231	217	203	187	156	111	0	0	0.000	0.000	0	0	0	0	0	0	0	0	0	0	0	0	0	0.000	0.000	0	0	0	0	0	0	0	0	0	0	0
286	286	990	1098.240	1863.275	150	232	350	209	34	112	284	331	183	66	135.155	170	151	146	142	139	136	132	129	124	119	103	116.291	139	126	122	119	118	116	114	112	110	108	101	0	0	0.000	0.000	0	0	0	0	0	0	0	0	0	0	0	0	0	0.000	0.000	0	0	0	0	0	0	0	0	0	0	0
287	287	2458	455.733	1876.853	610	902	674	195	35	464	741	780	353	83	112.490	127	119	117	115	114	113	111	110	108	106	98	228.758	342	302	283	267	249	230	210	191	175	156	111	0	0	0.000	0.000	0	0	0	0	0	0	0	0	0	0	0	0	0	0.000	0.000	0	0	0	0	0	0	0	0	0	0	0
288	288	824	230.051	1868.538	33	259	274	213	32	26	240	293	206	49	259.834	355	313	299	288	276	264	253	236	220	199	122	104.057	115	107	106	105	104	104	103	103	102	101	97	0	0	0.000	0.000	0	0	0	0	0	0	0	0	0	0	0	0	0	0.000	0.000	0	0	0	0	0	0	0	0	0	0	0
289	289	500	326.769	1865.603	68	162	188	59	14	37	121	169	135	34	121.560	139	131	128	125	123	122	120	118	115	112	105	146.324	177	164	159	156	152	147	143	138	133	126	113	0	0	0.000	0.000	0	0	0	0	0	0	0	0	0	0	0	0	0	0.000	0.000	0	0	0	0	0	0	0	0	0	0	0
290	290	1468	1141.435	1878.839	330	470	442	197	12	249	511	407	252	21	111.602	127	117	115	114	113	112	111	109	108	106	101	109.384	128	117	113	111	109	109	108	107	106	104	98	0	0	0.000	0.000	0	0	0	0	0	0	0	0	0	0	0	0	0	0.000	0.000	0	0	0	0	0	0	0	0	0	0	0
291	291	1787	358.216	1888.383	339	714	587	102	18	216	718	543	256	14	695.373	16172	978	286	180	153	142	134	127	121	114	100	267.422	3594	357	186	158	150	142	136	131	125	119	106	1	105	356.574	1878.373	0	0	0	6862	0	0	0	1724	0	0	0	1	103	357.010	1878.403	0	0	0	6900	0	0	0	1765	0	0	0
292	292	2122	1380.512	1899.839	535	894	628	28	13	395	808	565	288	31	491.365	13002	609	258	188	164	152	145	137	128	116	97	150.345	1126	164	137	129	125	122	120	117	114	111	102	1	97	1369.623	1904.954	0	0	0	5369	0	0	0	195	0	0	0	1	95	1371.914	1902.749	0	0	0	829	0	0	0	595	0	0	0
293	293	899	117.262	1894.882	368	321	123	46	15	363	354	133	22	9	111.378	125	117	115	114	113	112	110	109	107	105	98	142.902	172	159	154	151	148	145	142	138	131	124	102	0	0	0.000	0.000	0	0	0	0	0	0	0	0	0	0	0	0	0	0.000	0.000	0	0	0	0	0	0	0	0	0	0	0
294	294	1484	1329.434	1905.411	314	418	412	268	35	221	376	454	302	100	140.482	415	165	157	150	145	139	133	128	121	111	98	118.949	145	131	127	124	121	119	117	114	111	106	98	1	15	1329.602	1897.885	0	0	0	287	0	0	0	135	0	0	0	0	0	0.000	0.000	0	0	0	0	0	0	0	0	0	0	0
295	295	2157	610.379	1911.579	281	713	722	357	47	212	663	756	407	80	590.011	13357	751	336	257	227	208	193	180	165	145	105	140.329	1100	151	123	118	115	113	111	109	107	105	99	1	103	607.183	1913.341	0	0	0	5848	0	0	0	539	0	0	0	1	99	606.708	1913.264	0	0	0	5912	0	0	0	551	0	0	0
296	296	1957	302.914	1920.344	353	748	570	207	38	239	787	630	238	26	972.806	17482	1664	414	225	172	160	152	143	135	126	104	240.542	1814	342	206	188	177	166	157	149	143	135	114	1	158	294.088	1925.054	0	0	0	8202	0	0	0	832	0	0	0	1	154	294.981	1925.238	0	0	0	8202	0	0	0	937	0	0	0
297	297	2177	495.456	1920.577	633	854	569	65	17	436	654	649	342	58	111.176	128	118	116	114	113	111	110	108	106	104	96	212.931	318	277	261	246	234	219	200	182	161	138	107	0	0	0.000	0.000	0	0	0	0	0	0	0	0	0	0	0	0	0	0.000	0.000	0	0	0	0	0	0	0	0	0	0	0
298	298	1408	664.751	1913.417	352	581	380	62	13	228	344	485	227	87	186.341	243	220	210	202	196	189	182	174	165	149	116	114.255	131	121	118	117	115	114	113	112	110	108	102	0	0	0.000	0.000	0	0	0	0	0	0	0	0	0	0	0	0	0	0.000	0.000	0	0	0	0	0	0	0	0	0	0	0
299	299	1947	817.833	1928.009	729	580	478	123	11	551	563	543	202	58	620.799	16149	736	225	173	159	151	144	138	130	119	101	389.855	5192	453	355	309	281	260	245	228	203	168	112	1	99	810.496	1935.474	0	0	0	6939	0	0	0	2031	0	0	0	1	87	810.690	1935.704	0	0	0	7897	0	0	0	2461	0	0	0
300	300	1089	425.631	1929.403	143	370	322	192	37	126	367	371	167	35	107.799	122	113	111	110	109	108	107	106	104	103	97	150.671	202	179	171	165	158	151	145	137	130	122	104	0	0	0.000	0.000	0	0	0	0	0	0	0	0	0	0	0	0	0	0.000	0.000	0	0	0	0	0	0	0	0	0	0	0
301	301	1801	1831.517	1936.232	563	584	454	147	19	484	623	475	169	19	114.485	133	122	119	118	116	115	113	111	109	107	96	419.667	634	552	517	492	469	446	424	388	320	218	110	0	0	0.000	0.000	0	0	0	0	0	0	0	0	0	0	0	0	0	0.000	0.000	0	0	0	0	0	0	0	0	0	0	0
302	302	2215	126.627	1945.754	431	810	704	199	29	314	938	710	181	12	184.872	4562	169	130	123	120	117	114	112	110	108	98	146.930	467	167	157	149	144	141	138	134	130	124	103	1	56	124.917	1936.553	0	0	0	1887	0	0	0	192	0	0	0	1	43	126.968	1935.020	0	0	0	640	0	0	0	335	0	0	0
303	303	2161	1104.200	1946.360	489	961	518	137	25	356	895	617	222	41	592.094	14197	709	313	252	234	221	207	190	172	152	114	163.595	1785	179	136	128	124	121	118	116	113	110	99	1	92	1106.892	1935.985	0	0	0	7009	0	0	0	819	0	0	0	1	89	1107.182	1935.852	0	0	0	7158	0	0	0	851	0	0	0
304	304	681	350.232	1942.132	91	230	208	116	24	67	282	231	70	18	118.480	135	126	124	122	120	119	117	115	113	110	103	136.198	157	149	145	143	140	137	134	131	127	122	104	0	0	0.000	0.000	0	0	0	0	0	0	0	0	0	0	0	0	0	0.000	0.000	0	0	0	0	0	0	0	0	0	0	0
305	305	1677	258.853	1953.368	421	570	448	190	12	332	580	377	293	61	223.826	4258	226	189	180	174	167	161	155	145	129	108	154.078	1158	163	152	147	142	139	136	132	125	116	102	1	35	265.084	1935.899	0	0	0	1793	0	0	0	505	0	0	0	1	40	265.766	1936.014	0	0	0	1747	0	0	0	645	0	0	0
306	306	1900	390.195	1959.857	401	549	584	299	39	379	576	541	292	76	109.769	125	115	114	112	111	110	109	107	106	104	96	146.042	193	174	166	159	152	145	139	134	128	118	103	0	0	0.000	0.000	0	0	0	0	0	0	0	0	0	0	0	0	0	0.000	0.000	0	0	0	0	0	0	0	0	0	0	0
307	307	959	639.308	1953.256	175	269	258	190	42	144	270	312	163	55	195.000	286	234	223	215	208	200	191	182	167	143	106	104.068	118	108	106	105	104	104	103	103	102	101	94	0	0	0.000	0.000	0	0	0	0	0	0	0	0	0	0	0	0	0	0.000	0.000	0	0	0	0	0	0	0	0	0	0	0
308	308	1419	594.436	1965.627	198	386	396	305	104	140	377	398	336	144	193.697	266	230	218	207	199	193	188	182	175	159	115	104.584	115	109	107	106	105	104	103	103	102	101	96	0	0	0.000	0.000	0	0	0	0	0	0	0	0	0	0	0	0	0	0.000	0.000	0	0	0	0	0	0	0	0	0	0	0
309	309	1759	326.624	1973.949	283	566	607	254	23	190	387	493	440	214	190.464	2986	189	149	141	136	132	128	124	120	114	102	157.070	565	186	172	160	153	147	142	138	131	122	104	1	59	317.783	1954.699	0	0	0	1325	0	0	0	343	0	0	0	1	49	318.061	1954.917	0	0	0	1576	0	0	0	384	0	0	0
