 	cell	area	x	y	BFI_lev_b1	BFI_lev_b2	BFI_lev_b3	BFI_lev_b4	BFI_lev_b5	BFO_lev_b1	BFO_lev_b2	BFO_lev_b3	BFO_lev_b4	BFO_lev_b5	GFP_int_mean	GFP_int_b0	GFP_int_b1	GFP_int_b2	GFP_int_b3	GFP_int_b4	GFP_int_b5	GFP_int_b6	GFP_int_b7	GFP_int_b8	GFP_int_b9	GFP_int_b10	RFP_int_mean	RFP_int_b0	RFP_int_b1	RFP_int_b2	RFP_int_b3	RFP_int_b4	RFP_int_b5	RFP_int_b6	RFP_int_b7	RFP_int_b8	RFP_int_b9	RFP_int_b10	inGFPnfoci	f1_inGFParea	f1_inGFPx	f1_inGFPy	f2_inGFParea	f2_inGFPx	f2_inGFPy	f1_inGFP_toGFPmed	f2_inGFP_toGFPmed	f2_inGFP_toGFPmean	f1_inGFP_toRFPmed	f2_inGFP_toRFPmed	f2_inGFP_toRFPmean	inRFPnfoci	f1_inRFParea	f1_inRFPx	f1_inRFPy	f2_inRFParea	f2_inRFPx	f2_inRFPy	f1_inRFP_toGFPmed	f1_inRFP_toGFPmean	f2_inRFP_toGFPmed	f2_inRFP_toGFPmean	f1_inRFP_toRFPmed	f1_inRFP_toRFPmean	f2_inRFP_toRFPmed	f2_inRFP_toRFPmean	f1_inGFP_toGFPmean	f1_inGFP_toRFPmean
1	1	2050	142.631	95.215	204	499	704	480	119	100	556	858	333	160	182.241	847	212	202	196	188	180	170	157	145	133	107	222.231	335	280	269	258	246	231	213	191	169	151	113	1	26	155.399	84.016	0	0	0	543	0	0	280	0	0	0	0	0.000	0.000	0	0	0	0	0	0	0	0	0	0	0	0	0
2	2	1860	1504.757	100.321	225	489	644	380	89	232	761	539	220	76	505.303	832	688	635	593	561	523	477	428	376	293	128	108.568	126	114	112	111	109	108	107	106	105	103	95	0	0	0.000	0.000	0	0	0	0	0	0	0	0	0	0	0	0.000	0.000	0	0	0	0	0	0	0	0	0	0	0	0	0
3	3	864	1602.600	99.108	95	205	340	177	31	56	245	392	127	27	2348.962	3671	3359	3143	2913	2698	2439	2174	1907	1612	1229	330	113.550	129	121	119	117	116	114	112	110	108	105	98	0	0	0.000	0.000	0	0	0	0	0	0	0	0	0	0	0	0.000	0.000	0	0	0	0	0	0	0	0	0	0	0	0	0
4	4	1333	1642.257	115.967	298	289	380	294	47	287	450	398	140	24	1306.880	1932	1766	1670	1584	1484	1386	1290	1144	962	693	247	128.470	151	140	137	135	133	130	128	124	120	114	100	0	0	0.000	0.000	0	0	0	0	0	0	0	0	0	0	0	0.000	0.000	0	0	0	0	0	0	0	0	0	0	0	0	0
5	5	1878	732.418	126.330	327	608	681	216	22	286	729	624	183	25	3685.780	32845	13552	2557	1191	876	759	686	622	538	418	209	661.997	7508	1880	430	211	160	139	132	127	120	113	98	0	0	0.000	0.000	0	0	0	0	0	0	0	0	0	1	250	733.542	125.667	0	0	0	22471	0	0	0	3409	0	0	0	0	0
6	6	1075	113.941	136.714	209	234	268	239	101	146	315	335	198	65	184.300	251	231	222	214	205	192	179	160	142	123	104	235.430	353	319	307	295	276	252	225	191	150	121	101	0	0	0.000	0.000	0	0	0	0	0	0	0	0	0	0	0	0.000	0.000	0	0	0	0	0	0	0	0	0	0	0	0	0
7	7	1782	1811.402	151.708	180	489	628	376	79	197	766	548	201	22	2515.112	8912	3505	3135	2868	2631	2383	2236	2079	1802	1318	423	174.194	649	205	188	179	172	167	161	154	145	133	108	0	0	0.000	0.000	0	0	0	0	0	0	0	0	0	1	39	1812.787	143.471	0	0	0	6393	0	0	0	428	0	0	0	0	0
8	8	1667	1511.969	160.758	196	559	624	236	24	97	479	656	315	92	1069.514	4101	1366	1295	1205	1124	1051	984	918	845	713	345	128.632	356	138	134	132	130	128	126	123	120	115	99	0	0	0.000	0.000	0	0	0	0	0	0	0	0	0	1	36	1503.093	138.150	0	0	0	834	0	0	0	234	0	0	0	0	0
9	9	922	1612.212	153.990	119	252	301	197	38	53	236	359	164	91	529.049	753	668	627	591	568	544	528	499	454	354	157	123.336	148	133	129	127	125	124	122	120	118	113	103	0	0	0.000	0.000	0	0	0	0	0	0	0	0	0	0	0	0.000	0.000	0	0	0	0	0	0	0	0	0	0	0	0	0
10	10	1853	312.780	162.987	368	482	516	382	74	263	591	610	278	78	1950.183	17527	2647	1912	1761	1582	1396	1222	1052	937	617	195	165.328	1066	212	148	139	134	128	124	120	116	109	99	1	107	314.981	153.342	0	0	0	10239	0	0	623	0	0	1	130	315.022	152.737	0	0	0	8736	0	0	0	548	0	0	0	0	0
11	11	1478	365.607	165.072	263	395	476	287	30	191	398	535	250	72	1494.902	2390	2093	1930	1811	1710	1604	1440	1244	1015	750	302	127.315	155	142	138	135	131	128	124	120	117	112	102	0	0	0.000	0.000	0	0	0	0	0	0	0	0	0	0	0	0.000	0.000	0	0	0	0	0	0	0	0	0	0	0	0	0
12	12	1831	1655.847	178.744	318	677	555	238	20	144	661	635	288	62	1544.280	21470	2408	816	700	624	587	551	509	438	313	130	252.407	3173	377	158	137	133	129	126	122	118	112	100	1	148	1654.919	186.336	0	0	0	11130	0	0	1326	0	0	1	128	1655.068	186.088	0	0	0	12623	0	0	0	1494	0	0	0	0	0
13	13	931	1767.794	166.576	117	254	337	183	22	93	306	326	163	23	2284.578	3588	3235	2979	2719	2462	2273	2120	1948	1685	1303	501	107.728	119	112	111	110	108	108	107	106	105	103	98	0	0	0.000	0.000	0	0	0	0	0	0	0	0	0	0	0	0.000	0.000	0	0	0	0	0	0	0	0	0	0	0	0	0
14	14	3002	1566.375	164.298	440	995	1027	421	66	318	1182	1108	303	30	1425.154	25968	1838	473	367	345	327	311	294	274	239	126	481.701	9440	493	194	164	157	152	148	144	136	123	99	1	235	1568.330	157.813	0	0	0	12527	0	0	3605	0	0	1	195	1567.455	157.108	0	0	0	14179	0	0	0	4489	0	0	0	0	0
15	15	2296	721.211	183.685	338	646	855	378	39	237	627	978	323	95	487.483	8865	515	448	407	382	353	326	301	255	195	115	125.449	679	131	123	120	118	115	113	111	109	106	98	1	65	712.820	172.980	0	0	0	3787	0	0	326	0	0	1	68	713.361	172.655	0	0	0	3641	0	0	0	363	0	0	0	0	0
16	16	1757	1114.909	181.478	211	502	548	401	69	191	578	551	314	74	1246.573	13550	1599	1289	1177	1071	978	907	821	682	462	173	157.015	1268	172	144	136	131	128	124	121	116	110	100	1	58	1114.230	180.769	0	0	0	7676	0	0	718	0	0	1	82	1114.823	180.659	0	0	0	5917	0	0	0	587	0	0	0	0	0
17	17	1479	1465.944	185.263	309	409	397	272	56	245	422	443	256	96	3497.190	6788	5486	4671	4093	3795	3536	3241	2840	2448	1514	360	109.150	120	114	113	112	110	109	108	107	105	104	96	0	0	0.000	0.000	0	0	0	0	0	0	0	0	0	0	0	0.000	0.000	0	0	0	0	0	0	0	0	0	0	0	0	0
18	18	1893	476.748	191.370	187	511	688	423	51	182	523	730	266	151	788.488	1270	1106	1041	970	907	844	766	665	524	377	135	116.415	135	125	123	121	119	117	115	112	110	107	97	0	0	0.000	0.000	0	0	0	0	0	0	0	0	0	0	0	0.000	0.000	0	0	0	0	0	0	0	0	0	0	0	0	0
19	19	908	1848.764	189.160	88	323	262	178	38	115	452	235	82	12	217.219	272	252	243	234	227	219	214	206	196	179	122	218.197	298	266	254	242	231	222	213	203	190	166	108	0	0	0.000	0.000	0	0	0	0	0	0	0	0	0	0	0	0.000	0.000	0	0	0	0	0	0	0	0	0	0	0	0	0
20	20	1777	1744.426	209.411	145	374	628	508	81	228	734	538	237	15	1816.171	3555	2716	2385	2154	1981	1835	1658	1500	1268	823	164	107.208	120	112	110	109	108	107	106	105	104	103	97	0	0	0.000	0.000	0	0	0	0	0	0	0	0	0	0	0	0.000	0.000	0	0	0	0	0	0	0	0	0	0	0	0	0
21	21	1115	1302.406	202.679	185	341	353	178	25	168	396	337	161	32	600.425	1016	817	742	686	642	605	578	540	461	351	178	114.042	133	122	119	117	116	114	113	110	108	106	99	0	0	0.000	0.000	0	0	0	0	0	0	0	0	0	0	0	0.000	0.000	0	0	0	0	0	0	0	0	0	0	0	0	0
22	22	643	1609.020	198.113	111	156	196	144	21	98	177	230	94	25	285.355	391	355	339	329	319	303	286	259	229	179	122	140.232	175	162	158	154	151	146	140	130	119	108	100	0	0	0.000	0.000	0	0	0	0	0	0	0	0	0	0	0	0.000	0.000	0	0	0	0	0	0	0	0	0	0	0	0	0
23	23	2184	422.711	209.135	385	521	656	490	104	320	661	810	295	58	1872.059	22989	3061	1060	863	795	706	617	526	446	323	134	181.335	1476	252	139	126	121	118	115	112	109	106	98	1	220	426.222	205.803	0	0	0	11687	0	0	645	0	0	1	190	426.315	205.189	0	0	0	13672	0	0	0	721	0	0	0	0	0
24	24	1577	849.733	210.775	248	333	528	340	91	188	510	546	271	38	294.914	5035	314	249	228	215	205	195	185	170	150	106	145.787	952	154	143	138	134	131	128	124	120	112	99	1	51	838.698	214.243	0	0	0	2108	0	0	476	0	0	1	49	838.438	213.819	0	0	0	2108	0	0	0	495	0	0	0	0	0
25	25	1064	1074.714	206.062	257	240	301	195	51	186	318	277	211	57	856.540	1326	1163	1068	985	933	888	842	787	655	470	202	123.355	146	134	131	129	127	125	123	120	115	109	99	0	0	0.000	0.000	0	0	0	0	0	0	0	0	0	0	0	0.000	0.000	0	0	0	0	0	0	0	0	0	0	0	0	0
26	26	1186	1807.008	206.380	288	385	386	85	28	192	442	343	161	25	2144.268	3545	3105	2863	2646	2487	2294	2094	1879	1433	828	165	146.338	188	172	165	159	155	151	146	139	126	109	99	0	0	0.000	0.000	0	0	0	0	0	0	0	0	0	0	0	0.000	0.000	0	0	0	0	0	0	0	0	0	0	0	0	0
27	27	2378	968.685	222.579	338	639	882	442	40	274	810	825	357	62	2209.263	13550	3286	2646	2457	2333	2136	1938	1697	1332	799	204	185.102	1427	211	189	181	174	167	160	151	139	124	102	1	42	973.156	200.523	0	0	0	9294	0	0	933	0	0	1	62	973.072	199.526	0	0	0	6374	0	0	0	745	0	0	0	0	0
28	28	1825	1512.135	218.158	225	687	606	251	28	197	872	479	209	35	1769.162	17222	2330	1704	1532	1357	1228	1139	1030	895	757	309	225.901	2656	274	181	165	156	149	143	137	132	125	102	1	95	1517.413	217.817	0	0	0	9365	0	0	1265	0	0	1	93	1518.220	217.463	0	0	0	9357	0	0	0	1274	0	0	0	0	0
29	29	1662	1347.353	217.063	268	526	535	266	36	201	497	648	230	53	1019.064	14210	1083	906	857	816	762	707	635	524	330	135	140.355	1015	141	126	123	121	119	116	114	111	106	98	1	62	1352.209	202.354	0	0	0	7211	0	0	584	0	0	1	80	1352.289	202.195	0	0	0	6178	0	0	0	490	0	0	0	0	0
30	30	2057	1875.624	228.876	557	875	499	76	18	336	810	628	226	24	312.072	6028	323	254	238	227	218	210	200	182	152	104	247.917	1210	301	274	259	248	237	227	214	193	156	107	1	57	1863.506	222.655	0	0	0	2644	0	0	708	0	0	1	41	1862.792	221.753	0	0	0	2205	0	0	0	860	0	0	0	0	0
31	31	1361	1699.709	232.187	442	507	290	84	14	237	455	361	194	91	2145.493	3676	3091	2831	2634	2430	2199	1953	1747	1553	1063	267	107.284	119	112	110	109	108	107	106	105	104	103	98	0	0	0.000	0.000	0	0	0	0	0	0	0	0	0	0	0	0.000	0.000	0	0	0	0	0	0	0	0	0	0	0	0	0
32	32	1844	526.514	246.611	416	583	552	231	35	353	683	510	235	32	476.288	9392	517	362	321	306	293	278	259	226	185	109	136.844	885	141	129	126	123	121	118	116	112	108	98	1	66	518.133	253.944	0	0	0	3925	0	0	467	0	0	1	68	518.094	253.956	0	0	0	3859	0	0	0	462	0	0	0	0	0
33	33	2071	1632.058	248.004	441	645	673	237	33	430	1055	441	82	18	976.373	20812	1139	473	402	373	353	333	314	286	224	112	205.180	2761	253	139	125	121	119	117	114	112	107	98	1	113	1639.880	248.697	0	0	0	8847	0	0	1051	0	0	1	110	1641.097	248.105	0	0	0	7099	0	0	0	1325	0	0	0	0	0
34	34	1782	1548.814	251.464	331	673	628	109	8	195	825	589	132	8	326.260	5533	357	280	266	252	235	218	203	189	168	122	183.271	1373	205	185	179	172	165	155	146	137	127	106	1	55	1550.847	257.969	0	0	0	2455	0	0	632	0	0	1	46	1551.214	257.463	0	0	0	2717	0	0	0	786	0	0	0	0	0
35	35	2058	109.945	262.642	329	663	689	308	24	339	729	643	263	44	2061.692	3987	3166	2814	2576	2342	2096	1856	1630	1302	802	216	141.605	192	167	159	154	148	142	137	131	124	113	99	0	0	0.000	0.000	0	0	0	0	0	0	0	0	0	0	0	0.000	0.000	0	0	0	0	0	0	0	0	0	0	0	0	0
36	36	673	1499.414	264.070	165	168	186	109	28	123	183	230	105	22	1092.847	1836	1703	1600	1482	1348	1205	1018	805	534	267	133	140.019	182	167	160	155	150	142	135	127	117	109	99	0	0	0.000	0.000	0	0	0	0	0	0	0	0	0	0	0	0.000	0.000	0	0	0	0	0	0	0	0	0	0	0	0	0
37	37	1532	989.407	281.149	194	354	561	354	38	160	532	552	217	40	2555.939	4228	3575	3290	3086	2878	2685	2480	2236	1846	1174	461	182.593	260	217	209	202	196	188	181	171	157	132	107	0	0	0.000	0.000	0	0	0	0	0	0	0	0	0	0	0	0.000	0.000	0	0	0	0	0	0	0	0	0	0	0	0	0
38	38	1143	1583.836	280.855	192	317	374	213	22	129	352	397	193	55	327.339	490	418	391	364	341	323	305	290	273	245	131	116.874	142	125	122	120	118	117	116	114	112	109	100	0	0	0.000	0.000	0	0	0	0	0	0	0	0	0	0	0	0.000	0.000	0	0	0	0	0	0	0	0	0	0	0	0	0
39	39	1639	638.186	285.183	422	487	449	213	31	329	540	452	226	67	3575.939	5913	5215	4901	4563	4146	3752	3415	3092	2414	1280	308	112.630	133	122	119	116	114	112	111	109	106	104	95	0	0	0.000	0.000	0	0	0	0	0	0	0	0	0	0	0	0.000	0.000	0	0	0	0	0	0	0	0	0	0	0	0	0
40	40	1239	1182.920	291.005	248	343	335	227	63	211	499	332	145	34	755.186	1179	1002	912	859	815	766	722	680	604	472	200	105.778	116	109	108	107	106	106	105	104	103	102	98	0	0	0.000	0.000	0	0	0	0	0	0	0	0	0	0	0	0.000	0.000	0	0	0	0	0	0	0	0	0	0	0	0	0
41	41	682	1544.964	298.323	75	198	223	145	30	66	265	231	89	13	304.834	393	359	346	334	325	315	301	287	270	239	135	106.122	113	110	108	108	107	106	105	105	104	103	98	0	0	0.000	0.000	0	0	0	0	0	0	0	0	0	0	0	0.000	0.000	0	0	0	0	0	0	0	0	0	0	0	0	0
42	42	1433	1615.181	312.047	274	494	474	142	29	149	486	505	235	36	1528.391	9496	1977	1828	1683	1533	1430	1341	1221	985	644	229	124.373	401	132	127	123	121	118	116	114	111	107	99	1	30	1602.699	304.211	0	0	0	6636	0	0	309	0	0	1	52	1603.095	304.379	0	0	0	5266	0	0	0	262	0	0	0	0	0
43	43	1869	1372.520	332.753	300	608	642	261	27	170	475	805	292	95	300.363	2338	384	338	314	296	279	262	243	211	175	116	122.713	434	131	127	124	122	120	117	115	111	107	98	1	32	1378.375	333.662	0	0	0	1304	0	0	269	0	0	1	29	1378.004	333.290	0	0	0	1217	0	0	0	283	0	0	0	0	0
44	44	2149	1520.849	342.352	325	715	709	310	57	277	836	696	253	51	851.678	15166	963	575	521	475	431	394	365	330	263	133	124.006	591	130	117	114	112	110	108	107	106	104	98	1	108	1533.274	336.521	0	0	0	7332	0	0	332	0	0	1	110	1533.059	336.459	0	0	0	7321	0	0	0	330	0	0	0	0	0
45	45	1851	1192.256	342.614	259	422	685	393	61	168	504	763	288	91	854.571	1374	1158	1073	998	934	869	797	722	654	542	238	107.110	122	112	110	109	108	107	106	105	104	103	98	0	0	0.000	0.000	0	0	0	0	0	0	0	0	0	0	0	0.000	0.000	0	0	0	0	0	0	0	0	0	0	0	0	0
46	46	1876	1582.721	350.404	568	1009	241	17	10	353	1055	347	82	17	2923.135	25705	5466	2130	1826	1629	1473	1327	1214	1104	910	344	225.079	1983	375	166	141	134	129	126	123	119	116	103	1	209	1590.568	350.905	0	0	0	13253	0	0	836	0	0	1	172	1589.920	351.140	0	0	0	16230	0	0	0	955	0	0	0	0	0
47	47	1041	122.303	359.853	295	373	291	63	8	153	345	322	178	21	674.947	1091	971	893	809	740	680	618	556	492	372	187	109.429	124	115	113	112	111	109	108	107	105	103	95	0	0	0.000	0.000	0	0	0	0	0	0	0	0	0	0	0	0.000	0.000	0	0	0	0	0	0	0	0	0	0	0	0	0
48	48	1767	1438.535	372.345	221	400	615	391	96	175	624	635	236	68	821.591	1288	1115	1052	997	927	864	794	699	594	443	189	122.239	153	134	131	128	125	123	119	117	113	110	100	0	0	0.000	0.000	0	0	0	0	0	0	0	0	0	0	0	0.000	0.000	0	0	0	0	0	0	0	0	0	0	0	0	0
49	49	1475	1800.590	369.006	228	549	490	149	30	201	606	483	137	19	3955.332	7129	5979	5407	4895	4590	4201	3784	3308	2548	1221	337	355.705	559	470	436	411	392	371	342	310	269	216	142	0	0	0.000	0.000	0	0	0	0	0	0	0	0	0	0	0	0.000	0.000	0	0	0	0	0	0	0	0	0	0	0	0	0
50	50	1122	574.390	366.827	164	239	355	289	47	172	285	383	181	81	225.530	330	284	273	264	251	239	223	207	174	132	105	121.920	148	135	132	129	127	124	121	117	110	104	98	0	0	0.000	0.000	0	0	0	0	0	0	0	0	0	0	0	0.000	0.000	0	0	0	0	0	0	0	0	0	0	0	0	0
51	51	1780	524.777	375.987	417	609	558	155	10	214	660	605	216	51	641.955	15251	684	311	282	271	261	246	227	200	165	116	178.868	1837	202	145	138	135	131	128	124	119	112	100	1	80	514.746	385.442	0	0	0	6823	0	0	821	0	0	1	89	515.322	384.198	0	0	0	3411	0	0	0	869	0	0	0	0	0
52	52	1789	1160.127	385.628	466	756	379	128	29	422	845	319	133	36	1726.123	4515	2758	2372	1982	1745	1588	1463	1351	1183	929	326	137.167	397	160	148	140	136	132	129	126	122	117	103	0	0	0.000	0.000	0	0	0	0	0	0	0	0	0	1	28	1169.319	376.945	0	0	0	3263	0	0	0	280	0	0	0	0	0
53	53	3492	153.559	401.904	742	1085	1015	513	71	669	1204	950	537	53	515.832	944	758	690	634	578	528	476	417	336	246	122	108.802	125	114	113	111	110	109	108	106	105	103	97	0	0	0.000	0.000	0	0	0	0	0	0	0	0	0	0	0	0.000	0.000	0	0	0	0	0	0	0	0	0	0	0	0	0
54	54	1181	1583.825	394.718	98	328	429	261	45	95	407	443	181	29	2599.392	3942	3603	3436	3257	3019	2787	2509	2159	1782	1258	434	157.129	205	183	177	172	167	161	154	145	136	124	105	0	0	0.000	0.000	0	0	0	0	0	0	0	0	0	0	0	0.000	0.000	0	0	0	0	0	0	0	0	0	0	0	0	0
55	55	3699	354.196	423.750	925	1511	990	216	13	670	1365	1160	387	58	1502.547	2541	2050	1890	1791	1700	1609	1495	1329	1109	738	194	151.324	202	174	168	164	160	156	151	144	134	118	99	0	0	0.000	0.000	0	0	0	0	0	0	0	0	0	0	0	0.000	0.000	0	0	0	0	0	0	0	0	0	0	0	0	0
56	56	3345	467.592	430.369	623	1128	1079	403	54	518	1318	1032	362	52	3383.568	31889	4883	2904	2462	2189	1915	1644	1360	1110	832	169	495.614	7509	644	257	226	209	196	183	172	161	143	106	1	300	468.964	436.928	0	0	0	19394	0	0	2909	0	0	1	246	469.148	436.592	0	0	0	22303	0	0	0	3670	0	0	0	0	0
57	57	767	1122.906	412.598	164	192	217	153	31	108	176	262	170	38	2186.219	3515	3202	2971	2745	2515	2279	2052	1802	1445	947	273	141.086	177	163	157	151	146	142	137	132	126	118	105	0	0	0.000	0.000	0	0	0	0	0	0	0	0	0	0	0	0.000	0.000	0	0	0	0	0	0	0	0	0	0	0	0	0
58	58	1807	1349.670	419.020	683	953	105	20	11	946	755	39	13	8	110.196	162	117	113	111	110	109	108	107	106	104	98	299.273	6717	366	172	134	121	114	110	106	104	103	98	0	0	0.000	0.000	0	0	0	0	0	0	0	0	0	1	82	1344.746	420.164	0	0	0	131	0	0	0	2879	0	0	0	0	0
59	59	2376	1428.660	421.562	560	862	736	165	13	447	807	642	367	64	2524.332	28835	6078	1338	928	820	739	668	602	502	299	107	249.585	2347	443	160	136	128	124	120	116	111	106	95	1	295	1429.642	414.275	0	0	0	14528	0	0	1004	0	0	1	266	1429.406	413.787	0	0	0	16975	0	0	0	1138	0	0	0	0	0
60	60	1764	1180.138	432.091	281	511	707	202	24	288	761	534	130	18	2436.604	4337	3413	3147	2962	2763	2557	2385	2109	1775	1052	245	142.892	187	163	158	154	150	146	141	135	128	115	100	0	0	0.000	0.000	0	0	0	0	0	0	0	0	0	0	0	0.000	0.000	0	0	0	0	0	0	0	0	0	0	0	0	0
61	61	2053	983.290	436.071	428	509	692	360	24	282	605	744	289	99	982.283	6964	1244	1153	1093	1033	969	904	837	716	512	157	127.574	514	137	132	128	126	123	121	118	114	110	100	1	26	985.311	437.034	0	0	0	4725	0	0	296	0	0	1	39	984.811	437.881	0	0	0	3122	0	0	0	307	0	0	0	0	0
62	62	2204	1034.353	451.310	422	639	640	403	69	391	1131	445	188	19	3401.896	30106	11119	1902	1206	1037	942	849	768	648	453	173	431.244	4587	1094	249	164	142	135	131	126	121	115	101	1	349	1031.981	453.434	0	0	0	17284	0	0	1610	0	0	1	270	1032.091	453.400	0	0	0	21084	0	0	0	2285	0	0	0	0	0
63	63	1672	512.794	453.052	290	408	580	323	42	249	577	534	195	80	2501.586	5092	4196	3708	3284	2868	2470	2078	1700	1360	783	200	216.427	364	309	281	260	240	219	194	173	148	116	97	0	0	0.000	0.000	0	0	0	0	0	0	0	0	0	0	0	0.000	0.000	0	0	0	0	0	0	0	0	0	0	0	0	0
64	64	1698	1119.027	464.080	245	382	645	321	78	142	459	733	237	80	149.492	202	171	160	156	152	149	146	142	136	129	106	108.309	123	114	112	110	109	108	107	106	105	103	97	0	0	0.000	0.000	0	0	0	0	0	0	0	0	0	0	0	0.000	0.000	0	0	0	0	0	0	0	0	0	0	0	0	0
65	65	1423	1343.623	461.488	793	564	22	10	12	1083	303	12	8	5	112.360	189	118	115	114	113	111	110	109	108	106	100	185.392	296	257	238	221	202	185	167	148	128	114	100	0	0	0.000	0.000	0	0	0	0	0	0	0	0	0	0	0	0.000	0.000	0	0	0	0	0	0	0	0	0	0	0	0	0
66	66	1594	1766.754	473.835	376	541	468	167	15	278	526	519	181	67	1418.183	2649	2101	1851	1682	1542	1403	1303	1195	1024	702	174	108.957	130	115	113	111	110	109	108	106	105	104	98	0	0	0.000	0.000	0	0	0	0	0	0	0	0	0	0	0	0.000	0.000	0	0	0	0	0	0	0	0	0	0	0	0	0
67	67	1961	1484.523	486.942	369	681	573	262	47	371	749	563	213	34	1224.766	3049	1809	1637	1511	1402	1262	1143	1035	807	470	154	132.344	248	150	144	139	136	133	129	125	119	110	99	0	0	0.000	0.000	0	0	0	0	0	0	0	0	0	1	13	1476.232	490.244	0	0	0	1926	0	0	0	218	0	0	0	0	0
68	68	1381	1535.464	484.751	151	435	536	200	43	100	574	471	186	29	1783.442	2929	2386	2208	2041	1907	1799	1684	1591	1440	1132	407	135.196	163	150	145	142	139	136	133	130	126	119	102	0	0	0.000	0.000	0	0	0	0	0	0	0	0	0	0	0	0.000	0.000	0	0	0	0	0	0	0	0	0	0	0	0	0
69	69	1587	1285.248	495.725	270	412	514	287	71	264	661	422	174	39	2867.100	20950	4292	2816	2469	2279	2097	1859	1624	1324	893	348	201.370	1713	268	167	151	144	138	133	128	122	115	99	1	117	1282.060	496.386	0	0	0	13980	0	0	782	0	0	1	114	1282.286	495.587	0	0	0	14094	0	0	0	865	0	0	0	0	0
70	70	1158	1330.731	508.303	36	208	413	386	89	92	313	434	213	80	1956.450	3334	2762	2532	2386	2259	2132	1967	1789	1359	684	208	136.585	165	153	148	145	141	139	135	131	126	116	102	0	0	0.000	0.000	0	0	0	0	0	0	0	0	0	0	0	0.000	0.000	0	0	0	0	0	0	0	0	0	0	0	0	0
71	71	2300	1585.556	524.466	597	1217	392	43	18	564	1348	288	39	15	5065.082	33320	12431	4314	3411	2977	2706	2370	2142	1892	1354	231	591.390	6929	1353	316	220	192	179	170	161	149	132	102	1	297	1588.485	524.927	0	0	0	22133	0	0	2845	0	0	1	278	1588.719	525.024	0	0	0	22955	0	0	0	3259	0	0	0	0	0
72	72	2075	194.376	524.487	399	676	706	237	26	299	520	721	399	110	1563.618	20667	1942	1332	1163	1061	985	928	864	766	566	209	182.639	1955	212	144	134	130	127	125	122	119	114	102	1	99	205.181	520.233	0	0	0	10315	0	0	965	0	0	1	109	204.969	519.824	0	0	0	9498	0	0	0	911	0	0	0	0	0
73	73	1208	136.677	523.901	247	288	336	259	50	247	540	315	80	7	982.472	1656	1457	1299	1166	1080	1022	963	887	700	368	139	126.908	160	140	136	133	130	128	125	122	118	112	102	0	0	0.000	0.000	0	0	0	0	0	0	0	0	0	0	0	0.000	0.000	0	0	0	0	0	0	0	0	0	0	0	0	0
74	74	1456	1850.166	527.129	127	366	551	354	39	186	458	497	238	55	390.027	4766	488	394	347	314	292	279	266	243	205	123	131.240	659	145	128	123	120	118	116	114	111	107	100	1	41	1861.281	523.773	0	0	0	2323	0	0	156	0	0	1	56	1858.552	519.675	0	0	0	575	0	0	0	341	0	0	0	0	0
75	75	1608	1385.151	537.428	384	633	509	44	8	191	489	521	305	65	383.711	8313	444	291	252	234	222	210	196	178	149	106	170.201	1334	197	166	154	148	142	137	132	124	114	97	1	51	1382.388	533.482	0	0	0	3510	0	0	469	0	0	1	65	1382.665	535.082	0	0	0	1656	0	0	0	649	0	0	0	0	0
76	76	1850	251.692	539.637	252	483	640	369	68	262	770	528	229	27	1434.529	2638	2044	1862	1741	1616	1481	1329	1144	984	777	232	125.617	154	142	137	133	129	125	121	118	114	110	100	0	0	0.000	0.000	0	0	0	0	0	0	0	0	0	0	0	0.000	0.000	0	0	0	0	0	0	0	0	0	0	0	0	0
77	77	1870	1293.946	549.144	347	706	638	129	27	321	760	516	207	32	3149.378	5785	4504	4134	3790	3478	3191	2897	2611	2243	1679	422	117.809	141	129	126	122	120	117	115	113	110	107	97	0	0	0.000	0.000	0	0	0	0	0	0	0	0	0	0	0	0.000	0.000	0	0	0	0	0	0	0	0	0	0	0	0	0
78	78	1577	908.887	553.376	173	420	614	320	28	125	418	626	290	81	494.413	2684	629	586	560	539	511	474	420	348	243	120	113.712	238	120	117	115	114	112	111	109	108	105	98	1	15	920.044	544.155	0	0	0	2124	0	0	188	0	0	1	32	919.068	542.773	0	0	0	888	0	0	0	165	0	0	0	0	0
79	79	955	298.236	551.588	146	357	316	103	19	78	339	334	144	48	1791.642	2688	2427	2291	2139	2004	1890	1737	1565	1314	976	370	128.332	150	140	137	134	132	129	126	123	119	115	102	0	0	0.000	0.000	0	0	0	0	0	0	0	0	0	0	0	0.000	0.000	0	0	0	0	0	0	0	0	0	0	0	0	0
80	80	2685	328.848	589.651	505	1031	827	238	30	432	990	807	302	114	683.196	15813	685	407	354	318	296	279	259	234	190	115	178.551	1955	191	151	143	137	133	129	125	120	113	98	1	121	323.744	591.817	0	0	0	6555	0	0	789	0	0	1	114	323.975	590.947	0	0	0	6555	0	0	0	992	0	0	0	0	0
81	81	670	1381.233	580.069	69	230	278	76	6	73	136	309	127	14	218.499	309	282	271	261	249	234	210	186	157	128	108	146.099	185	171	166	161	156	150	143	134	124	115	103	0	0	0.000	0.000	0	0	0	0	0	0	0	0	0	0	0	0.000	0.000	0	0	0	0	0	0	0	0	0	0	0	0	0
82	82	2216	881.324	592.759	564	607	616	334	59	488	750	593	278	66	1814.709	25058	3336	838	602	557	523	484	434	355	248	140	196.870	1903	272	134	123	119	116	114	111	108	105	100	1	221	879.197	584.092	0	0	0	12567	0	0	769	0	0	1	188	878.729	583.822	0	0	0	15336	0	0	0	910	0	0	0	0	0
83	83	1435	1319.602	597.060	224	409	546	197	33	224	618	370	177	22	3402.711	5818	5168	4805	4395	4042	3646	3227	2709	2099	1015	247	117.440	144	129	125	123	120	117	115	112	109	105	97	0	0	0.000	0.000	0	0	0	0	0	0	0	0	0	0	0	0.000	0.000	0	0	0	0	0	0	0	0	0	0	0	0	0
84	84	1114	1695.805	606.146	91	237	444	289	32	107	413	375	173	29	2549.893	4747	3922	3413	3115	2859	2552	2259	1952	1716	1182	381	188.503	291	242	221	205	195	185	174	166	158	145	112	0	0	0.000	0.000	0	0	0	0	0	0	0	0	0	0	0	0.000	0.000	0	0	0	0	0	0	0	0	0	0	0	0	0
85	85	1422	271.803	606.934	240	354	496	291	23	211	405	429	217	131	237.844	334	291	280	269	258	247	235	220	199	163	117	124.483	148	137	133	131	128	125	123	120	116	110	99	0	0	0.000	0.000	0	0	0	0	0	0	0	0	0	0	0	0.000	0.000	0	0	0	0	0	0	0	0	0	0	0	0	0
86	86	669	756.268	602.112	82	158	224	172	19	74	163	255	134	32	471.087	817	736	684	637	585	538	438	317	197	137	110	114.652	134	124	122	120	118	116	113	110	106	103	98	0	0	0.000	0.000	0	0	0	0	0	0	0	0	0	0	0	0.000	0.000	0	0	0	0	0	0	0	0	0	0	0	0	0
87	87	1780	793.824	618.061	323	519	596	259	42	228	696	563	221	44	1029.839	14899	1421	724	631	569	517	470	427	376	294	135	148.509	1000	175	130	123	120	117	115	113	110	106	98	1	112	789.832	622.296	0	0	0	7219	0	0	517	0	0	1	110	789.146	621.967	0	0	0	6695	0	0	0	517	0	0	0	0	0
88	88	1647	1921.679	616.588	477	460	380	265	32	484	525	380	183	48	108.277	120	113	112	110	109	108	107	106	105	103	95	102.220	110	105	104	103	103	102	102	101	101	100	94	0	0	0.000	0.000	0	0	0	0	0	0	0	0	0	0	0	0.000	0.000	0	0	0	0	0	0	0	0	0	0	0	0	0
89	89	1724	1545.386	612.547	227	455	586	380	37	143	362	742	333	114	869.200	1508	1187	1100	1044	992	944	883	801	629	350	121	112.220	131	119	117	115	114	113	111	110	108	105	95	0	0	0.000	0.000	0	0	0	0	0	0	0	0	0	0	0	0.000	0.000	0	0	0	0	0	0	0	0	0	0	0	0	0
90	90	1023	1595.717	609.620	178	346	390	84	9	145	360	315	160	24	827.976	1379	1135	1063	1000	939	881	814	753	628	354	136	111.063	125	116	115	113	112	111	110	109	108	106	100	0	0	0.000	0.000	0	0	0	0	0	0	0	0	0	0	0	0.000	0.000	0	0	0	0	0	0	0	0	0	0	0	0	0
91	91	2002	1045.557	637.912	347	711	645	232	33	218	1057	468	183	38	2032.922	16116	2890	2213	1959	1820	1691	1578	1381	1134	767	179	164.596	1166	183	157	149	145	141	137	132	126	116	100	1	77	1037.964	627.225	0	0	0	10062	0	0	621	0	0	1	81	1037.683	627.030	0	0	0	9738	0	0	0	607	0	0	0	0	0
92	92	921	1000.269	644.205	145	113	203	288	161	113	152	332	234	68	2082.676	3148	2887	2718	2539	2364	2187	1976	1723	1459	1108	509	149.801	188	171	166	161	157	152	147	140	133	124	107	0	0	0.000	0.000	0	0	0	0	0	0	0	0	0	0	0	0.000	0.000	0	0	0	0	0	0	0	0	0	0	0	0	0
93	93	1743	1697.010	652.145	467	594	482	158	15	339	540	475	279	84	2449.745	8814	4005	3168	2783	2524	2313	2125	1916	1649	1084	346	196.804	1173	250	213	201	191	182	174	167	155	134	110	0	0	0.000	0.000	0	0	0	0	0	0	0	0	0	1	31	1713.094	648.339	0	0	0	5157	0	0	0	704	0	0	0	0	0
94	94	1982	1650.668	685.497	347	584	634	316	54	271	738	639	249	48	2744.185	4678	3882	3534	3323	3100	2838	2506	2235	2010	1489	339	176.375	251	213	202	193	185	177	169	162	152	137	109	0	0	0.000	0.000	0	0	0	0	0	0	0	0	0	0	0	0.000	0.000	0	0	0	0	0	0	0	0	0	0	0	0	0
95	95	1955	994.314	690.978	363	545	685	300	26	282	463	756	299	127	1861.337	14892	2822	2301	2053	1856	1618	1385	1151	881	609	181	201.260	2182	242	196	181	170	158	149	139	130	120	101	1	52	995.007	683.204	0	0	0	9635	0	0	1252	0	0	1	63	994.603	683.415	0	0	0	8636	0	0	0	1069	0	0	0	0	0
96	96	1868	1565.477	689.891	425	475	593	310	29	260	541	682	267	94	373.201	9199	394	255	230	215	202	188	176	160	140	103	238.661	1108	303	275	256	238	225	211	194	174	151	111	1	57	1567.861	693.922	0	0	0	3955	0	0	456	0	0	1	40	1567.033	690.684	0	0	0	778	0	0	0	769	0	0	0	0	0
97	97	2383	1491.000	700.095	392	628	777	471	81	421	835	784	240	62	1051.016	10057	1413	1199	1063	980	920	846	755	651	381	127	142.827	997	148	137	133	130	127	124	121	117	108	98	1	71	1473.462	703.209	0	0	0	5597	0	0	578	0	0	1	83	1473.658	703.422	0	0	0	4957	0	0	0	497	0	0	0	0	0
98	98	1603	1435.896	697.452	324	448	537	249	17	244	413	561	295	62	1233.337	1977	1695	1587	1509	1431	1326	1219	1078	850	566	173	140.121	172	158	154	150	147	142	139	133	126	117	101	0	0	0.000	0.000	0	0	0	0	0	0	0	0	0	0	0	0.000	0.000	0	0	0	0	0	0	0	0	0	0	0	0	0
99	99	1524	1035.905	722.956	284	376	520	286	30	191	455	575	184	99	2245.928	4055	3407	3080	2845	2583	2337	2064	1734	1368	978	281	183.699	271	233	219	208	196	186	175	161	148	131	101	0	0	0.000	0.000	0	0	0	0	0	0	0	0	0	0	0	0.000	0.000	0	0	0	0	0	0	0	0	0	0	0	0	0
100	100	1895	1392.628	761.425	286	525	609	381	54	231	712	602	241	74	845.454	12280	909	724	648	595	546	486	430	374	282	112	142.547	1012	152	127	123	120	118	115	113	110	107	94	1	89	1396.056	772.643	0	0	0	5904	0	0	512	0	0	1	91	1395.615	771.830	0	0	0	4866	0	0	0	511	0	0	0	0	0
101	101	1625	1464.707	759.621	225	473	529	281	76	196	587	569	190	49	1304.263	6609	1764	1612	1467	1348	1258	1179	1107	939	674	241	122.844	382	131	126	123	121	120	118	115	113	109	100	1	15	1453.957	769.054	0	0	0	5356	0	0	270	0	0	1	34	1454.460	769.216	0	0	0	3966	0	0	0	253	0	0	0	0	0
102	102	2319	311.542	787.705	336	759	756	363	63	319	919	625	336	77	2182.775	23125	3100	1761	1601	1450	1324	1169	1011	826	534	175	343.454	4847	463	222	187	177	167	158	148	136	122	104	1	162	315.840	784.039	0	0	0	12961	0	0	2253	0	0	1	157	315.818	783.957	0	0	0	13326	0	0	0	2291	0	0	0	0	0
103	103	757	1430.168	785.426	136	211	206	167	25	97	209	220	185	37	654.332	916	859	825	783	731	672	617	563	502	424	178	119.065	138	127	124	123	121	119	117	116	114	111	100	0	0	0.000	0.000	0	0	0	0	0	0	0	0	0	0	0	0.000	0.000	0	0	0	0	0	0	0	0	0	0	0	0	0
104	104	2050	1933.169	787.644	212	773	673	294	52	251	878	681	170	28	3252.679	28808	12852	2507	859	475	362	337	316	283	229	126	909.151	8802	2877	718	344	234	208	198	189	175	153	103	1	404	1934.750	788.445	0	0	0	12920	0	0	2958	0	0	1	297	1934.376	787.003	0	0	0	18723	0	0	0	4345	0	0	0	0	0
105	105	2107	367.243	798.743	269	354	735	559	145	254	600	858	298	56	2912.330	28990	7241	2120	1408	1174	991	842	709	556	408	167	365.836	4001	760	234	161	141	131	124	118	112	108	99	1	270	368.319	800.596	0	0	0	15786	0	0	1646	0	0	1	227	368.207	799.545	0	0	0	18043	0	0	0	2003	0	0	0	0	0
106	106	2050	1230.445	803.354	241	660	729	350	30	211	787	696	256	71	1764.741	3172	2589	2371	2131	1949	1793	1606	1412	1203	925	324	109.421	127	115	113	112	110	109	108	107	106	104	98	0	0	0.000	0.000	0	0	0	0	0	0	0	0	0	0	0	0.000	0.000	0	0	0	0	0	0	0	0	0	0	0	0	0
107	107	1966	1470.844	809.910	248	504	680	410	87	255	628	650	290	96	1402.620	10852	1834	1634	1527	1431	1303	1176	1037	876	684	248	144.784	954	156	146	141	136	131	126	122	118	112	100	1	43	1473.215	792.675	0	0	0	6499	0	0	522	0	0	1	48	1472.696	793.012	0	0	0	6308	0	0	0	550	0	0	0	0	0
108	108	2077	414.696	826.971	435	519	688	360	40	358	714	638	238	89	1174.592	2005	1783	1626	1492	1368	1234	1068	901	713	482	178	128.977	163	147	142	138	134	130	125	120	114	109	100	0	0	0.000	0.000	0	0	0	0	0	0	0	0	0	0	0	0.000	0.000	0	0	0	0	0	0	0	0	0	0	0	0	0
109	109	2221	268.188	832.421	437	942	658	123	16	446	1233	428	77	9	2766.471	28214	9518	1451	532	334	281	256	238	215	174	105	818.701	9734	2226	435	241	200	186	176	166	152	127	100	1	379	269.820	831.633	0	0	0	12887	0	0	2983	0	0	1	273	270.136	831.499	0	0	0	21201	0	0	0	4697	0	0	0	0	0
110	110	1415	1182.066	830.298	263	388	437	259	39	193	340	437	351	63	2545.088	3914	3464	3268	3099	2916	2708	2526	2245	1772	1239	486	111.784	129	118	116	114	113	112	111	109	108	105	99	0	0	0.000	0.000	0	0	0	0	0	0	0	0	0	0	0	0.000	0.000	0	0	0	0	0	0	0	0	0	0	0	0	0
111	111	2029	742.539	830.781	280	475	754	432	57	256	692	704	250	87	1658.553	17771	2576	1648	1329	1156	1058	923	764	573	394	149	244.634	3683	299	181	157	146	138	132	125	119	112	100	1	125	740.838	826.958	0	0	0	9677	0	0	1389	0	0	1	100	741.055	826.623	0	0	0	11910	0	0	0	1667	0	0	0	0	0
112	112	1690	1422.156	842.559	212	455	591	359	40	185	617	553	243	60	2159.267	22262	3443	1778	1473	1301	1170	1066	948	814	600	233	220.941	2474	313	161	138	132	127	123	119	115	110	101	1	132	1423.203	839.073	0	0	0	12610	0	0	1022	0	0	1	118	1422.435	838.564	0	0	0	11691	0	0	0	1197	0	0	0	0	0
113	113	1464	307.487	846.463	217	479	444	272	27	144	565	471	225	34	1339.204	2334	1996	1807	1670	1560	1389	1256	1055	847	602	210	162.618	235	198	187	180	172	164	157	148	138	121	102	0	0	0.000	0.000	0	0	0	0	0	0	0	0	0	0	0	0.000	0.000	0	0	0	0	0	0	0	0	0	0	0	0	0
114	114	668	1474.942	855.840	114	148	190	172	32	105	160	200	137	50	1281.040	2033	1866	1741	1618	1473	1337	1197	1027	818	586	296	126.591	154	142	139	135	132	129	125	119	113	107	99	0	0	0.000	0.000	0	0	0	0	0	0	0	0	0	0	0	0.000	0.000	0	0	0	0	0	0	0	0	0	0	0	0	0
115	115	1501	1392.240	888.949	306	325	506	303	33	256	468	498	207	46	1140.398	6403	1583	1439	1325	1218	1109	1019	895	677	373	138	120.662	362	131	124	121	118	116	114	111	107	104	97	1	28	1387.347	884.355	0	0	0	4692	0	0	240	0	0	1	47	1387.805	884.868	0	0	0	3689	0	0	0	240	0	0	0	0	0
116	116	2064	732.774	888.368	411	444	624	459	98	336	738	617	256	73	1456.263	2366	2113	1952	1840	1735	1609	1434	1185	903	558	192	154.224	206	182	176	170	165	159	151	142	131	118	102	0	0	0.000	0.000	0	0	0	0	0	0	0	0	0	0	0	0.000	0.000	0	0	0	0	0	0	0	0	0	0	0	0	0
117	117	1873	896.324	889.791	188	313	716	460	140	157	471	820	323	66	113.977	130	120	118	117	115	114	113	111	110	108	100	193.351	289	241	228	217	207	196	182	169	157	143	107	0	0	0.000	0.000	0	0	0	0	0	0	0	0	0	0	0	0.000	0.000	0	0	0	0	0	0	0	0	0	0	0	0	0
118	118	1133	840.974	912.309	128	303	314	294	73	139	329	377	189	75	965.689	5537	1239	1113	1025	955	898	850	791	691	546	272	125.095	349	134	127	124	122	120	119	116	114	111	104	1	21	835.256	921.698	0	0	0	3753	0	0	223	0	0	1	34	833.538	921.268	0	0	0	2092	0	0	0	239	0	0	0	0	0
119	119	1404	1612.761	935.318	137	332	519	355	36	147	328	531	295	80	2749.692	4938	4485	4147	3702	3250	2728	2258	1856	1423	1026	374	160.905	219	200	192	181	170	160	151	142	130	122	107	0	0	0.000	0.000	0	0	0	0	0	0	0	0	0	0	0	0.000	0.000	0	0	0	0	0	0	0	0	0	0	0	0	0
120	120	788	880.274	931.982	87	137	256	224	69	95	208	296	138	39	116.805	131	123	120	119	118	117	116	114	113	111	102	202.901	281	250	236	227	216	207	197	185	170	147	118	0	0	0.000	0.000	0	0	0	0	0	0	0	0	0	0	0	0.000	0.000	0	0	0	0	0	0	0	0	0	0	0	0	0
121	121	1674	960.672	957.635	285	369	538	398	55	216	530	556	273	60	1012.057	1762	1523	1398	1276	1160	1057	968	834	653	350	134	109.646	129	116	114	112	110	109	108	107	105	104	97	0	0	0.000	0.000	0	0	0	0	0	0	0	0	0	0	0	0.000	0.000	0	0	0	0	0	0	0	0	0	0	0	0	0
122	122	2156	843.636	961.406	449	505	727	377	55	427	542	681	355	111	1789.654	13986	2668	2251	1919	1708	1559	1425	1256	1002	561	146	238.478	2617	291	240	212	193	183	173	163	151	127	100	1	63	847.335	966.651	0	0	0	8684	0	0	1490	0	0	1	74	847.394	966.337	0	0	0	7556	0	0	0	1239	0	0	0	0	0
123	123	2174	768.555	962.814	266	527	790	477	57	223	737	812	302	54	702.094	14792	800	341	292	276	261	243	221	199	174	117	292.843	2391	352	289	273	258	240	220	198	180	160	114	1	121	781.841	960.739	0	0	0	6472	0	0	1079	0	0	1	95	781.897	960.470	0	0	0	8531	0	0	0	1339	0	0	0	0	0
124	124	2066	665.007	973.220	328	709	732	229	30	257	872	637	216	36	2989.275	5839	4391	3968	3646	3372	3138	2862	2476	1889	1211	417	160.534	231	192	183	175	168	163	156	148	136	123	103	0	0	0.000	0.000	0	0	0	0	0	0	0	0	0	0	0	0.000	0.000	0	0	0	0	0	0	0	0	0	0	0	0	0
125	125	1543	1575.514	968.533	337	384	531	249	25	275	482	434	230	88	2516.332	5086	4231	3672	3210	2889	2542	2127	1703	1374	839	197	156.202	229	196	181	172	165	159	148	137	129	117	100	0	0	0.000	0.000	0	0	0	0	0	0	0	0	0	0	0	0.000	0.000	0	0	0	0	0	0	0	0	0	0	0	0	0
126	126	1171	1780.215	971.655	140	283	397	312	17	115	396	374	195	66	873.424	1478	1260	1181	1075	968	880	795	704	590	467	201	130.682	159	146	142	139	135	131	127	123	119	115	103	0	0	0.000	0.000	0	0	0	0	0	0	0	0	0	0	0	0.000	0.000	0	0	0	0	0	0	0	0	0	0	0	0	0
127	127	2361	1645.993	990.124	266	499	858	521	182	300	744	919	291	63	2269.886	22617	2676	2183	2009	1872	1712	1468	1257	1062	735	260	174.062	1691	183	145	139	136	131	127	123	119	113	101	1	118	1655.515	983.894	0	0	0	13624	0	0	837	0	0	1	114	1655.367	983.866	0	0	0	14051	0	0	0	847	0	0	0	0	0
128	128	1079	715.107	981.285	161	249	342	246	63	199	391	303	155	16	229.840	332	297	280	269	258	243	229	211	170	127	104	232.968	345	303	286	273	260	246	227	206	177	137	107	0	0	0.000	0.000	0	0	0	0	0	0	0	0	0	0	0	0.000	0.000	0	0	0	0	0	0	0	0	0	0	0	0	0
129	129	1795	916.148	989.865	208	482	763	281	35	160	526	772	257	52	2119.605	4142	3272	2955	2699	2406	2093	1879	1618	1278	862	250	145.793	196	172	165	158	152	146	140	134	127	117	102	0	0	0.000	0.000	0	0	0	0	0	0	0	0	0	0	0	0.000	0.000	0	0	0	0	0	0	0	0	0	0	0	0	0
130	130	2308	129.772	1006.029	509	675	686	346	57	397	727	756	305	86	1886.562	3573	2844	2592	2408	2147	1868	1630	1486	1303	799	180	180.289	264	226	215	203	190	178	169	161	150	132	101	0	0	0.000	0.000	0	0	0	0	0	0	0	0	0	0	0	0.000	0.000	0	0	0	0	0	0	0	0	0	0	0	0	0
131	131	1571	616.022	1001.608	319	523	506	173	26	242	547	443	247	55	3139.663	5243	4322	4062	3870	3681	3489	3226	2762	2047	1233	366	165.038	218	192	186	181	176	171	164	155	142	124	105	0	0	0.000	0.000	0	0	0	0	0	0	0	0	0	0	0	0.000	0.000	0	0	0	0	0	0	0	0	0	0	0	0	0
132	132	1472	871.717	1003.204	250	219	455	403	109	258	335	518	280	55	1979.285	2968	2630	2510	2431	2341	2222	2037	1822	1443	770	247	209.551	272	252	244	237	230	222	210	195	176	142	106	0	0	0.000	0.000	0	0	0	0	0	0	0	0	0	0	0	0.000	0.000	0	0	0	0	0	0	0	0	0	0	0	0	0
133	133	999	963.365	1005.108	120	181	315	291	74	130	315	362	154	20	988.650	1686	1481	1349	1217	1098	981	891	827	718	434	173	107.437	118	112	110	109	108	107	107	106	105	103	98	0	0	0.000	0.000	0	0	0	0	0	0	0	0	0	0	0	0.000	0.000	0	0	0	0	0	0	0	0	0	0	0	0	0
134	134	1867	1770.092	1023.274	273	533	631	337	53	237	645	649	254	46	1170.573	2139	1820	1541	1403	1273	1167	1053	948	821	561	173	136.956	170	154	149	146	142	139	135	131	125	116	100	0	0	0.000	0.000	0	0	0	0	0	0	0	0	0	0	0	0.000	0.000	0	0	0	0	0	0	0	0	0	0	0	0	0
135	135	1725	1827.761	1023.287	338	507	630	188	13	251	430	627	296	98	1888.101	3250	2668	2439	2264	2112	1967	1790	1597	1353	968	250	145.155	194	170	161	155	150	146	142	136	129	118	102	0	0	0.000	0.000	0	0	0	0	0	0	0	0	0	0	0	0.000	0.000	0	0	0	0	0	0	0	0	0	0	0	0	0
136	136	1669	1621.297	1046.554	346	476	520	253	41	361	556	462	221	41	1664.019	8407	2290	2032	1876	1780	1681	1572	1422	1116	737	281	131.458	444	143	136	132	130	127	125	122	117	111	100	1	18	1603.637	1044.374	0	0	0	6632	0	0	260	0	0	1	38	1604.993	1044.530	0	0	0	4596	0	0	0	285	0	0	0	0	0
137	137	2303	977.460	1081.433	230	782	811	386	50	166	913	757	311	102	3264.993	6316	5238	4517	3903	3487	3082	2768	2508	2172	1655	388	109.584	127	115	113	112	111	109	108	107	106	104	97	0	0	0.000	0.000	0	0	0	0	0	0	0	0	0	0	0	0.000	0.000	0	0	0	0	0	0	0	0	0	0	0	0	0
138	138	1407	1432.149	1089.932	183	297	563	279	61	210	556	469	119	19	2415.341	4267	3626	3316	2957	2585	2342	2095	1900	1647	1316	569	150.881	201	179	171	163	156	150	144	139	132	126	106	0	0	0.000	0.000	0	0	0	0	0	0	0	0	0	0	0	0.000	0.000	0	0	0	0	0	0	0	0	0	0	0	0	0
139	139	682	934.290	1103.043	105	241	211	90	24	90	229	271	57	21	3694.226	5713	5336	4984	4625	4316	3985	3605	3104	2423	1612	468	108.048	122	113	111	110	109	108	107	106	105	103	99	0	0	0.000	0.000	0	0	0	0	0	0	0	0	0	0	0	0.000	0.000	0	0	0	0	0	0	0	0	0	0	0	0	0
140	140	1381	507.529	1125.307	314	397	454	173	21	245	357	496	193	64	201.634	1455	234	213	203	195	188	180	170	150	122	98	148.660	341	175	166	161	155	151	145	138	124	108	100	1	29	495.317	1130.835	0	0	0	804	0	0	255	0	0	1	14	495.279	1130.470	0	0	0	1056	0	0	0	286	0	0	0	0	0
141	141	976	1405.067	1125.759	112	223	349	257	17	61	152	457	202	82	2622.730	4186	3723	3407	3194	3023	2837	2490	2135	1755	1293	497	167.053	230	198	189	181	174	169	161	153	144	135	109	0	0	0.000	0.000	0	0	0	0	0	0	0	0	0	0	0	0.000	0.000	0	0	0	0	0	0	0	0	0	0	0	0	0
142	142	1830	1455.380	1135.774	434	587	560	188	22	329	665	533	219	53	2254.189	7601	3385	2895	2617	2376	2159	1997	1786	1533	1189	349	160.467	602	192	176	167	160	155	149	143	135	124	101	0	0	0.000	0.000	0	0	0	0	0	0	0	0	0	1	35	1461.829	1128.812	0	0	0	5376	0	0	0	378	0	0	0	0	0
143	143	1474	996.365	1141.530	348	532	408	129	36	343	666	306	114	14	3931.955	6644	5408	5047	4728	4411	4069	3691	3306	2873	2232	752	109.874	123	115	113	112	111	110	109	108	106	105	98	0	0	0.000	0.000	0	0	0	0	0	0	0	0	0	0	0	0.000	0.000	0	0	0	0	0	0	0	0	0	0	0	0	0
144	144	2061	408.628	1144.516	341	687	696	265	39	302	680	634	351	56	1719.086	2980	2595	2432	2269	2107	1841	1526	1234	980	648	199	122.571	231	137	133	129	126	122	119	115	111	107	98	0	0	0.000	0.000	0	0	0	0	0	0	0	0	0	1	12	405.299	1133.527	0	0	0	2541	0	0	0	209	0	0	0	0	0
145	145	1248	946.513	1141.229	164	404	403	230	27	201	567	297	150	19	1519.345	2504	2140	1950	1813	1696	1577	1476	1319	1056	759	287	111.268	128	118	115	114	112	111	110	108	107	105	97	0	0	0.000	0.000	0	0	0	0	0	0	0	0	0	0	0	0.000	0.000	0	0	0	0	0	0	0	0	0	0	0	0	0
146	146	1507	357.997	1162.766	378	391	477	220	17	259	415	504	210	99	1942.458	3199	2855	2693	2551	2323	2113	1883	1556	1112	652	212	125.215	156	140	136	133	130	127	123	118	113	107	99	0	0	0.000	0.000	0	0	0	0	0	0	0	0	0	0	0	0.000	0.000	0	0	0	0	0	0	0	0	0	0	0	0	0
147	147	1725	1539.680	1166.965	231	436	525	440	54	218	549	539	274	111	789.428	11185	974	742	649	578	516	469	425	376	300	151	120.060	484	129	118	114	112	111	109	107	106	104	96	1	70	1537.270	1162.396	0	0	0	5489	0	0	256	0	0	1	73	1536.269	1161.370	0	0	0	3206	0	0	0	277	0	0	0	0	0
148	148	573	551.950	1159.090	51	125	191	149	46	49	173	179	123	37	166.614	218	198	192	186	181	174	167	156	138	117	104	134.405	170	154	148	145	141	138	133	127	116	109	102	0	0	0.000	0.000	0	0	0	0	0	0	0	0	0	0	0	0.000	0.000	0	0	0	0	0	0	0	0	0	0	0	0	0
149	149	1757	515.118	1176.944	356	513	616	177	49	399	872	356	77	21	541.225	12138	640	298	243	223	211	196	181	164	144	108	183.859	1260	222	179	169	162	155	146	139	131	117	101	1	87	516.515	1179.777	0	0	0	5229	0	0	596	0	0	1	83	516.365	1178.459	0	0	0	2986	0	0	0	679	0	0	0	0	0
150	150	2135	1161.282	1173.490	385	573	733	369	43	331	602	691	382	85	1184.908	18070	1369	863	790	726	664	607	550	481	352	139	275.030	4112	315	184	165	157	150	144	138	129	118	102	1	111	1166.914	1169.200	0	0	0	8992	0	0	1951	0	0	1	120	1167.233	1168.648	0	0	0	8689	0	0	0	1913	0	0	0	0	0
151	151	1220	1207.745	1180.660	170	437	445	135	19	120	434	431	154	63	428.011	3959	550	448	415	386	359	341	323	302	259	159	134.739	482	148	136	131	129	125	123	120	117	114	104	1	36	1206.536	1176.531	0	0	0	1926	0	0	260	0	0	1	52	1206.978	1175.415	0	0	0	1118	0	0	0	287	0	0	0	0	0
152	152	2086	936.046	1195.291	538	918	525	67	10	278	739	707	246	62	1338.236	2432	1987	1755	1600	1479	1366	1239	1083	899	672	250	112.010	131	118	116	115	113	112	110	109	108	106	100	0	0	0.000	0.000	0	0	0	0	0	0	0	0	0	0	0	0.000	0.000	0	0	0	0	0	0	0	0	0	0	0	0	0
153	153	1603	656.775	1189.896	197	418	489	388	87	138	506	586	253	94	202.511	429	248	233	222	213	203	196	186	174	152	110	144.709	187	167	160	156	151	146	142	135	129	120	101	0	0	0.000	0.000	0	0	0	0	0	0	0	0	0	0	0	0.000	0.000	0	0	0	0	0	0	0	0	0	0	0	0	0
154	154	2428	1436.131	1212.191	625	973	664	109	17	594	1055	587	131	20	1596.009	21807	1904	1297	1155	1063	988	913	839	748	586	182	287.145	5403	291	178	161	155	151	147	143	137	129	102	1	118	1431.912	1221.034	0	0	0	11326	0	0	2255	0	0	1	105	1431.700	1220.702	0	0	0	13176	0	0	0	2510	0	0	0	0	0
155	155	1101	1070.569	1207.557	136	191	383	325	40	98	246	481	191	59	337.503	497	432	399	380	361	343	327	308	277	232	121	148.476	193	170	163	158	154	150	147	142	135	123	101	0	0	0.000	0.000	0	0	0	0	0	0	0	0	0	0	0	0.000	0.000	0	0	0	0	0	0	0	0	0	0	0	0	0
156	156	1813	1385.976	1212.807	252	632	694	196	12	188	601	639	275	65	1740.151	4013	2545	2253	2051	1883	1714	1567	1377	1208	1015	352	147.715	312	169	162	157	151	147	143	137	132	123	99	0	0	0.000	0.000	0	0	0	0	0	0	0	0	0	1	12	1380.979	1211.061	0	0	0	1401	0	0	0	272	0	0	0	0	0
157	157	1826	1492.470	1216.364	1120	310	238	110	33	1023	344	222	182	27	147.778	265	204	175	157	145	136	129	123	118	114	104	105.368	117	110	108	107	106	105	104	104	103	102	97	1	157	1477.454	1214.679	0	0	0	229	0	0	110	0	0	0	0	0.000	0.000	0	0	0	0	0	0	0	0	0	0	0	0	0
158	158	1834	140.786	1219.227	202	496	766	296	33	101	494	786	353	61	871.414	1444	1245	1149	1084	987	903	794	683	570	484	150	110.013	127	117	114	113	111	110	108	107	106	104	98	0	0	0.000	0.000	0	0	0	0	0	0	0	0	0	0	0	0.000	0.000	0	0	0	0	0	0	0	0	0	0	0	0	0
159	159	1729	1255.838	1224.604	180	610	651	241	20	126	451	751	274	85	1289.758	2208	1772	1600	1480	1393	1306	1204	1116	995	765	275	108.404	121	113	112	110	109	108	107	106	105	104	97	0	0	0.000	0.000	0	0	0	0	0	0	0	0	0	0	0	0.000	0.000	0	0	0	0	0	0	0	0	0	0	0	0	0
160	160	647	1183.173	1213.865	142	220	199	59	10	125	128	257	116	13	645.241	1012	913	857	813	763	699	603	512	417	294	168	146.699	187	173	167	162	158	152	142	132	124	114	102	0	0	0.000	0.000	0	0	0	0	0	0	0	0	0	0	0	0.000	0.000	0	0	0	0	0	0	0	0	0	0	0	0	0
161	161	972	89.902	1221.742	187	307	291	162	9	129	319	284	180	42	834.688	1346	1201	1126	1061	987	895	792	666	518	347	161	108.517	122	114	112	111	110	108	107	106	105	103	97	0	0	0.000	0.000	0	0	0	0	0	0	0	0	0	0	0	0.000	0.000	0	0	0	0	0	0	0	0	0	0	0	0	0
162	162	2332	625.121	1235.164	589	1036	586	75	13	436	1015	553	279	12	2389.799	7359	3553	3311	3054	2807	2520	2183	1854	1408	862	296	170.271	714	203	194	185	177	169	160	151	137	122	102	0	0	0.000	0.000	0	0	0	0	0	0	0	0	0	1	29	637.803	1216.828	0	0	0	4548	0	0	0	461	0	0	0	0	0
163	163	2082	834.949	1246.069	437	686	612	282	22	288	694	708	246	107	4453.110	7497	6472	5965	5524	5087	4745	4330	3809	2911	1759	355	187.368	261	228	217	209	202	193	183	170	155	136	103	0	0	0.000	0.000	0	0	0	0	0	0	0	0	0	0	0	0.000	0.000	0	0	0	0	0	0	0	0	0	0	0	0	0
164	164	2009	1062.602	1260.417	239	467	752	455	74	263	963	536	198	24	779.037	15585	850	447	399	371	349	329	310	281	236	138	247.591	3482	270	177	165	159	154	150	145	138	128	107	1	98	1060.225	1266.001	0	0	0	7098	0	0	1599	0	0	1	98	1060.687	1265.615	0	0	0	7096	0	0	0	1599	0	0	0	0	0
165	165	1089	1297.760	1254.373	196	332	365	139	30	135	383	384	153	20	1730.778	2733	2434	2180	2018	1930	1855	1745	1549	1274	846	187	181.742	243	214	204	196	190	184	178	171	160	146	107	0	0	0.000	0.000	0	0	0	0	0	0	0	0	0	0	0	0.000	0.000	0	0	0	0	0	0	0	0	0	0	0	0	0
166	166	606	934.031	1250.291	88	122	191	143	45	71	190	234	89	11	1085.378	1626	1510	1420	1327	1229	1130	1010	906	761	594	257	135.419	164	151	146	143	140	136	133	128	124	119	105	0	0	0.000	0.000	0	0	0	0	0	0	0	0	0	0	0	0.000	0.000	0	0	0	0	0	0	0	0	0	0	0	0	0
167	167	1358	382.753	1263.280	336	450	345	196	8	218	471	389	211	31	268.473	3727	300	266	244	228	217	205	194	179	154	119	165.017	868	182	171	163	157	151	146	141	135	125	107	1	34	380.960	1273.944	0	0	0	1652	0	0	549	0	0	1	36	381.015	1273.701	0	0	0	1542	0	0	0	540	0	0	0	0	0
168	168	1841	270.583	1278.797	364	570	552	268	40	257	657	596	240	51	984.091	19263	1400	565	442	390	351	319	292	243	191	120	199.250	2343	240	145	132	127	123	119	116	112	108	101	1	104	272.220	1279.920	0	0	0	8868	0	0	1152	0	0	1	105	272.556	1279.549	0	0	0	8185	0	0	0	1146	0	0	0	0	0
169	169	1379	1250.144	1278.851	184	391	502	221	49	115	441	523	236	35	1421.995	2472	2050	1833	1684	1571	1446	1329	1186	1031	767	244	107.408	120	112	110	109	108	107	106	105	104	103	96	0	0	0.000	0.000	0	0	0	0	0	0	0	0	0	0	0	0.000	0.000	0	0	0	0	0	0	0	0	0	0	0	0	0
170	170	1782	1370.877	1293.452	392	682	567	101	13	251	629	577	197	98	2679.675	14202	3748	3356	3073	2831	2636	2378	2096	1744	1149	217	159.455	778	178	167	161	156	151	146	140	132	119	103	1	23	1368.482	1276.822	0	0	0	10495	0	0	597	0	0	1	48	1368.433	1277.262	0	0	0	8520	0	0	0	465	0	0	0	0	0
171	171	1406	623.219	1288.768	195	249	409	380	140	183	380	504	201	113	2649.948	4753	3850	3549	3245	2986	2717	2480	2242	1837	1143	339	169.494	246	206	195	187	179	171	164	156	145	125	107	0	0	0.000	0.000	0	0	0	0	0	0	0	0	0	0	0	0.000	0.000	0	0	0	0	0	0	0	0	0	0	0	0	0
172	172	2048	1309.167	1302.910	390	595	695	312	21	298	570	728	312	102	2916.349	25130	4657	2530	2093	1887	1720	1590	1450	1270	867	253	391.958	5020	572	262	210	192	181	169	161	153	135	105	1	184	1304.192	1304.350	0	0	0	15340	0	0	2023	0	0	1	158	1304.470	1303.954	0	0	0	16834	0	0	0	2535	0	0	0	0	0
173	173	1702	1023.201	1321.557	193	433	532	423	89	173	541	603	248	107	4914.236	8741	7618	6851	6188	5513	4852	4197	3789	3227	2264	706	186.443	282	240	224	210	197	185	175	165	151	133	105	0	0	0.000	0.000	0	0	0	0	0	0	0	0	0	0	0	0.000	0.000	0	0	0	0	0	0	0	0	0	0	0	0	0
174	174	1647	1072.991	1323.126	292	417	553	321	28	221	599	506	252	46	568.226	11537	671	333	288	270	256	241	225	199	157	113	204.191	2220	239	171	162	155	150	144	138	124	112	102	1	85	1069.406	1323.238	0	0	0	4755	0	0	763	0	0	1	74	1068.299	1322.098	0	0	0	3689	0	0	0	1133	0	0	0	0	0
175	175	1631	142.750	1328.116	329	418	457	368	31	262	592	462	237	47	1683.175	10607	2190	1991	1869	1741	1601	1474	1317	1019	701	337	153.157	907	166	147	143	139	136	133	128	122	115	102	1	40	127.870	1331.839	0	0	0	7466	0	0	526	0	0	1	62	128.533	1331.594	0	0	0	5752	0	0	0	511	0	0	0	0	0
176	176	1139	263.282	1328.884	282	282	304	197	46	274	292	330	197	15	311.385	3000	392	326	297	278	261	244	228	207	177	118	116.330	277	125	119	116	114	112	111	109	108	106	98	1	31	273.534	1327.242	0	0	0	1523	0	0	205	0	0	1	35	273.266	1327.511	0	0	0	1450	0	0	0	199	0	0	0	0	0
177	177	559	1722.215	1322.048	77	158	137	147	30	62	130	162	132	54	239.254	319	291	280	271	259	245	232	215	199	177	129	146.597	179	164	161	157	153	149	144	138	133	125	107	0	0	0.000	0.000	0	0	0	0	0	0	0	0	0	0	0	0.000	0.000	0	0	0	0	0	0	0	0	0	0	0	0	0
178	178	622	979.595	1328.670	110	213	206	76	10	77	213	198	103	18	4508.143	6254	5892	5662	5433	5158	4770	4342	3904	3376	2673	1302	188.955	241	223	216	209	203	195	185	174	161	145	117	0	0	0.000	0.000	0	0	0	0	0	0	0	0	0	0	0	0.000	0.000	0	0	0	0	0	0	0	0	0	0	0	0	0
179	179	1351	103.905	1356.474	264	399	442	217	10	218	424	381	234	67	1285.935	2296	1862	1699	1573	1472	1371	1270	1099	828	512	180	126.091	154	141	137	133	131	128	125	121	113	107	100	0	0	0.000	0.000	0	0	0	0	0	0	0	0	0	0	0	0.000	0.000	0	0	0	0	0	0	0	0	0	0	0	0	0
180	180	1184	747.420	1363.158	164	341	378	228	48	142	400	417	176	35	882.910	1377	1200	1107	1032	979	903	832	770	691	520	177	176.358	241	207	197	190	184	178	172	165	155	141	109	0	0	0.000	0.000	0	0	0	0	0	0	0	0	0	0	0	0.000	0.000	0	0	0	0	0	0	0	0	0	0	0	0	0
181	181	893	1098.195	1365.383	205	225	221	199	33	188	277	209	155	48	219.077	299	263	254	244	237	228	218	207	190	153	112	137.250	169	158	154	150	146	141	137	130	116	108	101	0	0	0.000	0.000	0	0	0	0	0	0	0	0	0	0	0	0.000	0.000	0	0	0	0	0	0	0	0	0	0	0	0	0
182	182	1661	989.647	1371.278	332	475	477	279	69	286	612	443	242	54	1333.062	2007	1829	1697	1568	1463	1374	1269	1152	1019	772	305	104.916	113	108	107	106	105	105	104	104	103	102	95	0	0	0.000	0.000	0	0	0	0	0	0	0	0	0	0	0	0.000	0.000	0	0	0	0	0	0	0	0	0	0	0	0	0
183	183	1592	160.298	1382.956	266	476	486	309	25	213	583	441	270	57	527.948	7179	588	533	497	465	427	388	346	306	252	128	139.540	832	145	136	132	129	126	123	119	115	111	100	1	43	150.083	1389.672	0	0	0	3393	0	0	363	0	0	1	57	148.650	1388.567	0	0	0	1282	0	0	0	434	0	0	0	0	0
184	184	2714	1609.937	1390.970	515	1141	773	219	17	417	1187	752	277	33	2627.317	6331	4199	3507	3163	2856	2531	2244	1956	1626	1019	249	112.713	132	120	117	116	114	113	111	110	108	105	92	0	0	0.000	0.000	0	0	0	0	0	0	0	0	0	0	0	0.000	0.000	0	0	0	0	0	0	0	0	0	0	0	0	0
185	185	1729	1916.100	1379.749	324	584	574	199	20	272	513	531	281	100	3661.640	6219	5327	4774	4447	4094	3806	3482	3101	2468	1723	470	111.441	136	122	117	114	112	110	108	107	105	104	99	0	0	0.000	0.000	0	0	0	0	0	0	0	0	0	0	0	0.000	0.000	0	0	0	0	0	0	0	0	0	0	0	0	0
186	186	1087	1656.871	1377.458	92	269	379	228	95	100	440	390	119	20	2861.696	4478	3826	3509	3313	3115	2925	2733	2552	2279	1843	459	112.512	125	118	116	115	114	113	112	110	109	106	96	0	0	0.000	0.000	0	0	0	0	0	0	0	0	0	0	0	0.000	0.000	0	0	0	0	0	0	0	0	0	0	0	0	0
187	187	2340	781.677	1391.514	439	986	688	171	12	331	990	655	274	38	1693.995	22778	2223	1139	958	880	806	741	673	571	377	122	468.786	8895	586	243	195	181	170	161	154	144	128	103	1	164	776.431	1391.008	0	0	0	11423	0	0	3495	0	0	1	141	776.827	1390.827	0	0	0	13336	0	0	0	4042	0	0	0	0	0
188	188	1998	674.595	1384.644	361	804	554	209	28	190	913	587	223	49	470.891	8185	569	467	437	403	371	341	314	279	228	109	172.755	1243	200	182	172	164	158	151	145	137	126	102	1	39	678.234	1370.110	0	0	0	4287	0	0	499	0	0	1	40	679.370	1370.110	0	0	0	3113	0	0	0	674	0	0	0	0	0
189	189	2244	1676.587	1420.950	268	738	734	430	46	236	845	716	367	38	4205.962	7487	5784	5399	5060	4767	4453	4124	3762	3141	1885	327	116.645	138	126	123	121	119	117	115	113	110	107	99	0	0	0.000	0.000	0	0	0	0	0	0	0	0	0	0	0	0.000	0.000	0	0	0	0	0	0	0	0	0	0	0	0	0
190	190	1753	1733.427	1416.188	174	352	527	516	146	168	455	670	339	87	5614.855	9505	7700	7142	6786	6467	6051	5704	5084	4110	2290	467	114.597	136	124	121	119	118	116	113	110	106	104	98	0	0	0.000	0.000	0	0	0	0	0	0	0	0	0	0	0	0.000	0.000	0	0	0	0	0	0	0	0	0	0	0	0	0
191	191	2150	267.228	1428.802	261	516	712	451	157	244	668	794	319	90	465.043	782	638	582	542	507	477	448	410	346	253	126	106.182	118	111	109	108	107	106	105	104	103	102	93	0	0	0.000	0.000	0	0	0	0	0	0	0	0	0	0	0	0.000	0.000	0	0	0	0	0	0	0	0	0	0	0	0	0
192	192	908	165.950	1428.527	154	237	319	170	12	138	278	292	156	28	328.262	526	456	423	390	360	329	299	268	240	200	132	118.589	139	129	126	124	121	119	116	114	111	108	99	0	0	0.000	0.000	0	0	0	0	0	0	0	0	0	0	0	0.000	0.000	0	0	0	0	0	0	0	0	0	0	0	0	0
193	193	1079	310.581	1446.494	163	317	272	203	113	166	410	295	147	41	498.500	848	726	670	608	547	489	445	404	347	271	136	105.811	116	110	108	107	106	106	105	104	103	102	95	0	0	0.000	0.000	0	0	0	0	0	0	0	0	0	0	0	0.000	0.000	0	0	0	0	0	0	0	0	0	0	0	0	0
194	194	1764	1710.058	1463.523	274	589	591	243	34	144	471	657	326	126	988.257	6913	1220	1136	1074	1025	968	883	792	697	543	227	153.430	797	166	159	154	150	146	142	137	129	115	102	1	29	1703.505	1453.061	0	0	0	4769	0	0	349	0	0	1	45	1702.293	1450.432	0	0	0	1682	0	0	0	453	0	0	0	0	0
195	195	1318	1347.115	1467.923	248	432	481	126	11	133	372	480	221	86	195.412	268	232	220	211	203	197	190	183	173	156	114	105.025	117	108	107	106	106	105	104	104	103	102	96	0	0	0.000	0.000	0	0	0	0	0	0	0	0	0	0	0	0.000	0.000	0	0	0	0	0	0	0	0	0	0	0	0	0
196	196	1538	931.669	1471.777	345	452	411	239	62	341	562	362	193	50	486.811	765	667	611	571	536	505	476	441	380	248	131	108.647	122	113	112	110	110	109	108	107	106	104	97	0	0	0.000	0.000	0	0	0	0	0	0	0	0	0	0	0	0.000	0.000	0	0	0	0	0	0	0	0	0	0	0	0	0
197	197	2542	1657.121	1495.809	555	895	781	240	27	399	1004	754	307	36	2269.046	22845	3196	1610	1439	1317	1216	1097	984	852	580	253	472.327	7297	623	248	203	191	183	174	164	154	134	104	1	219	1652.581	1500.075	0	0	0	13328	0	0	2807	0	0	1	184	1653.441	1500.160	0	0	0	16118	0	0	0	3596	0	0	0	0	0
198	198	1695	1297.629	1477.747	315	541	543	245	22	316	778	414	150	12	200.142	302	245	229	219	211	204	196	187	171	142	102	107.323	124	113	111	109	108	107	106	105	104	103	96	0	0	0.000	0.000	0	0	0	0	0	0	0	0	0	0	0	0.000	0.000	0	0	0	0	0	0	0	0	0	0	0	0	0
199	199	663	538.624	1472.333	215	196	156	68	17	94	186	160	159	47	285.279	394	364	351	332	315	293	273	248	222	190	128	129.425	153	143	140	137	134	131	127	123	119	113	103	0	0	0.000	0.000	0	0	0	0	0	0	0	0	0	0	0	0.000	0.000	0	0	0	0	0	0	0	0	0	0	0	0	0
200	200	1750	1803.261	1482.647	298	501	630	225	56	274	627	540	242	40	1997.897	9674	2826	2511	2270	2091	1948	1800	1602	1314	929	337	132.061	497	143	136	132	129	126	124	120	117	112	96	1	21	1797.364	1474.588	0	0	0	7308	0	0	380	0	0	1	43	1797.077	1475.198	0	0	0	6004	0	0	0	310	0	0	0	0	0
201	201	1384	849.501	1481.242	266	487	414	159	23	178	445	430	265	44	334.157	2921	438	365	325	307	293	275	250	224	195	132	211.980	1356	259	224	208	197	190	182	171	160	148	109	1	27	854.628	1487.250	0	0	0	1680	0	0	773	0	0	1	32	855.630	1486.165	0	0	0	1013	0	0	0	805	0	0	0	0	0
202	202	1756	246.645	1480.378	278	436	501	412	107	256	586	573	271	39	575.125	1060	863	749	661	592	551	516	478	421	323	154	106.505	118	110	109	108	107	106	106	105	104	103	97	0	0	0.000	0.000	0	0	0	0	0	0	0	0	0	0	0	0.000	0.000	0	0	0	0	0	0	0	0	0	0	0	0	0
203	203	854	474.017	1490.054	195	309	248	72	13	110	296	266	121	42	1386.583	2178	1969	1868	1759	1640	1485	1322	1120	900	633	183	117.267	144	128	125	123	121	119	116	113	108	104	97	0	0	0.000	0.000	0	0	0	0	0	0	0	0	0	0	0	0.000	0.000	0	0	0	0	0	0	0	0	0	0	0	0	0
204	204	1832	1856.458	1503.256	333	442	596	339	85	283	602	619	245	42	591.515	5013	713	642	602	569	533	500	472	428	351	206	117.341	334	123	119	116	115	114	112	111	110	108	101	1	45	1856.468	1508.021	0	0	0	2388	0	0	212	0	0	1	48	1856.328	1508.493	0	0	0	2229	0	0	0	212	0	0	0	0	0
205	205	2495	568.034	1520.729	289	671	858	508	135	205	985	882	302	49	627.347	13276	593	455	418	382	352	327	303	282	241	131	193.563	2528	193	159	152	147	143	138	134	128	121	103	1	87	581.119	1531.416	0	0	0	6354	0	0	1086	0	0	1	98	580.453	1531.934	0	0	0	5174	0	0	0	1184	0	0	0	0	0
206	206	1656	509.187	1516.076	283	486	495	323	38	235	533	513	248	93	1278.685	2313	1765	1619	1513	1424	1326	1222	1096	937	709	201	119.931	157	131	127	124	122	120	117	115	112	109	102	0	0	0.000	0.000	0	0	0	0	0	0	0	0	0	0	0	0.000	0.000	0	0	0	0	0	0	0	0	0	0	0	0	0
207	207	649	1331.480	1507.479	159	198	180	77	22	109	196	223	94	14	192.088	258	235	224	215	205	195	183	174	163	142	113	104.492	113	108	106	106	105	104	104	103	103	102	98	0	0	0.000	0.000	0	0	0	0	0	0	0	0	0	0	0	0.000	0.000	0	0	0	0	0	0	0	0	0	0	0	0	0
208	208	3508	817.136	1546.892	809	809	1031	620	162	702	927	1066	648	99	859.839	21305	649	428	388	358	330	305	277	249	203	117	527.823	14922	430	251	231	218	207	196	185	171	147	105	1	158	815.969	1555.866	0	0	0	10407	0	0	5530	0	0	1	137	816.502	1555.618	0	0	0	12098	0	0	0	6444	0	0	0	0	0
209	209	1851	1904.158	1533.433	244	404	621	421	117	209	498	755	319	38	2209.990	24473	4496	1466	1029	889	784	699	614	546	467	185	292.556	3422	500	191	146	136	130	126	123	120	116	101	1	201	1901.890	1539.750	0	0	0	12299	0	0	1141	0	0	1	156	1902.781	1538.861	0	0	0	15009	0	0	0	1662	0	0	0	0	0
210	210	1645	423.075	1528.712	259	511	555	255	35	212	636	541	216	12	936.780	17871	1368	477	336	289	268	253	237	215	186	116	226.080	2425	303	181	160	152	145	140	134	128	121	104	1	103	423.139	1523.019	0	0	0	8537	0	0	1073	0	0	1	102	423.118	1522.961	0	0	0	8958	0	0	0	1081	0	0	0	0	0
211	211	1567	874.769	1543.142	220	523	564	198	36	199	677	462	158	32	1166.902	2252	1802	1580	1434	1304	1177	1062	913	745	496	147	107.656	120	113	111	110	108	107	106	105	104	103	97	0	0	0.000	0.000	0	0	0	0	0	0	0	0	0	0	0	0.000	0.000	0	0	0	0	0	0	0	0	0	0	0	0	0
212	212	1295	472.383	1546.159	194	324	375	298	82	190	580	296	173	32	261.394	377	325	309	295	282	267	254	239	218	184	117	144.389	181	164	158	154	149	145	141	137	131	123	106	0	0	0.000	0.000	0	0	0	0	0	0	0	0	0	0	0	0.000	0.000	0	0	0	0	0	0	0	0	0	0	0	0	0
213	213	2449	117.171	1558.053	397	716	846	412	42	402	695	864	402	40	3041.099	5633	4347	3954	3690	3457	3203	2861	2472	2028	1416	510	175.471	246	210	202	194	187	179	169	159	148	134	107	0	0	0.000	0.000	0	0	0	0	0	0	0	0	0	0	0	0.000	0.000	0	0	0	0	0	0	0	0	0	0	0	0	0
214	214	1689	1549.478	1566.395	416	522	541	169	12	306	397	594	270	86	1292.351	2134	1862	1692	1553	1432	1340	1220	1102	937	641	167	106.606	125	111	109	108	107	106	105	105	104	103	96	0	0	0.000	0.000	0	0	0	0	0	0	0	0	0	0	0	0.000	0.000	0	0	0	0	0	0	0	0	0	0	0	0	0
215	215	646	908.259	1563.391	135	268	200	26	7	91	189	240	90	19	1047.918	1665	1482	1391	1292	1194	1100	1002	890	757	497	164	107.695	119	112	110	109	108	108	107	106	105	104	99	0	0	0.000	0.000	0	0	0	0	0	0	0	0	0	0	0	0.000	0.000	0	0	0	0	0	0	0	0	0	0	0	0	0
216	216	1240	394.495	1573.989	204	411	434	136	25	101	383	467	197	59	2766.399	4582	4175	3797	3453	3122	2783	2470	2192	1819	1322	375	160.135	212	192	183	177	169	161	154	146	138	125	105	0	0	0.000	0.000	0	0	0	0	0	0	0	0	0	0	0	0.000	0.000	0	0	0	0	0	0	0	0	0	0	0	0	0
217	217	1806	1693.452	1591.202	583	818	283	72	22	581	876	253	48	11	691.642	1158	957	883	840	793	734	660	573	498	356	141	139.078	181	157	152	148	144	141	136	131	126	118	103	0	0	0.000	0.000	0	0	0	0	0	0	0	0	0	0	0	0.000	0.000	0	0	0	0	0	0	0	0	0	0	0	0	0
218	218	1618	931.404	1600.088	837	573	112	53	20	818	556	148	39	37	415.997	2798	885	471	385	322	251	205	177	160	142	107	285.458	1300	567	406	307	232	190	161	150	134	113	101	1	163	937.319	1603.228	0	0	0	1512	0	0	619	0	0	1	195	936.107	1599.955	0	0	0	772	0	0	0	751	0	0	0	0	0
219	219	2226	91.483	1614.735	449	625	678	364	71	403	671	712	337	64	2808.333	8772	4178	3646	3321	2996	2736	2523	2310	2025	1457	425	191.113	1009	230	215	204	193	184	177	169	157	133	102	0	0	0.000	0.000	0	0	0	0	0	0	0	0	0	1	38	111.735	1619.292	0	0	0	5080	0	0	0	657	0	0	0	0	0
220	220	4342	262.763	1622.933	3819	353	75	35	21	3725	451	70	47	21	1857.050	9826	3719	3256	2875	2539	2081	931	254	168	142	111	157.582	1158	210	196	186	174	157	125	107	104	102	96	1	21	283.428	1608.734	0	0	0	7452	0	0	636	0	0	1	37	281.191	1608.839	0	0	0	5410	0	0	0	639	0	0	0	0	0
221	221	1916	408.281	1622.914	285	608	694	260	39	218	638	660	286	68	2104.969	3851	3084	2731	2507	2332	2182	2015	1764	1441	1002	297	143.732	192	168	160	154	149	145	140	133	127	118	99	0	0	0.000	0.000	0	0	0	0	0	0	0	0	0	0	0	0.000	0.000	0	0	0	0	0	0	0	0	0	0	0	0	0
222	222	1876	153.242	1617.711	542	722	401	147	29	546	792	366	137	11	1519.840	14404	1881	1630	1477	1362	1256	1152	1041	910	664	181	220.643	2547	243	186	176	169	164	159	153	145	129	104	1	65	141.184	1611.778	0	0	0	8508	0	0	1334	0	0	1	80	141.776	1611.825	0	0	0	7191	0	0	0	1212	0	0	0	0	0
223	223	1691	454.878	1643.202	235	548	586	259	29	146	496	660	246	114	794.037	7905	1019	893	829	758	689	635	589	488	323	131	119.547	517	126	119	116	114	112	111	109	107	105	98	1	39	456.245	1623.943	0	0	0	4550	0	0	201	0	0	1	46	457.527	1624.553	0	0	0	3823	0	0	0	297	0	0	0	0	0
224	224	1058	1699.798	1639.242	200	229	322	248	44	184	238	348	195	71	587.698	922	802	743	703	661	620	575	528	425	297	154	132.158	163	148	143	140	137	134	130	126	121	112	101	0	0	0.000	0.000	0	0	0	0	0	0	0	0	0	0	0	0.000	0.000	0	0	0	0	0	0	0	0	0	0	0	0	0
225	225	1217	1793.714	1651.818	232	351	316	232	64	197	344	384	166	99	1925.845	7439	2642	2318	2168	2021	1850	1706	1550	1312	1015	242	138.666	469	152	144	140	137	134	130	126	121	114	101	1	14	1784.703	1646.928	0	0	0	6609	0	0	176	0	0	1	42	1781.301	1648.310	0	0	0	3034	0	0	0	282	0	0	0	0	0
226	226	1776	1842.072	1666.186	348	604	519	259	20	289	611	478	320	53	2961.428	19538	4396	3251	2926	2620	2335	2086	1822	1452	1002	319	180.107	1317	234	164	152	142	137	132	127	117	107	99	1	103	1844.368	1664.463	0	0	0	12969	0	0	360	0	0	1	108	1844.076	1660.304	0	0	0	4616	0	0	0	704	0	0	0	0	0
227	227	846	300.320	1665.379	112	222	246	177	73	177	393	169	81	12	862.063	1484	1282	1156	1055	923	800	713	667	617	540	245	116.915	142	127	124	121	119	117	114	112	110	107	100	0	0	0.000	0.000	0	0	0	0	0	0	0	0	0	0	0	0.000	0.000	0	0	0	0	0	0	0	0	0	0	0	0	0
228	228	3342	1533.434	1696.509	652	1082	1014	472	52	590	1270	969	432	25	1700.117	27830	2155	589	503	428	375	347	320	286	230	123	755.322	15539	916	252	203	186	172	164	156	148	131	103	1	298	1532.419	1700.751	0	0	0	13222	0	0	5056	0	0	1	221	1533.056	1700.456	0	0	0	18987	0	0	0	7670	0	0	0	0	0
229	229	1645	343.992	1673.781	298	610	493	189	22	228	620	451	243	75	1161.826	9342	1546	1415	1300	1138	1034	940	811	641	487	172	129.653	516	140	132	128	125	121	119	115	112	109	100	1	39	344.227	1671.749	0	0	0	5599	0	0	359	0	0	1	57	343.736	1670.438	0	0	0	3031	0	0	0	295	0	0	0	0	0
230	230	1467	1630.760	1677.842	379	416	445	180	26	295	295	493	291	59	2733.759	4433	3911	3661	3406	3159	2994	2686	2259	1762	1116	356	183.309	257	228	218	211	204	195	182	165	142	114	102	0	0	0.000	0.000	0	0	0	0	0	0	0	0	0	0	0	0.000	0.000	0	0	0	0	0	0	0	0	0	0	0	0	0
231	231	2012	876.793	1682.012	361	669	612	290	30	308	824	544	277	34	1952.037	3250	2612	2471	2357	2261	2135	1968	1720	1417	898	268	108.128	122	113	111	110	109	108	107	106	105	103	98	0	0	0.000	0.000	0	0	0	0	0	0	0	0	0	0	0	0.000	0.000	0	0	0	0	0	0	0	0	0	0	0	0	0
232	232	1722	255.494	1682.211	324	640	563	131	35	244	466	509	350	127	1987.806	4486	3022	2723	2409	2123	1922	1656	1487	1353	1147	439	144.129	453	166	159	153	147	142	137	132	128	121	103	0	0	0.000	0.000	0	0	0	0	0	0	0	0	0	0	0	0.000	0.000	0	0	0	0	0	0	0	0	0	0	0	0	0
233	233	1444	820.697	1683.879	359	457	389	204	21	304	549	342	180	41	1849.203	3463	2741	2445	2272	2053	1876	1691	1493	1219	860	335	107.611	127	112	111	109	108	107	107	106	105	103	98	0	0	0.000	0.000	0	0	0	0	0	0	0	0	0	0	0	0.000	0.000	0	0	0	0	0	0	0	0	0	0	0	0	0
234	234	618	429.365	1690.886	92	211	143	110	52	84	173	182	120	48	509.193	695	648	625	596	563	523	488	446	401	341	230	117.497	134	126	123	121	120	118	116	114	112	110	99	0	0	0.000	0.000	0	0	0	0	0	0	0	0	0	0	0	0.000	0.000	0	0	0	0	0	0	0	0	0	0	0	0	0
235	235	1836	1436.698	1704.799	326	677	549	240	20	249	720	502	255	75	5963.594	11511	9041	7934	7157	6422	5831	5439	4945	4189	2657	331	163.346	239	200	184	175	168	162	156	151	143	129	105	0	0	0.000	0.000	0	0	0	0	0	0	0	0	0	0	0	0.000	0.000	0	0	0	0	0	0	0	0	0	0	0	0	0
236	236	801	222.483	1714.988	137	218	226	168	41	155	379	177	68	6	2162.795	3213	2902	2672	2496	2377	2270	2135	1941	1671	1246	590	142.879	178	161	156	153	149	146	142	137	129	118	102	0	0	0.000	0.000	0	0	0	0	0	0	0	0	0	0	0	0.000	0.000	0	0	0	0	0	0	0	0	0	0	0	0	0
237	237	1799	1486.625	1725.385	117	690	581	330	46	98	749	570	277	79	564.977	867	725	691	663	637	603	562	497	428	336	148	202.223	280	244	234	227	220	212	200	183	166	145	113	0	0	0.000	0.000	0	0	0	0	0	0	0	0	0	0	0	0.000	0.000	0	0	0	0	0	0	0	0	0	0	0	0	0
238	238	1852	449.008	1725.057	269	646	571	305	28	207	731	603	193	81	951.674	15680	1055	802	732	686	635	574	492	420	307	143	173.943	1967	185	146	138	132	127	123	118	114	109	99	1	72	456.056	1714.433	0	0	0	7342	0	0	1061	0	0	1	83	456.093	1714.286	0	0	0	6570	0	0	0	942	0	0	0	0	0
239	239	1865	1340.086	1732.480	373	705	597	136	16	291	659	599	226	54	809.887	1445	1084	1002	957	915	860	793	705	579	415	182	108.159	132	117	112	109	108	106	106	105	104	102	98	0	0	0.000	0.000	0	0	0	0	0	0	0	0	0	0	0	0.000	0.000	0	0	0	0	0	0	0	0	0	0	0	0	0
240	240	1871	1841.476	1732.112	289	535	585	373	53	206	457	662	397	103	1596.556	21896	3403	824	442	329	302	274	246	218	185	124	463.478	5286	802	327	252	235	222	208	191	173	151	116	1	208	1836.994	1729.657	0	0	0	10288	0	0	1895	0	0	1	161	1837.260	1729.205	0	0	0	13890	0	0	0	2547	0	0	0	0	0
241	241	1897	316.876	1740.805	375	689	561	193	35	166	651	643	299	94	827.341	1358	1111	1033	977	921	868	794	700	615	495	158	105.332	115	109	108	107	106	105	105	104	103	102	97	0	0	0.000	0.000	0	0	0	0	0	0	0	0	0	0	0	0.000	0.000	0	0	0	0	0	0	0	0	0	0	0	0	0
242	242	1870	261.659	1745.124	256	597	636	308	42	178	462	692	343	155	3686.682	12794	5448	4822	4376	4116	3821	3306	2699	2139	1631	616	203.916	1101	247	222	211	199	190	178	164	151	138	112	0	0	0.000	0.000	0	0	0	0	0	0	0	0	0	1	46	276.335	1741.570	0	0	0	7930	0	0	0	664	0	0	0	0	0
243	243	526	375.383	1744.682	321	116	58	19	8	207	152	96	53	11	127.215	152	143	139	135	131	128	124	119	115	112	102	190.837	292	264	244	227	213	196	176	148	132	117	103	0	0	0.000	0.000	0	0	0	0	0	0	0	0	0	0	0	0.000	0.000	0	0	0	0	0	0	0	0	0	0	0	0	0
244	244	1749	206.772	1761.837	411	575	494	217	28	244	405	582	365	118	4369.843	7317	6237	5776	5419	5064	4599	4176	3799	3016	1850	551	204.674	288	254	244	234	222	210	198	184	167	141	109	0	0	0.000	0.000	0	0	0	0	0	0	0	0	0	0	0	0.000	0.000	0	0	0	0	0	0	0	0	0	0	0	0	0
245	245	1087	1812.622	1772.507	209	217	316	258	74	181	386	279	175	44	257.646	353	325	309	294	281	268	253	234	206	171	120	210.694	288	264	251	238	228	219	207	192	168	143	110	0	0	0.000	0.000	0	0	0	0	0	0	0	0	0	0	0	0.000	0.000	0	0	0	0	0	0	0	0	0	0	0	0	0
246	246	1577	291.147	1791.544	269	626	527	115	19	133	456	507	334	108	336.002	5147	374	262	244	236	228	222	211	195	164	115	230.688	1607	272	224	214	207	201	194	183	168	150	111	1	53	301.091	1795.761	0	0	0	2621	0	0	919	0	0	1	51	301.577	1795.666	0	0	0	2710	0	0	0	979	0	0	0	0	0
247	247	1700	248.431	1817.877	253	547	513	316	29	221	669	515	229	36	1885.373	21531	4219	1092	705	616	563	518	466	402	301	126	315.990	3615	619	189	145	135	130	125	120	115	110	100	1	191	252.969	1819.988	0	0	0	11025	0	0	1437	0	0	1	170	253.436	1820.420	0	0	0	13044	0	0	0	1634	0	0	0	0	0
248	248	810	992.161	1822.778	224	175	142	162	97	197	172	186	161	82	1265.930	1852	1700	1599	1495	1417	1347	1253	1125	938	723	298	124.727	145	135	133	131	128	126	123	121	117	112	99	0	0	0.000	0.000	0	0	0	0	0	0	0	0	0	0	0	0.000	0.000	0	0	0	0	0	0	0	0	0	0	0	0	0
249	249	1747	384.149	1831.638	410	755	502	53	6	221	548	634	268	44	2826.996	5492	4630	4165	3669	3228	2799	2342	1892	1540	1128	436	140.428	187	167	159	152	146	140	133	127	122	116	100	0	0	0.000	0.000	0	0	0	0	0	0	0	0	0	0	0	0.000	0.000	0	0	0	0	0	0	0	0	0	0	0	0	0
250	250	1333	1844.596	1830.361	186	385	551	166	20	54	258	541	346	113	370.476	576	496	458	428	403	379	348	308	274	246	150	123.862	151	137	134	130	127	124	121	117	114	111	101	0	0	0.000	0.000	0	0	0	0	0	0	0	0	0	0	0	0.000	0.000	0	0	0	0	0	0	0	0	0	0	0	0	0
251	251	921	198.898	1828.615	164	226	267	189	51	169	300	255	148	37	449.066	730	617	550	517	496	470	440	393	334	249	139	118.636	143	129	126	123	121	119	117	114	111	107	99	0	0	0.000	0.000	0	0	0	0	0	0	0	0	0	0	0	0.000	0.000	0	0	0	0	0	0	0	0	0	0	0	0	0
252	252	1933	281.276	1847.983	347	608	627	271	41	226	560	690	345	71	2054.006	26645	5462	767	389	312	284	267	248	226	191	113	558.832	6745	1184	318	237	211	196	185	176	165	148	106	1	252	276.900	1852.648	0	0	0	12533	0	0	2444	0	0	1	203	277.196	1852.326	0	0	0	16167	0	0	0	3063	0	0	0	0	0
253	253	1299	822.064	1851.890	216	393	495	150	20	230	500	373	157	20	2230.021	3874	3327	2918	2607	2411	2241	2073	1891	1662	1047	333	120.822	143	130	127	124	122	121	119	117	115	112	97	0	0	0.000	0.000	0	0	0	0	0	0	0	0	0	0	0	0.000	0.000	0	0	0	0	0	0	0	0	0	0	0	0	0
254	254	1624	1021.914	1857.193	234	574	603	179	9	140	526	598	256	74	1651.361	14212	2316	1742	1605	1483	1292	1115	982	857	715	285	150.440	896	169	142	137	132	128	125	121	117	113	104	1	69	1012.227	1858.136	0	0	0	8467	0	0	523	0	0	1	72	1011.644	1857.728	0	0	0	8145	0	0	0	512	0	0	0	0	0
255	255	2017	354.297	1881.384	438	704	647	187	10	295	530	570	442	151	2373.436	4166	3289	3048	2898	2718	2500	2282	1996	1702	1173	380	137.963	228	157	152	148	144	140	135	128	123	115	99	0	0	0.000	0.000	0	0	0	0	0	0	0	0	0	0	0	0.000	0.000	0	0	0	0	0	0	0	0	0	0	0	0	0
256	256	1769	860.437	1881.629	322	561	598	211	45	291	857	444	127	19	1842.452	3309	2611	2393	2243	2086	1901	1704	1490	1271	960	253	117.227	142	127	124	122	120	117	115	113	111	108	99	0	0	0.000	0.000	0	0	0	0	0	0	0	0	0	0	0	0.000	0.000	0	0	0	0	0	0	0	0	0	0	0	0	0
257	257	739	1855.734	1871.498	133	177	226	163	24	87	231	230	154	23	385.359	572	522	499	469	445	415	371	323	271	194	123	124.149	149	138	134	132	129	125	122	118	113	108	100	0	0	0.000	0.000	0	0	0	0	0	0	0	0	0	0	0	0.000	0.000	0	0	0	0	0	0	0	0	0	0	0	0	0
258	258	1009	789.469	1886.489	233	280	298	172	12	129	347	326	170	21	119.378	154	127	124	123	121	119	118	116	114	111	104	153.595	198	177	170	163	159	155	150	145	137	129	110	0	0	0.000	0.000	0	0	0	0	0	0	0	0	0	0	0	0.000	0.000	0	0	0	0	0	0	0	0	0	0	0	0	0
259	259	1929	952.961	1898.593	261	564	635	352	89	244	669	675	236	56	757.765	11992	925	738	633	553	496	451	409	371	322	132	123.595	628	128	119	116	114	112	111	109	108	106	98	1	64	943.304	1908.734	0	0	0	5867	0	0	373	0	0	1	66	943.321	1908.238	0	0	0	5751	0	0	0	334	0	0	0	0	0
260	260	766	1000.281	1890.609	171	187	216	152	32	144	187	206	168	50	455.578	589	553	540	528	514	492	457	413	362	303	194	109.888	122	114	113	112	111	110	109	108	107	105	99	0	0	0.000	0.000	0	0	0	0	0	0	0	0	0	0	0	0.000	0.000	0	0	0	0	0	0	0	0	0	0	0	0	0
261	261	1907	1401.846	1909.060	512	534	516	267	43	476	739	505	133	24	999.309	1658	1372	1280	1220	1153	1066	970	870	744	446	166	107.064	121	113	111	109	108	107	106	105	104	102	98	0	0	0.000	0.000	0	0	0	0	0	0	0	0	0	0	0	0.000	0.000	0	0	0	0	0	0	0	0	0	0	0	0	0
262	262	1367	151.935	1918.839	477	288	335	218	28	418	310	284	246	88	246.247	407	323	300	280	267	252	232	211	189	155	110	172.927	262	217	206	196	187	178	168	153	136	115	102	0	0	0.000	0.000	0	0	0	0	0	0	0	0	0	0	0	0.000	0.000	0	0	0	0	0	0	0	0	0	0	0	0	0
263	263	2060	759.183	1924.961	492	756	589	191	10	372	659	660	281	53	119.241	146	128	125	123	122	120	118	115	112	109	101	162.414	225	190	181	175	170	166	161	153	142	127	107	0	0	0.000	0.000	0	0	0	0	0	0	0	0	0	0	0	0.000	0.000	0	0	0	0	0	0	0	0	0	0	0	0	0
264	264	1776	388.903	1935.512	401	547	424	310	59	344	621	428	297	63	681.171	1210	988	889	800	725	675	636	589	505	352	169	105.861	123	112	110	108	106	105	104	103	102	101	94	0	0	0.000	0.000	0	0	0	0	0	0	0	0	0	0	0	0.000	0.000	0	0	0	0	0	0	0	0	0	0	0	0	0
265	265	2280	1516.208	1940.644	364	633	680	432	130	355	764	736	358	22	2416.668	24835	4094	1760	1425	1214	1018	896	798	641	450	183	479.145	7371	809	282	192	166	154	144	136	128	116	100	1	230	1516.382	1936.556	0	0	0	13526	0	0	1720	0	0	1	181	1514.571	1937.944	0	0	0	13317	0	0	0	3443	0	0	0	0	0
266	266	1304	595.865	1939.271	271	471	333	174	30	142	431	439	203	67	230.996	333	291	277	265	249	237	224	208	186	156	118	327.830	490	427	406	388	364	338	316	290	255	199	120	0	0	0.000	0.000	0	0	0	0	0	0	0	0	0	0	0	0.000	0.000	0	0	0	0	0	0	0	0	0	0	0	0	0
267	267	1690	1589.633	1946.318	392	519	513	193	34	307	458	525	305	67	252.149	1580	302	279	266	254	242	229	214	192	151	108	289.941	951	380	348	324	310	296	278	256	224	165	107	1	35	1583.148	1950.226	0	0	0	922	0	0	440	0	0	0	0	0.000	0.000	0	0	0	0	0	0	0	0	0	0	0	0	0
268	268	2270	1360.197	1962.306	495	809	654	227	39	332	813	673	353	72	1600.944	2893	2290	2104	1932	1788	1646	1506	1359	1119	752	170	110.897	128	117	114	113	112	111	110	109	107	105	94	0	0	0.000	0.000	0	0	0	0	0	0	0	0	0	0	0	0.000	0.000	0	0	0	0	0	0	0	0	0	0	0	0	0
269	269	3360	1648.387	1976.470	961	1379	809	134	19	680	1152	1050	373	55	1086.235	24191	1115	389	291	262	244	228	213	199	163	109	591.921	11834	671	355	312	288	265	241	221	204	175	108	1	204	1649.764	1982.198	0	0	0	11798	0	0	4368	0	0	1	171	1649.898	1982.011	0	0	0	14443	0	0	0	5383	0	0	0	0	0
270	270	1121	424.473	1967.520	165	291	310	296	37	85	257	306	257	193	738.558	1198	1050	943	855	793	736	678	620	557	430	234	102.795	113	106	105	104	103	103	102	102	101	100	95	0	0	0.000	0.000	0	0	0	0	0	0	0	0	0	0	0	0.000	0.000	0	0	0	0	0	0	0	0	0	0	0	0	0
271	271	1045	1100.910	1990.240	127	284	294	256	64	151	472	280	93	32	2835.698	4733	4179	3836	3573	3302	2984	2626	2215	1775	1225	433	314.872	495	430	398	374	352	324	299	263	226	178	116	0	0	0.000	0.000	0	0	0	0	0	0	0	0	0	0	0	0.000	0.000	0	0	0	0	0	0	0	0	0	0	0	0	0
