 	cell	area	x	y	BFI_lev_b1	BFI_lev_b2	BFI_lev_b3	BFI_lev_b4	BFI_lev_b5	BFO_lev_b1	BFO_lev_b2	BFO_lev_b3	BFO_lev_b4	BFO_lev_b5	GFP_int_mean	GFP_int_b0	GFP_int_b1	GFP_int_b2	GFP_int_b3	GFP_int_b4	GFP_int_b5	GFP_int_b6	GFP_int_b7	GFP_int_b8	GFP_int_b9	GFP_int_b10	RFP_int_mean	RFP_int_b0	RFP_int_b1	RFP_int_b2	RFP_int_b3	RFP_int_b4	RFP_int_b5	RFP_int_b6	RFP_int_b7	RFP_int_b8	RFP_int_b9	RFP_int_b10	inGFPnfoci	f1_inGFParea	f1_inGFPx	f1_inGFPy	f2_inGFParea	f2_inGFPx	f2_inGFPy	f1_inGFP_toGFPmed	f2_inGFP_toGFPmed	f2_inGFP_toGFPmean	f1_inGFP_toRFPmed	f2_inGFP_toRFPmed	f2_inGFP_toRFPmean	inRFPnfoci	f1_inRFParea	f1_inRFPx	f1_inRFPy	f2_inRFParea	f2_inRFPx	f2_inRFPy	f1_inRFP_toGFPmed	f1_inRFP_toGFPmean	f2_inRFP_toGFPmed	f2_inRFP_toGFPmean	f1_inRFP_toRFPmed	f1_inRFP_toRFPmean	f2_inRFP_toRFPmed	f2_inRFP_toRFPmean	f1_inGFP_toGFPmean	f1_inGFP_toRFPmean
1	1	1703	547.595	78.831	356	642	467	192	20	273	573	514	261	51	180.080	835	196	191	186	183	179	175	169	161	147	120	119.563	146	128	126	123	121	120	118	116	114	110	101	1	19	531.606	92.509	0	0	0	514	0	0	137	0	0	0	0	0.000	0.000	0	0	0	0	0	0	0	0	0	0	0	0	0
2	2	1324	1801.007	89.738	164	468	458	171	38	283	686	284	35	11	1034.036	15191	1876	668	460	414	394	369	346	310	276	141	130.615	559	161	122	115	112	110	109	107	106	105	99	1	96	1799.018	98.057	0	0	0	7078	0	0	331	0	0	1	103	1798.821	97.793	0	0	0	6497	0	0	0	313	0	0	0	0	0
3	3	1835	1720.099	99.598	270	600	644	246	35	122	488	808	314	74	125.017	160	132	130	128	127	125	124	122	120	117	108	113.467	129	120	118	116	114	113	112	111	109	107	99	0	0	0.000	0.000	0	0	0	0	0	0	0	0	0	0	0	0.000	0.000	0	0	0	0	0	0	0	0	0	0	0	0	0
4	4	1646	1076.213	99.951	221	696	559	100	37	264	958	345	41	13	119.914	136	126	123	122	121	120	119	118	116	114	104	187.822	244	218	211	203	195	186	179	173	167	159	125	0	0	0.000	0.000	0	0	0	0	0	0	0	0	0	0	0	0.000	0.000	0	0	0	0	0	0	0	0	0	0	0	0	0
5	5	1653	455.846	101.938	188	568	601	220	33	88	683	625	190	34	252.806	339	298	283	273	263	253	244	236	223	205	152	133.797	159	147	143	140	137	135	131	128	124	120	104	0	0	0.000	0.000	0	0	0	0	0	0	0	0	0	0	0	0.000	0.000	0	0	0	0	0	0	0	0	0	0	0	0	0
6	6	997	1500.139	97.070	76	333	305	200	62	53	487	284	141	17	560.329	747	677	639	614	597	574	548	524	494	430	223	107.468	119	112	110	109	108	107	106	105	104	103	98	0	0	0.000	0.000	0	0	0	0	0	0	0	0	0	0	0	0.000	0.000	0	0	0	0	0	0	0	0	0	0	0	0	0
7	7	1911	1225.622	105.640	280	764	623	192	17	228	1019	549	68	7	116.999	148	123	121	120	118	117	116	114	113	110	103	182.103	249	219	208	200	191	184	176	169	161	141	104	0	0	0.000	0.000	0	0	0	0	0	0	0	0	0	0	0	0.000	0.000	0	0	0	0	0	0	0	0	0	0	0	0	0
8	8	1666	507.907	113.881	288	539	455	308	47	167	514	489	336	123	417.396	597	526	497	464	434	414	394	372	349	317	201	106.090	125	110	108	107	106	106	105	104	104	103	97	0	0	0.000	0.000	0	0	0	0	0	0	0	0	0	0	0	0.000	0.000	0	0	0	0	0	0	0	0	0	0	0	0	0
9	9	2166	1562.302	115.012	408	630	802	277	28	311	394	920	381	116	339.454	7075	351	244	226	212	204	197	189	176	151	109	156.634	809	176	163	155	150	144	140	135	129	117	99	1	71	1575.148	118.900	0	0	0	3126	0	0	440	0	0	1	63	1575.122	118.295	0	0	0	3249	0	0	0	489	0	0	0	0	0
10	10	3339	1030.067	147.525	2725	365	164	45	13	2599	452	179	68	17	157.522	333	208	193	181	166	151	139	130	121	115	103	145.680	324	257	189	132	126	122	117	111	106	104	96	0	0	0.000	0.000	0	0	0	0	0	0	0	0	0	0	0	0.000	0.000	0	0	0	0	0	0	0	0	0	0	0	0	0
11	11	1419	1757.801	132.071	316	544	405	112	9	175	516	454	221	31	126.110	148	134	131	129	128	126	125	123	121	118	105	112.395	129	118	116	114	113	112	111	110	109	107	101	0	0	0.000	0.000	0	0	0	0	0	0	0	0	0	0	0	0.000	0.000	0	0	0	0	0	0	0	0	0	0	0	0	0
12	12	1934	882.948	134.414	347	859	568	110	18	223	798	600	230	44	396.877	7842	632	311	245	224	211	198	188	175	149	113	172.656	871	199	182	172	165	160	155	149	139	121	100	1	59	885.937	136.872	0	0	0	3914	0	0	521	0	0	1	54	885.814	136.099	0	0	0	3914	0	0	0	551	0	0	0	0	0
13	13	1278	1806.319	134.034	222	466	362	152	36	182	417	361	229	54	163.408	200	179	174	171	167	165	161	158	153	147	122	131.635	157	142	139	137	135	133	130	128	125	120	105	0	0	0.000	0.000	0	0	0	0	0	0	0	0	0	0	0	0.000	0.000	0	0	0	0	0	0	0	0	0	0	0	0	0
14	14	1760	417.462	142.449	162	452	693	355	67	142	644	637	251	58	1127.513	6100	1541	1352	1226	1129	1043	961	893	793	683	307	137.618	446	148	142	138	135	132	129	125	122	117	102	1	31	414.445	128.046	0	0	0	4257	0	0	359	0	0	1	52	413.954	127.768	0	0	0	3245	0	0	0	300	0	0	0	0	0
15	15	1607	1498.984	145.018	146	473	627	300	42	130	614	539	245	43	374.992	557	472	441	410	387	371	355	338	318	283	192	131.057	158	145	141	137	134	131	128	126	122	117	102	0	0	0.000	0.000	0	0	0	0	0	0	0	0	0	0	0	0.000	0.000	0	0	0	0	0	0	0	0	0	0	0	0	0
16	16	2498	368.951	155.998	378	925	812	323	21	315	938	866	293	32	2248.429	22739	4423	1327	1111	979	892	802	712	618	478	243	335.791	3882	582	198	154	145	140	135	130	125	120	105	1	287	374.222	159.020	0	0	0	11756	0	0	1468	0	0	1	245	374.327	158.331	0	0	0	14321	0	0	0	1805	0	0	0	0	0
17	17	1894	1355.264	153.199	377	916	477	75	7	162	779	562	275	89	1679.521	21700	2878	993	737	662	609	552	507	460	404	145	194.312	1783	274	142	127	122	119	117	114	112	109	100	1	175	1359.205	150.130	0	0	0	10729	0	0	758	0	0	1	152	1359.109	149.462	0	0	0	12148	0	0	0	878	0	0	0	0	0
18	18	1180	307.182	156.494	102	397	395	211	56	89	674	254	115	25	768.627	1101	1007	936	887	825	766	713	665	623	559	215	131.250	158	143	139	136	134	131	129	127	124	120	105	0	0	0.000	0.000	0	0	0	0	0	0	0	0	0	0	0	0.000	0.000	0	0	0	0	0	0	0	0	0	0	0	0	0
19	19	1700	1227.483	153.711	260	868	464	67	27	355	1047	223	27	15	479.922	9061	539	428	393	366	347	327	307	280	240	138	126.536	735	131	125	122	120	118	117	115	113	110	100	0	0	0.000	0.000	0	0	0	0	0	0	0	0	0	1	78	1224.672	138.579	0	0	0	4069	0	0	0	371	0	0	0	0	0
20	20	600	1272.304	149.665	151	177	133	86	43	57	190	151	143	52	256.995	340	308	293	281	270	257	246	239	226	207	160	111.305	125	118	116	114	113	111	110	108	107	105	98	0	0	0.000	0.000	0	0	0	0	0	0	0	0	0	0	0	0.000	0.000	0	0	0	0	0	0	0	0	0	0	0	0	0
21	21	1747	1411.059	160.974	188	518	620	352	34	191	531	645	287	60	613.852	952	851	793	737	699	640	577	511	453	345	135	115.472	137	124	121	119	117	115	114	112	110	108	99	0	0	0.000	0.000	0	0	0	0	0	0	0	0	0	0	0	0.000	0.000	0	0	0	0	0	0	0	0	0	0	0	0	0
22	22	2098	1679.697	165.657	369	677	683	286	39	307	802	707	182	48	2223.264	20391	4629	2076	1678	1508	1378	1266	1099	842	567	219	199.352	1960	243	163	147	141	136	132	127	121	115	103	1	138	1674.217	165.455	0	0	0	10542	0	0	888	0	0	1	131	1673.907	165.949	0	0	0	10695	0	0	0	924	0	0	0	0	0
23	23	1861	1535.698	179.075	224	726	647	210	26	204	849	597	167	14	186.787	3941	188	140	132	129	127	125	123	120	117	103	139.926	255	158	151	146	142	139	135	130	126	119	104	1	47	1532.621	190.011	0	0	0	1745	0	0	192	0	0	1	12	1534.650	189.332	0	0	0	1779	0	0	0	237	0	0	0	0	0
24	24	2091	1740.137	184.715	317	768	705	226	23	237	801	636	294	74	1572.633	11584	1935	1744	1622	1512	1411	1309	1185	1073	863	315	143.652	689	153	143	139	136	133	130	127	123	118	102	1	48	1737.754	195.957	0	0	0	7760	0	0	416	0	0	1	67	1738.564	195.345	0	0	0	6582	0	0	0	412	0	0	0	0	0
25	25	1733	1167.543	183.663	160	502	562	387	92	121	499	655	315	117	191.545	4575	188	149	144	141	138	136	133	130	125	110	165.806	258	197	189	180	172	165	158	151	143	135	109	1	31	1148.089	188.321	0	0	0	1930	0	0	204	0	0	0	0	0.000	0.000	0	0	0	0	0	0	0	0	0	0	0	0	0
26	26	1532	1807.812	183.925	242	703	444	103	11	161	816	413	93	19	216.694	2297	233	197	189	184	178	172	166	159	148	112	148.350	339	167	160	155	151	146	142	138	133	126	100	1	41	1806.350	170.962	0	0	0	1176	0	0	236	0	0	1	22	1806.874	170.197	0	0	0	1410	0	0	0	284	0	0	0	0	0
27	27	1122	1309.613	186.223	177	446	381	80	12	93	399	404	169	38	125.462	147	134	131	129	127	126	124	122	120	117	105	123.840	144	132	130	128	126	124	122	121	118	115	103	0	0	0.000	0.000	0	0	0	0	0	0	0	0	0	0	0	0.000	0.000	0	0	0	0	0	0	0	0	0	0	0	0	0
28	28	535	1576.644	183.509	260	167	70	23	8	222	149	96	42	18	121.368	136	128	126	124	123	122	121	119	117	114	102	132.413	153	142	139	137	135	134	132	129	126	120	108	0	0	0.000	0.000	0	0	0	0	0	0	0	0	0	0	0	0.000	0.000	0	0	0	0	0	0	0	0	0	0	0	0	0
29	29	1786	1264.898	203.407	346	945	407	46	11	121	740	515	320	51	122.702	143	131	128	126	124	122	121	119	118	115	104	123.381	146	133	130	127	125	124	121	119	117	113	104	0	0	0.000	0.000	0	0	0	0	0	0	0	0	0	0	0	0.000	0.000	0	0	0	0	0	0	0	0	0	0	0	0	0
30	30	1590	1856.189	195.948	211	573	551	186	40	161	528	612	234	30	669.201	12760	997	336	237	204	189	179	171	162	150	113	176.672	913	232	171	160	152	146	140	135	129	123	104	1	103	1847.202	200.969	0	0	0	5635	0	0	505	0	0	1	103	1847.121	200.249	0	0	0	5537	0	0	0	505	0	0	0	0	0
31	31	1425	1216.021	204.171	230	620	457	73	13	68	441	534	290	65	138.098	164	149	145	143	140	138	136	134	131	127	110	160.247	200	181	175	171	166	162	158	153	147	134	108	0	0	0.000	0.000	0	0	0	0	0	0	0	0	0	0	0	0.000	0.000	0	0	0	0	0	0	0	0	0	0	0	0	0
32	32	1302	1478.820	198.729	125	444	450	211	50	71	572	432	172	32	125.044	154	133	130	128	126	125	124	122	120	117	107	134.453	161	147	143	141	138	135	132	129	126	122	107	0	0	0.000	0.000	0	0	0	0	0	0	0	0	0	0	0	0.000	0.000	0	0	0	0	0	0	0	0	0	0	0	0	0
33	33	1913	1913.026	204.699	595	678	457	121	25	439	682	460	231	62	123.784	148	132	129	127	125	124	122	120	118	116	105	200.611	271	242	232	224	214	206	197	184	167	148	117	0	0	0.000	0.000	0	0	0	0	0	0	0	0	0	0	0	0.000	0.000	0	0	0	0	0	0	0	0	0	0	0	0	0
34	34	1855	351.607	205.891	233	701	619	253	16	124	761	620	270	43	3465.167	5197	4353	4123	3975	3790	3604	3366	3098	2767	2360	911	152.635	188	169	165	161	158	154	150	145	141	135	109	0	0	0.000	0.000	0	0	0	0	0	0	0	0	0	0	0	0.000	0.000	0	0	0	0	0	0	0	0	0	0	0	0	0
35	35	2269	756.581	208.645	2119	84	32	17	13	2038	123	51	25	17	631.672	1499	1127	965	884	781	623	476	343	234	162	123	139.743	212	181	170	158	144	134	126	116	110	106	96	0	0	0.000	0.000	0	0	0	0	0	0	0	0	0	0	0	0.000	0.000	0	0	0	0	0	0	0	0	0	0	0	0	0
36	36	1293	301.352	205.945	138	500	406	185	34	109	664	372	104	14	1362.336	2125	1948	1765	1611	1477	1364	1235	1117	987	805	397	133.080	160	148	143	139	136	133	130	127	123	119	105	0	0	0.000	0.000	0	0	0	0	0	0	0	0	0	0	0	0.000	0.000	0	0	0	0	0	0	0	0	0	0	0	0	0
37	37	2259	1778.752	226.448	297	626	790	412	89	256	702	821	345	76	1647.314	2791	2392	2206	2021	1841	1657	1454	1294	1140	899	255	138.808	180	160	153	148	144	140	135	130	124	117	102	0	0	0.000	0.000	0	0	0	0	0	0	0	0	0	0	0	0.000	0.000	0	0	0	0	0	0	0	0	0	0	0	0	0
38	38	2460	408.577	226.799	610	1093	564	147	9	335	887	819	276	95	3479.133	11251	4714	4279	3923	3673	3454	3251	2981	2582	2022	477	155.242	446	174	166	161	157	153	147	142	136	129	105	0	0	0.000	0.000	0	0	0	0	0	0	0	0	0	1	34	402.758	235.476	0	0	0	8775	0	0	0	340	0	0	0	0	0
39	39	720	462.500	229.123	142	285	176	91	14	68	269	223	108	38	133.690	172	141	139	137	135	133	132	130	128	125	116	109.525	126	116	113	112	110	109	108	107	106	104	100	0	0	0.000	0.000	0	0	0	0	0	0	0	0	0	0	0	0.000	0.000	0	0	0	0	0	0	0	0	0	0	0	0	0
40	40	2071	1161.575	235.536	252	810	685	266	15	191	652	800	295	102	1773.085	20436	2948	1209	1018	870	784	719	636	545	453	235	138.570	644	168	125	119	116	114	112	110	109	107	100	1	170	1169.717	240.654	0	0	0	11422	0	0	373	0	0	1	178	1169.625	240.066	0	0	0	10741	0	0	0	365	0	0	0	0	0
41	41	604	1306.471	231.088	132	212	158	75	19	101	240	135	92	22	157.076	189	175	170	167	164	160	156	150	144	135	110	119.995	137	129	126	124	122	120	118	116	114	111	101	0	0	0.000	0.000	0	0	0	0	0	0	0	0	0	0	0	0.000	0.000	0	0	0	0	0	0	0	0	0	0	0	0	0
42	42	1095	1107.891	244.066	197	455	365	48	10	84	295	383	258	54	613.586	902	826	776	731	688	633	576	518	453	379	211	111.203	127	118	115	113	112	110	110	108	107	106	102	0	0	0.000	0.000	0	0	0	0	0	0	0	0	0	0	0	0.000	0.000	0	0	0	0	0	0	0	0	0	0	0	0	0
43	43	954	1345.990	246.990	276	291	229	99	43	338	321	188	65	21	116.695	130	123	120	119	118	117	116	114	113	111	104	632.895	999	901	834	765	699	639	561	508	450	372	205	0	0	0.000	0.000	0	0	0	0	0	0	0	0	0	0	0	0.000	0.000	0	0	0	0	0	0	0	0	0	0	0	0	0
44	44	1490	338.448	255.101	350	598	384	114	12	318	512	373	206	54	360.592	527	455	413	385	368	355	343	331	310	285	177	111.103	127	116	114	113	112	111	110	109	108	106	101	0	0	0.000	0.000	0	0	0	0	0	0	0	0	0	0	0	0.000	0.000	0	0	0	0	0	0	0	0	0	0	0	0	0
45	45	1724	1284.036	270.650	214	681	527	244	25	168	492	537	367	123	429.646	9444	475	260	224	212	204	195	187	177	163	127	135.009	618	147	133	128	125	123	121	118	116	113	100	1	72	1276.607	278.077	0	0	0	3911	0	0	326	0	0	1	68	1276.433	277.933	0	0	0	4216	0	0	0	346	0	0	0	0	0
46	46	1370	1713.175	274.129	201	637	364	127	15	117	477	486	184	66	832.632	13491	1356	324	245	222	209	196	185	175	166	136	229.616	1406	326	206	193	182	173	164	154	144	136	114	1	121	1714.641	286.647	0	0	0	6233	0	0	740	0	0	1	110	1714.586	286.030	0	0	0	6715	0	0	0	831	0	0	0	0	0
47	47	1367	1831.708	272.546	181	346	403	345	64	169	558	414	180	22	182.391	1008	201	192	185	181	177	171	164	153	138	106	119.117	170	129	126	123	121	119	117	115	112	108	99	0	0	0.000	0.000	0	0	0	0	0	0	0	0	0	0	0	0.000	0.000	0	0	0	0	0	0	0	0	0	0	0	0	0
48	48	1232	464.270	274.037	150	344	312	294	110	144	459	365	185	51	118.793	134	125	123	121	120	119	118	116	115	113	106	207.579	316	253	234	223	214	206	199	191	181	164	120	0	0	0.000	0.000	0	0	0	0	0	0	0	0	0	0	0	0.000	0.000	0	0	0	0	0	0	0	0	0	0	0	0	0
49	49	2556	1767.527	288.720	632	1143	589	128	28	388	957	738	357	72	1918.163	22655	5353	1256	579	352	264	224	199	183	159	110	488.128	4583	1119	424	291	248	226	205	191	176	150	109	1	171	1761.904	298.999	0	0	0	11876	0	0	1936	0	0	2	163	1761.586	298.693	137	1768.412	279.494	12077	0	11178	0	2031	0	2144	0	0	0
50	50	1304	1330.779	288.821	153	497	427	179	22	115	706	285	154	26	413.588	585	534	506	481	457	431	400	365	328	272	137	124.136	147	136	132	129	127	124	122	119	116	112	103	0	0	0.000	0.000	0	0	0	0	0	0	0	0	0	0	0	0.000	0.000	0	0	0	0	0	0	0	0	0	0	0	0	0
51	51	1509	1917.700	302.844	152	431	555	305	30	135	508	524	259	56	510.478	10244	698	278	218	199	188	177	168	158	143	110	153.074	839	182	148	139	133	128	124	121	117	113	102	1	88	1913.772	301.885	0	0	0	4483	0	0	437	0	0	1	86	1914.272	300.934	0	0	0	3102	0	0	0	456	0	0	0	0	0
52	52	1516	436.258	311.977	181	465	499	309	40	140	593	502	189	55	117.245	132	123	121	120	118	117	116	115	114	112	104	202.175	275	242	230	221	214	206	198	188	175	160	108	0	0	0.000	0.000	0	0	0	0	0	0	0	0	0	0	0	0.000	0.000	0	0	0	0	0	0	0	0	0	0	0	0	0
53	53	1440	297.456	314.488	193	444	414	318	43	145	421	431	323	92	1701.794	9826	2702	1790	1597	1461	1331	1172	1029	890	751	250	146.574	630	176	142	134	129	126	123	120	117	114	105	1	94	302.163	311.511	0	0	0	6702	0	0	370	0	0	1	93	302.391	312.218	0	0	0	6702	0	0	0	371	0	0	0	0	0
54	54	909	1873.303	315.531	152	351	268	98	19	143	378	245	105	23	168.054	208	191	184	180	176	171	166	161	152	140	113	128.355	150	140	137	134	131	129	127	124	120	116	103	0	0	0.000	0.000	0	0	0	0	0	0	0	0	0	0	0	0.000	0.000	0	0	0	0	0	0	0	0	0	0	0	0	0
55	55	945	1295.724	317.826	64	279	307	211	64	70	393	329	108	29	184.548	236	212	202	194	189	185	180	174	167	159	123	126.495	157	142	137	132	129	126	122	119	116	113	103	0	0	0.000	0.000	0	0	0	0	0	0	0	0	0	0	0	0.000	0.000	0	0	0	0	0	0	0	0	0	0	0	0	0
56	56	503	476.623	317.058	155	133	153	45	8	76	112	139	125	36	115.237	126	121	119	117	116	115	114	113	112	110	103	182.322	250	227	215	204	195	186	175	162	148	133	107	0	0	0.000	0.000	0	0	0	0	0	0	0	0	0	0	0	0.000	0.000	0	0	0	0	0	0	0	0	0	0	0	0	0
57	57	2147	1342.787	341.532	201	719	711	416	54	227	824	637	364	47	3295.290	31636	13449	2184	733	504	457	400	344	301	253	123	551.020	5181	1834	379	177	143	132	126	121	116	111	100	1	381	1344.893	342.293	0	0	0	16086	0	0	2159	0	0	1	341	1344.947	342.003	0	0	0	17958	0	0	0	2550	0	0	0	0	0
58	58	638	268.305	341.877	150	216	165	76	25	153	239	175	43	17	1275.176	1830	1639	1553	1460	1380	1305	1236	1166	1055	851	336	128.639	162	142	136	132	130	128	126	123	121	117	106	0	0	0.000	0.000	0	0	0	0	0	0	0	0	0	0	0	0.000	0.000	0	0	0	0	0	0	0	0	0	0	0	0	0
59	59	2695	334.476	351.159	447	738	907	464	97	486	1185	760	175	35	533.805	9143	682	398	327	290	271	259	245	226	188	121	294.811	4712	364	219	193	182	172	164	156	147	133	107	2	38	352.882	355.911	106	333.758	342.493	2023	4757	0	896	2320	0	2	43	352.788	355.869	110	333.736	342.597	1903	0	4686	0	833	0	2193	0	0	0
60	60	1691	1037.911	355.892	511	560	399	155	26	463	572	345	226	45	531.653	936	735	671	612	567	523	481	436	391	329	228	106.865	127	111	109	108	108	107	106	105	104	103	97	0	0	0.000	0.000	0	0	0	0	0	0	0	0	0	0	0	0.000	0.000	0	0	0	0	0	0	0	0	0	0	0	0	0
61	61	1245	1225.018	358.853	167	361	397	248	49	180	435	416	144	49	489.986	710	642	610	585	560	528	472	421	367	283	155	117.817	138	128	125	123	120	118	116	114	110	107	101	0	0	0.000	0.000	0	0	0	0	0	0	0	0	0	0	0	0.000	0.000	0	0	0	0	0	0	0	0	0	0	0	0	0
62	62	1704	1277.996	367.196	372	727	492	64	14	148	455	493	476	103	1056.928	16312	1568	666	532	477	441	408	383	352	311	190	152.327	1048	179	131	122	119	116	114	112	110	108	102	1	110	1282.481	373.294	0	0	0	8111	0	0	564	0	0	1	114	1282.232	372.611	0	0	0	7181	0	0	0	550	0	0	0	0	0
63	63	2648	1807.604	384.182	467	1063	843	199	26	370	1140	831	219	22	1483.721	21347	1715	1016	902	818	730	652	598	527	423	122	193.436	2178	211	143	137	132	128	124	120	117	112	100	1	176	1815.214	374.785	0	0	0	10298	0	0	932	0	0	1	154	1814.995	374.711	0	0	0	12485	0	0	0	1028	0	0	0	0	0
64	64	1132	1363.555	375.667	329	354	202	174	59	272	438	238	120	50	127.357	234	147	134	128	125	122	119	117	115	112	101	252.765	386	334	303	284	271	258	245	227	202	161	114	0	0	0.000	0.000	0	0	0	0	0	0	0	0	0	0	0	0.000	0.000	0	0	0	0	0	0	0	0	0	0	0	0	0
65	65	659	1846.925	375.088	136	232	194	61	22	163	230	172	67	13	136.868	168	148	144	141	139	137	135	133	130	126	111	129.938	152	141	138	136	133	131	128	125	122	117	104	0	0	0.000	0.000	0	0	0	0	0	0	0	0	0	0	0	0.000	0.000	0	0	0	0	0	0	0	0	0	0	0	0	0
66	66	1800	500.013	401.095	312	637	587	207	25	124	669	636	292	50	2294.772	21944	4239	1807	1555	1420	1264	1081	899	727	558	191	221.319	2108	333	167	146	138	133	128	123	117	112	103	1	163	491.912	404.018	0	0	0	12321	0	0	675	0	0	1	148	493.548	401.886	0	0	0	7540	0	0	0	1012	0	0	0	0	0
67	67	1450	1587.929	400.645	1051	257	80	22	23	1016	219	147	41	14	159.783	1743	207	162	146	136	128	122	118	115	111	102	107.714	214	114	110	108	106	106	105	104	103	102	96	0	0	0.000	0.000	0	0	0	0	0	0	0	0	0	0	0	0.000	0.000	0	0	0	0	0	0	0	0	0	0	0	0	0
68	68	1073	1063.536	401.138	327	333	255	97	41	359	426	191	60	19	592.366	1070	829	703	649	610	573	536	504	464	417	186	108.599	124	114	112	110	109	108	107	106	105	104	99	0	0	0.000	0.000	0	0	0	0	0	0	0	0	0	0	0	0.000	0.000	0	0	0	0	0	0	0	0	0	0	0	0	0
69	69	1679	434.417	407.718	214	557	640	209	32	189	572	651	171	60	317.879	519	416	380	355	338	320	299	276	258	228	118	111.973	134	120	116	114	113	111	110	109	107	105	99	0	0	0.000	0.000	0	0	0	0	0	0	0	0	0	0	0	0.000	0.000	0	0	0	0	0	0	0	0	0	0	0	0	0
70	70	1018	1254.376	405.279	215	425	293	58	11	156	364	319	127	30	149.411	188	167	162	159	155	152	148	143	137	126	111	112.988	129	120	118	116	114	113	111	110	108	106	101	0	0	0.000	0.000	0	0	0	0	0	0	0	0	0	0	0	0.000	0.000	0	0	0	0	0	0	0	0	0	0	0	0	0
71	71	1848	1391.618	412.169	298	637	625	225	29	196	700	603	266	51	164.556	223	190	184	178	174	168	163	156	147	130	104	222.647	323	283	267	255	244	232	216	198	177	145	103	0	0	0.000	0.000	0	0	0	0	0	0	0	0	0	0	0	0.000	0.000	0	0	0	0	0	0	0	0	0	0	0	0	0
72	72	1861	1445.055	429.527	306	774	570	150	28	281	1002	445	87	12	734.994	15196	960	258	194	183	175	169	162	153	139	109	251.427	1343	300	264	247	231	215	204	191	177	155	106	1	123	1447.611	442.128	0	0	0	7035	0	0	728	0	0	1	103	1447.374	442.226	0	0	0	8106	0	0	0	841	0	0	0	0	0
73	73	2092	1028.063	432.708	299	579	765	353	54	252	811	695	269	33	394.433	9667	402	226	193	179	172	166	160	153	142	110	289.223	1799	354	304	283	270	259	248	234	211	178	115	1	82	1032.053	435.524	0	0	0	4176	0	0	994	0	0	1	60	1032.008	435.385	0	0	0	5587	0	0	0	1157	0	0	0	0	0
74	74	1408	1291.240	428.741	228	575	447	115	13	185	656	345	170	28	308.290	7259	371	208	177	162	154	148	144	139	133	107	118.918	346	125	120	117	116	114	113	111	110	107	99	1	48	1280.525	424.574	0	0	0	3075	0	0	222	0	0	1	43	1280.784	424.548	0	0	0	3158	0	0	0	230	0	0	0	0	0
75	75	1817	1340.626	445.975	425	800	475	70	9	287	659	527	223	81	1782.788	23707	4123	866	472	344	297	269	252	231	193	118	247.131	2342	444	170	136	125	119	116	113	111	108	101	1	225	1340.624	449.927	0	0	0	10255	0	0	903	0	0	1	192	1340.665	449.710	0	0	0	12506	0	0	0	1122	0	0	0	0	0
76	76	1859	382.568	449.916	237	641	625	267	48	150	604	768	244	62	1444.424	16628	1887	1149	1031	956	901	841	778	696	559	216	145.521	818	166	131	126	123	120	118	116	114	111	103	1	109	385.894	443.335	0	0	0	9152	0	0	459	0	0	1	118	386.689	443.094	0	0	0	7976	0	0	0	439	0	0	0	0	0
77	77	1731	977.973	455.945	205	459	701	300	30	132	541	702	258	60	261.521	5105	284	205	188	181	175	170	165	158	148	117	284.120	1107	340	314	299	287	277	265	250	232	198	126	1	44	982.598	466.350	0	0	0	2491	0	0	671	0	0	1	23	982.582	465.260	0	0	0	2624	0	0	0	887	0	0	0	0	0
78	78	1602	517.940	451.354	230	468	515	309	57	168	436	630	228	105	1461.467	2222	2024	1919	1805	1668	1537	1407	1240	1035	745	197	135.933	167	154	149	145	141	137	133	128	123	116	102	0	0	0.000	0.000	0	0	0	0	0	0	0	0	0	0	0	0.000	0.000	0	0	0	0	0	0	0	0	0	0	0	0	0
79	79	1556	331.873	465.134	226	433	503	282	71	187	519	534	225	54	238.641	1403	272	256	248	243	236	225	211	188	162	113	255.007	632	328	302	287	271	257	246	229	198	160	109	1	26	321.446	464.948	0	0	0	831	0	0	466	0	0	0	0	0.000	0.000	0	0	0	0	0	0	0	0	0	0	0	0	0
80	80	1795	931.960	481.902	500	467	541	200	57	462	666	425	182	34	117.900	136	125	123	121	120	118	117	115	113	110	101	514.013	790	694	650	618	591	560	514	458	372	241	114	0	0	0.000	0.000	0	0	0	0	0	0	0	0	0	0	0	0.000	0.000	0	0	0	0	0	0	0	0	0	0	0	0	0
81	81	2098	1115.767	486.139	449	722	671	198	17	370	652	643	348	45	1039.462	18841	1450	416	284	258	241	226	207	185	159	121	263.928	2135	342	241	225	210	193	178	163	150	128	100	1	157	1124.809	483.542	0	0	0	8777	0	0	1041	0	0	1	134	1125.042	482.559	0	0	0	9720	0	0	0	1186	0	0	0	0	0
82	82	977	876.268	482.078	186	355	310	88	22	68	376	305	165	50	114.038	132	120	117	116	115	114	113	111	110	109	102	159.558	201	185	180	175	169	163	155	147	139	129	107	0	0	0.000	0.000	0	0	0	0	0	0	0	0	0	0	0	0.000	0.000	0	0	0	0	0	0	0	0	0	0	0	0	0
83	83	1558	1322.070	493.160	230	535	527	209	31	187	661	459	202	22	278.396	2152	307	290	282	273	264	251	240	225	203	143	115.965	199	125	120	118	116	114	113	111	110	108	102	1	26	1310.092	499.271	0	0	0	1114	0	0	137	0	0	1	24	1310.230	495.874	0	0	0	375	0	0	0	164	0	0	0	0	0
84	84	2137	439.441	494.111	705	505	538	293	57	612	643	524	302	21	123.088	170	132	129	126	124	123	121	119	117	114	104	207.926	286	251	238	227	218	211	201	191	179	162	124	0	0	0.000	0.000	0	0	0	0	0	0	0	0	0	0	0	0.000	0.000	0	0	0	0	0	0	0	0	0	0	0	0	0
85	85	572	545.346	484.539	116	184	170	79	12	41	157	173	141	50	191.320	250	221	213	207	200	194	186	180	172	160	118	115.021	129	121	119	118	116	115	114	113	111	109	102	0	0	0.000	0.000	0	0	0	0	0	0	0	0	0	0	0	0.000	0.000	0	0	0	0	0	0	0	0	0	0	0	0	0
86	86	2210	792.927	500.191	247	699	674	492	53	205	820	738	346	66	713.641	15702	837	331	248	226	214	204	194	181	161	119	237.994	1653	280	230	214	202	192	182	173	163	149	111	1	128	800.838	493.584	0	0	0	6813	0	0	887	0	0	1	113	800.425	493.030	0	0	0	7420	0	0	0	970	0	0	0	0	0
87	87	1783	383.032	508.444	208	564	605	330	45	168	853	514	194	19	1183.107	9162	1501	1334	1226	1119	1014	949	883	787	628	231	129.626	495	137	129	126	123	121	119	117	115	113	101	1	47	392.524	513.172	0	0	0	5609	0	0	330	0	0	1	62	392.921	513.172	0	0	0	4756	0	0	0	304	0	0	0	0	0
88	88	1434	1368.875	509.057	234	521	531	109	7	113	503	479	265	51	176.152	1660	194	170	162	158	154	151	146	141	133	112	197.417	384	234	220	211	204	196	189	182	173	158	115	1	31	1357.713	517.189	0	0	0	766	0	0	305	0	0	0	0	0.000	0.000	0	0	0	0	0	0	0	0	0	0	0	0	0
89	89	2268	487.701	520.480	468	695	675	347	46	379	795	698	286	64	121.808	143	129	127	126	124	123	121	119	116	113	103	1625.249	2586	2201	2057	1952	1862	1783	1667	1458	1137	753	234	0	0	0.000	0.000	0	0	0	0	0	0	0	0	0	0	0	0.000	0.000	0	0	0	0	0	0	0	0	0	0	0	0	0
90	90	941	1753.028	522.550	177	342	288	96	18	124	242	362	143	48	124.866	143	134	131	129	127	125	123	122	119	116	108	248.132	339	310	288	275	265	256	245	232	208	171	112	0	0	0.000	0.000	0	0	0	0	0	0	0	0	0	0	0	0.000	0.000	0	0	0	0	0	0	0	0	0	0	0	0	0
91	91	1281	1443.689	523.520	312	577	270	88	9	176	611	343	113	16	432.674	875	627	530	482	439	403	381	358	320	280	161	106.310	117	110	109	108	107	106	105	105	104	103	97	0	0	0.000	0.000	0	0	0	0	0	0	0	0	0	0	0	0.000	0.000	0	0	0	0	0	0	0	0	0	0	0	0	0
92	92	1662	728.169	532.796	222	397	513	407	87	197	491	602	225	125	191.204	259	227	216	209	203	198	190	179	164	143	110	177.612	243	212	203	195	188	181	175	165	153	136	107	0	0	0.000	0.000	0	0	0	0	0	0	0	0	0	0	0	0.000	0.000	0	0	0	0	0	0	0	0	0	0	0	0	0
93	93	1538	679.423	536.517	173	558	427	301	35	110	583	531	221	67	510.878	11594	605	259	219	208	200	192	183	173	158	115	204.556	1227	229	203	194	188	181	174	164	156	145	108	1	70	692.482	533.440	0	0	0	5337	0	0	684	0	0	1	60	692.661	532.863	0	0	0	5547	0	0	0	706	0	0	0	0	0
94	94	2242	439.481	552.528	602	1055	502	29	12	475	949	613	125	24	125.833	145	134	131	130	128	126	125	123	121	117	106	1360.979	2000	1720	1638	1562	1495	1425	1338	1248	1114	854	362	0	0	0.000	0.000	0	0	0	0	0	0	0	0	0	0	0	0.000	0.000	0	0	0	0	0	0	0	0	0	0	0	0	0
95	95	1899	1351.578	551.814	194	885	713	65	7	180	765	612	259	37	988.668	16937	1200	513	460	434	418	397	368	323	275	133	213.016	2181	250	160	153	148	145	141	135	130	123	102	1	118	1361.574	548.916	0	0	0	8036	0	0	1072	0	0	1	118	1361.562	548.574	0	0	0	8036	0	0	0	1072	0	0	0	0	0
96	96	1121	1820.281	551.851	255	439	309	85	16	167	387	311	184	51	425.665	3199	486	439	417	401	388	372	354	331	292	155	173.681	1397	187	157	152	148	146	143	139	135	128	102	1	29	1809.503	541.425	0	0	0	1773	0	0	834	0	0	1	40	1809.891	541.303	0	0	0	1403	0	0	0	702	0	0	0	0	0
97	97	1730	783.610	559.841	216	383	520	439	144	193	566	587	277	84	215.336	1928	231	217	208	202	194	186	176	163	145	109	190.762	484	239	228	215	202	189	178	168	154	131	107	1	39	792.206	571.037	0	0	0	1054	0	0	314	0	0	0	0	0.000	0.000	0	0	0	0	0	0	0	0	0	0	0	0	0
98	98	1182	650.602	574.084	145	210	390	355	65	78	227	553	212	89	111.866	123	116	115	114	113	112	111	110	109	107	100	209.860	295	260	246	237	228	217	203	188	173	149	110	0	0	0.000	0.000	0	0	0	0	0	0	0	0	0	0	0	0.000	0.000	0	0	0	0	0	0	0	0	0	0	0	0	0
99	99	2124	865.763	584.193	565	833	501	138	32	718	932	356	69	16	121.697	148	131	128	126	124	122	120	118	115	111	101	349.123	519	469	448	424	399	368	330	296	256	194	108	0	0	0.000	0.000	0	0	0	0	0	0	0	0	0	0	0	0.000	0.000	0	0	0	0	0	0	0	0	0	0	0	0	0
100	100	1411	1290.440	581.996	372	410	362	202	45	320	383	411	245	29	229.255	2316	248	193	185	179	174	168	161	155	147	117	129.164	328	137	132	130	128	126	124	121	119	115	101	1	62	1307.259	579.634	0	0	0	1092	0	0	187	0	0	1	37	1306.206	578.335	0	0	0	1092	0	0	0	243	0	0	0	0	0
101	101	1086	479.037	584.577	294	274	321	130	42	315	385	240	112	23	127.459	150	137	134	132	130	128	126	124	120	117	104	1181.771	1923	1756	1595	1431	1296	1190	1109	1004	814	575	201	0	0	0.000	0.000	0	0	0	0	0	0	0	0	0	0	0	0.000	0.000	0	0	0	0	0	0	0	0	0	0	0	0	0
102	102	696	1249.463	581.478	476	111	76	18	10	456	119	61	37	16	154.819	190	174	168	163	159	155	152	149	143	136	106	124.141	144	133	130	128	126	124	123	121	119	115	103	0	0	0.000	0.000	0	0	0	0	0	0	0	0	0	0	0	0.000	0.000	0	0	0	0	0	0	0	0	0	0	0	0	0
103	103	1579	1341.245	606.484	141	454	684	240	32	121	639	564	191	36	381.010	575	493	461	436	414	391	368	339	303	250	130	137.194	170	154	149	146	142	139	134	130	125	119	104	0	0	0.000	0.000	0	0	0	0	0	0	0	0	0	0	0	0.000	0.000	0	0	0	0	0	0	0	0	0	0	0	0	0
104	104	932	440.959	606.364	226	405	230	44	9	96	371	306	119	33	774.603	1192	999	940	888	814	757	707	672	626	567	327	117.822	139	126	122	120	119	117	116	114	113	111	103	0	0	0.000	0.000	0	0	0	0	0	0	0	0	0	0	0	0.000	0.000	0	0	0	0	0	0	0	0	0	0	0	0	0
105	105	1508	1391.277	610.829	75	401	638	319	39	62	554	605	226	35	162.292	2816	149	143	140	138	136	135	132	130	125	111	133.239	266	147	143	139	136	132	129	125	122	118	103	1	26	1389.305	627.403	0	0	0	1145	0	0	186	0	0	0	0	0.000	0.000	0	0	0	0	0	0	0	0	0	0	0	0	0
106	106	1615	729.765	637.736	228	306	485	468	90	170	307	689	278	138	155.646	846	172	164	159	155	149	145	140	133	123	103	115.036	160	124	121	118	117	115	113	111	108	105	99	1	28	737.327	647.327	0	0	0	464	0	0	119	0	0	0	0	0.000	0.000	0	0	0	0	0	0	0	0	0	0	0	0	0
107	107	1823	329.075	644.348	601	579	356	176	79	688	622	319	112	48	321.374	525	422	388	364	339	316	294	276	261	234	123	126.096	152	137	134	131	129	126	124	121	118	114	102	0	0	0.000	0.000	0	0	0	0	0	0	0	0	0	0	0	0.000	0.000	0	0	0	0	0	0	0	0	0	0	0	0	0
108	108	751	1314.614	641.704	291	272	125	34	18	269	272	130	34	32	255.996	340	300	288	281	270	263	255	241	229	208	122	122.395	137	130	128	126	124	123	121	120	117	114	102	0	0	0.000	0.000	0	0	0	0	0	0	0	0	0	0	0	0.000	0.000	0	0	0	0	0	0	0	0	0	0	0	0	0
109	109	1241	890.753	647.431	269	524	345	58	14	372	557	254	29	12	346.138	6498	466	229	191	178	168	159	152	145	136	107	186.478	852	211	195	187	180	173	166	159	149	140	112	1	54	889.816	655.783	0	0	0	2974	0	0	477	0	0	1	38	889.967	655.272	0	0	0	3473	0	0	0	549	0	0	0	0	0
110	110	1793	778.712	676.463	223	387	588	465	92	183	530	651	309	88	1198.736	18748	2278	561	330	271	245	224	205	183	164	125	187.452	1438	268	148	132	126	123	120	117	114	110	100	1	163	783.739	682.042	0	0	0	9125	0	0	725	0	0	1	154	783.747	681.958	0	0	0	9640	0	0	0	777	0	0	0	0	0
111	111	1881	1010.948	669.115	461	535	525	288	43	438	754	521	122	13	119.607	150	127	125	123	121	120	118	116	114	111	103	440.368	741	613	544	504	480	461	441	403	327	223	126	0	0	0.000	0.000	0	0	0	0	0	0	0	0	0	0	0	0.000	0.000	0	0	0	0	0	0	0	0	0	0	0	0	0
112	112	905	1751.289	693.131	225	331	268	48	16	135	240	279	193	41	310.536	3720	479	261	215	194	184	177	169	159	143	114	159.412	935	208	151	138	133	129	127	124	120	112	101	1	53	1750.861	686.201	0	0	0	1549	0	0	426	0	0	1	59	1751.793	686.324	0	0	0	1328	0	0	0	456	0	0	0	0	0
113	113	2801	606.023	705.851	906	978	653	197	20	736	1124	595	243	61	855.080	19908	857	383	278	239	215	201	192	181	162	116	809.925	12797	896	617	539	500	464	433	408	377	288	129	1	160	599.852	702.535	0	0	0	9073	0	0	5376	0	0	1	137	599.594	702.334	0	0	0	10915	0	0	0	6268	0	0	0	0	0
114	114	1434	733.434	704.609	118	365	585	285	55	137	468	627	147	25	232.999	329	274	259	251	245	238	231	221	206	183	118	122.448	144	131	128	126	125	123	121	119	117	113	103	0	0	0.000	0.000	0	0	0	0	0	0	0	0	0	0	0	0.000	0.000	0	0	0	0	0	0	0	0	0	0	0	0	0
115	115	578	239.479	706.774	153	272	104	26	12	171	261	91	37	11	214.964	287	256	243	234	224	217	207	198	187	176	126	127.092	146	136	133	131	130	128	126	124	121	118	106	0	0	0.000	0.000	0	0	0	0	0	0	0	0	0	0	0	0.000	0.000	0	0	0	0	0	0	0	0	0	0	0	0	0
116	116	1396	413.144	716.037	244	394	482	218	37	253	479	475	130	25	441.640	10812	438	348	318	293	281	268	250	231	202	134	144.098	1142	150	139	135	131	129	126	124	121	116	105	0	0	0.000	0.000	0	0	0	0	0	0	0	0	0	0	0	0.000	0.000	0	0	0	0	0	0	0	0	0	0	0	0	0
117	117	1916	550.978	742.304	263	599	632	321	63	197	805	597	245	39	308.510	5648	295	278	268	258	247	237	227	210	182	119	129.652	667	139	135	132	129	127	124	120	117	113	101	1	45	532.333	737.827	0	0	0	2814	0	0	365	0	0	0	0	0.000	0.000	0	0	0	0	0	0	0	0	0	0	0	0	0
118	118	2637	131.110	754.456	1867	478	147	73	40	1864	472	165	74	38	419.780	12304	373	207	186	173	160	148	135	127	121	104	241.097	3475	254	216	201	190	177	155	137	129	118	102	1	96	124.103	762.088	0	0	0	5413	0	0	1648	0	0	1	95	124.235	761.705	0	0	0	5396	0	0	0	1648	0	0	0	0	0
119	119	1246	503.576	747.356	248	446	424	95	16	175	456	387	178	23	206.055	278	241	231	223	218	211	205	197	185	159	113	121.568	151	131	128	126	124	123	121	118	115	110	99	0	0	0.000	0.000	0	0	0	0	0	0	0	0	0	0	0	0.000	0.000	0	0	0	0	0	0	0	0	0	0	0	0	0
120	120	1966	325.416	757.705	391	587	614	300	42	382	744	524	242	37	118.220	143	125	122	121	119	118	117	115	114	112	102	227.466	337	290	273	259	246	231	215	200	183	156	110	0	0	0.000	0.000	0	0	0	0	0	0	0	0	0	0	0	0.000	0.000	0	0	0	0	0	0	0	0	0	0	0	0	0
121	121	1236	386.689	761.632	433	355	252	136	43	423	362	274	115	35	263.025	5830	343	208	193	186	181	174	164	149	135	111	131.259	971	144	126	122	120	118	116	114	112	109	98	0	0	0.000	0.000	0	0	0	0	0	0	0	0	0	0	0	0.000	0.000	0	0	0	0	0	0	0	0	0	0	0	0	0
122	122	1024	465.768	773.351	112	251	329	262	56	80	388	340	148	50	214.499	300	255	245	238	230	222	212	202	186	155	113	123.441	142	135	132	129	128	125	123	120	114	108	100	0	0	0.000	0.000	0	0	0	0	0	0	0	0	0	0	0	0.000	0.000	0	0	0	0	0	0	0	0	0	0	0	0	0
123	123	3788	941.624	798.919	2894	623	127	71	34	2971	562	140	67	15	622.485	19299	541	243	184	171	161	148	134	121	113	102	195.196	3051	197	162	153	146	139	131	122	113	107	100	2	96	941.161	841.240	153	945.336	790.052	485	9428	0	162	1193	0	1	125	945.245	789.638	0	0	0	11493	0	0	0	1546	0	0	0	0	0
124	124	1771	346.810	801.942	164	555	640	331	49	151	723	611	208	42	432.836	10524	454	240	204	190	181	173	166	158	144	110	157.445	962	165	151	147	143	140	137	132	127	121	104	1	74	346.416	796.350	0	0	0	4782	0	0	468	0	0	1	66	346.703	796.215	0	0	0	5264	0	0	0	507	0	0	0	0	0
125	125	1522	239.424	813.392	370	611	385	114	18	347	685	322	110	30	399.243	3025	488	438	414	396	379	359	334	296	231	120	122.111	252	135	128	124	121	118	116	115	112	109	101	1	24	233.350	808.895	0	0	0	1628	0	0	214	0	0	1	43	233.118	809.543	0	0	0	1267	0	0	0	193	0	0	0	0	0
126	126	1883	175.787	823.326	541	897	343	37	26	621	954	225	38	17	485.368	1003	677	596	555	525	490	454	423	382	285	140	107.837	122	113	111	110	109	108	107	106	105	103	97	0	0	0.000	0.000	0	0	0	0	0	0	0	0	0	0	0	0.000	0.000	0	0	0	0	0	0	0	0	0	0	0	0	0
127	127	1703	442.801	831.719	150	375	666	447	31	89	470	711	320	80	121.453	141	129	126	124	123	122	120	118	117	114	105	131.947	161	145	141	138	135	132	130	127	124	118	103	0	0	0.000	0.000	0	0	0	0	0	0	0	0	0	0	0	0.000	0.000	0	0	0	0	0	0	0	0	0	0	0	0	0
128	128	1899	396.341	836.076	423	1144	259	27	17	439	1211	189	24	14	120.203	148	127	124	123	121	120	119	117	116	114	103	129.629	157	142	138	135	133	130	127	124	121	117	102	0	0	0.000	0.000	0	0	0	0	0	0	0	0	0	0	0	0.000	0.000	0	0	0	0	0	0	0	0	0	0	0	0	0
129	129	2435	323.143	847.317	2124	221	34	26	21	2184	171	34	20	13	145.461	255	180	172	166	158	146	132	120	114	111	101	123.171	169	144	139	134	129	123	116	110	106	104	96	0	0	0.000	0.000	0	0	0	0	0	0	0	0	0	0	0	0.000	0.000	0	0	0	0	0	0	0	0	0	0	0	0	0
130	130	1699	1804.507	845.128	379	518	492	231	36	456	691	390	111	8	361.983	515	448	429	413	398	383	356	324	288	248	153	120.630	153	131	127	125	122	120	118	116	114	110	101	0	0	0.000	0.000	0	0	0	0	0	0	0	0	0	0	0	0.000	0.000	0	0	0	0	0	0	0	0	0	0	0	0	0
131	131	1568	271.893	850.118	250	542	412	287	48	278	586	398	247	38	410.091	8513	483	222	199	191	183	178	173	165	152	116	261.519	2479	283	236	222	212	204	195	188	181	167	116	1	68	277.586	836.277	0	0	0	4110	0	0	1186	0	0	1	65	278.272	835.632	0	0	0	3474	0	0	0	1254	0	0	0	0	0
132	132	1373	214.759	890.106	131	446	459	275	29	92	509	510	171	61	399.202	548	497	472	447	427	408	386	362	330	287	189	108.160	120	113	111	110	109	108	107	106	105	104	99	0	0	0.000	0.000	0	0	0	0	0	0	0	0	0	0	0	0.000	0.000	0	0	0	0	0	0	0	0	0	0	0	0	0
133	133	1345	349.718	907.740	175	510	467	150	19	174	701	310	120	17	419.046	9809	379	199	184	177	172	167	162	155	144	118	155.004	943	156	149	144	140	136	132	129	125	120	105	1	82	335.595	901.606	0	0	0	4359	0	0	494	0	0	1	74	335.466	901.441	0	0	0	5145	0	0	0	514	0	0	0	0	0
134	134	2207	248.677	925.343	275	478	777	545	77	275	922	641	289	38	118.689	134	126	123	122	120	119	117	116	114	112	102	205.708	282	253	240	232	223	211	199	184	168	149	114	0	0	0.000	0.000	0	0	0	0	0	0	0	0	0	0	0	0.000	0.000	0	0	0	0	0	0	0	0	0	0	0	0	0
135	135	1732	1186.775	923.406	339	682	441	213	27	342	749	408	159	39	762.032	13944	1156	434	301	252	229	214	199	181	159	115	216.120	2342	276	168	145	138	132	128	124	120	114	101	1	116	1185.314	920.336	0	0	0	6244	0	0	1119	0	0	1	108	1185.380	919.849	0	0	0	6496	0	0	0	1140	0	0	0	0	0
136	136	930	1122.625	922.462	220	374	218	69	27	409	337	144	16	9	124.125	149	133	129	127	125	124	122	121	119	116	105	145.188	207	173	164	157	150	143	137	131	126	121	104	0	0	0.000	0.000	0	0	0	0	0	0	0	0	0	0	0	0.000	0.000	0	0	0	0	0	0	0	0	0	0	0	0	0
137	137	1456	920.020	930.642	123	466	466	305	63	130	482	550	198	59	182.771	1450	198	183	177	173	169	164	160	153	139	112	160.837	373	185	176	170	166	161	155	149	141	129	107	1	30	931.317	916.902	0	0	0	631	0	0	268	0	0	1	11	930.984	917.695	0	0	0	949	0	0	0	328	0	0	0	0	0
138	138	1920	307.919	947.267	193	705	648	317	25	178	1032	473	174	33	350.496	8406	318	189	176	169	164	159	155	150	142	121	205.281	627	240	227	217	207	198	189	181	173	160	123	1	73	322.639	954.031	0	0	0	3567	0	0	382	0	0	1	30	322.616	952.576	0	0	0	4994	0	0	0	514	0	0	0	0	0
139	139	1282	1139.524	962.496	642	479	103	30	9	658	480	90	24	9	192.746	1629	229	196	186	180	173	166	160	152	139	115	290.647	1809	369	330	307	290	277	261	243	222	191	114	2	29	1135.208	973.979	10	1138.192	951.803	647	393	0	540	453	0	1	19	1136.132	974.840	0	0	0	577	0	0	0	1012	0	0	0	0	0
140	140	681	213.353	969.241	92	194	219	144	20	95	189	195	162	31	117.349	134	126	123	121	119	117	115	114	112	109	104	400.921	664	582	536	494	447	404	365	325	264	207	132	0	0	0.000	0.000	0	0	0	0	0	0	0	0	0	0	0	0.000	0.000	0	0	0	0	0	0	0	0	0	0	0	0	0
141	141	1748	257.633	977.357	131	327	627	438	189	138	576	621	263	113	156.676	202	176	172	168	164	160	154	149	141	132	111	197.420	263	238	227	219	211	203	194	182	167	149	104	0	0	0.000	0.000	0	0	0	0	0	0	0	0	0	0	0	0.000	0.000	0	0	0	0	0	0	0	0	0	0	0	0	0
142	142	1564	504.219	976.618	197	520	409	324	84	395	497	481	125	32	162.731	207	185	178	173	169	164	159	154	148	139	105	158.555	202	183	176	171	165	159	153	148	142	134	108	0	0	0.000	0.000	0	0	0	0	0	0	0	0	0	0	0	0.000	0.000	0	0	0	0	0	0	0	0	0	0	0	0	0
143	143	1592	1398.396	986.351	269	709	477	95	15	217	569	552	186	34	325.474	3205	365	323	305	289	275	260	245	231	208	131	131.872	347	146	139	135	131	127	124	122	119	115	106	1	39	1403.936	988.988	0	0	0	1754	0	0	248	0	0	1	39	1404.214	988.676	0	0	0	1717	0	0	0	248	0	0	0	0	0
144	144	1671	118.428	991.750	264	525	499	253	98	266	754	409	190	27	1137.935	14633	1547	935	795	718	660	609	577	528	436	249	130.440	586	144	121	118	115	114	112	110	109	107	100	1	89	113.203	980.830	0	0	0	7060	0	0	359	0	0	1	101	113.302	981.060	0	0	0	6569	0	0	0	333	0	0	0	0	0
145	145	1513	170.302	999.301	271	704	441	57	9	246	789	373	63	6	115.395	132	121	119	118	117	116	114	113	111	109	101	158.364	194	179	174	169	164	161	156	151	144	134	109	0	0	0.000	0.000	0	0	0	0	0	0	0	0	0	0	0	0.000	0.000	0	0	0	0	0	0	0	0	0	0	0	0	0
146	146	1849	305.378	1002.635	184	468	769	357	35	188	500	796	302	26	122.367	346	129	124	121	120	118	117	116	114	112	105	137.718	171	156	149	145	141	137	134	130	126	121	104	0	0	0.000	0.000	0	0	0	0	0	0	0	0	0	0	0	0.000	0.000	0	0	0	0	0	0	0	0	0	0	0	0	0
147	147	1907	452.748	1002.182	223	591	587	359	109	169	652	650	278	126	350.276	9033	388	200	170	160	153	147	142	135	124	105	157.638	882	180	169	161	152	143	136	128	118	109	102	1	70	452.090	990.014	0	0	0	3704	0	0	409	0	0	1	62	452.727	988.975	0	0	0	2789	0	0	0	486	0	0	0	0	0
148	148	1731	220.030	1017.841	78	438	825	336	21	51	759	665	198	18	111.213	124	116	114	113	112	111	110	109	108	107	101	136.243	172	152	147	142	139	136	132	129	126	122	106	0	0	0.000	0.000	0	0	0	0	0	0	0	0	0	0	0	0.000	0.000	0	0	0	0	0	0	0	0	0	0	0	0	0
149	149	1630	1464.375	1019.627	275	730	493	98	6	133	488	611	296	66	122.811	140	129	127	126	124	123	121	120	118	116	104	147.182	176	164	160	156	152	148	143	140	135	129	116	0	0	0.000	0.000	0	0	0	0	0	0	0	0	0	0	0	0.000	0.000	0	0	0	0	0	0	0	0	0	0	0	0	0
150	150	1228	89.421	1037.241	86	462	362	246	52	49	444	461	177	69	686.210	1014	900	826	780	755	727	683	618	533	429	189	113.072	129	119	117	115	114	113	112	111	109	107	102	0	0	0.000	0.000	0	0	0	0	0	0	0	0	0	0	0	0.000	0.000	0	0	0	0	0	0	0	0	0	0	0	0	0
151	151	1638	1413.901	1035.641	353	647	464	134	9	296	705	391	177	40	121.117	137	127	125	124	123	121	120	119	117	114	103	142.889	170	157	153	150	147	144	141	137	133	127	106	0	0	0.000	0.000	0	0	0	0	0	0	0	0	0	0	0	0.000	0.000	0	0	0	0	0	0	0	0	0	0	0	0	0
152	152	1026	265.080	1039.962	91	279	307	253	79	191	433	270	92	21	115.177	131	121	119	117	116	115	114	113	112	110	99	130.905	163	146	142	137	134	131	128	124	121	116	99	0	0	0.000	0.000	0	0	0	0	0	0	0	0	0	0	0	0.000	0.000	0	0	0	0	0	0	0	0	0	0	0	0	0
153	153	2448	1503.062	1047.845	363	796	808	380	51	314	882	736	383	85	462.420	13063	442	284	262	248	236	227	214	194	165	114	296.175	7444	309	198	173	162	155	149	142	134	123	104	1	72	1493.171	1045.501	0	0	0	5578	0	0	3113	0	0	1	75	1493.137	1045.885	0	0	0	5260	0	0	0	3113	0	0	0	0	0
154	154	1672	779.174	1060.010	616	717	264	21	17	796	642	164	19	12	565.617	12708	772	306	223	204	195	187	181	173	162	119	181.068	1690	198	156	148	143	139	136	132	128	124	107	1	80	777.759	1067.469	0	0	0	5602	0	0	762	0	0	1	71	778.078	1067.732	0	0	0	6153	0	0	0	845	0	0	0	0	0
155	155	1755	311.025	1068.802	220	362	537	492	111	210	521	709	232	45	880.153	1393	1187	1080	1029	989	935	865	780	685	494	160	146.197	181	165	159	155	152	148	145	140	134	125	103	0	0	0.000	0.000	0	0	0	0	0	0	0	0	0	0	0	0.000	0.000	0	0	0	0	0	0	0	0	0	0	0	0	0
156	156	1981	379.590	1093.864	83	337	838	534	141	92	667	871	284	30	120.017	138	126	124	123	121	120	119	118	116	114	106	209.197	299	265	247	232	221	211	201	189	175	148	111	0	0	0.000	0.000	0	0	0	0	0	0	0	0	0	0	0	0.000	0.000	0	0	0	0	0	0	0	0	0	0	0	0	0
157	157	854	272.478	1094.951	69	245	327	147	49	72	302	322	105	36	121.343	162	129	125	124	122	121	119	118	116	114	108	123.789	145	134	130	127	125	123	121	120	118	115	106	0	0	0.000	0.000	0	0	0	0	0	0	0	0	0	0	0	0.000	0.000	0	0	0	0	0	0	0	0	0	0	0	0	0
158	158	785	1532.417	1092.400	43	174	280	208	66	142	370	156	86	18	118.879	130	124	123	121	120	119	118	117	115	113	104	117.490	134	125	122	120	119	117	116	115	113	111	100	0	0	0.000	0.000	0	0	0	0	0	0	0	0	0	0	0	0.000	0.000	0	0	0	0	0	0	0	0	0	0	0	0	0
159	159	1736	1484.542	1108.948	352	477	619	229	18	284	547	557	260	46	118.734	137	125	123	122	120	119	117	116	114	112	104	118.329	136	127	124	122	120	118	116	115	113	110	100	0	0	0.000	0.000	0	0	0	0	0	0	0	0	0	0	0	0.000	0.000	0	0	0	0	0	0	0	0	0	0	0	0	0
160	160	879	1812.776	1104.380	217	263	220	119	44	206	335	209	82	26	115.085	130	120	118	117	116	115	114	113	112	110	104	168.457	212	194	187	180	173	168	162	157	152	145	115	0	0	0.000	0.000	0	0	0	0	0	0	0	0	0	0	0	0.000	0.000	0	0	0	0	0	0	0	0	0	0	0	0	0
161	161	1304	430.912	1115.927	184	445	405	224	28	138	495	399	156	90	115.107	131	121	119	117	116	115	114	113	111	109	102	139.429	173	154	149	145	142	139	137	134	131	126	102	0	0	0.000	0.000	0	0	0	0	0	0	0	0	0	0	0	0.000	0.000	0	0	0	0	0	0	0	0	0	0	0	0	0
162	162	1276	97.493	1123.877	171	356	451	221	44	186	654	343	59	11	359.075	517	458	435	416	403	390	372	337	281	196	112	115.788	138	124	121	119	118	116	114	113	110	108	100	0	0	0.000	0.000	0	0	0	0	0	0	0	0	0	0	0	0.000	0.000	0	0	0	0	0	0	0	0	0	0	0	0	0
163	163	1532	1217.437	1122.425	137	386	555	361	67	148	589	529	206	25	662.550	1029	886	837	777	727	689	639	588	504	373	190	130.074	155	143	140	137	135	132	128	124	120	114	102	0	0	0.000	0.000	0	0	0	0	0	0	0	0	0	0	0	0.000	0.000	0	0	0	0	0	0	0	0	0	0	0	0	0
164	164	2945	343.474	1145.510	645	863	854	458	80	749	1240	691	184	32	1804.396	14987	2510	2188	1984	1768	1541	1363	1191	972	639	140	184.677	579	230	217	207	198	186	174	160	145	130	101	1	85	363.958	1139.734	0	0	0	9233	0	0	268	0	0	0	0	0.000	0.000	0	0	0	0	0	0	0	0	0	0	0	0	0
165	165	1987	284.419	1139.317	299	383	667	480	130	215	418	671	533	117	1711.753	2598	2301	2174	2066	1929	1774	1631	1489	1313	1010	261	186.934	251	219	212	206	200	194	187	176	164	139	108	0	0	0.000	0.000	0	0	0	0	0	0	0	0	0	0	0	0.000	0.000	0	0	0	0	0	0	0	0	0	0	0	0	0
166	166	1077	472.998	1136.932	115	233	250	276	186	119	265	274	297	101	111.884	124	117	115	114	113	112	111	110	109	107	100	134.695	167	152	146	141	138	135	132	129	124	117	104	0	0	0.000	0.000	0	0	0	0	0	0	0	0	0	0	0	0.000	0.000	0	0	0	0	0	0	0	0	0	0	0	0	0
167	167	569	395.097	1138.579	40	141	167	170	42	59	166	163	127	44	120.355	140	126	124	123	121	120	119	118	116	114	98	195.641	260	236	227	221	213	203	192	180	165	138	114	0	0	0.000	0.000	0	0	0	0	0	0	0	0	0	0	0	0.000	0.000	0	0	0	0	0	0	0	0	0	0	0	0	0
168	168	2328	190.066	1159.998	168	591	876	531	111	151	770	953	331	80	1115.823	19431	1766	497	303	242	220	205	191	172	151	113	215.879	2111	293	160	141	136	132	127	123	119	114	101	1	190	186.467	1154.987	0	0	0	9292	0	0	989	0	0	1	176	186.017	1154.814	0	0	0	10226	0	0	0	1047	0	0	0	0	0
169	169	976	425.794	1162.555	256	238	267	174	18	198	269	310	144	42	116.067	132	122	121	119	117	116	115	113	112	110	102	594.980	909	826	786	748	702	641	573	497	401	273	133	0	0	0.000	0.000	0	0	0	0	0	0	0	0	0	0	0	0.000	0.000	0	0	0	0	0	0	0	0	0	0	0	0	0
170	170	814	1095.677	1170.017	298	202	225	61	16	235	232	202	106	20	183.971	237	215	208	200	194	187	179	172	158	148	114	127.644	151	141	137	133	131	128	125	122	119	115	104	0	0	0.000	0.000	0	0	0	0	0	0	0	0	0	0	0	0.000	0.000	0	0	0	0	0	0	0	0	0	0	0	0	0
171	171	870	1184.654	1167.651	72	197	311	214	53	68	269	354	118	38	151.277	191	170	165	160	156	153	149	144	138	129	107	142.747	172	161	156	153	149	145	140	136	129	120	106	0	0	0.000	0.000	0	0	0	0	0	0	0	0	0	0	0	0.000	0.000	0	0	0	0	0	0	0	0	0	0	0	0	0
172	172	1333	111.891	1179.246	510	596	140	51	15	471	604	156	41	35	343.578	509	442	419	395	373	351	328	298	271	237	143	117.700	138	126	124	121	120	118	116	114	112	109	100	0	0	0.000	0.000	0	0	0	0	0	0	0	0	0	0	0	0.000	0.000	0	0	0	0	0	0	0	0	0	0	0	0	0
173	173	619	1225.044	1175.916	217	161	108	85	39	148	179	109	104	68	150.050	196	172	166	162	158	153	148	142	133	122	109	213.213	309	271	259	247	237	227	214	191	159	127	107	0	0	0.000	0.000	0	0	0	0	0	0	0	0	0	0	0	0.000	0.000	0	0	0	0	0	0	0	0	0	0	0	0	0
174	174	1168	1671.424	1188.953	161	446	354	155	28	141	499	314	165	34	155.277	192	172	167	163	159	156	152	149	144	138	110	182.640	251	219	206	197	189	182	175	168	161	150	115	0	0	0.000	0.000	0	0	0	0	0	0	0	0	0	0	0	0.000	0.000	0	0	0	0	0	0	0	0	0	0	0	0	0
175	175	1739	1843.895	1200.629	717	779	197	11	5	336	742	432	156	34	287.635	404	350	335	325	314	302	288	270	237	192	130	127.514	153	140	136	134	131	129	126	122	119	113	103	0	0	0.000	0.000	0	0	0	0	0	0	0	0	0	0	0	0.000	0.000	0	0	0	0	0	0	0	0	0	0	0	0	0
176	176	1621	324.302	1200.917	143	427	589	366	54	140	619	561	227	39	132.476	443	140	137	134	133	131	129	127	124	119	106	133.429	163	148	144	141	137	134	130	127	123	117	103	1	17	307.053	1206.686	0	0	0	286	0	0	119	0	0	0	0	0.000	0.000	0	0	0	0	0	0	0	0	0	0	0	0	0
177	177	1061	1584.802	1202.180	159	442	327	98	12	104	529	261	122	22	518.577	913	771	695	612	550	509	457	406	350	305	172	128.766	159	143	138	134	131	128	125	123	121	116	105	0	0	0.000	0.000	0	0	0	0	0	0	0	0	0	0	0	0.000	0.000	0	0	0	0	0	0	0	0	0	0	0	0	0
178	178	839	76.532	1206.157	67	249	287	176	42	60	285	295	143	39	146.893	173	161	156	153	151	149	145	142	137	131	110	153.895	193	174	168	163	159	154	150	145	140	134	115	0	0	0.000	0.000	0	0	0	0	0	0	0	0	0	0	0	0.000	0.000	0	0	0	0	0	0	0	0	0	0	0	0	0
179	179	1593	270.906	1216.261	208	532	533	255	28	158	478	566	306	54	307.927	5449	319	223	207	197	189	183	176	170	159	120	131.122	484	141	132	128	125	123	121	119	117	114	104	1	59	258.004	1220.788	0	0	0	2402	0	0	250	0	0	1	51	258.373	1219.674	0	0	0	2200	0	0	0	307	0	0	0	0	0
180	180	1120	194.729	1213.913	162	428	371	104	41	153	445	368	109	30	206.403	483	231	220	215	209	205	201	194	185	172	125	128.677	150	139	136	134	132	130	127	124	121	116	105	0	0	0.000	0.000	0	0	0	0	0	0	0	0	0	0	0	0.000	0.000	0	0	0	0	0	0	0	0	0	0	0	0	0
181	181	1066	110.333	1227.943	63	290	434	198	61	101	371	405	127	41	146.713	174	159	155	152	150	148	146	142	138	132	113	198.798	259	230	223	217	211	205	197	187	175	159	118	0	0	0.000	0.000	0	0	0	0	0	0	0	0	0	0	0	0.000	0.000	0	0	0	0	0	0	0	0	0	0	0	0	0
182	182	2042	164.504	1259.238	145	675	877	259	50	165	877	790	149	30	1984.055	12710	2700	2432	2214	1976	1735	1552	1378	1206	1060	461	143.112	642	153	146	142	138	134	130	125	121	116	99	1	48	179.452	1252.244	0	0	0	8463	0	0	296	0	0	1	68	180.640	1251.542	0	0	0	4958	0	0	0	382	0	0	0	0	0
183	183	1513	1068.974	1251.625	134	466	573	241	68	145	675	434	180	39	325.892	502	417	386	365	346	329	313	294	267	227	141	113.782	132	121	118	117	115	113	112	111	109	107	101	0	0	0.000	0.000	0	0	0	0	0	0	0	0	0	0	0	0.000	0.000	0	0	0	0	0	0	0	0	0	0	0	0	0
184	184	676	1111.064	1250.655	83	162	195	160	55	80	212	221	115	29	306.070	424	367	346	333	320	309	299	287	267	238	169	114.822	130	122	120	117	116	114	113	112	111	109	103	0	0	0.000	0.000	0	0	0	0	0	0	0	0	0	0	0	0.000	0.000	0	0	0	0	0	0	0	0	0	0	0	0	0
185	185	1547	494.207	1262.382	347	413	424	278	58	315	519	455	186	47	117.204	131	123	121	120	119	117	116	115	113	111	102	192.225	253	225	213	207	201	196	190	184	172	151	115	0	0	0.000	0.000	0	0	0	0	0	0	0	0	0	0	0	0.000	0.000	0	0	0	0	0	0	0	0	0	0	0	0	0
186	186	1642	83.691	1267.596	173	563	604	237	35	192	713	521	154	24	272.298	5348	317	202	177	166	158	153	148	142	134	110	197.222	531	239	220	209	198	189	181	175	167	153	116	1	57	86.644	1271.713	0	0	0	2177	0	0	360	0	0	1	24	86.206	1271.317	0	0	0	3915	0	0	0	433	0	0	0	0	0
187	187	1642	346.660	1282.201	130	280	745	364	84	94	324	827	297	72	337.957	6904	373	224	199	188	180	173	167	159	147	108	231.591	779	283	258	244	231	220	209	199	188	173	116	1	60	337.042	1287.561	0	0	0	3130	0	0	497	0	0	1	31	337.625	1286.245	0	0	0	3130	0	0	0	602	0	0	0	0	0
188	188	1615	1682.021	1290.805	175	529	575	275	33	111	625	549	259	39	447.623	5672	495	431	401	375	352	326	302	276	241	147	122.188	363	129	124	122	120	118	116	114	113	110	101	1	48	1675.441	1292.166	0	0	0	2798	0	0	225	0	0	1	42	1675.132	1291.332	0	0	0	2666	0	0	0	242	0	0	0	0	0
189	189	1101	233.587	1284.557	594	360	67	33	27	611	344	73	33	22	280.459	783	450	338	290	261	246	233	218	202	182	134	135.470	238	166	152	143	135	129	124	121	117	113	102	0	0	0.000	0.000	0	0	0	0	0	0	0	0	0	0	0	0.000	0.000	0	0	0	0	0	0	0	0	0	0	0	0	0
190	190	2021	932.430	1287.661	320	497	629	412	122	302	716	580	311	81	2105.778	27684	5471	1099	522	358	290	260	236	214	177	119	579.772	7477	1211	346	226	187	169	155	146	138	126	106	1	253	934.240	1284.831	0	0	0	13926	0	0	2758	0	0	1	213	934.528	1284.896	0	0	0	16075	0	0	0	3377	0	0	0	0	0
191	191	1575	981.695	1295.331	206	608	532	182	21	83	594	583	237	54	283.643	2911	303	281	272	263	256	246	232	214	187	129	163.247	497	183	176	170	165	161	157	151	146	134	108	1	39	976.827	1283.524	0	0	0	1241	0	0	288	0	0	1	19	976.854	1283.550	0	0	0	1949	0	0	0	367	0	0	0	0	0
192	192	1528	154.197	1313.021	149	370	594	315	68	99	433	702	211	55	2054.489	3217	2943	2706	2487	2297	2113	1915	1725	1478	1103	295	135.639	164	152	147	144	140	137	133	129	124	117	98	0	0	0.000	0.000	0	0	0	0	0	0	0	0	0	0	0	0.000	0.000	0	0	0	0	0	0	0	0	0	0	0	0	0
193	193	1654	409.323	1323.698	276	480	518	321	32	230	835	348	195	16	128.152	152	140	136	134	131	129	126	123	119	116	92	197.211	291	245	232	222	211	201	189	176	161	141	112	0	0	0.000	0.000	0	0	0	0	0	0	0	0	0	0	0	0.000	0.000	0	0	0	0	0	0	0	0	0	0	0	0	0
194	194	1891	105.213	1323.317	221	652	697	248	29	189	741	652	205	58	1627.114	10476	2147	1884	1723	1612	1501	1379	1203	1050	856	348	128.124	473	136	130	127	124	121	119	116	114	111	103	1	45	124.353	1325.413	0	0	0	7222	0	0	308	0	0	1	75	125.502	1324.482	0	0	0	4189	0	0	0	285	0	0	0	0	0
195	195	1619	197.139	1335.935	327	578	494	154	34	292	696	433	142	27	156.031	2128	156	137	133	130	128	126	124	122	119	107	133.150	254	157	147	139	133	129	125	122	119	115	102	1	33	199.666	1350.770	0	0	0	819	0	0	172	0	0	1	16	201.230	1350.585	0	0	0	1026	0	0	0	215	0	0	0	0	0
196	196	2541	597.071	1348.552	298	761	880	465	88	260	950	914	315	60	1774.066	23974	2857	821	634	584	536	495	464	425	345	146	180.389	1411	233	137	127	124	121	120	117	115	112	102	1	235	597.133	1359.568	0	0	0	12514	0	0	665	0	0	1	216	597.747	1359.455	0	0	0	13530	0	0	0	736	0	0	0	0	0
197	197	1550	339.096	1336.686	150	306	562	324	177	140	614	561	134	69	179.772	243	213	203	196	189	183	176	168	157	139	108	212.626	309	268	255	242	230	216	202	187	172	151	110	0	0	0.000	0.000	0	0	0	0	0	0	0	0	0	0	0	0.000	0.000	0	0	0	0	0	0	0	0	0	0	0	0	0
198	198	1023	981.825	1345.529	87	268	414	198	34	71	247	433	171	86	220.222	488	255	244	236	228	221	213	203	193	178	132	186.027	260	212	206	201	195	189	183	175	166	154	119	0	0	0.000	0.000	0	0	0	0	0	0	0	0	0	0	0	0.000	0.000	0	0	0	0	0	0	0	0	0	0	0	0	0
199	199	1164	294.254	1352.352	153	443	347	166	29	221	602	251	54	9	120.589	149	128	125	123	121	120	119	117	116	113	105	108.853	123	114	112	111	109	109	108	107	106	104	99	0	0	0.000	0.000	0	0	0	0	0	0	0	0	0	0	0	0.000	0.000	0	0	0	0	0	0	0	0	0	0	0	0	0
200	200	2263	930.917	1357.092	198	649	893	443	36	124	702	956	339	97	976.583	18070	1311	411	295	254	230	217	204	188	169	110	223.585	1573	274	211	193	181	171	164	157	150	139	106	1	163	935.140	1350.946	0	0	0	8674	0	0	757	0	0	1	141	935.673	1350.606	0	0	0	10291	0	0	0	871	0	0	0	0	0
201	201	2109	225.297	1381.925	507	593	508	332	121	562	778	494	211	25	523.358	14479	543	222	165	146	139	134	131	127	121	104	196.177	1211	224	195	185	179	173	168	160	152	139	107	1	98	234.770	1373.284	0	0	0	5933	0	0	581	0	0	1	72	234.990	1373.274	0	0	0	8342	0	0	0	711	0	0	0	0	0
202	202	1802	317.745	1394.674	272	593	602	283	29	251	849	506	138	20	121.025	143	129	126	125	123	121	120	118	116	112	102	108.604	122	114	112	110	109	108	107	106	105	104	98	0	0	0.000	0.000	0	0	0	0	0	0	0	0	0	0	0	0.000	0.000	0	0	0	0	0	0	0	0	0	0	0	0	0
203	203	2513	1378.475	1397.139	271	655	787	616	134	178	784	894	477	136	800.523	15923	925	374	296	279	269	258	244	222	189	134	166.264	1190	175	143	139	136	134	131	128	124	118	104	1	151	1366.115	1390.310	0	0	0	7264	0	0	600	0	0	1	139	1365.969	1390.179	0	0	0	7782	0	0	0	647	0	0	0	0	0
204	204	1666	999.446	1395.220	92	417	727	338	61	82	653	651	187	49	239.277	4578	264	184	168	161	156	152	148	143	136	117	129.248	628	136	128	125	123	121	119	117	115	112	104	1	45	1000.576	1399.899	0	0	0	2023	0	0	296	0	0	1	41	999.099	1399.367	0	0	0	1407	0	0	0	351	0	0	0	0	0
205	205	1144	579.279	1392.840	136	330	348	238	77	98	544	322	131	34	249.658	2373	279	247	234	227	222	214	208	201	186	134	119.392	180	129	125	122	120	118	116	115	113	110	101	1	30	588.818	1399.355	0	0	0	850	0	0	141	0	0	0	0	0.000	0.000	0	0	0	0	0	0	0	0	0	0	0	0	0
206	206	2145	635.768	1410.917	380	530	651	410	132	381	896	571	207	45	2288.310	3615	3042	2885	2751	2630	2471	2224	1951	1686	1238	448	144.855	200	168	160	154	149	145	140	135	129	122	105	0	0	0.000	0.000	0	0	0	0	0	0	0	0	0	0	0	0.000	0.000	0	0	0	0	0	0	0	0	0	0	0	0	0
207	207	1699	542.835	1428.064	282	568	549	253	18	207	643	517	243	57	730.872	14650	945	350	260	240	232	225	217	208	189	131	142.655	908	159	128	124	121	118	117	115	113	110	97	1	100	548.408	1436.328	0	0	0	6642	0	0	419	0	0	1	87	548.481	1436.683	0	0	0	7476	0	0	0	471	0	0	0	0	0
208	208	1037	1873.754	1429.833	423	212	217	138	36	365	277	202	136	41	126.646	154	138	134	131	129	127	125	122	119	115	102	596.093	1038	854	785	721	655	603	558	510	416	305	133	0	0	0.000	0.000	0	0	0	0	0	0	0	0	0	0	0	0.000	0.000	0	0	0	0	0	0	0	0	0	0	0	0	0
209	209	1299	1430.534	1437.449	133	341	421	323	65	106	565	398	163	41	249.962	337	299	287	276	264	254	244	233	215	190	144	131.453	165	147	141	137	134	130	128	125	122	117	103	0	0	0.000	0.000	0	0	0	0	0	0	0	0	0	0	0	0.000	0.000	0	0	0	0	0	0	0	0	0	0	0	0	0
210	210	911	1014.368	1437.366	166	279	293	118	34	155	315	271	128	22	138.227	201	161	150	144	140	136	132	128	125	119	106	212.367	370	292	260	239	225	215	202	184	159	131	107	0	0	0.000	0.000	0	0	0	0	0	0	0	0	0	0	0	0.000	0.000	0	0	0	0	0	0	0	0	0	0	0	0	0
211	211	2035	1066.334	1457.826	270	664	681	351	29	269	726	697	246	54	1903.954	21028	3203	1222	1082	1010	946	884	808	718	561	201	194.722	1607	263	154	141	136	132	128	124	121	116	104	1	173	1059.455	1464.043	0	0	0	11329	0	0	750	0	0	1	160	1059.217	1463.489	0	0	0	12139	0	0	0	818	0	0	0	0	0
212	212	2699	650.460	1476.711	2152	290	132	66	36	2179	311	114	56	21	175.940	826	222	201	178	164	150	139	131	125	120	106	168.721	381	300	240	194	150	125	118	114	111	109	99	0	0	0.000	0.000	0	0	0	0	0	0	0	0	0	0	0	0.000	0.000	0	0	0	0	0	0	0	0	0	0	0	0	0
213	213	1609	1919.749	1466.204	390	478	482	228	10	263	545	464	272	41	410.507	9768	481	255	210	190	179	170	161	151	137	111	423.730	5528	533	405	366	335	310	287	262	230	187	116	1	57	1919.017	1462.650	0	0	0	4519	0	0	2472	0	0	1	58	1919.475	1462.642	0	0	0	4519	0	0	0	2575	0	0	0	0	0
214	214	1848	1044.333	1505.988	272	397	633	356	151	219	672	610	243	66	1005.531	1655	1462	1326	1209	1089	1003	923	834	723	528	238	132.278	175	153	145	139	134	130	127	124	120	114	102	0	0	0.000	0.000	0	0	0	0	0	0	0	0	0	0	0	0.000	0.000	0	0	0	0	0	0	0	0	0	0	0	0	0
215	215	1666	1300.468	1513.377	102	326	706	407	98	61	540	741	247	35	358.504	8562	380	218	188	178	171	164	157	151	145	123	164.702	975	175	160	155	151	148	145	142	138	134	109	1	62	1287.208	1518.175	0	0	0	3497	0	0	481	0	0	1	47	1287.880	1517.878	0	0	0	4106	0	0	0	559	0	0	0	0	0
216	216	1053	1169.955	1524.291	204	315	338	146	38	160	359	362	127	25	321.009	494	406	373	349	331	317	304	288	273	248	148	109.279	132	117	113	110	109	108	107	106	105	104	99	0	0	0.000	0.000	0	0	0	0	0	0	0	0	0	0	0	0.000	0.000	0	0	0	0	0	0	0	0	0	0	0	0	0
217	217	1238	1354.693	1522.352	131	372	379	265	63	101	484	363	197	73	183.341	288	203	196	192	188	184	180	175	170	161	117	147.446	185	163	157	154	151	148	146	142	137	131	109	0	0	0.000	0.000	0	0	0	0	0	0	0	0	0	0	0	0.000	0.000	0	0	0	0	0	0	0	0	0	0	0	0	0
218	218	1075	1095.262	1526.903	323	304	214	165	55	292	350	294	114	8	122.301	140	130	127	125	124	122	121	119	117	114	105	316.583	481	433	407	376	347	322	298	272	231	182	124	0	0	0.000	0.000	0	0	0	0	0	0	0	0	0	0	0	0.000	0.000	0	0	0	0	0	0	0	0	0	0	0	0	0
219	219	1049	1872.956	1536.446	119	354	389	137	28	97	387	378	139	28	156.933	191	173	168	164	161	158	154	151	146	140	116	171.806	219	199	191	185	179	173	168	161	152	143	115	0	0	0.000	0.000	0	0	0	0	0	0	0	0	0	0	0	0.000	0.000	0	0	0	0	0	0	0	0	0	0	0	0	0
220	220	1466	811.002	1538.317	41	321	613	373	94	46	442	655	237	55	470.438	631	566	535	514	495	478	459	439	415	369	160	116.750	134	123	121	119	118	117	115	114	113	110	96	0	0	0.000	0.000	0	0	0	0	0	0	0	0	0	0	0	0.000	0.000	0	0	0	0	0	0	0	0	0	0	0	0	0
221	221	1358	459.530	1541.316	195	419	474	185	61	148	479	558	106	44	607.214	878	776	731	699	670	637	589	537	486	392	218	119.543	141	127	125	123	121	120	118	117	114	111	101	0	0	0.000	0.000	0	0	0	0	0	0	0	0	0	0	0	0.000	0.000	0	0	0	0	0	0	0	0	0	0	0	0	0
222	222	1847	509.710	1557.308	207	505	584	416	96	240	643	620	263	44	598.491	1007	792	739	689	640	595	556	512	464	399	227	119.089	139	127	125	123	121	119	117	116	113	111	102	0	0	0.000	0.000	0	0	0	0	0	0	0	0	0	0	0	0.000	0.000	0	0	0	0	0	0	0	0	0	0	0	0	0
223	223	849	1206.741	1550.559	100	312	251	134	33	139	356	204	113	20	568.749	9559	719	354	306	285	273	263	250	232	208	149	165.343	1354	186	146	139	135	132	129	126	123	117	103	0	0	0.000	0.000	0	0	0	0	0	0	0	0	0	0	0	0.000	0.000	0	0	0	0	0	0	0	0	0	0	0	0	0
224	224	1065	1137.905	1552.515	193	415	292	115	24	181	422	270	134	32	309.713	445	394	368	346	328	307	292	275	256	234	130	110.535	127	117	115	113	111	110	109	107	106	105	98	0	0	0.000	0.000	0	0	0	0	0	0	0	0	0	0	0	0.000	0.000	0	0	0	0	0	0	0	0	0	0	0	0	0
225	225	2030	1058.166	1564.491	196	442	724	474	161	170	706	755	253	97	1693.776	2558	2350	2179	2018	1854	1713	1601	1483	1275	942	346	167.561	216	195	187	181	175	169	163	157	149	137	109	0	0	0.000	0.000	0	0	0	0	0	0	0	0	0	0	0	0.000	0.000	0	0	0	0	0	0	0	0	0	0	0	0	0
226	226	2677	902.882	1576.535	2093	309	154	80	29	1957	311	220	119	47	1289.442	20989	1885	476	316	275	256	238	203	144	126	114	286.924	2716	400	237	210	195	184	172	146	116	107	100	1	231	910.888	1577.402	0	0	0	10656	0	0	1316	0	0	1	214	910.882	1577.245	0	0	0	11812	0	0	0	1393	0	0	0	0	0
227	227	1576	840.717	1577.548	329	796	376	28	4	157	561	613	183	31	622.569	11112	821	397	310	278	261	252	241	226	202	134	134.038	550	148	130	125	123	121	119	117	115	112	103	1	83	844.952	1566.293	0	0	0	5449	0	0	303	0	0	1	74	845.126	1565.795	0	0	0	6031	0	0	0	332	0	0	0	0	0
228	228	1100	1174.947	1581.213	121	310	440	178	30	94	463	377	128	18	246.451	313	286	276	269	261	252	241	229	217	202	151	126.316	151	137	133	131	128	126	124	121	119	116	107	0	0	0.000	0.000	0	0	0	0	0	0	0	0	0	0	0	0.000	0.000	0	0	0	0	0	0	0	0	0	0	0	0	0
229	229	970	1114.117	1586.050	194	278	295	136	52	146	398	302	95	13	122.993	138	129	127	125	124	123	122	120	119	117	108	368.777	506	464	441	420	400	381	360	337	307	255	118	0	0	0.000	0.000	0	0	0	0	0	0	0	0	0	0	0	0.000	0.000	0	0	0	0	0	0	0	0	0	0	0	0	0
230	230	1373	739.234	1598.387	204	513	479	136	21	157	544	483	123	32	882.137	1427	1154	1040	977	925	882	833	793	730	611	261	109.888	127	117	113	112	110	109	108	107	106	105	98	0	0	0.000	0.000	0	0	0	0	0	0	0	0	0	0	0	0.000	0.000	0	0	0	0	0	0	0	0	0	0	0	0	0
231	231	1409	86.143	1611.266	206	475	392	276	49	212	545	409	187	34	282.480	381	345	331	317	305	294	278	260	233	202	117	125.290	153	139	134	130	128	125	123	120	117	112	102	0	0	0.000	0.000	0	0	0	0	0	0	0	0	0	0	0	0.000	0.000	0	0	0	0	0	0	0	0	0	0	0	0	0
232	232	1795	1078.270	1613.558	523	659	393	160	35	498	774	362	100	30	125.769	164	135	132	129	127	126	124	122	120	117	105	456.698	670	598	555	524	503	481	449	403	362	279	149	0	0	0.000	0.000	0	0	0	0	0	0	0	0	0	0	0	0.000	0.000	0	0	0	0	0	0	0	0	0	0	0	0	0
233	233	1765	630.797	1621.684	318	620	546	220	28	318	896	398	107	14	126.544	151	137	133	131	128	126	124	122	120	117	104	194.172	295	247	229	214	201	190	182	172	161	147	114	0	0	0.000	0.000	0	0	0	0	0	0	0	0	0	0	0	0.000	0.000	0	0	0	0	0	0	0	0	0	0	0	0	0
234	234	583	1731.892	1617.939	462	54	37	15	9	397	81	38	31	29	168.094	223	202	194	187	178	170	160	151	142	131	118	276.950	537	396	375	347	316	287	250	206	168	142	110	0	0	0.000	0.000	0	0	0	0	0	0	0	0	0	0	0	0.000	0.000	0	0	0	0	0	0	0	0	0	0	0	0	0
235	235	803	1031.658	1620.758	355	195	133	84	29	211	167	207	157	44	155.341	393	180	167	160	156	151	146	141	134	128	109	210.435	382	258	244	232	222	211	198	187	175	156	122	1	12	1037.908	1618.777	0	0	0	328	0	0	325	0	0	0	0	0.000	0.000	0	0	0	0	0	0	0	0	0	0	0	0	0
236	236	1145	808.786	1627.472	102	318	408	240	47	86	398	425	158	51	501.010	765	661	625	595	557	517	475	437	392	309	151	127.246	156	141	137	134	130	127	124	121	117	113	101	0	0	0.000	0.000	0	0	0	0	0	0	0	0	0	0	0	0.000	0.000	0	0	0	0	0	0	0	0	0	0	0	0	0
237	237	909	988.666	1624.941	394	182	122	127	71	268	174	227	169	49	275.040	2902	419	242	201	183	169	158	150	140	127	112	234.823	1256	331	251	226	208	196	185	172	155	131	110	1	53	989.301	1622.911	0	0	0	1359	0	0	656	0	0	1	52	989.324	1623.916	0	0	0	1383	0	0	0	758	0	0	0	0	0
238	238	1709	881.457	1633.743	176	519	593	315	83	263	845	385	150	30	482.356	12598	444	207	192	185	179	173	167	159	150	113	142.614	864	145	136	132	129	126	124	122	119	116	105	1	72	874.170	1647.504	0	0	0	5618	0	0	424	0	0	1	60	874.479	1647.668	0	0	0	6465	0	0	0	461	0	0	0	0	0
239	239	1029	765.140	1631.818	66	247	310	249	142	72	476	270	137	55	269.000	366	313	299	288	280	273	265	254	240	218	150	107.059	121	112	110	108	107	107	106	105	104	103	98	0	0	0.000	0.000	0	0	0	0	0	0	0	0	0	0	0	0.000	0.000	0	0	0	0	0	0	0	0	0	0	0	0	0
240	240	613	674.577	1633.112	111	194	178	98	12	56	190	212	113	32	119.690	134	125	123	122	121	120	119	117	116	114	108	162.016	214	188	174	169	165	161	158	153	148	141	115	0	0	0.000	0.000	0	0	0	0	0	0	0	0	0	0	0	0.000	0.000	0	0	0	0	0	0	0	0	0	0	0	0	0
241	241	2545	1216.701	1661.563	1612	536	230	111	36	1594	516	223	122	60	250.284	16509	240	185	155	141	131	126	123	120	117	104	161.107	2652	197	173	145	130	117	112	110	108	107	100	0	0	0.000	0.000	0	0	0	0	0	0	0	0	0	0	0	0.000	0.000	0	0	0	0	0	0	0	0	0	0	0	0	0
242	242	1411	844.731	1664.901	397	400	337	227	18	248	391	319	341	83	165.907	944	182	174	169	164	159	155	150	145	137	114	121.493	197	135	129	125	122	119	117	115	113	111	102	1	21	834.131	1663.909	0	0	0	536	0	0	154	0	0	0	0	0.000	0.000	0	0	0	0	0	0	0	0	0	0	0	0	0
243	243	654	1067.135	1659.070	361	136	73	48	27	351	149	64	32	45	142.561	209	189	181	169	153	137	118	112	109	107	101	122.440	162	147	143	136	128	117	110	107	106	104	96	0	0	0.000	0.000	0	0	0	0	0	0	0	0	0	0	0	0.000	0.000	0	0	0	0	0	0	0	0	0	0	0	0	0
244	244	1445	1019.626	1668.084	122	343	449	376	124	103	555	462	244	62	178.594	1223	193	181	176	171	167	162	158	152	144	113	132.604	234	149	144	139	134	131	128	124	121	116	104	1	32	1019.215	1671.477	0	0	0	616	0	0	187	0	0	0	0	0.000	0.000	0	0	0	0	0	0	0	0	0	0	0	0	0
245	245	1618	754.107	1679.893	228	503	464	303	88	251	650	419	227	36	285.122	408	346	329	314	301	290	277	261	242	217	141	110.177	127	116	114	112	111	110	109	107	106	105	98	0	0	0.000	0.000	0	0	0	0	0	0	0	0	0	0	0	0.000	0.000	0	0	0	0	0	0	0	0	0	0	0	0	0
246	246	2118	900.844	1678.977	1361	637	40	24	19	1232	753	48	28	25	1602.257	22841	2703	577	441	405	377	354	334	306	252	136	177.724	1435	241	132	119	116	114	113	111	110	108	99	1	207	893.978	1669.779	0	0	0	11633	0	0	631	0	0	1	186	893.764	1670.336	0	0	0	12548	0	0	0	742	0	0	0	0	0
247	247	1117	181.623	1690.135	184	351	343	196	23	242	444	282	105	17	206.590	2629	223	172	165	160	157	154	151	146	138	109	167.321	558	186	177	170	165	161	157	152	147	138	111	1	35	178.671	1701.535	0	0	0	1132	0	0	316	0	0	1	25	179.562	1700.524	0	0	0	777	0	0	0	390	0	0	0	0	0
248	248	1600	1849.094	1695.908	393	537	467	145	26	330	562	475	172	36	924.386	8049	1190	1019	937	868	814	761	716	632	504	263	139.856	785	145	137	134	131	128	126	123	120	116	103	1	55	1831.736	1685.521	0	0	0	4505	0	0	465	0	0	1	66	1831.953	1685.585	0	0	0	3804	0	0	0	433	0	0	0	0	0
249	249	1833	1068.223	1701.637	169	586	688	319	32	117	609	773	251	47	585.403	14051	624	245	202	192	185	178	172	166	153	123	161.718	1132	167	146	142	139	136	133	131	127	122	106	1	89	1052.818	1705.068	0	0	0	6506	0	0	561	0	0	1	85	1053.139	1704.553	0	0	0	6693	0	0	0	591	0	0	0	0	0
250	250	1139	269.887	1707.981	153	346	320	235	54	142	387	341	184	57	115.354	132	121	119	118	116	115	114	113	112	110	103	116.945	140	125	122	120	119	117	116	114	112	109	98	0	0	0.000	0.000	0	0	0	0	0	0	0	0	0	0	0	0.000	0.000	0	0	0	0	0	0	0	0	0	0	0	0	0
251	251	1816	1014.555	1718.886	171	381	639	450	142	191	624	633	259	80	410.403	641	554	514	479	449	417	385	348	308	257	157	108.083	127	114	111	110	108	107	106	106	105	103	98	0	0	0.000	0.000	0	0	0	0	0	0	0	0	0	0	0	0.000	0.000	0	0	0	0	0	0	0	0	0	0	0	0	0
252	252	2107	782.965	1727.423	149	585	851	427	49	146	590	955	313	64	114.924	131	122	119	117	116	115	113	112	111	109	101	332.336	527	466	427	391	362	327	293	267	244	218	119	0	0	0.000	0.000	0	0	0	0	0	0	0	0	0	0	0	0.000	0.000	0	0	0	0	0	0	0	0	0	0	0	0	0
253	253	2312	1243.806	1727.507	1905	302	51	23	14	1869	324	66	16	18	391.935	1574	1136	718	369	189	159	152	145	136	125	105	147.612	252	213	195	177	148	125	116	113	111	108	101	0	0	0.000	0.000	0	0	0	0	0	0	0	0	0	0	0	0.000	0.000	0	0	0	0	0	0	0	0	0	0	0	0	0
254	254	1661	954.284	1722.486	135	353	574	405	163	65	431	746	274	118	412.690	3218	503	456	430	404	388	368	344	316	280	168	112.834	255	117	114	113	112	111	110	109	108	107	100	1	31	932.505	1710.176	0	0	0	1717	0	0	168	0	0	1	34	933.249	1710.211	0	0	0	1621	0	0	0	175	0	0	0	0	0
255	255	2403	1123.269	1733.943	380	751	823	348	49	365	1013	714	219	45	357.261	7169	372	237	223	216	210	203	193	179	159	121	208.466	1217	230	215	207	198	191	183	175	166	151	116	1	83	1135.850	1735.432	0	0	0	3585	0	0	649	0	0	1	67	1136.017	1734.574	0	0	0	3737	0	0	0	729	0	0	0	0	0
256	256	1299	1191.130	1732.621	131	280	348	336	180	133	344	426	313	64	898.750	1305	1148	1064	1025	983	926	874	838	751	578	244	109.370	123	114	112	111	110	109	108	107	107	105	99	0	0	0.000	0.000	0	0	0	0	0	0	0	0	0	0	0	0.000	0.000	0	0	0	0	0	0	0	0	0	0	0	0	0
257	257	2137	312.158	1740.669	312	739	694	312	40	227	1053	554	249	22	453.740	2315	617	557	506	464	432	402	370	338	289	151	117.611	247	127	123	120	118	116	114	112	110	108	101	1	20	305.217	1752.693	0	0	0	1487	0	0	195	0	0	1	26	303.956	1752.982	0	0	0	1063	0	0	0	192	0	0	0	0	0
258	258	1227	1910.557	1745.139	128	386	485	171	31	205	707	239	44	10	120.287	182	133	126	122	120	118	116	115	114	112	104	140.059	194	163	154	147	142	137	133	130	127	122	107	0	0	0.000	0.000	0	0	0	0	0	0	0	0	0	0	0	0.000	0.000	0	0	0	0	0	0	0	0	0	0	0	0	0
259	259	2434	916.062	1755.252	524	672	707	429	60	430	923	693	299	54	118.452	139	126	124	122	120	119	117	115	113	110	102	354.948	577	474	437	413	393	372	348	315	263	199	128	0	0	0.000	0.000	0	0	0	0	0	0	0	0	0	0	0	0.000	0.000	0	0	0	0	0	0	0	0	0	0	0	0	0
260	260	1858	257.193	1757.361	453	726	459	137	44	446	892	387	85	13	118.367	135	125	123	121	120	119	117	116	113	111	102	118.834	142	129	125	123	121	119	117	114	112	110	102	0	0	0.000	0.000	0	0	0	0	0	0	0	0	0	0	0	0.000	0.000	0	0	0	0	0	0	0	0	0	0	0	0	0
261	261	1972	1064.795	1752.763	199	501	611	439	188	214	885	524	283	33	372.447	544	472	451	427	403	384	365	339	304	243	137	108.888	132	115	112	110	109	108	107	106	105	104	99	0	0	0.000	0.000	0	0	0	0	0	0	0	0	0	0	0	0.000	0.000	0	0	0	0	0	0	0	0	0	0	0	0	0
262	262	640	987.684	1755.167	96	131	163	161	72	76	158	200	142	54	313.789	435	390	369	352	333	317	300	283	263	236	148	110.019	120	114	113	112	111	110	109	108	107	106	101	0	0	0.000	0.000	0	0	0	0	0	0	0	0	0	0	0	0.000	0.000	0	0	0	0	0	0	0	0	0	0	0	0	0
263	263	971	205.874	1760.223	119	306	285	212	38	122	411	278	124	17	116.683	147	125	120	118	117	116	115	113	112	110	104	111.055	126	117	115	113	112	110	109	108	107	106	100	0	0	0.000	0.000	0	0	0	0	0	0	0	0	0	0	0	0.000	0.000	0	0	0	0	0	0	0	0	0	0	0	0	0
264	264	1323	1869.979	1770.613	275	538	390	86	15	204	524	361	165	41	116.482	135	123	121	119	118	116	115	114	112	110	102	141.323	182	160	155	150	145	141	137	133	128	123	110	0	0	0.000	0.000	0	0	0	0	0	0	0	0	0	0	0	0.000	0.000	0	0	0	0	0	0	0	0	0	0	0	0	0
265	265	1426	373.004	1787.167	176	425	451	289	59	131	583	456	184	40	690.601	6416	841	646	600	567	540	514	489	450	375	221	132.921	683	145	125	121	119	117	116	114	112	110	100	1	59	383.564	1789.622	0	0	0	3225	0	0	343	0	0	1	63	383.815	1790.351	0	0	0	3206	0	0	0	365	0	0	0	0	0
266	266	1632	1343.386	1787.559	365	480	459	263	41	305	555	504	200	45	538.117	11991	688	281	226	208	195	184	169	154	138	108	146.102	808	158	141	136	133	130	126	123	118	113	101	1	77	1339.448	1778.893	0	0	0	5632	0	0	413	0	0	1	67	1339.691	1778.608	0	0	0	6121	0	0	0	463	0	0	0	0	0
267	267	1856	480.908	1797.381	280	670	612	238	30	346	928	441	98	9	845.046	1240	1110	1046	1006	950	877	805	738	664	536	188	118.084	146	129	124	122	119	117	115	113	111	109	98	0	0	0.000	0.000	0	0	0	0	0	0	0	0	0	0	0	0.000	0.000	0	0	0	0	0	0	0	0	0	0	0	0	0
268	268	1797	160.565	1787.666	337	665	504	223	29	190	630	527	325	104	115.945	131	122	120	118	117	116	115	114	112	110	102	109.885	128	115	113	112	111	110	109	108	106	105	98	0	0	0.000	0.000	0	0	0	0	0	0	0	0	0	0	0	0.000	0.000	0	0	0	0	0	0	0	0	0	0	0	0	0
269	269	1898	324.453	1793.793	178	601	685	338	57	133	634	701	305	92	787.470	11745	946	510	464	431	402	379	356	325	274	140	146.783	1020	155	124	120	118	116	115	113	111	108	99	1	108	329.465	1780.513	0	0	0	6022	0	0	530	0	0	1	118	330.007	1780.551	0	0	0	5614	0	0	0	505	0	0	0	0	0
270	270	1571	223.288	1802.167	185	417	564	306	64	142	600	559	198	35	1002.895	1516	1257	1183	1129	1088	1043	990	923	826	683	276	118.670	138	126	124	122	120	119	117	115	113	111	100	0	0	0.000	0.000	0	0	0	0	0	0	0	0	0	0	0	0.000	0.000	0	0	0	0	0	0	0	0	0	0	0	0	0
271	271	2134	956.299	1805.521	417	725	711	200	40	402	812	589	252	43	119.032	136	127	124	123	121	119	117	116	114	111	101	332.761	577	466	408	377	354	329	310	285	254	205	125	0	0	0.000	0.000	0	0	0	0	0	0	0	0	0	0	0	0.000	0.000	0	0	0	0	0	0	0	0	0	0	0	0	0
272	272	770	1007.541	1798.440	96	260	198	141	56	92	282	203	114	58	183.562	235	210	202	197	192	186	181	176	165	148	120	181.296	225	208	202	198	192	186	179	170	159	147	117	0	0	0.000	0.000	0	0	0	0	0	0	0	0	0	0	0	0.000	0.000	0	0	0	0	0	0	0	0	0	0	0	0	0
273	273	1551	1058.307	1802.992	256	369	431	306	165	245	650	387	191	54	219.926	2442	282	192	168	158	154	148	144	139	132	107	231.701	364	279	264	253	243	232	223	213	199	177	121	1	89	1049.526	1807.113	0	0	0	1005	0	0	304	0	0	0	0	0.000	0.000	0	0	0	0	0	0	0	0	0	0	0	0	0
274	274	1205	1679.322	1811.736	133	405	367	226	49	134	524	342	137	52	754.736	12636	1270	458	292	230	205	189	173	157	140	113	204.895	1678	282	186	162	152	146	140	133	124	115	103	1	88	1679.398	1811.372	0	0	0	5620	0	0	736	0	0	1	80	1679.258	1810.902	0	0	0	6160	0	0	0	818	0	0	0	0	0
275	275	1562	586.843	1822.123	216	429	503	316	71	227	670	431	183	23	241.287	3365	272	220	209	203	196	190	182	170	154	120	127.778	436	136	130	127	125	123	121	119	116	113	103	1	31	584.802	1815.158	0	0	0	1688	0	0	291	0	0	1	33	584.864	1814.880	0	0	0	1479	0	0	0	284	0	0	0	0	0
276	276	1739	275.126	1818.569	328	680	515	157	18	267	720	463	222	39	797.031	12559	986	581	516	474	446	417	392	362	320	170	147.637	997	168	132	126	123	120	118	116	113	110	100	1	89	269.626	1808.681	0	0	0	5569	0	0	507	0	0	1	89	269.627	1808.361	0	0	0	5569	0	0	0	507	0	0	0	0	0
277	277	855	1157.059	1822.643	133	320	267	105	15	41	378	299	109	18	156.737	179	169	166	163	161	158	155	152	148	142	121	136.891	169	152	148	145	141	138	134	130	126	120	104	0	0	0.000	0.000	0	0	0	0	0	0	0	0	0	0	0	0.000	0.000	0	0	0	0	0	0	0	0	0	0	0	0	0
278	278	1786	522.408	1835.370	230	558	642	276	51	178	557	719	231	68	1353.602	16132	1862	890	820	781	744	702	658	595	489	215	178.213	1352	221	143	138	134	131	128	125	122	117	101	1	128	531.156	1839.546	0	0	0	8546	0	0	686	0	0	1	122	531.050	1839.586	0	0	0	8871	0	0	0	696	0	0	0	0	0
279	279	1711	390.181	1842.588	299	547	540	254	40	423	725	375	128	24	1781.537	20090	3323	1181	879	784	718	653	566	475	359	174	302.819	3365	515	195	149	135	129	124	120	116	111	100	1	175	390.866	1847.154	0	0	0	10036	0	0	1443	0	0	1	163	391.121	1847.069	0	0	0	11294	0	0	0	1667	0	0	0	0	0
280	280	1301	876.337	1835.836	156	467	547	91	10	46	308	646	224	55	285.538	431	349	326	314	303	291	274	260	240	213	138	109.510	128	116	113	111	110	109	108	107	106	104	98	0	0	0.000	0.000	0	0	0	0	0	0	0	0	0	0	0	0.000	0.000	0	0	0	0	0	0	0	0	0	0	0	0	0
281	281	1867	186.276	1837.756	166	444	548	453	211	184	552	634	373	80	1736.678	17340	2710	1425	1182	1077	1008	919	816	735	607	268	155.758	894	209	136	125	121	118	116	114	111	108	100	1	139	187.607	1829.737	0	0	0	10026	0	0	516	0	0	1	165	187.979	1829.909	0	0	0	8401	0	0	0	471	0	0	0	0	0
282	282	1816	1022.621	1838.622	272	520	644	315	39	206	619	649	274	35	717.257	12347	1137	461	332	290	265	247	229	207	180	126	254.441	1931	299	235	221	212	202	191	178	166	148	116	1	117	1031.558	1831.070	0	0	0	5624	0	0	952	0	0	1	100	1031.819	1830.722	0	0	0	6444	0	0	0	1063	0	0	0	0	0
283	283	709	429.660	1833.696	96	213	226	125	36	75	327	191	84	19	614.221	949	842	778	724	675	628	570	507	455	393	195	120.536	141	130	127	125	123	120	118	116	114	112	104	0	0	0.000	0.000	0	0	0	0	0	0	0	0	0	0	0	0.000	0.000	0	0	0	0	0	0	0	0	0	0	0	0	0
284	284	1393	132.203	1843.229	175	368	406	290	128	205	660	312	170	19	2802.339	4662	4047	3613	3335	3162	2959	2698	2312	1879	1385	649	124.989	150	139	135	132	129	126	122	119	114	110	100	0	0	0.000	0.000	0	0	0	0	0	0	0	0	0	0	0	0.000	0.000	0	0	0	0	0	0	0	0	0	0	0	0	0
285	285	533	1719.792	1837.741	27	160	226	88	21	42	188	208	65	18	162.959	188	175	171	169	166	164	161	159	155	149	133	138.794	162	150	147	145	142	140	137	134	130	126	109	0	0	0.000	0.000	0	0	0	0	0	0	0	0	0	0	0	0.000	0.000	0	0	0	0	0	0	0	0	0	0	0	0	0
286	286	1390	1511.878	1850.977	339	453	418	130	22	207	358	434	263	102	120.570	138	128	126	124	122	121	119	117	115	113	105	153.421	199	178	172	165	159	154	149	143	136	128	107	0	0	0.000	0.000	0	0	0	0	0	0	0	0	0	0	0	0.000	0.000	0	0	0	0	0	0	0	0	0	0	0	0	0
287	287	2515	1641.354	1867.664	581	569	722	508	91	525	660	751	493	55	1627.913	22920	3003	566	260	238	226	217	207	190	164	121	437.715	5099	647	255	235	222	211	200	188	174	153	107	1	281	1640.237	1876.282	0	0	0	10923	0	0	1877	0	0	1	220	1640.512	1876.163	0	0	0	15646	0	0	0	2572	0	0	0	0	0
288	288	1088	321.078	1845.336	167	298	343	209	56	90	279	372	255	69	350.002	552	468	428	396	370	346	326	302	274	235	141	113.668	131	121	119	116	115	113	112	110	109	107	101	0	0	0.000	0.000	0	0	0	0	0	0	0	0	0	0	0	0.000	0.000	0	0	0	0	0	0	0	0	0	0	0	0	0
289	289	2635	1580.130	1859.662	414	646	907	517	101	348	982	918	316	24	332.522	8335	310	238	222	214	207	200	192	181	163	114	206.467	1130	242	220	210	201	195	187	180	168	149	111	1	70	1596.230	1861.083	0	0	0	3711	0	0	639	0	0	1	56	1596.404	1860.942	0	0	0	4242	0	0	0	694	0	0	0	0	0
290	290	1370	838.967	1866.092	151	368	410	303	120	157	448	429	239	80	264.169	399	346	313	293	276	261	245	230	214	193	135	109.486	133	118	113	111	109	108	107	106	105	104	98	0	0	0.000	0.000	0	0	0	0	0	0	0	0	0	0	0	0.000	0.000	0	0	0	0	0	0	0	0	0	0	0	0	0
291	291	2229	928.266	1873.555	409	495	735	438	119	362	839	659	251	76	300.306	6084	299	230	219	209	200	191	179	164	145	115	225.276	648	289	268	249	234	220	208	194	179	156	112	1	64	928.518	1886.082	0	0	0	2738	0	0	360	0	0	1	19	929.531	1884.790	0	0	0	3301	0	0	0	541	0	0	0	0	0
292	292	1660	1696.922	1870.348	188	597	546	271	23	149	691	557	212	21	344.620	7608	381	224	194	183	176	170	163	158	151	121	142.822	511	157	146	141	137	134	131	129	126	121	103	1	56	1686.685	1870.728	0	0	0	3633	0	0	319	0	0	1	55	1687.047	1869.774	0	0	0	2688	0	0	0	320	0	0	0	0	0
293	293	1776	480.496	1874.514	1012	648	44	28	20	1247	438	24	21	18	116.063	160	122	120	118	117	116	114	113	112	110	102	148.286	188	168	162	158	154	150	146	142	135	125	103	0	0	0.000	0.000	0	0	0	0	0	0	0	0	0	0	0	0.000	0.000	0	0	0	0	0	0	0	0	0	0	0	0	0
294	294	1186	604.978	1870.006	233	289	297	256	88	172	396	365	187	45	362.987	514	446	421	405	391	376	360	339	310	254	144	120.205	142	130	127	124	122	120	118	116	114	111	104	0	0	0.000	0.000	0	0	0	0	0	0	0	0	0	0	0	0.000	0.000	0	0	0	0	0	0	0	0	0	0	0	0	0
295	295	1304	425.115	1873.902	120	389	390	287	92	93	474	480	186	50	115.590	135	122	119	118	116	115	114	113	112	110	102	139.926	169	152	149	146	143	141	138	135	132	126	107	0	0	0.000	0.000	0	0	0	0	0	0	0	0	0	0	0	0.000	0.000	0	0	0	0	0	0	0	0	0	0	0	0	0
296	296	2648	227.239	1889.691	471	867	870	343	52	577	1232	605	153	20	2801.249	4825	4293	3936	3618	3316	2963	2519	2069	1612	1096	259	125.033	157	141	137	133	129	125	121	117	114	109	100	0	0	0.000	0.000	0	0	0	0	0	0	0	0	0	0	0	0.000	0.000	0	0	0	0	0	0	0	0	0	0	0	0	0
297	297	2577	158.775	1896.145	292	833	779	520	107	316	1051	813	306	44	2697.407	4874	3990	3523	3219	2969	2736	2461	2155	1828	1451	299	123.113	150	136	132	129	126	123	120	117	114	111	102	0	0	0.000	0.000	0	0	0	0	0	0	0	0	0	0	0	0.000	0.000	0	0	0	0	0	0	0	0	0	0	0	0	0
298	298	546	877.628	1880.756	59	141	163	142	35	82	144	132	109	69	200.474	258	233	225	217	212	204	198	190	176	158	133	108.185	122	114	112	110	109	108	107	106	104	103	99	0	0	0.000	0.000	0	0	0	0	0	0	0	0	0	0	0	0.000	0.000	0	0	0	0	0	0	0	0	0	0	0	0	0
299	299	674	1738.238	1894.351	151	228	156	101	30	105	199	220	114	26	181.515	351	227	197	188	180	173	167	164	157	148	126	132.942	159	143	140	138	136	134	131	129	126	122	107	0	0	0.000	0.000	0	0	0	0	0	0	0	0	0	0	0	0.000	0.000	0	0	0	0	0	0	0	0	0	0	0	0	0
300	300	1336	386.159	1904.120	162	361	417	250	119	242	573	366	129	8	158.722	191	176	172	168	164	161	157	151	145	137	118	117.922	136	126	123	121	120	118	117	115	113	109	101	0	0	0.000	0.000	0	0	0	0	0	0	0	0	0	0	0	0.000	0.000	0	0	0	0	0	0	0	0	0	0	0	0	0
301	301	2289	1668.686	1916.686	289	695	731	472	62	193	618	740	537	153	655.009	6156	1713	649	385	288	253	232	214	194	172	137	233.846	1361	404	214	183	169	163	159	153	147	140	110	1	288	1676.315	1913.711	0	0	0	2749	0	0	606	0	0	1	220	1676.213	1912.776	0	0	0	3279	0	0	0	748	0	0	0	0	0
302	302	1914	903.874	1923.288	438	490	540	346	74	348	634	562	270	51	707.801	10085	1269	398	269	232	212	193	178	161	144	109	228.850	1083	287	237	220	205	194	185	172	157	139	113	1	173	895.371	1916.160	0	0	0	5026	0	0	519	0	0	1	130	896.150	1916.883	0	0	0	6487	0	0	0	707	0	0	0	0	0
303	303	1732	318.510	1932.299	256	557	558	280	45	270	886	432	97	17	118.132	146	126	123	121	119	118	117	115	113	111	97	221.504	309	267	253	242	232	222	212	203	191	174	125	0	0	0.000	0.000	0	0	0	0	0	0	0	0	0	0	0	0.000	0.000	0	0	0	0	0	0	0	0	0	0	0	0	0
304	304	1269	430.656	1923.127	164	449	370	251	16	107	341	401	281	108	288.152	5115	360	213	185	174	166	158	148	140	132	112	123.616	447	136	125	122	118	116	113	110	109	106	99	1	48	421.400	1916.193	0	0	0	2235	0	0	224	0	0	1	45	421.804	1916.744	0	0	0	2372	0	0	0	267	0	0	0	0	0
305	305	1574	1081.661	1925.263	159	531	564	214	75	206	817	376	128	19	404.771	7693	455	275	263	254	246	238	227	213	192	113	128.379	573	132	124	122	120	119	118	116	114	112	101	1	57	1081.661	1934.683	0	0	0	3415	0	0	315	0	0	1	55	1081.697	1934.032	0	0	0	2871	0	0	0	331	0	0	0	0	0
306	306	1659	266.298	1930.594	209	584	512	265	58	115	767	432	223	92	3000.831	5144	4452	3951	3589	3306	3068	2731	2329	1983	1609	722	129.466	169	148	142	137	132	128	124	120	117	113	102	0	0	0.000	0.000	0	0	0	0	0	0	0	0	0	0	0	0.000	0.000	0	0	0	0	0	0	0	0	0	0	0	0	0
307	307	1047	475.005	1923.649	137	349	305	195	40	142	500	206	128	47	148.658	181	166	162	159	155	151	147	142	136	125	106	113.899	130	122	119	118	116	114	113	111	109	105	95	0	0	0.000	0.000	0	0	0	0	0	0	0	0	0	0	0	0.000	0.000	0	0	0	0	0	0	0	0	0	0	0	0	0
308	308	1798	1614.899	1940.936	435	773	495	56	10	206	726	468	301	71	1045.034	1906	1427	1343	1252	1163	1065	979	867	776	626	213	120.898	142	130	127	125	123	121	119	117	114	111	103	0	0	0.000	0.000	0	0	0	0	0	0	0	0	0	0	0	0.000	0.000	0	0	0	0	0	0	0	0	0	0	0	0	0
309	309	1384	1566.887	1932.407	212	435	440	229	54	212	561	436	133	17	116.350	134	122	120	119	118	117	115	114	112	110	102	167.128	217	196	187	180	174	166	160	155	148	139	118	0	0	0.000	0.000	0	0	0	0	0	0	0	0	0	0	0	0.000	0.000	0	0	0	0	0	0	0	0	0	0	0	0	0
310	310	1121	1788.568	1932.153	206	339	338	180	37	147	367	391	172	32	186.190	235	211	204	197	192	188	182	177	170	160	128	142.661	167	154	151	148	146	144	142	139	135	129	109	0	0	0.000	0.000	0	0	0	0	0	0	0	0	0	0	0	0.000	0.000	0	0	0	0	0	0	0	0	0	0	0	0	0
311	311	2625	1727.140	1937.100	329	1298	778	151	18	127	1221	933	272	23	527.241	11190	571	283	250	235	223	211	201	188	171	124	187.622	1468	207	171	164	158	153	147	141	134	128	108	1	127	1713.714	1931.723	0	0	0	4983	0	0	762	0	0	1	123	1713.647	1931.687	0	0	0	5217	0	0	0	783	0	0	0	0	0
312	312	2555	201.301	1960.404	590	812	726	332	53	426	882	725	395	90	315.773	6142	335	202	174	164	158	154	150	145	138	107	497.962	1841	662	592	542	510	486	450	408	375	293	140	1	110	188.697	1957.040	0	0	0	2902	0	0	1151	0	0	1	39	189.621	1956.442	0	0	0	4615	0	0	0	1573	0	0	0	0	0
313	313	602	821.380	1944.245	75	128	175	149	64	55	136	248	127	26	107.387	116	112	110	109	108	107	107	106	105	103	98	154.053	192	172	167	163	160	156	152	147	141	133	109	0	0	0.000	0.000	0	0	0	0	0	0	0	0	0	0	0	0.000	0.000	0	0	0	0	0	0	0	0	0	0	0	0	0
314	314	1835	1041.121	1965.776	240	510	584	363	104	290	650	648	180	29	115.844	295	121	119	117	116	114	113	112	110	108	101	146.387	184	163	159	155	152	149	145	141	135	124	99	1	18	1052.912	1974.652	0	0	0	212	0	0	160	0	0	0	0	0.000	0.000	0	0	0	0	0	0	0	0	0	0	0	0	0
315	315	1807	150.826	1976.972	1241	474	31	21	19	1280	429	36	17	18	437.240	9597	545	258	196	176	168	160	152	144	132	107	360.780	2052	470	401	371	342	319	296	277	245	201	119	1	86	160.670	1979.487	0	0	0	4008	0	0	1105	0	0	1	56	160.234	1979.602	0	0	0	5873	0	0	0	1392	0	0	0	0	0
316	316	2395	918.312	1975.414	301	688	793	460	105	241	892	834	338	37	111.304	126	117	115	113	112	111	110	109	108	106	99	119.508	149	132	127	124	121	119	117	115	111	108	97	0	0	0.000	0.000	0	0	0	0	0	0	0	0	0	0	0	0.000	0.000	0	0	0	0	0	0	0	0	0	0	0	0	0
317	317	1195	251.603	1975.080	354	297	291	166	61	328	405	303	127	16	127.457	182	145	137	133	129	125	122	119	117	113	102	205.223	284	255	240	229	220	208	195	182	170	150	117	0	0	0.000	0.000	0	0	0	0	0	0	0	0	0	0	0	0.000	0.000	0	0	0	0	0	0	0	0	0	0	0	0	0
