 	cell	area	x	y	BFI_lev_b1	BFI_lev_b2	BFI_lev_b3	BFI_lev_b4	BFI_lev_b5	BFO_lev_b1	BFO_lev_b2	BFO_lev_b3	BFO_lev_b4	BFO_lev_b5	GFP_int_mean	GFP_int_b0	GFP_int_b1	GFP_int_b2	GFP_int_b3	GFP_int_b4	GFP_int_b5	GFP_int_b6	GFP_int_b7	GFP_int_b8	GFP_int_b9	GFP_int_b10	RFP_int_mean	RFP_int_b0	RFP_int_b1	RFP_int_b2	RFP_int_b3	RFP_int_b4	RFP_int_b5	RFP_int_b6	RFP_int_b7	RFP_int_b8	RFP_int_b9	RFP_int_b10	inGFPnfoci	f1_inGFParea	f1_inGFPx	f1_inGFPy	f2_inGFParea	f2_inGFPx	f2_inGFPy	f1_inGFP_toGFPmed	f2_inGFP_toGFPmed	f2_inGFP_toGFPmean	f1_inGFP_toRFPmed	f2_inGFP_toRFPmed	f2_inGFP_toRFPmean	inRFPnfoci	f1_inRFParea	f1_inRFPx	f1_inRFPy	f2_inRFParea	f2_inRFPx	f2_inRFPy	f1_inRFP_toGFPmed	f2_inRFP_toGFPmed	f2_inRFP_toGFPmean	f1_inRFP_toRFPmed	f2_inRFP_toRFPmed	f2_inRFP_toRFPmean	f1_inGFP_toGFPmean	f1_inGFP_toRFPmean	f1_inRFP_toGFPmean	f1_inRFP_toRFPmean
1	1	2362	1751.358	79.073	517	1011	666	121	10	325	873	814	247	52	547.788	17305	500	209	164	150	142	137	133	128	122	106	266.714	1088	352	318	296	276	257	233	209	186	159	114	1	96	1737.962	88.036	0	0	0	7586	0	0	627	0	0	1	46	1737.139	87.431	0	0	0	11401	0	0	824	0	0	0	0	0	0
2	2	646	77.280	67.566	104	187	211	114	16	74	171	229	133	32	169.664	227	203	195	189	183	175	168	156	141	126	106	129.689	158	147	142	139	135	132	128	122	116	109	100	0	0	0.000	0.000	0	0	0	0	0	0	0	0	0	0	0	0.000	0.000	0	0	0	0	0	0	0	0	0	0	0	0	0
3	3	1898	1566.947	82.733	286	606	636	264	61	262	693	608	244	50	2608.226	4554	3707	3376	3094	2830	2615	2477	2187	1810	1496	455	112.219	136	119	117	115	113	112	111	109	108	106	99	0	0	0.000	0.000	0	0	0	0	0	0	0	0	0	0	0	0.000	0.000	0	0	0	0	0	0	0	0	0	0	0	0	0
4	4	1293	1913.999	81.547	252	352	399	205	63	159	388	420	262	46	519.251	887	790	709	631	589	547	496	430	317	191	115	102.952	112	106	105	104	103	103	102	102	101	100	94	0	0	0.000	0.000	0	0	0	0	0	0	0	0	0	0	0	0.000	0.000	0	0	0	0	0	0	0	0	0	0	0	0	0
5	5	1493	571.148	88.484	302	472	431	231	29	201	458	560	217	31	387.410	2429	484	448	427	404	382	360	328	268	204	117	122.476	280	134	129	126	123	121	118	115	112	108	99	1	23	571.326	101.907	0	0	0	1499	0	0	155	0	0	1	25	573.547	100.775	0	0	0	873	0	0	211	0	0	0	0	0	0
6	6	1877	1270.508	102.440	135	478	704	434	93	128	804	600	288	23	1414.939	15493	1730	1360	1201	1062	971	910	859	804	665	298	316.681	4278	390	234	207	192	183	177	170	164	150	112	1	84	1281.576	108.817	0	0	0	8298	0	0	2389	0	0	1	99	1280.329	107.881	0	0	0	5034	0	0	2108	0	0	0	0	0	0
7	7	520	403.045	84.546	256	191	28	18	19	267	175	37	22	9	111.013	125	119	116	114	112	110	109	108	106	105	99	124.796	143	134	131	130	128	126	124	121	119	113	104	0	0	0.000	0.000	0	0	0	0	0	0	0	0	0	0	0	0.000	0.000	0	0	0	0	0	0	0	0	0	0	0	0	0
8	8	1582	1377.285	96.216	262	636	459	169	27	121	493	602	300	36	603.299	3523	766	692	643	597	550	510	482	460	424	252	148.327	739	160	150	145	141	137	134	132	128	124	110	1	21	1391.429	93.821	0	0	0	2255	0	0	496	0	0	1	38	1390.901	93.352	0	0	0	1590	0	0	442	0	0	0	0	0	0
9	9	1520	1320.712	97.376	107	490	649	238	15	79	469	598	268	66	614.030	928	800	749	701	657	623	581	536	487	420	237	106.862	124	111	110	109	107	106	106	105	104	103	98	0	0	0.000	0.000	0	0	0	0	0	0	0	0	0	0	0	0.000	0.000	0	0	0	0	0	0	0	0	0	0	0	0	0
10	10	1355	1516.509	105.679	398	458	350	100	16	264	550	366	128	28	117.994	156	126	123	121	119	117	116	114	112	110	103	207.628	305	270	251	235	224	213	203	187	165	131	100	0	0	0.000	0.000	0	0	0	0	0	0	0	0	0	0	0	0.000	0.000	0	0	0	0	0	0	0	0	0	0	0	0	0
11	11	1300	1607.261	110.304	176	332	437	252	76	133	387	527	191	46	973.129	1768	1523	1355	1191	1045	942	817	711	609	529	254	107.949	127	114	111	109	108	107	107	106	105	104	97	0	0	0.000	0.000	0	0	0	0	0	0	0	0	0	0	0	0.000	0.000	0	0	0	0	0	0	0	0	0	0	0	0	0
12	12	2521	344.132	120.141	594	1103	666	89	11	597	1136	642	73	21	108.169	128	114	112	110	109	107	106	105	104	103	96	108.166	131	118	114	111	108	106	105	104	103	102	94	0	0	0.000	0.000	0	0	0	0	0	0	0	0	0	0	0	0.000	0.000	0	0	0	0	0	0	0	0	0	0	0	0	0
13	13	2128	708.532	131.633	336	715	733	287	10	228	782	733	287	49	1644.646	23500	2740	700	571	505	459	427	401	363	302	145	227.768	2578	337	144	126	122	119	116	114	112	110	100	1	202	713.379	139.696	0	0	0	11145	0	0	1024	0	0	1	162	712.992	139.820	0	0	0	15098	0	0	1263	0	0	0	0	0	0
14	14	1684	1463.512	124.559	289	720	486	127	30	142	609	543	268	77	111.369	127	116	114	113	112	111	110	109	108	107	101	161.974	216	184	176	172	167	163	158	153	148	139	113	0	0	0.000	0.000	0	0	0	0	0	0	0	0	0	0	0	0.000	0.000	0	0	0	0	0	0	0	0	0	0	0	0	0
15	15	1899	1881.800	124.422	475	537	577	205	74	369	643	535	272	47	497.503	911	785	689	616	557	504	447	384	310	186	105	103.845	114	107	106	105	104	104	103	103	102	101	94	0	0	0.000	0.000	0	0	0	0	0	0	0	0	0	0	0	0.000	0.000	0	0	0	0	0	0	0	0	0	0	0	0	0
16	16	1266	1226.955	128.328	224	252	362	299	108	227	426	334	214	45	1189.230	1866	1635	1545	1469	1394	1291	1178	1020	831	539	205	204.003	270	250	241	231	222	212	199	187	170	140	108	0	0	0.000	0.000	0	0	0	0	0	0	0	0	0	0	0	0.000	0.000	0	0	0	0	0	0	0	0	0	0	0	0	0
17	17	1571	1551.608	138.311	124	470	561	329	62	91	731	472	208	30	1789.572	2674	2465	2287	2101	1981	1858	1713	1559	1341	989	388	154.710	200	179	173	168	163	158	151	144	137	125	105	0	0	0.000	0.000	0	0	0	0	0	0	0	0	0	0	0	0.000	0.000	0	0	0	0	0	0	0	0	0	0	0	0	0
18	18	1798	653.798	144.623	362	871	506	28	8	184	411	727	296	147	385.279	2581	535	459	415	381	358	335	312	273	204	114	110.885	191	117	114	112	111	110	108	107	106	104	95	1	29	656.734	129.116	0	0	0	1518	0	0	133	0	0	1	41	658.671	127.442	0	0	0	733	0	0	155	0	0	0	0	0	0
19	19	1986	1335.776	140.499	301	590	711	301	45	283	842	570	231	29	1123.723	15381	1225	993	857	769	709	648	563	466	343	129	247.526	3913	241	173	160	153	147	141	133	126	117	100	1	105	1333.718	131.185	0	0	0	7810	0	0	1973	0	0	1	118	1333.407	129.836	0	0	0	4559	0	0	1790	0	0	0	0	0	0
20	20	1886	574.220	144.509	283	594	675	270	41	207	682	645	254	60	111.594	126	117	115	114	113	112	111	110	108	107	98	169.463	252	208	196	187	178	169	162	155	145	126	102	0	0	0.000	0.000	0	0	0	0	0	0	0	0	0	0	0	0.000	0.000	0	0	0	0	0	0	0	0	0	0	0	0	0
21	21	1620	1281.002	147.785	177	550	576	252	33	118	384	636	336	120	983.773	13941	1696	602	459	410	367	320	288	268	233	140	144.878	774	188	130	122	118	115	113	111	109	107	99	1	133	1283.827	136.966	0	0	0	6439	0	0	387	0	0	1	128	1283.211	136.918	0	0	0	6518	0	0	396	0	0	0	0	0	0
22	22	1086	1384.790	150.150	203	447	349	59	8	126	477	287	142	31	741.420	1098	997	953	894	821	769	719	646	549	421	157	148.004	184	169	164	161	156	152	147	139	131	120	102	0	0	0.000	0.000	0	0	0	0	0	0	0	0	0	0	0	0.000	0.000	0	0	0	0	0	0	0	0	0	0	0	0	0
23	23	1615	1602.619	154.316	145	584	621	211	20	141	593	539	225	81	2186.733	18781	3045	1975	1835	1694	1523	1327	1196	993	767	158	204.776	1556	273	170	159	153	145	140	134	127	118	100	1	118	1600.683	143.817	0	0	0	10820	0	0	882	0	0	1	137	1600.373	143.555	0	0	0	9658	0	0	790	0	0	0	0	0	0
24	24	1965	1138.636	166.750	246	660	620	375	35	196	815	578	295	49	109.825	122	115	113	112	111	110	109	108	107	105	99	199.342	307	257	246	234	220	202	183	170	155	132	102	0	0	0.000	0.000	0	0	0	0	0	0	0	0	0	0	0	0.000	0.000	0	0	0	0	0	0	0	0	0	0	0	0	0
25	25	1114	1428.803	160.565	242	415	318	101	19	121	324	377	201	74	109.627	124	115	113	112	110	109	109	108	106	105	97	156.311	214	182	174	168	162	158	152	146	139	131	102	0	0	0.000	0.000	0	0	0	0	0	0	0	0	0	0	0	0.000	0.000	0	0	0	0	0	0	0	0	0	0	0	0	0
26	26	2679	1664.315	175.057	435	632	951	559	54	312	511	1119	520	183	725.532	14216	730	565	534	504	477	449	406	346	265	114	181.663	2286	188	153	147	142	138	134	129	123	115	101	1	86	1671.419	164.896	0	0	0	6597	0	0	1151	0	0	1	96	1671.203	164.978	0	0	0	6162	0	0	1094	0	0	0	0	0	0
27	27	1887	475.481	176.860	482	1030	294	35	12	508	1111	211	19	13	1706.091	23905	3949	591	326	266	239	216	197	177	146	105	288.981	3322	462	170	136	126	121	118	115	112	108	98	1	223	469.643	172.103	0	0	0	11322	0	0	1342	0	0	1	199	469.059	171.943	0	0	0	13276	0	0	1520	0	0	0	0	0	0
28	28	1455	1555.925	186.618	193	379	414	321	117	192	509	491	201	44	129.708	1043	132	124	121	119	117	116	114	113	111	102	136.573	188	152	147	143	140	137	134	131	127	120	103	1	32	1567.237	189.895	0	0	0	415	0	0	159	0	0	0	0	0.000	0.000	0	0	0	0	0	0	0	0	0	0	0	0	0
29	29	779	748.326	185.792	144	263	259	88	15	54	218	311	154	30	130.662	154	143	139	136	134	131	128	125	122	118	107	153.214	186	175	169	164	159	154	148	143	138	130	111	0	0	0.000	0.000	0	0	0	0	0	0	0	0	0	0	0	0.000	0.000	0	0	0	0	0	0	0	0	0	0	0	0	0
30	30	1936	1083.308	198.617	339	817	643	86	18	365	1047	431	28	18	111.545	125	117	115	114	113	111	110	109	108	106	100	105.964	121	112	109	107	106	105	104	104	103	102	96	0	0	0.000	0.000	0	0	0	0	0	0	0	0	0	0	0	0.000	0.000	0	0	0	0	0	0	0	0	0	0	0	0	0
31	31	1992	1498.610	194.638	234	684	749	263	18	128	455	954	299	113	115.533	256	122	119	118	116	114	113	112	110	108	98	137.007	175	157	151	146	141	136	132	128	124	118	103	1	25	1501.062	199.187	0	0	0	169	0	0	150	0	0	0	0	0.000	0.000	0	0	0	0	0	0	0	0	0	0	0	0	0
32	32	1609	1259.870	204.052	213	549	635	162	19	153	484	621	264	53	303.254	441	369	352	339	331	321	307	280	246	205	124	114.589	133	122	119	118	116	114	113	111	110	108	100	0	0	0.000	0.000	0	0	0	0	0	0	0	0	0	0	0	0.000	0.000	0	0	0	0	0	0	0	0	0	0	0	0	0
33	33	1301	531.030	197.813	221	293	399	292	71	150	388	480	217	48	247.946	5527	237	145	130	125	121	118	116	112	109	101	131.251	353	150	142	135	130	126	122	118	114	109	97	1	52	523.971	182.234	0	0	0	2474	0	0	221	0	0	1	46	523.742	181.183	0	0	0	1916	0	0	261	0	0	0	0	0	0
34	34	578	449.229	206.017	81	209	202	64	14	49	170	195	123	28	171.976	222	197	189	183	177	171	167	162	156	148	122	118.455	141	129	126	123	120	118	116	113	111	109	102	0	0	0.000	0.000	0	0	0	0	0	0	0	0	0	0	0	0.000	0.000	0	0	0	0	0	0	0	0	0	0	0	0	0
35	35	1663	1171.367	217.017	120	352	599	437	114	155	723	461	252	29	110.334	126	115	114	112	111	110	109	108	107	105	99	241.756	356	300	285	274	263	250	237	218	201	170	110	0	0	0.000	0.000	0	0	0	0	0	0	0	0	0	0	0	0.000	0.000	0	0	0	0	0	0	0	0	0	0	0	0	0
36	36	1244	1426.527	216.529	384	318	369	130	24	312	304	330	220	54	113.070	132	123	120	117	114	112	110	109	107	105	97	243.332	346	311	300	289	275	260	238	210	182	148	106	0	0	0.000	0.000	0	0	0	0	0	0	0	0	0	0	0	0.000	0.000	0	0	0	0	0	0	0	0	0	0	0	0	0
37	37	1535	1691.216	223.236	134	483	623	248	16	83	388	633	279	111	229.298	323	289	272	255	241	228	216	203	191	173	129	113.300	130	121	118	116	114	113	112	110	108	106	99	0	0	0.000	0.000	0	0	0	0	0	0	0	0	0	0	0	0.000	0.000	0	0	0	0	0	0	0	0	0	0	0	0	0
38	38	2163	731.771	232.441	346	644	704	368	73	249	637	783	338	121	245.734	4621	244	164	155	150	146	141	136	131	122	102	194.352	1418	221	202	187	175	166	157	150	142	132	101	1	84	718.667	233.303	0	0	0	2021	0	0	728	0	0	1	77	718.125	232.667	0	0	0	1881	0	0	763	0	0	0	0	0	0
39	39	1218	1122.905	226.538	68	277	439	312	98	170	603	265	142	15	350.957	539	468	435	399	362	336	318	297	279	261	152	105.380	124	109	108	107	106	105	104	104	103	102	96	0	0	0.000	0.000	0	0	0	0	0	0	0	0	0	0	0	0.000	0.000	0	0	0	0	0	0	0	0	0	0	0	0	0
40	40	1865	867.455	232.684	188	491	700	394	51	121	625	707	319	60	559.291	12416	638	270	235	217	205	196	188	178	162	116	130.611	743	140	119	115	114	112	111	109	108	106	100	1	92	880.412	235.813	0	0	0	5554	0	0	388	0	0	1	98	880.455	236.229	0	0	0	5103	0	0	384	0	0	0	0	0	0
41	41	1526	476.367	241.110	303	543	488	121	28	199	527	579	168	26	225.560	4372	253	173	159	154	149	145	140	134	126	107	135.838	291	149	144	140	138	135	132	128	124	117	102	1	45	481.213	246.236	0	0	0	1796	0	0	212	0	0	1	20	480.819	245.838	0	0	0	2707	0	0	239	0	0	0	0	0	0
42	42	1642	529.694	261.433	296	614	538	133	29	200	598	628	151	32	373.525	565	485	454	429	408	386	365	340	302	228	111	137.859	171	152	148	145	142	139	136	133	128	121	104	0	0	0.000	0.000	0	0	0	0	0	0	0	0	0	0	0	0.000	0.000	0	0	0	0	0	0	0	0	0	0	0	0	0
43	43	816	1656.823	258.023	223	233	300	33	9	122	160	186	210	122	216.865	296	267	255	247	239	231	221	201	174	135	108	112.897	133	122	119	117	115	113	111	109	106	104	98	0	0	0.000	0.000	0	0	0	0	0	0	0	0	0	0	0	0.000	0.000	0	0	0	0	0	0	0	0	0	0	0	0	0
44	44	1113	891.261	276.815	199	311	329	229	22	102	257	307	280	152	209.940	295	254	234	222	215	209	203	195	187	173	114	112.316	129	118	116	115	113	112	111	110	109	107	102	0	0	0.000	0.000	0	0	0	0	0	0	0	0	0	0	0	0.000	0.000	0	0	0	0	0	0	0	0	0	0	0	0	0
45	45	1183	1553.434	279.163	222	431	377	111	14	115	373	412	193	66	111.006	129	116	114	113	112	111	110	109	108	106	100	127.132	154	141	137	134	131	129	125	122	117	111	100	0	0	0.000	0.000	0	0	0	0	0	0	0	0	0	0	0	0.000	0.000	0	0	0	0	0	0	0	0	0	0	0	0	0
46	46	1795	592.005	288.812	304	696	598	155	17	207	565	658	264	64	1065.007	14372	1358	865	763	708	670	634	598	523	402	143	141.800	1029	158	128	121	118	115	113	112	110	107	99	1	83	584.994	292.547	0	0	0	7088	0	0	515	0	0	1	89	585.462	292.338	0	0	0	6729	0	0	470	0	0	0	0	0	0
47	47	673	1205.504	282.499	144	201	184	116	18	108	196	217	119	21	109.282	124	114	113	111	110	109	108	107	106	104	100	133.811	162	150	147	144	141	138	133	127	118	110	100	0	0	0.000	0.000	0	0	0	0	0	0	0	0	0	0	0	0.000	0.000	0	0	0	0	0	0	0	0	0	0	0	0	0
48	48	1224	180.073	295.526	188	467	405	127	18	152	430	373	203	41	123.547	145	134	131	128	127	125	122	120	117	112	100	177.939	235	211	202	195	189	182	174	166	154	137	108	0	0	0.000	0.000	0	0	0	0	0	0	0	0	0	0	0	0.000	0.000	0	0	0	0	0	0	0	0	0	0	0	0	0
49	49	2000	1257.234	324.487	372	910	482	183	25	227	676	613	301	142	1069.941	20798	1539	504	355	306	284	264	248	231	198	117	170.158	1610	205	130	120	118	115	113	112	110	107	100	1	128	1253.256	333.153	0	0	0	10172	0	0	792	0	0	1	128	1252.905	333.126	0	0	0	10172	0	0	792	0	0	0	0	0	0
50	50	1825	1686.412	315.043	165	516	731	343	39	89	404	890	331	94	500.894	875	692	619	576	540	499	460	420	373	316	170	105.068	118	109	107	106	105	105	104	104	103	102	95	0	0	0.000	0.000	0	0	0	0	0	0	0	0	0	0	0	0.000	0.000	0	0	0	0	0	0	0	0	0	0	0	0	0
51	51	1688	530.759	314.209	327	448	517	300	65	360	651	475	160	14	1145.998	7673	1488	1306	1215	1136	1067	999	918	804	539	174	205.698	1510	231	202	193	187	182	175	167	156	135	104	1	32	534.847	317.791	0	0	0	5581	0	0	935	0	0	1	57	535.289	317.730	0	0	0	3743	0	0	811	0	0	0	0	0	0
52	52	1880	138.382	320.094	154	408	692	445	142	199	658	669	277	36	636.768	15431	810	256	172	148	138	131	125	120	113	98	198.861	986	254	203	189	181	173	165	154	144	131	104	1	100	137.214	310.182	0	0	0	7337	0	0	592	0	0	1	99	137.160	310.014	0	0	0	7337	0	0	592	0	0	0	0	0	0
53	53	1732	1181.452	333.959	204	644	598	236	30	114	492	711	322	69	128.134	705	132	126	124	123	121	119	118	116	113	105	253.482	366	314	299	281	267	253	239	227	214	197	128	1	36	1192.122	328.177	0	0	0	343	0	0	303	0	0	0	0	0.000	0.000	0	0	0	0	0	0	0	0	0	0	0	0	0
54	54	1718	619.352	331.345	205	336	626	440	77	141	299	783	338	130	117.942	137	125	123	121	120	118	117	115	113	110	100	144.747	186	164	157	153	149	146	142	139	133	123	99	0	0	0.000	0.000	0	0	0	0	0	0	0	0	0	0	0	0.000	0.000	0	0	0	0	0	0	0	0	0	0	0	0	0
55	55	1178	1086.318	325.100	440	342	301	68	10	270	392	314	141	43	1239.744	2096	1865	1677	1561	1420	1290	1148	1050	857	431	167	108.469	123	113	112	110	109	108	107	106	105	104	99	0	0	0.000	0.000	0	0	0	0	0	0	0	0	0	0	0	0.000	0.000	0	0	0	0	0	0	0	0	0	0	0	0	0
56	56	2529	680.085	352.170	343	854	902	350	31	207	845	907	405	108	1121.562	18702	1425	495	433	404	385	365	337	300	254	141	146.473	962	166	123	117	114	113	111	110	108	107	98	1	183	682.506	362.495	0	0	0	9386	0	0	487	0	0	1	187	682.510	362.265	0	0	0	9341	0	0	485	0	0	0	0	0	0
57	57	1803	798.343	348.848	279	650	623	180	31	262	854	476	162	14	181.634	2856	189	149	142	138	135	132	128	124	118	103	204.219	679	249	231	217	205	196	187	179	171	151	108	1	49	807.546	346.403	0	0	0	1202	0	0	444	0	0	1	28	807.354	345.652	0	0	0	1592	0	0	517	0	0	0	0	0	0
58	58	1528	968.901	347.214	480	528	390	80	20	314	643	393	130	15	116.038	152	126	123	120	118	116	113	111	109	106	100	450.503	751	677	635	588	526	465	406	350	263	174	115	0	0	0.000	0.000	0	0	0	0	0	0	0	0	0	0	0	0.000	0.000	0	0	0	0	0	0	0	0	0	0	0	0	0
59	59	1948	1637.942	351.973	292	865	541	176	40	292	1201	380	37	12	1231.447	21919	2049	512	332	291	263	241	228	208	179	120	165.652	1306	218	130	119	115	113	111	109	108	106	100	1	164	1639.481	341.668	0	0	0	9189	0	0	621	0	0	1	161	1639.157	341.986	0	0	0	9356	0	0	628	0	0	0	0	0	0
60	60	2055	1581.254	372.104	200	577	702	419	110	169	624	789	338	85	143.811	184	163	158	154	150	146	141	136	129	121	103	289.754	448	394	363	334	310	288	265	245	222	188	113	0	0	0.000	0.000	0	0	0	0	0	0	0	0	0	0	0	0.000	0.000	0	0	0	0	0	0	0	0	0	0	0	0	0
61	61	1933	1693.608	366.771	394	734	596	154	14	279	715	600	250	38	274.929	3520	286	267	259	249	240	229	214	192	147	108	112.715	237	121	115	113	111	110	109	107	106	104	98	1	41	1693.246	352.988	0	0	0	1932	0	0	182	0	0	1	51	1692.921	353.194	0	0	0	1439	0	0	174	0	0	0	0	0	0
62	62	1814	586.108	373.268	362	726	518	157	22	230	706	547	256	35	134.327	1686	134	122	119	117	116	114	112	110	108	100	138.713	175	155	150	146	143	140	137	133	127	118	100	1	35	579.628	356.870	0	0	0	665	0	0	146	0	0	0	0	0.000	0.000	0	0	0	0	0	0	0	0	0	0	0	0	0
63	63	1495	1404.503	370.766	184	495	446	278	54	160	589	454	217	46	753.853	14899	1186	319	196	162	150	142	135	129	122	107	213.431	1175	279	221	205	193	178	166	153	141	129	109	1	106	1394.880	366.997	0	0	0	6794	0	0	524	0	0	1	89	1395.829	365.970	0	0	0	5570	0	0	692	0	0	0	0	0	0
64	64	1944	731.987	379.127	391	707	611	180	29	219	622	727	279	63	341.670	1897	436	410	385	358	333	307	280	246	198	117	112.296	193	122	117	114	112	111	109	108	106	105	96	1	27	722.416	378.166	0	0	0	1178	0	0	126	0	0	1	30	725.647	374.505	0	0	0	504	0	0	156	0	0	0	0	0	0
65	65	1687	640.503	390.498	97	508	620	378	47	115	453	605	349	124	189.640	3702	192	144	136	132	129	126	123	120	115	104	146.781	576	161	152	147	143	139	135	131	127	118	103	1	46	634.159	396.886	0	0	0	1550	0	0	294	0	0	1	48	634.032	398.003	0	0	0	936	0	0	360	0	0	0	0	0	0
66	66	607	1246.633	382.456	63	178	200	126	23	98	215	182	87	15	121.002	137	130	128	126	123	121	119	117	114	111	103	147.512	187	169	164	159	155	150	144	139	131	122	105	0	0	0.000	0.000	0	0	0	0	0	0	0	0	0	0	0	0.000	0.000	0	0	0	0	0	0	0	0	0	0	0	0	0
67	67	661	834.842	396.655	134	181	168	111	54	137	210	195	80	22	123.567	151	136	133	130	128	124	121	118	114	109	100	177.475	257	221	210	203	195	188	175	158	137	118	103	0	0	0.000	0.000	0	0	0	0	0	0	0	0	0	0	0	0.000	0.000	0	0	0	0	0	0	0	0	0	0	0	0	0
68	68	2030	1287.954	414.818	279	673	723	296	24	223	522	782	346	125	167.319	220	196	189	183	176	171	164	156	145	133	108	255.190	384	344	324	301	277	254	231	211	195	172	111	0	0	0.000	0.000	0	0	0	0	0	0	0	0	0	0	0	0.000	0.000	0	0	0	0	0	0	0	0	0	0	0	0	0
69	69	1402	484.125	411.026	297	424	457	180	23	208	454	372	257	77	110.982	123	116	114	113	112	111	110	109	108	106	99	231.978	339	287	269	258	247	237	225	213	196	167	114	0	0	0.000	0.000	0	0	0	0	0	0	0	0	0	0	0	0.000	0.000	0	0	0	0	0	0	0	0	0	0	0	0	0
70	70	2149	1617.618	424.230	423	831	644	186	24	262	764	709	301	69	661.410	12144	999	285	184	159	148	141	135	129	122	104	373.959	3022	527	348	312	284	260	243	225	206	182	115	1	161	1625.116	426.561	0	0	0	5380	0	0	1526	0	0	1	146	1625.043	426.420	0	0	0	6142	0	0	1687	0	0	0	0	0	0
71	71	959	1423.002	416.680	332	290	235	72	9	293	343	219	70	21	132.856	153	143	140	138	135	134	131	129	126	121	107	177.804	231	213	204	197	189	180	171	163	152	139	106	0	0	0.000	0.000	0	0	0	0	0	0	0	0	0	0	0	0.000	0.000	0	0	0	0	0	0	0	0	0	0	0	0	0
72	72	939	647.986	435.282	176	294	285	133	39	159	324	258	124	46	123.447	142	133	129	127	125	123	122	120	118	114	103	127.489	147	137	135	132	130	128	126	124	121	116	100	0	0	0.000	0.000	0	0	0	0	0	0	0	0	0	0	0	0.000	0.000	0	0	0	0	0	0	0	0	0	0	0	0	0
73	73	2503	1239.484	458.882	431	901	890	203	29	269	987	880	292	29	989.337	16886	1596	307	210	188	176	167	158	149	135	106	338.043	2318	455	304	281	264	251	236	222	203	172	115	1	229	1227.327	456.964	0	0	0	7824	0	0	1185	0	0	1	187	1227.336	456.672	0	0	0	9547	0	0	1402	0	0	0	0	0	0
74	74	1790	972.996	464.959	235	496	761	238	28	186	533	749	228	62	1665.028	2747	2342	2192	2008	1863	1716	1567	1416	1238	852	263	155.141	205	184	176	169	162	156	150	144	137	123	101	0	0	0.000	0.000	0	0	0	0	0	0	0	0	0	0	0	0.000	0.000	0	0	0	0	0	0	0	0	0	0	0	0	0
75	75	2403	180.756	475.393	1103	917	294	30	17	1106	961	236	52	13	466.441	1263	870	684	572	493	403	330	276	230	189	104	108.127	120	113	111	110	109	108	107	106	105	104	97	0	0	0.000	0.000	0	0	0	0	0	0	0	0	0	0	0	0.000	0.000	0	0	0	0	0	0	0	0	0	0	0	0	0
76	76	3484	1743.289	469.158	2432	790	155	59	13	2207	881	240	63	48	1877.070	30298	3059	809	535	374	212	156	136	126	119	105	358.989	5206	524	173	135	120	111	107	105	104	103	96	1	335	1741.640	466.047	0	0	0	15465	0	0	2203	0	0	1	315	1741.616	465.923	0	0	0	16774	0	0	2427	0	0	0	0	0	0
77	77	1956	1191.475	481.884	1757	117	29	23	23	1725	153	37	18	15	241.345	5654	233	157	141	134	130	125	121	116	110	101	152.083	662	181	168	159	151	143	137	130	120	109	95	1	67	1195.050	487.862	0	0	0	2299	0	0	353	0	0	1	54	1195.329	488.096	0	0	0	2960	0	0	398	0	0	0	0	0	0
78	78	2597	265.201	482.001	265	545	1130	536	66	187	575	1162	502	121	618.265	15367	629	232	175	158	150	146	141	135	126	105	382.968	1977	484	426	389	361	334	313	295	271	226	111	1	140	256.638	490.303	0	0	0	6988	0	0	1167	0	0	1	100	256.649	490.283	0	0	0	9153	0	0	1449	0	0	0	0	0	0
79	79	2011	637.502	480.675	261	413	732	480	80	233	530	804	309	93	531.373	14494	364	165	149	144	140	137	132	126	115	101	170.416	1813	156	143	138	135	131	128	124	118	110	99	1	114	650.879	471.103	0	0	0	6095	0	0	849	0	0	1	107	650.918	470.723	0	0	0	6689	0	0	864	0	0	0	0	0	0
80	80	1655	1655.209	490.026	225	557	553	229	58	172	648	559	215	30	300.913	425	368	350	336	325	310	291	270	249	223	140	108.024	123	114	112	110	109	108	107	106	105	103	97	0	0	0.000	0.000	0	0	0	0	0	0	0	0	0	0	0	0.000	0.000	0	0	0	0	0	0	0	0	0	0	0	0	0
81	81	1424	1533.010	491.808	187	469	522	184	31	121	385	588	211	93	120.963	145	129	126	125	123	121	120	118	115	112	102	380.418	625	519	482	449	415	383	354	321	281	233	126	0	0	0.000	0.000	0	0	0	0	0	0	0	0	0	0	0	0.000	0.000	0	0	0	0	0	0	0	0	0	0	0	0	0
82	82	801	134.792	487.460	155	246	230	128	29	108	270	268	91	55	114.052	260	120	117	115	113	112	111	109	108	106	100	157.614	199	183	175	170	163	157	151	146	140	133	115	1	18	122.770	484.560	0	0	0	182	0	0	168	0	0	0	0	0.000	0.000	0	0	0	0	0	0	0	0	0	0	0	0	0
83	83	2050	750.421	497.907	334	624	651	346	45	316	654	606	332	105	127.007	154	139	135	132	130	128	125	122	119	114	99	165.228	221	201	193	185	176	167	158	149	140	125	99	0	0	0.000	0.000	0	0	0	0	0	0	0	0	0	0	0	0.000	0.000	0	0	0	0	0	0	0	0	0	0	0	0	0
84	84	1616	1141.264	517.392	171	520	521	291	77	134	586	505	276	78	129.627	152	140	137	135	133	131	128	126	123	117	103	155.921	209	179	174	169	164	159	153	147	139	128	104	0	0	0.000	0.000	0	0	0	0	0	0	0	0	0	0	0	0.000	0.000	0	0	0	0	0	0	0	0	0	0	0	0	0
85	85	2643	216.351	525.951	354	657	1018	498	70	220	604	1119	481	157	141.341	168	156	153	150	148	144	141	136	129	121	101	335.103	487	429	406	389	374	358	336	300	256	205	125	0	0	0.000	0.000	0	0	0	0	0	0	0	0	0	0	0	0.000	0.000	0	0	0	0	0	0	0	0	0	0	0	0	0
86	86	1202	1230.581	515.740	151	367	454	172	34	79	424	446	164	49	777.168	1313	1117	1009	903	807	726	670	622	579	529	197	106.379	119	111	109	108	107	106	105	104	104	103	98	0	0	0.000	0.000	0	0	0	0	0	0	0	0	0	0	0	0.000	0.000	0	0	0	0	0	0	0	0	0	0	0	0	0
87	87	1271	1928.757	529.323	262	487	357	127	13	144	519	351	208	29	230.239	319	278	263	252	244	236	225	213	197	173	119	135.577	168	153	147	143	140	136	132	129	123	118	103	0	0	0.000	0.000	0	0	0	0	0	0	0	0	0	0	0	0.000	0.000	0	0	0	0	0	0	0	0	0	0	0	0	0
88	88	1956	1560.368	538.631	253	658	602	326	80	191	691	615	277	138	123.437	150	132	129	127	125	124	122	120	117	114	104	373.892	622	507	475	447	419	387	355	316	267	211	121	0	0	0.000	0.000	0	0	0	0	0	0	0	0	0	0	0	0.000	0.000	0	0	0	0	0	0	0	0	0	0	0	0	0
89	89	1766	1191.895	534.200	198	620	605	232	55	267	867	421	158	15	808.342	17271	1039	248	163	144	139	134	130	125	120	108	204.082	1612	246	172	163	159	155	148	140	132	125	105	1	118	1194.791	522.065	0	0	0	8074	0	0	817	0	0	1	112	1194.727	522.201	0	0	0	8867	0	0	862	0	0	0	0	0	0
90	90	1912	718.265	547.603	399	853	547	73	9	221	702	584	288	90	406.536	10194	469	205	157	139	133	129	125	121	115	102	188.492	1159	219	192	182	173	164	155	148	140	131	104	1	89	714.793	538.561	0	0	0	4002	0	0	592	0	0	1	74	715.632	538.260	0	0	0	4946	0	0	687	0	0	0	0	0	0
91	91	1878	1622.695	547.668	355	693	609	172	20	237	886	517	187	15	793.692	1410	1136	1015	914	838	771	705	649	592	502	195	111.614	129	119	116	114	112	111	110	109	107	106	96	0	0	0.000	0.000	0	0	0	0	0	0	0	0	0	0	0	0.000	0.000	0	0	0	0	0	0	0	0	0	0	0	0	0
92	92	1726	1791.577	550.164	292	587	556	226	28	211	514	640	258	66	378.829	636	517	473	442	407	374	342	311	284	251	128	110.693	131	117	114	113	111	110	109	108	107	105	98	0	0	0.000	0.000	0	0	0	0	0	0	0	0	0	0	0	0.000	0.000	0	0	0	0	0	0	0	0	0	0	0	0	0
93	93	2044	307.247	550.922	295	499	739	420	57	240	706	768	262	31	320.911	548	463	414	376	344	314	295	268	234	180	114	108.257	134	116	112	110	108	107	106	105	104	103	98	0	0	0.000	0.000	0	0	0	0	0	0	0	0	0	0	0	0.000	0.000	0	0	0	0	0	0	0	0	0	0	0	0	0
94	94	1995	1258.434	557.131	375	693	654	211	36	285	765	595	252	69	873.010	1492	1198	1069	990	939	896	849	786	681	495	163	105.916	125	110	108	107	106	106	105	104	103	102	96	0	0	0.000	0.000	0	0	0	0	0	0	0	0	0	0	0	0.000	0.000	0	0	0	0	0	0	0	0	0	0	0	0	0
95	95	2070	1842.042	571.542	310	725	620	314	64	289	902	588	215	39	169.351	3155	165	142	137	134	131	129	127	124	118	105	151.688	291	170	165	160	156	152	148	143	137	128	106	1	38	1842.153	559.799	0	0	0	1368	0	0	211	0	0	0	0	0.000	0.000	0	0	0	0	0	0	0	0	0	0	0	0	0
96	96	1486	587.574	578.607	209	416	479	330	33	121	414	562	261	110	126.120	485	134	130	128	126	124	122	120	116	110	97	141.744	178	164	158	154	149	145	140	134	124	112	98	1	23	596.527	579.876	0	0	0	246	0	0	153	0	0	0	0	0.000	0.000	0	0	0	0	0	0	0	0	0	0	0	0	0
97	97	1747	1895.990	580.667	256	727	559	143	25	170	606	590	280	64	129.068	159	140	137	134	132	130	128	125	121	116	105	157.543	231	186	176	169	162	157	151	146	138	129	105	0	0	0.000	0.000	0	0	0	0	0	0	0	0	0	0	0	0.000	0.000	0	0	0	0	0	0	0	0	0	0	0	0	0
98	98	1376	228.124	580.901	419	595	275	56	12	470	569	238	59	14	125.725	284	140	132	128	125	122	120	118	115	111	101	128.528	159	143	139	135	132	129	126	122	118	113	102	0	0	0.000	0.000	0	0	0	0	0	0	0	0	0	0	0	0.000	0.000	0	0	0	0	0	0	0	0	0	0	0	0	0
99	99	598	1140.343	575.637	66	240	200	59	22	81	210	212	66	18	282.336	413	360	343	322	304	291	279	260	226	181	122	108.935	125	117	113	111	109	108	107	106	105	103	98	0	0	0.000	0.000	0	0	0	0	0	0	0	0	0	1	82	1140.291	578.696	0	0	0	318	0	0	118	0	0	0	0	0	0
100	100	1031	1692.368	577.505	102	232	320	241	119	172	253	339	216	32	120.321	149	131	126	123	121	119	118	116	114	112	104	198.458	268	245	233	222	209	197	186	175	166	155	113	0	0	0.000	0.000	0	0	0	0	0	0	0	0	0	0	0	0.000	0.000	0	0	0	0	0	0	0	0	0	0	0	0	0
101	101	1578	114.097	588.033	222	616	557	137	15	144	747	470	170	24	193.940	265	231	220	213	206	199	191	182	170	146	105	131.741	163	144	141	138	135	133	130	127	122	117	103	0	0	0.000	0.000	0	0	0	0	0	0	0	0	0	0	0	0.000	0.000	0	0	0	0	0	0	0	0	0	0	0	0	0
102	102	1468	1594.726	593.282	287	489	421	214	41	276	474	406	236	49	597.374	1005	826	756	702	657	612	555	499	455	348	125	108.337	123	113	112	110	109	108	107	106	105	104	97	0	0	0.000	0.000	0	0	0	0	0	0	0	0	0	0	0	0.000	0.000	0	0	0	0	0	0	0	0	0	0	0	0	0
103	103	1495	1737.373	607.139	363	567	386	134	17	306	651	353	117	36	370.494	532	457	433	416	397	374	350	330	308	281	169	149.028	187	168	163	158	154	150	145	141	137	129	107	0	0	0.000	0.000	0	0	0	0	0	0	0	0	0	0	0	0.000	0.000	0	0	0	0	0	0	0	0	0	0	0	0	0
104	104	1938	1125.053	617.431	299	360	596	486	168	308	748	541	260	33	333.988	546	459	423	387	359	335	314	291	253	200	108	109.582	129	116	114	112	110	109	108	107	106	104	98	0	0	0.000	0.000	0	0	0	0	0	0	0	0	0	0	0	0.000	0.000	0	0	0	0	0	0	0	0	0	0	0	0	0
105	105	2503	335.271	621.192	329	566	956	528	65	316	816	935	327	58	1796.074	2902	2586	2425	2248	2045	1834	1622	1425	1215	945	293	171.685	244	209	200	192	182	173	164	154	144	132	103	0	0	0.000	0.000	0	0	0	0	0	0	0	0	0	0	0	0.000	0.000	0	0	0	0	0	0	0	0	0	0	0	0	0
106	106	2274	271.009	622.146	452	643	757	344	43	342	634	765	434	54	1288.757	2725	1932	1735	1592	1424	1246	1115	992	884	731	226	154.945	489	187	175	165	157	149	143	138	132	122	102	0	0	0.000	0.000	0	0	0	0	0	0	0	0	0	1	31	266.210	624.326	0	0	0	1824	0	0	329	0	0	0	0	0	0
107	107	1950	1689.730	616.731	1320	415	127	49	17	1272	483	117	47	14	128.805	271	148	142	136	131	126	122	118	114	108	97	149.761	244	209	196	179	157	137	123	115	111	107	100	0	0	0.000	0.000	0	0	0	0	0	0	0	0	0	0	0	0.000	0.000	0	0	0	0	0	0	0	0	0	0	0	0	0
108	108	1412	914.710	630.021	182	445	511	216	25	158	427	509	213	77	122.788	147	132	129	127	125	124	122	119	116	112	101	186.143	263	236	224	212	199	186	174	163	151	135	109	0	0	0.000	0.000	0	0	0	0	0	0	0	0	0	0	0	0.000	0.000	0	0	0	0	0	0	0	0	0	0	0	0	0
109	109	1710	571.141	630.075	291	532	473	296	76	229	700	411	279	65	737.836	15799	905	229	154	138	133	129	125	120	113	100	216.719	2109	235	176	169	164	158	153	147	138	122	102	1	110	557.530	626.972	0	0	0	7593	0	0	931	0	0	1	97	557.402	627.057	0	0	0	8735	0	0	1000	0	0	0	0	0	0
110	110	662	384.415	626.699	92	165	246	126	23	36	116	225	233	43	1491.912	1934	1820	1747	1696	1628	1570	1499	1394	1253	1037	434	157.831	194	175	171	168	164	161	156	151	145	135	111	0	0	0.000	0.000	0	0	0	0	0	0	0	0	0	0	0	0.000	0.000	0	0	0	0	0	0	0	0	0	0	0	0	0
111	111	1016	425.108	630.125	119	214	423	194	42	110	373	385	105	28	119.320	147	126	123	122	120	119	118	116	115	113	104	106.303	125	111	109	108	107	106	105	104	103	102	93	0	0	0.000	0.000	0	0	0	0	0	0	0	0	0	1	14	422.071	634.843	0	0	0	125	0	0	116	0	0	0	0	0	0
112	112	975	854.939	631.811	104	291	369	172	18	99	301	352	178	24	116.807	133	124	122	120	119	117	116	114	112	109	101	143.885	178	161	157	152	149	145	142	138	133	123	100	0	0	0.000	0.000	0	0	0	0	0	0	0	0	0	0	0	0.000	0.000	0	0	0	0	0	0	0	0	0	0	0	0	0
113	113	1534	1648.574	642.462	326	533	469	142	42	270	597	407	180	48	205.928	5472	198	140	134	131	128	125	122	117	111	100	197.254	519	246	227	215	206	199	192	181	165	133	104	1	39	1643.959	627.426	0	0	0	2023	0	0	285	0	0	0	0	0.000	0.000	0	0	0	0	0	0	0	0	0	0	0	0	0
114	114	1789	1195.492	646.732	367	461	509	361	71	319	537	523	309	74	120.348	145	131	128	125	123	121	118	115	112	109	100	211.547	312	279	266	253	238	222	202	178	152	125	103	0	0	0.000	0.000	0	0	0	0	0	0	0	0	0	0	0	0.000	0.000	0	0	0	0	0	0	0	0	0	0	0	0	0
115	115	1537	1764.932	657.287	879	476	110	34	15	854	455	136	48	18	1792.135	18391	2882	1319	1227	1122	982	846	753	686	552	168	349.190	4227	574	225	180	171	160	151	144	138	129	105	1	128	1768.299	661.884	0	0	0	9421	0	0	2001	0	0	1	128	1768.185	661.865	0	0	0	9421	0	0	2001	0	0	0	0	0	0
116	116	2228	173.468	660.415	468	706	690	264	60	388	825	628	294	54	1467.896	2312	1989	1838	1736	1647	1559	1456	1332	1120	751	232	108.206	125	115	112	110	109	108	106	105	104	103	97	0	0	0.000	0.000	0	0	0	0	0	0	0	0	0	0	0	0.000	0.000	0	0	0	0	0	0	0	0	0	0	0	0	0
117	117	1212	1706.383	652.331	217	307	413	203	49	225	545	320	99	10	124.439	145	134	131	128	126	125	123	121	119	114	105	181.916	250	225	214	203	192	181	172	163	154	139	107	0	0	0.000	0.000	0	0	0	0	0	0	0	0	0	0	0	0.000	0.000	0	0	0	0	0	0	0	0	0	0	0	0	0
118	118	1653	952.416	656.723	361	408	437	350	70	262	498	458	267	149	790.796	17941	1183	335	203	161	143	133	126	119	113	100	275.304	2701	375	231	206	195	185	176	167	153	131	103	1	98	945.559	654.169	0	0	0	8330	0	0	1222	0	0	1	104	946.285	653.940	0	0	0	7542	0	0	1425	0	0	0	0	0	0
119	119	1727	450.211	670.921	337	653	370	265	67	258	753	433	212	47	1702.195	2944	2386	2190	2014	1872	1746	1577	1415	1251	1067	299	107.079	120	112	110	109	108	107	106	105	104	103	96	0	0	0.000	0.000	0	0	0	0	0	0	0	0	0	0	0	0.000	0.000	0	0	0	0	0	0	0	0	0	0	0	0	0
120	120	1546	397.844	668.667	225	507	605	178	11	163	473	568	229	77	115.372	157	122	120	118	117	115	114	112	110	108	101	104.961	120	109	107	106	105	104	104	103	102	101	96	0	0	0.000	0.000	0	0	0	0	0	0	0	0	0	0	0	0.000	0.000	0	0	0	0	0	0	0	0	0	0	0	0	0
121	121	2422	1268.582	683.745	294	846	931	282	26	219	767	899	414	75	108.100	122	113	111	110	109	108	107	106	105	103	97	164.886	229	203	195	187	178	169	158	146	133	119	101	0	0	0.000	0.000	0	0	0	0	0	0	0	0	0	0	0	0.000	0.000	0	0	0	0	0	0	0	0	0	0	0	0	0
122	122	932	1810.967	688.936	507	261	102	28	18	483	259	100	48	31	383.809	678	554	493	448	416	387	358	325	273	206	127	115.998	133	125	122	120	118	116	114	112	110	107	102	0	0	0.000	0.000	0	0	0	0	0	0	0	0	0	0	0	0.000	0.000	0	0	0	0	0	0	0	0	0	0	0	0	0
123	123	929	218.782	691.643	469	186	142	92	28	363	188	217	126	21	161.456	658	214	170	156	147	140	135	130	124	119	107	205.390	828	306	224	204	191	178	167	156	142	130	110	1	64	216.614	693.562	0	0	0	373	0	0	511	0	0	1	61	216.719	693.712	0	0	0	377	0	0	517	0	0	0	0	0	0
124	124	1350	624.307	700.768	211	409	361	263	75	191	400	429	274	35	528.481	752	679	641	611	582	551	509	469	424	347	163	118.176	139	126	124	122	120	119	117	115	113	109	101	0	0	0.000	0.000	0	0	0	0	0	0	0	0	0	0	0	0.000	0.000	0	0	0	0	0	0	0	0	0	0	0	0	0
125	125	2160	263.185	706.010	315	492	594	509	214	342	568	652	417	145	735.660	16034	881	336	261	232	215	201	190	179	158	109	248.270	3498	304	168	150	142	136	132	127	122	116	103	1	121	258.715	698.141	0	0	0	7205	0	0	1429	0	0	1	126	258.379	698.912	0	0	0	6992	0	0	1624	0	0	0	0	0	0
126	126	1460	184.815	720.278	127	390	511	375	30	79	400	576	299	81	1368.871	2152	1894	1763	1641	1543	1446	1323	1175	993	762	178	108.696	124	115	113	111	109	108	107	106	105	103	98	0	0	0.000	0.000	0	0	0	0	0	0	0	0	0	0	0	0.000	0.000	0	0	0	0	0	0	0	0	0	0	0	0	0
127	127	1357	1028.394	718.260	196	436	468	216	20	134	414	471	239	81	373.950	536	478	451	432	408	382	361	339	302	250	131	112.993	131	120	117	116	114	113	111	110	108	107	100	0	0	0.000	0.000	0	0	0	0	0	0	0	0	0	0	0	0.000	0.000	0	0	0	0	0	0	0	0	0	0	0	0	0
128	128	1370	883.658	721.228	371	696	217	37	27	458	718	124	22	19	120.199	141	129	126	124	122	121	119	117	115	111	100	153.864	186	172	167	163	159	156	152	147	142	133	107	0	0	0.000	0.000	0	0	0	0	0	0	0	0	0	0	0	0.000	0.000	0	0	0	0	0	0	0	0	0	0	0	0	0
129	129	1609	340.645	726.050	160	439	559	366	49	159	617	481	256	63	110.226	120	115	113	112	111	110	109	108	107	106	100	126.480	157	142	138	134	130	126	122	119	116	111	102	0	0	0.000	0.000	0	0	0	0	0	0	0	0	0	0	0	0.000	0.000	0	0	0	0	0	0	0	0	0	0	0	0	0
130	130	1895	663.875	734.996	291	572	615	313	65	268	546	711	263	76	600.138	990	806	735	689	653	618	578	526	455	373	141	122.737	145	134	131	128	126	123	121	118	115	110	102	0	0	0.000	0.000	0	0	0	0	0	0	0	0	0	0	0	0.000	0.000	0	0	0	0	0	0	0	0	0	0	0	0	0
131	131	1675	393.697	736.807	201	305	568	493	80	222	507	602	254	56	111.082	123	116	114	113	112	111	110	109	107	106	99	129.350	165	149	143	138	133	128	125	121	116	111	99	0	0	0.000	0.000	0	0	0	0	0	0	0	0	0	0	0	0.000	0.000	0	0	0	0	0	0	0	0	0	0	0	0	0
132	132	2100	1279.882	742.888	376	805	723	141	24	239	530	805	346	144	107.740	124	112	111	110	109	108	107	106	105	103	98	175.751	238	215	206	197	186	178	171	160	147	130	102	0	0	0.000	0.000	0	0	0	0	0	0	0	0	0	0	0	0.000	0.000	0	0	0	0	0	0	0	0	0	0	0	0	0
133	133	3337	834.943	755.594	327	954	1155	740	101	280	1145	1207	595	54	133.033	2888	129	122	119	118	116	114	113	111	109	99	232.328	397	292	269	256	245	235	223	207	192	174	108	1	29	804.628	745.929	0	0	0	1181	0	0	264	0	0	0	0	0.000	0.000	0	0	0	0	0	0	0	0	0	0	0	0	0
134	134	999	487.223	753.069	445	207	157	114	65	381	265	222	95	24	116.794	134	125	123	121	119	118	116	113	111	107	100	253.354	381	340	324	308	289	274	253	217	167	124	107	0	0	0.000	0.000	0	0	0	0	0	0	0	0	0	0	0	0.000	0.000	0	0	0	0	0	0	0	0	0	0	0	0	0
135	135	2198	908.947	769.735	217	487	906	444	104	196	713	893	267	83	117.771	137	125	123	121	119	118	116	115	113	110	101	249.976	377	309	288	273	263	254	245	233	215	177	111	0	0	0.000	0.000	0	0	0	0	0	0	0	0	0	0	0	0.000	0.000	0	0	0	0	0	0	0	0	0	0	0	0	0
136	136	1808	1889.523	804.245	573	654	399	124	26	494	633	418	175	56	121.826	145	132	129	126	124	122	120	118	115	111	102	572.081	989	860	778	689	618	564	520	467	378	288	147	0	0	0.000	0.000	0	0	0	0	0	0	0	0	0	0	0	0.000	0.000	0	0	0	0	0	0	0	0	0	0	0	0	0
137	137	1166	1109.077	808.945	646	421	60	14	10	512	459	129	26	20	112.526	126	119	117	115	114	112	111	110	108	107	101	193.292	278	229	219	209	201	194	185	178	169	157	116	0	0	0.000	0.000	0	0	0	0	0	0	0	0	0	0	0	0.000	0.000	0	0	0	0	0	0	0	0	0	0	0	0	0
138	138	1889	1398.416	820.440	249	699	703	195	17	130	498	782	330	108	514.025	11993	605	220	163	147	138	132	127	123	117	102	156.183	900	170	152	145	139	135	131	128	124	118	101	1	105	1393.846	824.311	0	0	0	5248	0	0	435	0	0	1	89	1393.930	824.471	0	0	0	6215	0	0	487	0	0	0	0	0	0
139	139	570	559.339	808.762	50	202	186	103	22	59	174	210	97	21	122.112	137	131	128	126	124	122	120	118	116	114	106	129.161	154	142	139	136	133	130	127	124	120	114	102	0	0	0.000	0.000	0	0	0	0	0	0	0	0	0	0	0	0.000	0.000	0	0	0	0	0	0	0	0	0	0	0	0	0
140	140	1231	1473.956	815.883	180	398	363	219	45	257	610	187	132	15	623.143	1082	867	786	728	670	609	557	522	479	397	211	126.633	153	139	136	132	129	126	123	121	118	115	103	0	0	0.000	0.000	0	0	0	0	0	0	0	0	0	0	0	0.000	0.000	0	0	0	0	0	0	0	0	0	0	0	0	0
141	141	2190	1063.635	830.042	1162	931	56	7	5	1159	891	94	6	5	111.479	129	117	115	114	112	111	110	109	108	106	98	185.034	263	225	212	202	193	186	179	171	160	142	106	0	0	0.000	0.000	0	0	0	0	0	0	0	0	0	0	0	0.000	0.000	0	0	0	0	0	0	0	0	0	0	0	0	0
142	142	1312	850.762	829.099	158	388	492	210	47	110	450	479	197	58	127.046	414	136	131	129	127	125	123	120	117	112	100	179.524	230	207	201	194	188	182	176	169	161	146	113	1	21	855.885	815.526	0	0	0	246	0	0	209	0	0	0	0	0.000	0.000	0	0	0	0	0	0	0	0	0	0	0	0	0
143	143	1346	757.174	832.736	105	329	483	350	58	176	674	312	150	13	114.845	130	121	119	117	116	115	114	112	111	109	100	148.608	186	164	159	155	152	149	147	144	139	133	108	0	0	0.000	0.000	0	0	0	0	0	0	0	0	0	0	0	0.000	0.000	0	0	0	0	0	0	0	0	0	0	0	0	0
144	144	1652	896.981	831.156	530	793	241	34	31	751	736	104	14	15	836.410	19133	1271	325	191	151	136	130	125	119	113	100	309.771	3527	402	246	227	215	204	192	181	165	141	106	1	108	892.387	822.556	0	0	0	8033	0	0	1501	0	0	1	92	892.151	823.075	0	0	0	9229	0	0	1773	0	0	0	0	0	0
145	145	2433	1852.631	836.666	271	572	1024	424	90	263	815	890	381	33	1639.121	22406	4184	697	326	224	185	169	160	151	139	102	325.804	2583	637	243	204	189	180	171	162	154	140	102	1	288	1852.789	828.399	0	0	0	10871	0	0	1301	0	0	1	274	1852.687	828.378	0	0	0	11318	0	0	1327	0	0	0	0	0	0
146	146	1811	1520.036	836.755	192	591	650	293	45	212	842	483	201	33	614.575	987	815	752	703	664	627	585	535	482	403	170	124.938	148	136	133	130	128	126	123	120	117	112	100	0	0	0.000	0.000	0	0	0	0	0	0	0	0	0	0	0	0.000	0.000	0	0	0	0	0	0	0	0	0	0	0	0	0
147	147	1441	585.195	833.843	168	465	496	232	51	188	568	492	127	39	735.832	14980	1175	339	213	174	153	143	136	130	124	109	194.312	1596	255	163	148	142	138	133	129	123	116	102	1	95	585.760	828.458	0	0	0	6626	0	0	463	0	0	1	102	587.406	826.821	0	0	0	1813	0	0	772	0	0	0	0	0	0
148	148	1493	1442.096	853.970	159	482	564	233	31	95	343	621	313	92	142.366	1402	143	136	133	131	128	126	124	121	117	103	132.537	230	145	141	138	135	132	130	127	123	118	103	1	24	1432.295	842.015	0	0	0	696	0	0	178	0	0	0	0	0.000	0.000	0	0	0	0	0	0	0	0	0	0	0	0	0
149	149	1276	619.585	870.484	105	296	435	335	90	96	434	454	233	32	196.386	2776	214	154	147	143	140	138	135	131	124	107	137.522	729	145	137	133	130	128	125	122	118	113	103	1	47	620.568	884.211	0	0	0	1220	0	0	333	0	0	1	34	621.589	883.335	0	0	0	1067	0	0	388	0	0	0	0	0	0
150	150	2355	978.557	872.178	397	714	863	309	39	328	853	795	279	43	1568.048	24572	2937	569	304	230	199	180	168	153	137	105	196.729	1356	272	163	148	141	135	130	126	122	115	103	1	240	970.939	865.471	0	0	0	12042	0	0	638	0	0	1	215	971.359	865.357	0	0	0	13476	0	0	722	0	0	0	0	0	0
151	151	1838	749.791	879.144	518	956	275	30	22	566	1047	150	29	17	126.947	1076	129	121	118	116	114	113	111	109	106	99	148.440	246	174	164	158	153	148	144	139	132	119	102	1	35	747.854	873.976	0	0	0	513	0	0	197	0	0	0	0	0.000	0.000	0	0	0	0	0	0	0	0	0	0	0	0	0
152	152	1500	1065.417	894.495	195	573	506	160	37	182	630	447	181	34	109.701	125	115	113	112	111	110	109	107	106	104	99	105.510	123	111	108	106	106	105	104	103	103	101	97	0	0	0.000	0.000	0	0	0	0	0	0	0	0	0	0	0	0.000	0.000	0	0	0	0	0	0	0	0	0	0	0	0	0
153	153	1706	1128.653	900.337	252	353	628	376	58	204	557	639	223	44	111.205	132	116	115	113	112	111	110	109	108	106	100	105.805	123	111	108	107	106	105	105	104	103	102	96	0	0	0.000	0.000	0	0	0	0	0	0	0	0	0	0	0	0.000	0.000	0	0	0	0	0	0	0	0	0	0	0	0	0
154	154	1674	590.597	905.695	366	857	382	31	4	248	849	444	94	7	904.820	7178	1130	1006	930	867	813	766	704	610	436	128	137.551	668	148	136	132	129	127	124	121	118	112	102	1	46	591.200	899.785	0	0	0	4367	0	0	391	0	0	1	54	590.474	900.066	0	0	0	4038	0	0	378	0	0	0	0	0	0
155	155	881	1024.888	905.375	149	295	242	154	31	110	351	230	142	34	138.802	163	151	148	145	143	141	138	135	130	124	106	129.445	156	144	140	136	132	129	126	123	119	115	104	0	0	0.000	0.000	0	0	0	0	0	0	0	0	0	0	0	0.000	0.000	0	0	0	0	0	0	0	0	0	0	0	0	0
156	156	2124	1799.945	940.823	769	1013	269	18	9	561	987	437	97	12	725.372	1118	950	901	852	795	747	704	657	596	422	169	107.971	127	114	111	110	109	107	106	105	104	103	97	0	0	0.000	0.000	0	0	0	0	0	0	0	0	0	0	0	0.000	0.000	0	0	0	0	0	0	0	0	0	0	0	0	0
157	157	1943	1540.208	937.500	464	701	475	242	29	424	781	470	198	35	117.274	145	127	123	121	119	117	115	113	111	108	100	371.564	644	521	471	440	418	389	357	318	267	183	112	0	0	0.000	0.000	0	0	0	0	0	0	0	0	0	0	0	0.000	0.000	0	0	0	0	0	0	0	0	0	0	0	0	0
158	158	1715	1723.909	938.115	171	473	644	355	36	165	508	609	313	91	1905.404	22938	4433	1076	575	408	333	296	261	215	176	123	357.005	4111	705	233	159	139	130	124	120	115	112	104	1	214	1725.598	934.095	0	0	0	11051	0	0	1517	0	0	1	175	1725.232	934.426	0	0	0	13089	0	0	1936	0	0	0	0	0	0
159	159	1910	256.620	939.437	148	583	754	330	51	178	809	632	227	29	111.579	124	117	115	113	112	112	111	110	108	107	101	168.105	227	196	188	182	175	169	162	156	149	139	114	0	0	0.000	0.000	0	0	0	0	0	0	0	0	0	0	0	0.000	0.000	0	0	0	0	0	0	0	0	0	0	0	0	0
160	160	1639	564.828	942.099	178	539	562	305	26	187	600	541	232	51	706.239	14177	989	336	211	167	153	147	142	136	128	106	204.038	2032	250	159	147	143	139	136	132	127	120	104	1	104	561.305	932.928	0	0	0	6815	0	0	917	0	0	1	104	561.214	932.796	0	0	0	6815	0	0	917	0	0	0	0	0	0
161	161	1890	824.580	946.446	285	696	692	179	17	306	916	466	149	18	111.151	125	116	115	113	112	111	110	109	108	106	99	194.057	264	234	225	217	207	197	186	177	165	148	110	0	0	0.000	0.000	0	0	0	0	0	0	0	0	0	0	0	0.000	0.000	0	0	0	0	0	0	0	0	0	0	0	0	0
162	162	1589	772.850	952.052	243	459	558	273	25	189	459	596	242	68	110.452	124	116	114	113	112	110	109	108	107	105	99	197.799	280	241	227	217	208	202	194	185	171	146	105	0	0	0.000	0.000	0	0	0	0	0	0	0	0	0	0	0	0.000	0.000	0	0	0	0	0	0	0	0	0	0	0	0	0
163	163	1032	1135.316	948.075	238	395	303	67	7	150	253	272	251	94	122.813	142	131	129	127	125	123	122	120	117	114	103	137.967	167	151	147	144	142	139	136	134	130	123	104	0	0	0.000	0.000	0	0	0	0	0	0	0	0	0	0	0	0.000	0.000	0	0	0	0	0	0	0	0	0	0	0	0	0
164	164	1144	206.468	956.141	160	271	428	231	36	114	258	386	237	121	110.347	123	115	114	112	111	110	109	108	107	105	101	159.925	203	185	179	172	167	161	156	150	142	132	112	0	0	0.000	0.000	0	0	0	0	0	0	0	0	0	0	0	0.000	0.000	0	0	0	0	0	0	0	0	0	0	0	0	0
165	165	2448	1411.284	978.044	533	595	799	390	90	480	1060	543	307	14	113.433	132	120	118	116	115	114	112	111	109	106	99	436.084	714	639	592	550	504	457	404	357	290	174	106	0	0	0.000	0.000	0	0	0	0	0	0	0	0	0	0	0	0.000	0.000	0	0	0	0	0	0	0	0	0	0	0	0	0
166	166	1435	1757.758	977.340	264	590	416	129	17	176	508	473	183	63	250.521	353	313	297	282	268	257	244	227	204	177	122	119.351	144	129	126	123	121	119	117	115	113	110	102	0	0	0.000	0.000	0	0	0	0	0	0	0	0	0	0	0	0.000	0.000	0	0	0	0	0	0	0	0	0	0	0	0	0
167	167	1735	1021.860	1004.659	313	585	444	291	70	298	681	476	209	34	125.044	235	137	131	127	125	122	120	119	116	113	103	439.911	644	574	542	515	488	456	420	383	336	281	132	0	0	0.000	0.000	0	0	0	0	0	0	0	0	0	0	0	0.000	0.000	0	0	0	0	0	0	0	0	0	0	0	0	0
168	168	1835	1101.975	1004.454	244	538	639	317	51	250	682	567	228	70	626.748	14096	723	235	177	165	158	153	147	140	129	103	179.187	1841	198	142	134	131	127	124	121	117	112	101	1	106	1098.444	993.292	0	0	0	6261	0	0	827	0	0	1	103	1098.377	993.245	0	0	0	6434	0	0	843	0	0	0	0	0	0
169	169	1853	361.846	1019.803	219	588	594	360	63	170	554	624	309	152	557.417	921	755	697	657	615	575	521	455	397	350	185	108.518	125	115	112	110	109	108	107	106	105	103	98	0	0	0.000	0.000	0	0	0	0	0	0	0	0	0	0	0	0.000	0.000	0	0	0	0	0	0	0	0	0	0	0	0	0
170	170	1752	1154.325	1032.069	251	448	635	342	43	166	640	594	283	32	155.256	194	173	168	164	160	157	154	150	143	133	111	127.452	160	143	137	133	130	127	124	122	118	113	102	0	0	0.000	0.000	0	0	0	0	0	0	0	0	0	0	0	0.000	0.000	0	0	0	0	0	0	0	0	0	0	0	0	0
171	171	2255	619.840	1037.306	688	882	586	65	7	661	931	513	109	4	541.494	9134	660	564	496	456	415	383	353	309	250	123	234.814	5298	238	184	169	161	155	150	144	137	125	104	1	44	620.729	1027.393	0	0	0	4935	0	0	2597	0	0	1	54	621.316	1027.191	0	0	0	4165	0	0	2238	0	0	0	0	0	0
172	172	1290	409.776	1043.262	223	419	465	134	13	133	281	483	233	135	559.212	884	785	731	675	634	593	548	474	377	272	133	108.650	131	116	113	110	109	108	107	106	105	103	97	0	0	0.000	0.000	0	0	0	0	0	0	0	0	0	0	0	0.000	0.000	0	0	0	0	0	0	0	0	0	0	0	0	0
173	173	1733	1481.953	1052.732	229	537	583	323	36	327	935	334	94	16	436.070	671	573	532	503	473	447	411	375	342	291	144	132.162	157	144	140	137	135	133	131	128	125	118	103	0	0	0.000	0.000	0	0	0	0	0	0	0	0	0	0	0	0.000	0.000	0	0	0	0	0	0	0	0	0	0	0	0	0
174	174	1587	1434.079	1067.510	277	439	502	314	29	299	493	457	266	46	110.178	124	115	113	112	111	110	109	108	107	105	100	143.320	176	162	157	153	149	145	140	135	129	123	107	0	0	0.000	0.000	0	0	0	0	0	0	0	0	0	0	0	0.000	0.000	0	0	0	0	0	0	0	0	0	0	0	0	0
175	175	1301	470.603	1066.086	93	283	483	381	37	63	354	561	235	63	154.151	197	179	171	165	160	155	150	145	138	128	101	147.654	201	173	165	159	153	146	141	136	130	124	107	0	0	0.000	0.000	0	0	0	0	0	0	0	0	0	0	0	0.000	0.000	0	0	0	0	0	0	0	0	0	0	0	0	0
176	176	2397	560.020	1069.585	576	688	689	339	52	521	987	597	224	22	120.142	141	129	126	124	122	121	118	116	114	111	101	790.375	1217	1043	987	943	894	842	788	714	583	426	204	0	0	0.000	0.000	0	0	0	0	0	0	0	0	0	0	0	0.000	0.000	0	0	0	0	0	0	0	0	0	0	0	0	0
177	177	1423	118.259	1074.400	234	443	521	172	34	164	471	507	217	34	110.034	127	115	113	112	111	110	109	108	107	105	97	204.115	288	254	238	225	215	205	194	185	170	153	117	0	0	0.000	0.000	0	0	0	0	0	0	0	0	0	0	0	0.000	0.000	0	0	0	0	0	0	0	0	0	0	0	0	0
178	178	1922	1134.489	1087.830	194	591	735	326	32	132	352	851	346	197	2844.721	4536	3914	3635	3436	3265	3081	2816	2407	1922	1421	448	206.341	295	256	246	238	228	217	202	186	164	136	104	0	0	0.000	0.000	0	0	0	0	0	0	0	0	0	0	0	0.000	0.000	0	0	0	0	0	0	0	0	0	0	0	0	0
179	179	2098	1521.907	1089.076	377	1166	472	34	14	287	1273	449	39	21	1139.452	21654	1390	618	503	470	445	419	383	335	269	124	245.730	3519	297	169	153	146	142	137	132	127	119	103	1	116	1516.725	1086.870	0	0	0	9813	0	0	1554	0	0	1	109	1516.611	1086.518	0	0	0	10557	0	0	1584	0	0	0	0	0	0
180	180	1614	1898.515	1097.282	96	472	681	293	32	50	325	726	337	140	109.510	124	114	112	111	110	109	108	107	106	105	98	155.373	214	184	174	167	161	154	149	144	139	128	104	0	0	0.000	0.000	0	0	0	0	0	0	0	0	0	0	0	0.000	0.000	0	0	0	0	0	0	0	0	0	0	0	0	0
181	181	1927	1797.591	1102.622	390	812	587	87	17	204	725	591	313	58	136.208	165	149	145	143	140	138	135	131	127	121	101	141.454	179	164	158	152	147	142	137	133	126	116	103	0	0	0.000	0.000	0	0	0	0	0	0	0	0	0	0	0	0.000	0.000	0	0	0	0	0	0	0	0	0	0	0	0	0
182	182	1366	507.305	1099.211	119	324	530	298	64	174	544	397	177	47	1507.520	2457	2162	1967	1779	1623	1502	1387	1229	1085	886	410	113.366	137	123	119	116	114	112	111	109	108	106	99	0	0	0.000	0.000	0	0	0	0	0	0	0	0	0	0	0	0.000	0.000	0	0	0	0	0	0	0	0	0	0	0	0	0
183	183	1274	895.368	1100.443	183	498	414	137	22	84	328	511	213	113	122.969	141	131	129	127	126	124	122	120	117	113	103	141.223	174	160	154	150	146	142	139	135	129	119	102	0	0	0.000	0.000	0	0	0	0	0	0	0	0	0	0	0	0.000	0.000	0	0	0	0	0	0	0	0	0	0	0	0	0
184	184	651	174.366	1092.425	94	248	198	84	17	43	214	202	113	64	308.909	423	388	367	347	326	307	293	279	258	230	138	107.593	123	114	111	109	108	107	106	105	104	103	96	0	0	0.000	0.000	0	0	0	0	0	0	0	0	0	0	0	0.000	0.000	0	0	0	0	0	0	0	0	0	0	0	0	0
185	185	1363	943.955	1103.299	154	437	390	292	58	181	459	430	199	67	269.759	5305	330	173	145	137	133	130	127	123	117	105	204.027	590	246	224	213	204	196	187	178	168	156	113	1	62	934.674	1098.012	0	0	0	2190	0	0	318	0	0	1	31	935.187	1095.103	0	0	0	636	0	0	479	0	0	0	0	0	0
186	186	1878	457.267	1117.577	139	362	687	518	126	116	520	769	378	61	155.402	195	174	168	164	160	157	153	149	144	134	105	148.827	190	170	165	160	155	151	145	140	132	123	104	0	0	0.000	0.000	0	0	0	0	0	0	0	0	0	0	0	0.000	0.000	0	0	0	0	0	0	0	0	0	0	0	0	0
187	187	1630	1580.132	1118.090	403	719	377	85	15	225	637	418	236	72	811.655	1429	1155	1041	959	888	818	751	670	581	466	173	108.967	124	114	112	111	110	109	108	107	106	104	98	0	0	0.000	0.000	0	0	0	0	0	0	0	0	0	0	0	0.000	0.000	0	0	0	0	0	0	0	0	0	0	0	0	0
188	188	1065	612.527	1117.737	106	186	385	315	52	77	284	433	194	50	771.656	1289	1108	1030	939	876	805	741	661	531	333	129	107.925	131	116	112	109	107	106	105	105	104	102	97	0	0	0.000	0.000	0	0	0	0	0	0	0	0	0	0	0	0.000	0.000	0	0	0	0	0	0	0	0	0	0	0	0	0
189	189	1706	1435.953	1125.473	250	537	627	226	38	238	753	473	191	28	583.269	12993	736	264	187	165	156	150	144	138	129	107	335.203	2549	414	327	297	276	260	246	234	220	195	126	1	106	1440.242	1132.874	0	0	0	5224	0	0	1268	0	0	1	86	1440.452	1132.421	0	0	0	6505	0	0	1391	0	0	0	0	0	0
190	190	1702	200.363	1126.396	287	408	523	396	59	218	481	587	293	93	364.260	612	523	477	437	402	370	342	310	270	172	107	105.703	120	110	108	107	106	105	105	104	103	102	98	0	0	0.000	0.000	0	0	0	0	0	0	0	0	0	0	0	0.000	0.000	0	0	0	0	0	0	0	0	0	0	0	0	0
191	191	1561	563.546	1130.059	186	411	560	334	44	141	500	655	217	17	792.784	1425	1180	1057	949	849	773	689	611	542	453	221	110.477	132	120	116	113	110	109	108	106	105	104	99	0	0	0.000	0.000	0	0	0	0	0	0	0	0	0	0	0	0.000	0.000	0	0	0	0	0	0	0	0	0	0	0	0	0
192	192	1543	1711.131	1123.423	209	588	476	222	25	199	704	343	229	41	2490.552	25676	9099	1508	473	263	193	163	152	144	131	105	344.159	3013	788	247	173	153	144	136	127	120	112	102	1	252	1712.187	1119.023	0	0	0	12538	0	0	1121	0	0	1	218	1713.130	1118.467	0	0	0	14033	0	0	1464	0	0	0	0	0	0
193	193	1102	1924.180	1137.339	269	397	351	54	9	173	332	276	226	77	177.278	235	208	200	193	187	181	175	166	153	139	112	127.015	155	140	137	134	132	129	125	122	116	110	98	0	0	0.000	0.000	0	0	0	0	0	0	0	0	0	0	0	0.000	0.000	0	0	0	0	0	0	0	0	0	0	0	0	0
194	194	1664	1115.527	1144.908	294	773	504	58	10	90	429	651	341	125	303.963	6630	362	196	169	159	151	145	139	134	129	111	137.028	895	147	132	126	122	119	116	114	111	109	101	1	59	1107.905	1143.762	0	0	0	2955	0	0	311	0	0	1	60	1108.924	1143.788	0	0	0	2451	0	0	465	0	0	0	0	0	0
195	195	1651	901.898	1144.600	277	524	527	265	32	220	584	500	251	72	664.531	15904	1034	259	162	137	129	124	120	116	112	101	187.243	1434	222	165	156	151	148	144	139	132	121	101	1	98	894.371	1138.096	0	0	0	6284	0	0	711	0	0	1	89	894.119	1137.592	0	0	0	6284	0	0	769	0	0	0	0	0	0
196	196	1708	784.368	1149.137	210	484	618	313	47	163	794	487	202	35	872.147	1415	1232	1150	1075	995	899	786	688	593	491	196	133.828	172	154	149	143	138	133	128	124	119	115	102	0	0	0.000	0.000	0	0	0	0	0	0	0	0	0	0	0	0.000	0.000	0	0	0	0	0	0	0	0	0	0	0	0	0
197	197	1779	499.675	1149.768	322	608	632	177	12	243	698	508	258	37	1408.942	2301	1984	1857	1736	1634	1510	1322	1133	945	701	215	111.667	127	118	116	114	112	111	110	109	107	106	99	0	0	0.000	0.000	0	0	0	0	0	0	0	0	0	0	0	0.000	0.000	0	0	0	0	0	0	0	0	0	0	0	0	0
198	198	936	1824.509	1142.872	232	347	270	58	10	115	349	242	146	68	678.246	9800	1540	478	268	202	170	151	140	132	122	107	194.715	1066	297	193	167	156	148	143	136	129	116	101	1	86	1819.553	1138.704	0	0	0	4215	0	0	472	0	0	1	72	1820.284	1138.968	0	0	0	5104	0	0	626	0	0	0	0	0	0
199	199	2005	1877.497	1158.216	310	734	635	254	32	270	711	616	308	66	413.325	9004	482	253	210	195	182	170	159	149	133	106	154.828	1182	169	144	138	134	130	126	122	118	113	100	1	86	1876.940	1157.858	0	0	0	4053	0	0	560	0	0	1	85	1875.892	1157.461	0	0	0	3177	0	0	586	0	0	0	0	0	0
200	200	1019	954.951	1147.660	176	306	443	64	14	107	237	402	166	91	123.529	143	132	130	128	126	124	123	120	117	113	102	182.647	240	216	208	201	193	186	180	172	161	138	107	0	0	0.000	0.000	0	0	0	0	0	0	0	0	0	0	0	0.000	0.000	0	0	0	0	0	0	0	0	0	0	0	0	0
201	201	686	1395.436	1144.740	124	231	212	70	28	112	240	214	83	22	145.459	179	165	161	157	152	147	142	137	131	121	106	300.125	430	391	374	355	334	314	295	263	228	177	121	0	0	0.000	0.000	0	0	0	0	0	0	0	0	0	0	0	0.000	0.000	0	0	0	0	0	0	0	0	0	0	0	0	0
202	202	1361	1493.911	1164.406	180	451	466	187	35	107	355	553	226	94	1389.069	2248	1908	1739	1626	1525	1422	1299	1172	1021	859	369	111.207	131	117	114	113	112	111	110	109	108	106	101	0	0	0.000	0.000	0	0	0	0	0	0	0	0	0	0	0	0.000	0.000	0	0	0	0	0	0	0	0	0	0	0	0	0
203	203	870	1565.493	1160.748	125	212	274	183	51	100	302	288	152	22	686.100	1121	943	836	767	727	700	660	611	556	429	182	108.574	120	114	112	111	109	108	107	106	105	104	99	0	0	0.000	0.000	0	0	0	0	0	0	0	0	0	0	0	0.000	0.000	0	0	0	0	0	0	0	0	0	0	0	0	0
204	204	1486	1742.700	1164.865	370	492	406	158	34	302	622	340	178	15	147.863	187	170	164	160	156	152	146	140	130	117	103	141.797	181	166	161	156	151	146	140	132	121	109	98	0	0	0.000	0.000	0	0	0	0	0	0	0	0	0	0	0	0.000	0.000	0	0	0	0	0	0	0	0	0	0	0	0	0
205	205	1960	605.741	1167.964	249	545	719	353	49	225	689	731	228	47	1351.871	2208	1838	1689	1547	1461	1381	1287	1179	1043	863	281	112.296	128	119	117	115	113	112	111	109	108	106	101	0	0	0.000	0.000	0	0	0	0	0	0	0	0	0	0	0	0.000	0.000	0	0	0	0	0	0	0	0	0	0	0	0	0
206	206	952	1253.193	1165.032	144	213	269	264	46	145	257	303	193	34	125.697	159	137	132	129	127	124	123	121	119	116	106	233.451	332	289	277	266	253	240	224	208	188	164	122	0	0	0.000	0.000	0	0	0	0	0	0	0	0	0	0	0	0.000	0.000	0	0	0	0	0	0	0	0	0	0	0	0	0
207	207	3130	1209.239	1189.752	489	1267	957	321	45	331	985	1115	469	151	2929.036	14628	4307	3717	3162	2757	2457	2250	1986	1744	1417	366	240.931	1727	288	242	220	204	192	182	172	162	147	108	1	111	1215.104	1182.741	0	0	0	11179	0	0	1180	0	0	1	158	1214.979	1182.771	0	0	0	9724	0	0	983	0	0	0	0	0	0
208	208	1973	1383.560	1193.859	206	740	665	284	36	127	587	740	347	116	119.030	426	126	123	120	118	117	115	114	112	110	102	191.868	261	231	220	211	201	192	184	177	167	151	113	1	24	1398.596	1204.065	0	0	0	218	0	0	164	0	0	0	0	0.000	0.000	0	0	0	0	0	0	0	0	0	0	0	0	0
209	209	1066	1446.162	1183.972	467	395	123	49	13	346	439	194	46	17	137.043	233	165	153	145	139	134	129	124	118	112	102	268.541	1210	388	341	308	276	249	222	188	151	124	106	0	0	0.000	0.000	0	0	0	0	0	0	0	0	0	1	36	1452.030	1190.230	0	0	0	166	0	0	806	0	0	0	0	0	0
210	210	2491	1927.531	1202.899	507	1071	724	134	17	343	816	755	417	118	2491.831	24250	9262	1274	523	332	247	202	180	163	144	107	449.544	4790	1210	257	166	140	128	120	116	112	109	101	1	433	1927.656	1204.120	0	0	0	12309	0	0	1494	0	0	1	326	1927.481	1203.734	0	0	0	18915	0	0	2354	0	0	0	0	0	0
211	211	858	1121.855	1189.648	236	287	269	47	7	150	224	298	129	43	141.494	169	157	152	149	145	142	139	136	131	125	111	116.879	139	125	123	121	119	118	116	114	110	106	100	0	0	0.000	0.000	0	0	0	0	0	0	0	0	0	0	0	0.000	0.000	0	0	0	0	0	0	0	0	0	0	0	0	0
212	212	1524	1537.550	1195.548	174	475	517	295	36	138	479	513	301	69	1317.904	2161	1805	1693	1593	1486	1385	1267	1141	1001	693	191	110.640	125	116	114	113	112	110	110	108	107	105	99	0	0	0.000	0.000	0	0	0	0	0	0	0	0	0	0	0	0.000	0.000	0	0	0	0	0	0	0	0	0	0	0	0	0
213	213	1973	104.676	1210.753	329	666	779	140	21	285	638	682	278	52	1105.197	18217	1599	626	462	411	381	350	318	281	236	122	277.974	4018	381	177	142	132	126	122	119	116	112	95	1	141	105.248	1215.300	0	0	0	8329	0	0	1726	0	0	1	132	105.509	1214.922	0	0	0	9362	0	0	1853	0	0	0	0	0	0
214	214	1345	1273.251	1215.090	85	312	434	385	107	122	432	546	175	48	545.621	7432	684	448	405	375	346	322	297	275	248	156	153.724	951	168	144	139	135	132	128	125	122	117	105	1	62	1271.890	1216.686	0	0	0	3593	0	0	480	0	0	1	63	1272.046	1217.074	0	0	0	3571	0	0	474	0	0	0	0	0	0
215	215	1945	1421.166	1230.386	194	573	742	348	49	170	623	748	309	60	121.669	141	129	127	125	124	122	120	118	116	113	102	186.912	261	225	213	204	197	190	183	174	162	142	103	0	0	0.000	0.000	0	0	0	0	0	0	0	0	0	0	0	0.000	0.000	0	0	0	0	0	0	0	0	0	0	0	0	0
216	216	1840	1165.745	1234.519	696	779	293	21	12	652	752	338	54	10	133.016	165	143	139	137	134	133	131	129	126	124	108	239.915	372	308	286	271	257	245	231	215	193	162	111	0	0	0.000	0.000	0	0	0	0	0	0	0	0	0	0	0	0.000	0.000	0	0	0	0	0	0	0	0	0	0	0	0	0
217	217	2707	764.932	1260.448	564	849	923	293	24	416	719	1031	429	55	178.464	236	207	200	195	190	183	176	167	156	142	107	132.791	169	152	146	142	137	133	129	124	119	114	100	0	0	0.000	0.000	0	0	0	0	0	0	0	0	0	0	0	0.000	0.000	0	0	0	0	0	0	0	0	0	0	0	0	0
218	218	1035	1370.306	1250.884	129	244	310	273	69	118	252	295	279	69	124.042	164	132	129	127	125	123	122	121	119	116	107	170.628	216	196	189	185	180	174	169	162	153	139	105	0	0	0.000	0.000	0	0	0	0	0	0	0	0	0	0	0	0.000	0.000	0	0	0	0	0	0	0	0	0	0	0	0	0
219	219	1084	1465.252	1254.976	88	215	420	285	57	51	255	526	182	45	214.880	285	247	236	229	222	217	211	205	198	181	115	137.054	161	149	145	143	140	138	136	133	129	123	106	0	0	0.000	0.000	0	0	0	0	0	0	0	0	0	0	0	0.000	0.000	0	0	0	0	0	0	0	0	0	0	0	0	0
220	220	1834	1116.953	1260.281	227	724	704	131	9	119	504	730	321	118	461.522	9412	607	231	188	176	169	163	158	152	144	116	143.467	708	158	135	131	127	125	123	120	117	114	103	1	102	1115.427	1270.365	0	0	0	3923	0	0	371	0	0	1	95	1115.782	1269.464	0	0	0	3628	0	0	397	0	0	0	0	0	0
221	221	674	1570.780	1252.760	220	271	134	25	11	123	335	126	57	24	131.128	166	148	142	138	135	132	129	124	118	114	104	125.822	151	141	138	134	131	127	123	118	112	109	102	0	0	0.000	0.000	0	0	0	0	0	0	0	0	0	0	0	0.000	0.000	0	0	0	0	0	0	0	0	0	0	0	0	0
222	222	1916	158.085	1267.949	355	784	552	162	22	216	575	697	301	91	686.929	1295	1078	909	791	699	648	588	532	465	399	197	103.999	116	107	106	105	105	104	103	103	102	101	96	0	0	0.000	0.000	0	0	0	0	0	0	0	0	0	0	0	0.000	0.000	0	0	0	0	0	0	0	0	0	0	0	0	0
223	223	1708	1421.279	1284.837	237	486	589	305	61	201	533	590	263	94	222.256	342	279	257	243	230	221	211	200	186	169	119	139.196	185	159	151	147	143	139	135	131	127	121	103	0	0	0.000	0.000	0	0	0	0	0	0	0	0	0	0	0	0.000	0.000	0	0	0	0	0	0	0	0	0	0	0	0	0
224	224	1629	305.887	1285.713	248	541	525	238	35	143	366	528	378	176	332.085	2590	388	367	350	330	310	290	272	247	206	122	115.587	254	127	120	117	114	113	111	110	108	106	95	1	33	314.708	1286.457	0	0	0	1348	0	0	133	0	0	1	28	317.391	1287.546	0	0	0	673	0	0	192	0	0	0	0	0	0
225	225	1604	1604.385	1287.787	272	579	516	207	17	207	529	472	294	76	308.005	465	399	375	357	339	316	291	266	239	204	133	132.015	173	153	146	140	135	131	127	123	118	113	100	0	0	0.000	0.000	0	0	0	0	0	0	0	0	0	0	0	0.000	0.000	0	0	0	0	0	0	0	0	0	0	0	0	0
226	226	1694	1490.620	1291.365	349	566	474	238	41	331	590	490	196	57	116.664	153	122	120	119	118	117	116	114	112	111	103	234.957	356	312	295	279	260	240	219	199	175	147	107	0	0	0.000	0.000	0	0	0	0	0	0	0	0	0	0	0	0.000	0.000	0	0	0	0	0	0	0	0	0	0	0	0	0
227	227	1590	1367.950	1293.152	369	610	473	87	18	205	597	484	211	67	1997.331	3556	2989	2693	2440	2213	1993	1769	1544	1300	1111	325	110.685	133	119	115	113	112	110	109	107	106	104	99	0	0	0.000	0.000	0	0	0	0	0	0	0	0	0	0	0	0.000	0.000	0	0	0	0	0	0	0	0	0	0	0	0	0
228	228	1657	1091.757	1304.530	171	486	590	312	69	182	422	524	372	115	654.826	1053	880	824	763	706	651	597	543	489	442	252	106.634	120	111	109	108	107	106	106	105	104	103	96	0	0	0.000	0.000	0	0	0	0	0	0	0	0	0	0	0	0.000	0.000	0	0	0	0	0	0	0	0	0	0	0	0	0
229	229	1712	1558.097	1319.864	300	744	513	109	17	209	601	562	254	60	1020.832	1834	1422	1289	1201	1110	1024	932	856	764	625	212	116.757	143	126	123	120	118	116	114	113	111	108	100	0	0	0.000	0.000	0	0	0	0	0	0	0	0	0	0	0	0.000	0.000	0	0	0	0	0	0	0	0	0	0	0	0	0
230	230	1494	934.417	1324.416	255	598	477	130	12	206	623	393	222	31	149.029	849	158	148	145	142	140	137	133	129	121	105	124.218	290	138	132	128	124	122	120	117	114	109	99	1	31	930.509	1327.193	0	0	0	469	0	0	179	0	0	1	28	930.241	1325.603	0	0	0	306	0	0	200	0	0	0	0	0	0
231	231	1875	250.072	1334.943	317	829	554	113	35	414	1084	311	25	15	387.583	662	549	487	450	415	387	352	321	279	230	141	140.001	186	162	155	149	144	139	135	130	125	119	104	0	0	0.000	0.000	0	0	0	0	0	0	0	0	0	0	0	0.000	0.000	0	0	0	0	0	0	0	0	0	0	0	0	0
232	232	1753	1450.884	1334.287	198	560	738	196	30	86	353	798	335	137	144.654	176	161	157	153	150	146	143	138	132	124	109	140.440	182	162	156	151	146	141	136	130	125	119	105	0	0	0.000	0.000	0	0	0	0	0	0	0	0	0	0	0	0.000	0.000	0	0	0	0	0	0	0	0	0	0	0	0	0
233	233	1037	1132.714	1334.173	119	231	418	220	28	100	396	330	173	15	738.170	1147	1010	947	889	833	776	711	620	526	393	203	107.154	123	113	110	109	108	107	106	105	104	103	95	0	0	0.000	0.000	0	0	0	0	0	0	0	0	0	0	0	0.000	0.000	0	0	0	0	0	0	0	0	0	0	0	0	0
234	234	1852	325.813	1346.011	349	545	597	298	35	259	476	695	282	110	1015.384	18481	1401	533	436	401	379	360	340	307	253	125	186.487	1928	228	137	125	121	118	116	114	112	109	100	1	113	326.547	1356.523	0	0	0	8197	0	0	987	0	0	1	121	326.249	1356.361	0	0	0	7867	0	0	920	0	0	0	0	0	0
235	235	1733	1607.294	1340.215	352	604	539	179	22	261	677	458	239	75	994.118	16434	1369	512	462	421	384	362	329	281	225	123	204.814	2119	252	159	147	140	136	132	128	123	116	102	1	120	1596.691	1338.483	0	0	0	7716	0	0	874	0	0	1	101	1597.325	1338.265	0	0	0	8808	0	0	1037	0	0	0	0	0	0
236	236	1684	1509.498	1336.453	176	562	654	249	20	169	711	533	204	35	817.846	15571	1194	383	230	181	162	154	146	139	130	106	169.789	984	207	157	148	143	139	135	131	126	119	103	1	123	1508.832	1328.634	0	0	0	6904	0	0	482	0	0	1	98	1509.054	1328.764	0	0	0	8967	0	0	577	0	0	0	0	0	0
237	237	1210	862.933	1343.924	141	329	364	279	73	125	509	332	175	46	123.002	141	132	129	128	126	124	122	119	116	112	101	155.717	194	178	173	169	164	159	152	145	137	129	110	0	0	0.000	0.000	0	0	0	0	0	0	0	0	0	0	0	0.000	0.000	0	0	0	0	0	0	0	0	0	0	0	0	0
238	238	1666	965.696	1363.514	313	745	487	73	8	271	878	402	83	8	441.028	10527	539	210	160	151	145	139	134	128	121	103	149.785	1118	158	137	132	129	126	123	119	116	111	100	1	79	954.607	1364.703	0	0	0	4481	0	0	517	0	0	1	69	954.557	1364.954	0	0	0	4858	0	0	542	0	0	0	0	0	0
239	239	1321	1039.167	1363.585	213	476	269	276	59	269	405	333	227	68	214.951	3759	215	170	161	154	149	144	139	135	129	108	164.537	992	187	168	160	153	148	144	140	133	126	105	1	42	1029.162	1375.946	0	0	0	1591	0	0	230	0	0	1	37	1031.522	1376.163	0	0	0	731	0	0	512	0	0	0	0	0	0
240	240	1683	1105.115	1372.634	288	556	626	176	12	212	422	627	284	100	652.322	13960	944	305	199	168	153	144	137	130	122	104	173.774	1105	218	164	153	145	138	133	129	124	118	103	1	103	1103.235	1373.201	0	0	0	6412	0	0	590	0	0	1	97	1103.925	1373.058	0	0	0	6475	0	0	627	0	0	0	0	0	0
241	241	1749	1438.755	1383.636	625	371	440	254	35	512	603	337	191	67	119.893	142	131	127	124	122	120	118	115	113	109	100	115.938	144	131	125	121	116	113	111	109	108	106	100	0	0	0.000	0.000	0	0	0	0	0	0	0	0	0	0	0	0.000	0.000	0	0	0	0	0	0	0	0	0	0	0	0	0
242	242	1338	1263.552	1388.188	617	401	196	88	23	744	337	163	65	17	135.377	210	150	142	139	136	134	132	130	127	124	111	110.325	129	117	115	113	111	109	108	107	106	104	99	0	0	0.000	0.000	0	0	0	0	0	0	0	0	0	0	0	0.000	0.000	0	0	0	0	0	0	0	0	0	0	0	0	0
243	243	1508	1497.388	1381.244	211	411	453	344	61	171	532	460	249	64	853.721	15047	953	471	409	376	345	312	281	253	213	125	159.156	1648	160	130	125	122	119	116	113	110	107	98	1	105	1499.116	1368.071	0	0	0	7563	0	0	719	0	0	1	91	1499.408	1367.451	0	0	0	8768	0	0	801	0	0	0	0	0	0
244	244	1853	230.382	1392.037	274	602	628	257	53	325	1023	389	80	6	346.278	522	433	407	389	375	358	342	319	285	230	135	135.425	172	150	145	142	139	136	134	130	125	119	103	0	0	0.000	0.000	0	0	0	0	0	0	0	0	0	0	0	0.000	0.000	0	0	0	0	0	0	0	0	0	0	0	0	0
245	245	1296	1066.405	1400.279	275	523	372	94	12	168	602	322	164	16	147.437	909	152	144	141	138	136	133	129	124	117	103	135.693	275	150	145	142	139	136	133	130	124	115	98	1	35	1053.727	1395.538	0	0	0	466	0	0	182	0	0	0	0	0.000	0.000	0	0	0	0	0	0	0	0	0	0	0	0	0
246	246	1510	129.790	1400.518	346	559	411	150	19	297	649	323	193	27	108.152	124	113	111	110	109	108	107	106	105	104	98	105.689	129	114	109	106	105	104	103	103	102	101	96	0	0	0.000	0.000	0	0	0	0	0	0	0	0	0	0	0	0.000	0.000	0	0	0	0	0	0	0	0	0	0	0	0	0
247	247	1118	276.580	1400.850	150	294	361	259	29	86	278	450	209	73	228.419	359	296	266	250	237	223	213	204	193	170	119	120.232	149	130	126	124	122	120	118	116	114	110	101	0	0	0.000	0.000	0	0	0	0	0	0	0	0	0	0	0	0.000	0.000	0	0	0	0	0	0	0	0	0	0	0	0	0
248	248	2117	334.557	1420.027	330	659	705	328	52	279	596	734	381	72	696.237	16486	729	263	185	160	147	138	130	124	117	103	361.444	2016	505	436	391	348	312	279	251	219	181	111	1	115	333.378	1419.205	0	0	0	8253	0	0	900	0	0	1	87	331.417	1418.666	0	0	0	4405	0	0	1234	0	0	0	0	0	0
249	249	2726	1567.554	1429.765	873	687	638	384	92	774	961	584	311	56	122.636	254	135	131	128	125	123	119	116	112	108	100	1018.499	1731	1449	1364	1298	1226	1109	966	842	633	408	159	1	21	1567.009	1404.354	0	0	0	205	0	0	1132	0	0	0	0	0.000	0.000	0	0	0	0	0	0	0	0	0	0	0	0	0
250	250	558	690.364	1419.907	70	141	153	134	48	72	90	204	107	74	109.014	120	114	112	111	110	109	108	107	106	104	101	154.039	192	173	168	163	159	155	150	146	141	134	106	0	0	0.000	0.000	0	0	0	0	0	0	0	0	0	0	0	0.000	0.000	0	0	0	0	0	0	0	0	0	0	0	0	0
251	251	1282	1469.389	1429.466	262	433	402	137	22	179	501	327	175	66	366.801	1879	470	435	405	375	350	326	305	279	228	140	115.710	191	125	121	119	116	114	113	111	109	107	97	1	15	1477.688	1435.351	0	0	0	1332	0	0	131	0	0	1	12	1479.153	1437.466	0	0	0	624	0	0	160	0	0	0	0	0	0
252	252	1547	451.655	1432.662	256	515	498	222	37	252	503	476	238	48	278.807	7230	305	159	138	131	127	124	121	117	112	100	231.795	1299	283	251	234	222	213	205	196	179	135	103	1	52	458.588	1418.673	0	0	0	3114	0	0	418	0	0	1	46	457.312	1420.030	0	0	0	1495	0	0	796	0	0	0	0	0	0
253	253	629	1419.062	1427.107	118	179	202	84	30	156	247	150	52	12	114.852	129	122	120	118	117	115	113	112	110	107	102	124.472	160	137	132	129	126	124	122	119	116	113	105	0	0	0.000	0.000	0	0	0	0	0	0	0	0	0	0	0	0.000	0.000	0	0	0	0	0	0	0	0	0	0	0	0	0
254	254	1226	1261.955	1441.421	773	292	79	40	27	769	260	108	53	21	125.131	155	138	134	131	128	125	122	120	116	111	102	109.221	123	115	113	112	111	109	108	107	105	103	99	0	0	0.000	0.000	0	0	0	0	0	0	0	0	0	0	0	0.000	0.000	0	0	0	0	0	0	0	0	0	0	0	0	0
255	255	1780	1379.303	1447.215	321	643	533	208	35	385	709	496	145	12	111.520	130	119	116	114	113	111	110	108	107	105	97	124.570	150	138	135	132	129	125	122	119	114	109	100	0	0	0.000	0.000	0	0	0	0	0	0	0	0	0	0	0	0.000	0.000	0	0	0	0	0	0	0	0	0	0	0	0	0
256	256	1647	722.081	1448.446	254	469	564	287	48	161	406	659	271	120	113.470	510	118	115	112	111	110	109	107	106	105	96	160.355	218	188	180	174	168	163	157	151	143	127	103	1	20	711.704	1442.688	0	0	0	289	0	0	154	0	0	0	0	0.000	0.000	0	0	0	0	0	0	0	0	0	0	0	0	0
257	257	2022	267.286	1454.718	264	622	711	352	35	230	818	699	211	31	1051.789	15726	2111	504	275	196	164	149	137	128	121	104	263.696	1780	424	237	203	191	182	171	159	145	132	104	1	205	262.131	1454.386	0	0	0	7626	0	0	919	0	0	1	181	261.013	1454.157	0	0	0	7696	0	0	995	0	0	0	0	0	0
258	258	1246	118.562	1446.553	230	352	439	185	21	158	302	432	203	127	108.778	124	114	112	111	110	108	107	106	105	104	99	106.855	144	118	110	107	105	104	104	103	102	101	94	0	0	0.000	0.000	0	0	0	0	0	0	0	0	0	0	0	0.000	0.000	0	0	0	0	0	0	0	0	0	0	0	0	0
259	259	1800	176.905	1483.137	116	531	686	348	79	213	645	611	227	73	367.917	8524	455	207	155	137	130	126	122	119	114	97	174.756	722	204	182	174	166	159	154	149	143	134	107	1	86	186.647	1484.981	0	0	0	3543	0	0	428	0	0	1	70	186.817	1485.159	0	0	0	4247	0	0	469	0	0	0	0	0	0
260	260	1583	1310.100	1484.027	472	479	422	167	19	352	542	401	214	52	113.387	130	120	118	116	115	114	112	111	109	106	99	248.174	372	319	300	284	269	254	239	221	199	165	111	0	0	0.000	0.000	0	0	0	0	0	0	0	0	0	0	0	0.000	0.000	0	0	0	0	0	0	0	0	0	0	0	0	0
261	261	2397	1256.660	1507.089	704	1010	525	100	16	516	1057	574	182	35	113.515	130	121	119	117	115	114	112	110	108	106	98	256.260	374	319	305	296	285	275	257	232	197	159	112	0	0	0.000	0.000	0	0	0	0	0	0	0	0	0	0	0	0.000	0.000	0	0	0	0	0	0	0	0	0	0	0	0	0
262	262	2321	263.100	1522.009	351	769	775	325	60	236	689	819	427	107	135.606	168	151	147	144	141	137	134	130	124	117	101	186.845	258	232	224	215	204	192	177	163	147	134	111	0	0	0.000	0.000	0	0	0	0	0	0	0	0	0	0	0	0.000	0.000	0	0	0	0	0	0	0	0	0	0	0	0	0
263	263	1186	1058.665	1523.537	641	313	134	61	22	496	346	256	54	18	205.802	2409	264	166	154	148	141	135	128	122	114	101	236.400	2448	289	218	205	193	181	168	155	141	126	107	1	57	1061.389	1531.935	0	0	0	1117	0	0	1085	0	0	1	46	1061.756	1532.176	0	0	0	1278	0	0	1284	0	0	0	0	0	0
264	264	628	417.499	1540.175	76	225	177	113	29	137	211	133	108	25	116.185	131	123	121	119	118	116	115	113	111	109	101	125.312	144	135	131	130	127	126	124	122	119	115	108	0	0	0.000	0.000	0	0	0	0	0	0	0	0	0	0	0	0.000	0.000	0	0	0	0	0	0	0	0	0	0	0	0	0
265	265	2122	559.814	1555.949	265	633	736	375	63	228	766	700	344	47	659.183	16456	789	264	178	152	143	138	133	127	120	104	156.869	1154	167	140	135	132	129	126	123	120	115	102	1	110	554.807	1546.116	0	0	0	7269	0	0	552	0	0	1	104	555.408	1545.782	0	0	0	8079	0	0	571	0	0	0	0	0	0
266	266	1734	378.080	1556.303	254	557	595	225	71	152	449	679	341	81	477.366	11621	614	240	163	140	134	130	127	123	117	101	163.449	1094	180	152	147	144	140	135	131	125	119	100	1	82	381.863	1546.415	0	0	0	5494	0	0	415	0	0	1	78	382.812	1546.297	0	0	0	5179	0	0	558	0	0	0	0	0	0
267	267	2516	83.542	1568.582	450	870	773	310	76	387	882	811	327	73	1533.796	23412	2572	707	457	371	327	300	272	233	180	106	204.683	1943	292	146	129	121	116	113	110	108	105	99	1	235	77.518	1567.499	0	0	0	11488	0	0	878	0	0	1	226	77.629	1567.723	0	0	0	12396	0	0	920	0	0	0	0	0	0
268	268	2078	864.986	1591.514	934	839	241	23	7	450	861	456	215	52	114.418	147	123	119	117	115	114	112	110	109	106	98	346.956	550	467	443	421	397	363	326	289	247	197	118	0	0	0.000	0.000	0	0	0	0	0	0	0	0	0	0	0	0.000	0.000	0	0	0	0	0	0	0	0	0	0	0	0	0
269	269	1040	1265.326	1586.632	120	422	305	153	24	108	362	314	201	33	612.073	894	744	695	669	650	627	604	576	524	440	286	163.978	213	182	175	172	168	165	162	157	152	143	117	0	0	0.000	0.000	0	0	0	0	0	0	0	0	0	0	0	0.000	0.000	0	0	0	0	0	0	0	0	0	0	0	0	0
270	270	1783	205.736	1600.363	196	473	742	274	57	128	385	814	360	63	184.142	2758	202	151	141	137	134	130	127	123	118	104	195.335	775	229	213	202	193	185	177	168	160	149	117	1	56	211.407	1606.148	0	0	0	1153	0	0	417	0	0	1	41	211.802	1604.713	0	0	0	903	0	0	527	0	0	0	0	0	0
271	271	2502	1577.497	1617.037	774	1029	570	77	9	490	998	606	334	28	902.482	20511	1078	316	198	159	142	133	126	120	113	99	237.892	2361	293	206	186	172	162	152	144	136	128	106	1	157	1573.257	1619.009	0	0	0	9250	0	0	1131	0	0	1	145	1572.972	1618.017	0	0	0	8670	0	0	1201	0	0	0	0	0	0
272	272	1584	87.432	1630.716	784	555	132	78	18	688	643	169	53	8	131.410	185	152	145	140	135	131	127	122	117	111	100	688.373	1269	1070	957	864	788	727	642	535	389	242	128	0	0	0.000	0.000	0	0	0	0	0	0	0	0	0	0	0	0.000	0.000	0	0	0	0	0	0	0	0	0	0	0	0	0
273	273	1534	135.349	1632.239	258	437	540	240	28	181	309	564	355	101	128.450	1486	125	120	118	117	115	113	112	110	107	100	132.066	172	145	141	138	135	132	130	127	123	117	105	1	27	124.306	1615.292	0	0	0	547	0	0	128	0	0	0	0	0.000	0.000	0	0	0	0	0	0	0	0	0	0	0	0	0
274	274	2121	701.745	1646.898	292	693	743	296	47	198	740	735	350	60	227.970	314	279	265	255	245	235	222	208	189	167	121	142.149	178	162	156	152	147	143	138	133	128	122	104	0	0	0.000	0.000	0	0	0	0	0	0	0	0	0	0	0	0.000	0.000	0	0	0	0	0	0	0	0	0	0	0	0	0
275	275	1696	658.294	1649.321	162	635	622	215	29	92	558	714	227	65	1529.423	22746	3331	685	335	242	209	191	177	166	156	124	240.572	2379	393	165	139	130	124	120	117	114	112	103	1	181	664.135	1652.037	0	0	0	10048	0	0	966	0	0	1	164	664.004	1651.910	0	0	0	11876	0	0	1099	0	0	0	0	0	0
276	276	2231	1226.443	1661.633	319	909	752	197	20	183	649	894	414	57	130.065	2050	127	122	120	119	117	116	114	112	110	102	210.382	298	257	241	226	216	207	199	193	184	172	125	0	0	0.000	0.000	0	0	0	0	0	0	0	0	0	0	0	0.000	0.000	0	0	0	0	0	0	0	0	0	0	0	0	0
277	277	2029	212.490	1665.925	272	821	631	226	34	179	668	710	368	74	575.029	11949	763	208	157	146	142	138	133	127	119	101	234.358	1295	281	238	222	211	203	193	183	167	148	112	1	131	207.203	1676.889	0	0	0	5318	0	0	688	0	0	1	103	207.822	1676.969	0	0	0	6648	0	0	788	0	0	0	0	0	0
278	278	1282	416.611	1659.402	268	451	329	182	32	178	501	327	184	68	122.363	144	131	129	127	125	123	121	118	116	112	102	173.505	219	199	192	187	181	176	171	165	153	142	119	0	0	0.000	0.000	0	0	0	0	0	0	0	0	0	0	0	0.000	0.000	0	0	0	0	0	0	0	0	0	0	0	0	0
279	279	2766	1549.768	1670.627	707	857	871	268	20	506	684	964	399	167	126.043	154	137	134	132	130	128	125	122	117	111	99	164.680	227	196	188	180	173	167	161	154	142	126	105	0	0	0.000	0.000	0	0	0	0	0	0	0	0	0	0	0	0.000	0.000	0	0	0	0	0	0	0	0	0	0	0	0	0
280	280	1421	122.623	1683.056	210	467	544	157	25	108	308	551	340	79	113.985	129	121	118	117	115	114	113	111	110	107	100	127.615	154	140	136	132	130	128	125	123	120	115	102	0	0	0.000	0.000	0	0	0	0	0	0	0	0	0	0	0	0.000	0.000	0	0	0	0	0	0	0	0	0	0	0	0	0
281	281	1127	963.581	1680.697	181	310	357	216	49	112	348	391	181	72	129.450	153	142	139	136	133	130	127	125	121	115	102	120.039	141	130	127	124	122	120	118	116	113	110	104	0	0	0.000	0.000	0	0	0	0	0	0	0	0	0	0	0	0.000	0.000	0	0	0	0	0	0	0	0	0	0	0	0	0
282	282	1568	170.870	1690.627	179	476	527	281	60	121	521	520	315	53	209.842	850	240	223	215	208	202	196	188	178	160	119	114.723	156	122	119	117	116	114	113	111	110	108	101	2	11	157.923	1696.951	17	177.824	1679.731	541	549	0	120	132	0	0	0	0.000	0.000	0	0	0	0	0	0	0	0	0	0	0	0	0
283	283	1861	622.903	1691.438	377	857	500	79	14	173	609	693	256	85	399.603	7347	437	295	270	251	236	224	213	201	182	113	140.277	864	147	134	129	126	123	121	119	117	114	103	1	70	623.253	1700.023	0	0	0	3477	0	0	352	0	0	1	67	624.244	1699.411	0	0	0	2943	0	0	468	0	0	0	0	0	0
284	284	2140	1904.495	1709.612	348	649	700	330	76	220	644	768	361	99	2550.260	28260	9260	1017	339	211	182	169	160	148	134	106	356.337	3345	935	222	149	138	131	126	122	119	114	101	1	349	1905.078	1715.737	0	0	0	14107	0	0	1300	0	0	1	285	1905.450	1715.311	0	0	0	18123	0	0	1611	0	0	0	0	0	0
285	285	1790	401.129	1705.587	384	540	517	282	25	296	581	515	274	87	572.619	16241	711	257	174	148	137	131	127	122	115	99	213.541	1257	235	215	206	199	194	187	176	162	142	116	1	79	389.514	1705.537	0	0	0	6803	0	0	674	0	0	1	64	389.624	1705.357	0	0	0	8278	0	0	779	0	0	0	0	0	0
286	286	963	1194.723	1700.979	85	360	343	140	15	104	427	307	87	14	120.324	137	128	126	124	123	121	119	117	115	112	102	245.552	320	285	274	266	259	253	245	233	218	193	127	0	0	0.000	0.000	0	0	0	0	0	0	0	0	0	0	0	0.000	0.000	0	0	0	0	0	0	0	0	0	0	0	0	0
287	287	1836	516.919	1723.318	417	843	425	96	10	496	1037	245	25	6	107.042	118	111	110	109	108	107	106	105	105	103	99	202.190	286	248	231	219	211	203	194	184	172	159	112	0	0	0.000	0.000	0	0	0	0	0	0	0	0	0	0	0	0.000	0.000	0	0	0	0	0	0	0	0	0	0	0	0	0
288	288	683	1843.306	1717.074	75	256	214	108	16	58	288	206	100	26	233.794	317	284	267	254	247	240	233	221	204	175	117	113.201	130	122	119	117	115	113	111	109	107	105	100	0	0	0.000	0.000	0	0	0	0	0	0	0	0	0	0	0	0.000	0.000	0	0	0	0	0	0	0	0	0	0	0	0	0
289	289	1072	1209.934	1737.460	218	395	308	111	19	194	428	238	142	52	121.846	230	129	126	124	123	121	120	118	116	113	103	302.821	460	362	348	336	323	307	294	282	266	236	134	0	0	0.000	0.000	0	0	0	0	0	0	0	0	0	0	0	0.000	0.000	0	0	0	0	0	0	0	0	0	0	0	0	0
290	290	1781	965.924	1752.475	117	626	596	340	62	88	746	599	270	38	479.456	735	609	580	556	524	491	456	420	381	322	176	109.499	130	115	113	111	110	109	108	107	106	105	98	0	0	0.000	0.000	0	0	0	0	0	0	0	0	0	0	0	0.000	0.000	0	0	0	0	0	0	0	0	0	0	0	0	0
291	291	1719	1847.237	1759.461	182	570	626	256	47	240	772	448	192	29	500.798	8358	589	378	345	315	290	270	251	231	203	115	126.738	595	134	122	118	116	114	112	111	109	107	99	1	78	1852.648	1765.212	0	0	0	3883	0	0	316	0	0	1	75	1851.530	1765.185	0	0	0	2717	0	0	316	0	0	0	0	0	0
292	292	1906	494.995	1764.770	293	612	691	246	40	265	731	593	257	35	108.686	123	114	112	111	110	109	108	107	105	104	98	216.536	299	262	249	238	226	216	207	197	187	169	122	0	0	0.000	0.000	0	0	0	0	0	0	0	0	0	0	0	0.000	0.000	0	0	0	0	0	0	0	0	0	0	0	0	0
293	293	1690	1594.035	1774.141	280	704	539	124	12	185	564	538	298	70	523.524	11523	737	256	179	153	140	133	127	121	115	101	153.936	748	169	153	146	141	136	133	129	123	119	104	1	98	1586.721	1770.558	0	0	0	4998	0	0	394	0	0	1	82	1586.772	1770.512	0	0	0	5871	0	0	422	0	0	0	0	0	0
294	294	1742	1201.185	1783.750	398	713	495	96	11	189	596	563	301	51	128.641	1135	133	123	120	118	117	115	113	111	108	100	299.875	529	372	350	337	326	313	295	271	246	204	120	1	33	1199.157	1787.499	0	0	0	479	0	0	358	0	0	0	0	0.000	0.000	0	0	0	0	0	0	0	0	0	0	0	0	0
295	295	2997	216.506	1798.705	451	1103	897	414	71	363	1107	961	441	81	4612.711	36894	23856	3897	1204	625	410	298	230	192	166	112	1620.279	14173	6857	1283	476	298	228	191	166	150	138	104	1	709	215.323	1795.929	0	0	0	19519	0	0	5261	0	0	1	569	215.480	1795.976	0	0	0	24342	0	0	7205	0	0	0	0	0	0
296	296	1454	1557.936	1806.139	248	525	426	199	23	149	543	367	256	105	136.502	1007	144	136	132	130	127	125	122	118	114	102	132.301	207	147	142	138	135	132	129	126	122	117	104	1	25	1562.433	1802.861	0	0	0	491	0	0	166	0	0	0	0	0.000	0.000	0	0	0	0	0	0	0	0	0	0	0	0	0
297	297	1998	545.705	1809.603	249	622	717	340	34	206	557	708	375	111	113.041	128	119	117	115	114	113	112	111	109	107	99	199.491	289	251	235	222	209	197	187	179	167	148	109	0	0	0.000	0.000	0	0	0	0	0	0	0	0	0	0	0	0.000	0.000	0	0	0	0	0	0	0	0	0	0	0	0	0
298	298	2287	276.276	1816.645	583	985	582	89	17	555	1238	432	25	7	489.466	8566	614	322	266	237	214	197	184	172	156	116	235.340	2807	286	189	169	157	149	143	137	130	123	106	1	127	272.117	1811.090	0	0	0	4053	0	0	1290	0	0	1	125	272.477	1811.342	0	0	0	4232	0	0	1325	0	0	0	0	0	0
299	299	1787	1117.202	1814.583	339	774	519	110	10	188	736	541	256	31	274.339	1500	336	316	302	291	279	265	248	221	187	114	136.781	285	151	148	145	141	138	134	129	124	118	104	0	0	0.000	0.000	0	0	0	0	0	0	0	0	0	0	0	0.000	0.000	0	0	0	0	0	0	0	0	0	0	0	0	0
300	300	1095	1167.196	1818.737	181	351	358	163	20	109	376	345	196	46	312.032	505	420	386	357	334	311	285	265	242	211	127	143.260	186	167	161	155	150	144	139	133	127	116	104	0	0	0.000	0.000	0	0	0	0	0	0	0	0	0	0	0	0.000	0.000	0	0	0	0	0	0	0	0	0	0	0	0	0
301	301	1653	1749.354	1858.750	324	577	461	239	27	322	685	419	176	8	110.293	145	116	114	112	111	110	109	108	106	104	96	131.541	159	145	140	137	134	132	130	127	123	117	103	0	0	0.000	0.000	0	0	0	0	0	0	0	0	0	0	0	0.000	0.000	0	0	0	0	0	0	0	0	0	0	0	0	0
302	302	2683	648.553	1863.540	406	664	935	534	101	320	643	1069	500	100	160.437	207	186	180	175	169	163	156	150	142	129	104	327.562	507	452	422	391	360	332	299	266	235	203	122	0	0	0.000	0.000	0	0	0	0	0	0	0	0	0	0	0	0.000	0.000	0	0	0	0	0	0	0	0	0	0	0	0	0
303	303	2085	565.623	1863.487	268	563	683	444	88	233	614	709	421	65	113.555	127	120	118	116	115	114	112	111	109	107	98	192.957	288	247	225	212	201	193	182	173	161	142	108	0	0	0.000	0.000	0	0	0	0	0	0	0	0	0	0	0	0.000	0.000	0	0	0	0	0	0	0	0	0	0	0	0	0
304	304	1920	1817.456	1865.747	298	765	541	259	23	363	832	417	228	45	1272.772	2314	1951	1691	1568	1433	1268	1125	990	792	613	242	111.680	140	120	116	114	112	111	109	108	106	105	98	0	0	0.000	0.000	0	0	0	0	0	0	0	0	0	0	0	0.000	0.000	0	0	0	0	0	0	0	0	0	0	0	0	0
305	305	1487	1267.415	1889.742	309	471	409	239	36	203	481	404	261	108	547.831	802	732	696	655	614	567	514	454	396	341	185	107.633	121	112	111	109	108	107	106	105	105	103	97	0	0	0.000	0.000	0	0	0	0	0	0	0	0	0	0	0	0.000	0.000	0	0	0	0	0	0	0	0	0	0	0	0	0
306	306	1861	1707.962	1896.336	290	653	584	261	38	206	707	538	295	80	113.500	132	120	118	116	115	114	112	111	109	107	99	132.152	170	151	145	140	135	131	127	124	120	115	101	0	0	0.000	0.000	0	0	0	0	0	0	0	0	0	0	0	0.000	0.000	0	0	0	0	0	0	0	0	0	0	0	0	0
307	307	2165	593.825	1902.884	394	679	736	284	29	347	800	677	259	40	729.762	17220	924	285	192	178	169	162	154	144	126	104	250.584	3610	295	167	149	142	136	131	126	122	117	104	1	122	583.165	1900.917	0	0	0	7547	0	0	1740	0	0	1	122	583.908	1900.566	0	0	0	6983	0	0	1767	0	0	0	0	0	0
308	308	2018	1125.893	1905.040	405	913	523	111	23	217	749	644	311	60	499.575	11270	531	291	260	244	228	214	199	181	155	102	154.589	1414	161	134	129	125	123	120	118	115	111	103	1	86	1129.746	1894.021	0	0	0	5196	0	0	469	0	0	1	89	1130.183	1894.782	0	0	0	4644	0	0	664	0	0	0	0	0	0
309	309	1742	1855.349	1902.945	195	506	626	327	50	126	438	686	328	117	1484.426	2352	2134	1997	1837	1674	1488	1299	1134	1005	870	387	113.067	139	122	118	116	113	112	110	109	108	106	100	0	0	0.000	0.000	0	0	0	0	0	0	0	0	0	0	0	0.000	0.000	0	0	0	0	0	0	0	0	0	0	0	0	0
310	310	1862	790.784	1912.121	494	791	469	59	18	347	899	458	106	19	177.187	2145	201	175	167	161	156	151	146	139	127	103	127.265	277	143	138	132	128	125	122	119	116	112	99	1	33	806.447	1906.945	0	0	0	935	0	0	170	0	0	1	19	807.230	1907.476	0	0	0	1085	0	0	217	0	0	0	0	0	0
311	311	990	1798.618	1909.130	114	329	314	181	32	128	332	309	150	59	1391.375	2175	1937	1795	1661	1538	1445	1345	1193	1035	740	318	111.356	127	119	116	114	112	111	109	108	107	105	100	0	0	0.000	0.000	0	0	0	0	0	0	0	0	0	0	0	0.000	0.000	0	0	0	0	0	0	0	0	0	0	0	0	0
312	312	2068	1224.486	1927.032	460	1034	432	61	31	476	1171	338	26	17	497.662	830	694	624	578	543	517	475	421	368	273	137	109.837	134	117	114	112	110	109	108	107	106	104	99	0	0	0.000	0.000	0	0	0	0	0	0	0	0	0	0	0	0.000	0.000	0	0	0	0	0	0	0	0	0	0	0	0	0
313	313	1825	687.740	1925.503	288	526	583	326	70	170	556	622	371	74	381.625	10201	430	199	151	138	133	129	125	121	116	103	209.661	1472	232	213	203	193	183	175	166	152	131	104	1	73	696.623	1919.082	0	0	0	4185	0	0	497	0	0	1	68	697.775	1918.035	0	0	0	2592	0	0	748	0	0	0	0	0	0
314	314	1561	1916.181	1934.156	140	466	447	364	118	114	459	534	351	79	169.819	2777	175	154	146	141	137	133	130	125	118	100	249.935	1074	311	284	260	246	234	220	206	191	172	116	0	0	0.000	0.000	0	0	0	0	0	0	0	0	0	1	46	1908.644	1947.534	0	0	0	1426	0	0	731	0	0	0	0	0	0
315	315	1450	1169.997	1931.918	284	396	448	267	33	244	421	420	229	108	192.314	268	239	229	220	211	199	187	177	159	125	102	119.574	143	131	127	124	122	120	117	115	112	108	100	0	0	0.000	0.000	0	0	0	0	0	0	0	0	0	0	0	0.000	0.000	0	0	0	0	0	0	0	0	0	0	0	0	0
316	316	1556	462.618	1926.012	322	569	396	218	34	205	510	471	268	75	1260.121	18029	2655	716	370	263	205	175	156	142	130	107	372.392	4695	690	263	194	170	153	143	134	127	120	106	1	159	462.235	1923.566	0	0	0	8231	0	0	1803	0	0	1	124	462.264	1923.154	0	0	0	11120	0	0	2266	0	0	0	0	0	0
317	317	1885	517.420	1937.695	349	517	595	372	21	236	631	595	304	65	289.535	6209	299	192	173	165	158	151	144	138	129	107	156.628	815	174	160	153	147	142	138	133	129	123	107	1	63	524.296	1935.888	0	0	0	2717	0	0	448	0	0	1	64	524.306	1935.137	0	0	0	2563	0	0	451	0	0	0	0	0	0
318	318	1930	573.553	1953.333	374	573	619	280	49	258	520	676	361	75	169.195	226	200	191	184	177	170	162	156	149	137	108	127.496	158	141	137	134	131	128	124	121	118	114	99	0	0	0.000	0.000	0	0	0	0	0	0	0	0	0	0	0	0.000	0.000	0	0	0	0	0	0	0	0	0	0	0	0	0
319	319	1480	1036.084	1956.233	464	377	371	210	22	350	527	348	193	37	116.491	147	125	122	120	118	117	115	113	111	108	100	256.399	382	333	314	300	282	265	244	225	197	164	113	0	0	0.000	0.000	0	0	0	0	0	0	0	0	0	0	0	0.000	0.000	0	0	0	0	0	0	0	0	0	0	0	0	0
320	320	1535	1722.499	1959.075	260	472	473	279	25	206	448	476	315	54	796.020	1329	1159	1030	925	854	794	727	649	563	462	265	105.459	122	110	108	107	106	105	104	103	102	101	96	0	0	0.000	0.000	0	0	0	0	0	0	0	0	0	0	0	0.000	0.000	0	0	0	0	0	0	0	0	0	0	0	0	0
321	321	1154	1080.606	1967.831	170	402	375	157	26	141	470	347	151	20	118.960	139	126	124	122	121	119	118	116	114	112	103	110.543	126	116	114	113	111	110	109	108	107	106	97	0	0	0.000	0.000	0	0	0	0	0	0	0	0	0	0	0	0.000	0.000	0	0	0	0	0	0	0	0	0	0	0	0	0
